0 46.0141 89.4837 6 19 7
1 27.2428 88.8339 5 24 8
2 32.1887 129.1487 1 27 8
3 10.5476 97.9131 4 27 6
4 38.3681 89.3115 2 26 7
5 10.4563 74.9644 4 19 9
6 41.2015 79.1710 8 26 6
7 15.2556 105.8367 1 15 7
8 42.0163 96.9386 2 28 8
9 18.9718 99.9637 10 27 7
10 43.1257 98.8311 7 20 7
11 32.4211 104.0224 9 28 5
12 25.6058 130.6241 4 25 5
13 27.0462 82.5267 3 22 8
14 33.1837 94.7777 1 21 5
15 18.4192 96.0450 5 17 7
16 37.9866 86.5850 1 27 6
17 19.6756 115.1825 9 20 7
18 39.4036 111.4331 5 29 5
19 43.9962 114.7798 7 28 6
20 11.0328 129.8165 6 17 6
21 24.9776 132.4442 10 18 5
22 13.2169 95.1113 5 22 5
23 14.2849 80.3541 7 20 5
24 41.8942 122.2315 10 29 5
25 51.1561 95.5766 4 20 7
26 33.6027 103.0839 6 26 9
27 40.6396 76.3808 9 21 6
28 20.1388 99.3341 5 19 5
29 20.9774 82.3518 3 29 7
30 37.8678 90.8885 5 26 7
31 20.0066 131.6911 8 29 5
32 6.1638 111.0735 1 27 7
33 38.1470 108.1460 9 23 5
34 11.4676 113.8992 9 16 8
35 19.9490 103.3717 6 28 9
36 43.3630 97.0214 10 28 9
37 18.6957 116.5747 9 19 5
38 41.7303 77.2256 6 20 6
39 38.4108 110.6496 4 28 5
40 41.6891 107.6288 6 27 7
41 3.7852 85.4652 3 16 9
42 44.6969 75.9635 4 15 5
43 36.1460 117.2487 3 27 7
44 51.8347 88.5327 6 21 7
45 7.9463 90.8189 1 27 6
46 38.5743 110.2515 9 26 6
47 14.5057 105.4633 3 19 8
48 8.3080 109.0369 9 21 8
49 39.2607 74.2535 8 19 5
50 51.5369 121.6945 8 20 7
51 28.7452 82.9728 6 19 7
52 38.9361 96.4979 2 28 5
53 13.6540 89.7331 7 24 9
54 9.0932 98.6667 10 16 8
55 21.8040 122.2443 5 24 9
56 6.9017 132.2455 4 26 7
57 47.9955 89.0164 9 17 9
58 6.1950 87.6616 7 27 7
59 38.7264 116.7865 2 21 5
60 25.3165 94.7752 6 21 5
61 30.1480 115.1956 7 25 5
62 37.7082 104.4316 2 21 5
63 39.5648 110.4099 2 20 5
64 50.3070 78.9338 8 27 5
65 46.8752 109.5010 10 23 7
66 35.3152 97.7467 8 23 6
67 38.7557 105.7385 10 25 9
68 12.8326 106.7541 4 15 8
69 30.0020 120.4114 10 25 7
70 7.5515 95.9147 5 18 6
71 20.3717 104.7028 6 18 5
72 49.7305 79.8149 8 18 6
73 17.0860 130.7420 6 16 5
74 12.2827 127.4315 4 21 8
75 22.1786 75.8692 6 18 5
76 7.3658 127.4379 4 17 5
77 16.2196 81.7500 7 19 8
78 12.3367 89.7514 6 23 5
79 7.1535 93.6756 5 25 5
80 31.8836 113.2929 8 22 5
81 12.1919 129.8246 3 22 8
82 17.9807 92.5134 2 16 8
83 4.3656 128.8970 7 17 8
84 9.7943 114.6355 3 20 8
85 48.3233 91.6269 3 18 6
86 4.9490 95.7148 6 16 7
87 23.7884 96.9434 9 17 9
88 18.8658 113.5419 5 23 7
89 46.0755 84.3876 3 28 7
90 10.5726 83.8697 4 29 9
91 47.1874 92.6546 6 28 9
92 46.6694 114.5695 4 16 5
93 49.0517 85.4623 2 24 9
94 34.4128 118.6931 3 20 6
95 26.0094 80.6427 10 26 6
96 38.8336 99.4627 4 25 5
97 45.8909 99.1075 4 19 9
98 7.4095 103.3299 10 20 7
99 34.2246 108.4869 6 20 7
100 35.6902 106.6537 4 29 6
101 22.4950 122.5646 8 25 9
102 40.8185 107.8595 2 23 7
103 24.6172 131.4415 7 16 9
104 27.2954 126.6684 3 26 9
105 9.1379 96.6583 2 28 8
106 46.4370 118.2783 4 19 9
107 10.7889 102.0660 7 21 6
108 4.5870 117.7146 10 22 8
109 28.3599 129.8861 2 28 9
110 35.5234 103.5883 2 23 5
111 40.9666 121.7096 9 29 5
112 52.7798 129.3761 7 15 7
113 3.0866 90.6093 3 23 8
114 50.3955 106.6789 5 27 9
115 40.0332 98.2894 3 29 9
116 11.7328 101.9385 7 15 7
117 20.9467 86.1441 7 16 5
118 20.1975 103.5884 10 18 8
119 7.6069 115.6068 10 29 7
120 13.6855 95.1630 2 17 6
121 7.4576 113.5445 3 24 9
122 19.8920 122.3264 2 17 7
123 28.6643 126.9207 5 23 9
124 42.1332 84.0746 9 22 9
125 24.9052 91.8114 2 18 9
126 4.5275 99.9529 2 22 8
127 43.2637 92.9079 5 24 6
128 37.1597 106.2361 6 17 9
129 29.0922 93.5643 6 25 5
130 12.6730 82.7952 5 17 8
131 4.4567 126.8660 4 19 6
132 41.7815 100.4195 8 26 8
133 47.4313 93.3998 2 22 5
134 12.0744 87.1612 7 19 6
135 14.4364 73.3306 3 22 6
136 7.7683 108.8004 7 15 7
137 46.3648 90.3142 10 28 6
138 48.3754 73.5003 4 21 7
139 14.3101 120.2858 9 21 9
140 12.0924 121.6314 8 24 7
141 50.8721 126.1658 3 29 7
142 4.1812 97.1403 2 16 8
143 11.9479 96.7568 7 19 9
144 33.0028 101.3612 3 19 8
145 11.6575 122.6977 8 26 6
146 25.0316 108.9807 10 24 7
147 17.2421 132.4300 5 23 5
148 52.0600 93.3778 1 21 5
149 28.2584 127.9202 4 26 9
150 44.5128 100.8220 7 23 8
151 38.4580 104.3876 2 28 8
152 9.4573 78.8905 2 23 7
153 24.1972 119.9642 8 23 6
154 12.4229 123.4162 5 17 9
155 16.0213 73.6341 3 18 6
156 15.8907 77.4409 3 29 8
157 51.8467 73.2362 2 29 7
158 41.0857 79.2323 8 26 5
159 47.1512 119.6863 9 15 6
160 39.1216 93.6897 10 22 7
161 52.4993 91.2628 5 26 6
162 37.9296 92.1544 9 23 7
163 5.7566 79.8635 9 27 6
164 24.0004 121.3535 8 17 7
165 7.2293 75.7079 7 16 9
166 27.1160 131.2137 4 27 7
167 48.6493 106.2122 6 23 6
168 36.6277 85.7546 2 23 7
169 25.1237 107.1567 1 19 6
170 41.4316 130.5195 9 26 8
171 48.8270 84.3340 6 29 8
172 50.2427 85.4154 4 27 5
173 39.4182 101.6913 4 16 5
174 28.0797 105.0692 10 23 5
175 13.3715 86.1963 1 23 7
176 28.7654 119.2524 2 28 5
177 29.1831 84.9106 7 18 9
178 39.2042 106.3827 7 27 9
179 26.2815 93.9423 3 23 6
180 51.2143 99.5894 3 19 6
181 14.7073 98.4646 4 24 7
182 37.8300 109.0041 4 22 7
183 11.6991 92.5558 9 26 7
184 29.4927 88.3737 9 18 7
185 50.2608 116.1950 3 24 9
186 45.9196 112.3620 7 20 6
187 6.6076 103.0159 3 23 8
188 7.9626 104.9348 4 25 7
189 9.2008 77.2391 10 18 5
190 9.9850 108.5135 1 17 6
191 38.4029 85.1172 8 28 5
192 28.7115 121.1842 4 26 9
193 5.0284 85.7900 5 18 6
194 36.6859 116.7389 8 29 5
195 52.8804 107.9302 8 25 7
196 46.7282 101.4767 1 23 9
197 16.3250 103.8378 5 15 7
198 46.5099 110.9570 6 22 7
199 17.8091 118.1873 9 25 5
200 48.5425 121.7698 9 28 6
201 23.5359 110.2782 4 16 8
202 9.2944 104.7724 8 20 9
203 4.9809 87.2591 6 29 7
204 29.3302 84.2015 2 26 9
205 5.0550 85.4651 10 23 6
206 15.2243 124.0272 5 23 8
207 6.0867 107.0074 2 19 7
208 35.2598 98.6599 1 21 8
209 20.0330 88.8305 4 22 9
210 5.9265 122.0079 9 18 9
211 39.2079 74.7548 4 16 6
212 13.1484 76.7594 4 28 5
213 16.7718 131.0911 6 26 9
214 26.6414 129.5996 5 21 7
215 7.9470 119.7036 6 15 7
216 41.8629 113.6753 6 24 6
217 24.3844 108.7131 4 24 6
218 4.6244 101.3634 5 29 5
219 32.1270 105.7182 9 18 6
220 21.6237 104.8250 2 25 7
221 8.7601 94.1598 4 27 6
222 50.2883 130.8301 3 25 8
223 29.2522 97.9538 6 22 8
224 37.0108 92.5995 1 21 6
225 3.0053 73.3276 5 19 7
226 30.6819 105.5318 10 27 6
227 15.3421 130.9619 3 17 5
228 6.7512 118.6796 3 19 5
229 6.4327 120.6744 6 17 7
230 11.3322 76.2799 4 21 5
231 5.2908 78.7255 5 20 5
232 8.4871 74.8720 4 18 7
233 23.1784 79.3012 7 20 7
234 30.9506 87.5622 4 21 7
235 48.9445 76.5353 1 20 9
236 13.2766 124.0048 4 25 6
237 27.9486 78.4338 8 26 9
238 10.5708 110.3665 2 16 8
239 5.1912 102.7962 2 27 6
240 51.1817 97.5961 1 23 6
241 49.1970 109.9817 8 29 5
242 52.3447 116.2535 6 22 8
243 15.9831 91.0090 2 15 8
244 18.6503 95.1349 2 22 7
245 49.8119 81.2349 2 25 6
246 24.1143 85.0889 10 29 8
247 42.7799 89.5411 4 21 7
248 47.1306 82.0693 9 24 6
249 24.5262 81.6765 2 20 7
250 40.1837 101.4351 10 18 5
251 32.7359 125.5975 8 17 5
252 42.3346 126.4668 9 23 5
253 42.2706 116.3486 2 25 6
254 52.1989 124.2459 4 23 8
255 11.0926 117.7993 4 18 6
256 42.5815 118.7411 8 17 7
257 50.4184 130.4491 3 27 9
258 48.9487 80.5956 8 19 8
259 52.5749 106.6824 1 22 6
260 38.4023 98.8937 4 15 6
261 47.4789 128.5093 10 22 9
262 45.4031 113.2805 7 28 7
263 4.2170 117.7104 1 17 9
264 44.3964 127.8889 2 26 7
265 45.8692 105.3427 5 28 8
266 33.0239 89.3920 4 29 9
267 21.0035 117.6683 1 28 7
268 4.1607 100.2412 4 28 6
269 15.3816 87.0410 10 28 8
270 15.3163 98.0973 1 23 5
271 42.6616 114.8000 6 21 9
272 20.5266 74.1060 1 27 7
273 31.7432 114.5845 1 15 6
274 16.9935 123.4233 7 24 7
275 21.6954 132.7091 2 20 8
276 34.1684 110.8910 2 19 7
277 12.1095 116.6310 1 28 6
278 36.1702 91.2868 3 16 7
279 3.2390 109.2921 10 20 6
280 30.7278 85.8747 4 22 9
281 23.2968 121.1765 8 29 9
282 42.9040 91.8885 2 26 8
283 38.9508 115.8105 5 18 7
284 45.3840 120.3510 9 25 5
285 51.7545 118.4550 1 17 8
286 41.4520 112.1338 2 15 6
287 23.4395 79.9649 7 20 9
288 21.9624 119.6092 7 29 5
289 20.4298 103.7508 5 21 5
290 17.5636 93.8891 3 27 7
291 41.2687 103.7697 6 20 9
292 35.4176 112.2259 9 20 9
293 10.2925 88.6809 5 22 5
294 33.1467 92.8118 1 21 9
295 6.5430 122.8143 5 23 8
296 26.1288 92.5128 7 16 6
297 24.0444 122.2672 9 23 8
298 47.7981 119.2327 9 22 5
299 39.2741 99.4511 1 17 8
300 7.3624 73.7064 3 20 9
301 51.0538 127.1117 7 29 5
302 49.7568 129.8335 5 23 6
303 19.1570 104.9533 4 29 9
304 19.2365 114.6303 10 25 5
305 44.6195 124.1035 2 21 9
306 34.5005 114.4954 8 27 7
307 25.5402 128.5772 6 16 8
308 28.9513 123.5696 9 23 6
309 50.4369 83.2473 10 18 8
310 12.6463 100.4224 7 17 8
311 22.6704 90.6602 10 18 9
312 8.4676 100.5449 9 17 6
313 15.1772 79.3160 9 16 8
314 22.8427 97.5941 9 19 5
315 27.0952 81.9448 5 20 6
316 36.0800 109.5946 2 26 5
317 11.6485 105.3921 6 16 7
318 10.8233 115.5513 2 18 9
319 5.9973 115.4024 8 18 7
320 45.1735 75.3125 7 23 8
321 42.1512 82.9648 3 15 6
322 15.2165 128.3708 5 29 8
323 27.9720 113.5280 2 29 8
324 38.1839 132.7202 7 24 7
325 37.3832 82.1414 8 21 6
326 41.7598 126.3611 5 27 7
327 34.1529 74.4293 4 15 9
328 3.3445 103.1662 8 27 5
329 14.6810 118.4465 10 23 8
330 22.2239 116.5156 3 22 9
331 45.4067 98.2159 10 16 5
332 34.5334 117.4633 7 25 9
333 20.7489 78.3971 7 20 6
334 26.7810 112.4489 6 16 9
335 13.0454 81.6910 7 23 7
336 49.5112 107.5124 6 25 5
337 5.4968 95.1919 1 28 8
338 13.1397 127.3560 5 29 6
339 16.2918 122.0410 2 15 6
340 10.1834 96.8865 6 18 5
341 39.3499 109.4702 8 23 6
342 38.1642 123.6594 8 23 7
343 5.7731 73.9990 7 23 9
344 52.2557 82.6763 7 26 9
345 31.4844 113.0830 4 27 9
346 22.1779 81.4696 4 18 9
347 29.6057 93.2328 4 23 6
348 25.1050 122.7310 4 24 9
349 20.9235 91.7830 8 21 7
350 15.4592 86.2060 1 17 8
351 52.1198 112.7160 7 20 9
352 5.9473 118.0871 3 25 9
353 31.1062 109.8566 4 24 5
354 38.9125 100.0366 2 19 7
355 10.8131 103.5590 3 28 5
356 15.8318 85.2234 10 19 8
357 11.1729 130.3663 2 22 6
358 46.5090 129.7161 4 26 5
359 37.5325 81.1128 3 26 7
360 40.2096 112.4175 3 19 7
361 42.9287 128.3880 4 25 7
362 26.6540 119.8340 5 20 9
363 45.7612 102.0006 10 28 9
364 33.3009 78.0173 3 19 8
365 41.6491 115.2082 3 18 6
366 4.0525 119.3460 6 21 9
367 32.9839 127.2828 3 27 7
368 15.0162 90.3111 4 15 9
369 7.4807 109.5731 10 28 5
370 13.3653 85.7990 4 29 6
371 36.0286 93.0731 7 22 5
372 7.7552 115.4952 6 20 9
373 38.0323 95.1528 5 22 8
374 50.5255 112.7720 4 22 7
375 18.8750 75.8773 10 21 9
376 11.1715 120.6541 2 16 9
377 43.3867 123.2889 4 17 6
378 16.2564 96.6182 6 24 9
379 29.6036 126.7707 3 15 7
380 39.0201 79.1417 3 19 8
381 30.2219 115.3465 5 21 6
382 33.6308 126.9394 4 24 9
383 18.0435 109.8337 5 22 8
384 46.1249 85.3925 7 19 5
385 30.8437 74.1733 1 25 6
386 24.0662 132.6116 5 29 8
387 6.0535 102.1664 5 20 7
388 8.0979 96.5542 8 28 9
389 21.3068 118.9709 10 24 7
390 48.9088 96.5253 10 20 9
391 28.6930 121.1211 4 19 8
392 29.2442 74.6912 9 17 9
393 33.9545 128.4690 9 29 7
394 43.7381 89.6906 4 15 9
395 26.4964 91.6926 6 20 5
396 42.5346 95.3533 8 19 6
397 4.4617 109.8334 6 16 6
398 15.9525 85.1712 10 25 7
399 6.6886 86.0143 3 16 5
400 25.0827 122.1215 4 16 5
401 34.9999 93.3858 2 22 6
402 13.1158 97.2606 9 18 9
403 10.6164 118.5746 1 27 6
404 3.2600 120.5782 9 24 7
405 33.5955 109.2606 2 22 8
406 15.6512 87.1167 5 20 8
407 51.6000 88.6852 3 18 6
408 37.4735 81.8221 9 27 7
409 45.7353 131.8517 8 26 7
410 18.7097 96.5939 1 26 5
411 35.4342 85.6001 4 22 9
412 4.7828 124.5756 5 26 9
413 51.3519 74.5888 7 22 8
414 47.5454 105.4027 2 23 6
415 45.9082 132.3010 2 17 9
416 34.5524 124.7064 3 29 7
417 45.9896 99.8192 2 18 6
418 41.1000 117.3735 7 19 8
419 44.4939 94.3505 9 28 9
420 44.4113 101.5365 8 16 6
421 41.7075 122.1035 2 20 5
422 36.0167 77.1325 5 25 8
423 11.6941 124.7592 9 18 8
424 29.0025 121.8882 8 16 5
425 10.5675 89.1241 4 27 7
426 28.1162 77.0979 4 19 5
427 10.7720 118.6901 5 24 6
428 5.0700 76.3542 4 18 9
429 37.6562 76.7618 10 23 9
430 51.3612 82.3307 7 17 5
431 3.6712 93.8662 3 16 5
432 28.2707 73.0682 1 27 8
433 32.6018 119.6261 10 24 6
434 23.6190 86.9217 8 27 7
435 26.2074 109.3098 8 18 5
436 7.4327 114.9701 7 28 9
437 20.3406 127.2806 4 18 9
438 43.3836 112.7950 5 24 6
439 5.0132 85.4151 9 23 9
440 48.8011 100.2159 4 19 5
441 39.7598 94.1295 3 26 6
442 23.4130 79.9713 8 16 6
443 43.2956 77.8758 10 29 6
444 37.3680 107.5758 7 26 9
445 40.4565 109.7677 9 21 7
446 15.8615 76.7972 7 19 8
447 34.7527 97.8655 8 25 7
448 52.7327 81.6101 7 27 5
449 37.5742 108.2243 10 19 7
450 50.9500 86.1284 1 18 6
451 19.9879 112.3047 8 21 6
452 9.1200 127.1946 6 18 8
453 20.2487 121.1216 6 21 8
454 22.5743 94.2409 4 20 8
455 30.1930 117.9604 7 26 9
456 11.1029 93.5895 3 15 7
457 4.9212 122.3274 8 15 9
458 51.9988 73.5405 5 21 5
459 7.5705 129.1722 6 16 7
460 47.4729 81.7033 7 24 5
461 33.2493 122.3633 7 23 8
462 32.5210 125.4460 2 22 5
463 41.9621 124.2932 4 25 9
464 29.1425 119.3957 5 22 5
465 22.1240 128.3381 4 19 5
466 33.3828 110.1746 6 19 6
467 3.8502 113.6406 4 29 9
468 13.7851 87.9891 2 20 8
469 8.2938 102.2208 9 20 8
470 14.8262 87.4075 8 17 9
471 8.8098 111.1991 2 22 8
472 37.1342 102.9369 3 21 5
473 51.5422 107.4912 6 19 8
474 8.0950 126.2954 4 27 9
475 16.6516 96.5515 3 25 6
476 47.7733 107.8311 3 24 7
477 21.3765 101.1533 4 19 5
478 22.0176 85.5600 2 18 7
479 38.8377 123.2151 5 19 6
480 29.5512 84.8307 9 23 6
481 20.4134 97.2459 7 19 8
482 39.1836 127.3102 9 16 7
483 8.1082 126.3896 4 29 8
484 28.0811 88.5974 2 17 7
485 47.6283 112.8699 10 18 7
486 24.8058 79.8314 6 22 7
487 37.9144 73.7512 8 18 9
488 51.1716 84.1303 10 24 6
489 26.7592 80.4119 5 25 6
490 44.3464 124.1925 4 22 5
491 16.5533 73.6654 4 29 7
492 37.1884 82.5657 8 27 5
493 33.4908 97.0945 5 23 9
494 7.4822 112.2821 7 17 9
495 18.8058 111.8637 3 29 5
496 41.4518 130.0382 5 15 5
497 32.1453 110.6693 8 21 5
498 37.3599 74.1012 5 27 5
499 43.2002 93.3007 3 22 9
500 6.6804 107.5111 9 28 7
501 11.6113 113.2226 3 24 9
502 34.1669 77.4023 1 28 9
503 39.6566 80.9735 10 26 6
504 52.0997 129.6617 9 20 6
505 6.5645 122.9964 10 16 7
506 51.8885 83.3943 5 16 6
507 12.6925 75.6831 5 22 9
508 48.6265 131.3952 6 24 5
509 33.6914 80.3046 9 28 5
510 36.5556 108.9892 6 16 9
511 9.4624 86.2697 9 22 7
512 19.9476 106.1606 2 16 7
513 25.5050 130.8853 1 24 7
514 37.4207 111.9731 8 28 9
515 3.4370 91.9274 10 17 7
516 50.4773 129.4253 4 15 5
517 21.8976 78.9092 8 16 6
518 51.6345 103.9511 3 28 8
519 20.9926 125.3653 3 18 5
520 35.4536 100.3735 4 20 6
521 4.0780 116.8991 9 18 5
522 43.6895 75.0667 9 29 5
523 22.9265 105.0036 3 16 8
524 20.5807 123.9332 7 19 6
525 11.6281 116.3003 9 17 8
526 9.7993 79.0477 6 16 6
527 27.6661 106.8781 8 25 5
528 35.3150 124.4618 8 15 7
529 49.9122 106.3895 5 26 7
530 44.3230 119.9235 9 23 7
531 43.0093 81.2398 1 17 7
532 17.9945 107.0114 7 24 7
533 38.6498 130.9476 8 26 7
534 44.6947 123.3800 8 29 9
535 27.6958 121.1160 1 27 8
536 33.8036 131.5202 9 25 8
537 20.6963 106.4451 8 24 6
538 20.7996 98.4192 10 17 7
539 6.9722 86.4428 5 23 8
540 51.6225 121.5512 8 19 8
541 52.3396 123.7187 10 23 7
542 52.9126 90.3598 6 20 8
543 19.2277 126.2796 1 27 8
544 10.7788 93.6348 4 23 7
545 23.5121 113.2794 4 21 7
546 16.4935 88.5954 10 16 5
547 43.3442 114.1426 9 28 8
548 28.4308 130.8361 8 18 8
549 6.3331 75.9400 10 22 7
550 12.5725 95.1543 1 26 6
551 34.4268 89.0864 6 26 6
552 18.7734 95.7534 6 15 7
553 39.9164 83.3490 3 20 8
554 34.9421 131.2567 3 16 5
555 12.5821 81.6285 9 27 8
556 21.0621 82.9862 4 15 7
557 48.0316 102.1202 8 26 7
558 29.9389 128.6882 3 22 6
559 9.4696 126.9303 5 25 7
560 47.7089 114.1121 2 25 5
561 14.0253 90.9326 5 26 7
562 27.2364 98.2799 5 17 5
563 10.4516 91.9945 3 24 8
564 15.6496 97.0584 4 29 7
565 38.5353 99.8554 8 28 7
566 17.6402 98.1960 8 20 7
567 36.8020 99.1316 5 28 9
568 33.0878 116.6470 6 19 5
569 8.8723 119.5728 8 21 9
570 43.6409 88.9106 3 15 5
571 27.6602 116.9414 10 18 7
572 41.6458 98.7281 8 17 8
573 6.2398 74.6091 2 26 8
574 38.6753 96.8220 6 24 5
575 29.2771 78.8559 8 29 8
576 49.7246 73.9877 7 28 6
577 4.3814 98.0910 10 19 7
578 50.1842 86.0591 10 22 6
579 11.6478 106.0607 8 23 9
580 7.5313 75.5119 8 26 7
581 23.7891 109.2907 6 27 6
582 22.7803 119.9323 5 22 9
583 40.8227 105.1659 9 28 8
584 35.3306 117.5890 1 18 8
585 27.7927 126.9425 7 21 7
586 51.7265 103.8730 6 15 5
587 47.6314 89.2167 6 21 8
588 24.1391 109.2981 6 28 5
589 11.0740 117.1959 6 25 7
590 34.8429 113.1878 1 26 8
591 20.3738 120.4005 1 29 9
592 28.8371 83.2263 1 20 9
593 47.0528 116.1576 5 21 6
594 27.3087 77.4335 10 17 6
595 5.0821 122.8402 7 17 6
596 40.9628 86.1092 5 15 7
597 18.2367 116.0102 10 18 9
598 8.1310 90.6975 2 24 8
599 15.6172 86.1766 1 16 8
600 25.1093 89.8569 7 20 7
601 31.1483 103.6652 6 22 5
602 28.8403 109.6663 1 25 6
603 17.9127 81.9428 4 29 9
604 11.2109 100.3478 2 22 5
605 12.5608 99.3394 9 22 6
606 44.1016 116.3605 5 23 8
607 26.9154 123.5131 10 22 9
608 42.6823 84.1152 4 16 9
609 27.5757 107.3215 7 18 6
610 8.1648 88.4729 8 18 7
611 52.3195 120.1536 5 18 8
612 9.1988 132.8812 4 19 8
613 42.7066 77.2086 3 16 6
614 25.8184 110.2233 9 15 7
615 51.9483 92.6001 4 23 7
616 33.9596 84.3807 4 17 7
617 31.2076 102.3591 4 15 5
618 37.6207 109.1937 1 27 7
619 42.7813 128.0397 3 21 8
620 24.0686 100.8436 9 27 7
621 27.1454 85.1041 3 25 5
622 35.9861 86.6962 5 26 6
623 49.7149 121.7791 8 25 7
624 18.2406 75.2106 7 29 6
625 45.6570 119.0082 2 22 6
626 6.0819 128.1526 6 27 8
627 10.7566 92.5860 10 25 6
628 21.1208 118.8232 9 27 8
629 26.2072 124.1988 4 22 9
630 52.1321 85.5311 4 29 5
631 22.2264 102.8719 6 22 6
632 38.8052 116.4601 4 21 8
633 40.0256 97.4169 5 16 7
634 33.3932 80.0008 6 20 7
635 30.0547 83.4746 3 19 5
636 52.9914 88.7284 7 24 9
637 45.6393 128.4409 6 25 5
638 35.8633 123.1670 6 20 9
639 34.9041 91.1785 2 18 6
640 5.8598 117.2241 7 15 6
641 46.2981 121.7186 8 21 9
642 13.4975 83.7524 1 22 8
643 25.6982 80.0826 4 22 5
644 43.8249 114.0967 6 15 9
645 41.5873 118.7331 9 22 7
646 14.9059 129.5402 7 16 7
647 16.1379 85.0977 7 19 6
648 5.0404 103.8751 7 28 5
649 26.9030 94.9190 4 25 7
650 29.0019 120.9086 7 17 8
651 21.6125 115.2542 8 17 7
652 8.1872 92.9200 10 29 5
653 16.3807 77.5292 8 15 5
654 15.6168 122.8209 2 18 6
655 18.0956 120.2620 6 29 8
656 23.3215 77.0113 5 29 9
657 24.9820 119.9055 2 22 8
658 30.9261 76.9011 3 27 6
659 38.4404 107.8318 6 25 6
660 23.1287 91.0678 1 24 6
661 37.4845 105.9690 5 26 5
662 32.2276 117.7392 5 22 5
663 4.8445 95.4426 6 16 5
664 27.2928 109.4136 4 21 8
665 12.3658 130.9604 6 28 8
666 39.0691 77.7237 9 24 7
667 8.2650 97.3025 1 23 7
668 47.5079 73.0264 5 20 5
669 43.6434 105.5210 7 27 9
670 19.7382 100.9250 6 24 9
671 42.7840 123.8292 6 28 9
672 39.1842 110.6199 3 29 6
673 28.2912 78.4161 8 29 9
674 34.5924 121.3594 5 25 8
675 27.2708 87.0657 5 20 5
676 35.2650 79.4699 8 16 6
677 15.7983 99.4953 5 25 5
678 15.9074 104.4090 3 26 5
679 16.1580 73.5834 8 16 6
680 39.1300 108.3964 2 27 6
681 29.4387 118.9093 10 29 7
682 31.0625 103.5336 1 26 5
683 33.7926 103.5073 6 26 8
684 6.2118 97.4007 6 29 8
685 8.4181 76.2545 2 22 9
686 26.7846 80.6738 2 29 9
687 5.7680 87.4727 1 25 6
688 27.5405 99.9715 10 17 9
689 40.4627 118.2061 7 25 8
690 40.7353 88.4704 1 20 9
691 18.7961 112.1177 1 16 6
692 26.7267 88.7779 9 15 6
693 24.6677 103.7946 6 27 5
694 21.7320 119.5952 6 21 9
695 33.7355 88.2179 1 29 5
696 20.7464 94.4840 5 28 9
697 13.8926 120.5122 5 17 9
698 23.1699 81.8329 8 22 7
699 14.3923 96.9679 5 27 6
700 14.8005 128.9183 3 25 5
701 51.9059 122.4922 8 22 8
702 6.1145 112.4004 5 29 9
703 8.8233 96.2421 5 17 9
704 35.0741 93.5835 4 29 6
705 14.3713 89.3365 2 28 6
706 13.7623 100.1824 8 24 9
707 24.1478 113.7602 2 26 5
708 22.6491 88.5817 5 20 6
709 40.3362 83.0894 7 25 5
710 45.0239 85.2516 4 28 9
711 47.6476 130.6246 6 20 9
712 38.2922 126.9551 5 18 5
713 33.4626 73.5013 3 16 8
714 24.8565 110.3348 1 15 7
715 22.0894 131.3203 10 24 8
716 5.9635 108.1393 4 28 9
717 3.5526 107.8911 10 25 6
718 26.1273 90.7506 3 26 8
719 27.6865 75.3548 8 20 5
720 39.9185 77.7826 1 15 5
721 13.9116 82.0678 10 20 9
722 49.0474 94.2863 3 26 8
723 9.0095 74.4615 5 19 5
724 4.3866 92.7483 3 26 6
725 10.0643 124.2929 6 20 8
726 20.1271 109.0958 5 22 7
727 51.9780 105.5723 7 27 9
728 45.9961 84.6281 8 25 5
729 8.3887 105.8600 4 17 6
730 26.4685 118.2925 7 19 9
731 23.4616 90.9416 1 25 7
732 21.1675 118.3074 8 24 7
733 18.9675 123.7797 9 17 5
734 31.8659 82.9909 5 19 6
735 44.6965 111.0485 4 25 5
736 32.6810 116.1565 5 17 5
737 32.3833 89.4296 1 25 7
738 37.0266 124.7816 3 21 6
739 8.2400 106.0282 4 18 6
740 16.0723 96.0486 1 16 8
741 18.1428 101.0832 1 15 7
742 41.7545 110.5029 2 25 9
743 35.2037 108.4174 3 22 7
744 5.2762 83.6439 3 24 8
745 38.7145 118.2756 8 16 9
746 17.1731 98.9324 3 21 9
747 13.4738 108.2681 3 20 5
748 8.9806 87.9350 8 18 6
749 5.7742 84.1699 5 21 9
750 28.7254 74.9373 8 25 9
751 7.2024 119.9401 10 20 5
752 30.4131 95.8925 4 16 5
753 20.1441 84.9554 10 25 8
754 5.8137 85.6187 10 21 8
755 42.8304 130.0136 2 18 6
756 29.4062 92.5146 8 16 5
757 15.5586 115.0931 8 21 9
758 24.3570 87.5239 2 20 8
759 39.9035 82.0265 2 16 7
760 45.8114 101.3011 2 24 5
761 18.2099 108.8407 7 29 9
762 9.6911 106.1946 2 15 6
763 14.1510 90.5035 8 28 6
764 35.0666 118.0480 7 26 8
765 43.7104 123.9636 6 25 7
766 35.3083 125.3112 5 26 6
767 5.8220 113.5935 9 16 7
768 35.6914 116.3947 5 24 8
769 46.6949 87.3257 10 15 9
770 25.3173 87.7628 10 25 9
771 8.2713 116.4705 5 29 7
772 25.7402 128.0808 9 20 7
773 16.0984 120.4793 6 26 7
774 30.3231 85.2674 8 20 9
775 48.9044 80.7065 1 29 8
776 31.7723 120.8338 7 25 8
777 23.0059 82.8297 10 29 8
778 19.5966 114.4409 8 24 8
779 39.7907 92.5972 1 18 6
780 7.1288 101.6482 8 23 6
781 15.0945 124.5794 5 27 9
782 51.8493 117.7697 6 19 8
783 35.8788 84.6876 3 26 7
784 7.9070 123.5322 2 29 8
785 45.7890 106.1642 5 25 9
786 32.5734 128.1405 3 26 9
787 7.8988 84.9846 7 22 6
788 30.0231 94.1139 8 17 6
789 32.2885 96.0147 8 28 6
790 30.0511 106.8419 4 26 5
791 15.0187 102.9459 7 28 9
792 37.4576 80.7640 6 29 7
793 5.8988 132.0605 10 20 5
794 25.8916 114.0775 2 22 8
795 40.3120 115.3207 7 26 9
796 26.6101 111.6077 9 20 7
797 4.3718 82.3410 8 25 6
798 32.9440 91.4968 4 25 8
799 23.5531 97.9970 1 23 6
800 33.0713 74.9907 8 26 5
801 45.8198 75.0576 10 15 7
802 29.7514 118.7586 9 29 9
803 5.2846 119.1311 1 21 9
804 48.1147 90.2117 10 15 8
805 10.4776 131.5826 6 27 8
806 19.4812 79.9612 3 21 6
807 24.9512 124.9662 3 17 8
808 52.6572 79.8117 9 18 7
809 44.8118 94.0705 9 25 8
810 35.1105 132.7665 10 26 6
811 18.7282 73.9334 9 15 7
812 47.0010 84.5198 8 20 6
813 23.9504 92.1144 6 26 8
814 11.9794 108.3739 7 27 9
815 42.4383 75.5198 10 23 9
816 42.9189 87.6814 8 18 8
817 19.6758 94.0315 6 16 7
818 24.1733 124.0305 10 23 9
819 43.0573 118.4058 10 29 9
820 28.8831 109.8844 5 29 9
821 5.6322 84.1800 9 27 7
822 16.6284 100.1815 1 16 9
823 34.7664 130.8363 10 24 8
824 6.4242 87.6872 3 19 9
825 19.4540 73.1184 3 29 9
826 4.6001 75.9449 2 24 7
827 12.1819 88.9379 3 18 9
828 10.3591 105.4929 6 24 6
829 51.5221 118.6931 7 26 9
830 44.8604 78.7180 4 19 8
831 16.6438 90.2547 4 17 8
832 5.5335 86.9682 5 27 6
833 14.1743 120.8511 10 23 8
834 21.4849 115.9562 8 26 5
835 29.3468 109.7396 1 29 6
836 31.3764 88.1645 3 15 8
837 49.8351 117.9799 3 29 5
838 47.8030 80.7898 10 22 7
839 48.7189 115.1080 5 19 6
840 11.6462 83.9871 5 17 5
841 9.0637 92.1181 10 16 8
842 36.0274 93.8237 9 28 7
843 42.8965 83.7645 10 18 5
844 26.6910 123.0695 1 21 8
845 14.9934 87.2365 9 20 8
846 44.2568 90.6031 2 23 8
847 22.2205 79.3719 1 28 8
848 33.9034 111.2760 2 20 6
849 30.4499 85.0291 4 29 7
850 39.7485 101.7593 7 19 6
851 19.9216 119.0545 10 22 6
852 47.1999 129.7207 8 20 7
853 21.3582 121.1538 10 17 7
854 37.5865 88.2204 6 23 9
855 44.7944 102.7946 5 16 6
856 4.9692 90.2611 4 28 5
857 20.2907 132.8417 5 18 9
858 33.8417 108.9731 8 25 9
859 36.6361 88.5248 3 27 6
860 40.3217 76.8568 10 22 9
861 27.0648 126.5108 10 21 9
862 45.0927 114.6535 2 17 9
863 32.8156 76.6924 8 19 5
864 21.4901 109.0098 7 19 8
865 7.6090 107.7511 10 25 7
866 31.8570 110.8472 8 25 7
867 51.7552 120.9888 6 28 5
868 25.6983 106.2956 10 19 8
869 49.1305 98.8330 9 26 5
870 33.5591 130.2937 7 27 8
871 10.3136 119.9031 6 26 5
872 48.1055 84.8188 9 28 5
873 13.5534 131.0506 6 26 6
874 42.8250 81.2639 8 17 5
875 43.7438 91.2402 2 22 9
876 36.0814 122.7117 10 22 9
877 34.1122 122.1460 2 15 9
878 12.6693 75.6846 5 28 6
879 15.8493 113.8450 1 17 6
880 50.7549 112.8468 7 21 7
881 26.6725 118.6540 9 25 7
882 45.1134 87.9516 8 28 5
883 6.6792 114.5023 3 29 9
884 22.5984 129.2610 10 28 9
885 40.5879 88.6764 6 29 5
886 9.7063 82.0572 10 19 5
887 52.8758 98.2432 1 15 9
888 46.0673 80.4878 7 22 5
889 50.2096 81.1246 6 27 5
890 31.2641 114.1490 10 17 6
891 3.8708 117.0975 3 22 9
892 13.6089 121.2074 2 24 7
893 37.5658 129.4142 7 26 5
894 35.6432 111.8870 3 15 6
895 16.3585 97.5378 1 27 6
896 33.8173 99.5273 6 28 5
897 25.4154 132.3437 4 29 9
898 16.1279 128.2631 1 16 9
899 5.8945 103.7957 5 29 7
900 3.1977 96.7493 10 26 9
901 48.8582 113.6565 4 27 6
902 33.4226 126.5607 1 17 6
903 41.5029 125.2537 6 22 5
904 38.1127 130.0376 2 27 5
905 39.5906 104.9012 10 17 9
906 40.6955 99.5536 10 20 7
907 14.0263 111.7202 6 16 9
908 41.5350 81.3900 5 25 9
909 21.4940 117.2249 5 26 6
910 12.3497 74.4080 7 26 6
911 5.6664 105.5169 2 26 9
912 22.2739 103.9218 6 15 6
913 11.2946 104.2595 3 26 8
914 9.2360 117.9436 4 25 8
915 31.1210 87.2490 4 29 7
916 52.7365 118.1252 6 27 5
917 39.5221 112.8975 8 16 6
918 36.9289 124.2035 6 18 6
919 15.7668 81.2167 1 21 8
920 45.4444 131.0609 3 15 5
921 24.8967 93.8348 6 15 9
922 43.7922 106.4159 7 17 6
923 34.6696 113.4803 6 27 7
924 28.0467 100.1157 6 23 6
925 16.5664 102.1810 7 21 8
926 24.2738 121.9492 2 20 6
927 4.3525 116.3761 8 27 7
928 22.1598 110.1889 4 17 7
929 9.0823 112.4329 8 29 8
930 32.0332 90.0481 5 28 5
931 22.8480 97.8386 8 27 6
932 50.5792 127.4948 4 20 8
933 3.0013 83.6695 3 27 7
934 48.5228 124.0986 6 19 5
935 47.0559 90.2927 2 29 7
936 33.7057 103.0630 6 26 6
937 10.0671 126.2585 6 19 8
938 33.6536 127.6710 4 21 6
939 26.7474 87.1755 5 21 6
940 50.1911 121.8173 8 21 5
941 39.4511 73.5916 6 26 9
942 8.4374 99.3710 9 19 9
943 25.5267 80.4907 7 17 6
944 8.6192 125.3274 1 18 6
945 52.9636 98.2581 10 29 8
946 35.2430 126.2744 7 24 8
947 43.0246 76.6196 6 25 8
948 9.5741 78.5734 9 20 8
949 11.6778 108.9776 3 23 7
950 20.5052 77.6088 10 17 6
951 6.5849 107.8219 7 18 5
952 18.4027 73.8344 6 16 6
953 14.0421 122.9993 3 22 6
954 22.5104 99.5478 9 21 6
955 3.9747 102.4311 10 22 9
956 22.9823 125.7392 8 21 8
957 31.4023 114.3843 4 19 5
958 14.0064 122.6986 5 22 5
959 8.8787 74.3853 6 16 7
960 20.0117 77.2650 1 18 8
961 48.3820 109.8673 6 27 6
962 32.0590 78.7789 6 18 6
963 24.4533 109.6105 2 19 9
964 29.5552 104.5453 7 20 9
965 31.0949 128.1761 7 19 9
966 52.8203 94.5188 9 29 9
967 19.4282 112.9512 5 25 5
968 50.6795 124.6874 5 29 7
969 9.1906 107.6728 10 16 5
970 28.3700 116.2176 1 18 9
971 43.7239 116.2454 5 20 5
972 52.4020 92.2863 1 29 7
973 14.1266 81.7120 6 19 9
974 41.1607 127.7832 8 16 7
975 36.4824 107.7199 7 26 9
976 52.2010 120.2987 6 18 8
977 16.8056 82.1352 4 15 7
978 33.3904 90.6055 7 24 5
979 34.6076 125.7318 5 21 5
980 51.9306 91.1651 7 17 6
981 32.7173 110.0065 4 25 5
982 14.7907 130.8008 9 21 7
983 12.9864 77.1797 1 18 6
984 6.5140 77.7278 4 26 6
985 26.4894 88.4237 2 28 5
986 42.5392 83.2880 1 26 6
987 37.0634 110.2528 6 15 7
988 35.9669 100.2832 8 28 8
989 35.2230 124.2842 4 17 5
990 31.1245 111.8097 3 17 8
991 47.9908 104.6651 7 27 5
992 19.8642 115.4018 9 24 5
993 6.2173 85.5972 1 17 9
994 31.9425 76.5751 4 27 7
995 33.7780 85.1484 7 16 9
996 33.7525 79.0320 6 26 9
997 10.1977 132.4589 5 15 8
998 10.6758 121.2443 7 29 7
999 50.6321 123.2483 4 26 8
