s5
0
 2013 04 20 03 48 54.518     2013 04 20 03 49 39.567      45.0
 2013 04 20 13 52 30.790     2013 04 20 13 55  6.630     155.8
1
 2013 04 20 16 09 29.657     2013 04 20 16 12  8.372     158.7
2
 2013 04 20 01 27 29.428     2013 04 20 01 30 47.732     198.3
 2013 04 20 11 30 11.747     2013 04 20 11 32 45.737     154.0
3
 2013 04 20 02 50   .150     2013 04 20 02 52 39.388     159.2
 2013 04 20 16 26  5.538     2013 04 20 16 29 19.697     194.2
4
 2013 04 20 17 50 37.089     2013 04 20 17 53 45.535     188.4
5
 2013 04 20 05 20 43.715     2013 04 20 05 23 39.171     175.5
6
 2013 04 20 02 59  7.846     2013 04 20 03 01 40.842     153.0
7
 2013 04 20 21 36  3.621     2013 04 20 21 39 42.879     219.3
8
 2013 04 20 02 47 14.656     2013 04 20 02 50 15.159     180.5
9
 2013 04 20 09 08 30.149     2013 04 20 09 11  4.096     153.9
 2013 04 20 22 43 58.608     2013 04 20 22 47 13.858     195.2
10
 2013 04 20 06 00  7.847     2013 04 20 06 03 47.442     219.6
11
 2013 04 20 18 51 25.302     2013 04 20 18 54  7.763     162.5
12
 2013 04 20 05 04 59.046     2013 04 20 05 08  3.061     184.0
 2013 04 20 20 27 12.643     2013 04 20 20 30 14.869     182.2
13
 2013 04 20 18 35 56.459     2013 04 20 18 36 38.208      41.7
14
 2013 04 20 00 51 12.885     2013 04 20 00 51 24.251      11.4
 2013 04 20 05 47 47.995     2013 04 20 05 50 58.545     190.5
 2013 04 20 22 51 48.688     2013 04 20 22 52  1.498      12.8
15
 2013 04 20 10 13  2.946     2013 04 20 10 16 34.714     211.8
 2013 04 20 18 30 38.088     2013 04 20 18 33 17.271     159.2
16
17
 2013 04 20 13 25 35.714     2013 04 20 13 29 21.248     225.5
 2013 04 20 20 01 47.833     2013 04 20 20 04 25.484     157.7
18
 2013 04 20 03 54 29.257     2013 04 20 03 57 58.486     209.2
 2013 04 20 12 10 12.597     2013 04 20 12 12 58.359     165.8
19
 2013 04 20 13 48 16.372     2013 04 20 13 51  4.927     168.6
20
 2013 04 20 13 17 55.155     2013 04 20 13 20 33.388     158.2
 2013 04 20 23 17 57.372     2013 04 20 23 20 36.340     159.0
21
22
23
 2013 04 20 10 10 58.865     2013 04 20 10 13 34.648     155.8
24
 2013 04 20 04 18 10.663     2013 04 20 04 21 49.680     219.0
 2013 04 20 19 41 51.135     2013 04 20 19 44 34.196     163.1
25
 2013 04 20 15 22 14.230     2013 04 20 15 25 13.143     178.9
26
27
 2013 04 20 04 29 25.583     2013 04 20 04 32  2.991     157.4
 2013 04 20 16 20 13.348     2013 04 20 16 23 16.595     183.2
28
29
 2013 04 20 05 50 51.782     2013 04 20 05 53 30.618     158.8
 2013 04 20 22 53 11.215     2013 04 20 22 55  1.646     110.4
30
 2013 04 20 02 39 13.921     2013 04 20 02 42 59.703     225.8
 2013 04 20 19 42 58.567     2013 04 20 19 45 46.446     167.9
31
 2013 04 20 20 53 39.944     2013 04 20 20 56 59.501     199.6
32
 2013 04 20 16 11  4.907     2013 04 20 16 14  5.471     180.6
33
 2013 04 20 20 26 11.872     2013 04 20 20 29 37.429     205.6
34
 2013 04 20 11 26 15.770     2013 04 20 11 29 55.331     219.6
35
 2013 04 20 01 09 38.208     2013 04 20 01 13  2.508     204.3
 2013 04 20 16 30 26.129     2013 04 20 16 33 10.741     164.6
36
 2013 04 20 04 33 20.639     2013 04 20 04 36 31.019     190.4
37
 2013 04 20 01 59 43.871     2013 04 20 02 02 18.600     154.7
38
 2013 04 20 09 53 17.223     2013 04 20 09 57  1.353     224.1
 2013 04 20 23 33 35.079     2013 04 20 23 36 11.745     156.7
39
 2013 04 20 04 12  7.714     2013 04 20 04 14 57.465     169.8
 2013 04 20 22 55 37.330     2013 04 20 22 58 15.731     158.4
40
 2013 04 20 01 04 58.958     2013 04 20 01 08 36.087     217.1
 2013 04 20 18 10 44.802     2013 04 20 18 13 34.640     169.8
 2013 04 20 23 05 24.724     2013 04 20 23 09 12.672     227.9
41
 2013 04 20 02 00  5.900     2013 04 20 02 02 40.437     154.5
 2013 04 20 15 43 11.549     2013 04 20 15 43 21.338       9.8
42
 2013 04 20 19 32 51.628     2013 04 20 19 36  8.154     196.5
43
 2013 04 20 05 59 31.642     2013 04 20 06 02 29.513     177.9
 2013 04 20 19 34 52.713     2013 04 20 19 35  1.410       8.7
44
 2013 04 20 00 01  4.190     2013 04 20 00 04  9.543     185.4
 2013 04 20 06 35 32.587     2013 04 20 06 38 47.516     194.9
 2013 04 20 23 39 30.035     2013 04 20 23 42 41.730     191.7
45
46
 2013 04 20 10 52  4.769     2013 04 20 10 55 27.094     202.3
47
 2013 04 20 01 11  5.189     2013 04 20 01 14 18.052     192.9
48
 2013 04 20 05 05 21.579     2013 04 20 05 08 53.836     212.3
 2013 04 20 20 29  9.261     2013 04 20 20 31 46.649     157.4
49
 2013 04 20 04 21 17.508     2013 04 20 04 22   .590      43.1
 2013 04 20 18 02 46.311     2013 04 20 18 06  1.687     195.4
50
 2013 04 20 14 46 21.949     2013 04 20 14 49 41.547     199.6
51
 2013 04 20 03 07 18.507     2013 04 20 03 09 54.095     155.6
 2013 04 20 11 24  7.006     2013 04 20 11 26 57.982     171.0
52
53
 2013 04 20 10 56 27.628     2013 04 20 10 57 28.263      60.6
54
 2013 04 20 06 19 49.102     2013 04 20 06 22 56.767     187.7
 2013 04 20 12 54  6.436     2013 04 20 12 56 51.145     164.7
55
 2013 04 20 01 53 32.365     2013 04 20 01 56 39.474     187.1
 2013 04 20 18 56  7.550     2013 04 20 18 59 14.165     186.6
56
 2013 04 20 12 09 25.987     2013 04 20 12 12 20.685     174.7
57
 2013 04 20 18 03 20.489     2013 04 20 18 06 58.144     217.7
58
 2013 04 20 00 22  7.087     2013 04 20 00 24 42.370     155.3
 2013 04 20 15 44 23.939     2013 04 20 15 46 58.864     154.9
59
 2013 04 20 05 35 56.955     2013 04 20 05 38 49.670     172.7
 2013 04 20 10 31  7.037     2013 04 20 10 33 44.879     157.8
60
 2013 04 20 09 13 46.450     2013 04 20 09 16 53.131     186.7
 2013 04 20 21 02 33.844     2013 04 20 21 05 25.855     172.0
61
 2013 04 20 15 01 46.904     2013 04 20 15 05 34.844     227.9
 2013 04 20 20 01 26.249     2013 04 20 20 02   .963      34.7
 2013 04 20 21 35 48.967     2013 04 20 21 35 56.826       7.9
62
 2013 04 20 09 28  8.288     2013 04 20 09 31 57.852     229.6
 2013 04 20 16 04 48.307     2013 04 20 16 08 24.301     216.0
63
 2013 04 20 02 06 36.752     2013 04 20 02 07   .291      23.5
 2013 04 20 15 36 42.284     2013 04 20 15 39 59.894     197.6
64
 2013 04 20 02 17  7.213     2013 04 20 02 19 57.257     170.0
65
 2013 04 20 07 25 40.842     2013 04 20 07 28 59.530     198.7
66
 2013 04 20 08 41 26.012     2013 04 20 08 44 10.699     164.7
 2013 04 20 15 16 45.526     2013 04 20 15 20  8.844     203.3
67
 2013 04 20 12 19 23.818     2013 04 20 12 19 37.607      13.8
68
 2013 04 20 07 54 52.720     2013 04 20 07 58 17.070     204.3
 2013 04 20 09 32 34.703     2013 04 20 09 33 26.391      51.7
 2013 04 20 14 28 35.692     2013 04 20 14 31 15.569     159.9
69
 2013 04 20 14 49 48.935     2013 04 20 14 53 23.971     215.0
70
 2013 04 20 11 48 13.207     2013 04 20 11 50 59.471     166.3
 2013 04 20 20 03 39.526     2013 04 20 20 06 17.791     158.3
71
 2013 04 20 06 45 12.311     2013 04 20 06 47 50.422     158.1
 2013 04 20 20 22 44.377     2013 04 20 20 25 26.498     162.1
72
 2013 04 20 00 37 46.858     2013 04 20 00 40 26.113     159.3
73
 2013 04 20 01 56 26.032     2013 04 20 02 00  3.335     217.3
 2013 04 20 17 19 56.690     2013 04 20 17 22 43.164     166.5
74
 2013 04 20 06 15 17.637     2013 04 20 06 17 54.379     156.7
75
 2013 04 20 04 39  8.433     2013 04 20 04 39 28.116      19.7
76
 2013 04 20 03 34 31.893     2013 04 20 03 37 17.370     165.5
77
 2013 04 20 06 20 14.717     2013 04 20 06 20 23.998       9.3
 2013 04 20 14 31 37.677     2013 04 20 14 34 17.565     159.9
78
 2013 04 20 00 37 47.032     2013 04 20 00 41 33.239     226.2
79
 2013 04 20 08 34 46.820     2013 04 20 08 38 16.291     209.5
 2013 04 20 18 32 48.227     2013 04 20 18 35 56.950     188.7
80
 2013 04 20 08 29 41.471     2013 04 20 08 30  8.666      27.2
81
 2013 04 20 15 36 17.425     2013 04 20 15 39 54.131     216.7
82
 2013 04 20 06 57 26.663     2013 04 20 07 00 10.819     164.2
83
 2013 04 20 06 02 34.353     2013 04 20 06 05 31.232     176.9
84
 2013 04 20 16 22 36.493     2013 04 20 16 25 50.093     193.6
85
 2013 04 20 10 17 41.525     2013 04 20 10 21  8.174     206.6
 2013 04 20 16 52 13.033     2013 04 20 16 55 36.189     203.2
86
 2013 04 20 05 12 19.441     2013 04 20 05 15 35.012     195.6
87
88
 2013 04 20 06 22  6.407     2013 04 20 06 24 43.947     157.5
 2013 04 20 11 16 54.384     2013 04 20 11 20 10.783     196.4
89
 2013 04 20 13 16 39.536     2013 04 20 13 19 15.008     155.5
 2013 04 20 23 18 42.287     2013 04 20 23 21 39.594     177.3
90
 2013 04 20 08 20 32.458     2013 04 20 08 23 12.680     160.2
 2013 04 20 21 57 31.242     2013 04 20 22 00 20.101     168.9
91
 2013 04 20 06 20 32.314     2013 04 20 06 24  5.244     212.9
 2013 04 20 07 58 25.107     2013 04 20 08 02  5.172     220.1
 2013 04 20 11 19 11.363     2013 04 20 11 19 18.719       7.4
 2013 04 20 12 53 51.110     2013 04 20 12 56 44.523     173.4
92
 2013 04 20 17 10 23.294     2013 04 20 17 12 57.767     154.5
93
 2013 04 20 02 14  7.316     2013 04 20 02 16 48.008     160.7
 2013 04 20 12 16 53.012     2013 04 20 12 20 17.024     204.0
94
 2013 04 20 16 05 52.719     2013 04 20 16 08 38.262     165.5
95
 2013 04 20 11 52  1.767     2013 04 20 11 54 46.285     164.5
 2013 04 20 18 25 35.869     2013 04 20 18 28 30.044     174.2
96
 2013 04 20 14 36 18.131     2013 04 20 14 38 56.217     158.1
97
98
 2013 04 20 13 18 58.851     2013 04 20 13 22 10.064     191.2
99
 2013 04 20 16 36 34.335     2013 04 20 16 39 44.009     189.7
 2013 04 20 21 32  9.017     2013 04 20 21 36  3.949     234.9
 2013 04 20 23 09 58.394     2013 04 20 23 10 19.478      21.1
100
101
 2013 04 20 01 12 36.659     2013 04 20 01 12 37.857       1.2
 2013 04 20 16 30  1.823     2013 04 20 16 32 50.982     169.2
102
103
 2013 04 20 08 36  4.149     2013 04 20 08 39 46.335     222.2
104
 2013 04 20 00 48 46.042     2013 04 20 00 51 39.854     173.8
 2013 04 20 07 23 14.589     2013 04 20 07 26 10.149     175.6
105
 2013 04 20 21 53 51.663     2013 04 20 21 57 34.519     222.9
106
107
 2013 04 20 02 24 50.517     2013 04 20 02 27 37.019     166.5
 2013 04 20 07 23 32.341     2013 04 20 07 23 40.455       8.1
 2013 04 20 08 58  1.129     2013 04 20 09 01 12.284     191.2
108
 2013 04 20 05 53 21.655     2013 04 20 05 56   .414     158.8
 2013 04 20 21 15 29.120     2013 04 20 21 18  9.721     160.6
109
110
 2013 04 20 00 02 26.328     2013 04 20 00 05  2.245     155.9
 2013 04 20 06 36 43.890     2013 04 20 06 39 21.046     157.2
 2013 04 20 23 40 54.786     2013 04 20 23 43 31.236     156.4
111
 2013 04 20 18 50 30.671     2013 04 20 18 53 49.035     198.4
112
 2013 04 20 11 03 57.229     2013 04 20 11 04 18.595      21.4
 2013 04 20 12 42  6.942     2013 04 20 12 45 28.462     201.5
 2013 04 20 16 02 25.215     2013 04 20 16 02 44.264      19.0
 2013 04 20 17 37 20.180     2013 04 20 17 40 10.164     170.0
113
 2013 04 20 01 22 47.595     2013 04 20 01 25 20.568     153.0
 2013 04 20 13 09 22.660     2013 04 20 13 12 53.920     211.3
114
 2013 04 20 21 05 44.906     2013 04 20 21 06 59.647      74.7
115
116
 2013 04 20 10 11 57.983     2013 04 20 10 14 47.961     170.0
 2013 04 20 18 29 47.001     2013 04 20 18 33 32.314     225.3
117
 2013 04 20 02 05 59.139     2013 04 20 02 09  3.853     184.7
118
 2013 04 20 13 28 40.550     2013 04 20 13 31 49.125     188.6
 2013 04 20 18 24 10.925     2013 04 20 18 26 50.149     159.2
119
 2013 04 20 00 33 39.901     2013 04 20 00 36 42.956     183.1
 2013 04 20 12 24  2.827     2013 04 20 12 26 38.061     155.2
120
 2013 04 20 09 13 24.865     2013 04 20 09 13 25.758        .9
121
 2013 04 20 09 07 36.260     2013 04 20 09 11 20.527     224.3
 2013 04 20 22 43 16.127     2013 04 20 22 45 51.267     155.1
122
 2013 04 20 17 20 45.478     2013 04 20 17 23 33.945     168.5
123
 2013 04 20 04 43 27.180     2013 04 20 04 46 12.976     165.8
 2013 04 20 12 58 21.279     2013 04 20 13 01 54.804     213.5
124
 2013 04 20 20 21 14.511     2013 04 20 20 24 18.936     184.4
125
 2013 04 20 21 45  7.131     2013 04 20 21 45 25.383      18.3
126
127
128
 2013 04 20 01 54 44.173     2013 04 20 01 58 16.493     212.3
129
 2013 04 20 09 00 32.204     2013 04 20 09 03 21.321     169.1
130
 2013 04 20 07 04  1.137     2013 04 20 07 06 46.988     165.9
 2013 04 20 15 20 54.279     2013 04 20 15 23 31.033     156.8
131
132
 2013 04 20 01 07 58.815     2013 04 20 01 10 35.850     157.0
 2013 04 20 16 34 20.412     2013 04 20 16 35  5.937      45.5
133
134
135
 2013 04 20 14 36  3.012     2013 04 20 14 39 27.333     204.3
136
 2013 04 20 11 33 59.972     2013 04 20 11 37 15.866     195.9
137
 2013 04 20 09 54 32.744     2013 04 20 09 55 27.362      54.6
 2013 04 20 23 32 45.574     2013 04 20 23 36  9.813     204.2
138
 2013 04 20 06 18 39.847     2013 04 20 06 21 43.951     184.1
139
 2013 04 20 09 13 48.662     2013 04 20 09 16 52.800     184.1
 2013 04 20 21 04 11.093     2013 04 20 21 06 46.794     155.7
140
 2013 04 20 07 03 55.540     2013 04 20 07 07  9.315     193.8
 2013 04 20 15 19 33.862     2013 04 20 15 22 12.925     159.1
141
 2013 04 20 14 15  4.421     2013 04 20 14 18 42.262     217.8
 2013 04 20 19 11  9.447     2013 04 20 19 14 27.894     198.4
142
 2013 04 20 01 32 59.636     2013 04 20 01 35 59.505     179.9
 2013 04 20 09 48 44.269     2013 04 20 09 51 23.066     158.8
143
 2013 04 20 01 57 28.939     2013 04 20 02 00  6.473     157.5
 2013 04 20 17 18 42.798     2013 04 20 17 21 51.425     188.6
144
 2013 04 20 01 07 49.756     2013 04 20 01 10 46.541     176.8
 2013 04 20 16 31 55.407     2013 04 20 16 35 42.757     227.3
145
 2013 04 20 11 01 23.192     2013 04 20 11 04 16.063     172.9
 2013 04 20 19 15 57.795     2013 04 20 19 18 54.873     177.1
146
 2013 04 20 01 08 38.238     2013 04 20 01 12 23.829     225.6
 2013 04 20 16 32 53.839     2013 04 20 16 35 30.449     156.6
147
 2013 04 20 04 31 55.204     2013 04 20 04 34 28.284     153.1
 2013 04 20 16 18 29.702     2013 04 20 16 21 56.330     206.6
148
 2013 04 20 11 53 56.397     2013 04 20 11 57  5.291     188.9
 2013 04 20 16 49 30.566     2013 04 20 16 52 13.746     163.2
149
 2013 04 20 10 53  9.652     2013 04 20 10 56 48.848     219.2
150
 2013 04 20 05 15 32.010     2013 04 20 05 18 55.971     204.0
 2013 04 20 17 08 26.176     2013 04 20 17 11 49.312     203.1
151
 2013 04 20 23 33 11.318     2013 04 20 23 33 38.746      27.4
152
 2013 04 20 00 39  4.129     2013 04 20 00 42  2.187     178.1
153
 2013 04 20 06 05  3.738     2013 04 20 06 07 41.531     157.8
 2013 04 20 17 53 57.401     2013 04 20 17 56 32.651     155.2
154
 2013 04 20 14 47 55.170     2013 04 20 14 50 40.217     165.0
155
 2013 04 20 05 01 42.267     2013 04 20 05 04 47.797     185.5
 2013 04 20 22 06 51.724     2013 04 20 22 09 36.044     164.3
156
 2013 04 20 02 46 20.219     2013 04 20 02 49 10.272     170.1
157
 2013 04 20 10 14  8.139     2013 04 20 10 16 56.303     168.2
 2013 04 20 18 29 37.664     2013 04 20 18 32 48.800     191.1
158
 2013 04 20 02 13 17.981     2013 04 20 02 15 54.948     157.0
159
 2013 04 20 16 58  4.494     2013 04 20 17 01 14.059     189.6
160
 2013 04 20 04 18 11.818     2013 04 20 04 21 32.056     200.2
 2013 04 20 19 39 48.125     2013 04 20 19 42 25.696     157.6
161
 2013 04 20 23 15 57.357     2013 04 20 23 18 39.177     161.8
162
 2013 04 20 13 05 41.789     2013 04 20 13 09 23.502     221.7
163
 2013 04 20 06 16 34.587     2013 04 20 06 16 38.871       4.3
 2013 04 20 14 31 45.664     2013 04 20 14 34 21.231     155.6
164
 2013 04 20 03 46 25.115     2013 04 20 03 49 59.930     214.8
165
 2013 04 20 02 05 16.642     2013 04 20 02 08 22.207     185.6
166
 2013 04 20 09 30 19.947     2013 04 20 09 33 39.931     200.0
 2013 04 20 16 04 55.887     2013 04 20 16 08  7.928     192.0
167
168
 2013 04 20 14 08  4.337     2013 04 20 14 11 12.526     188.2
169
 2013 04 20 16 35 59.946     2013 04 20 16 38 42.434     162.5
 2013 04 20 23 09 55.014     2013 04 20 23 12 58.817     183.8
170
 2013 04 20 06 13 30.506     2013 04 20 06 16 50.936     200.4
 2013 04 20 16 10 28.809     2013 04 20 16 12 19.971     111.2
171
172
 2013 04 20 02 14   .788     2013 04 20 02 15 51.655     110.9
 2013 04 20 12 17 59.962     2013 04 20 12 20 36.537     156.6
173
 2013 04 20 19 41 34.990     2013 04 20 19 42  6.638      31.6
174
 2013 04 20 20 59 31.763     2013 04 20 21 03  2.870     211.1
175
 2013 04 20 15 35 20.239     2013 04 20 15 38 15.626     175.4
176
 2013 04 20 10 08  8.362     2013 04 20 10 08 27.863      19.5
 2013 04 20 20 07 50.100     2013 04 20 20 10 26.395     156.3
177
 2013 04 20 00 34 26.333     2013 04 20 00 37 13.654     167.3
 2013 04 20 12 22 33.498     2013 04 20 12 25  7.075     153.6
178
 2013 04 20 02 08 37.903     2013 04 20 02 11 11.468     153.6
 2013 04 20 13 57 52.293     2013 04 20 14 00 25.511     153.2
179
 2013 04 20 07 07 52.723     2013 04 20 07 10 39.379     166.7
 2013 04 20 13 41 54.468     2013 04 20 13 44 33.107     158.6
180
181
 2013 04 20 16 32 50.054     2013 04 20 16 36 30.643     220.6
182
 2013 04 20 15 28 36.888     2013 04 20 15 31 21.784     164.9
183
 2013 04 20 15 22 17.012     2013 04 20 15 24 55.788     158.8
184
 2013 04 20 03 46 40.098     2013 04 20 03 50 16.753     216.7
185
 2013 04 20 09 24 16.708     2013 04 20 09 24 18.565       1.9
 2013 04 20 19 20 19.466     2013 04 20 19 23 24.160     184.7
186
 2013 04 20 03 00 55.092     2013 04 20 03 03 29.427     154.3
187
 2013 04 20 08 16  3.380     2013 04 20 08 17  4.448      61.1
188
 2013 04 20 10 14 32.202     2013 04 20 10 17 42.551     190.3
 2013 04 20 18 29 23.846     2013 04 20 18 29 43.695      19.8
189
 2013 04 20 10 00 56.019     2013 04 20 10 01 29.205      33.2
190
 2013 04 20 07 07 21.885     2013 04 20 07 10 15.005     173.1
 2013 04 20 13 42 44.012     2013 04 20 13 45 30.660     166.6
191
 2013 04 20 02 02 44.416     2013 04 20 02 06 15.611     211.2
 2013 04 20 15 37 23.220     2013 04 20 15 40 23.222     180.0
192
193
 2013 04 20 08 44 40.283     2013 04 20 08 47 56.648     196.4
 2013 04 20 13 40 23.389     2013 04 20 13 43 10.539     167.2
194
 2013 04 20 05 33 53.779     2013 04 20 05 36 31.388     157.6
 2013 04 20 12 07 41.770     2013 04 20 12 10 38.202     176.4
195
 2013 04 20 07 33 53.360     2013 04 20 07 34  5.281      11.9
196
 2013 04 20 07 42 55.322     2013 04 20 07 43  5.943      10.6
 2013 04 20 19 27  9.379     2013 04 20 19 30  9.851     180.5
197
 2013 04 20 00 25 49.081     2013 04 20 00 29 22.717     213.6
 2013 04 20 14 03 20.181     2013 04 20 14 03 36.335      16.2
198
 2013 04 20 05 02 43.247     2013 04 20 05 06 18.111     214.9
 2013 04 20 22 07  9.102     2013 04 20 22 10 18.946     189.8
199
 2013 04 20 03 25  2.592     2013 04 20 03 28 27.932     205.3
 2013 04 20 22 07 51.024     2013 04 20 22 10 59.729     188.7
200
 2013 04 20 22 35   .624     2013 04 20 22 38  7.522     186.9
201
 2013 04 20 10 38 58.009     2013 04 20 10 41 35.793     157.8
202
 2013 04 20 13 27  5.316     2013 04 20 13 29 55.189     169.9
 2013 04 20 18 21 45.946     2013 04 20 18 25 29.182     223.2
 2013 04 20 19 59 46.618     2013 04 20 20 03 21.925     215.3
203
 2013 04 20 17 40 41.552     2013 04 20 17 43 17.643     156.1
204
 2013 04 20 07 02  6.871     2013 04 20 07 04 51.968     165.1
205
 2013 04 20 00 02 45.086     2013 04 20 00 05 25.088     160.0
 2013 04 20 06 36 25.202     2013 04 20 06 39 15.582     170.4
 2013 04 20 23 41 12.735     2013 04 20 23 43 55.156     162.4
206
 2013 04 20 02 18 25.392     2013 04 20 02 22 13.379     228.0
 2013 04 20 10 37 39.803     2013 04 20 10 38 31.665      51.9
207
 2013 04 20 04 41 12.171     2013 04 20 04 44 32.957     200.8
 2013 04 20 12 59 31.282     2013 04 20 13 02 30.164     178.9
208
 2013 04 20 03 27 13.267     2013 04 20 03 29 56.158     162.9
 2013 04 20 20 31 11.504     2013 04 20 20 33 54.302     162.8
209
 2013 04 20 14 38  7.549     2013 04 20 14 39 11.153      63.6
210
 2013 04 20 16 23 49.257     2013 04 20 16 26 34.162     164.9
211
 2013 04 20 06 49 15.019     2013 04 20 06 52 24.508     189.5
212
 2013 04 20 11 52 19.800     2013 04 20 11 52 41.615      21.8
 2013 04 20 18 27   .042     2013 04 20 18 28 13.592      73.6
213
 2013 04 20 04 21 54.507     2013 04 20 04 24 58.447     183.9
 2013 04 20 18 01 59.523     2013 04 20 18 05 27.095     207.6
214
 2013 04 20 11 36 22.772     2013 04 20 11 37 33.697      70.9
215
 2013 04 20 02 18  2.793     2013 04 20 02 21 45.013     222.2
216
 2013 04 20 17 08 25.382     2013 04 20 17 11 40.584     195.2
217
 2013 04 20 16 10 32.036     2013 04 20 16 13 11.813     159.8
218
 2013 04 20 14 38 20.214     2013 04 20 14 38 50.088      29.9
219
 2013 04 20 22 00 41.462     2013 04 20 22 04  5.664     204.2
220
 2013 04 20 03 50  7.030     2013 04 20 03 52 52.700     165.7
 2013 04 20 13 50 30.313     2013 04 20 13 53  5.059     154.7
221
 2013 04 20 08 40 18.939     2013 04 20 08 43 59.659     220.7
222
 2013 04 20 08 17 25.725     2013 04 20 08 17 30.018       4.3
 2013 04 20 21 59 19.778     2013 04 20 22 02 42.759     203.0
223
 2013 04 20 13 22 36.516     2013 04 20 13 26 26.796     230.3
 2013 04 20 21 37 15.834     2013 04 20 21 40   .260     164.4
224
 2013 04 20 07 47 36.115     2013 04 20 07 50 33.937     177.8
 2013 04 20 17 46 50.472     2013 04 20 17 47 39.501      49.0
225
 2013 04 20 00 48  4.275     2013 04 20 00 50 42.010     157.7
 2013 04 20 07 27 21.466     2013 04 20 07 27 24.435       3.0
226
 2013 04 20 11 50  6.678     2013 04 20 11 53 54.405     227.7
 2013 04 20 13 27 54.502     2013 04 20 13 28  7.923      13.4
 2013 04 20 18 24 28.792     2013 04 20 18 27 31.287     182.5
227
228
 2013 04 20 21 59 51.670     2013 04 20 22 02 53.432     181.8
229
 2013 04 20 11 32 20.858     2013 04 20 11 35 49.259     208.4
230
 2013 04 20 11 32 11.227     2013 04 20 11 35 37.504     206.3
231
 2013 04 20 08 18  2.577     2013 04 20 08 21 21.505     198.9
232
233
 2013 04 20 08 22 47.519     2013 04 20 08 25 21.733     154.2
234
 2013 04 20 03 13 16.229     2013 04 20 03 16 50.513     214.3
 2013 04 20 08 09 18.482     2013 04 20 08 12 24.032     185.5
235
 2013 04 20 08 23  5.970     2013 04 20 08 25 41.295     155.3
236
 2013 04 20 08 16  9.434     2013 04 20 08 18 51.285     161.9
 2013 04 20 23 36 44.316     2013 04 20 23 40 31.662     227.3
237
 2013 04 20 09 51 32.931     2013 04 20 09 55  7.125     214.2
238
 2013 04 20 17 08 18.931     2013 04 20 17 09  5.929      47.0
239
 2013 04 20 18 30 39.099     2013 04 20 18 34  6.510     207.4
240
 2013 04 20 06 04 56.168     2013 04 20 06 05 51.994      55.8
 2013 04 20 17 54 49.280     2013 04 20 17 58 16.479     207.2
241
 2013 04 20 18 36 50.969     2013 04 20 18 39 43.195     172.2
242
 2013 04 20 23 28 59.798     2013 04 20 23 31 42.079     162.3
243
 2013 04 20 19 37  9.572     2013 04 20 19 40 23.461     193.9
244
 2013 04 20 05 21 25.848     2013 04 20 05 25  6.079     220.2
245
 2013 04 20 00 16 35.705     2013 04 20 00 19 30.272     174.6
 2013 04 20 18 59  7.063     2013 04 20 19 02 33.828     206.8
246
 2013 04 20 15 33 22.477     2013 04 20 15 33 46.146      23.7
247
248
 2013 04 20 01 27 46.258     2013 04 20 01 30 20.366     154.1
 2013 04 20 11 29  7.302     2013 04 20 11 31 52.146     164.8
249
250
 2013 04 20 15 36 43.626     2013 04 20 15 39 19.291     155.7
251
252
 2013 04 20 11 38 12.629     2013 04 20 11 40 23.643     131.0
253
254
 2013 04 20 02 25 50.854     2013 04 20 02 28 32.826     162.0
 2013 04 20 07 20 56.806     2013 04 20 07 24 15.197     198.4
255
 2013 04 20 14 58 22.293     2013 04 20 15 01  1.937     159.6
 2013 04 20 23 12 44.332     2013 04 20 23 16 30.096     225.8
256
 2013 04 20 09 04  3.108     2013 04 20 09 06 38.560     155.5
257
 2013 04 20 05 12 27.492     2013 04 20 05 15 47.513     200.0
 2013 04 20 18 46  7.360     2013 04 20 18 49 46.188     218.8
258
 2013 04 20 09 54 17.092     2013 04 20 09 56 51.384     154.3
 2013 04 20 23 32  6.956     2013 04 20 23 34 49.065     162.1
259
 2013 04 20 05 17  3.873     2013 04 20 05 20 45.384     221.5
 2013 04 20 17 05 40.667     2013 04 20 17 08 44.080     183.4
260
 2013 04 20 23 14 45.039     2013 04 20 23 15  3.667      18.6
261
 2013 04 20 03 29 36.577     2013 04 20 03 32 12.460     155.9
262
263
 2013 04 20 11 26 55.266     2013 04 20 11 30 31.915     216.6
264
 2013 04 20 03 02 27.192     2013 04 20 03 05  1.262     154.1
 2013 04 20 13 03 41.016     2013 04 20 13 06 21.779     160.8
265
 2013 04 20 10 58 42.126     2013 04 20 11 01 22.050     159.9
266
 2013 04 20 08 39 39.016     2013 04 20 08 42 16.517     157.5
 2013 04 20 16 54 45.613     2013 04 20 16 57 52.158     186.5
267
 2013 04 20 09 27 17.827     2013 04 20 09 30 26.982     189.2
 2013 04 20 17 42  4.539     2013 04 20 17 42 12.946       8.4
268
 2013 04 20 18 45 35.776     2013 04 20 18 48 27.584     171.8
269
 2013 04 20 08 41 55.824     2013 04 20 08 42 55.394      59.6
 2013 04 20 15 18 15.949     2013 04 20 15 20 52.769     156.8
270
 2013 04 20 14 56  4.556     2013 04 20 14 56 40.526      36.0
 2013 04 20 23 14 47.441     2013 04 20 23 17 23.268     155.8
271
 2013 04 20 14 10 38.458     2013 04 20 14 13 18.395     159.9
 2013 04 20 22 25 53.439     2013 04 20 22 29  1.495     188.1
272
273
 2013 04 20 20 06 48.957     2013 04 20 20 09 42.590     173.6
274
 2013 04 20 11 46 53.849     2013 04 20 11 50  7.763     193.9
 2013 04 20 20 05  1.028     2013 04 20 20 07 56.949     175.9
275
 2013 04 20 19 23 32.078     2013 04 20 19 26 36.946     184.9
276
 2013 04 20 05 10  3.244     2013 04 20 05 10  5.023       1.8
 2013 04 20 20 26 17.004     2013 04 20 20 29  5.072     168.1
277
 2013 04 20 10 59 21.577     2013 04 20 11 02  3.022     161.4
 2013 04 20 19 16 53.344     2013 04 20 19 20 38.318     225.0
278
 2013 04 20 07 05 15.250     2013 04 20 07 07 51.858     156.6
 2013 04 20 15 19 56.540     2013 04 20 15 23 13.770     197.2
279
 2013 04 20 17 16 28.533     2013 04 20 17 19  6.291     157.8
280
 2013 04 20 01 36  8.025     2013 04 20 01 39  6.558     178.5
 2013 04 20 08 11 43.666     2013 04 20 08 14 40.378     176.7
281
 2013 04 20 13 28 44.058     2013 04 20 13 31 39.663     175.6
 2013 04 20 18 23 59.559     2013 04 20 18 26 38.135     158.6
282
 2013 04 20 04 22 51.678     2013 04 20 04 25 44.568     172.9
 2013 04 20 18 00 28.394     2013 04 20 18 03 39.797     191.4
283
 2013 04 20 18 32   .688     2013 04 20 18 35 18.493     197.8
284
285
 2013 04 20 18 04   .390     2013 04 20 18 06 42.283     161.9
286
 2013 04 20 20 54   .114     2013 04 20 20 54 14.080      14.0
287
 2013 04 20 02 05 49.123     2013 04 20 02 08 22.933     153.8
288
 2013 04 20 17 49 35.779     2013 04 20 17 52  9.660     153.9
289
 2013 04 20 20 59 41.904     2013 04 20 21 02 22.633     160.7
290
291
 2013 04 20 09 59  5.600     2013 04 20 10 01 40.777     155.2
292
293
 2013 04 20 15 34 52.127     2013 04 20 15 37 28.468     156.3
294
 2013 04 20 11 40 49.726     2013 04 20 11 43 36.515     166.8
295
 2013 04 20 10 18  7.272     2013 04 20 10 20 45.035     157.8
 2013 04 20 15 12 55.315     2013 04 20 15 14 16.853      81.5
 2013 04 20 16 51  3.084     2013 04 20 16 54 40.122     217.0
296
 2013 04 20 13 59 41.634     2013 04 20 14 03 23.916     222.3
297
 2013 04 20 00 42 24.389     2013 04 20 00 42 37.118      12.7
298
 2013 04 20 03 46 18.625     2013 04 20 03 48 53.087     154.5
299
 2013 04 20 01 14 46.994     2013 04 20 01 15 40.221      53.2
 2013 04 20 14 52 12.372     2013 04 20 14 53 28.085      75.7
300
 2013 04 20 07 46  7.732     2013 04 20 07 49  1.417     173.7
 2013 04 20 17 46 48.888     2013 04 20 17 49 33.899     165.0
301
 2013 04 20 04 30 14.029     2013 04 20 04 33 38.912     204.9
 2013 04 20 16 20 26.064     2013 04 20 16 23 17.220     171.2
302
 2013 04 20 03 41 22.814     2013 04 20 03 41 33.487      10.7
303
 2013 04 20 04 37 49.439     2013 04 20 04 40 30.571     161.1
 2013 04 20 14 38 16.168     2013 04 20 14 41  8.130     172.0
304
 2013 04 20 01 30 55.370     2013 04 20 01 33 48.318     172.9
305
 2013 04 20 03 45 15.669     2013 04 20 03 47 51.446     155.8
306
 2013 04 20 03 36 40.943     2013 04 20 03 39 27.417     166.5
 2013 04 20 17 13 10.778     2013 04 20 17 15 45.042     154.3
307
 2013 04 20 00 17 20.480     2013 04 20 00 20 29.875     189.4
 2013 04 20 17 22 47.187     2013 04 20 17 26 12.418     205.2
 2013 04 20 19 00 35.944     2013 04 20 19 04 18.049     222.1
 2013 04 20 22 17 24.548     2013 04 20 22 18 12.193      47.6
308
 2013 04 20 01 56 40.609     2013 04 20 01 59 46.586     186.0
 2013 04 20 17 19 36.283     2013 04 20 17 22 18.962     162.7
309
310
 2013 04 20 00 19 42.637     2013 04 20 00 23 15.828     213.2
311
 2013 04 20 20 13 17.889     2013 04 20 20 17   .059     222.2
312
 2013 04 20 06 49 52.615     2013 04 20 06 53  7.728     195.1
 2013 04 20 18 45 14.039     2013 04 20 18 46 40.395      86.4
313
 2013 04 20 09 59 40.811     2013 04 20 10 02 39.394     178.6
 2013 04 20 21 51 44.672     2013 04 20 21 55  6.338     201.7
314
 2013 04 20 06 14 48.445     2013 04 20 06 18 25.412     217.0
315
 2013 04 20 07 53 49.180     2013 04 20 07 56 53.758     184.6
 2013 04 20 14 29 39.614     2013 04 20 14 33 21.400     221.8
316
 2013 04 20 01 10 22.531     2013 04 20 01 13 47.550     205.0
 2013 04 20 16 31 34.525     2013 04 20 16 31 43.748       9.2
317
 2013 04 20 03 04 42.581     2013 04 20 03 08 28.761     226.2
318
319
 2013 04 20 22 27 44.884     2013 04 20 22 30 48.209     183.3
320
 2013 04 20 09 05 58.556     2013 04 20 09 09 42.218     223.7
 2013 04 20 22 43 20.617     2013 04 20 22 47  8.115     227.5
321
 2013 04 20 01 20 37.739     2013 04 20 01 20 59.182      21.4
322
 2013 04 20 00 17  8.825     2013 04 20 00 19 58.871     170.0
 2013 04 20 17 21 17.069     2013 04 20 17 25   .217     223.1
 2013 04 20 18 59  3.422     2013 04 20 18 59 14.766      11.3
323
 2013 04 20 05 26 59.503     2013 04 20 05 29 53.141     173.6
324
 2013 04 20 07 01 35.106     2013 04 20 07 04 14.109     159.0
325
 2013 04 20 10 16 37.061     2013 04 20 10 19 46.281     189.2
 2013 04 20 16 50 39.297     2013 04 20 16 53 16.720     157.4
326
 2013 04 20 00 47 35.327     2013 04 20 00 47 45.531      10.2
327
 2013 04 20 07 38 34.899     2013 04 20 07 40 32.431     117.5
 2013 04 20 19 30 13.457     2013 04 20 19 32 49.152     155.7
328
329
 2013 04 20 04 47 26.128     2013 04 20 04 50 58.940     212.8
 2013 04 20 09 43 25.051     2013 04 20 09 47  1.932     216.9
330
 2013 04 20 12 36 27.728     2013 04 20 12 39  4.076     156.3
 2013 04 20 20 50 37.851     2013 04 20 20 54  8.491     210.6
331
332
 2013 04 20 01 14 30.563     2013 04 20 01 18  2.249     211.7
 2013 04 20 14 50 41.390     2013 04 20 14 53 16.241     154.9
333
 2013 04 20 16 56 57.876     2013 04 20 17 00 25.917     208.0
334
 2013 04 20 22 33 20.415     2013 04 20 22 36 30.833     190.4
335
 2013 04 20 14 57 40.730     2013 04 20 15 00 36.995     176.3
 2013 04 20 23 13 32.957     2013 04 20 23 16 38.808     185.9
336
 2013 04 20 01 28 21.101     2013 04 20 01 30 58.161     157.1
 2013 04 20 11 29 17.118     2013 04 20 11 31 53.759     156.6
337
 2013 04 20 08 28   .559     2013 04 20 08 30 54.047     173.5
 2013 04 20 20 14 44.810     2013 04 20 20 17 40.542     175.7
338
 2013 04 20 03 32 49.970     2013 04 20 03 36   .728     190.8
339
 2013 04 20 05 51 32.668     2013 04 20 05 54 33.347     180.7
 2013 04 20 21 17 54.179     2013 04 20 21 18 16.401      22.2
340
 2013 04 20 11 02 11.613     2013 04 20 11 05 15.867     184.3
 2013 04 20 19 15  1.057     2013 04 20 19 15 10.513       9.5
341
 2013 04 20 15 22  5.226     2013 04 20 15 25 18.461     193.2
342
 2013 04 20 09 31 55.023     2013 04 20 09 34 38.466     163.4
 2013 04 20 14 27  3.460     2013 04 20 14 29 52.098     168.6
343
 2013 04 20 00 49 40.723     2013 04 20 00 52 23.321     162.6
 2013 04 20 07 24 21.268     2013 04 20 07 26 59.018     157.8
344
 2013 04 20 21 16 45.987     2013 04 20 21 20 16.271     210.3
345
 2013 04 20 17 11 54.346     2013 04 20 17 12 21.838      27.5
346
 2013 04 20 02 07 40.909     2013 04 20 02 10 45.214     184.3
 2013 04 20 13 58 53.888     2013 04 20 14 01 29.940     156.1
347
 2013 04 20 16 34 44.606     2013 04 20 16 38  4.365     199.8
 2013 04 20 23 10 35.839     2013 04 20 23 13 17.506     161.7
348
349
350
 2013 04 20 06 03 25.690     2013 04 20 06 06  3.884     158.2
 2013 04 20 17 54 46.757     2013 04 20 17 58 27.628     220.9
351
 2013 04 20 23 21  6.939     2013 04 20 23 23 43.652     156.7
352
 2013 04 20 10 39 31.690     2013 04 20 10 42 19.837     168.1
353
 2013 04 20 13 46 45.262     2013 04 20 13 48 56.072     130.8
354
 2013 04 20 07 46 40.180     2013 04 20 07 49 29.147     169.0
 2013 04 20 17 47 43.442     2013 04 20 17 50 28.282     164.8
355
 2013 04 20 07 09 18.661     2013 04 20 07 12 22.182     183.5
 2013 04 20 12 04 49.010     2013 04 20 12 08 29.901     220.9
356
 2013 04 20 22 00 10.935     2013 04 20 22 02 47.637     156.7
357
 2013 04 20 15 01 36.836     2013 04 20 15 04 15.995     159.2
 2013 04 20 20 00 12.607     2013 04 20 20 00 29.456      16.8
 2013 04 20 21 34 45.680     2013 04 20 21 38  5.914     200.2
358
 2013 04 20 15 41 26.776     2013 04 20 15 44 45.968     199.2
359
 2013 04 20 06 12  1.095     2013 04 20 06 14 59.906     178.8
 2013 04 20 16 12  3.207     2013 04 20 16 14 37.376     154.2
360
 2013 04 20 06 53 26.793     2013 04 20 06 57  9.767     223.0
 2013 04 20 18 39 22.574     2013 04 20 18 42 20.703     178.1
361
 2013 04 20 00 00 57.656     2013 04 20 00 04 32.765     215.1
 2013 04 20 06 37 21.259     2013 04 20 06 40 44.164     202.9
 2013 04 20 23 39 29.635     2013 04 20 23 42 57.069     207.4
362
363
 2013 04 20 08 39 17.333     2013 04 20 08 43  1.510     224.2
 2013 04 20 16 53 24.003     2013 04 20 16 56 27.185     183.2
364
 2013 04 20 14 10 48.749     2013 04 20 14 13 29.848     161.1
 2013 04 20 22 25 46.286     2013 04 20 22 29  8.865     202.6
365
 2013 04 20 18 51  6.581     2013 04 20 18 51 44.582      38.0
366
 2013 04 20 22 35 21.547     2013 04 20 22 38 58.431     216.9
367
 2013 04 20 09 23 50.483     2013 04 20 09 24 12.274      21.8
 2013 04 20 19 20 24.218     2013 04 20 19 23 29.597     185.4
368
 2013 04 20 04 44 38.561     2013 04 20 04 45  2.485      23.9
 2013 04 20 12 56 52.134     2013 04 20 13 00 15.871     203.7
369
 2013 04 20 01 01 30.772     2013 04 20 01 05   .008     209.2
 2013 04 20 02 39 16.809     2013 04 20 02 43  2.218     225.4
 2013 04 20 19 45 16.483     2013 04 20 19 48 18.894     182.4
 2013 04 20 21 22 50.526     2013 04 20 21 24 19.314      88.8
370
 2013 04 20 21 55 33.813     2013 04 20 21 59  5.060     211.2
371
 2013 04 20 20 23 31.839     2013 04 20 20 23 35.149       3.3
372
 2013 04 20 07 53 44.666     2013 04 20 07 53 50.501       5.8
 2013 04 20 14 30 43.916     2013 04 20 14 33 51.253     187.3
373
 2013 04 20 04 37 54.331     2013 04 20 04 40 36.956     162.6
 2013 04 20 14 38 12.947     2013 04 20 14 41 10.909     178.0
374
375
 2013 04 20 09 13 37.598     2013 04 20 09 16 10.668     153.1
 2013 04 20 21 03 34.771     2013 04 20 21 06 23.227     168.5
376
 2013 04 20 16 22 42.543     2013 04 20 16 26 25.494     223.0
377
 2013 04 20 06 56  6.063     2013 04 20 06 58 40.143     154.1
378
379
 2013 04 20 23 22  2.166     2013 04 20 23 24 37.910     155.7
380
 2013 04 20 15 35 41.942     2013 04 20 15 35 56.255      14.3
381
 2013 04 20 20 53  2.206     2013 04 20 20 55 37.053     154.8
382
 2013 04 20 05 35 31.445     2013 04 20 05 38 18.992     167.5
 2013 04 20 10 30 43.757     2013 04 20 10 33 31.859     168.1
383
384
 2013 04 20 09 57 14.934     2013 04 20 09 57 30.670      15.7
 2013 04 20 23 30 24.640     2013 04 20 23 33 54.825     210.2
385
 2013 04 20 08 36 45.872     2013 04 20 08 40 13.633     207.8
 2013 04 20 16 59 11.623     2013 04 20 16 59 43.474      31.9
386
 2013 04 20 10 39  4.468     2013 04 20 10 41 56.507     172.0
387
 2013 04 20 09 13 55.515     2013 04 20 09 17 20.577     205.1
 2013 04 20 21 04  9.729     2013 04 20 21 07   .040     170.3
388
 2013 04 20 12 28 49.758     2013 04 20 12 31 30.278     160.5
 2013 04 20 22 33 10.612     2013 04 20 22 34 32.603      82.0
389
 2013 04 20 09 52 11.841     2013 04 20 09 54 46.346     154.5
390
 2013 04 20 07 05  7.367     2013 04 20 07 07 58.750     171.4
 2013 04 20 15 20 24.604     2013 04 20 15 23 48.899     204.3
391
 2013 04 20 10 44 44.812     2013 04 20 10 47 58.436     193.6
392
 2013 04 20 16 13 12.498     2013 04 20 16 13 15.867       3.4
393
 2013 04 20 05 58 17.529     2013 04 20 05 58 50.571      33.0
394
 2013 04 20 20 28 38.769     2013 04 20 20 29  5.134      26.4
395
 2013 04 20 03 08 50.458     2013 04 20 03 09  7.638      17.2
 2013 04 20 11 21 43.985     2013 04 20 11 23 18.185      94.2
396
 2013 04 20 06 20 19.517     2013 04 20 06 23 36.318     196.8
 2013 04 20 07 57 54.343     2013 04 20 07 58  1.539       7.2
 2013 04 20 12 54  7.026     2013 04 20 12 56 45.508     158.5
397
398
 2013 04 20 05 10 51.245     2013 04 20 05 11 26.953      35.7
399
 2013 04 20 10 38 15.230     2013 04 20 10 41 34.614     199.4
400
 2013 04 20 19 38 14.474     2013 04 20 19 40 50.813     156.3
401
 2013 04 20 10 16 58.546     2013 04 20 10 19 36.553     158.0
 2013 04 20 16 51 34.252     2013 04 20 16 54 11.450     157.2
402
 2013 04 20 10 15 15.590     2013 04 20 10 18 37.849     202.3
 2013 04 20 16 49 45.214     2013 04 20 16 53 32.075     226.9
403
 2013 04 20 14 48 37.616     2013 04 20 14 48 56.349      18.7
404
 2013 04 20 07 02 40.301     2013 04 20 07 06  1.224     200.9
 2013 04 20 15 21 12.659     2013 04 20 15 24 40.602     207.9
405
 2013 04 20 05 08 51.553     2013 04 20 05 12 11.399     199.8
 2013 04 20 18 49 31.124     2013 04 20 18 53  4.418     213.3
406
 2013 04 20 18 31 11.372     2013 04 20 18 33 46.871     155.5
407
408
 2013 04 20 21 40 27.567     2013 04 20 21 43 46.480     198.9
409
410
 2013 04 20 03 05  4.995     2013 04 20 03 07 55.994     171.0
411
 2013 04 20 02 15 57.126     2013 04 20 02 19 41.808     224.7
 2013 04 20 12 14 44.750     2013 04 20 12 17 27.848     163.1
412
 2013 04 20 16 33 36.454     2013 04 20 16 33 50.360      13.9
 2013 04 20 18 11 32.179     2013 04 20 18 12 15.507      43.3
 2013 04 20 23 07 59.965     2013 04 20 23 11  9.764     189.8
413
 2013 04 20 04 45 43.716     2013 04 20 04 48 21.244     157.5
 2013 04 20 11 20 12.864     2013 04 20 11 22 52.359     159.5
414
 2013 04 20 09 29  8.054     2013 04 20 09 32  1.443     173.4
 2013 04 20 16 04 34.096     2013 04 20 16 07 24.243     170.1
415
 2013 04 20 06 19 43.421     2013 04 20 06 23 14.178     210.8
 2013 04 20 07 57 23.839     2013 04 20 07 57 29.257       5.4
 2013 04 20 12 53 52.883     2013 04 20 12 56 32.894     160.0
416
 2013 04 20 05 11   .812     2013 04 20 05 14 30.803     210.0
 2013 04 20 18 47  7.677     2013 04 20 18 49 41.181     153.5
417
 2013 04 20 08 15 52.562     2013 04 20 08 19 39.238     226.7
418
 2013 04 20 14 01  8.096     2013 04 20 14 04 26.828     198.7
419
 2013 04 20 14 07 16.611     2013 04 20 14 10 10.089     173.5
420
 2013 04 20 05 59  8.528     2013 04 20 06 02  2.201     173.7
 2013 04 20 19 35 18.709     2013 04 20 19 38 52.559     213.9
421
 2013 04 20 07 31  2.449     2013 04 20 07 33 56.016     173.6
422
 2013 04 20 20 53 56.174     2013 04 20 20 57  4.594     188.4
423
 2013 04 20 04 11 12.258     2013 04 20 04 14 54.530     222.3
 2013 04 20 05 49  1.471     2013 04 20 05 50 42.027     100.6
 2013 04 20 22 54 47.666     2013 04 20 22 57 25.398     157.7
424
 2013 04 20 05 06 43.790     2013 04 20 05 10 12.349     208.6
 2013 04 20 20 26 17.708     2013 04 20 20 29 48.276     210.6
425
 2013 04 20 16 53 24.513     2013 04 20 16 56  1.299     156.8
426
 2013 04 20 02 43 26.050     2013 04 20 02 47 14.851     228.8
 2013 04 20 18 04 54.597     2013 04 20 18 07 32.344     157.7
427
 2013 04 20 13 23  1.453     2013 04 20 13 26  9.766     188.3
 2013 04 20 21 39  7.470     2013 04 20 21 42 16.795     189.3
428
 2013 04 20 18 32 31.501     2013 04 20 18 35  7.479     156.0
429
 2013 04 20 09 30  4.682     2013 04 20 09 33 15.984     191.3
 2013 04 20 16 04 57.276     2013 04 20 16 07 48.534     171.3
430
 2013 04 20 07 29  6.749     2013 04 20 07 32 20.650     193.9
 2013 04 20 22 47 53.768     2013 04 20 22 48  7.644      13.9
431
 2013 04 20 11 43 51.471     2013 04 20 11 46 32.441     161.0
 2013 04 20 21 43 22.707     2013 04 20 21 46 44.326     201.6
432
 2013 04 20 19 37 49.651     2013 04 20 19 41  6.415     196.8
433
434
 2013 04 20 03 33 44.666     2013 04 20 03 36 22.447     157.8
435
 2013 04 20 03 36 35.785     2013 04 20 03 39 11.890     156.1
 2013 04 20 17 13 52.749     2013 04 20 17 16 29.694     156.9
436
 2013 04 20 19 26  2.652     2013 04 20 19 29 14.590     191.9
437
438
 2013 04 20 03 27 21.373     2013 04 20 03 30 28.669     187.3
 2013 04 20 20 30 51.934     2013 04 20 20 33 27.619     155.7
439
 2013 04 20 07 45 19.829     2013 04 20 07 47 53.406     153.6
 2013 04 20 17 47 23.197     2013 04 20 17 50 51.239     208.0
440
 2013 04 20 14 58 59.748     2013 04 20 14 59 28.963      29.2
 2013 04 20 16 36 52.690     2013 04 20 16 37 16.918      24.2
 2013 04 20 21 33 24.173     2013 04 20 21 36 38.953     194.8
441
 2013 04 20 19 37 28.772     2013 04 20 19 41  7.252     218.5
442
443
 2013 04 20 21 00 24.741     2013 04 20 21 02 58.668     153.9
444
 2013 04 20 00 02 47.388     2013 04 20 00 03 10.850      23.5
 2013 04 20 06 37 52.651     2013 04 20 06 41 22.069     209.4
 2013 04 20 23 41 18.889     2013 04 20 23 42 12.992      54.1
445
 2013 04 20 11 25 54.361     2013 04 20 11 26 50.743      56.4
446
 2013 04 20 21 16 41.673     2013 04 20 21 17  3.397      21.7
447
 2013 04 20 10 07 49.990     2013 04 20 10 11 37.524     227.5
 2013 04 20 20 07 56.138     2013 04 20 20 10 41.424     165.3
448
 2013 04 20 05 35 15.681     2013 04 20 05 37 58.902     163.2
 2013 04 20 10 30 23.725     2013 04 20 10 33 24.269     180.5
449
 2013 04 20 09 29 17.357     2013 04 20 09 32   .361     163.0
 2013 04 20 16 03 42.872     2013 04 20 16 06 24.890     162.0
450
 2013 04 20 13 26 54.338     2013 04 20 13 29 34.324     160.0
 2013 04 20 20 00 12.943     2013 04 20 20 03 23.379     190.4
451
 2013 04 20 14 11 57.503     2013 04 20 14 14 33.049     155.5
 2013 04 20 20 51  1.623     2013 04 20 20 51  7.702       6.1
452
 2013 04 20 11 21 43.191     2013 04 20 11 25 12.659     209.5
453
 2013 04 20 02 00 47.290     2013 04 20 02 03 56.374     189.1
 2013 04 20 15 38 19.826     2013 04 20 15 41 42.949     203.1
454
 2013 04 20 10 47  1.563     2013 04 20 10 47 55.943      54.4
 2013 04 20 22 39 45.197     2013 04 20 22 42 21.870     156.7
455
 2013 04 20 11 50  5.693     2013 04 20 11 52 54.862     169.2
 2013 04 20 18 29 11.867     2013 04 20 18 29 42.120      30.3
456
 2013 04 20 02 46 41.242     2013 04 20 02 46 55.459      14.2
 2013 04 20 16 28 18.682     2013 04 20 16 31 28.617     189.9
457
 2013 04 20 15 48 16.484     2013 04 20 15 51  6.519     170.0
 2013 04 20 22 22 57.860     2013 04 20 22 25 39.167     161.3
458
 2013 04 20 05 16 24.544     2013 04 20 05 16 45.848      21.3
 2013 04 20 17 05 31.849     2013 04 20 17 05 46.568      14.7
459
460
 2013 04 20 16 34 50.539     2013 04 20 16 37 37.978     167.4
 2013 04 20 23 10  3.313     2013 04 20 23 12 49.203     165.9
461
 2013 04 20 04 26 37.975     2013 04 20 04 26 51.460      13.5
 2013 04 20 17 59 26.603     2013 04 20 18 02 34.923     188.3
462
 2013 04 20 09 53 13.438     2013 04 20 09 56 18.632     185.2
 2013 04 20 23 33  5.796     2013 04 20 23 36  7.770     182.0
463
 2013 04 20 16 20 35.932     2013 04 20 16 21 10.025      34.1
464
 2013 04 20 07 52 49.571     2013 04 20 07 55 39.724     170.2
 2013 04 20 16 06 24.331     2013 04 20 16 10  5.697     221.4
465
 2013 04 20 01 21  1.828     2013 04 20 01 22  1.105      59.3
466
467
 2013 04 20 22 03 22.031     2013 04 20 22 05 29.953     127.9
468
469
 2013 04 20 09 06 40.916     2013 04 20 09 09 34.860     173.9
 2013 04 20 22 44 10.731     2013 04 20 22 47 14.977     184.2
470
 2013 04 20 07 01 27.281     2013 04 20 07 04 11.238     164.0
471
 2013 04 20 02 06 55.554     2013 04 20 02 09 38.211     162.7
 2013 04 20 13 58 30.684     2013 04 20 14 02  7.651     217.0
472
 2013 04 20 11 03 30.232     2013 04 20 11 07  7.552     217.3
 2013 04 20 12 41 17.823     2013 04 20 12 42 10.484      52.7
 2013 04 20 17 37 33.939     2013 04 20 17 40 11.099     157.2
473
 2013 04 20 10 10 46.119     2013 04 20 10 13 43.594     177.5
474
 2013 04 20 09 11 49.637     2013 04 20 09 14 40.092     170.5
475
 2013 04 20 02 51 37.444     2013 04 20 02 54 15.614     158.2
476
 2013 04 20 08 17 56.403     2013 04 20 08 20 46.725     170.3
477
478
 2013 04 20 10 16 47.131     2013 04 20 10 20 11.138     204.0
 2013 04 20 11 54 28.609     2013 04 20 11 55 27.902      59.3
 2013 04 20 16 50 27.914     2013 04 20 16 53 10.472     162.6
479
 2013 04 20 14 07 24.449     2013 04 20 14 10 55.687     211.2
480
 2013 04 20 19 38 59.527     2013 04 20 19 42 14.151     194.6
481
 2013 04 20 15 34 46.375     2013 04 20 15 38  8.105     201.7
482
 2013 04 20 07 28 47.039     2013 04 20 07 28 48.513       1.5
483
 2013 04 20 05 07 42.267     2013 04 20 05 10 38.541     176.3
484
 2013 04 20 03 44 44.614     2013 04 20 03 45 41.327      56.7
 2013 04 20 15 29 44.127     2013 04 20 15 33 10.260     206.1
485
 2013 04 20 08 31 21.717     2013 04 20 08 33 59.284     157.6
486
 2013 04 20 13 59 59.657     2013 04 20 14 03  8.305     188.6
487
 2013 04 20 03 52 19.176     2013 04 20 03 55 16.874     177.7
488
 2013 04 20 14 00 36.903     2013 04 20 14 03 56.340     199.4
489
 2013 04 20 03 46  6.844     2013 04 20 03 48 50.115     163.3
490
 2013 04 20 05 06 31.410     2013 04 20 05 09 58.568     207.2
 2013 04 20 20 26 30.038     2013 04 20 20 29 43.026     193.0
491
 2013 04 20 00 42 27.173     2013 04 20 00 45 15.637     168.5
492
493
 2013 04 20 22 42 52.153     2013 04 20 22 45 42.485     170.3
494
 2013 04 20 01 51 27.756     2013 04 20 01 54 45.271     197.5
 2013 04 20 18 55 28.010     2013 04 20 18 59  9.214     221.2
495
 2013 04 20 04 35  4.079     2013 04 20 04 35  4.924        .8
 2013 04 20 16 17 39.608     2013 04 20 16 20 13.926     154.3
496
 2013 04 20 11 37 25.920     2013 04 20 11 40  1.455     155.5
 2013 04 20 23 24  1.334     2013 04 20 23 27 20.986     199.7
497
498
 2013 04 20 09 12 41.718     2013 04 20 09 16 24.747     223.0
 2013 04 20 21 05 26.166     2013 04 20 21 06   .578      34.4
499
 2013 04 20 02 41 56.923     2013 04 20 02 45 29.695     212.8
 2013 04 20 18 06 56.540     2013 04 20 18 07 47.329      50.8
500
 2013 04 20 11 29 36.160     2013 04 20 11 29 42.993       6.8
501
 2013 04 20 23 37 58.563     2013 04 20 23 38 34.647      36.1
502
 2013 04 20 15 42 16.574     2013 04 20 15 44 59.141     162.6
503
 2013 04 20 07 01 26.294     2013 04 20 07 03 13.290     107.0
504
 2013 04 20 05 48   .815     2013 04 20 05 51 21.267     200.5
 2013 04 20 22 51 58.352     2013 04 20 22 55 28.273     209.9
505
 2013 04 20 00 39 45.477     2013 04 20 00 42 54.213     188.7
 2013 04 20 10 40 56.077     2013 04 20 10 44 28.732     212.7
506
 2013 04 20 02 43 28.940     2013 04 20 02 46  9.736     160.8
 2013 04 20 18 06 30.551     2013 04 20 18 09 15.339     164.8
507
 2013 04 20 00 42 57.524     2013 04 20 00 46 19.001     201.5
508
 2013 04 20 02 13 32.099     2013 04 20 02 17 15.000     222.9
509
 2013 04 20 17 11  8.669     2013 04 20 17 13 51.370     162.7
510
 2013 04 20 14 59 12.018     2013 04 20 15 01 51.724     159.7
 2013 04 20 21 38 37.721     2013 04 20 21 38 39.283       1.6
511
 2013 04 20 14 59 47.584     2013 04 20 15 02 25.605     158.0
 2013 04 20 21 34 50.281     2013 04 20 21 38  9.472     199.2
512
 2013 04 20 04 17 39.079     2013 04 20 04 17 54.928      15.8
 2013 04 20 21 17 22.430     2013 04 20 21 20  3.756     161.3
513
 2013 04 20 06 56 33.481     2013 04 20 06 59 33.038     179.6
514
 2013 04 20 04 28 45.743     2013 04 20 04 32 29.336     223.6
515
 2013 04 20 07 30 39.376     2013 04 20 07 34  6.877     207.5
 2013 04 20 21 11 27.354     2013 04 20 21 14 59.445     212.1
516
 2013 04 20 08 32 15.211     2013 04 20 08 34 49.556     154.3
 2013 04 20 18 34 43.388     2013 04 20 18 34 47.304       3.9
517
 2013 04 20 04 40 28.089     2013 04 20 04 43 28.937     180.8
518
 2013 04 20 07 53 47.877     2013 04 20 07 57  8.030     200.2
 2013 04 20 14 29 56.157     2013 04 20 14 33 30.002     213.8
519
520
 2013 04 20 06 08 35.460     2013 04 20 06 11 10.395     154.9
521
522
523
 2013 04 20 17 24 28.386     2013 04 20 17 27  8.809     160.4
 2013 04 20 22 19 33.506     2013 04 20 22 22 37.609     184.1
524
 2013 04 20 00 17 48.600     2013 04 20 00 20 47.319     178.7
 2013 04 20 17 21 41.815     2013 04 20 17 24 28.868     167.1
525
 2013 04 20 02 25 32.710     2013 04 20 02 28 11.823     159.1
 2013 04 20 07 20 21.065     2013 04 20 07 23 47.900     206.8
 2013 04 20 08 57 53.640     2013 04 20 08 58 23.864      30.2
526
 2013 04 20 03 51 49.855     2013 04 20 03 54 25.399     155.5
 2013 04 20 13 49 24.338     2013 04 20 13 49 36.646      12.3
527
 2013 04 20 12 59 48.264     2013 04 20 13 03 31.382     223.1
528
 2013 04 20 10 59 58.813     2013 04 20 11 02 37.136     158.3
 2013 04 20 19 16 29.734     2013 04 20 19 19 35.044     185.3
529
 2013 04 20 10 10  4.882     2013 04 20 10 12 51.939     167.1
 2013 04 20 20 07 22.181     2013 04 20 20 08 11.462      49.3
530
 2013 04 20 07 52 42.979     2013 04 20 07 55 20.903     157.9
 2013 04 20 16 07 15.321     2013 04 20 16 10 50.141     214.8
531
 2013 04 20 05 12 36.542     2013 04 20 05 13  4.836      28.3
532
 2013 04 20 06 18 46.557     2013 04 20 06 22  8.852     202.3
533
 2013 04 20 11 32  4.999     2013 04 20 11 35 32.539     207.5
534
 2013 04 20 05 13 31.209     2013 04 20 05 16  7.618     156.4
535
536
 2013 04 20 00 00   .000     2013 04 20 00 01 31.716      91.7
 2013 04 20 08 14 47.980     2013 04 20 08 17 24.873     156.9
 2013 04 20 23 37 24.862     2013 04 20 23 40   .747     155.9
537
 2013 04 20 12 31  1.651     2013 04 20 12 33 48.911     167.3
 2013 04 20 22 30 50.463     2013 04 20 22 34 11.688     201.2
538
 2013 04 20 05 07 45.396     2013 04 20 05 10 20.301     154.9
539
 2013 04 20 21 05 54.332     2013 04 20 21 08 42.354     168.0
540
 2013 04 20 14 13 23.396     2013 04 20 14 16   .683     157.3
 2013 04 20 20 48  2.080     2013 04 20 20 50 38.189     156.1
541
 2013 04 20 11 02 11.469     2013 04 20 11 05  6.737     175.3
542
 2013 04 20 19 33   .555     2013 04 20 19 36 26.695     206.1
543
544
 2013 04 20 12 35 28.561     2013 04 20 12 36 13.288      44.7
 2013 04 20 20 52 12.896     2013 04 20 20 55 43.602     210.7
545
 2013 04 20 14 01  9.296     2013 04 20 14 03 43.536     154.2
546
547
 2013 04 20 10 34 52.920     2013 04 20 10 38 21.272     208.4
548
 2013 04 20 11 49 21.804     2013 04 20 11 52   .500     158.7
 2013 04 20 20 03 26.348     2013 04 20 20 04 37.069      70.7
549
550
 2013 04 20 22 34 31.817     2013 04 20 22 37 36.853     185.0
551
 2013 04 20 13 18 34.103     2013 04 20 13 21 12.017     157.9
 2013 04 20 23 17 45.873     2013 04 20 23 21 12.587     206.7
552
 2013 04 20 05 49 48.344     2013 04 20 05 52 28.072     159.7
 2013 04 20 22 53 15.091     2013 04 20 22 55 57.571     162.5
553
 2013 04 20 14 56 11.496     2013 04 20 14 58 47.407     155.9
 2013 04 20 23 13  5.197     2013 04 20 23 16 25.117     199.9
554
 2013 04 20 04 45  9.601     2013 04 20 04 48 56.136     226.5
 2013 04 20 11 21 34.063     2013 04 20 11 24 19.276     165.2
555
556
557
 2013 04 20 00 19 59.101     2013 04 20 00 23 46.160     227.1
 2013 04 20 15 45 18.452     2013 04 20 15 49  5.038     226.6
558
 2013 04 20 03 07 47.586     2013 04 20 03 10 26.854     159.3
 2013 04 20 11 24 18.660     2013 04 20 11 26 53.794     155.1
559
560
 2013 04 20 01 54 56.129     2013 04 20 01 58 25.142     209.0
 2013 04 20 17 19 47.081     2013 04 20 17 23 16.538     209.5
561
 2013 04 20 06 59 59.216     2013 04 20 07 02 49.198     170.0
 2013 04 20 16 59  7.189     2013 04 20 17 01 58.446     171.3
562
 2013 04 20 03 31 10.962     2013 04 20 03 34 59.578     228.6
 2013 04 20 18 52  6.392     2013 04 20 18 54 44.829     158.4
563
564
565
 2013 04 20 00 30 53.403     2013 04 20 00 34 31.242     217.8
566
567
 2013 04 20 22 33 27.083     2013 04 20 22 36  3.334     156.3
568
 2013 04 20 00 20 14.197     2013 04 20 00 23  1.267     167.1
569
 2013 04 20 14 10 37.701     2013 04 20 14 14 26.154     228.5
 2013 04 20 22 26 13.199     2013 04 20 22 26 14.498       1.3
570
 2013 04 20 15 46 13.468     2013 04 20 15 48 50.933     157.5
571
 2013 04 20 05 12 17.803     2013 04 20 05 15  1.785     164.0
 2013 04 20 18 47 30.794     2013 04 20 18 48 23.686      52.9
572
 2013 04 20 08 27 28.106     2013 04 20 08 30 19.448     171.3
 2013 04 20 20 15 13.284     2013 04 20 20 17 49.245     156.0
573
 2013 04 20 02 12 44.205     2013 04 20 02 15 19.056     154.9
574
 2013 04 20 14 11 20.255     2013 04 20 14 14 12.459     172.2
 2013 04 20 22 24 25.148     2013 04 20 22 24 55.652      30.5
575
 2013 04 20 02 56 43.314     2013 04 20 02 57  4.381      21.1
576
 2013 04 20 03 07 49.731     2013 04 20 03 10 59.933     190.2
 2013 04 20 11 24 45.160     2013 04 20 11 27 27.322     162.2
577
578
 2013 04 20 06 47 53.293     2013 04 20 06 50 45.007     171.7
579
 2013 04 20 12 33 23.142     2013 04 20 12 35 58.182     155.0
580
 2013 04 20 16 35 10.017     2013 04 20 16 37 51.057     161.0
 2013 04 20 23 09 28.132     2013 04 20 23 12  5.524     157.4
581
 2013 04 20 10 13  4.177     2013 04 20 10 15 40.891     156.7
 2013 04 20 18 29 29.015     2013 04 20 18 32 13.078     164.1
582
 2013 04 20 01 12 24.886     2013 04 20 01 12 36.851      12.0
583
 2013 04 20 13 21 52.636     2013 04 20 13 24 33.664     161.0
 2013 04 20 21 39   .177     2013 04 20 21 41 54.806     174.6
584
 2013 04 20 07 26 35.761     2013 04 20 07 30 17.449     221.7
 2013 04 20 22 48 34.713     2013 04 20 22 51 40.108     185.4
585
 2013 04 20 03 08 18.044     2013 04 20 03 09  3.954      45.9
 2013 04 20 11 24 33.364     2013 04 20 11 25 56.143      82.8
586
 2013 04 20 03 03 35.045     2013 04 20 03 06  9.035     154.0
 2013 04 20 13 03 14.329     2013 04 20 13 06 13.610     179.3
587
588
589
 2013 04 20 04 23 33.802     2013 04 20 04 26 20.443     166.6
 2013 04 20 18 01 32.274     2013 04 20 18 04  8.031     155.8
590
 2013 04 20 09 16 14.724     2013 04 20 09 17 58.396     103.7
591
 2013 04 20 21 07 34.569     2013 04 20 21 10 27.726     173.2
592
593
 2013 04 20 14 13  3.832     2013 04 20 14 16  4.045     180.2
 2013 04 20 20 48 30.483     2013 04 20 20 51  9.958     159.5
594
 2013 04 20 13 19 44.906     2013 04 20 13 22 21.805     156.9
595
 2013 04 20 11 31   .786     2013 04 20 11 33 39.866     159.1
596
 2013 04 20 08 29 47.852     2013 04 20 08 32 56.721     188.9
597
 2013 04 20 04 17   .075     2013 04 20 04 19 50.200     170.1
 2013 04 20 19 43 40.992     2013 04 20 19 43 54.925      13.9
598
 2013 04 20 06 17 42.652     2013 04 20 06 20 17.709     155.1
 2013 04 20 14 32 53.151     2013 04 20 14 35 50.294     177.1
599
 2013 04 20 07 48 16.310     2013 04 20 07 51  6.042     169.7
 2013 04 20 17 45 23.566     2013 04 20 17 46  2.395      38.8
600
601
602
 2013 04 20 21 16 54.540     2013 04 20 21 19 43.883     169.3
603
 2013 04 20 01 29 42.983     2013 04 20 01 32 48.549     185.6
604
 2013 04 20 22 40 36.206     2013 04 20 22 43 27.810     171.6
605
 2013 04 20 10 57 22.523     2013 04 20 11 00  2.991     160.5
 2013 04 20 20 54 47.233     2013 04 20 20 55 32.773      45.5
606
 2013 04 20 13 22 25.388     2013 04 20 13 25 46.874     201.5
 2013 04 20 21 37 43.327     2013 04 20 21 40 19.757     156.4
607
 2013 04 20 01 36 31.536     2013 04 20 01 39 23.784     172.2
 2013 04 20 08 10 43.717     2013 04 20 08 13 20.921     157.2
608
 2013 04 20 07 38 57.171     2013 04 20 07 41 37.160     160.0
 2013 04 20 19 29 24.486     2013 04 20 19 32  6.482     162.0
609
610
 2013 04 20 10 49 32.366     2013 04 20 10 52  9.703     157.3
 2013 04 20 22 37 37.532     2013 04 20 22 40 37.236     179.7
611
 2013 04 20 16 09  7.296     2013 04 20 16 12 26.856     199.6
612
 2013 04 20 22 34 22.406     2013 04 20 22 37  2.782     160.4
613
 2013 04 20 01 57 19.327     2013 04 20 02 00 33.623     194.3
 2013 04 20 17 19 10.783     2013 04 20 17 22 41.747     211.0
614
 2013 04 20 06 06  9.811     2013 04 20 06 09 50.252     220.4
615
 2013 04 20 17 43 50.383     2013 04 20 17 46 27.976     157.6
616
 2013 04 20 03 14  3.197     2013 04 20 03 16 50.434     167.2
 2013 04 20 08 09  8.993     2013 04 20 08 11 46.080     157.1
617
 2013 04 20 00 37 24.243     2013 04 20 00 40 37.038     192.8
618
619
 2013 04 20 03 34 53.338     2013 04 20 03 37 32.096     158.8
 2013 04 20 17 16 48.737     2013 04 20 17 17 25.766      37.0
620
621
 2013 04 20 05 49 13.498     2013 04 20 05 52 18.763     185.3
 2013 04 20 22 54 11.618     2013 04 20 22 56 50.757     159.1
622
 2013 04 20 05 25 25.351     2013 04 20 05 28  9.409     164.1
 2013 04 20 15 25 16.670     2013 04 20 15 28 31.641     195.0
623
 2013 04 20 11 40  8.631     2013 04 20 11 43 54.943     226.3
 2013 04 20 21 48 16.871     2013 04 20 21 49 13.523      56.7
624
 2013 04 20 02 41 41.731     2013 04 20 02 44 37.584     175.9
 2013 04 20 19 43  4.664     2013 04 20 19 43  4.035       -.6
625
 2013 04 20 17 07 20.618     2013 04 20 17 08  2.617      42.0
626
627
 2013 04 20 14 58 21.380     2013 04 20 15 01 35.810     194.4
628
 2013 04 20 09 52  5.051     2013 04 20 09 55  9.827     184.8
629
630
631
 2013 04 20 05 01 23.323     2013 04 20 05 04 17.396     174.1
 2013 04 20 22 05 22.569     2013 04 20 22 08 19.761     177.2
632
 2013 04 20 05 49 45.674     2013 04 20 05 52 29.584     163.9
 2013 04 20 22 53  7.002     2013 04 20 22 55 49.644     162.6
633
 2013 04 20 06 40 17.139     2013 04 20 06 42 59.635     162.5
 2013 04 20 22 02 16.883     2013 04 20 22 04 52.623     155.7
634
 2013 04 20 01 07 15.602     2013 04 20 01 09 54.486     158.9
 2013 04 20 18 08 57.112     2013 04 20 18 09 13.059      15.9
635
 2013 04 20 09 25 14.496     2013 04 20 09 28 56.099     221.6
 2013 04 20 17 41   .546     2013 04 20 17 43 54.165     173.6
636
 2013 04 20 01 21 26.824     2013 04 20 01 24 59.748     212.9
 2013 04 20 13 10 56.072     2013 04 20 13 14 15.141     199.1
637
 2013 04 20 00 17 49.807     2013 04 20 00 21 40.320     230.5
 2013 04 20 17 23 44.003     2013 04 20 17 26 23.434     159.4
 2013 04 20 22 18 27.566     2013 04 20 22 22  9.179     221.6
638
 2013 04 20 08 44 21.418     2013 04 20 08 47 55.895     214.5
 2013 04 20 13 40 23.396     2013 04 20 13 43 23.875     180.5
639
 2013 04 20 00 44 47.997     2013 04 20 00 45 55.989      68.0
 2013 04 20 09 03 35.476     2013 04 20 09 06 15.096     159.6
640
 2013 04 20 06 02 46.078     2013 04 20 06 05 45.198     179.1
 2013 04 20 17 58 28.456     2013 04 20 17 59 14.306      45.9
641
 2013 04 20 10 14  4.657     2013 04 20 10 14 17.878      13.2
642
 2013 04 20 19 32 52.031     2013 04 20 19 35 43.182     171.2
643
 2013 04 20 06 42 39.794     2013 04 20 06 46  2.947     203.2
644
 2013 04 20 15 49 50.239     2013 04 20 15 52 34.050     163.8
 2013 04 20 20 45   .626     2013 04 20 20 48 10.426     189.8
645
 2013 04 20 08 38  9.658     2013 04 20 08 41 50.746     221.1
 2013 04 20 16 53 47.679     2013 04 20 16 56 31.999     164.3
646
 2013 04 20 14 55 11.389     2013 04 20 14 58  6.591     175.2
647
 2013 04 20 11 06 26.219     2013 04 20 11 09 48.857     202.6
 2013 04 20 16 02 16.779     2013 04 20 16 05  6.393     169.6
648
 2013 04 20 09 28  6.110     2013 04 20 09 31  4.840     178.7
649
 2013 04 20 10 47 45.068     2013 04 20 10 51  7.941     202.9
 2013 04 20 22 39 13.482     2013 04 20 22 41 47.133     153.7
650
 2013 04 20 07 25 56.543     2013 04 20 07 28 52.914     176.4
 2013 04 20 22 53 31.585     2013 04 20 22 54  9.611      38.0
651
 2013 04 20 05 13 35.185     2013 04 20 05 16 19.917     164.7
652
 2013 04 20 03 57 10.788     2013 04 20 03 59 50.158     159.4
 2013 04 20 10 36  2.793     2013 04 20 10 36 11.915       9.1
653
 2013 04 20 16 36 39.364     2013 04 20 16 39 40.734     181.4
 2013 04 20 21 32  6.503     2013 04 20 21 35 54.806     228.3
 2013 04 20 23 09 49.918     2013 04 20 23 10  1.209      11.3
654
 2013 04 20 05 54 46.775     2013 04 20 05 57 23.255     156.5
655
 2013 04 20 17 56 35.256     2013 04 20 17 59 10.791     155.5
656
 2013 04 20 17 57  6.767     2013 04 20 17 59 42.504     155.7
657
658
 2013 04 20 15 49 37.332     2013 04 20 15 52 16.141     158.8
 2013 04 20 20 44 38.908     2013 04 20 20 48  1.926     203.0
659
 2013 04 20 11 49  5.545     2013 04 20 11 52 31.553     206.0
 2013 04 20 20 02 16.893     2013 04 20 20 06  4.398     227.5
660
 2013 04 20 02 20 54.804     2013 04 20 02 24 14.778     200.0
 2013 04 20 10 37 16.637     2013 04 20 10 40 26.363     189.7
661
 2013 04 20 07 38 55.608     2013 04 20 07 42 23.453     207.8
 2013 04 20 19 27 41.339     2013 04 20 19 30 47.243     185.9
662
 2013 04 20 02 21  3.855     2013 04 20 02 24 12.786     188.9
 2013 04 20 10 37  6.360     2013 04 20 10 40 18.545     192.2
663
 2013 04 20 02 06 18.146     2013 04 20 02 08 55.775     157.6
664
 2013 04 20 13 04 33.689     2013 04 20 13 04 45.915      12.2
665
 2013 04 20 06 01 50.171     2013 04 20 06 04 23.539     153.4
666
 2013 04 20 07 00 28.876     2013 04 20 07 03 19.936     171.1
 2013 04 20 16 59 20.901     2013 04 20 16 59 51.933      31.0
667
 2013 04 20 16 15 23.886     2013 04 20 16 18 39.615     195.7
668
 2013 04 20 00 00 16.802     2013 04 20 00 03 27.225     190.4
 2013 04 20 23 38 42.198     2013 04 20 23 41 59.831     197.6
669
 2013 04 20 14 54 23.697     2013 04 20 14 57   .765     157.1
670
 2013 04 20 11 45 23.328     2013 04 20 11 48  3.152     159.8
671
 2013 04 20 04 38 48.791     2013 04 20 04 41 32.335     163.5
 2013 04 20 14 36 44.263     2013 04 20 14 40 19.237     215.0
672
 2013 04 20 00 01 51.731     2013 04 20 00 05 25.002     213.3
 2013 04 20 01 39 40.098     2013 04 20 01 43 33.013     232.9
 2013 04 20 06 35 38.596     2013 04 20 06 38 16.747     158.2
 2013 04 20 23 40 17.438     2013 04 20 23 43 57.755     220.3
673
 2013 04 20 14 55 55.256     2013 04 20 14 59 21.896     206.6
 2013 04 20 23 12  1.710     2013 04 20 23 15 24.481     202.8
674
 2013 04 20 05 30 57.502     2013 04 20 05 32 35.591      98.1
675
 2013 04 20 09 16 25.779     2013 04 20 09 19  3.980     158.2
676
 2013 04 20 07 06 33.479     2013 04 20 07 09 13.421     159.9
 2013 04 20 13 41 20.475     2013 04 20 13 45  8.389     227.9
677
 2013 04 20 10 15   .613     2013 04 20 10 18 22.511     201.9
 2013 04 20 16 53 32.480     2013 04 20 16 53 43.287      10.8
678
 2013 04 20 23 16 26.292     2013 04 20 23 19  7.115     160.8
679
 2013 04 20 00 25 13.637     2013 04 20 00 27 51.277     157.6
680
 2013 04 20 09 28 51.703     2013 04 20 09 29 22.101      30.4
 2013 04 20 17 40 49.463     2013 04 20 17 43 33.044     163.6
681
 2013 04 20 23 20 12.911     2013 04 20 23 23 33.413     200.5
682
 2013 04 20 14 56 10.619     2013 04 20 14 59 35.298     204.7
 2013 04 20 23 12  9.724     2013 04 20 23 15 14.127     184.4
683
 2013 04 20 01 05 28.628     2013 04 20 01 08 34.651     186.0
 2013 04 20 18 10 29.091     2013 04 20 18 13  8.749     159.7
684
 2013 04 20 00 48  6.037     2013 04 20 00 48 56.076      50.0
 2013 04 20 02 26   .324     2013 04 20 02 26 49.507      49.2
 2013 04 20 07 22 26.958     2013 04 20 07 25 25.955     179.0
685
 2013 04 20 19 18 21.570     2013 04 20 19 21  3.666     162.1
686
 2013 04 20 06 42 41.179     2013 04 20 06 46 16.976     215.8
687
 2013 04 20 05 17 14.143     2013 04 20 05 20 53.209     219.1
 2013 04 20 17 05 42.205     2013 04 20 17 08 36.536     174.3
688
 2013 04 20 08 17 19.869     2013 04 20 08 20 30.772     190.9
689
 2013 04 20 07 52  8.515     2013 04 20 07 55 25.371     196.9
 2013 04 20 16 06 26.709     2013 04 20 16 09 26.008     179.3
690
 2013 04 20 07 37  3.938     2013 04 20 07 37 47.150      43.2
 2013 04 20 21 07 54.066     2013 04 20 21 11  1.674     187.6
691
 2013 04 20 00 43 21.383     2013 04 20 00 46 27.089     185.7
692
 2013 04 20 04 36 43.574     2013 04 20 04 39 23.636     160.1
 2013 04 20 14 37 59.046     2013 04 20 14 40 56.217     177.2
693
 2013 04 20 02 40 15.031     2013 04 20 02 43 31.576     196.5
 2013 04 20 19 45 14.615     2013 04 20 19 47 52.386     157.8
694
 2013 04 20 08 41 26.106     2013 04 20 08 44 49.046     202.9
 2013 04 20 15 15 44.914     2013 04 20 15 18 34.551     169.6
695
 2013 04 20 00 21 47.252     2013 04 20 00 24 43.597     176.3
 2013 04 20 15 45  1.653     2013 04 20 15 47 36.824     155.2
696
 2013 04 20 06 57 48.555     2013 04 20 07 00 40.165     171.6
 2013 04 20 17 02  3.222     2013 04 20 17 03 20.409      77.2
697
 2013 04 20 07 04 30.810     2013 04 20 07 07 17.257     166.4
 2013 04 20 15 20 46.441     2013 04 20 15 23 29.244     162.8
698
 2013 04 20 16 13 14.841     2013 04 20 16 14 17.708      62.9
699
 2013 04 20 04 26 55.562     2013 04 20 04 29 36.266     160.7
700
 2013 04 20 00 36  9.447     2013 04 20 00 39 17.096     187.6
701
 2013 04 20 18 36 43.811     2013 04 20 18 39 44.206     180.4
702
 2013 04 20 17 59  9.894     2013 04 20 18 01 43.930     154.0
703
 2013 04 20 00 28 32.611     2013 04 20 00 31 47.721     195.1
704
 2013 04 20 03 56 36.615     2013 04 20 04 00 17.732     221.1
 2013 04 20 10 34 31.893     2013 04 20 10 35  9.937      38.0
705
706
 2013 04 20 04 26 28.738     2013 04 20 04 26 52.945      24.2
707
 2013 04 20 15 34 16.568     2013 04 20 15 34 38.892      22.3
708
 2013 04 20 02 20 53.792     2013 04 20 02 21  7.893      14.1
 2013 04 20 10 34 59.409     2013 04 20 10 38  1.037     181.6
709
 2013 04 20 19 37 19.629     2013 04 20 19 37 31.807      12.2
710
 2013 04 20 02 58 24.617     2013 04 20 03 01  5.072     160.5
711
 2013 04 20 10 51 12.558     2013 04 20 10 54 16.953     184.4
712
 2013 04 20 17 58  2.829     2013 04 20 18 00 37.406     154.6
713
 2013 04 20 11 22  6.310     2013 04 20 11 25 36.476     210.2
714
 2013 04 20 18 51 24.118     2013 04 20 18 54 21.745     177.6
715
 2013 04 20 13 18 20.519     2013 04 20 13 18 49.852      29.3
716
 2013 04 20 08 42 14.439     2013 04 20 08 45 35.317     200.9
 2013 04 20 10 19 53.260     2013 04 20 10 20 31.824      38.6
 2013 04 20 15 15 56.031     2013 04 20 15 18 38.425     162.4
717
 2013 04 20 00 48 30.691     2013 04 20 00 51 30.655     180.0
 2013 04 20 07 23   .669     2013 04 20 07 26  8.850     188.2
718
 2013 04 20 01 33  8.920     2013 04 20 01 36 42.985     214.1
 2013 04 20 09 50 23.746     2013 04 20 09 53 12.073     168.3
719
 2013 04 20 00 31 33.181     2013 04 20 00 34 48.091     194.9
 2013 04 20 12 27 19.934     2013 04 20 12 28 26.137      66.2
720
 2013 04 20 05 02 10.205     2013 04 20 05 05 44.125     213.9
 2013 04 20 22 05  3.073     2013 04 20 22 07 53.477     170.4
721
 2013 04 20 11 32 29.691     2013 04 20 11 35 11.641     162.0
722
 2013 04 20 03 47 12.955     2013 04 20 03 50 31.926     199.0
723
 2013 04 20 19 32 57.476     2013 04 20 19 35 36.307     158.8
724
 2013 04 20 13 47 30.211     2013 04 20 13 50  6.767     156.6
725
 2013 04 20 13 08 27.585     2013 04 20 13 11  9.112     161.5
726
 2013 04 20 03 43 41.738     2013 04 20 03 46 18.030     156.3
 2013 04 20 15 32 16.661     2013 04 20 15 35  1.685     165.0
727
 2013 04 20 07 53 12.021     2013 04 20 07 56 15.433     183.4
728
 2013 04 20 03 34 14.972     2013 04 20 03 37 35.334     200.4
 2013 04 20 17 14 56.790     2013 04 20 17 18 32.683     215.9
729
 2013 04 20 06 19 56.986     2013 04 20 06 22 33.815     156.8
 2013 04 20 12 54 38.527     2013 04 20 12 57 33.932     175.4
730
 2013 04 20 05 33 24.568     2013 04 20 05 36 19.034     174.5
 2013 04 20 12 07  9.756     2013 04 20 12 09 53.348     163.6
731
 2013 04 20 16 37 33.079     2013 04 20 16 40 46.390     193.3
 2013 04 20 21 33 12.849     2013 04 20 21 35 59.307     166.5
732
733
 2013 04 20 01 19 29.012     2013 04 20 01 22 26.888     177.9
 2013 04 20 13 11 34.032     2013 04 20 13 15  2.128     208.1
734
 2013 04 20 06 15 25.062     2013 04 20 06 19 10.038     225.0
 2013 04 20 14 31 31.182     2013 04 20 14 35 15.936     224.8
735
 2013 04 20 03 50 28.345     2013 04 20 03 54  9.097     220.8
 2013 04 20 13 49 24.507     2013 04 20 13 52  5.470     161.0
736
 2013 04 20 01 08 11.494     2013 04 20 01 11 26.028     194.5
 2013 04 20 16 30 29.060     2013 04 20 16 33 56.614     207.6
737
 2013 04 20 07 43 56.726     2013 04 20 07 45 22.633      85.9
 2013 04 20 19 25 41.183     2013 04 20 19 26 56.417      75.2
738
 2013 04 20 01 25 36.122     2013 04 20 01 28 38.485     182.4
739
740
 2013 04 20 10 53  8.193     2013 04 20 10 56   .687     172.5
741
 2013 04 20 00 31 36.820     2013 04 20 00 34 32.617     175.8
742
 2013 04 20 21 16 18.758     2013 04 20 21 16 37.639      18.9
743
 2013 04 20 10 59 45.802     2013 04 20 11 03 32.113     226.3
 2013 04 20 19 15 31.385     2013 04 20 19 18 25.995     174.6
744
 2013 04 20 03 31 43.193     2013 04 20 03 34 32.275     169.1
 2013 04 20 18 53 43.767     2013 04 20 18 56 40.395     176.6
745
 2013 04 20 11 33 49.392     2013 04 20 11 36 40.513     171.1
 2013 04 20 23 29 45.127     2013 04 20 23 30 10.267      25.1
746
 2013 04 20 05 53 42.683     2013 04 20 05 56 50.583     187.9
 2013 04 20 21 14 11.473     2013 04 20 21 17  9.845     178.4
747
 2013 04 20 22 39 50.241     2013 04 20 22 43  6.838     196.6
748
 2013 04 20 10 59 13.130     2013 04 20 11 02 11.888     178.8
 2013 04 20 19 17 16.147     2013 04 20 19 20 54.835     218.7
749
 2013 04 20 05 51 10.088     2013 04 20 05 54 17.001     186.9
 2013 04 20 21 19 40.869     2013 04 20 21 19 50.456       9.6
750
 2013 04 20 13 25 58.655     2013 04 20 13 29 47.886     229.2
 2013 04 20 20 01 51.454     2013 04 20 20 04 32.623     161.2
751
752
 2013 04 20 12 17 16.953     2013 04 20 12 17 35.273      18.3
753
754
 2013 04 20 05 29 45.952     2013 04 20 05 30 17.098      31.1
 2013 04 20 15 22 30.824     2013 04 20 15 23 13.712      42.9
755
 2013 04 20 22 47  5.407     2013 04 20 22 49 54.300     168.9
756
 2013 04 20 00 16 40.044     2013 04 20 00 19 17.859     157.8
 2013 04 20 18 59 38.138     2013 04 20 19 02 44.564     186.4
757
 2013 04 20 03 10 38.597     2013 04 20 03 11 12.948      34.4
 2013 04 20 04 48 41.463     2013 04 20 04 52 19.553     218.1
 2013 04 20 09 44 33.394     2013 04 20 09 47  9.812     156.4
758
 2013 04 20 02 25 22.970     2013 04 20 02 28  6.080     163.1
 2013 04 20 07 20  7.337     2013 04 20 07 23 38.143     210.8
 2013 04 20 08 57 48.676     2013 04 20 08 59 21.922      93.2
759
 2013 04 20 04 00 44.007     2013 04 20 04 03 54.964     191.0
 2013 04 20 08 56 23.749     2013 04 20 08 59 22.620     178.9
760
 2013 04 20 18 38 15.845     2013 04 20 18 40 49.366     153.5
761
 2013 04 20 02 43 49.106     2013 04 20 02 47 20.772     211.7
 2013 04 20 18 07  7.662     2013 04 20 18 09 56.324     168.7
762
 2013 04 20 04 46 34.756     2013 04 20 04 49 31.956     177.2
 2013 04 20 09 41 10.357     2013 04 20 09 41 20.682      10.3
 2013 04 20 11 19 38.228     2013 04 20 11 22 48.261     190.0
763
 2013 04 20 23 21  5.985     2013 04 20 23 24 33.795     207.8
764
 2013 04 20 10 07 52.829     2013 04 20 10 08 17.479      24.7
 2013 04 20 20 07 53.591     2013 04 20 20 10 36.651     163.1
765
 2013 04 20 02 54 10.034     2013 04 20 02 56 48.498     158.5
766
767
 2013 04 20 05 03 47.613     2013 04 20 05 04 40.890      53.3
 2013 04 20 20 29 15.856     2013 04 20 20 32 43.167     207.3
768
 2013 04 20 15 34 24.442     2013 04 20 15 37 13.912     169.5
769
 2013 04 20 21 55 41.811     2013 04 20 21 58 22.097     160.3
770
 2013 04 20 16 10 28.447     2013 04 20 16 13 58.585     210.1
771
 2013 04 20 21 42  5.283     2013 04 20 21 44 42.926     157.6
772
773
 2013 04 20 13 26   .314     2013 04 20 13 28 39.443     159.1
 2013 04 20 20 00 23.985     2013 04 20 20 03  1.697     157.7
774
 2013 04 20 08 31 16.891     2013 04 20 08 33 51.531     154.6
775
 2013 04 20 23 20 58.919     2013 04 20 23 24 11.866     192.9
776
 2013 04 20 05 58  3.613     2013 04 20 06 00 47.972     164.4
 2013 04 20 19 35 13.946     2013 04 20 19 37 53.700     159.8
777
 2013 04 20 06 20  7.308     2013 04 20 06 23 10.042     182.7
 2013 04 20 12 55 39.873     2013 04 20 12 58 21.651     161.8
778
 2013 04 20 03 36 33.620     2013 04 20 03 39  7.636     154.0
 2013 04 20 17 13 44.632     2013 04 20 17 16 19.103     154.5
779
 2013 04 20 05 54 20.865     2013 04 20 05 57 14.473     173.6
 2013 04 20 21 14 55.759     2013 04 20 21 15 32.510      36.8
780
 2013 04 20 10 03 20.594     2013 04 20 10 07  1.898     221.3
781
 2013 04 20 07 44 50.082     2013 04 20 07 48 24.120     214.0
 2013 04 20 17 48 50.931     2013 04 20 17 51 41.396     170.5
782
 2013 04 20 15 49 22.268     2013 04 20 15 51 59.352     157.1
 2013 04 20 20 44 17.948     2013 04 20 20 47 59.290     221.3
 2013 04 20 22 22  5.117     2013 04 20 22 23  9.482      64.4
783
 2013 04 20 09 04  4.671     2013 04 20 09 04 11.595       6.9
784
 2013 04 20 02 03 38.709     2013 04 20 02 06 37.179     178.5
 2013 04 20 15 36 59.130     2013 04 20 15 37 30.831      31.7
785
 2013 04 20 08 31  4.673     2013 04 20 08 31 59.097      54.4
 2013 04 20 20 13 43.637     2013 04 20 20 16 43.683     180.0
786
 2013 04 20 01 30 23.579     2013 04 20 01 33 12.603     169.0
787
 2013 04 20 01 09 24.238     2013 04 20 01 12   .588     156.3
 2013 04 20 16 31 43.163     2013 04 20 16 34 19.332     156.2
788
 2013 04 20 00 38 56.289     2013 04 20 00 40  1.134      64.8
 2013 04 20 12 19 53.536     2013 04 20 12 20 18.370      24.8
789
 2013 04 20 00 19  9.296     2013 04 20 00 22 16.778     187.5
 2013 04 20 17 21 26.663     2013 04 20 17 24 48.511     201.8
790
791
 2013 04 20 09 59 22.230     2013 04 20 10 02 30.510     188.3
 2013 04 20 21 51 53.842     2013 04 20 21 55 25.939     212.1
792
793
794
 2013 04 20 00 22 19.329     2013 04 20 00 22 21.404       2.1
 2013 04 20 15 42 42.522     2013 04 20 15 45 34.900     172.4
795
 2013 04 20 12 35 34.671     2013 04 20 12 39 23.198     228.5
 2013 04 20 20 52  6.557     2013 04 20 20 55 35.098     208.5
796
 2013 04 20 02 06  8.689     2013 04 20 02 09 43.985     215.3
797
 2013 04 20 01 34 33.067     2013 04 20 01 37 43.561     190.5
 2013 04 20 09 47 41.039     2013 04 20 09 49 13.379      92.3
798
 2013 04 20 05 02 38.146     2013 04 20 05 05 38.963     180.8
 2013 04 20 22 06 51.431     2013 04 20 22 09 41.054     169.6
799
