s4
0
 2013 04 20 14 06  2.423     2013 04 20 14 09 22.270     199.8
1
 2013 04 20 16 23 17.896     2013 04 20 16 26 39.438     201.5
2
 2013 04 20 11 43 34.538     2013 04 20 11 46 45.904     191.4
3
 2013 04 20 03 02 19.714     2013 04 20 03 05 43.846     204.1
4
 2013 04 20 18 05 16.354     2013 04 20 18 07 53.936     157.6
5
 2013 04 20 05 33 13.379     2013 04 20 05 34  9.992      56.6
6
 2013 04 20 03 11 36.149     2013 04 20 03 14 39.978     183.8
7
 2013 04 20 21 51 10.260     2013 04 20 21 54  7.619     177.4
8
 2013 04 20 03 00  9.960     2013 04 20 03 02 45.388     155.4
 2013 04 20 16 40 16.512     2013 04 20 16 43 42.140     205.6
9
 2013 04 20 09 21 39.389     2013 04 20 09 24 41.102     181.7
10
11
 2013 04 20 03 44 14.113     2013 04 20 03 48 10.028     235.9
 2013 04 20 19 05 27.401     2013 04 20 19 08 59.064     211.7
12
 2013 04 20 05 18  8.810     2013 04 20 05 20 52.149     163.3
 2013 04 20 20 41 58.283     2013 04 20 20 44 37.903     159.6
13
14
 2013 04 20 06 01  1.291     2013 04 20 06 03 50.461     169.2
 2013 04 20 23 07  1.077     2013 04 20 23 10 16.888     195.8
15
 2013 04 20 18 44 42.509     2013 04 20 18 47 57.757     195.2
16
17
 2013 04 20 20 16 17.086     2013 04 20 20 19  1.663     164.6
18
 2013 04 20 04 07 38.084     2013 04 20 04 10 30.168     172.1
 2013 04 20 12 23 59.696     2013 04 20 12 26 36.762     157.1
19
 2013 04 20 04 06 59.814     2013 04 20 04 07 46.566      46.8
 2013 04 20 14 01 43.198     2013 04 20 14 05 21.983     218.8
20
 2013 04 20 13 31 43.612     2013 04 20 13 34 32.557     168.9
 2013 04 20 23 32 26.246     2013 04 20 23 35 55.685     209.4
21
22
23
 2013 04 20 10 24 23.219     2013 04 20 10 27 17.050     173.8
24
 2013 04 20 19 56  8.760     2013 04 20 19 59 26.632     197.9
25
 2013 04 20 15 35 47.939     2013 04 20 15 37 11.241      83.3
26
27
 2013 04 20 04 41 54.076     2013 04 20 04 45 21.382     207.3
 2013 04 20 16 34 40.402     2013 04 20 16 37 17.672     157.3
28
 2013 04 20 03 56 43.804     2013 04 20 03 58  6.185      82.4
 2013 04 20 15 44 30.753     2013 04 20 15 48 18.372     227.6
29
 2013 04 20 06 03 42.147     2013 04 20 06 06 41.090     178.9
30
 2013 04 20 02 52 13.601     2013 04 20 02 55 26.632     193.0
 2013 04 20 19 57 36.082     2013 04 20 20 00 14.301     158.2
31
 2013 04 20 21 08 41.292     2013 04 20 21 11 23.942     162.6
32
 2013 04 20 06 24 32.562     2013 04 20 06 27 51.869     199.3
 2013 04 20 16 25 27.789     2013 04 20 16 28  6.877     159.1
33
 2013 04 20 05 17 36.277     2013 04 20 05 21 10.781     214.5
 2013 04 20 20 41  5.464     2013 04 20 20 43 51.623     166.2
34
 2013 04 20 11 40 21.156     2013 04 20 11 43 14.219     173.1
35
 2013 04 20 01 22 29.847     2013 04 20 01 25 16.565     166.7
 2013 04 20 16 44 18.997     2013 04 20 16 47 48.048     209.1
36
37
 2013 04 20 02 12  8.391     2013 04 20 02 15 12.132     183.7
 2013 04 20 15 53 42.300     2013 04 20 15 57 15.419     213.1
38
 2013 04 20 00 07 22.023     2013 04 20 00 10 14.495     172.5
39
 2013 04 20 04 25  4.157     2013 04 20 04 27 43.995     159.8
 2013 04 20 23 10 26.029     2013 04 20 23 13 14.614     168.6
40
 2013 04 20 01 17  8.267     2013 04 20 01 17 14.734       6.5
 2013 04 20 18 25 11.983     2013 04 20 18 27 50.998     159.0
 2013 04 20 23 20 32.952     2013 04 20 23 23 56.620     203.7
41
 2013 04 20 02 12 30.813     2013 04 20 02 15 33.948     183.1
 2013 04 20 15 53 45.702     2013 04 20 15 56 53.126     187.4
42
 2013 04 20 06 12 54.339     2013 04 20 06 16 13.315     199.0
43
 2013 04 20 06 12  1.831     2013 04 20 06 12 45.953      44.1
44
 2013 04 20 00 13 34.784     2013 04 20 00 16 21.893     167.1
 2013 04 20 06 48 50.866     2013 04 20 06 51 46.549     175.7
45
46
 2013 04 20 21 16 30.481     2013 04 20 21 16 59.249      28.8
47
 2013 04 20 01 23  7.640     2013 04 20 01 23 32.702      25.1
48
 2013 04 20 20 43 30.108     2013 04 20 20 46 38.536     188.4
49
 2013 04 20 18 17 27.373     2013 04 20 18 20  6.796     159.4
50
51
 2013 04 20 03 19 49.169     2013 04 20 03 22 51.409     182.2
 2013 04 20 11 37 52.302     2013 04 20 11 40 32.740     160.4
52
53
 2013 04 20 11 07 36.125     2013 04 20 11 10 31.869     175.7
 2013 04 20 21 10  6.717     2013 04 20 21 13 35.528     208.8
54
 2013 04 20 06 33   .731     2013 04 20 06 35 49.132     168.4
 2013 04 20 13 07 56.012     2013 04 20 13 10 37.857     161.8
55
 2013 04 20 02 06 20.092     2013 04 20 02 09  8.491     168.4
 2013 04 20 19 10 12.863     2013 04 20 19 14  4.233     231.4
56
 2013 04 20 04 08 25.372     2013 04 20 04 11 56.500     211.1
 2013 04 20 12 22 47.444     2013 04 20 12 26 19.817     212.4
57
 2013 04 20 03 01  7.716     2013 04 20 03 01 42.211      34.5
58
 2013 04 20 00 34 23.957     2013 04 20 00 37 20.613     176.7
 2013 04 20 15 58 18.301     2013 04 20 16 01 15.157     176.9
59
 2013 04 20 05 48 51.028     2013 04 20 05 52   .940     189.9
 2013 04 20 10 44 36.516     2013 04 20 10 47 17.611     161.1
60
 2013 04 20 09 27 26.463     2013 04 20 09 30  1.488     155.0
 2013 04 20 21 17 23.781     2013 04 20 21 20  5.057     161.3
61
 2013 04 20 13 37 40.299     2013 04 20 13 41 31.231     230.9
 2013 04 20 20 12 48.623     2013 04 20 20 16 19.727     211.1
62
 2013 04 20 16 19 16.402     2013 04 20 16 22 18.449     182.0
63
 2013 04 20 02 16  5.971     2013 04 20 02 19 11.965     186.0
64
 2013 04 20 02 29 25.685     2013 04 20 02 33  5.791     220.1
65
 2013 04 20 07 39 10.218     2013 04 20 07 41 56.738     166.5
 2013 04 20 23 03 36.425     2013 04 20 23 07 15.198     218.8
66
 2013 04 20 08 54 35.856     2013 04 20 08 57 47.541     191.7
 2013 04 20 15 31  5.654     2013 04 20 15 33 57.349     171.7
67
 2013 04 20 12 33 39.590     2013 04 20 12 36 27.272     167.7
68
 2013 04 20 08 08 16.366     2013 04 20 08 11 16.591     180.2
 2013 04 20 14 42 20.848     2013 04 20 14 45 23.417     182.6
69
 2013 04 20 01 26 10.255     2013 04 20 01 29 49.687     219.4
 2013 04 20 15 04 17.831     2013 04 20 15 07  1.654     163.8
70
 2013 04 20 12 01 59.344     2013 04 20 12 04 37.970     158.6
 2013 04 20 20 17 57.531     2013 04 20 20 21  4.449     186.9
71
 2013 04 20 06 58 17.898     2013 04 20 07 01  6.376     168.5
 2013 04 20 20 37 18.612     2013 04 20 20 40  3.479     164.9
72
 2013 04 20 00 50 15.760     2013 04 20 00 53  1.739     166.0
73
 2013 04 20 17 33 52.612     2013 04 20 17 37 20.465     207.9
74
 2013 04 20 06 28 16.531     2013 04 20 06 31  3.020     166.5
 2013 04 20 14 46 46.982     2013 04 20 14 50 25.877     218.9
75
 2013 04 20 13 17 40.015     2013 04 20 13 17 53.738      13.7
76
 2013 04 20 03 47 24.081     2013 04 20 03 50  5.392     161.3
 2013 04 20 17 27 53.184     2013 04 20 17 31 18.312     205.1
77
 2013 04 20 06 29 38.200     2013 04 20 06 33  1.470     203.3
 2013 04 20 14 45 34.748     2013 04 20 14 48 18.760     164.0
78
 2013 04 20 00 50 45.420     2013 04 20 00 53 38.018     172.6
79
 2013 04 20 08 48 30.411     2013 04 20 08 51 16.299     165.9
 2013 04 20 18 46 36.756     2013 04 20 18 46 38.495       1.7
80
 2013 04 20 18 54 38.468     2013 04 20 18 55 16.198      37.7
81
 2013 04 20 15 50 48.516     2013 04 20 15 53 32.000     163.5
82
 2013 04 20 07 10 40.597     2013 04 20 07 13 22.732     162.1
 2013 04 20 17 14 21.920     2013 04 20 17 17 34.716     192.8
83
 2013 04 20 06 15  3.340     2013 04 20 06 15 36.433      33.1
 2013 04 20 18 10 10.799     2013 04 20 18 13 15.319     184.5
84
85
 2013 04 20 10 30 59.215     2013 04 20 10 32  6.330      67.1
 2013 04 20 15 31 58.511     2013 04 20 15 32  2.626       4.1
 2013 04 20 17 05 59.599     2013 04 20 17 06 19.988      20.4
86
87
88
 2013 04 20 06 35  7.336     2013 04 20 06 37 49.992     162.7
 2013 04 20 11 30 39.853     2013 04 20 11 33 42.519     182.7
89
 2013 04 20 13 30 13.417     2013 04 20 13 33 30.055     196.6
 2013 04 20 23 33 48.478     2013 04 20 23 36 24.625     156.1
90
 2013 04 20 08 33 27.124     2013 04 20 08 36 59.258     212.1
 2013 04 20 22 11 45.564     2013 04 20 22 13 30.305     104.7
91
 2013 04 20 06 33 46.075     2013 04 20 06 36 53.770     187.7
 2013 04 20 08 11 29.655     2013 04 20 08 12 38.344      68.7
 2013 04 20 11 28 56.307     2013 04 20 11 32 50.802     234.5
 2013 04 20 13 07 21.023     2013 04 20 13 10 45.596     204.6
92
 2013 04 20 17 24 15.328     2013 04 20 17 27 37.372     202.0
93
 2013 04 20 02 26 26.295     2013 04 20 02 29 55.387     209.1
 2013 04 20 12 31   .365     2013 04 20 12 33 39.003     158.6
94
 2013 04 20 08 04  3.193     2013 04 20 08 07 51.796     228.6
 2013 04 20 16 20  4.363     2013 04 20 16 22 45.741     161.4
95
 2013 04 20 12 05 46.327     2013 04 20 12 08 24.751     158.4
 2013 04 20 17 05 10.328     2013 04 20 17 05 18.401       8.1
 2013 04 20 18 39 41.131     2013 04 20 18 43  5.690     204.6
96
 2013 04 20 04 50 15.579     2013 04 20 04 53 50.971     215.4
 2013 04 20 14 50 13.576     2013 04 20 14 53  2.847     169.3
97
98
 2013 04 20 13 32 20.981     2013 04 20 13 32 28.418       7.4
99
 2013 04 20 16 50 34.475     2013 04 20 16 54 14.096     219.6
 2013 04 20 21 47 10.791     2013 04 20 21 50 34.282     203.5
100
101
 2013 04 20 01 21 21.301     2013 04 20 01 24 46.014     204.7
 2013 04 20 16 44 20.339     2013 04 20 16 46 58.894     158.6
102
 2013 04 20 08 02 25.079     2013 04 20 08 06 11.763     226.7
 2013 04 20 16 23 29.312     2013 04 20 16 23 52.483      23.2
103
 2013 04 20 08 49 48.981     2013 04 20 08 52 43.849     174.9
104
 2013 04 20 01 01 23.204     2013 04 20 01 04  2.893     159.7
 2013 04 20 07 36 34.799     2013 04 20 07 39 14.467     159.7
105
 2013 04 20 22 09  6.509     2013 04 20 22 11 50.452     163.9
106
 2013 04 20 01 41 12.755     2013 04 20 01 42 21.693      68.9
 2013 04 20 11 44 59.603     2013 04 20 11 45  1.443       1.8
107
 2013 04 20 02 37 34.707     2013 04 20 02 40 13.384     158.7
 2013 04 20 07 32 54.360     2013 04 20 07 36 43.152     228.8
 2013 04 20 09 11  3.189     2013 04 20 09 14 48.008     224.8
108
 2013 04 20 06 06  8.333     2013 04 20 06 09 15.530     187.2
 2013 04 20 21 29 56.472     2013 04 20 21 33 12.903     196.4
109
110
 2013 04 20 00 14 43.859     2013 04 20 00 17 31.003     167.1
 2013 04 20 06 49 40.418     2013 04 20 06 52 37.288     176.9
111
 2013 04 20 19 05 13.087     2013 04 20 19 07 54.851     161.8
112
 2013 04 20 11 17 43.987     2013 04 20 11 21  9.397     205.4
 2013 04 20 12 55 41.736     2013 04 20 12 59 28.664     226.9
 2013 04 20 16 12 55.473     2013 04 20 16 16 47.297     231.8
 2013 04 20 17 51 21.327     2013 04 20 17 54 40.981     199.7
113
 2013 04 20 01 35  5.034     2013 04 20 01 38  9.856     184.8
114
115
116
 2013 04 20 10 25  8.888     2013 04 20 10 28 45.967     217.1
 2013 04 20 18 44 38.090     2013 04 20 18 47 32.441     174.4
117
 2013 04 20 02 18 54.570     2013 04 20 02 21 32.208     157.6
 2013 04 20 14 15 32.396     2013 04 20 14 15 37.532       5.1
118
 2013 04 20 12 04  4.934     2013 04 20 12 04 21.787      16.9
 2013 04 20 13 42 23.482     2013 04 20 13 45 55.053     211.6
 2013 04 20 18 38 33.163     2013 04 20 18 41 12.500     159.3
119
 2013 04 20 00 45 36.379     2013 04 20 00 45 58.233      21.9
 2013 04 20 12 37 22.924     2013 04 20 12 40 47.663     204.7
120
 2013 04 20 09 23 10.610     2013 04 20 09 26 15.451     184.8
121
 2013 04 20 09 21 28.902     2013 04 20 09 24 16.949     168.0
 2013 04 20 22 57 48.496     2013 04 20 23 01 10.472     202.0
122
 2013 04 20 00 29 44.415     2013 04 20 00 33 34.106     229.7
 2013 04 20 17 35  3.771     2013 04 20 17 37 43.902     160.1
123
 2013 04 20 04 56  3.768     2013 04 20 04 59 26.122     202.4
124
 2013 04 20 06 58 16.550     2013 04 20 07 01 31.458     194.9
 2013 04 20 20 36  3.715     2013 04 20 20 38 40.263     156.5
125
 2013 04 20 11 58 25.063     2013 04 20 11 59 14.161      49.1
 2013 04 20 21 56 35.745     2013 04 20 21 59 38.668     182.9
126
 2013 04 20 09 35  3.979     2013 04 20 09 35 51.388      47.4
127
128
 2013 04 20 02 07 39.726     2013 04 20 02 10 39.996     180.3
 2013 04 20 17 31 51.772     2013 04 20 17 35 20.231     208.5
129
 2013 04 20 00 57 50.820     2013 04 20 01 01 19.750     208.9
 2013 04 20 09 14   .973     2013 04 20 09 16 37.460     156.5
130
 2013 04 20 07 16 55.780     2013 04 20 07 20 19.706     203.9
 2013 04 20 15 34 51.306     2013 04 20 15 37 39.454     168.1
131
 2013 04 20 19 51 12.243     2013 04 20 19 51 32.205      20.0
132
 2013 04 20 01 20 26.299     2013 04 20 01 23  9.876     163.6
 2013 04 20 16 45 39.823     2013 04 20 16 48 51.403     191.6
133
134
135
 2013 04 20 04 49 20.417     2013 04 20 04 53 11.828     231.4
 2013 04 20 14 50 25.335     2013 04 20 14 53  9.803     164.5
136
 2013 04 20 00 00   .000     2013 04 20 00 02  7.992     128.0
 2013 04 20 11 48  2.167     2013 04 20 11 50 40.251     158.1
 2013 04 20 23 39 45.570     2013 04 20 23 43  9.465     203.9
137
138
 2013 04 20 06 31 51.878     2013 04 20 06 34 36.414     164.5
 2013 04 20 13 07 20.142     2013 04 20 13 11  7.831     227.7
139
 2013 04 20 21 18 27.946     2013 04 20 21 21 59.901     212.0
140
 2013 04 20 07 17 21.522     2013 04 20 07 20  5.167     163.6
 2013 04 20 15 33 34.985     2013 04 20 15 36 17.175     162.2
141
 2013 04 20 12 50 47.053     2013 04 20 12 54 35.196     228.1
 2013 04 20 14 28 44.861     2013 04 20 14 29 15.161      30.3
 2013 04 20 19 25 49.440     2013 04 20 19 28 48.007     178.6
142
 2013 04 20 01 45 41.222     2013 04 20 01 48 22.127     160.9
 2013 04 20 10 02  9.962     2013 04 20 10 04 55.049     165.1
143
 2013 04 20 02 09 50.531     2013 04 20 02 13   .403     189.9
 2013 04 20 17 32 31.618     2013 04 20 17 33 26.459      54.8
144
 2013 04 20 01 20   .819     2013 04 20 01 23 33.939     213.1
 2013 04 20 16 46 28.426     2013 04 20 16 49 31.481     183.1
145
 2013 04 20 11 15  3.030     2013 04 20 11 17 42.838     159.8
 2013 04 20 19 30   .180     2013 04 20 19 33 48.166     228.0
146
 2013 04 20 16 46 58.615     2013 04 20 16 49 53.264     174.6
147
 2013 04 20 04 44 35.063     2013 04 20 04 47 35.896     180.8
148
 2013 04 20 10 32 39.203     2013 04 20 10 33 15.138      35.9
 2013 04 20 12 07 28.869     2013 04 20 12 11  1.317     212.4
 2013 04 20 17 03 45.904     2013 04 20 17 06 23.498     157.6
149
 2013 04 20 11 07  9.808     2013 04 20 11 09 56.142     166.3
 2013 04 20 21 13 14.428     2013 04 20 21 14 16.274      61.8
150
 2013 04 20 17 23  4.253     2013 04 20 17 25 41.488     157.2
151
152
 2013 04 20 00 51 46.527     2013 04 20 00 54 23.575     157.0
 2013 04 20 10 55  3.980     2013 04 20 10 58 26.804     202.8
153
 2013 04 20 06 18  2.769     2013 04 20 06 20 50.016     167.2
 2013 04 20 18 08  9.271     2013 04 20 18 11  9.163     179.9
154
 2013 04 20 15 01 59.833     2013 04 20 15 04 43.601     163.8
155
 2013 04 20 03 35 59.458     2013 04 20 03 40  1.294     241.8
 2013 04 20 05 14 18.658     2013 04 20 05 18   .672     222.0
 2013 04 20 22 21 38.058     2013 04 20 22 24 19.094     161.0
156
 2013 04 20 02 58 37.679     2013 04 20 03 02 14.166     216.5
 2013 04 20 16 44 43.728     2013 04 20 16 45 36.153      52.4
157
 2013 04 20 10 27 23.458     2013 04 20 10 30 49.142     205.7
 2013 04 20 18 43 30.700     2013 04 20 18 43 58.193      27.5
158
 2013 04 20 02 25 39.264     2013 04 20 02 28 59.644     200.4
 2013 04 20 12 30 51.892     2013 04 20 12 34 18.416     206.5
159
 2013 04 20 07 11 45.642     2013 04 20 07 15 26.515     220.9
 2013 04 20 17 12 35.981     2013 04 20 17 15 12.111     156.1
160
 2013 04 20 04 31 22.543     2013 04 20 04 34  7.488     164.9
 2013 04 20 19 54 16.675     2013 04 20 19 57  5.493     168.8
161
 2013 04 20 13 32  3.248     2013 04 20 13 35 51.034     227.8
 2013 04 20 23 30 26.550     2013 04 20 23 33 56.674     210.1
162
163
 2013 04 20 06 29 57.400     2013 04 20 06 33 10.474     193.1
 2013 04 20 14 45 35.336     2013 04 20 14 48 28.741     173.4
164
 2013 04 20 14 10  9.216     2013 04 20 14 10 40.825      31.6
165
 2013 04 20 02 18 12.278     2013 04 20 02 20 50.146     157.9
166
 2013 04 20 09 43 28.156     2013 04 20 09 47 25.463     237.3
 2013 04 20 16 18 38.184     2013 04 20 16 20 46.208     128.0
167
168
 2013 04 20 14 22 11.689     2013 04 20 14 24 52.314     160.6
 2013 04 20 22 39 53.575     2013 04 20 22 43 25.474     211.9
169
 2013 04 20 16 50  3.646     2013 04 20 16 53  6.439     182.8
 2013 04 20 23 24 26.159     2013 04 20 23 28  9.030     222.9
170
 2013 04 20 06 26 51.399     2013 04 20 06 29 35.311     163.9
171
172
 2013 04 20 12 31 36.782     2013 04 20 12 34 27.357     170.6
173
174
 2013 04 20 21 14 41.338     2013 04 20 21 17 22.266     160.9
175
 2013 04 20 15 49 34.269     2013 04 20 15 52 11.524     157.3
176
 2013 04 20 10 22  8.132     2013 04 20 10 25  4.022     175.9
 2013 04 20 20 22 16.007     2013 04 20 20 25  8.636     172.6
177
 2013 04 20 00 47  1.904     2013 04 20 00 49 42.084     160.2
 2013 04 20 12 35 57.074     2013 04 20 12 39 12.603     195.5
178
 2013 04 20 02 21  3.092     2013 04 20 02 24 10.656     187.6
 2013 04 20 14 11 30.838     2013 04 20 14 14 36.702     185.9
179
 2013 04 20 07 21  7.763     2013 04 20 07 23 46.207     158.4
 2013 04 20 13 55 37.969     2013 04 20 13 58 31.731     173.8
180
 2013 04 20 14 56  4.639     2013 04 20 14 59 29.364     204.7
181
182
 2013 04 20 15 42  9.519     2013 04 20 15 45 57.438     227.9
183
 2013 04 20 15 36   .886     2013 04 20 15 39 16.589     195.7
184
 2013 04 20 03 59 57.234     2013 04 20 04 02 43.756     166.5
185
 2013 04 20 09 33 59.398     2013 04 20 09 37  9.720     190.3
 2013 04 20 19 35  4.954     2013 04 20 19 37 44.030     159.1
186
 2013 04 20 03 13 29.258     2013 04 20 03 16 22.570     173.3
 2013 04 20 13 17 49.982     2013 04 20 13 21 11.117     201.1
187
188
 2013 04 20 10 27 43.983     2013 04 20 10 29 26.774     102.8
189
 2013 04 20 10 11 31.326     2013 04 20 10 14 30.208     178.9
190
 2013 04 20 07 20 20.321     2013 04 20 07 23 43.504     203.2
 2013 04 20 13 56 41.541     2013 04 20 13 59 18.516     157.0
191
 2013 04 20 02 15 48.484     2013 04 20 02 18 34.844     166.4
 2013 04 20 15 50 52.795     2013 04 20 15 51  9.267      16.5
192
193
 2013 04 20 07 19 37.458     2013 04 20 07 20  2.011      24.6
 2013 04 20 08 57 51.992     2013 04 20 09 01 33.146     221.2
 2013 04 20 13 54 20.499     2013 04 20 13 56 58.405     157.9
194
 2013 04 20 05 46 50.938     2013 04 20 05 49 37.760     166.8
 2013 04 20 12 21  5.896     2013 04 20 12 24 33.733     207.8
195
 2013 04 20 07 43 38.927     2013 04 20 07 46 49.329     190.4
196
 2013 04 20 07 52 44.252     2013 04 20 07 55 45.462     181.2
 2013 04 20 19 41 54.797     2013 04 20 19 44 32.983     158.2
197
 2013 04 20 00 38 41.602     2013 04 20 00 41 32.177     170.6
 2013 04 20 14 17 42.683     2013 04 20 14 20 34.985     172.3
198
 2013 04 20 03 37 15.910     2013 04 20 03 38 14.164      58.3
 2013 04 20 05 15 13.585     2013 04 20 05 15 17.877       4.3
 2013 04 20 22 21 38.667     2013 04 20 22 25 25.920     227.3
199
 2013 04 20 03 37 59.833     2013 04 20 03 41  7.133     187.3
 2013 04 20 22 22 22.408     2013 04 20 22 26  4.799     222.4
200
 2013 04 20 11 04  7.879     2013 04 20 11 07 25.841     198.0
201
 2013 04 20 10 52 12.656     2013 04 20 10 55 25.035     192.4
202
 2013 04 20 13 41  1.873     2013 04 20 13 43 41.113     159.2
 2013 04 20 18 36 22.690     2013 04 20 18 39 42.995     200.3
203
 2013 04 20 09 39 15.889     2013 04 20 09 42 45.070     209.2
 2013 04 20 17 54 53.335     2013 04 20 17 57 43.855     170.5
204
 2013 04 20 07 15 21.896     2013 04 20 07 18  1.527     159.6
 2013 04 20 15 37 55.571     2013 04 20 15 37 58.383       2.8
205
 2013 04 20 00 15  6.968     2013 04 20 00 17 48.271     161.3
 2013 04 20 06 49 14.903     2013 04 20 06 52 36.636     201.7
206
 2013 04 20 10 51 40.736     2013 04 20 10 54 39.074     178.3
207
 2013 04 20 04 53 38.770     2013 04 20 04 53 45.453       6.7
 2013 04 20 13 13 31.461     2013 04 20 13 16 11.682     160.2
208
 2013 04 20 03 40   .965     2013 04 20 03 42 42.739     161.8
 2013 04 20 20 45 47.061     2013 04 20 20 48 28.147     161.1
209
 2013 04 20 14 49 44.744     2013 04 20 14 52 46.790     182.0
210
 2013 04 20 03 02 45.349     2013 04 20 03 02 49.510       4.2
 2013 04 20 16 37 32.173     2013 04 20 16 41 21.616     229.4
211
 2013 04 20 18 57 42.766     2013 04 20 19 01 10.046     207.3
212
 2013 04 20 10 28  7.675     2013 04 20 10 31 44.234     216.6
 2013 04 20 17 03 17.933     2013 04 20 17 07  9.264     231.3
213
 2013 04 20 04 34 16.253     2013 04 20 04 34 59.642      43.4
 2013 04 20 18 16 44.917     2013 04 20 18 19 27.788     162.9
214
 2013 04 20 00 00   .000     2013 04 20 00 01 55.175     115.2
 2013 04 20 11 47 54.241     2013 04 20 11 50 46.220     172.0
 2013 04 20 23 39 12.987     2013 04 20 23 42 56.661     223.7
215
 2013 04 20 02 31  5.700     2013 04 20 02 34  2.866     177.2
216
217
 2013 04 20 06 25 38.239     2013 04 20 06 29 19.196     221.0
 2013 04 20 16 24 18.247     2013 04 20 16 27 45.862     207.6
218
 2013 04 20 14 49 16.270     2013 04 20 14 52 24.800     188.5
219
 2013 04 20 06 52 19.460     2013 04 20 06 56   .674     221.2
 2013 04 20 22 15 45.131     2013 04 20 22 18 30.266     165.1
220
 2013 04 20 04 03  2.162     2013 04 20 04 05 42.203     160.0
 2013 04 20 14 04 12.245     2013 04 20 14 07  9.916     177.7
221
 2013 04 20 15 31 22.348     2013 04 20 15 35  9.549     227.2
222
 2013 04 20 22 14 24.479     2013 04 20 22 17  7.008     162.5
223
 2013 04 20 13 36 49.413     2013 04 20 13 39 54.965     185.6
 2013 04 20 21 51 40.305     2013 04 20 21 54 59.451     199.1
224
 2013 04 20 08 00 21.279     2013 04 20 08 01 41.798      80.5
225
 2013 04 20 01 00 27.753     2013 04 20 01 03 22.225     174.5
 2013 04 20 07 36 44.185     2013 04 20 07 40 18.588     214.4
226
 2013 04 20 12 04  5.060     2013 04 20 12 07 15.367     190.3
 2013 04 20 18 39  2.437     2013 04 20 18 41 45.342     162.9
227
228
 2013 04 20 22 14  6.148     2013 04 20 22 14 44.965      38.8
229
 2013 04 20 00 01 10.651     2013 04 20 00 04 58.818     228.2
 2013 04 20 23 42 11.852     2013 04 20 23 46   .311     228.5
230
 2013 04 20 11 46 16.974     2013 04 20 11 48 58.088     161.1
231
 2013 04 20 08 31 41.903     2013 04 20 08 34 25.242     163.3
 2013 04 20 22 11 31.271     2013 04 20 22 15  4.737     213.5
232
 2013 04 20 07 48 23.211     2013 04 20 07 52 10.492     227.3
233
 2013 04 20 08 35 48.659     2013 04 20 08 39  4.100     195.4
234
 2013 04 20 01 47 45.372     2013 04 20 01 51 35.950     230.6
 2013 04 20 03 25 46.908     2013 04 20 03 26 53.274      66.4
 2013 04 20 08 22 43.683     2013 04 20 08 25 35.345     171.7
235
 2013 04 20 08 36 17.693     2013 04 20 08 39 13.650     176.0
236
 2013 04 20 08 29  6.566     2013 04 20 08 32 30.942     204.4
237
 2013 04 20 10 05 26.302     2013 04 20 10 08 17.289     171.0
238
 2013 04 20 05 29 49.611     2013 04 20 05 33   .509     190.9
 2013 04 20 17 19 56.570     2013 04 20 17 22 47.305     170.7
239
240
241
 2013 04 20 18 50 40.284     2013 04 20 18 51 25.711      45.4
242
 2013 04 20 00 02 22.140     2013 04 20 00 06 11.187     229.0
 2013 04 20 23 43 23.590     2013 04 20 23 47 12.425     228.8
243
244
 2013 04 20 15 41 30.654     2013 04 20 15 44 54.327     203.7
245
 2013 04 20 00 29  6.785     2013 04 20 00 31 53.031     166.2
 2013 04 20 17 35 15.028     2013 04 20 17 39  6.116     231.1
 2013 04 20 19 13 18.693     2013 04 20 19 17 19.140     240.4
246
247
 2013 04 20 11 53 39.493     2013 04 20 11 56 53.996     194.5
248
 2013 04 20 01 40  9.845     2013 04 20 01 43  3.768     173.9
 2013 04 20 11 42 49.893     2013 04 20 11 45 32.924     163.0
249
250
 2013 04 20 02 15  5.555     2013 04 20 02 15 14.063       8.5
 2013 04 20 15 50 24.608     2013 04 20 15 53 49.806     205.2
251
252
253
 2013 04 20 05 21 43.037     2013 04 20 05 25 36.424     233.4
 2013 04 20 19 04 14.909     2013 04 20 19 04 53.174      38.3
254
 2013 04 20 02 38 25.608     2013 04 20 02 41 21.697     176.1
 2013 04 20 07 34 19.970     2013 04 20 07 37 18.098     178.1
255
 2013 04 20 15 12 12.547     2013 04 20 15 15 19.854     187.3
256
 2013 04 20 09 17 13.224     2013 04 20 09 20 12.356     179.1
257
 2013 04 20 05 25 48.925     2013 04 20 05 28 30.078     161.2
258
 2013 04 20 00 05 59.914     2013 04 20 00 08 45.462     165.5
 2013 04 20 10 07 34.986     2013 04 20 10 10 35.215     180.2
259
 2013 04 20 05 30 33.557     2013 04 20 05 33 20.913     167.4
 2013 04 20 17 20  9.971     2013 04 20 17 22 45.267     155.3
260
 2013 04 20 23 30 10.903     2013 04 20 23 33  5.842     174.9
261
 2013 04 20 03 42 13.464     2013 04 20 03 45  9.753     176.3
 2013 04 20 19 07 48.087     2013 04 20 19 11 15.804     207.7
262
 2013 04 20 07 42 56.821     2013 04 20 07 46 14.855     198.0
263
 2013 04 20 01 39 42.584     2013 04 20 01 43 30.676     228.1
 2013 04 20 11 41   .602     2013 04 20 11 43 51.076     170.5
264
 2013 04 20 03 15   .733     2013 04 20 03 17 55.119     174.4
 2013 04 20 13 17 29.803     2013 04 20 13 20 16.510     166.7
265
 2013 04 20 11 11 56.408     2013 04 20 11 15 18.678     202.3
 2013 04 20 19 31 30.091     2013 04 20 19 35 20.561     230.5
266
 2013 04 20 08 52 50.883     2013 04 20 08 55 50.835     180.0
 2013 04 20 17 08 30.447     2013 04 20 17 09 33.248      62.8
267
 2013 04 20 09 40 20.077     2013 04 20 09 44 17.604     237.5
268
 2013 04 20 19 00  7.568     2013 04 20 19 02 46.501     158.9
269
 2013 04 20 15 32 10.507     2013 04 20 15 35  1.878     171.4
270
 2013 04 20 23 29 31.672     2013 04 20 23 32 26.614     174.9
271
 2013 04 20 14 24 17.075     2013 04 20 14 27 31.365     194.3
 2013 04 20 22 40 11.410     2013 04 20 22 41  1.250      49.8
272
 2013 04 20 12 27   .972     2013 04 20 12 30 41.224     220.3
273
 2013 04 20 10 22 54.138     2013 04 20 10 26 26.478     212.3
 2013 04 20 20 20 52.471     2013 04 20 20 22 38.926     106.5
274
 2013 04 20 12 00 10.505     2013 04 20 12 00 36.144      25.6
 2013 04 20 20 19 45.476     2013 04 20 20 22 21.407     155.9
275
276
 2013 04 20 05 19 17.433     2013 04 20 05 22 40.638     203.2
 2013 04 20 20 40 27.067     2013 04 20 20 44  9.408     222.3
277
 2013 04 20 11 12 35.963     2013 04 20 11 15 59.695     203.7
 2013 04 20 19 31 49.213     2013 04 20 19 34 47.799     178.6
278
 2013 04 20 07 18 20.203     2013 04 20 07 21 12.020     171.8
 2013 04 20 15 33 29.751     2013 04 20 15 33 43.467      13.7
279
 2013 04 20 17 30 38.635     2013 04 20 17 33 26.559     167.9
280
 2013 04 20 01 48 25.224     2013 04 20 01 51 59.385     214.2
 2013 04 20 08 25  8.984     2013 04 20 08 27 52.448     163.5
281
 2013 04 20 13 42 28.115     2013 04 20 13 45 43.339     195.2
 2013 04 20 18 38 20.952     2013 04 20 18 41  1.049     160.1
282
 2013 04 20 04 35 53.316     2013 04 20 04 38 28.734     155.4
 2013 04 20 18 15  9.094     2013 04 20 18 17 46.520     157.4
283
 2013 04 20 08 48 34.184     2013 04 20 08 51 58.546     204.4
284
 2013 04 20 13 24 39.443     2013 04 20 13 24 45.593       6.2
285
 2013 04 20 03 00 15.870     2013 04 20 03 00 50.890      35.0
 2013 04 20 18 18  2.851     2013 04 20 18 21 30.401     207.6
286
 2013 04 20 11 11 27.584     2013 04 20 11 12  2.901      35.3
 2013 04 20 21 09 11.682     2013 04 20 21 12  7.948     176.3
287
 2013 04 20 02 18 12.239     2013 04 20 02 21 22.668     190.4
 2013 04 20 14 16  7.279     2013 04 20 14 16 34.129      26.8
288
 2013 04 20 18 03 43.035     2013 04 20 18 06 48.106     185.1
289
 2013 04 20 21 13 53.093     2013 04 20 21 17 38.240     225.1
290
 2013 04 20 04 48 39.429     2013 04 20 04 52  3.667     204.2
 2013 04 20 14 50 43.996     2013 04 20 14 54  9.408     205.4
291
 2013 04 20 10 12 14.127     2013 04 20 10 15 37.346     203.2
 2013 04 20 22 06 22.677     2013 04 20 22 09 47.888     205.2
292
293
 2013 04 20 15 48 48.824     2013 04 20 15 51 42.212     173.4
294
 2013 04 20 11 54 36.005     2013 04 20 11 57 17.269     161.3
 2013 04 20 21 58 28.651     2013 04 20 22 02  3.667     215.0
295
 2013 04 20 10 31 36.608     2013 04 20 10 34 19.683     163.1
 2013 04 20 15 27 13.499     2013 04 20 15 30 43.460     210.0
296
297
 2013 04 20 00 51 28.017     2013 04 20 00 54 37.397     189.4
 2013 04 20 10 56 53.825     2013 04 20 10 57 57.571      63.7
298
 2013 04 20 03 58 59.393     2013 04 20 04 01 57.892     178.5
299
300
 2013 04 20 07 59 29.559     2013 04 20 08 02  6.879     157.3
 2013 04 20 18 01 11.846     2013 04 20 18 03 55.496     163.6
301
 2013 04 20 16 34  3.446     2013 04 20 16 34 51.925      48.5
302
 2013 04 20 03 54 43.930     2013 04 20 03 57 35.956     172.0
 2013 04 20 15 45 35.255     2013 04 20 15 48 43.994     188.7
303
 2013 04 20 04 50 19.983     2013 04 20 04 53 49.275     209.3
 2013 04 20 14 51 44.171     2013 04 20 14 53 23.925      99.8
304
 2013 04 20 01 43 35.278     2013 04 20 01 46 13.509     158.2
305
 2013 04 20 03 57 45.924     2013 04 20 04 01  6.915     201.0
306
 2013 04 20 03 49 34.500     2013 04 20 03 52 15.619     161.1
 2013 04 20 17 27  6.068     2013 04 20 17 30 21.632     195.6
307
 2013 04 20 00 29 27.498     2013 04 20 00 33 10.525     223.0
 2013 04 20 17 37 11.893     2013 04 20 17 40 12.596     180.7
 2013 04 20 19 14 51.698     2013 04 20 19 15 42.619      50.9
 2013 04 20 22 32 24.195     2013 04 20 22 36  4.049     219.9
308
 2013 04 20 02 08 51.445     2013 04 20 02 12 48.680     237.2
 2013 04 20 17 33 33.075     2013 04 20 17 36 54.979     201.9
309
310
 2013 04 20 00 32 27.269     2013 04 20 00 35 29.643     182.4
 2013 04 20 16 00 27.866     2013 04 20 16 01   .133      32.3
311
 2013 04 20 20 28 23.911     2013 04 20 20 31  5.924     162.0
312
 2013 04 20 18 57 46.911     2013 04 20 19 00 33.806     166.9
313
 2013 04 20 10 12 36.116     2013 04 20 10 13   .627      24.5
 2013 04 20 22 06 53.165     2013 04 20 22 09 29.462     156.3
314
 2013 04 20 06 28 11.475     2013 04 20 06 31  6.494     175.0
 2013 04 20 14 45 40.278     2013 04 20 14 49 37.578     237.3
315
 2013 04 20 08 06 44.298     2013 04 20 08 10 30.803     226.5
 2013 04 20 14 43 57.392     2013 04 20 14 47  5.467     188.1
316
317
 2013 04 20 03 17 47.526     2013 04 20 03 20 47.308     179.8
318
 2013 04 20 22 41 33.674     2013 04 20 22 42 19.958      46.3
319
 2013 04 20 22 42  1.375     2013 04 20 22 42 46.239      44.9
320
 2013 04 20 09 19 50.057     2013 04 20 09 22 39.683     169.6
 2013 04 20 22 58 44.274     2013 04 20 23 01 32.460     168.2
321
 2013 04 20 01 29 58.106     2013 04 20 01 33   .596     182.5
322
 2013 04 20 00 29 38.910     2013 04 20 00 32 22.558     163.6
 2013 04 20 17 35 46.260     2013 04 20 17 38 55.320     189.1
323
 2013 04 20 05 39 37.660     2013 04 20 05 43 23.003     225.3
324
 2013 04 20 07 14 29.858     2013 04 20 07 17 46.583     196.7
325
 2013 04 20 10 30 18.820     2013 04 20 10 33  5.265     166.4
 2013 04 20 17 04 47.063     2013 04 20 17 07 32.502     165.4
326
 2013 04 20 00 56 28.606     2013 04 20 00 59 48.851     200.2
 2013 04 20 09 13 41.600     2013 04 20 09 13 46.092       4.5
327
 2013 04 20 19 44 20.906     2013 04 20 19 47 51.479     210.6
328
329
 2013 04 20 03 21 58.980     2013 04 20 03 22 18.820      19.8
 2013 04 20 05 00  5.858     2013 04 20 05 01  6.899      61.0
 2013 04 20 09 57  5.653     2013 04 20 10 00 20.144     194.5
330
 2013 04 20 12 50  6.733     2013 04 20 12 52 54.088     167.4
331
 2013 04 20 07 44 17.723     2013 04 20 07 48   .935     223.2
 2013 04 20 21 23  8.236     2013 04 20 21 26 37.553     209.3
332
 2013 04 20 01 27 27.590     2013 04 20 01 30 11.834     164.2
 2013 04 20 15 04 33.172     2013 04 20 15 07 33.158     180.0
333
 2013 04 20 17 11 35.621     2013 04 20 17 14 18.388     162.8
334
335
 2013 04 20 15 11 23.389     2013 04 20 15 15  4.578     221.2
 2013 04 20 23 27 56.251     2013 04 20 23 28 39.719      43.5
336
 2013 04 20 01 40 34.545     2013 04 20 01 43 52.716     198.2
 2013 04 20 11 42 34.998     2013 04 20 11 45 57.708     202.7
337
 2013 04 20 08 41 31.025     2013 04 20 08 44  9.703     158.7
 2013 04 20 20 28 41.282     2013 04 20 20 28 51.982      10.7
338
 2013 04 20 03 45  7.772     2013 04 20 03 45 51.786      44.0
339
 2013 04 20 06 04 46.386     2013 04 20 06 07 24.744     158.4
 2013 04 20 21 29 17.055     2013 04 20 21 32 29.993     192.9
340
 2013 04 20 11 15 54.592     2013 04 20 11 18 38.460     163.9
 2013 04 20 17 51 24.490     2013 04 20 17 52  6.562      42.1
341
 2013 04 20 15 35 35.576     2013 04 20 15 35 40.122       4.5
342
 2013 04 20 09 45 10.262     2013 04 20 09 48 13.787     183.5
 2013 04 20 14 41  3.974     2013 04 20 14 43 47.625     163.7
343
 2013 04 20 01 02  3.000     2013 04 20 01 05  5.040     182.0
 2013 04 20 07 37 24.818     2013 04 20 07 40 16.671     171.9
344
 2013 04 20 04 31 11.182     2013 04 20 04 32  3.888      52.7
345
 2013 04 20 03 48 10.725     2013 04 20 03 51 32.818     202.1
 2013 04 20 17 26 37.931     2013 04 20 17 29 27.687     169.8
346
 2013 04 20 02 19 46.579     2013 04 20 02 20  1.301      14.7
 2013 04 20 14 12 40.055     2013 04 20 14 15 33.639     173.6
347
 2013 04 20 16 48 39.672     2013 04 20 16 49 46.746      67.1
 2013 04 20 23 25 30.593     2013 04 20 23 28  9.779     159.2
348
349
 2013 04 20 04 03 39.867     2013 04 20 04 04  3.867      24.0
350
 2013 04 20 06 16  3.359     2013 04 20 06 19 33.265     209.9
 2013 04 20 18 09 39.587     2013 04 20 18 12 23.297     163.7
351
 2013 04 20 23 35 53.388     2013 04 20 23 38 48.189     174.8
352
 2013 04 20 00 54 19.486     2013 04 20 00 57 52.445     213.0
 2013 04 20 10 52 38.504     2013 04 20 10 56 16.428     217.9
353
354
 2013 04 20 07 59 26.601     2013 04 20 08 03 13.398     226.8
 2013 04 20 18 01 33.886     2013 04 20 18 05 20.920     227.0
355
 2013 04 20 07 22 19.420     2013 04 20 07 25 48.533     209.1
 2013 04 20 12 18 46.870     2013 04 20 12 22   .784     193.9
356
 2013 04 20 22 14 36.531     2013 04 20 22 17 55.589     199.1
357
 2013 04 20 15 15 38.383     2013 04 20 15 18 19.049     160.7
 2013 04 20 20 11  9.308     2013 04 20 20 14 51.997     222.7
 2013 04 20 21 49  4.910     2013 04 20 21 49 56.500      51.6
358
 2013 04 20 15 55 48.769     2013 04 20 15 58 31.396     162.6
359
 2013 04 20 06 25 15.242     2013 04 20 06 27 52.323     157.1
 2013 04 20 16 26   .175     2013 04 20 16 29  3.190     183.0
360
 2013 04 20 07 07  7.159     2013 04 20 07 09 54.856     167.7
 2013 04 20 18 53  8.713     2013 04 20 18 53 13.720       5.0
361
 2013 04 20 00 13   .867     2013 04 20 00 13  7.343       6.5
 2013 04 20 06 50 44.168     2013 04 20 06 53 40.242     176.1
362
 2013 04 20 12 34  1.639     2013 04 20 12 37 28.040     206.4
363
 2013 04 20 08 52 57.733     2013 04 20 08 56  1.183     183.4
 2013 04 20 17 07 12.202     2013 04 20 17 11   .081     227.9
364
 2013 04 20 14 24 26.999     2013 04 20 14 27 43.339     196.3
365
 2013 04 20 03 45 41.851     2013 04 20 03 46 32.243      50.4
 2013 04 20 19 05 55.287     2013 04 20 19 08 54.530     179.2
366
 2013 04 20 11 04 57.047     2013 04 20 11 05 39.338      42.3
 2013 04 20 22 50 43.963     2013 04 20 22 53 25.813     161.8
367
 2013 04 20 09 33 59.489     2013 04 20 09 37  4.638     185.1
 2013 04 20 19 35 10.093     2013 04 20 19 37 49.168     159.1
368
 2013 04 20 04 54 11.989     2013 04 20 04 57 29.710     197.7
 2013 04 20 13 10 58.519     2013 04 20 13 13 50.948     172.4
369
 2013 04 20 01 14 12.307     2013 04 20 01 17 23.695     191.4
 2013 04 20 19 59 57.018     2013 04 20 20 02 40.967     163.9
370
 2013 04 20 08 32 36.770     2013 04 20 08 36  4.084     207.3
 2013 04 20 22 10 44.076     2013 04 20 22 13 25.110     161.0
371
 2013 04 20 20 34 32.971     2013 04 20 20 37 33.946     181.0
372
 2013 04 20 14 44 54.842     2013 04 20 14 47 40.590     165.7
373
 2013 04 20 04 50 24.175     2013 04 20 04 53 56.488     212.3
 2013 04 20 14 51 38.964     2013 04 20 14 52 27.587      48.6
374
 2013 04 20 14 09  9.229     2013 04 20 14 12 11.736     182.5
375
 2013 04 20 09 26 44.348     2013 04 20 09 29 52.187     187.8
 2013 04 20 21 18 22.063     2013 04 20 21 21  5.310     163.2
376
 2013 04 20 16 37 24.876     2013 04 20 16 40 10.635     165.8
377
 2013 04 20 07 09  5.005     2013 04 20 07 12  7.786     182.8
378
 2013 04 20 00 01 53.362     2013 04 20 00 05 12.574     199.2
 2013 04 20 23 42 54.583     2013 04 20 23 46 14.048     199.5
379
 2013 04 20 23 36 46.841     2013 04 20 23 39 44.521     177.7
380
 2013 04 20 02 16 42.666     2013 04 20 02 20  7.705     205.0
381
 2013 04 20 21 07 30.756     2013 04 20 21 10 29.938     179.2
382
 2013 04 20 05 48 25.621     2013 04 20 05 51 29.755     184.1
 2013 04 20 10 44 20.653     2013 04 20 10 46 59.232     158.6
383
 2013 04 20 23 40 27.337     2013 04 20 23 40 52.781      25.4
384
 2013 04 20 00 04 43.435     2013 04 20 00 07 23.984     160.5
 2013 04 20 10 07 24.623     2013 04 20 10 10 32.867     188.2
385
 2013 04 20 17 10 23.042     2013 04 20 17 13 29.836     186.8
386
 2013 04 20 10 52 45.925     2013 04 20 10 55 21.779     155.9
387
 2013 04 20 21 18 16.556     2013 04 20 21 18 59.384      42.8
388
 2013 04 20 12 42 32.196     2013 04 20 12 45 17.200     165.0
 2013 04 20 22 46  4.535     2013 04 20 22 48 57.048     172.5
389
 2013 04 20 00 09 28.298     2013 04 20 00 10 16.429      48.1
 2013 04 20 10 05 28.671     2013 04 20 10 08 29.266     180.6
390
 2013 04 20 07 18  2.127     2013 04 20 07 21 31.521     209.4
391
392
 2013 04 20 16 23 44.681     2013 04 20 16 26 59.481     194.8
393
 2013 04 20 06 08 18.710     2013 04 20 06 11 26.249     187.5
394
 2013 04 20 20 40  2.493     2013 04 20 20 43  9.532     187.0
395
 2013 04 20 03 21 49.882     2013 04 20 03 25  7.749     197.9
 2013 04 20 09 57  4.359     2013 04 20 09 57 23.044      18.7
396
 2013 04 20 06 33 31.947     2013 04 20 06 36 27.182     175.2
 2013 04 20 13 07 43.207     2013 04 20 13 10 42.397     179.2
397
 2013 04 20 17 11 12.970     2013 04 20 17 15  2.497     229.5
398
 2013 04 20 05 20 51.387     2013 04 20 05 24  2.304     190.9
399
400
 2013 04 20 19 52 40.353     2013 04 20 19 55 34.046     173.7
401
 2013 04 20 10 30 23.965     2013 04 20 10 33 16.526     172.6
 2013 04 20 17 05 41.697     2013 04 20 17 08 27.911     166.2
402
 2013 04 20 10 29  1.292     2013 04 20 10 31 52.834     171.5
 2013 04 20 17 04 17.473     2013 04 20 17 07 30.184     192.7
403
 2013 04 20 15 03 10.914     2013 04 20 15 06   .562     169.6
404
 2013 04 20 07 15 25.593     2013 04 20 07 15 27.512       1.9
 2013 04 20 15 35 39.027     2013 04 20 15 38 23.836     164.8
405
 2013 04 20 19 04 18.563     2013 04 20 19 07  5.040     166.5
406
 2013 04 20 18 45 23.705     2013 04 20 18 48 20.792     177.1
407
408
409
 2013 04 20 20 34 10.641     2013 04 20 20 37 43.488     212.8
410
 2013 04 20 03 17 54.278     2013 04 20 03 20 32.385     158.1
411
 2013 04 20 02 29  2.808     2013 04 20 02 31 58.026     175.2
 2013 04 20 12 28  3.243     2013 04 20 12 31 33.862     210.6
412
 2013 04 20 16 48  7.178     2013 04 20 16 51 24.786     197.6
 2013 04 20 23 23  6.307     2013 04 20 23 25 52.926     166.6
413
 2013 04 20 04 58 34.231     2013 04 20 05 01 17.337     163.1
 2013 04 20 11 33 48.861     2013 04 20 11 36 31.938     163.1
414
 2013 04 20 09 42 16.263     2013 04 20 09 45 44.911     208.6
 2013 04 20 16 18 47.702     2013 04 20 16 21 29.254     161.6
415
 2013 04 20 06 32 58.366     2013 04 20 06 36  1.852     183.5
 2013 04 20 13 07 39.284     2013 04 20 13 10 21.862     162.6
416
 2013 04 20 05 24 24.701     2013 04 20 05 27 10.623     165.9
 2013 04 20 19 01 17.229     2013 04 20 19 04 23.513     186.3
417
418
 2013 04 20 14 15 23.271     2013 04 20 14 18   .705     157.4
419
 2013 04 20 14 21 18.282     2013 04 20 14 23 56.655     158.4
420
 2013 04 20 06 11 40.351     2013 04 20 06 13   .053      79.7
421
 2013 04 20 07 44 24.651     2013 04 20 07 47   .184     155.5
 2013 04 20 21 24 39.309     2013 04 20 21 27 57.272     198.0
422
 2013 04 20 11 10 29.735     2013 04 20 11 13 56.678     206.9
 2013 04 20 21 08   .692     2013 04 20 21 08 14.863      14.2
423
 2013 04 20 04 24 16.993     2013 04 20 04 27 36.535     199.5
 2013 04 20 23 09 37.722     2013 04 20 23 12 22.499     164.8
424
 2013 04 20 05 20  3.146     2013 04 20 05 22 54.377     171.2
425
 2013 04 20 08 52  7.986     2013 04 20 08 55 34.427     206.4
 2013 04 20 17 07 27.686     2013 04 20 17 10 22.220     174.5
426
 2013 04 20 02 56 32.615     2013 04 20 02 59 35.407     182.8
 2013 04 20 18 19 13.329     2013 04 20 18 22  1.634     168.3
427
 2013 04 20 13 36 31.958     2013 04 20 13 38   .328      88.4
 2013 04 20 21 53 19.842     2013 04 20 21 53 45.684      25.8
428
 2013 04 20 08 47 36.368     2013 04 20 08 51 15.118     218.7
 2013 04 20 18 46 37.503     2013 04 20 18 49 47.902     190.4
429
 2013 04 20 09 43 12.805     2013 04 20 09 47   .986     228.2
 2013 04 20 16 18 44.646     2013 04 20 16 22 14.711     210.1
430
 2013 04 20 07 42 37.488     2013 04 20 07 45 16.883     159.4
431
 2013 04 20 11 57 12.152     2013 04 20 12 00 40.774     208.6
432
 2013 04 20 19 52 41.107     2013 04 20 19 55 21.163     160.1
433
 2013 04 20 03 59 30.328     2013 04 20 04 02 55.879     205.6
434
 2013 04 20 03 46 29.352     2013 04 20 03 49 16.654     167.3
435
 2013 04 20 03 49  5.270     2013 04 20 03 52 22.546     197.3
 2013 04 20 17 27 44.772     2013 04 20 17 31 10.005     205.2
436
 2013 04 20 19 40 54.121     2013 04 20 19 43 31.542     157.4
437
 2013 04 20 14 56 56.032     2013 04 20 15 00  5.525     189.5
438
 2013 04 20 03 40 18.512     2013 04 20 03 43  8.156     169.6
 2013 04 20 20 45 18.720     2013 04 20 20 48 12.435     173.7
439
 2013 04 20 07 58 21.323     2013 04 20 08 01 20.685     179.4
 2013 04 20 18 02  9.303     2013 04 20 18 04 52.052     162.7
440
 2013 04 20 15 13 20.039     2013 04 20 15 16 35.935     195.9
 2013 04 20 21 48 21.390     2013 04 20 21 51 11.196     169.8
441
442
 2013 04 20 05 37 39.264     2013 04 20 05 38 29.677      50.4
443
 2013 04 20 09 32 31.588     2013 04 20 09 32 39.393       7.8
 2013 04 20 21 14 44.443     2013 04 20 21 18  6.535     202.1
444
 2013 04 20 06 50 32.527     2013 04 20 06 50 46.125      13.6
 2013 04 20 22 18  8.794     2013 04 20 22 22   .540     231.7
445
 2013 04 20 11 40  1.593     2013 04 20 11 43   .550     179.0
446
 2013 04 20 06 04 22.808     2013 04 20 06 04 34.923      12.1
 2013 04 20 21 28  6.316     2013 04 20 21 31 15.748     189.4
447
 2013 04 20 10 21 49.316     2013 04 20 10 24 42.412     173.1
 2013 04 20 20 22 33.211     2013 04 20 20 25 13.483     160.3
448
 2013 04 20 05 48 10.524     2013 04 20 05 51  8.516     178.0
 2013 04 20 10 44  4.255     2013 04 20 10 46 49.235     165.0
449
 2013 04 20 09 42 41.866     2013 04 20 09 45 22.645     160.8
 2013 04 20 16 17 51.335     2013 04 20 16 20 33.371     162.0
450
 2013 04 20 13 40 46.427     2013 04 20 13 43 26.320     159.9
 2013 04 20 18 36 14.324     2013 04 20 18 40  7.554     233.2
 2013 04 20 20 14 24.021     2013 04 20 20 18 12.264     228.2
451
 2013 04 20 14 25 43.400     2013 04 20 14 28 37.270     173.9
 2013 04 20 21 01 57.552     2013 04 20 21 05 30.308     212.8
452
 2013 04 20 03 21 26.630     2013 04 20 03 25  4.518     217.9
 2013 04 20 11 34 52.288     2013 04 20 11 34 58.966       6.7
453
 2013 04 20 02 13 42.391     2013 04 20 02 16 22.878     160.5
 2013 04 20 15 52 45.455     2013 04 20 15 55 25.827     160.4
454
 2013 04 20 22 54 29.750     2013 04 20 22 57 27.675     177.9
455
 2013 04 20 12 03 33.212     2013 04 20 12 06 55.556     202.3
 2013 04 20 18 40 23.309     2013 04 20 18 43 45.892     202.6
456
 2013 04 20 16 42 47.472     2013 04 20 16 45 25.815     158.3
457
 2013 04 20 16 02  7.062     2013 04 20 16 05 28.976     201.9
 2013 04 20 22 37 29.906     2013 04 20 22 40 42.753     192.8
458
 2013 04 20 05 29 55.886     2013 04 20 05 32 46.623     170.7
 2013 04 20 17 20 18.824     2013 04 20 17 23  4.299     165.5
459
460
 2013 04 20 16 48 50.464     2013 04 20 16 52  6.949     196.5
 2013 04 20 23 25  1.373     2013 04 20 23 27 38.642     157.3
461
 2013 04 20 04 36  6.770     2013 04 20 04 39 14.068     187.3
 2013 04 20 18 14  6.240     2013 04 20 18 16 43.178     156.9
462
 2013 04 20 00 07 11.979     2013 04 20 00 09 49.529     157.5
 2013 04 20 10 06  9.345     2013 04 20 10 06 43.258      33.9
463
 2013 04 20 04 45 18.959     2013 04 20 04 46 17.080      58.1
 2013 04 20 16 31 55.106     2013 04 20 16 34 50.371     175.3
464
 2013 04 20 08 06  7.686     2013 04 20 08 08 47.601     159.9
465
 2013 04 20 01 31  9.127     2013 04 20 01 34  4.090     175.0
466
 2013 04 20 18 10 32.475     2013 04 20 18 10 35.196       2.7
467
468
469
 2013 04 20 09 20 13.641     2013 04 20 09 22 49.222     155.6
 2013 04 20 22 59 18.794     2013 04 20 23 01 55.890     157.1
470
 2013 04 20 07 14 18.663     2013 04 20 07 17 47.629     209.0
471
 2013 04 20 02 19  8.652     2013 04 20 02 22 48.639     220.0
 2013 04 20 14 12 53.041     2013 04 20 14 15 34.852     161.8
472
 2013 04 20 11 17 16.619     2013 04 20 11 20 24.332     187.7
 2013 04 20 17 51 47.682     2013 04 20 17 54 32.967     165.3
473
 2013 04 20 10 23 52.892     2013 04 20 10 26  3.017     130.1
474
 2013 04 20 09 25 20.209     2013 04 20 09 27 57.624     157.4
 2013 04 20 21 18  4.022     2013 04 20 21 21 55.516     231.5
475
 2013 04 20 03 03 56.712     2013 04 20 03 07 21.276     204.6
476
 2013 04 20 08 31 22.283     2013 04 20 08 34  2.339     160.1
 2013 04 20 22 11 55.829     2013 04 20 22 15 43.049     227.2
477
478
 2013 04 20 10 30 30.742     2013 04 20 10 33 27.146     176.4
 2013 04 20 17 04 29.074     2013 04 20 17 07 31.096     182.0
479
 2013 04 20 14 21 38.560     2013 04 20 14 24 27.886     169.3
 2013 04 20 22 43 32.357     2013 04 20 22 43 40.214       7.9
480
 2013 04 20 04 30 25.165     2013 04 20 04 33 53.288     208.1
 2013 04 20 19 53 49.410     2013 04 20 19 56 29.891     160.5
481
482
 2013 04 20 21 30 40.024     2013 04 20 21 31  4.369      24.3
483
 2013 04 20 05 20 13.008     2013 04 20 05 24  3.804     230.8
484
 2013 04 20 03 58  4.863     2013 04 20 04 00 55.441     170.6
485
 2013 04 20 08 44 38.613     2013 04 20 08 47 29.078     170.5
 2013 04 20 18 52 18.250     2013 04 20 18 53 11.443      53.2
486
487
 2013 04 20 04 04 46.324     2013 04 20 04 08 37.583     231.3
488
 2013 04 20 14 14 52.548     2013 04 20 14 17 29.868     157.3
489
 2013 04 20 03 58 59.585     2013 04 20 04 01 42.517     162.9
490
 2013 04 20 05 19 50.142     2013 04 20 05 22 41.028     170.9
 2013 04 20 20 40 35.161     2013 04 20 20 40 43.892       8.7
491
 2013 04 20 00 54 36.230     2013 04 20 00 58 13.088     216.9
492
493
 2013 04 20 09 20 37.607     2013 04 20 09 24  3.364     205.8
 2013 04 20 22 57 51.704     2013 04 20 23 00 32.824     161.1
494
 2013 04 20 02 04 15.013     2013 04 20 02 07 14.141     179.1
 2013 04 20 19 10  8.092     2013 04 20 19 13 13.997     185.9
495
 2013 04 20 04 44 18.600     2013 04 20 04 47 24.111     185.5
 2013 04 20 16 31 28.809     2013 04 20 16 34 51.714     202.9
496
 2013 04 20 11 50 58.849     2013 04 20 11 53 55.781     176.9
497
498
 2013 04 20 09 26 35.023     2013 04 20 09 29 20.143     165.1
 2013 04 20 21 17 17.411     2013 04 20 21 20 10.521     173.1
499
 2013 04 20 18 21 39.736     2013 04 20 18 24 48.104     188.4
500
501
 2013 04 20 00 08 53.339     2013 04 20 00 11 58.341     185.0
502
 2013 04 20 00 34 44.399     2013 04 20 00 35 59.116      74.7
 2013 04 20 15 55 58.847     2013 04 20 15 59 29.414     210.6
503
 2013 04 20 15 35 41.299     2013 04 20 15 39 28.890     227.6
504
 2013 04 20 06 01 16.447     2013 04 20 06 04 11.530     175.1
 2013 04 20 23 07  7.470     2013 04 20 23 10  2.017     174.5
505
 2013 04 20 00 52 32.401     2013 04 20 00 55 10.594     158.2
 2013 04 20 10 54 55.249     2013 04 20 10 57 38.585     163.3
506
 2013 04 20 02 55 55.088     2013 04 20 02 59  4.138     189.1
 2013 04 20 18 20 56.349     2013 04 20 18 23 35.874     159.5
507
 2013 04 20 00 55 46.574     2013 04 20 00 58 31.493     164.9
508
 2013 04 20 02 26 39.480     2013 04 20 02 29 30.744     171.3
 2013 04 20 12 29 10.576     2013 04 20 12 32 32.906     202.3
509
 2013 04 20 17 25 23.087     2013 04 20 17 28  7.558     164.5
510
 2013 04 20 15 13  3.620     2013 04 20 15 16  7.933     184.3
 2013 04 20 21 49 32.837     2013 04 20 21 53  2.948     210.1
511
 2013 04 20 15 13 41.801     2013 04 20 15 16 38.469     176.7
 2013 04 20 21 49 50.506     2013 04 20 21 52 39.185     168.7
512
 2013 04 20 04 26 57.119     2013 04 20 04 30 29.999     212.9
 2013 04 20 21 32  6.037     2013 04 20 21 34 46.922     160.9
513
 2013 04 20 07 09 57.438     2013 04 20 07 12 34.536     157.1
514
 2013 04 20 04 42  7.907     2013 04 20 04 44 54.653     166.7
 2013 04 20 16 33  3.552     2013 04 20 16 36  9.883     186.3
515
 2013 04 20 21 26 34.362     2013 04 20 21 29 18.935     164.6
516
 2013 04 20 08 45 22.141     2013 04 20 08 48 29.954     187.8
 2013 04 20 18 49 40.684     2013 04 20 18 52 30.424     169.7
517
 2013 04 20 04 53 31.517     2013 04 20 04 56 10.797     159.3
 2013 04 20 13 11 24.177     2013 04 20 13 15 19.504     235.3
518
 2013 04 20 08 06 41.542     2013 04 20 08 07 41.421      59.9
 2013 04 20 14 44 12.876     2013 04 20 14 47 14.808     181.9
519
520
 2013 04 20 06 21 17.772     2013 04 20 06 24 36.735     199.0
521
 2013 04 20 17 23 51.869     2013 04 20 17 27  8.071     196.2
522
523
 2013 04 20 17 38 34.530     2013 04 20 17 41 34.689     180.2
 2013 04 20 22 34 29.572     2013 04 20 22 37 20.837     171.3
524
 2013 04 20 00 30 22.243     2013 04 20 00 33  8.667     166.4
 2013 04 20 17 35 59.190     2013 04 20 17 38 39.695     160.5
525
 2013 04 20 02 38 13.073     2013 04 20 02 40 52.989     159.9
 2013 04 20 07 33 44.526     2013 04 20 07 36 51.053     186.5
526
 2013 04 20 04 04 33.273     2013 04 20 04 07 27.345     174.1
527
528
 2013 04 20 11 13 29.801     2013 04 20 11 16 14.521     164.7
 2013 04 20 19 31 12.808     2013 04 20 19 33 54.679     161.9
529
 2013 04 20 10 23 41.551     2013 04 20 10 26 20.922     159.4
530
 2013 04 20 08 05 43.543     2013 04 20 08 08 49.871     186.3
531
 2013 04 20 05 22 29.729     2013 04 20 05 25 38.482     188.8
 2013 04 20 19 01 32.243     2013 04 20 19 04 47.427     195.2
532
 2013 04 20 06 31 29.123     2013 04 20 06 32  9.598      40.5
 2013 04 20 13 09 10.990     2013 04 20 13 12 46.859     215.9
533
 2013 04 20 11 46 11.156     2013 04 20 11 48 52.712     161.6
534
 2013 04 20 05 26  9.003     2013 04 20 05 29 32.273     203.3
535
536
 2013 04 20 00 11 11.720     2013 04 20 00 14  3.235     171.5
 2013 04 20 08 27 50.924     2013 04 20 08 30 58.030     187.1
537
 2013 04 20 12 44 19.026     2013 04 20 12 48  3.547     224.5
538
 2013 04 20 05 20 30.393     2013 04 20 05 23 33.049     182.7
539
 2013 04 20 21 20  3.396     2013 04 20 21 21  8.510      65.1
540
 2013 04 20 14 27  8.358     2013 04 20 14 30  6.411     178.1
 2013 04 20 21 02 33.684     2013 04 20 21 05 23.527     169.8
541
 2013 04 20 11 15 26.364     2013 04 20 11 19  4.126     217.8
 2013 04 20 17 56 56.559     2013 04 20 17 57   .335       3.8
542
 2013 04 20 19 47 57.929     2013 04 20 19 50 37.483     159.6
543
544
545
 2013 04 20 14 14 52.195     2013 04 20 14 17 50.884     178.7
546
 2013 04 20 22 09 23.924     2013 04 20 22 12 37.625     193.7
547
 2013 04 20 02 32  2.284     2013 04 20 02 35 28.793     206.5
 2013 04 20 10 48 45.516     2013 04 20 10 51 36.630     171.1
548
 2013 04 20 12 02 53.129     2013 04 20 12 05 56.249     183.1
549
 2013 04 20 17 11  3.815     2013 04 20 17 14 35.678     211.9
550
 2013 04 20 22 49 39.861     2013 04 20 22 52 17.777     157.9
551
 2013 04 20 13 32  7.389     2013 04 20 13 35 27.847     200.5
552
 2013 04 20 06 02 49.984     2013 04 20 06 05 28.934     159.0
 2013 04 20 23 07 57.235     2013 04 20 23 11  5.304     188.1
553
 2013 04 20 15 10  5.519     2013 04 20 15 13  1.149     175.6
 2013 04 20 23 28 19.957     2013 04 20 23 31  1.418     161.5
554
 2013 04 20 11 35 14.701     2013 04 20 11 37 56.124     161.4
555
 2013 04 20 04 49 57.421     2013 04 20 04 51 17.421      80.0
556
 2013 04 20 14 55 45.305     2013 04 20 14 59 10.734     205.4
557
 2013 04 20 15 59 40.286     2013 04 20 16 02 47.592     187.3
 2013 04 20 22 39 18.498     2013 04 20 22 39 20.902       2.4
558
 2013 04 20 03 20 15.463     2013 04 20 03 23 27.597     192.1
 2013 04 20 11 37 46.874     2013 04 20 11 40 43.484     176.6
559
560
 2013 04 20 02 07  5.448     2013 04 20 02 07 17.480      12.0
 2013 04 20 17 34 17.189     2013 04 20 17 37 12.100     174.9
561
 2013 04 20 07 13 17.497     2013 04 20 07 15 55.900     158.4
 2013 04 20 17 12 50.198     2013 04 20 17 14 42.489     112.3
562
 2013 04 20 03 44 23.169     2013 04 20 03 47 28.764     185.6
 2013 04 20 19 06 12.197     2013 04 20 19 09 31.865     199.7
563
 2013 04 20 07 56  6.457     2013 04 20 07 59 33.201     206.7
564
 2013 04 20 11 57 21.666     2013 04 20 11 57 33.031      11.4
565
 2013 04 20 12 39  8.715     2013 04 20 12 42 15.625     186.9
566
567
 2013 04 20 22 47 52.691     2013 04 20 22 51 24.357     211.7
568
 2013 04 20 00 32 22.732     2013 04 20 00 35 44.505     201.8
 2013 04 20 15 58 40.397     2013 04 20 16 02 15.959     215.6
569
570
 2013 04 20 16 00 14.307     2013 04 20 16 02 59.513     165.2
 2013 04 20 22 36 14.908     2013 04 20 22 40 12.918     238.0
571
 2013 04 20 05 24 50.135     2013 04 20 05 28 30.617     220.5
572
 2013 04 20 08 40 57.055     2013 04 20 08 43 36.564     159.5
 2013 04 20 20 29 21.327     2013 04 20 20 32 52.378     211.1
573
 2013 04 20 02 25 16.178     2013 04 20 02 28 12.325     176.1
574
 2013 04 20 14 25 19.876     2013 04 20 14 28   .092     160.2
 2013 04 20 21 04 44.392     2013 04 20 21 05 13.882      29.5
575
 2013 04 20 03 06 14.300     2013 04 20 03 09 15.204     180.9
576
 2013 04 20 03 20  9.881     2013 04 20 03 21 32.659      82.8
 2013 04 20 11 38  2.396     2013 04 20 11 41 26.961     204.6
577
 2013 04 20 00 11 51.792     2013 04 20 00 12 21.467      29.7
578
 2013 04 20 07 00 31.597     2013 04 20 07 02  6.286      94.7
579
 2013 04 20 12 46 52.725     2013 04 20 12 49 59.102     186.4
 2013 04 20 21 06  2.106     2013 04 20 21 09 49.927     227.8
580
 2013 04 20 16 49 23.144     2013 04 20 16 52  2.897     159.8
 2013 04 20 23 24 16.660     2013 04 20 23 27  2.315     165.7
581
 2013 04 20 10 26 30.968     2013 04 20 10 29 20.035     169.1
 2013 04 20 18 43 55.285     2013 04 20 18 46 33.943     158.7
582
 2013 04 20 01 25 25.545     2013 04 20 01 28 24.133     178.6
 2013 04 20 15 04 48.847     2013 04 20 15 08 21.896     213.0
583
 2013 04 20 13 35 28.684     2013 04 20 13 38 46.334     197.7
 2013 04 20 21 53 53.952     2013 04 20 21 56 30.063     156.1
584
 2013 04 20 07 40 11.546     2013 04 20 07 43  9.615     178.1
 2013 04 20 23 03 41.647     2013 04 20 23 06 19.917     158.3
585
586
 2013 04 20 03 16  3.793     2013 04 20 03 19  8.181     184.4
 2013 04 20 13 16 30.550     2013 04 20 13 17 19.773      49.2
587
588
 2013 04 20 06 27 25.260     2013 04 20 06 27 28.460       3.2
 2013 04 20 16 24 48.399     2013 04 20 16 28 17.014     208.6
589
 2013 04 20 04 35 59.561     2013 04 20 04 39 38.184     218.6
 2013 04 20 18 15 36.868     2013 04 20 18 18 53.618     196.7
590
591
 2013 04 20 07 47 13.730     2013 04 20 07 50 48.099     214.4
 2013 04 20 21 21 43.372     2013 04 20 21 22 22.738      39.4
592
 2013 04 20 17 34 39.936     2013 04 20 17 34 43.799       3.9
593
 2013 04 20 14 26 41.448     2013 04 20 14 30 20.016     218.6
 2013 04 20 21 03  7.441     2013 04 20 21 05 51.426     164.0
594
 2013 04 20 13 33 31.763     2013 04 20 13 36 22.359     170.6
595
 2013 04 20 11 44 37.894     2013 04 20 11 47 27.068     169.2
596
 2013 04 20 08 43 26.675     2013 04 20 08 46  3.807     157.1
597
 2013 04 20 04 29 58.893     2013 04 20 04 32 35.312     156.4
 2013 04 20 19 54 42.337     2013 04 20 19 57 58.395     196.1
598
 2013 04 20 06 30 36.822     2013 04 20 06 33 31.800     175.0
 2013 04 20 14 46 25.138     2013 04 20 14 50 13.775     228.6
599
 2013 04 20 08 01 35.487     2013 04 20 08 04 13.898     158.4
600
601
 2013 04 20 07 47 27.053     2013 04 20 07 47 55.941      28.9
 2013 04 20 21 25 48.113     2013 04 20 21 26 46.842      58.7
602
 2013 04 20 21 31 20.650     2013 04 20 21 34 48.834     208.2
603
 2013 04 20 01 41 47.996     2013 04 20 01 42 36.734      48.7
604
 2013 04 20 22 55 36.416     2013 04 20 22 58 17.668     161.3
605
 2013 04 20 11 10 55.233     2013 04 20 11 13 38.794     163.6
606
 2013 04 20 13 36 34.148     2013 04 20 13 39 20.842     166.7
 2013 04 20 21 52 16.775     2013 04 20 21 55 11.873     175.1
607
 2013 04 20 01 49  8.543     2013 04 20 01 51 50.873     162.3
 2013 04 20 08 23 56.872     2013 04 20 08 26 41.831     165.0
608
 2013 04 20 07 51 43.124     2013 04 20 07 55 19.147     216.0
 2013 04 20 19 43 55.813     2013 04 20 19 46 44.195     168.4
609
 2013 04 20 00 50 34.656     2013 04 20 00 54 14.221     219.6
610
 2013 04 20 11 02 40.174     2013 04 20 11 06 11.220     211.0
611
612
 2013 04 20 22 48 43.617     2013 04 20 22 52 28.916     225.3
613
 2013 04 20 02 09 27.760     2013 04 20 02 10  9.993      42.2
614
615
 2013 04 20 17 57 49.885     2013 04 20 18 01  8.034     198.1
616
 2013 04 20 03 26 38.038     2013 04 20 03 29 45.128     187.1
 2013 04 20 08 22 21.750     2013 04 20 08 25  6.086     164.3
617
618
619
 2013 04 20 03 47 39.435     2013 04 20 03 50 25.931     166.5
 2013 04 20 17 28  8.638     2013 04 20 17 31  8.777     180.1
620
 2013 04 20 14 09 53.713     2013 04 20 14 11 14.683      81.0
621
 2013 04 20 04 23 32.218     2013 04 20 04 23 34.447       2.2
 2013 04 20 06 01 56.197     2013 04 20 06 05 33.775     217.6
 2013 04 20 23 09  3.786     2013 04 20 23 11 45.242     161.5
622
 2013 04 20 05 38  4.704     2013 04 20 05 41 37.541     212.8
623
 2013 04 20 22 00 36.226     2013 04 20 22 03 26.168     169.9
624
 2013 04 20 02 54 32.669     2013 04 20 02 57 10.518     157.8
625
626
 2013 04 20 13 13 28.202     2013 04 20 13 13 47.493      19.3
627
 2013 04 20 15 12  2.713     2013 04 20 15 12 59.992      57.3
628
 2013 04 20 00 07 14.150     2013 04 20 00 10 39.142     205.0
 2013 04 20 10 05  2.129     2013 04 20 10 05 51.985      49.9
629
 2013 04 20 05 27 46.065     2013 04 20 05 31 29.311     223.2
630
 2013 04 20 02 22  3.771     2013 04 20 02 22  9.154       5.4
631
 2013 04 20 05 14 26.041     2013 04 20 05 17 10.230     164.2
 2013 04 20 22 20 14.278     2013 04 20 22 22 56.348     162.1
632
 2013 04 20 06 02 50.648     2013 04 20 06 05 27.763     157.1
 2013 04 20 23 07 48.821     2013 04 20 23 10 57.793     189.0
633
 2013 04 20 06 53 26.280     2013 04 20 06 56  8.527     162.2
 2013 04 20 22 16 54.658     2013 04 20 22 19 46.591     171.9
634
 2013 04 20 01 19 45.984     2013 04 20 01 22 25.812     159.8
 2013 04 20 16 49 18.004     2013 04 20 16 49 24.026       6.0
635
 2013 04 20 09 38 57.191     2013 04 20 09 41 57.459     180.3
 2013 04 20 17 55 27.315     2013 04 20 17 58  8.131     160.8
636
637
 2013 04 20 17 37 57.229     2013 04 20 17 40 39.274     162.0
 2013 04 20 22 33 28.162     2013 04 20 22 36 50.220     202.1
638
 2013 04 20 07 19 31.780     2013 04 20 07 23 17.203     225.4
 2013 04 20 08 57 31.896     2013 04 20 08 58 26.967      55.1
 2013 04 20 13 54 25.289     2013 04 20 13 57  8.339     163.1
639
 2013 04 20 09 16 56.863     2013 04 20 09 19 38.640     161.8
640
 2013 04 20 06 15 14.381     2013 04 20 06 15 36.261      21.9
 2013 04 20 18 10 12.273     2013 04 20 18 13  4.929     172.7
641
642
 2013 04 20 19 47 31.931     2013 04 20 19 50 12.347     160.4
643
 2013 04 20 06 56  9.437     2013 04 20 06 58 55.659     166.2
644
 2013 04 20 16 03 45.130     2013 04 20 16 06 51.378     186.2
 2013 04 20 20 59 47.802     2013 04 20 21 02 42.656     174.9
645
 2013 04 20 08 51 51.461     2013 04 20 08 54 49.947     178.5
 2013 04 20 17 08  4.072     2013 04 20 17 10 41.999     157.9
646
 2013 04 20 15 09 23.077     2013 04 20 15 12   .620     157.5
 2013 04 20 23 27 23.161     2013 04 20 23 31 10.381     227.2
647
 2013 04 20 09 41 40.621     2013 04 20 09 45 34.611     234.0
 2013 04 20 11 19 48.122     2013 04 20 11 23 41.433     233.3
 2013 04 20 16 16 28.448     2013 04 20 16 19 11.663     163.2
648
 2013 04 20 09 41 11.393     2013 04 20 09 44 51.687     220.3
 2013 04 20 16 18 22.322     2013 04 20 16 21 56.275     214.0
649
 2013 04 20 22 53 50.252     2013 04 20 22 57   .740     190.5
650
 2013 04 20 07 38 47.467     2013 04 20 07 42 21.599     214.1
 2013 04 20 23 05 21.791     2013 04 20 23 08 35.401     193.6
651
 2013 04 20 05 26  6.708     2013 04 20 05 29 50.717     224.0
652
 2013 04 20 04 10  1.284     2013 04 20 04 12 42.565     161.3
 2013 04 20 10 45 53.955     2013 04 20 10 49 26.823     212.9
653
 2013 04 20 16 50 40.423     2013 04 20 16 54  9.209     208.8
 2013 04 20 21 47  7.298     2013 04 20 21 50 25.709     198.4
654
 2013 04 20 06 07 43.493     2013 04 20 06 10 30.354     166.9
655
 2013 04 20 18 10 33.888     2013 04 20 18 14  1.859     208.0
656
 2013 04 20 18 11 20.193     2013 04 20 18 14 18.328     178.1
657
658
 2013 04 20 16 03 33.700     2013 04 20 16 06 31.083     177.4
 2013 04 20 20 59 28.036     2013 04 20 21 02 33.058     185.0
659
 2013 04 20 12 03  3.189     2013 04 20 12 05 55.199     172.0
660
 2013 04 20 02 33 14.493     2013 04 20 02 33 48.794      34.3
 2013 04 20 10 50 20.154     2013 04 20 10 50 59.678      39.5
661
 2013 04 20 07 52 33.877     2013 04 20 07 55 13.252     159.4
 2013 04 20 19 42 30.000     2013 04 20 19 45  7.316     157.3
662
 2013 04 20 02 33 25.031     2013 04 20 02 37 19.163     234.1
 2013 04 20 10 50  9.637     2013 04 20 10 50 39.403      29.8
663
 2013 04 20 02 18 34.875     2013 04 20 02 22  2.136     207.3
 2013 04 20 14 12 46.113     2013 04 20 14 16  5.730     199.6
664
 2013 04 20 13 14 57.376     2013 04 20 13 18  9.434     192.1
665
 2013 04 20 06 14 38.998     2013 04 20 06 17 41.218     182.2
666
 2013 04 20 07 13 15.969     2013 04 20 07 17  1.247     225.3
667
668
 2013 04 20 00 12 49.201     2013 04 20 00 15 37.625     168.4
 2013 04 20 06 48 14.132     2013 04 20 06 52  7.450     233.3
669
 2013 04 20 15 08  9.855     2013 04 20 15 11 23.745     193.9
670
 2013 04 20 11 58 47.171     2013 04 20 12 02  7.949     200.8
671
 2013 04 20 04 51 43.777     2013 04 20 04 54 24.035     160.3
672
 2013 04 20 00 14 24.946     2013 04 20 00 17 32.967     188.0
 2013 04 20 01 52  3.201     2013 04 20 01 52  7.995       4.8
 2013 04 20 06 48 35.112     2013 04 20 06 51 31.916     176.8
673
 2013 04 20 15 10 16.694     2013 04 20 15 13  3.948     167.3
 2013 04 20 23 27 16.371     2013 04 20 23 30   .853     164.5
674
 2013 04 20 12 21 55.659     2013 04 20 12 22  6.654      11.0
675
 2013 04 20 09 29 45.324     2013 04 20 09 32 33.047     167.7
676
 2013 04 20 07 19 44.757     2013 04 20 07 22 25.582     160.8
 2013 04 20 13 55 33.506     2013 04 20 13 58 45.008     191.5
677
 2013 04 20 10 28 46.606     2013 04 20 10 31 37.384     170.8
 2013 04 20 17 04  5.842     2013 04 20 17 07 39.871     214.0
678
 2013 04 20 13 31 20.258     2013 04 20 13 34 53.173     212.9
 2013 04 20 23 31 19.084     2013 04 20 23 34  3.636     164.6
679
 2013 04 20 00 37 23.170     2013 04 20 00 40 39.051     195.9
 2013 04 20 14 19 12.050     2013 04 20 14 22 33.006     201.0
680
 2013 04 20 09 39  3.287     2013 04 20 09 42 20.079     196.8
 2013 04 20 17 55  9.978     2013 04 20 17 57 52.074     162.1
681
682
 2013 04 20 15 10 31.337     2013 04 20 15 13 18.007     166.7
 2013 04 20 23 27 17.993     2013 04 20 23 29 55.676     157.7
683
 2013 04 20 01 17 41.549     2013 04 20 01 21 18.564     217.0
 2013 04 20 18 24 51.358     2013 04 20 18 27 31.787     160.4
 2013 04 20 23 20 18.793     2013 04 20 23 20 24.701       5.9
684
 2013 04 20 01 00 52.467     2013 04 20 01 04 11.294     198.8
 2013 04 20 07 35 47.666     2013 04 20 07 38 29.965     162.3
685
 2013 04 20 19 32 27.150     2013 04 20 19 35 57.439     210.3
686
 2013 04 20 06 56 14.478     2013 04 20 06 59  6.611     172.1
687
 2013 04 20 05 30 43.166     2013 04 20 05 33 29.384     166.2
 2013 04 20 17 20  5.885     2013 04 20 17 22 43.264     157.4
688
 2013 04 20 08 30  6.036     2013 04 20 08 30 31.107      25.1
 2013 04 20 22 13 34.682     2013 04 20 22 17  7.907     213.2
689
 2013 04 20 08 05 34.760     2013 04 20 08 08 23.514     168.8
 2013 04 20 16 20  9.383     2013 04 20 16 23 57.868     228.5
690
 2013 04 20 07 47 32.735     2013 04 20 07 50 29.870     177.1
691
 2013 04 20 00 56  5.644     2013 04 20 00 58 44.869     159.2
692
 2013 04 20 04 49 35.576     2013 04 20 04 52 18.823     163.2
 2013 04 20 14 52 10.473     2013 04 20 14 54 49.467     159.0
693
 2013 04 20 01 14 23.725     2013 04 20 01 14 58.546      34.8
 2013 04 20 02 52 35.600     2013 04 20 02 56 27.584     232.0
 2013 04 20 19 59 42.233     2013 04 20 20 02 31.887     169.7
694
 2013 04 20 08 55   .504     2013 04 20 08 57 54.507     174.0
 2013 04 20 15 29 53.687     2013 04 20 15 32 31.529     157.8
695
 2013 04 20 00 33 50.973     2013 04 20 00 37 32.601     221.6
 2013 04 20 15 58 57.621     2013 04 20 16 01 51.241     173.6
696
 2013 04 20 07 11  7.911     2013 04 20 07 13 46.282     158.4
 2013 04 20 17 14 13.023     2013 04 20 17 17  5.118     172.1
697
 2013 04 20 07 17 26.054     2013 04 20 07 20 49.284     203.2
 2013 04 20 15 34 29.321     2013 04 20 15 37 49.773     200.5
698
 2013 04 20 06 26 50.610     2013 04 20 06 27 42.396      51.8
 2013 04 20 16 25  2.526     2013 04 20 16 28  2.843     180.3
699
 2013 04 20 04 39 22.217     2013 04 20 04 42 55.258     213.0
700
 2013 04 20 00 48  6.374     2013 04 20 00 48 13.475       7.1
701
 2013 04 20 18 50 30.475     2013 04 20 18 50 36.171       5.7
702
 2013 04 20 04 37  2.034     2013 04 20 04 40 19.886     197.9
 2013 04 20 18 13 17.909     2013 04 20 18 16 25.678     187.8
703
704
 2013 04 20 04 09 43.860     2013 04 20 04 12 49.040     185.2
 2013 04 20 10 44 57.290     2013 04 20 10 48 27.321     210.0
705
706
 2013 04 20 04 39 51.857     2013 04 20 04 42 41.414     169.6
707
708
 2013 04 20 02 33 54.116     2013 04 20 02 37  9.415     195.3
 2013 04 20 10 48  8.781     2013 04 20 10 51 51.508     222.7
709
710
 2013 04 20 03 11  6.774     2013 04 20 03 13 49.801     163.0
711
 2013 04 20 11 05  1.224     2013 04 20 11 07 36.829     155.6
712
 2013 04 20 18 12  4.811     2013 04 20 18 15 25.386     200.6
713
 2013 04 20 03 19 17.972     2013 04 20 03 22 48.417     210.4
 2013 04 20 11 36  3.623     2013 04 20 11 39   .451     176.8
714
 2013 04 20 03 44 37.691     2013 04 20 03 48 17.526     219.8
 2013 04 20 19 05 21.065     2013 04 20 19 06 53.915      92.8
715
716
 2013 04 20 08 55 47.352     2013 04 20 08 58 41.907     174.6
 2013 04 20 15 29 47.223     2013 04 20 15 32 48.738     181.5
717
 2013 04 20 01 01  9.695     2013 04 20 01 03 51.485     161.8
 2013 04 20 07 36 24.439     2013 04 20 07 39 10.583     166.1
718
 2013 04 20 10 03 27.782     2013 04 20 10 07  4.338     216.6
719
 2013 04 20 12 38 48.204     2013 04 20 12 41 38.852     170.6
720
 2013 04 20 05 15 24.006     2013 04 20 05 18 29.187     185.2
 2013 04 20 22 19 30.524     2013 04 20 22 23   .879     210.4
721
 2013 04 20 11 46 10.209     2013 04 20 11 48 56.456     166.2
722
 2013 04 20 04 00 24.656     2013 04 20 04 03  4.504     159.8
723
 2013 04 20 19 47 25.910     2013 04 20 19 50 17.443     171.5
724
 2013 04 20 14 01  7.577     2013 04 20 14 04 13.995     186.4
725
 2013 04 20 01 34  9.080     2013 04 20 01 37 36.784     207.7
 2013 04 20 13 22 17.932     2013 04 20 13 25  5.220     167.3
726
 2013 04 20 03 56 10.376     2013 04 20 03 59 34.515     204.1
 2013 04 20 15 45 48.397     2013 04 20 15 47 29.517     101.1
727
 2013 04 20 08 06 34.163     2013 04 20 08 09 18.200     164.0
 2013 04 20 14 42  3.382     2013 04 20 14 45 54.561     231.2
728
 2013 04 20 17 29 34.476     2013 04 20 17 32 22.592     168.1
729
 2013 04 20 06 32 56.812     2013 04 20 06 35 41.167     164.4
 2013 04 20 13 08 33.334     2013 04 20 13 11 16.969     163.6
730
 2013 04 20 05 46 31.894     2013 04 20 05 49 12.354     160.5
 2013 04 20 12 20 39.626     2013 04 20 12 23 44.263     184.6
731
 2013 04 20 15 13 19.566     2013 04 20 15 13 37.307      17.7
 2013 04 20 16 51 35.290     2013 04 20 16 55 14.327     219.0
 2013 04 20 21 48   .583     2013 04 20 21 50 38.257     157.7
732
733
 2013 04 20 01 31 28.539     2013 04 20 01 32  5.017      36.5
 2013 04 20 13 25 51.541     2013 04 20 13 28 31.852     160.3
734
 2013 04 20 06 28 48.472     2013 04 20 06 31 50.154     181.7
 2013 04 20 14 45 52.994     2013 04 20 14 48 57.264     184.3
735
 2013 04 20 04 03 43.758     2013 04 20 04 06 36.088     172.3
 2013 04 20 14 02 54.208     2013 04 20 14 06 20.855     206.6
736
 2013 04 20 01 20 59.181     2013 04 20 01 23 43.283     164.1
 2013 04 20 16 45  1.039     2013 04 20 16 47 48.441     167.4
737
 2013 04 20 07 55 15.728     2013 04 20 07 58  6.457     170.7
738
 2013 04 20 01 37 36.885     2013 04 20 01 38  4.063      27.2
 2013 04 20 11 44  8.356     2013 04 20 11 47 33.749     205.4
739
740
 2013 04 20 11 06 10.071     2013 04 20 11 07 13.936      63.9
 2013 04 20 21 12 26.461     2013 04 20 21 15 50.553     204.1
741
 2013 04 20 00 44 17.422     2013 04 20 00 46 55.336     157.9
 2013 04 20 12 39 53.909     2013 04 20 12 40 48.400      54.5
742
 2013 04 20 04 32 34.992     2013 04 20 04 32 34.360       -.6
743
 2013 04 20 11 13 39.588     2013 04 20 11 16 42.534     182.9
 2013 04 20 19 30  8.829     2013 04 20 19 32 49.693     160.9
744
 2013 04 20 03 44  8.053     2013 04 20 03 47 41.956     213.9
 2013 04 20 19 07 45.422     2013 04 20 19 11 33.368     227.9
745
 2013 04 20 00 00 36.078     2013 04 20 00 03 28.506     172.4
 2013 04 20 11 46 56.795     2013 04 20 11 48  2.664      65.9
 2013 04 20 23 41 37.324     2013 04 20 23 44 29.946     172.6
746
 2013 04 20 06 07   .446     2013 04 20 06 09 38.884     158.4
 2013 04 20 21 28 29.672     2013 04 20 21 30 28.434     118.8
747
748
 2013 04 20 11 12 21.761     2013 04 20 11 16 15.770     234.0
 2013 04 20 19 32 11.016     2013 04 20 19 35  5.209     174.2
749
 2013 04 20 06 03 48.874     2013 04 20 06 07 36.768     227.9
 2013 04 20 21 30 44.032     2013 04 20 21 34  5.319     201.3
750
 2013 04 20 20 16  9.665     2013 04 20 20 19 17.797     188.1
751
 2013 04 20 04 46 46.831     2013 04 20 04 50 21.876     215.0
752
753
 2013 04 20 21 18  5.870     2013 04 20 21 18 29.539      23.7
754
 2013 04 20 05 39 39.570     2013 04 20 05 42 50.066     190.5
755
 2013 04 20 23 02  4.287     2013 04 20 23 04 44.072     159.8
756
 2013 04 20 00 29  3.115     2013 04 20 00 31 46.427     163.3
 2013 04 20 17 35 32.892     2013 04 20 17 35 52.343      19.5
 2013 04 20 19 13 51.785     2013 04 20 19 17 26.329     214.5
757
 2013 04 20 03 23 34.511     2013 04 20 03 26 57.993     203.5
 2013 04 20 05 01 24.303     2013 04 20 05 02 29.743      65.4
 2013 04 20 09 57 53.232     2013 04 20 10 00 42.912     169.7
758
 2013 04 20 02 38  5.657     2013 04 20 02 40 44.176     158.5
 2013 04 20 07 33 30.912     2013 04 20 07 36 41.434     190.5
759
 2013 04 20 02 39 15.744     2013 04 20 02 39 18.195       2.5
 2013 04 20 04 13 25.299     2013 04 20 04 17   .302     215.0
 2013 04 20 09 09 54.126     2013 04 20 09 12 37.262     163.1
760
 2013 04 20 18 52 22.763     2013 04 20 18 55 32.195     189.4
761
 2013 04 20 18 21 12.789     2013 04 20 18 24 41.545     208.8
762
 2013 04 20 04 59 32.756     2013 04 20 05 02 18.165     165.4
 2013 04 20 09 54 48.744     2013 04 20 09 58 34.419     225.7
 2013 04 20 11 32 54.014     2013 04 20 11 36 42.284     228.3
763
 2013 04 20 23 36 27.634     2013 04 20 23 39  4.723     157.1
764
 2013 04 20 10 21 52.720     2013 04 20 10 24 47.761     175.0
 2013 04 20 20 22 28.591     2013 04 20 20 25 10.591     162.0
765
 2013 04 20 03 06 49.896     2013 04 20 03 09 35.003     165.1
 2013 04 20 14 59 27.529     2013 04 20 15 02 34.812     187.3
766
 2013 04 20 15 44 57.969     2013 04 20 15 46 10.604      72.6
767
 2013 04 20 03 42 11.889     2013 04 20 03 42 41.726      29.8
 2013 04 20 20 44  5.763     2013 04 20 20 46 59.592     173.8
768
 2013 04 20 15 47 54.860     2013 04 20 15 48 53.214      58.4
769
 2013 04 20 08 33 30.755     2013 04 20 08 36 51.664     200.9
 2013 04 20 22 10 23.905     2013 04 20 22 13 11.965     168.1
770
 2013 04 20 06 27   .776     2013 04 20 06 27 59.831      59.1
 2013 04 20 16 25  2.901     2013 04 20 16 27 49.521     166.6
771
 2013 04 20 11 56 46.155     2013 04 20 12 00  1.837     195.7
 2013 04 20 21 56 43.690     2013 04 20 21 59 33.125     169.4
772
773
 2013 04 20 13 39 51.550     2013 04 20 13 42 32.884     161.3
 2013 04 20 20 14 53.490     2013 04 20 20 17 37.040     163.5
774
 2013 04 20 08 44 28.118     2013 04 20 08 47 27.285     179.2
 2013 04 20 18 52 40.580     2013 04 20 18 53 24.002      43.4
775
776
 2013 04 20 06 11  9.352     2013 04 20 06 13 48.157     158.8
 2013 04 20 19 49 44.118     2013 04 20 19 52 32.832     168.7
777
 2013 04 20 06 32 54.457     2013 04 20 06 36 34.503     220.0
 2013 04 20 13 09 28.149     2013 04 20 13 12 10.432     162.3
778
 2013 04 20 03 49  9.018     2013 04 20 03 52 12.723     183.7
 2013 04 20 17 27 40.161     2013 04 20 17 30 55.500     195.3
779
 2013 04 20 06 06 58.140     2013 04 20 06 10 38.336     220.2
780
781
 2013 04 20 18 03 18.679     2013 04 20 18 05 59.872     161.2
782
 2013 04 20 16 03 19.537     2013 04 20 16 06 12.888     173.4
 2013 04 20 20 59  9.170     2013 04 20 21 02 29.460     200.3
783
 2013 04 20 23 01 49.036     2013 04 20 23 05  2.775     193.7
784
 2013 04 20 02 16 30.213     2013 04 20 02 19  8.395     158.2
785
 2013 04 20 08 41 55.564     2013 04 20 08 44 50.602     175.0
786
 2013 04 20 01 43  1.660     2013 04 20 01 45 39.964     158.3
787
 2013 04 20 01 21 45.142     2013 04 20 01 24 40.912     175.8
 2013 04 20 16 45 47.343     2013 04 20 16 48 43.100     175.8
788
 2013 04 20 00 49  6.528     2013 04 20 00 52  3.619     177.1
789
 2013 04 20 00 31 47.070     2013 04 20 00 34 35.544     168.5
 2013 04 20 17 35 20.443     2013 04 20 17 36  1.415      41.0
790
 2013 04 20 02 22 51.882     2013 04 20 02 23 42.761      50.9
 2013 04 20 14 09 43.899     2013 04 20 14 13 12.671     208.8
791
 2013 04 20 22 07  6.259     2013 04 20 22 09 45.054     158.8
792
793
794
 2013 04 20 00 35 12.422     2013 04 20 00 38 23.298     190.9
 2013 04 20 15 56 21.879     2013 04 20 16 00  8.960     227.1
795
796
 2013 04 20 02 19 15.533     2013 04 20 02 22  1.411     165.9
 2013 04 20 14 14  1.457     2013 04 20 14 14 56.478      55.0
797
 2013 04 20 01 47 16.086     2013 04 20 01 50  3.741     167.7
 2013 04 20 08 27  2.529     2013 04 20 08 27  5.648       3.1
798
 2013 04 20 05 15 14.086     2013 04 20 05 18 53.457     219.4
 2013 04 20 22 21 22.817     2013 04 20 22 24 44.318     201.5
799
