s3
0
 2013 04 20 14 15 21.645     2013 04 20 14 15 36.400      14.8
1
 2013 04 20 16 32 43.870     2013 04 20 16 33 39.326      55.5
2
 2013 04 20 11 52 58.960     2013 04 20 11 54  5.769      66.8
3
 2013 04 20 03 11 39.325     2013 04 20 03 11 41.456       2.1
4
 2013 04 20 18 14 56.986     2013 04 20 18 17 49.920     172.9
5
 2013 04 20 15 55  8.261     2013 04 20 15 55  9.422       1.2
6
 2013 04 20 03 21   .536     2013 04 20 03 22 51.794     111.3
7
 2013 04 20 13 44 44.154     2013 04 20 13 48 33.368     229.2
 2013 04 20 22 01  3.952     2013 04 20 22 03 45.684     161.7
8
 2013 04 20 03 09 51.445     2013 04 20 03 12 39.256     167.8
 2013 04 20 16 50 21.708     2013 04 20 16 53  9.449     167.7
9
 2013 04 20 09 31  2.211     2013 04 20 09 34 53.141     230.9
10
11
 2013 04 20 03 54 26.320     2013 04 20 03 57 39.705     193.4
 2013 04 20 19 14 54.316     2013 04 20 19 15 14.720      20.4
12
 2013 04 20 05 27 59.165     2013 04 20 05 30 39.986     160.8
 2013 04 20 20 51 43.301     2013 04 20 20 54 29.040     165.7
13
14
 2013 04 20 06 10 51.965     2013 04 20 06 13 32.420     160.5
 2013 04 20 23 16 55.606     2013 04 20 23 19 49.118     173.5
15
 2013 04 20 18 54  5.826     2013 04 20 18 55 28.569      82.7
16
 2013 04 20 19 46 22.717     2013 04 20 19 46 49.969      27.3
17
 2013 04 20 12 10 58.754     2013 04 20 12 11  4.599       5.8
 2013 04 20 20 25 50.728     2013 04 20 20 28 56.437     185.7
18
 2013 04 20 04 17 31.750     2013 04 20 04 20  8.835     157.1
 2013 04 20 12 33 37.971     2013 04 20 12 36 29.627     171.7
19
 2013 04 20 04 13 51.274     2013 04 20 04 17  9.330     198.1
20
 2013 04 20 13 41 15.036     2013 04 20 13 44 36.953     201.9
21
 2013 04 20 08 09 58.074     2013 04 20 08 10 46.450      48.4
22
 2013 04 20 19 09 58.355     2013 04 20 19 13 29.705     211.3
23
 2013 04 20 10 33 55.093     2013 04 20 10 37 20.914     205.8
 2013 04 20 18 53 33.791     2013 04 20 18 53 55.519      21.7
24
 2013 04 20 20 05 40.211     2013 04 20 20 09 29.417     229.2
25
 2013 04 20 05 48 38.954     2013 04 20 05 48 55.502      16.5
26
 2013 04 20 12 40 25.941     2013 04 20 12 40 53.648      27.7
27
 2013 04 20 16 44 18.470     2013 04 20 16 47 16.051     177.6
28
 2013 04 20 04 04 24.348     2013 04 20 04 07 28.653     184.3
 2013 04 20 15 54 42.788     2013 04 20 15 57 43.286     180.5
29
 2013 04 20 06 13 12.653     2013 04 20 06 16 40.278     207.6
 2013 04 20 21 39 46.864     2013 04 20 21 43 27.610     220.7
30
 2013 04 20 03 02 10.704     2013 04 20 03 05  4.347     173.6
 2013 04 20 20 07 18.466     2013 04 20 20 10  2.537     164.1
31
 2013 04 20 11 18 20.857     2013 04 20 11 18 43.228      22.4
 2013 04 20 21 18 30.447     2013 04 20 21 21 11.097     160.7
32
 2013 04 20 06 34 36.730     2013 04 20 06 37 24.911     168.2
 2013 04 20 16 35 10.113     2013 04 20 16 38  1.091     171.0
33
 2013 04 20 05 27 43.650     2013 04 20 05 30 44.373     180.7
 2013 04 20 20 50 55.964     2013 04 20 20 53 36.631     160.7
34
 2013 04 20 01 49 39.893     2013 04 20 01 53 34.711     234.8
 2013 04 20 11 50 18.213     2013 04 20 11 52 55.531     157.3
35
 2013 04 20 01 32 22.086     2013 04 20 01 34 59.614     157.5
 2013 04 20 16 53 46.745     2013 04 20 16 54  7.874      21.1
36
 2013 04 20 15 07 32.065     2013 04 20 15 07 56.421      24.4
37
 2013 04 20 02 21 37.407     2013 04 20 02 25 20.196     222.8
 2013 04 20 16 03 47.778     2013 04 20 16 06 45.156     177.4
38
 2013 04 20 00 16 54.250     2013 04 20 00 20 23.756     209.5
39
 2013 04 20 04 34 50.536     2013 04 20 04 37 29.090     158.6
 2013 04 20 23 20  6.129     2013 04 20 23 23  4.914     178.8
40
 2013 04 20 18 34 56.879     2013 04 20 18 37 35.378     158.5
 2013 04 20 23 30 26.194     2013 04 20 23 33 35.076     188.9
41
 2013 04 20 02 21 59.653     2013 04 20 02 25 42.322     222.7
 2013 04 20 16 03 45.699     2013 04 20 16 06 29.061     163.4
42
 2013 04 20 06 23   .322     2013 04 20 06 25 45.071     164.7
43
44
 2013 04 20 00 23 26.233     2013 04 20 00 26  8.042     161.8
 2013 04 20 06 58 46.466     2013 04 20 07 01 29.585     163.1
45
 2013 04 20 11 55 32.037     2013 04 20 11 55 42.227      10.2
46
 2013 04 20 21 23  3.956     2013 04 20 21 26 20.181     196.2
47
 2013 04 20 15 17 13.323     2013 04 20 15 20 58.545     225.2
48
 2013 04 20 20 53  3.958     2013 04 20 20 56 43.566     219.6
49
 2013 04 20 18 27 13.697     2013 04 20 18 29 53.250     159.6
50
51
 2013 04 20 03 29 22.819     2013 04 20 03 32 59.108     216.3
 2013 04 20 11 47 35.760     2013 04 20 11 50 25.890     170.1
52
53
 2013 04 20 11 17 33.190     2013 04 20 11 20 12.168     159.0
 2013 04 20 21 20 15.510     2013 04 20 21 23  4.860     169.3
54
 2013 04 20 06 42 52.025     2013 04 20 06 45 34.206     162.2
 2013 04 20 13 17 42.419     2013 04 20 13 20 27.244     164.8
55
 2013 04 20 02 16 13.788     2013 04 20 02 18 53.696     159.9
 2013 04 20 19 19 46.850     2013 04 20 19 19 50.064       3.2
56
 2013 04 20 04 18 25.240     2013 04 20 04 21 26.551     181.3
 2013 04 20 12 32 12.433     2013 04 20 12 32 38.153      25.7
57
 2013 04 20 03 07 47.686     2013 04 20 03 11  9.411     201.7
58
 2013 04 20 00 43 57.912     2013 04 20 00 47 23.349     205.4
 2013 04 20 16 07 52.801     2013 04 20 16 11 19.735     206.9
59
 2013 04 20 04 20 12.086     2013 04 20 04 20 40.840      28.8
 2013 04 20 05 58 31.339     2013 04 20 06 01 54.817     203.5
 2013 04 20 09 15 22.414     2013 04 20 09 15 23.701       1.3
 2013 04 20 10 54 15.560     2013 04 20 10 57  7.461     171.9
60
 2013 04 20 09 37  5.671     2013 04 20 09 40   .122     174.5
 2013 04 20 21 26 56.308     2013 04 20 21 30  8.534     192.2
61
 2013 04 20 13 47 39.489     2013 04 20 13 50 59.205     199.7
 2013 04 20 20 22 45.286     2013 04 20 20 25 55.825     190.5
62
 2013 04 20 08 17 12.424     2013 04 20 08 17 17.593       5.2
 2013 04 20 16 29 14.499     2013 04 20 16 31 58.183     163.7
63
 2013 04 20 02 26 10.233     2013 04 20 02 28 47.651     157.4
64
65
 2013 04 20 07 49  1.139     2013 04 20 07 51 39.179     158.0
 2013 04 20 23 13 37.949     2013 04 20 23 16 41.704     183.8
66
 2013 04 20 09 04 10.739     2013 04 20 09 07 47.684     216.9
 2013 04 20 15 40 57.329     2013 04 20 15 43 37.615     160.3
67
 2013 04 20 12 43 32.993     2013 04 20 12 46 10.510     157.5
68
 2013 04 20 08 18  9.975     2013 04 20 08 20 58.061     168.1
 2013 04 20 13 13 22.282     2013 04 20 13 13 44.488      22.2
 2013 04 20 14 51 57.688     2013 04 20 14 55 19.627     201.9
69
 2013 04 20 01 36 20.139     2013 04 20 01 39 18.258     178.1
 2013 04 20 15 14  8.773     2013 04 20 15 16 45.457     156.7
70
 2013 04 20 12 11 40.241     2013 04 20 12 14 30.041     169.8
 2013 04 20 20 27 23.644     2013 04 20 20 31  6.608     223.0
71
 2013 04 20 07 07 50.007     2013 04 20 07 11 11.621     201.6
 2013 04 20 20 46 50.348     2013 04 20 20 50  9.669     199.3
72
 2013 04 20 00 59 47.438     2013 04 20 01 03  8.640     201.2
 2013 04 20 11 09 20.946     2013 04 20 11 09 40.442      19.5
73
 2013 04 20 17 43 24.833     2013 04 20 17 44 52.628      87.8
74
 2013 04 20 06 37 52.474     2013 04 20 06 41  7.085     194.6
 2013 04 20 14 56 55.159     2013 04 20 14 59 57.441     182.3
75
 2013 04 20 13 23 49.263     2013 04 20 13 27 19.369     210.1
76
 2013 04 20 03 57  2.549     2013 04 20 04 00  4.881     182.3
 2013 04 20 17 37 57.547     2013 04 20 17 40 49.302     171.8
77
 2013 04 20 06 39 38.925     2013 04 20 06 42 36.131     177.2
 2013 04 20 14 55 14.638     2013 04 20 14 58 14.031     179.4
78
 2013 04 20 01 00 42.838     2013 04 20 01 03 17.618     154.8
 2013 04 20 11 07 50.955     2013 04 20 11 08 28.030      37.1
79
 2013 04 20 08 58 22.431     2013 04 20 09 00 58.216     155.8
80
 2013 04 20 19 01 25.526     2013 04 20 19 04 38.837     193.3
81
 2013 04 20 02 23 36.918     2013 04 20 02 23 47.016      10.1
 2013 04 20 16 00 38.607     2013 04 20 16 03 19.046     160.4
82
 2013 04 20 07 20 14.513     2013 04 20 07 23 25.857     191.3
 2013 04 20 17 24 24.681     2013 04 20 17 27  7.510     162.8
83
 2013 04 20 18 20 12.877     2013 04 20 18 22 48.721     155.8
84
 2013 04 20 03 16  8.339     2013 04 20 03 17 22.638      74.3
85
 2013 04 20 09 02 39.986     2013 04 20 09 03 32.025      52.0
 2013 04 20 15 37 47.788     2013 04 20 15 41 37.915     230.1
86
87
 2013 04 20 06 31 20.915     2013 04 20 06 34 54.617     213.7
88
 2013 04 20 06 44 52.593     2013 04 20 06 47 42.780     170.2
 2013 04 20 11 40 35.036     2013 04 20 11 43 25.639     170.6
89
 2013 04 20 00 02 22.658     2013 04 20 00 05 24.371     181.7
 2013 04 20 13 39 37.946     2013 04 20 13 40 13.752      35.8
 2013 04 20 23 43 22.334     2013 04 20 23 46 23.802     181.5
90
91
 2013 04 20 06 43 40.655     2013 04 20 06 46 33.953     173.3
 2013 04 20 08 21 13.238     2013 04 20 08 21 18.464       5.2
 2013 04 20 11 38 54.977     2013 04 20 11 42 33.089     218.1
 2013 04 20 13 16 55.027     2013 04 20 13 20 43.706     228.7
92
 2013 04 20 17 33 35.947     2013 04 20 17 33 46.887      10.9
93
 2013 04 20 12 40 46.548     2013 04 20 12 43 28.252     161.7
94
 2013 04 20 08 14  6.800     2013 04 20 08 17 22.510     195.7
 2013 04 20 16 29 47.366     2013 04 20 16 32 38.117     170.8
95
 2013 04 20 12 15 30.148     2013 04 20 12 18 11.852     161.7
 2013 04 20 17 11  2.571     2013 04 20 17 14 56.086     233.5
 2013 04 20 18 49  9.351     2013 04 20 18 53  3.224     233.9
96
 2013 04 20 05 00 22.534     2013 04 20 05 03 20.919     178.4
 2013 04 20 14 59 46.104     2013 04 20 15 03  6.099     200.0
97
98
99
 2013 04 20 15 22  3.862     2013 04 20 15 22 10.471       6.6
 2013 04 20 17 00 11.086     2013 04 20 17 01  9.016      57.9
 2013 04 20 21 57  5.918     2013 04 20 22 00 11.267     185.3
100
101
 2013 04 20 01 31 24.570     2013 04 20 01 34 19.459     174.9
 2013 04 20 16 53 59.633     2013 04 20 16 56 52.789     173.2
102
 2013 04 20 08 12 30.543     2013 04 20 08 15 41.387     190.8
 2013 04 20 16 29 46.124     2013 04 20 16 33 22.589     216.5
103
 2013 04 20 08 59 44.476     2013 04 20 09 02 21.034     156.6
 2013 04 20 17 20 50.869     2013 04 20 17 21 40.257      49.4
104
 2013 04 20 01 11 10.162     2013 04 20 01 13 48.362     158.2
 2013 04 20 07 46 21.086     2013 04 20 07 48 59.816     158.7
105
 2013 04 20 22 18 56.541     2013 04 20 22 21 36.608     160.1
106
 2013 04 20 01 48 34.971     2013 04 20 01 51 47.096     192.1
 2013 04 20 11 50 54.806     2013 04 20 11 54 24.867     210.1
107
 2013 04 20 02 47 20.260     2013 04 20 02 49 59.730     159.5
 2013 04 20 07 42 50.680     2013 04 20 07 46 21.978     211.3
 2013 04 20 09 20 30.433     2013 04 20 09 20 33.780       3.3
108
 2013 04 20 06 15 34.561     2013 04 20 06 19 20.202     225.6
 2013 04 20 21 39 26.734     2013 04 20 21 43 16.935     230.2
109
110
 2013 04 20 00 24 26.537     2013 04 20 00 27 28.353     181.8
 2013 04 20 06 59 17.899     2013 04 20 07 02 34.573     196.7
111
 2013 04 20 19 15   .944     2013 04 20 19 17 43.312     162.4
112
 2013 04 20 11 27 40.076     2013 04 20 11 30 46.489     186.4
 2013 04 20 13 05 24.784     2013 04 20 13 09 26.705     241.9
 2013 04 20 16 22 53.196     2013 04 20 16 26 29.730     216.5
 2013 04 20 18 00 55.865     2013 04 20 18 04 38.003     222.1
113
 2013 04 20 01 44 28.264     2013 04 20 01 45 52.687      84.4
114
 2013 04 20 07 58  9.288     2013 04 20 07 58 11.668       2.4
115
 2013 04 20 14 18 22.699     2013 04 20 14 22 13.444     230.7
116
 2013 04 20 18 54 32.472     2013 04 20 18 57 11.175     158.7
117
 2013 04 20 02 28 37.224     2013 04 20 02 31 28.481     171.3
 2013 04 20 14 21 36.519     2013 04 20 14 24 58.530     202.0
118
 2013 04 20 12 14  2.536     2013 04 20 12 17 35.225     212.7
 2013 04 20 13 52  2.571     2013 04 20 13 55 50.135     227.6
 2013 04 20 18 48 12.513     2013 04 20 18 51  1.255     168.7
119
120
 2013 04 20 09 33 12.084     2013 04 20 09 35 51.131     159.0
121
 2013 04 20 09 31 22.445     2013 04 20 09 33 59.653     157.2
 2013 04 20 23 07 11.081     2013 04 20 23 07 22.841      11.8
122
 2013 04 20 00 39 49.866     2013 04 20 00 43 11.011     201.1
 2013 04 20 17 44 48.101     2013 04 20 17 47 36.056     168.0
123
 2013 04 20 05 05 37.374     2013 04 20 05 09 34.429     237.1
124
 2013 04 20 07 08 23.032     2013 04 20 07 11  4.712     161.7
 2013 04 20 20 45 42.667     2013 04 20 20 48 38.405     175.7
125
 2013 04 20 12 05 21.630     2013 04 20 12 08 35.402     193.8
 2013 04 20 22 06 34.163     2013 04 20 22 09 14.199     160.0
126
 2013 04 20 09 41 59.827     2013 04 20 09 45 15.451     195.6
 2013 04 20 19 44 27.657     2013 04 20 19 48 17.326     229.7
127
 2013 04 20 18 18 57.361     2013 04 20 18 19 45.003      47.6
128
 2013 04 20 02 17 38.875     2013 04 20 02 20 20.740     161.9
 2013 04 20 17 41 53.267     2013 04 20 17 44 52.614     179.3
129
 2013 04 20 01 07 52.247     2013 04 20 01 10 49.604     177.4
 2013 04 20 09 23 41.894     2013 04 20 09 26 28.198     166.3
130
 2013 04 20 07 26 25.903     2013 04 20 07 27 22.643      56.7
 2013 04 20 15 44 21.289     2013 04 20 15 47 39.889     198.6
131
 2013 04 20 06 22 49.950     2013 04 20 06 23 12.788      22.8
 2013 04 20 19 57 32.736     2013 04 20 20 00 51.394     198.7
132
 2013 04 20 01 30   .789     2013 04 20 01 33  7.221     186.4
 2013 04 20 16 55 37.100     2013 04 20 16 58 23.476     166.4
133
134
 2013 04 20 10 27 53.938     2013 04 20 10 31 34.805     220.9
135
 2013 04 20 04 59 30.364     2013 04 20 05 02 38.751     188.4
 2013 04 20 15 00 16.730     2013 04 20 15 02 55.865     159.1
136
 2013 04 20 00 08 52.565     2013 04 20 00 11 38.998     166.4
 2013 04 20 11 57 46.509     2013 04 20 12 00 33.394     166.9
137
138
 2013 04 20 06 41 41.891     2013 04 20 06 44 23.445     161.6
 2013 04 20 13 17 23.998     2013 04 20 13 20 44.372     200.4
139
140
 2013 04 20 07 27 11.244     2013 04 20 07 29 47.813     156.6
 2013 04 20 15 43  8.673     2013 04 20 15 46 13.564     184.9
141
 2013 04 20 13 00 46.735     2013 04 20 13 04  8.095     201.4
 2013 04 20 19 35 44.338     2013 04 20 19 38 30.021     165.7
142
 2013 04 20 01 55 29.251     2013 04 20 01 58 12.767     163.5
 2013 04 20 10 11 48.680     2013 04 20 10 14 52.191     183.5
143
 2013 04 20 02 19 20.454     2013 04 20 02 23  6.597     226.1
144
 2013 04 20 01 29 26.054     2013 04 20 01 29 44.913      18.9
 2013 04 20 16 56 23.318     2013 04 20 16 59  5.860     162.5
145
 2013 04 20 11 24 48.411     2013 04 20 11 27 34.883     166.5
146
 2013 04 20 16 56 33.477     2013 04 20 16 59 51.844     198.4
147
 2013 04 20 04 53 58.880     2013 04 20 04 56 20.276     141.4
148
 2013 04 20 10 39  6.773     2013 04 20 10 42 43.247     216.5
 2013 04 20 12 17  7.775     2013 04 20 12 20 56.897     229.1
 2013 04 20 17 13 27.780     2013 04 20 17 16 10.552     162.8
149
 2013 04 20 11 17  2.165     2013 04 20 11 19 41.494     159.3
 2013 04 20 21 20 26.908     2013 04 20 21 23 40.003     193.1
150
 2013 04 20 17 32 48.075     2013 04 20 17 35 34.645     166.6
151
152
 2013 04 20 01 01 27.878     2013 04 20 01 04 19.720     171.8
 2013 04 20 11 05  9.805     2013 04 20 11 07 57.652     167.8
153
 2013 04 20 06 27 29.902     2013 04 20 06 31  1.530     211.6
 2013 04 20 18 17 34.122     2013 04 20 18 21 20.921     226.8
154
 2013 04 20 15 11 31.311     2013 04 20 15 14 48.682     197.4
155
 2013 04 20 03 46   .583     2013 04 20 03 49 42.580     222.0
 2013 04 20 05 23 50.397     2013 04 20 05 24 24.570      34.2
 2013 04 20 22 31 23.207     2013 04 20 22 34  9.233     166.0
156
 2013 04 20 16 51 41.435     2013 04 20 16 54 58.165     196.7
157
 2013 04 20 10 36 54.538     2013 04 20 10 37 55.870      61.3
158
 2013 04 20 02 35  3.079     2013 04 20 02 35 18.202      15.1
 2013 04 20 12 40 58.960     2013 04 20 12 43 48.132     169.2
159
 2013 04 20 07 21 54.107     2013 04 20 07 24 51.629     177.5
 2013 04 20 17 22 17.899     2013 04 20 17 25  3.430     165.5
160
 2013 04 20 04 41 13.395     2013 04 20 04 43 51.039     157.6
 2013 04 20 20 03 50.562     2013 04 20 20 07  5.086     194.5
161
 2013 04 20 13 42 10.595     2013 04 20 13 45 15.168     184.6
162
 2013 04 20 01 50  2.867     2013 04 20 01 50 26.889      24.0
163
 2013 04 20 06 39 56.266     2013 04 20 06 42 47.323     171.1
 2013 04 20 14 55 10.765     2013 04 20 14 58 27.687     196.9
164
 2013 04 20 14 16 48.817     2013 04 20 14 20  3.719     194.9
165
 2013 04 20 02 27 55.574     2013 04 20 02 30 45.831     170.3
 2013 04 20 14 25 30.933     2013 04 20 14 25 46.078      15.1
166
 2013 04 20 08 15  3.670     2013 04 20 08 15 12.159       8.5
 2013 04 20 09 53  5.956     2013 04 20 09 53  8.117       2.2
 2013 04 20 14 50 15.672     2013 04 20 14 51  6.117      50.4
167
 2013 04 20 01 47 22.836     2013 04 20 01 50 57.417     214.6
168
 2013 04 20 14 31 58.664     2013 04 20 14 34 42.363     163.7
 2013 04 20 22 49 59.400     2013 04 20 22 52 57.999     178.6
169
 2013 04 20 16 59 41.033     2013 04 20 17 03  1.828     200.8
 2013 04 20 21 55 56.454     2013 04 20 21 59 51.424     235.0
 2013 04 20 23 33 51.422     2013 04 20 23 33 54.596       3.2
170
 2013 04 20 06 36 41.982     2013 04 20 06 39 22.823     160.8
171
 2013 04 20 10 32 58.507     2013 04 20 10 33 31.770      33.3
 2013 04 20 20 31  9.607     2013 04 20 20 34 43.814     214.2
172
 2013 04 20 12 41  2.244     2013 04 20 12 44 36.739     214.5
173
 2013 04 20 03 03 29.080     2013 04 20 03 03 45.844      16.8
174
 2013 04 20 21 24 29.378     2013 04 20 21 27 10.588     161.2
175
 2013 04 20 15 59  8.967     2013 04 20 16 02 14.628     185.7
176
 2013 04 20 10 32  5.190     2013 04 20 10 34 40.789     155.6
 2013 04 20 20 31 41.697     2013 04 20 20 35 14.554     212.9
177
 2013 04 20 00 56 36.896     2013 04 20 00 59 46.029     189.1
 2013 04 20 12 45 16.817     2013 04 20 12 45 40.022      23.2
178
 2013 04 20 02 30 27.376     2013 04 20 02 31 30.683      63.3
 2013 04 20 14 20 52.365     2013 04 20 14 22  4.921      72.6
179
 2013 04 20 07 30 52.421     2013 04 20 07 33 33.147     160.7
 2013 04 20 14 05 11.123     2013 04 20 14 08 26.530     195.4
180
 2013 04 20 15 06 13.998     2013 04 20 15 08 57.838     163.8
181
 2013 04 20 23 34 52.594     2013 04 20 23 38 35.869     223.3
182
 2013 04 20 04 10 42.123     2013 04 20 04 11 29.390      47.3
183
 2013 04 20 15 45 23.635     2013 04 20 15 46 30.584      66.9
184
 2013 04 20 04 09 50.977     2013 04 20 04 12 26.825     155.8
185
 2013 04 20 09 44  1.108     2013 04 20 09 46 44.985     163.9
 2013 04 20 19 44 48.002     2013 04 20 19 47 37.133     169.1
186
 2013 04 20 03 22 57.590     2013 04 20 03 26 35.008     217.4
 2013 04 20 13 27 57.978     2013 04 20 13 30 42.018     164.0
187
 2013 04 20 22 24  3.953     2013 04 20 22 27 51.121     227.2
188
 2013 04 20 17 19  5.770     2013 04 20 17 19 30.852      25.1
189
 2013 04 20 10 21 32.209     2013 04 20 10 24  7.626     155.4
190
 2013 04 20 07 29 55.242     2013 04 20 07 33 44.206     229.0
 2013 04 20 14 06 22.538     2013 04 20 14 09  7.789     165.3
191
 2013 04 20 02 25 42.588     2013 04 20 02 28 20.210     157.6
192
193
 2013 04 20 07 29 35.842     2013 04 20 07 33  6.458     210.6
 2013 04 20 09 07 30.802     2013 04 20 09 08 42.452      71.6
 2013 04 20 14 04  4.300     2013 04 20 14 06 44.455     160.2
194
 2013 04 20 05 56 31.195     2013 04 20 05 59 30.771     179.6
 2013 04 20 10 52 24.709     2013 04 20 10 52 54.113      29.4
 2013 04 20 12 30 33.704     2013 04 20 12 31 50.341      76.6
195
 2013 04 20 07 53 40.659     2013 04 20 07 56 23.824     163.2
 2013 04 20 21 33 33.398     2013 04 20 21 37 11.689     218.3
196
 2013 04 20 08 02 44.734     2013 04 20 08 05 22.962     158.2
 2013 04 20 19 51 31.191     2013 04 20 19 54 32.832     181.6
197
 2013 04 20 00 48 38.381     2013 04 20 00 51 15.345     157.0
 2013 04 20 14 27 37.808     2013 04 20 14 30 16.798     159.0
198
 2013 04 20 03 47 19.436     2013 04 20 03 50 58.692     219.3
 2013 04 20 20 56 34.585     2013 04 20 20 57 18.859      44.3
 2013 04 20 22 31 16.239     2013 04 20 22 31 58.907      42.7
199
 2013 04 20 03 47 57.433     2013 04 20 03 50 49.335     171.9
 2013 04 20 20 53 57.152     2013 04 20 20 57 52.471     235.3
 2013 04 20 22 32  1.430     2013 04 20 22 33 36.272      94.8
200
 2013 04 20 11 14 13.335     2013 04 20 11 16 57.778     164.4
201
 2013 04 20 01 03 55.885     2013 04 20 01 07 45.254     229.4
 2013 04 20 11 01 35.890     2013 04 20 11 03   .917      85.0
202
 2013 04 20 13 50 47.289     2013 04 20 13 53 25.617     158.3
 2013 04 20 18 46 15.928     2013 04 20 18 49 21.949     186.0
203
 2013 04 20 09 49 16.930     2013 04 20 09 52 18.636     181.7
 2013 04 20 18 04 29.726     2013 04 20 18 07 41.506     191.8
204
 2013 04 20 07 25   .440     2013 04 20 07 27 57.974     177.5
 2013 04 20 15 43 51.039     2013 04 20 15 47 25.474     214.4
205
 2013 04 20 00 24 52.874     2013 04 20 00 27 41.278     168.4
 2013 04 20 05 20 30.553     2013 04 20 05 21  9.528      39.0
 2013 04 20 06 58 48.502     2013 04 20 07 02 36.404     227.9
206
 2013 04 20 11 01 37.585     2013 04 20 11 04 16.989     159.4
207
 2013 04 20 13 23 16.664     2013 04 20 13 26  3.290     166.6
208
 2013 04 20 03 49 47.184     2013 04 20 03 52 33.610     166.4
 2013 04 20 20 55 30.667     2013 04 20 20 58 20.614     169.9
209
 2013 04 20 04 58 55.672     2013 04 20 04 58 57.440       1.8
 2013 04 20 14 59 45.549     2013 04 20 15 02 24.296     158.7
210
 2013 04 20 03 12 58.418     2013 04 20 03 16  3.840     185.4
211
 2013 04 20 19 07 49.918     2013 04 20 19 10 39.044     169.1
212
 2013 04 20 10 38  6.371     2013 04 20 10 41 13.773     187.4
 2013 04 20 17 13 16.969     2013 04 20 17 16 44.357     207.4
213
 2013 04 20 18 26 34.394     2013 04 20 18 29 11.132     156.7
214
 2013 04 20 00 08 24.279     2013 04 20 00 11 21.969     177.7
 2013 04 20 11 57 51.485     2013 04 20 12 00 26.616     155.1
215
 2013 04 20 02 41  2.286     2013 04 20 02 43 39.653     157.4
 2013 04 20 10 58 44.752     2013 04 20 11 02 28.123     223.4
216
217
 2013 04 20 06 35 45.307     2013 04 20 06 38 48.426     183.1
 2013 04 20 16 33 42.341     2013 04 20 16 34  1.189      18.8
218
 2013 04 20 14 59 19.152     2013 04 20 15 02   .486     161.3
219
 2013 04 20 07 02 27.820     2013 04 20 07 05 33.308     185.5
 2013 04 20 22 25 34.954     2013 04 20 22 28 15.825     160.9
220
 2013 04 20 04 12 38.802     2013 04 20 04 15 42.292     183.5
 2013 04 20 14 13 36.483     2013 04 20 14 17 18.746     222.3
221
 2013 04 20 15 41 25.111     2013 04 20 15 44 41.554     196.4
222
 2013 04 20 22 24 12.776     2013 04 20 22 26 54.549     161.8
223
 2013 04 20 13 46 45.196     2013 04 20 13 49 28.908     163.7
 2013 04 20 22 01  5.609     2013 04 20 22 02 52.984     107.4
224
225
 2013 04 20 01 10  4.710     2013 04 20 01 13 20.734     196.0
 2013 04 20 07 46 44.615     2013 04 20 07 49 53.338     188.7
226
 2013 04 20 12 13 59.501     2013 04 20 12 16 49.441     169.9
 2013 04 20 18 48 49.748     2013 04 20 18 51 28.231     158.5
227
 2013 04 20 20 43 30.083     2013 04 20 20 46 57.144     207.1
228
 2013 04 20 07 04  6.305     2013 04 20 07 07 54.963     228.7
229
 2013 04 20 00 11 23.138     2013 04 20 00 14 25.169     182.0
230
 2013 04 20 11 56  5.801     2013 04 20 11 58 47.015     161.2
231
 2013 04 20 08 41 32.712     2013 04 20 08 44 12.746     160.0
 2013 04 20 22 21 37.194     2013 04 20 22 24 33.449     176.3
232
 2013 04 20 07 58 35.476     2013 04 20 08 01 36.315     180.8
233
 2013 04 20 08 45 11.710     2013 04 20 08 45 45.887      34.2
234
 2013 04 20 01 57 45.848     2013 04 20 02 01  9.546     203.7
 2013 04 20 08 32 37.374     2013 04 20 08 35 19.669     162.3
235
 2013 04 20 08 45 45.033     2013 04 20 08 49 23.939     218.9
236
 2013 04 20 08 38 33.231     2013 04 20 08 39 20.465      47.2
237
 2013 04 20 00 18 26.655     2013 04 20 00 19  5.752      39.1
 2013 04 20 10 15 22.312     2013 04 20 10 17 59.742     157.4
238
 2013 04 20 05 39 55.373     2013 04 20 05 42 33.084     157.7
 2013 04 20 17 29 51.422     2013 04 20 17 32 28.847     157.4
239
240
241
242
 2013 04 20 10 19 17.051     2013 04 20 10 22 48.627     211.6
243
244
 2013 04 20 15 51 37.171     2013 04 20 15 54 24.259     167.1
245
 2013 04 20 00 38 58.754     2013 04 20 00 41 39.679     160.9
 2013 04 20 17 45 14.088     2013 04 20 17 48 38.677     204.6
 2013 04 20 19 22 58.667     2013 04 20 19 23  6.430       7.8
246
247
 2013 04 20 12 03 44.203     2013 04 20 12 06 24.288     160.1
248
 2013 04 20 01 49 39.472     2013 04 20 01 53 15.375     215.9
 2013 04 20 11 52 24.651     2013 04 20 11 55 35.120     190.5
249
250
 2013 04 20 02 25 22.079     2013 04 20 02 28 28.726     186.6
 2013 04 20 15 59 45.710     2013 04 20 15 59 50.467       4.8
251
 2013 04 20 19 49 47.287     2013 04 20 19 53 22.571     215.3
252
 2013 04 20 22 14 46.455     2013 04 20 22 14 51.933       5.5
253
 2013 04 20 05 31 57.047     2013 04 20 05 35  3.623     186.6
 2013 04 20 19 10 57.798     2013 04 20 19 14 16.470     198.7
254
 2013 04 20 02 48  5.818     2013 04 20 02 51 15.617     189.8
 2013 04 20 07 44 11.878     2013 04 20 07 46 58.917     167.0
255
 2013 04 20 15 21 45.682     2013 04 20 15 25 21.093     215.4
256
 2013 04 20 09 26 39.373     2013 04 20 09 30 17.982     218.6
257
 2013 04 20 05 35 38.009     2013 04 20 05 38 19.731     161.7
258
 2013 04 20 00 15 33.074     2013 04 20 00 18 53.393     200.3
 2013 04 20 10 17  2.881     2013 04 20 10 20 43.831     221.0
259
 2013 04 20 05 40 28.247     2013 04 20 05 43  4.321     156.1
 2013 04 20 17 29 45.764     2013 04 20 17 32 45.865     180.1
260
 2013 04 20 00 00   .000     2013 04 20 00 01 44.418     104.4
 2013 04 20 23 40  5.737     2013 04 20 23 42 43.998     158.3
261
 2013 04 20 03 51 49.064     2013 04 20 03 55  9.914     200.8
 2013 04 20 19 17 48.091     2013 04 20 19 20 49.007     180.9
262
 2013 04 20 07 53   .187     2013 04 20 07 55 47.766     167.6
263
 2013 04 20 01 49 52.499     2013 04 20 01 52 58.261     185.8
 2013 04 20 11 50 56.377     2013 04 20 11 53 33.565     157.2
264
 2013 04 20 03 24 30.215     2013 04 20 03 28  6.652     216.4
 2013 04 20 13 27  2.164     2013 04 20 13 30 20.717     198.6
265
 2013 04 20 11 21 24.902     2013 04 20 11 22 28.516      63.6
 2013 04 20 19 41 40.240     2013 04 20 19 44 49.789     189.5
266
 2013 04 20 09 02 24.933     2013 04 20 09 05 51.863     206.9
267
 2013 04 20 16 31 31.209     2013 04 20 16 32 11.058      39.8
268
 2013 04 20 05 33 48.852     2013 04 20 05 37 34.773     225.9
 2013 04 20 19 09 41.031     2013 04 20 19 12 50.628     189.6
269
 2013 04 20 07 27  2.580     2013 04 20 07 30 44.904     222.3
 2013 04 20 15 41 42.116     2013 04 20 15 44 58.995     196.9
270
 2013 04 20 00 00   .000     2013 04 20 00 01 30.361      90.4
 2013 04 20 23 38 58.142     2013 04 20 23 42 29.771     211.6
271
 2013 04 20 14 33 50.374     2013 04 20 14 37 38.225     227.9
272
 2013 04 20 12 37  8.489     2013 04 20 12 40  9.994     181.5
273
 2013 04 20 10 32 59.361     2013 04 20 10 35 53.367     174.0
274
 2013 04 20 20 29 24.111     2013 04 20 20 32 14.015     169.9
275
276
 2013 04 20 05 29 24.008     2013 04 20 05 32 14.571     170.6
277
 2013 04 20 11 22  5.286     2013 04 20 11 23 10.931      65.6
 2013 04 20 19 41 47.501     2013 04 20 19 44 26.876     159.4
278
 2013 04 20 07 27 56.095     2013 04 20 07 31 10.860     194.8
279
 2013 04 20 02 21 53.518     2013 04 20 02 22 49.159      55.6
 2013 04 20 17 40 12.387     2013 04 20 17 43 31.327     198.9
280
 2013 04 20 01 58  1.543     2013 04 20 01 59 29.002      87.5
 2013 04 20 08 34 58.856     2013 04 20 08 37 39.921     161.1
281
 2013 04 20 12 13 53.060     2013 04 20 12 17 44.667     231.6
 2013 04 20 13 52  7.622     2013 04 20 13 55 37.190     209.6
 2013 04 20 17 13 15.777     2013 04 20 17 13 17.106       1.3
 2013 04 20 18 47 59.967     2013 04 20 18 50 49.946     170.0
282
 2013 04 20 04 45 30.403     2013 04 20 04 48 26.978     176.6
 2013 04 20 18 24 52.372     2013 04 20 18 27 37.390     165.0
283
 2013 04 20 08 58 37.836     2013 04 20 09 01 27.219     169.4
284
 2013 04 20 13 30 43.904     2013 04 20 13 34  5.446     201.5
285
 2013 04 20 03 06 55.487     2013 04 20 03 10 18.860     203.4
 2013 04 20 18 27 29.377     2013 04 20 18 27 47.532      18.2
286
 2013 04 20 11 18  6.380     2013 04 20 11 21 27.057     200.7
 2013 04 20 21 19  9.767     2013 04 20 21 21 47.004     157.2
287
 2013 04 20 02 27 36.235     2013 04 20 02 28 29.464      53.2
 2013 04 20 14 22 39.848     2013 04 20 14 25 56.193     196.3
288
 2013 04 20 18 13  7.672     2013 04 20 18 14 56.888     109.2
289
 2013 04 20 09 41 32.118     2013 04 20 09 42 53.989      81.9
290
 2013 04 20 04 58 45.473     2013 04 20 05 01 35.260     169.8
 2013 04 20 15 00 52.252     2013 04 20 15 03 40.177     167.9
291
 2013 04 20 10 21 35.315     2013 04 20 10 21 36.810       1.5
 2013 04 20 22 16 29.326     2013 04 20 22 19 17.032     167.7
292
293
 2013 04 20 15 58 14.370     2013 04 20 16 01 54.904     220.5
294
 2013 04 20 12 04 10.032     2013 04 20 12 07 19.644     189.6
 2013 04 20 22 08 36.476     2013 04 20 22 11 31.236     174.8
295
 2013 04 20 10 41 17.898     2013 04 20 10 44 10.367     172.5
 2013 04 20 15 37  8.470     2013 04 20 15 40 21.684     193.2
296
297
 2013 04 20 01 01 31.557     2013 04 20 01 04 10.066     158.5
 2013 04 20 11 04 11.354     2013 04 20 11 07 23.095     191.7
298
 2013 04 20 04 08 26.316     2013 04 20 04 12  9.513     223.2
299
300
 2013 04 20 08 09  8.643     2013 04 20 08 12  6.927     178.3
 2013 04 20 18 10 46.045     2013 04 20 18 13 57.177     191.1
301
302
 2013 04 20 04 04 41.704     2013 04 20 04 07 16.842     155.1
 2013 04 20 15 55 37.899     2013 04 20 15 58 18.106     160.2
303
 2013 04 20 04 59 44.712     2013 04 20 04 59 52.454       7.7
304
 2013 04 20 01 53 18.762     2013 04 20 01 56  9.631     170.9
 2013 04 20 10 12   .649     2013 04 20 10 15 54.661     234.0
305
 2013 04 20 04 07  8.247     2013 04 20 04 07 15.087       6.8
306
 2013 04 20 03 59 11.303     2013 04 20 04 02 17.093     185.8
 2013 04 20 17 36 30.134     2013 04 20 17 37 24.429      54.3
307
 2013 04 20 00 39   .502     2013 04 20 00 39 39.639      39.1
 2013 04 20 17 47  4.448     2013 04 20 17 49 53.526     169.1
 2013 04 20 22 42 21.400     2013 04 20 22 45 45.533     204.1
308
 2013 04 20 17 43  5.177     2013 04 20 17 47  2.909     237.7
309
 2013 04 20 00 08 43.202     2013 04 20 00 09 37.384      54.2
310
 2013 04 20 00 42 26.955     2013 04 20 00 45 10.197     163.2
 2013 04 20 16 06 54.850     2013 04 20 16 10 27.211     212.4
311
 2013 04 20 08 49 42.324     2013 04 20 08 53  6.803     204.5
 2013 04 20 20 38 12.755     2013 04 20 20 40 52.701     159.9
312
 2013 04 20 19 07 39.308     2013 04 20 19 10 17.926     158.6
313
 2013 04 20 22 16 35.068     2013 04 20 22 19 23.821     168.8
314
 2013 04 20 06 38  6.998     2013 04 20 06 40 48.102     161.1
 2013 04 20 14 55 49.977     2013 04 20 14 59  8.313     198.3
315
 2013 04 20 08 16 18.610     2013 04 20 08 16 32.993      14.4
 2013 04 20 14 53 56.810     2013 04 20 14 56 44.418     167.6
316
317
 2013 04 20 03 27 45.297     2013 04 20 03 30 27.161     161.9
318
 2013 04 20 14 31 16.941     2013 04 20 14 35  1.626     224.7
 2013 04 20 22 48 18.304     2013 04 20 22 51 50.618     212.3
319
 2013 04 20 12 55  2.579     2013 04 20 12 58 54.663     232.1
320
 2013 04 20 09 29 44.159     2013 04 20 09 32 21.285     157.1
 2013 04 20 23 08 37.300     2013 04 20 23 11 12.481     155.2
321
 2013 04 20 01 39 59.412     2013 04 20 01 42 37.730     158.3
322
 2013 04 20 00 39 29.200     2013 04 20 00 42 10.527     161.3
 2013 04 20 17 45 41.240     2013 04 20 17 48 33.735     172.5
323
 2013 04 20 14 10  4.293     2013 04 20 14 10 48.687      44.4
324
 2013 04 20 07 23 57.788     2013 04 20 07 25  3.345      65.6
 2013 04 20 15 48  7.911     2013 04 20 15 48 33.458      25.5
325
 2013 04 20 10 40  8.053     2013 04 20 10 42 45.864     157.8
 2013 04 20 17 14 22.685     2013 04 20 17 17 24.812     182.1
326
 2013 04 20 01 06 30.496     2013 04 20 01 09 19.534     169.0
 2013 04 20 09 23 47.953     2013 04 20 09 27 10.615     202.7
327
328
329
 2013 04 20 03 32   .668     2013 04 20 03 35 34.206     213.5
 2013 04 20 10 07  4.216     2013 04 20 10 10   .848     176.6
330
 2013 04 20 12 59 45.452     2013 04 20 13 02 54.057     188.6
331
 2013 04 20 07 54 27.251     2013 04 20 07 57 28.811     181.6
 2013 04 20 21 33 14.907     2013 04 20 21 36  3.524     168.6
332
 2013 04 20 01 37 19.329     2013 04 20 01 39 57.300     158.0
 2013 04 20 15 14   .155     2013 04 20 15 17 42.727     222.6
333
 2013 04 20 17 21 24.565     2013 04 20 17 24  2.819     158.3
334
335
336
 2013 04 20 01 50   .336     2013 04 20 01 50 48.069      47.7
 2013 04 20 11 51 58.109     2013 04 20 11 52 18.094      20.0
337
 2013 04 20 08 51  7.067     2013 04 20 08 54 11.239     184.2
338
 2013 04 20 17 39 13.236     2013 04 20 17 39 55.504      42.3
339
 2013 04 20 06 14 31.959     2013 04 20 06 17 12.062     160.1
 2013 04 20 21 39 14.829     2013 04 20 21 42  1.196     166.4
340
 2013 04 20 11 25 43.862     2013 04 20 11 28 25.654     161.8
 2013 04 20 18 01 29.501     2013 04 20 18 05  4.000     214.5
341
 2013 04 20 05 48 53.459     2013 04 20 05 52 43.148     229.7
342
 2013 04 20 09 54 52.559     2013 04 20 09 58 10.959     198.4
 2013 04 20 14 50 53.102     2013 04 20 14 53 34.491     161.4
343
 2013 04 20 01 11 40.791     2013 04 20 01 15  2.579     201.8
 2013 04 20 07 46 58.045     2013 04 20 07 50 12.758     194.7
344
 2013 04 20 04 38  7.295     2013 04 20 04 41 35.803     208.5
345
 2013 04 20 03 58 19.208     2013 04 20 04 01  4.807     165.6
 2013 04 20 17 36 31.643     2013 04 20 17 39 10.576     158.9
346
 2013 04 20 14 22  4.912     2013 04 20 14 25 46.773     221.9
347
 2013 04 20 23 35  7.256     2013 04 20 23 38  1.554     174.3
348
349
 2013 04 20 04 10  6.678     2013 04 20 04 13 24.291     197.6
350
 2013 04 20 18 19 30.673     2013 04 20 18 22  8.123     157.5
351
 2013 04 20 00 04 16.770     2013 04 20 00 07 59.582     222.8
 2013 04 20 23 45 16.512     2013 04 20 23 48 58.949     222.4
352
 2013 04 20 01 04 25.713     2013 04 20 01 07 19.891     174.2
353
354
355
 2013 04 20 05 57 32.012     2013 04 20 05 57 51.051      19.0
 2013 04 20 07 31 57.172     2013 04 20 07 35 46.054     228.9
 2013 04 20 12 28 41.400     2013 04 20 12 31 39.290     177.9
356
 2013 04 20 07 03 31.801     2013 04 20 07 07 23.480     231.7
 2013 04 20 22 24  3.887     2013 04 20 22 25 21.216      77.3
357
 2013 04 20 15 25 20.114     2013 04 20 15 28  8.323     168.2
 2013 04 20 20 21  4.752     2013 04 20 20 24 29.587     204.8
358
 2013 04 20 16 05 37.545     2013 04 20 16 08 19.332     161.8
359
 2013 04 20 06 34 57.162     2013 04 20 06 37 49.514     172.4
 2013 04 20 16 35 27.283     2013 04 20 16 39 11.474     224.2
360
 2013 04 20 07 17  1.810     2013 04 20 07 19 37.472     155.7
361
 2013 04 20 07 00 40.930     2013 04 20 07 03 22.305     161.4
362
 2013 04 20 12 44  9.515     2013 04 20 12 46 57.397     167.9
363
 2013 04 20 09 02 53.115     2013 04 20 09 05 36.110     163.0
364
 2013 04 20 14 34   .369     2013 04 20 14 37 50.207     229.8
365
 2013 04 20 03 52 34.322     2013 04 20 03 56  2.878     208.6
 2013 04 20 19 15 51.266     2013 04 20 19 18 33.616     162.3
366
 2013 04 20 11 11 50.334     2013 04 20 11 15  2.164     191.8
 2013 04 20 23 00 32.962     2013 04 20 23 03 12.828     159.9
367
 2013 04 20 09 43 59.696     2013 04 20 09 46 41.555     161.9
 2013 04 20 19 44 53.302     2013 04 20 19 47 42.135     168.8
368
 2013 04 20 05 04 12.663     2013 04 20 05 07  5.134     172.5
 2013 04 20 13 20 53.906     2013 04 20 13 23 33.354     159.4
369
 2013 04 20 01 24  5.672     2013 04 20 01 27  4.656     179.0
 2013 04 20 20 09 44.156     2013 04 20 20 12 21.990     157.8
370
 2013 04 20 08 42 46.311     2013 04 20 08 45 34.434     168.1
 2013 04 20 22 20 31.596     2013 04 20 22 23 13.878     162.3
371
 2013 04 20 20 44 31.763     2013 04 20 20 47 11.150     159.4
372
 2013 04 20 06 38 44.197     2013 04 20 06 42 37.765     233.6
 2013 04 20 14 54 46.251     2013 04 20 14 57 26.051     159.8
373
374
 2013 04 20 02 30 15.646     2013 04 20 02 30 24.996       9.3
 2013 04 20 14 19  9.689     2013 04 20 14 21 48.048     158.4
375
 2013 04 20 09 36  5.644     2013 04 20 09 37  3.891      58.2
 2013 04 20 21 27 53.095     2013 04 20 21 31 10.243     197.1
376
 2013 04 20 16 47 17.367     2013 04 20 16 49 53.313     155.9
377
 2013 04 20 07 18 30.965     2013 04 20 07 20 39.911     128.9
 2013 04 20 17 27 28.079     2013 04 20 17 28 45.533      77.5
378
 2013 04 20 00 11 59.744     2013 04 20 00 14 45.163     165.4
379
 2013 04 20 00 05  9.342     2013 04 20 00 08 57.348     228.0
 2013 04 20 12 00 24.213     2013 04 20 12 01  3.730      39.5
380
 2013 04 20 02 26 52.925     2013 04 20 02 29 37.591     164.7
381
 2013 04 20 21 17   .873     2013 04 20 21 20 33.807     212.9
382
 2013 04 20 05 58  5.629     2013 04 20 06 01 23.724     198.1
 2013 04 20 10 54  5.611     2013 04 20 10 56 44.634     159.0
383
 2013 04 20 00 05 59.226     2013 04 20 00 09 14.529     195.3
384
 2013 04 20 00 14 32.165     2013 04 20 00 17 14.896     162.7
 2013 04 20 10 17 28.619     2013 04 20 10 20  7.982     159.4
385
 2013 04 20 17 20 22.030     2013 04 20 17 23  4.961     162.9
386
 2013 04 20 01 05 55.806     2013 04 20 01 06 58.478      62.7
 2013 04 20 11 02 23.222     2013 04 20 11 05 17.743     174.5
387
388
 2013 04 20 12 52  3.402     2013 04 20 12 55 25.070     201.7
 2013 04 20 22 56  1.031     2013 04 20 22 58 37.307     156.3
389
 2013 04 20 00 16 21.977     2013 04 20 00 19 42.589     200.6
 2013 04 20 10 14 58.181     2013 04 20 10 18 35.632     217.5
390
 2013 04 20 07 27 33.373     2013 04 20 07 28 17.018      43.6
391
 2013 04 20 23 04 49.427     2013 04 20 23 08 25.604     216.2
392
 2013 04 20 16 33 49.188     2013 04 20 16 36 33.543     164.4
393
 2013 04 20 06 18 19.389     2013 04 20 06 21  1.726     162.3
394
 2013 04 20 20 50   .858     2013 04 20 20 52 45.834     165.0
395
 2013 04 20 03 31 48.432     2013 04 20 03 34 44.707     176.3
 2013 04 20 10 07  9.280     2013 04 20 10 10 49.603     220.3
396
 2013 04 20 06 43 24.763     2013 04 20 06 46 10.022     165.3
 2013 04 20 11 42 42.930     2013 04 20 11 42 55.468      12.5
 2013 04 20 13 17 20.749     2013 04 20 13 20 38.383     197.6
397
 2013 04 20 17 21 21.628     2013 04 20 17 24 29.680     188.1
398
 2013 04 20 05 30 55.682     2013 04 20 05 33 38.027     162.3
399
 2013 04 20 01 04 43.763     2013 04 20 01 04 53.992      10.2
400
 2013 04 20 04 44 27.805     2013 04 20 04 45  2.776      35.0
 2013 04 20 20 02 11.478     2013 04 20 20 05 37.310     205.8
401
 2013 04 20 10 40  2.155     2013 04 20 10 43 11.627     189.5
 2013 04 20 17 15 16.092     2013 04 20 17 18 21.761     185.7
402
 2013 04 20 10 38 52.773     2013 04 20 10 41 31.406     158.6
 2013 04 20 17 14 12.866     2013 04 20 17 17  7.323     174.5
403
 2013 04 20 15 13  5.823     2013 04 20 15 15 40.717     154.9
404
 2013 04 20 15 45 29.188     2013 04 20 15 48  6.900     157.7
405
 2013 04 20 19 14  9.786     2013 04 20 19 16 49.919     160.1
406
 2013 04 20 18 54 49.888     2013 04 20 18 58 24.881     215.0
407
 2013 04 20 03 17  9.481     2013 04 20 03 18 24.770      75.3
408
 2013 04 20 12 08   .284     2013 04 20 12 11 32.923     212.6
409
 2013 04 20 20 44 18.157     2013 04 20 20 47 11.535     173.4
410
 2013 04 20 03 27 36.249     2013 04 20 03 30 29.974     173.7
411
 2013 04 20 02 38 59.870     2013 04 20 02 41 35.666     155.8
412
 2013 04 20 16 58  2.299     2013 04 20 17 00 57.199     174.9
 2013 04 20 23 32 54.817     2013 04 20 23 35 34.293     159.5
413
 2013 04 20 05 08 17.594     2013 04 20 05 11 12.832     175.2
 2013 04 20 11 43 32.045     2013 04 20 11 46 24.202     172.2
414
 2013 04 20 09 51 52.518     2013 04 20 09 55 49.900     237.4
 2013 04 20 16 28 34.244     2013 04 20 16 31 18.388     164.1
415
 2013 04 20 06 42 53.073     2013 04 20 06 45 42.401     169.3
 2013 04 20 13 17 23.748     2013 04 20 13 20 12.685     168.9
416
 2013 04 20 05 34 18.179     2013 04 20 05 36 56.126     157.9
 2013 04 20 19 10 42.020     2013 04 20 19 12 52.934     130.9
417
 2013 04 20 22 27 35.369     2013 04 20 22 28  4.616      29.2
418
 2013 04 20 14 25  7.386     2013 04 20 14 27 54.256     166.9
419
 2013 04 20 14 30 59.422     2013 04 20 14 33 53.417     174.0
 2013 04 20 22 53 18.989     2013 04 20 22 53 59.335      40.3
420
421
 2013 04 20 07 54  2.149     2013 04 20 07 56 57.061     174.9
 2013 04 20 21 34 42.431     2013 04 20 21 37 26.051     163.6
422
 2013 04 20 11 20 33.744     2013 04 20 11 23 28.418     174.7
423
 2013 04 20 04 34 11.872     2013 04 20 04 37 16.000     184.1
 2013 04 20 23 19 17.815     2013 04 20 23 22 12.713     174.9
424
 2013 04 20 05 29 59.349     2013 04 20 05 32 37.270     157.9
425
 2013 04 20 09 02  7.712     2013 04 20 09 05  4.459     176.7
 2013 04 20 17 16 57.748     2013 04 20 17 20 20.778     203.0
426
 2013 04 20 03 06 30.779     2013 04 20 03 09 12.892     162.1
 2013 04 20 18 28 47.198     2013 04 20 18 32  1.583     194.4
427
428
 2013 04 20 08 57 43.238     2013 04 20 09 00 40.840     177.6
 2013 04 20 18 55 59.933     2013 04 20 18 57 32.696      92.8
429
 2013 04 20 09 52 50.217     2013 04 20 09 53 20.219      30.0
 2013 04 20 16 28 15.006     2013 04 20 16 29 35.763      80.8
430
 2013 04 20 07 52 24.383     2013 04 20 07 55  4.260     159.9
431
 2013 04 20 12 06 36.971     2013 04 20 12 06 39.754       2.8
432
 2013 04 20 20 02 27.902     2013 04 20 20 05  6.583     158.7
433
 2013 04 20 04 09 38.595     2013 04 20 04 12 23.864     165.3
434
 2013 04 20 03 56  4.183     2013 04 20 03 59 19.178     195.0
 2013 04 20 17 38  3.494     2013 04 20 17 41 45.559     222.1
435
 2013 04 20 03 58 29.703     2013 04 20 03 59 11.037      41.3
 2013 04 20 17 37  8.440     2013 04 20 17 37 27.320      18.9
436
 2013 04 20 08 02 41.244     2013 04 20 08 06  8.742     207.5
 2013 04 20 19 50 35.240     2013 04 20 19 53 26.775     171.5
437
 2013 04 20 03 17 31.846     2013 04 20 03 20 57.126     205.3
 2013 04 20 15 07   .807     2013 04 20 15 09 38.177     157.4
438
 2013 04 20 03 50 12.471     2013 04 20 03 52 52.884     160.4
 2013 04 20 20 54 57.204     2013 04 20 20 58 11.662     194.5
439
 2013 04 20 08 07 48.437     2013 04 20 08 11 33.959     225.5
 2013 04 20 18 11 59.205     2013 04 20 18 14 39.138     159.9
440
 2013 04 20 15 23 15.166     2013 04 20 15 26  8.692     173.5
 2013 04 20 21 58 11.088     2013 04 20 22 00 51.854     160.8
441
 2013 04 20 04 42 21.219     2013 04 20 04 42 30.674       9.5
442
 2013 04 20 05 44 39.523     2013 04 20 05 47 50.874     191.4
443
 2013 04 20 09 38 39.104     2013 04 20 09 42   .961     201.9
 2013 04 20 21 24  5.164     2013 04 20 21 24 11.211       6.0
444
 2013 04 20 05 22 24.817     2013 04 20 05 26 22.236     237.4
 2013 04 20 22 28  9.477     2013 04 20 22 31 31.314     201.8
445
 2013 04 20 01 53 48.224     2013 04 20 01 53 49.683       1.5
 2013 04 20 11 50  1.283     2013 04 20 11 52 39.493     158.2
446
 2013 04 20 06 14 29.418     2013 04 20 06 17 50.517     201.1
 2013 04 20 21 38  4.579     2013 04 20 21 40 47.388     162.8
447
 2013 04 20 10 31 45.356     2013 04 20 10 34 20.491     155.1
 2013 04 20 20 32  4.099     2013 04 20 20 35 14.807     190.7
448
 2013 04 20 05 57 50.643     2013 04 20 06 01  2.066     191.4
 2013 04 20 10 53 52.632     2013 04 20 10 56 32.100     159.5
449
 2013 04 20 09 52 26.904     2013 04 20 09 55 15.132     168.2
 2013 04 20 16 27 35.602     2013 04 20 16 30 24.115     168.5
450
 2013 04 20 13 50 28.613     2013 04 20 13 53 15.280     166.7
 2013 04 20 18 46 10.495     2013 04 20 18 49 45.098     214.6
451
 2013 04 20 14 35 21.474     2013 04 20 14 38 37.994     196.5
 2013 04 20 21 12   .163     2013 04 20 21 15  6.283     186.1
452
 2013 04 20 03 31 27.667     2013 04 20 03 34 38.254     190.6
 2013 04 20 10 06 44.452     2013 04 20 10 10 43.714     239.3
453
 2013 04 20 02 23 30.245     2013 04 20 02 26 14.094     163.8
 2013 04 20 16 02 32.681     2013 04 20 16 05 15.831     163.1
454
 2013 04 20 23 03 55.074     2013 04 20 23 07 38.263     223.2
455
 2013 04 20 12 13  6.413     2013 04 20 12 16 57.598     231.2
 2013 04 20 18 50 21.734     2013 04 20 18 53 20.587     178.9
456
 2013 04 20 16 52 32.460     2013 04 20 16 55 13.973     161.5
457
 2013 04 20 16 11 44.720     2013 04 20 16 15 31.193     226.5
 2013 04 20 22 47  2.445     2013 04 20 22 50 41.948     219.5
458
 2013 04 20 05 39 52.772     2013 04 20 05 42 28.013     155.2
 2013 04 20 17 30 10.492     2013 04 20 17 32 49.067     158.6
459
460
 2013 04 20 16 58 25.215     2013 04 20 17 02  6.100     220.9
 2013 04 20 23 34 40.827     2013 04 20 23 37 27.872     167.0
461
 2013 04 20 04 46  8.673     2013 04 20 04 48 49.358     160.7
 2013 04 20 18 23 47.700     2013 04 20 18 26 36.424     168.7
462
 2013 04 20 00 16 54.099     2013 04 20 00 19 47.517     173.4
463
 2013 04 20 04 52 32.409     2013 04 20 04 55 40.945     188.5
 2013 04 20 16 41 53.821     2013 04 20 16 44 28.673     154.9
464
 2013 04 20 08 15 53.290     2013 04 20 08 18 39.839     166.5
 2013 04 20 14 55 25.751     2013 04 20 14 56  5.583      39.8
465
 2013 04 20 01 41  7.343     2013 04 20 01 43 44.446     157.1
 2013 04 20 13 36 46.446     2013 04 20 13 37 32.037      45.6
466
 2013 04 20 06 26  2.173     2013 04 20 06 29 30.406     208.2
 2013 04 20 18 16 32.305     2013 04 20 18 19 53.912     201.6
467
 2013 04 20 05 29 39.534     2013 04 20 05 29 40.310        .8
468
 2013 04 20 06 27 10.968     2013 04 20 06 28  6.251      55.3
469
 2013 04 20 09 29 50.014     2013 04 20 09 32 47.516     177.5
 2013 04 20 23 08 58.515     2013 04 20 23 11 49.945     171.4
470
 2013 04 20 07 23 45.187     2013 04 20 07 23 55.003       9.8
 2013 04 20 15 48 34.859     2013 04 20 15 48 45.913      11.1
471
 2013 04 20 14 22 42.181     2013 04 20 14 25 22.977     160.8
472
 2013 04 20 11 27 11.480     2013 04 20 11 30  3.744     172.3
 2013 04 20 18 01 29.574     2013 04 20 18 04 25.080     175.5
473
 2013 04 20 18 54 26.057     2013 04 20 18 58  7.855     221.8
474
 2013 04 20 09 34 52.649     2013 04 20 09 38  2.303     189.7
 2013 04 20 21 28 17.750     2013 04 20 21 31 17.381     179.6
475
476
 2013 04 20 08 41  2.417     2013 04 20 08 43 59.596     177.2
 2013 04 20 22 22  3.446     2013 04 20 22 25  9.625     186.2
477
478
 2013 04 20 10 40 22.061     2013 04 20 10 43  4.764     162.7
 2013 04 20 15 35 32.248     2013 04 20 15 36  2.589      30.3
 2013 04 20 17 14  1.129     2013 04 20 17 17 25.779     204.7
479
 2013 04 20 14 31 31.245     2013 04 20 14 34 11.558     160.3
 2013 04 20 22 49 29.653     2013 04 20 22 53  8.400     218.7
480
 2013 04 20 04 40 28.427     2013 04 20 04 43 26.244     177.8
 2013 04 20 20 03 36.426     2013 04 20 20 06 14.455     158.0
481
482
 2013 04 20 21 37   .533     2013 04 20 21 40 26.023     205.5
483
 2013 04 20 19 13 46.135     2013 04 20 19 17 35.374     229.2
484
 2013 04 20 04 08  1.423     2013 04 20 04 10 36.406     155.0
485
 2013 04 20 08 54  8.175     2013 04 20 08 57 36.894     208.7
 2013 04 20 18 59 23.495     2013 04 20 19 02 35.346     191.9
486
487
 2013 04 20 12 38  8.803     2013 04 20 12 39 22.124      73.3
488
 2013 04 20 14 24 36.584     2013 04 20 14 27 23.459     166.9
489
 2013 04 20 04 08 32.462     2013 04 20 04 11 47.749     195.3
490
 2013 04 20 05 29 46.102     2013 04 20 05 32 24.124     158.0
491
492
 2013 04 20 06 24 58.571     2013 04 20 06 28 30.418     211.8
493
 2013 04 20 09 30 44.391     2013 04 20 09 33 33.629     169.2
 2013 04 20 23 07 25.098     2013 04 20 23 10 34.195     189.1
494
 2013 04 20 02 14 11.695     2013 04 20 02 16 57.027     165.3
 2013 04 20 19 20  2.808     2013 04 20 19 22 52.727     169.9
495
 2013 04 20 04 54 20.876     2013 04 20 04 57   .302     159.4
 2013 04 20 16 40 49.550     2013 04 20 16 40 51.089       1.5
496
 2013 04 20 12 00 25.136     2013 04 20 12 04  7.003     221.9
497
498
 2013 04 20 09 36 27.098     2013 04 20 09 39  5.669     158.6
 2013 04 20 21 27 14.580     2013 04 20 21 29 49.338     154.8
499
 2013 04 20 01 29 21.900     2013 04 20 01 30  2.687      40.8
 2013 04 20 18 31 35.000     2013 04 20 18 34 21.314     166.3
500
501
 2013 04 20 00 18 52.521     2013 04 20 00 21 36.895     164.4
 2013 04 20 08 36 34.680     2013 04 20 08 40 19.408     224.7
502
 2013 04 20 00 44 57.089     2013 04 20 00 48 11.855     194.8
 2013 04 20 16 05 26.066     2013 04 20 16 05 50.262      24.2
503
 2013 04 20 15 45 49.054     2013 04 20 15 48 56.971     187.9
504
 2013 04 20 06 11  9.016     2013 04 20 06 13 52.112     163.1
 2013 04 20 23 16 58.603     2013 04 20 23 19 38.808     160.2
505
 2013 04 20 01 02 18.306     2013 04 20 01 05  1.567     163.3
 2013 04 20 11 04 45.493     2013 04 20 11 07 23.669     158.2
506
 2013 04 20 03 05 22.023     2013 04 20 03 09  8.031     226.0
 2013 04 20 18 30 35.770     2013 04 20 18 33 28.668     172.9
507
 2013 04 20 01 05 38.329     2013 04 20 01 08 14.426     156.1
508
 2013 04 20 02 36 35.735     2013 04 20 02 39 10.686     155.0
 2013 04 20 12 39 15.846     2013 04 20 12 42  3.931     168.1
509
 2013 04 20 03 59 18.514     2013 04 20 04 02 54.446     215.9
 2013 04 20 17 34 53.067     2013 04 20 17 38 15.709     202.6
510
 2013 04 20 15 22 38.139     2013 04 20 15 26  7.320     209.2
 2013 04 20 21 59 31.845     2013 04 20 22 02 36.873     185.0
511
 2013 04 20 15 23 18.048     2013 04 20 15 26 35.455     197.4
 2013 04 20 21 59 40.533     2013 04 20 22 02 19.878     159.3
512
 2013 04 20 04 36 57.179     2013 04 20 04 40  5.452     188.3
 2013 04 20 21 41 45.521     2013 04 20 21 44 38.619     173.1
513
 2013 04 20 07 19 37.493     2013 04 20 07 22 31.305     173.8
 2013 04 20 17 24  4.114     2013 04 20 17 27 36.948     212.8
514
 2013 04 20 04 52  1.463     2013 04 20 04 54 39.378     157.9
 2013 04 20 16 43  6.940     2013 04 20 16 45 43.199     156.3
515
 2013 04 20 21 36 24.660     2013 04 20 21 39   .704     156.0
516
 2013 04 20 08 54 47.888     2013 04 20 08 56 11.342      83.5
 2013 04 20 18 59 34.389     2013 04 20 19 02 11.532     157.1
517
 2013 04 20 05 03 17.693     2013 04 20 05 06  3.282     165.6
 2013 04 20 13 21 34.280     2013 04 20 13 24 49.984     195.7
518
 2013 04 20 14 54 10.843     2013 04 20 14 56 54.878     164.0
519
 2013 04 20 03 55 39.114     2013 04 20 03 59 30.031     230.9
520
 2013 04 20 06 30 39.692     2013 04 20 06 31   .557      20.9
 2013 04 20 16 41 18.885     2013 04 20 16 41 50.500      31.6
521
 2013 04 20 17 33 56.119     2013 04 20 17 36 40.201     164.1
522
 2013 04 20 09 37 11.576     2013 04 20 09 37 37.536      26.0
523
 2013 04 20 17 48 16.109     2013 04 20 17 51 31.233     195.1
 2013 04 20 22 44 21.655     2013 04 20 22 47  4.589     162.9
524
 2013 04 20 00 40 14.636     2013 04 20 00 42 55.062     160.4
 2013 04 20 17 45 44.140     2013 04 20 17 48 30.991     166.9
525
 2013 04 20 02 47 56.393     2013 04 20 02 50 42.200     165.8
 2013 04 20 07 43 37.363     2013 04 20 07 46 31.364     174.0
526
 2013 04 20 04 14  4.800     2013 04 20 04 17 32.829     208.0
527
 2013 04 20 03 27  6.459     2013 04 20 03 31  2.663     236.2
528
 2013 04 20 11 23  7.376     2013 04 20 11 26 15.942     188.6
 2013 04 20 19 41   .644     2013 04 20 19 43 42.826     162.2
529
 2013 04 20 10 33 19.267     2013 04 20 10 36 18.219     179.0
530
 2013 04 20 08 15 18.706     2013 04 20 08 18 55.365     216.7
531
 2013 04 20 05 32 34.008     2013 04 20 05 35 14.077     160.1
 2013 04 20 19 11 34.926     2013 04 20 19 14 20.382     165.5
532
 2013 04 20 13 19 15.736     2013 04 20 13 22 22.019     186.3
533
 2013 04 20 11 56   .476     2013 04 20 11 58 41.168     160.7
534
 2013 04 20 05 35 31.088     2013 04 20 05 35 37.700       6.6
535
 2013 04 20 01 37 42.562     2013 04 20 01 38 32.657      50.1
 2013 04 20 15 13 20.692     2013 04 20 15 17  7.968     227.3
536
 2013 04 20 00 20 48.880     2013 04 20 00 24  7.172     198.3
 2013 04 20 08 37 21.955     2013 04 20 08 41  1.971     220.0
537
538
 2013 04 20 05 30   .435     2013 04 20 05 33 39.270     218.8
 2013 04 20 19 17 14.334     2013 04 20 19 17 20.443       6.1
539
540
 2013 04 20 14 36 47.676     2013 04 20 14 40  5.925     198.2
 2013 04 20 21 12 11.982     2013 04 20 21 15 18.492     186.5
541
 2013 04 20 11 24 59.387     2013 04 20 11 25 37.427      38.0
 2013 04 20 18 02 45.177     2013 04 20 18 06 32.559     227.4
542
 2013 04 20 06 20 37.960     2013 04 20 06 24  9.171     211.2
 2013 04 20 19 57 44.637     2013 04 20 20 00 25.267     160.6
543
 2013 04 20 00 47  7.376     2013 04 20 00 50 51.118     223.7
 2013 04 20 14 26  7.458     2013 04 20 14 26 11.280       3.8
544
545
 2013 04 20 14 24 17.003     2013 04 20 14 28  4.957     228.0
546
 2013 04 20 22 19 26.685     2013 04 20 22 22 10.393     163.7
547
 2013 04 20 02 42  3.981     2013 04 20 02 44 58.588     174.6
 2013 04 20 10 58 38.271     2013 04 20 11 01 17.137     158.9
548
 2013 04 20 12 12 27.168     2013 04 20 12 15 56.785     209.6
 2013 04 20 18 53  2.753     2013 04 20 18 53 36.275      33.5
549
 2013 04 20 17 21  9.268     2013 04 20 17 24  5.470     176.2
550
 2013 04 20 11 16 14.905     2013 04 20 11 16 28.436      13.5
 2013 04 20 22 59 17.925     2013 04 20 23 02 15.624     177.7
551
 2013 04 20 13 41 33.111     2013 04 20 13 42  5.586      32.5
552
 2013 04 20 06 12 28.568     2013 04 20 06 15 21.105     172.5
 2013 04 20 23 17 32.402     2013 04 20 23 21  2.667     210.3
553
 2013 04 20 15 19 38.080     2013 04 20 15 23  3.176     205.1
 2013 04 20 23 38  7.146     2013 04 20 23 40 45.610     158.5
554
 2013 04 20 03 32 59.128     2013 04 20 03 33 41.795      42.7
 2013 04 20 11 44 59.037     2013 04 20 11 47 47.860     168.8
555
 2013 04 20 04 57 32.946     2013 04 20 05 00 42.702     189.8
 2013 04 20 15 04  9.322     2013 04 20 15 04 28.738      19.4
556
 2013 04 20 15 05 54.842     2013 04 20 15 08 39.143     164.3
557
 2013 04 20 16 09 36.307     2013 04 20 16 12 25.739     169.4
 2013 04 20 22 45  2.143     2013 04 20 22 48 56.013     233.9
558
 2013 04 20 03 29 48.443     2013 04 20 03 33 36.412     228.0
 2013 04 20 11 47 19.768     2013 04 20 11 50 45.690     205.9
559
 2013 04 20 05 38 30.518     2013 04 20 05 38 52.934      22.4
 2013 04 20 17 28 45.503     2013 04 20 17 32 22.403     216.9
560
 2013 04 20 00 42 52.348     2013 04 20 00 43  3.667      11.3
 2013 04 20 17 44 10.412     2013 04 20 17 46 53.572     163.2
561
 2013 04 20 07 22 56.122     2013 04 20 07 25 53.024     176.9
562
 2013 04 20 03 54 25.030     2013 04 20 03 57  6.936     161.9
 2013 04 20 19 15 41.208     2013 04 20 19 17 17.620      96.4
563
 2013 04 20 08 06 13.803     2013 04 20 08 09  3.433     169.6
564
 2013 04 20 12 03 31.453     2013 04 20 12 06 52.342     200.9
565
 2013 04 20 12 49 10.656     2013 04 20 12 51 50.945     160.3
566
 2013 04 20 04 56 56.855     2013 04 20 05 00 25.995     209.1
567
568
 2013 04 20 00 41 54.011     2013 04 20 00 45 48.222     234.2
 2013 04 20 16 08 41.075     2013 04 20 16 11 48.525     187.4
569
 2013 04 20 21 16 33.577     2013 04 20 21 16 53.401      19.8
570
 2013 04 20 16 09 54.327     2013 04 20 16 12 57.334     183.0
 2013 04 20 22 46 19.929     2013 04 20 22 49 47.302     207.4
571
572
 2013 04 20 08 50 32.102     2013 04 20 08 53 39.209     187.1
573
 2013 04 20 02 34 44.260     2013 04 20 02 38 22.819     218.6
 2013 04 20 12 40 31.348     2013 04 20 12 44  7.307     216.0
574
 2013 04 20 14 35  5.492     2013 04 20 14 37 51.248     165.8
 2013 04 20 21 11  4.540     2013 04 20 21 14 48.185     223.6
575
 2013 04 20 03 16 15.030     2013 04 20 03 18 52.922     157.9
 2013 04 20 15 08 10.919     2013 04 20 15 11 45.509     214.6
576
 2013 04 20 11 47 29.399     2013 04 20 11 48 22.804      53.4
577
 2013 04 20 00 18 18.995     2013 04 20 00 21 48.493     209.5
 2013 04 20 08 39 35.622     2013 04 20 08 39 52.243      16.6
578
579
 2013 04 20 12 56 23.249     2013 04 20 13 00  8.808     225.6
 2013 04 20 21 16 11.550     2013 04 20 21 19 19.577     188.0
580
 2013 04 20 16 59  4.655     2013 04 20 17 01 52.395     167.7
 2013 04 20 23 33 51.184     2013 04 20 23 36 55.029     183.8
581
 2013 04 20 10 36  6.045     2013 04 20 10 39 19.575     193.5
 2013 04 20 18 53 30.377     2013 04 20 18 56 29.242     178.9
582
 2013 04 20 01 35 24.119     2013 04 20 01 38  2.578     158.5
 2013 04 20 15 14 56.139     2013 04 20 15 17 47.669     171.5
583
 2013 04 20 13 44 58.410     2013 04 20 13 46 35.605      97.2
 2013 04 20 22 03 32.520     2013 04 20 22 06 22.195     169.7
584
 2013 04 20 07 50  7.495     2013 04 20 07 52 48.147     160.7
 2013 04 20 23 13 25.767     2013 04 20 23 16  7.139     161.4
585
586
 2013 04 20 03 25 32.293     2013 04 20 03 29 21.199     228.9
587
588
 2013 04 20 06 33 22.623     2013 04 20 06 36 51.439     208.8
 2013 04 20 16 34 56.934     2013 04 20 16 37 47.428     170.5
589
 2013 04 20 18 25  2.010     2013 04 20 18 25 45.168      43.2
590
591
 2013 04 20 07 57 23.128     2013 04 20 08 00 16.438     173.3
592
 2013 04 20 02 16 41.928     2013 04 20 02 17 49.733      67.8
 2013 04 20 17 40 31.042     2013 04 20 17 44  8.860     217.8
593
 2013 04 20 14 36 17.387     2013 04 20 14 37 22.482      65.1
 2013 04 20 21 12 48.201     2013 04 20 21 15 44.662     176.5
594
 2013 04 20 13 43  4.029     2013 04 20 13 46 25.353     201.3
595
 2013 04 20 11 54  8.017     2013 04 20 11 57 34.003     206.0
596
 2013 04 20 08 53  9.396     2013 04 20 08 55 57.956     168.6
597
 2013 04 20 04 39 40.822     2013 04 20 04 42 25.940     165.1
 2013 04 20 20 04 40.565     2013 04 20 20 07 29.113     168.5
598
 2013 04 20 06 40 13.320     2013 04 20 06 43 35.585     202.3
599
 2013 04 20 08 11 15.442     2013 04 20 08 14 13.014     177.6
600
601
 2013 04 20 07 54  1.471     2013 04 20 07 57 21.101     199.6
 2013 04 20 21 32 56.609     2013 04 20 21 36  7.431     190.8
602
 2013 04 20 04 37 24.433     2013 04 20 04 41  9.325     224.9
 2013 04 20 21 40 51.953     2013 04 20 21 41 52.757      60.8
603
604
 2013 04 20 23 05  8.998     2013 04 20 23 08 20.435     191.4
605
 2013 04 20 11 20 30.406     2013 04 20 11 23 42.835     192.4
606
 2013 04 20 13 46 24.841     2013 04 20 13 49  1.193     156.4
 2013 04 20 22 01 45.704     2013 04 20 22 05 11.202     205.5
607
 2013 04 20 01 58 57.320     2013 04 20 02 01 39.929     162.6
 2013 04 20 08 33 39.170     2013 04 20 08 36 35.076     175.9
608
 2013 04 20 19 53 24.318     2013 04 20 19 56 51.920     207.6
609
 2013 04 20 01 00 45.487     2013 04 20 01 03 39.577     174.1
 2013 04 20 11 07 38.635     2013 04 20 11 07 51.068      12.4
610
611
 2013 04 20 06 39 21.721     2013 04 20 06 40 21.416      59.7
612
 2013 04 20 11 13 39.609     2013 04 20 11 17 30.377     230.8
613
614
615
 2013 04 20 18 07 16.486     2013 04 20 18 08 37.933      81.4
616
 2013 04 20 02 01 28.863     2013 04 20 02 02  6.869      38.0
 2013 04 20 03 36 21.205     2013 04 20 03 39 42.550     201.3
 2013 04 20 06 53  9.091     2013 04 20 06 53 18.582       9.5
 2013 04 20 08 32  5.829     2013 04 20 08 34 57.472     171.6
617
 2013 04 20 11 06 59.508     2013 04 20 11 10 29.318     209.8
618
619
 2013 04 20 03 57 13.710     2013 04 20 04 00 29.313     195.6
 2013 04 20 17 38  6.379     2013 04 20 17 40 47.045     160.7
620
 2013 04 20 14 17 33.096     2013 04 20 14 20 38.949     185.9
621
 2013 04 20 04 33 30.321     2013 04 20 04 37 16.774     226.5
 2013 04 20 06 11 23.784     2013 04 20 06 11 49.294      25.5
 2013 04 20 23 18 44.471     2013 04 20 23 21 34.660     170.2
622
623
 2013 04 20 22 10 30.037     2013 04 20 22 13  7.197     157.2
624
 2013 04 20 03 04 17.815     2013 04 20 03 06 58.316     160.5
 2013 04 20 18 29 29.214     2013 04 20 18 33  9.195     220.0
625
626
 2013 04 20 05 02 40.485     2013 04 20 05 02 46.766       6.3
 2013 04 20 13 19 39.167     2013 04 20 13 23 18.681     219.5
627
 2013 04 20 21 59 44.006     2013 04 20 22 00 55.768      71.8
628
 2013 04 20 00 17 18.782     2013 04 20 00 20 12.046     173.3
629
 2013 04 20 05 38   .180     2013 04 20 05 40 54.508     174.3
 2013 04 20 17 33 50.208     2013 04 20 17 33 52.896       2.7
630
 2013 04 20 02 28  7.964     2013 04 20 02 31 29.498     201.5
631
 2013 04 20 05 24 16.563     2013 04 20 05 26 57.416     160.9
 2013 04 20 22 30  1.371     2013 04 20 22 32 44.151     162.8
632
 2013 04 20 06 12 31.680     2013 04 20 06 15 17.962     166.3
 2013 04 20 23 17 23.729     2013 04 20 23 20 55.511     211.8
633
 2013 04 20 07 03  6.822     2013 04 20 07 06  4.794     178.0
 2013 04 20 22 26 29.358     2013 04 20 22 29 49.769     200.4
634
 2013 04 20 01 29 23.200     2013 04 20 01 32 20.461     177.3
 2013 04 20 16 55 11.034     2013 04 20 16 58 47.655     216.6
635
 2013 04 20 09 48 53.402     2013 04 20 09 51 37.266     163.9
 2013 04 20 18 05 12.546     2013 04 20 18 07 58.555     166.0
636
637
 2013 04 20 17 47 41.831     2013 04 20 17 50 30.971     169.1
 2013 04 20 22 43 25.089     2013 04 20 22 46 31.111     186.0
638
 2013 04 20 07 29 29.790     2013 04 20 07 32 46.954     197.2
 2013 04 20 14 04 12.910     2013 04 20 14 06 51.533     158.6
639
 2013 04 20 09 26 29.232     2013 04 20 09 29 38.583     189.4
640
 2013 04 20 18 20  9.118     2013 04 20 18 22 43.684     154.6
641
 2013 04 20 17 19 31.102     2013 04 20 17 20  9.230      38.1
642
 2013 04 20 06 21  9.240     2013 04 20 06 24 55.076     225.8
 2013 04 20 19 57  5.713     2013 04 20 20 00 13.952     188.2
643
 2013 04 20 07 06  2.664     2013 04 20 07 08 41.099     158.4
 2013 04 20 20 46 38.232     2013 04 20 20 50 31.758     233.5
644
 2013 04 20 16 13 26.260     2013 04 20 16 16 49.023     202.8
 2013 04 20 21 09 41.092     2013 04 20 21 12 25.736     164.6
645
 2013 04 20 09 01 46.677     2013 04 20 09 04 25.977     159.3
 2013 04 20 17 17 41.023     2013 04 20 17 20 35.243     174.2
646
 2013 04 20 15 19  4.626     2013 04 20 15 21 52.275     167.6
 2013 04 20 23 37 28.228     2013 04 20 23 40 39.504     191.3
647
 2013 04 20 09 51 40.245     2013 04 20 09 55  7.608     207.4
 2013 04 20 11 29 29.010     2013 04 20 11 30  5.474      36.5
 2013 04 20 16 26 17.177     2013 04 20 16 28 58.684     161.5
648
 2013 04 20 09 50 45.274     2013 04 20 09 51 19.249      34.0
 2013 04 20 16 28 26.205     2013 04 20 16 31 31.735     185.5
649
 2013 04 20 23 03 12.697     2013 04 20 23 03 59.408      46.7
650
 2013 04 20 07 48 12.330     2013 04 20 07 48 29.354      17.0
 2013 04 20 23 15 18.077     2013 04 20 23 18  6.995     168.9
651
652
 2013 04 20 04 19 41.831     2013 04 20 04 22 35.787     174.0
 2013 04 20 10 55 53.551     2013 04 20 10 59  1.794     188.2
653
 2013 04 20 15 26   .785     2013 04 20 15 26 12.399      11.6
 2013 04 20 17 00 17.407     2013 04 20 17 04  6.116     228.7
 2013 04 20 21 57  1.679     2013 04 20 22 00  3.174     181.5
654
 2013 04 20 06 17 13.512     2013 04 20 06 20 32.994     199.5
655
656
 2013 04 20 18 20 46.062     2013 04 20 18 24 28.937     222.9
657
 2013 04 20 11 56 34.690     2013 04 20 12 00 21.200     226.5
658
 2013 04 20 16 13 15.276     2013 04 20 16 16 27.731     192.5
 2013 04 20 21 09 23.340     2013 04 20 21 12 14.835     171.5
659
 2013 04 20 12 12 55.165     2013 04 20 12 15 33.420     158.3
 2013 04 20 18 48 24.827     2013 04 20 18 52 14.643     229.8
660
661
 2013 04 20 08 02 21.342     2013 04 20 08 05  3.780     162.4
 2013 04 20 19 52  8.369     2013 04 20 19 55  5.141     176.8
662
663
 2013 04 20 14 22 51.953     2013 04 20 14 25 36.890     164.9
664
 2013 04 20 03 27   .673     2013 04 20 03 28  5.246      64.6
 2013 04 20 13 25  1.658     2013 04 20 13 27 44.078     162.4
665
 2013 04 20 06 24  1.378     2013 04 20 06 25 47.776     106.4
 2013 04 20 18 19 25.488     2013 04 20 18 23 12.011     226.5
666
667
 2013 04 20 04 57 55.343     2013 04 20 04 59 21.180      85.8
668
 2013 04 20 00 22 41.396     2013 04 20 00 25 23.085     161.7
 2013 04 20 06 58 18.837     2013 04 20 07 01 44.278     205.4
669
 2013 04 20 00 00 59.246     2013 04 20 00 01 13.885      14.6
 2013 04 20 15 17 37.545     2013 04 20 15 19  3.550      86.0
 2013 04 20 23 41 59.934     2013 04 20 23 42 13.608      13.7
670
 2013 04 20 12 08 14.420     2013 04 20 12 08 57.923      43.5
 2013 04 20 20 28 41.172     2013 04 20 20 28 47.153       6.0
671
 2013 04 20 05 01 21.226     2013 04 20 05 04 26.466     185.2
672
 2013 04 20 00 24 20.437     2013 04 20 00 27 13.321     172.9
 2013 04 20 05 23 23.738     2013 04 20 05 23 45.407      21.7
 2013 04 20 06 58 13.873     2013 04 20 07 01 27.705     193.8
673
 2013 04 20 15 20  7.971     2013 04 20 15 22 44.001     156.0
 2013 04 20 23 37  5.278     2013 04 20 23 39 43.130     157.9
674
 2013 04 20 12 32   .122     2013 04 20 12 35 26.019     205.9
675
 2013 04 20 09 39 13.099     2013 04 20 09 42 44.250     211.2
676
 2013 04 20 07 29 25.517     2013 04 20 07 32 17.937     172.4
 2013 04 20 14 05 29.673     2013 04 20 14 08 21.981     172.3
677
 2013 04 20 10 38 38.042     2013 04 20 10 41 16.190     158.1
 2013 04 20 17 14  4.129     2013 04 20 17 17 15.107     191.0
678
 2013 04 20 00 00   .000     2013 04 20 00 03  6.660     186.7
 2013 04 20 13 41 26.441     2013 04 20 13 44 19.405     173.0
 2013 04 20 23 40 47.804     2013 04 20 23 44  6.072     198.3
679
 2013 04 20 00 46 49.842     2013 04 20 00 48  2.218      72.4
 2013 04 20 14 29 15.302     2013 04 20 14 32  5.478     170.2
680
 2013 04 20 09 49  2.842     2013 04 20 09 51 55.723     172.9
 2013 04 20 18 04 51.299     2013 04 20 18 07 45.740     174.4
681
682
 2013 04 20 15 20 22.246     2013 04 20 15 22 58.335     156.1
 2013 04 20 23 37  1.447     2013 04 20 23 39 42.652     161.2
683
 2013 04 20 01 27  9.615     2013 04 20 01 27 37.674      28.1
 2013 04 20 18 34 32.794     2013 04 20 18 37 20.944     168.1
 2013 04 20 23 30 15.376     2013 04 20 23 34  1.341     226.0
684
 2013 04 20 01 10 48.751     2013 04 20 01 13 44.786     176.0
 2013 04 20 07 45 35.466     2013 04 20 07 48 13.904     158.4
685
 2013 04 20 19 41 51.977     2013 04 20 19 42 11.805      19.8
686
 2013 04 20 07 06 11.417     2013 04 20 07 08 48.684     157.3
 2013 04 20 20 46 30.291     2013 04 20 20 50 17.620     227.3
687
 2013 04 20 05 40 37.042     2013 04 20 05 43 13.563     156.5
 2013 04 20 17 29 38.095     2013 04 20 17 32 47.448     189.4
688
 2013 04 20 22 23 38.895     2013 04 20 22 26 37.646     178.8
689
 2013 04 20 08 15 26.804     2013 04 20 08 18  8.116     161.3
690
 2013 04 20 07 57 31.087     2013 04 20 08 00  8.528     157.4
691
 2013 04 20 01 05 52.795     2013 04 20 01 08 32.785     160.0
 2013 04 20 09 28 13.462     2013 04 20 09 28 31.252      17.8
692
 2013 04 20 04 59  8.827     2013 04 20 05 02 25.759     196.9
 2013 04 20 15 01 50.229     2013 04 20 15 04 46.522     176.3
693
 2013 04 20 01 24 22.161     2013 04 20 01 28  1.622     219.5
 2013 04 20 20 09 21.146     2013 04 20 20 12 24.319     183.2
694
 2013 04 20 09 04 52.142     2013 04 20 09 07 32.616     160.5
 2013 04 20 15 39 37.372     2013 04 20 15 42 17.750     160.4
695
 2013 04 20 16 08 33.652     2013 04 20 16 11 53.993     200.3
696
 2013 04 20 07 20 45.470     2013 04 20 07 23 45.331     179.9
 2013 04 20 17 24  7.910     2013 04 20 17 26 45.114     157.2
697
 2013 04 20 07 26 56.892     2013 04 20 07 28  6.662      69.8
 2013 04 20 15 43 52.886     2013 04 20 15 44 50.419      57.5
698
 2013 04 20 06 33 50.555     2013 04 20 06 37  7.406     196.9
 2013 04 20 16 35  2.725     2013 04 20 16 37 40.646     157.9
699
 2013 04 20 16 45  9.380     2013 04 20 16 45 26.774      17.4
700
701
702
 2013 04 20 04 47  7.453     2013 04 20 04 49 52.180     164.7
 2013 04 20 18 22 42.665     2013 04 20 18 24   .804      78.1
703
704
 2013 04 20 04 19 38.914     2013 04 20 04 22 24.318     165.4
 2013 04 20 10 54 55.281     2013 04 20 10 58  3.563     188.3
705
706
 2013 04 20 04 49 46.982     2013 04 20 04 52 24.093     157.1
707
708
 2013 04 20 02 43 52.037     2013 04 20 02 46 42.223     170.2
709
 2013 04 20 04 42 49.300     2013 04 20 04 46 26.853     217.6
710
 2013 04 20 03 20 37.263     2013 04 20 03 23 59.193     201.9
711
 2013 04 20 11 14 40.321     2013 04 20 11 17 35.977     175.7
712
 2013 04 20 04 47 13.945     2013 04 20 04 51  2.191     228.2
 2013 04 20 18 21 26.919     2013 04 20 18 21 37.744      10.8
713
 2013 04 20 03 29 20.783     2013 04 20 03 32 21.521     180.7
 2013 04 20 11 46   .850     2013 04 20 11 48 41.507     160.7
714
 2013 04 20 03 54 47.740     2013 04 20 03 57 48.812     181.1
715
716
 2013 04 20 09 05 38.448     2013 04 20 09 08 20.124     161.7
 2013 04 20 14 00 49.062     2013 04 20 14 01  9.119      20.1
 2013 04 20 15 39 19.432     2013 04 20 15 42 43.545     204.1
717
 2013 04 20 01 10 58.077     2013 04 20 01 13 35.278     157.2
 2013 04 20 07 46 14.186     2013 04 20 07 48 53.174     159.0
718
 2013 04 20 10 12 53.155     2013 04 20 10 12 57.458       4.3
719
 2013 04 20 12 48 43.297     2013 04 20 12 51 21.202     157.9
720
 2013 04 20 05 25 23.272     2013 04 20 05 28  9.489     166.2
 2013 04 20 22 29  4.683     2013 04 20 22 31  1.489     116.8
721
 2013 04 20 11 55 41.030     2013 04 20 11 59  2.943     201.9
722
 2013 04 20 04 10 12.673     2013 04 20 04 12 53.386     160.7
 2013 04 20 14 14 14.050     2013 04 20 14 18  2.323     228.3
723
 2013 04 20 06 21 30.339     2013 04 20 06 25  5.730     215.4
 2013 04 20 19 56 54.119     2013 04 20 20 00 25.083     211.0
724
 2013 04 20 14 10 32.152     2013 04 20 14 14 20.111     228.0
725
 2013 04 20 01 44 18.062     2013 04 20 01 47  6.737     168.7
 2013 04 20 13 31 47.677     2013 04 20 13 35 12.663     205.0
726
727
 2013 04 20 08 16 23.775     2013 04 20 08 19  5.480     161.7
 2013 04 20 14 52  7.483     2013 04 20 14 55 30.759     203.3
728
 2013 04 20 17 39 26.703     2013 04 20 17 42  6.614     159.9
729
 2013 04 20 06 42 39.100     2013 04 20 06 45 37.780     178.7
 2013 04 20 13 18 22.878     2013 04 20 13 21  3.979     161.1
730
 2013 04 20 05 56 18.832     2013 04 20 05 58 56.520     157.7
 2013 04 20 10 55 32.317     2013 04 20 10 55 50.365      18.0
 2013 04 20 12 30 11.082     2013 04 20 12 33 40.303     209.2
731
 2013 04 20 15 23 17.356     2013 04 20 15 26 48.993     211.6
 2013 04 20 17 01 13.624     2013 04 20 17 02 48.631      95.0
 2013 04 20 21 57 43.222     2013 04 20 22 00 24.150     160.9
732
733
 2013 04 20 13 35 39.609     2013 04 20 13 38 20.355     160.7
734
 2013 04 20 06 38 45.724     2013 04 20 06 41 29.522     163.8
 2013 04 20 14 55 52.716     2013 04 20 14 58 35.822     163.1
735
 2013 04 20 04 13 39.527     2013 04 20 04 16 14.931     155.4
 2013 04 20 14 12 14.208     2013 04 20 14 12 20.116       5.9
736
 2013 04 20 01 30 49.564     2013 04 20 01 33 27.360     157.8
 2013 04 20 16 54 52.272     2013 04 20 16 57 28.289     156.0
737
 2013 04 20 08 05 11.174     2013 04 20 08 07 49.157     158.0
738
 2013 04 20 11 54 17.840     2013 04 20 11 57  3.259     165.4
739
 2013 04 20 05 33 58.397     2013 04 20 05 34 35.362      37.0
740
 2013 04 20 21 22 34.906     2013 04 20 21 25 19.713     164.8
741
 2013 04 20 00 53 56.691     2013 04 20 00 56 55.207     178.5
 2013 04 20 12 47  1.851     2013 04 20 12 50 11.581     189.7
742
 2013 04 20 04 38 25.596     2013 04 20 04 42  6.083     220.5
 2013 04 20 20 06 45.643     2013 04 20 20 06 48.682       3.0
743
 2013 04 20 11 23 36.378     2013 04 20 11 26 21.403     165.0
 2013 04 20 19 39 54.227     2013 04 20 19 42 39.741     165.5
744
 2013 04 20 03 53 34.656     2013 04 20 03 53 50.758      16.1
745
 2013 04 20 00 10 33.096     2013 04 20 00 13 10.805     157.7
746
 2013 04 20 06 16 46.400     2013 04 20 06 19 26.906     160.5
747
748
 2013 04 20 19 42  7.569     2013 04 20 19 44 45.806     158.2
749
 2013 04 20 21 40 41.288     2013 04 20 21 43 35.720     174.4
750
 2013 04 20 12 11 29.456     2013 04 20 12 15 15.122     225.7
 2013 04 20 20 25 37.652     2013 04 20 20 29 16.923     219.3
751
 2013 04 20 04 56 56.037     2013 04 20 04 59 50.580     174.5
752
753
 2013 04 20 21 24 33.360     2013 04 20 21 27 49.512     196.2
754
 2013 04 20 05 49 40.175     2013 04 20 05 52 22.334     162.2
755
 2013 04 20 23 11 41.088     2013 04 20 23 14 40.311     179.2
756
 2013 04 20 00 38 48.348     2013 04 20 00 41 38.112     169.8
 2013 04 20 17 45 31.965     2013 04 20 17 49  9.569     217.6
 2013 04 20 19 23 32.895     2013 04 20 19 27 24.879     232.0
757
 2013 04 20 03 33 31.678     2013 04 20 03 36 35.450     183.8
 2013 04 20 10 07 34.013     2013 04 20 10 10 36.758     182.7
758
 2013 04 20 02 47 50.502     2013 04 20 02 50 31.301     160.8
 2013 04 20 07 43 24.086     2013 04 20 07 46 21.604     177.5
759
 2013 04 20 02 45  1.028     2013 04 20 02 48 45.696     224.7
 2013 04 20 04 23  4.093     2013 04 20 04 26 57.359     233.3
 2013 04 20 09 19 42.050     2013 04 20 09 22 20.757     158.7
760
 2013 04 20 07 16 24.840     2013 04 20 07 17 12.067      47.2
 2013 04 20 19 01 42.860     2013 04 20 19 02 35.391      52.5
761
 2013 04 20 18 30 43.322     2013 04 20 18 31 29.702      46.4
762
 2013 04 20 05 09 22.728     2013 04 20 05 12  4.842     162.1
 2013 04 20 10 04 47.852     2013 04 20 10 08 16.084     208.2
 2013 04 20 11 42 25.253     2013 04 20 11 42 39.735      14.5
763
 2013 04 20 00 05 11.550     2013 04 20 00 07 56.323     164.8
764
 2013 04 20 10 31 49.560     2013 04 20 10 34 24.930     155.4
 2013 04 20 20 31 58.447     2013 04 20 20 35 12.819     194.4
765
 2013 04 20 03 16 17.765     2013 04 20 03 19 45.457     207.7
 2013 04 20 15 09 31.161     2013 04 20 15 12  7.671     156.5
766
 2013 04 20 15 52 27.600     2013 04 20 15 55 34.487     186.9
767
 2013 04 20 03 48 32.820     2013 04 20 03 52 18.055     225.2
 2013 04 20 20 53 58.281     2013 04 20 20 56 41.281     163.0
768
769
 2013 04 20 08 43 39.000     2013 04 20 08 46 23.016     164.0
 2013 04 20 22 19 52.693     2013 04 20 22 23 20.900     208.2
770
 2013 04 20 06 34  9.109     2013 04 20 06 37 25.206     196.1
 2013 04 20 16 34 55.872     2013 04 20 16 37 33.904     158.0
771
 2013 04 20 12 06 49.035     2013 04 20 12 09 31.965     162.9
 2013 04 20 22 06 10.483     2013 04 20 22 09 37.629     207.1
772
773
 2013 04 20 13 49 32.400     2013 04 20 13 52 23.819     171.4
 2013 04 20 20 24 28.953     2013 04 20 20 27 29.461     180.5
774
 2013 04 20 08 53 55.100     2013 04 20 08 57 37.985     222.9
 2013 04 20 18 59 33.972     2013 04 20 19 02 47.518     193.5
775
 2013 04 20 12 04 27.329     2013 04 20 12 05 39.756      72.4
776
 2013 04 20 06 20 41.629     2013 04 20 06 23 50.989     189.4
 2013 04 20 19 59 14.532     2013 04 20 20 02 37.571     203.0
777
 2013 04 20 06 42 30.725     2013 04 20 06 43 23.854      53.1
 2013 04 20 13 19 11.256     2013 04 20 13 22  2.841     171.6
778
 2013 04 20 03 58 36.148     2013 04 20 04 02 23.125     227.0
 2013 04 20 17 37  4.875     2013 04 20 17 38  6.379      61.5
779
780
781
 2013 04 20 18 12 53.399     2013 04 20 18 16  1.453     188.1
782
 2013 04 20 16 13  1.294     2013 04 20 16 16  9.090     187.8
 2013 04 20 21 09  6.524     2013 04 20 21 12 10.053     183.5
783
 2013 04 20 23 11 49.040     2013 04 20 23 14 32.981     163.9
784
 2013 04 20 02 26 11.534     2013 04 20 02 29  5.991     174.5
785
 2013 04 20 08 51 54.235     2013 04 20 08 54 28.852     154.6
786
 2013 04 20 01 52 42.966     2013 04 20 01 55 38.577     175.6
787
 2013 04 20 01 31 14.328     2013 04 20 01 34 43.652     209.3
 2013 04 20 16 55 20.742     2013 04 20 16 58 43.683     202.9
788
 2013 04 20 00 59  6.533     2013 04 20 01 01 41.328     154.8
789
 2013 04 20 00 41 40.995     2013 04 20 00 44 20.809     159.8
790
 2013 04 20 02 29 55.244     2013 04 20 02 33  4.346     189.1
 2013 04 20 14 19 52.284     2013 04 20 14 22 41.354     169.1
791
 2013 04 20 22 16 51.838     2013 04 20 22 19 35.682     163.8
792
 2013 04 20 07 11 53.584     2013 04 20 07 15 37.809     224.2
793
794
 2013 04 20 00 45 16.307     2013 04 20 00 48   .191     163.9
795
796
 2013 04 20 02 29  9.426     2013 04 20 02 31 46.555     157.1
 2013 04 20 14 21 10.113     2013 04 20 14 24 19.545     189.4
797
 2013 04 20 01 57  7.961     2013 04 20 01 59 49.416     161.5
 2013 04 20 08 32 48.665     2013 04 20 08 36 41.131     232.5
798
 2013 04 20 03 46 35.935     2013 04 20 03 46 38.708       2.8
 2013 04 20 05 24 44.718     2013 04 20 05 25 18.153      33.4
 2013 04 20 22 31   .589     2013 04 20 22 34 45.424     224.8
799
