s1
0
1
 2013 04 20 06 50  9.916     2013 04 20 06 53 26.299     196.4
2
3
4
 2013 04 20 06 42 50.967     2013 04 20 06 46   .073     189.1
 2013 04 20 18 26 37.915     2013 04 20 18 28  3.587      85.7
5
 2013 04 20 16 04  5.181     2013 04 20 16 07 10.657     185.5
6
 2013 04 20 13 41 33.575     2013 04 20 13 45  2.110     208.5
7
 2013 04 20 13 58  3.009     2013 04 20 14 01  6.169     183.2
 2013 04 20 22 12 40.142     2013 04 20 22 15 15.357     155.2
8
 2013 04 20 03 24 15.477     2013 04 20 03 27 56.922     221.4
 2013 04 20 17 02 53.292     2013 04 20 17 05 28.610     155.3
9
10
 2013 04 20 18 33 34.103     2013 04 20 18 36 46.553     192.5
11
 2013 04 20 04 09 25.404     2013 04 20 04 12   .941     155.5
12
 2013 04 20 05 42  6.543     2013 04 20 05 45 15.125     188.6
 2013 04 20 21 03 17.310     2013 04 20 21 06 21.539     184.2
13
 2013 04 20 07 32 46.679     2013 04 20 07 36 14.510     207.8
14
 2013 04 20 06 25 12.274     2013 04 20 06 27 49.313     157.0
 2013 04 20 23 28 19.980     2013 04 20 23 30 58.273     158.3
15
16
 2013 04 20 19 55  3.948     2013 04 20 19 58 14.863     190.9
17
 2013 04 20 12 24 33.547     2013 04 20 12 27 46.295     192.7
 2013 04 20 20 37 21.411     2013 04 20 20 41   .733     219.3
18
 2013 04 20 04 32  4.945     2013 04 20 04 34 51.105     166.2
 2013 04 20 12 46 30.894     2013 04 20 12 49 58.363     207.5
19
 2013 04 20 04 28 48.685     2013 04 20 04 31 26.086     157.4
20
21
 2013 04 20 08 21 13.302     2013 04 20 08 24  6.919     173.6
 2013 04 20 18 21 40.749     2013 04 20 18 25  2.937     202.2
22
 2013 04 20 05 46 34.146     2013 04 20 05 49 41.280     187.1
 2013 04 20 19 22 26.184     2013 04 20 19 25  5.018     158.8
23
 2013 04 20 19 06  9.410     2013 04 20 19 09 11.271     181.9
24
 2013 04 20 03 17 28.298     2013 04 20 03 21  9.550     221.3
25
 2013 04 20 06 03 27.384     2013 04 20 06 06 23.918     176.5
26
 2013 04 20 02 50 42.540     2013 04 20 02 54 22.602     220.1
 2013 04 20 12 50 30.878     2013 04 20 12 53 33.741     182.9
27
 2013 04 20 16 56 13.665     2013 04 20 16 56 51.719      38.1
28
 2013 04 20 04 19 19.230     2013 04 20 04 21 53.197     154.0
 2013 04 20 16 07 35.766     2013 04 20 16 10  6.101     150.3
29
 2013 04 20 21 51 37.859     2013 04 20 21 54 41.948     184.1
30
 2013 04 20 03 17 13.373     2013 04 20 03 19 47.103     153.7
 2013 04 20 20 19   .813     2013 04 20 20 22  4.343     183.5
31
 2013 04 20 11 32 16.177     2013 04 20 11 35  9.812     173.6
 2013 04 20 21 29 51.509     2013 04 20 21 33  1.610     190.1
32
 2013 04 20 06 48 56.381     2013 04 20 06 51 33.234     156.9
 2013 04 20 16 47 11.695     2013 04 20 16 50 50.348     218.7
33
 2013 04 20 05 42 19.753     2013 04 20 05 44 54.517     154.8
 2013 04 20 21 02 34.723     2013 04 20 21 05 24.287     169.6
34
 2013 04 20 02 05 17.034     2013 04 20 02 08  2.859     165.8
 2013 04 20 12 03 23.677     2013 04 20 12 06 21.564     177.9
35
 2013 04 20 01 47 19.905     2013 04 20 01 50 17.776     177.9
36
 2013 04 20 15 17  5.728     2013 04 20 15 20  5.740     180.0
37
 2013 04 20 16 16 34.182     2013 04 20 16 19  5.810     151.6
38
39
 2013 04 20 04 49 22.812     2013 04 20 04 52  5.902     163.1
 2013 04 20 23 31 18.207     2013 04 20 23 34 30.513     192.3
40
 2013 04 20 00 05  5.524     2013 04 20 00 07 50.318     164.8
 2013 04 20 18 47  1.117     2013 04 20 18 49 46.435     165.3
 2013 04 20 23 41 53.726     2013 04 20 23 44 43.142     169.4
41
 2013 04 20 16 16 22.066     2013 04 20 16 19   .880     158.8
42
 2013 04 20 06 37 20.447     2013 04 20 06 40  1.773     161.3
43
44
 2013 04 20 00 38 42.004     2013 04 20 00 41 25.560     163.6
 2013 04 20 07 12 54.357     2013 04 20 07 15 32.704     158.3
45
 2013 04 20 12 09 21.791     2013 04 20 12 12  9.307     167.5
46
 2013 04 20 21 35  1.256     2013 04 20 21 37 37.092     155.8
47
 2013 04 20 15 30 18.304     2013 04 20 15 33 14.019     175.7
48
 2013 04 20 04 04 28.195     2013 04 20 04 08 15.533     227.3
49
 2013 04 20 18 39  7.535     2013 04 20 18 42 18.508     191.0
50
51
 2013 04 20 12 00 30.566     2013 04 20 12 04   .239     209.7
52
 2013 04 20 02 46 39.937     2013 04 20 02 47 44.252      64.3
 2013 04 20 14 31 34.964     2013 04 20 14 34 47.295     192.3
53
 2013 04 20 11 30 51.016     2013 04 20 11 33 44.970     174.0
 2013 04 20 21 31 59.583     2013 04 20 21 34 34.396     154.8
54
 2013 04 20 06 57  3.166     2013 04 20 06 59 42.674     159.5
 2013 04 20 13 30 32.586     2013 04 20 13 33 33.037     180.5
55
 2013 04 20 02 31  3.098     2013 04 20 02 33 53.749     170.7
 2013 04 20 17 57 53.509     2013 04 20 17 58  5.311      11.8
56
 2013 04 20 04 33 13.258     2013 04 20 04 35 50.367     157.1
 2013 04 20 11 11 20.398     2013 04 20 11 11 39.261      18.9
57
 2013 04 20 03 23  4.853     2013 04 20 03 25 38.813     154.0
58
 2013 04 20 16 20  6.988     2013 04 20 16 20 16.245       9.3
59
 2013 04 20 04 35  4.716     2013 04 20 04 38 23.828     199.1
 2013 04 20 06 12 44.214     2013 04 20 06 16 27.038     222.8
 2013 04 20 09 29 23.594     2013 04 20 09 33  9.186     225.6
 2013 04 20 11 07 32.330     2013 04 20 11 10 44.760     192.4
60
 2013 04 20 09 50 18.727     2013 04 20 09 50 51.608      32.9
61
 2013 04 20 14 00 49.970     2013 04 20 14 03 39.776     169.8
 2013 04 20 20 34 48.669     2013 04 20 20 37 34.231     165.6
62
 2013 04 20 08 27 17.766     2013 04 20 08 30 38.997     201.2
 2013 04 20 16 41 43.785     2013 04 20 16 44 21.144     157.4
63
 2013 04 20 02 40 55.788     2013 04 20 02 43 54.321     178.5
64
 2013 04 20 11 17 36.166     2013 04 20 11 18 12.124      36.0
65
 2013 04 20 08 02 58.057     2013 04 20 08 05 45.617     167.6
 2013 04 20 23 25  7.539     2013 04 20 23 27 46.758     159.2
66
 2013 04 20 15 53 38.054     2013 04 20 15 56 15.175     157.1
67
 2013 04 20 01 11 39.231     2013 04 20 01 15   .715     201.5
 2013 04 20 12 56 28.824     2013 04 20 12 59 37.608     188.8
68
 2013 04 20 08 32  9.004     2013 04 20 08 34 43.386     154.4
 2013 04 20 13 26 40.129     2013 04 20 13 30 19.783     219.7
 2013 04 20 15 04 21.775     2013 04 20 15 05 45.262      83.5
69
 2013 04 20 01 51 41.755     2013 04 20 01 54 14.517     152.8
 2013 04 20 15 26 33.861     2013 04 20 15 29 46.771     192.9
70
 2013 04 20 12 24 39.137     2013 04 20 12 28  3.136     204.0
71
72
 2013 04 20 11 19 34.187     2013 04 20 11 22 32.134     177.9
73
 2013 04 20 00 55 49.073     2013 04 20 00 59 34.812     225.7
74
 2013 04 20 06 51 41.918     2013 04 20 06 51 55.762      13.8
 2013 04 20 15 09 52.355     2013 04 20 15 12 27.360     155.0
75
 2013 04 20 13 37 13.923     2013 04 20 13 39 56.358     162.4
76
 2013 04 20 04 11  7.378     2013 04 20 04 11 23.862      16.5
 2013 04 20 17 50 24.568     2013 04 20 17 52 57.104     152.5
77
 2013 04 20 06 54  1.527     2013 04 20 06 56 34.511     153.0
 2013 04 20 15 07 37.033     2013 04 20 15 11 13.405     216.4
78
 2013 04 20 01 15 37.622     2013 04 20 01 18 48.679     191.1
 2013 04 20 11 18 26.230     2013 04 20 11 21 21.872     175.6
79
 2013 04 20 09 11 57.699     2013 04 20 09 15  1.247     183.5
80
 2013 04 20 19 13 52.221     2013 04 20 19 16 23.298     151.1
81
 2013 04 20 02 39  8.897     2013 04 20 02 41 55.363     166.5
 2013 04 20 16 12 59.443     2013 04 20 16 16 10.582     191.1
82
 2013 04 20 17 36 49.227     2013 04 20 17 39 27.569     158.3
83
 2013 04 20 18 32 15.609     2013 04 20 18 35  5.673     170.1
84
 2013 04 20 03 28 53.945     2013 04 20 03 31 36.808     162.9
85
 2013 04 20 09 16 45.825     2013 04 20 09 19 56.840     191.0
 2013 04 20 15 50 47.147     2013 04 20 15 54  2.399     195.3
86
87
 2013 04 20 06 46  5.294     2013 04 20 06 48 40.062     154.8
88
 2013 04 20 06 58 58.186     2013 04 20 07 01 57.285     179.1
 2013 04 20 11 53 58.621     2013 04 20 11 56 35.094     156.5
89
90
91
 2013 04 20 06 57 57.993     2013 04 20 07 00 33.058     155.1
 2013 04 20 11 52 26.922     2013 04 20 11 55 38.469     191.5
92
 2013 04 20 04 15 12.300     2013 04 20 04 18 11.957     179.7
93
 2013 04 20 12 53 37.228     2013 04 20 12 57   .696     203.5
94
 2013 04 20 08 28 19.000     2013 04 20 08 30 57.015     158.0
 2013 04 20 16 41 57.137     2013 04 20 16 45 17.564     200.4
95
 2013 04 20 12 28 37.896     2013 04 20 12 31 33.275     175.4
 2013 04 20 17 23 42.518     2013 04 20 17 27  7.219     204.7
96
 2013 04 20 05 15  5.592     2013 04 20 05 17 37.731     152.1
97
 2013 04 20 12 09 16.942     2013 04 20 12 12 37.380     200.4
98
 2013 04 20 22 15 51.240     2013 04 20 22 16  1.375      10.1
99
 2013 04 20 15 35  1.475     2013 04 20 15 38 22.458     201.0
 2013 04 20 22 08 50.983     2013 04 20 22 11 34.530     163.5
100
 2013 04 20 11 22 57.168     2013 04 20 11 26 28.487     211.3
 2013 04 20 23 13 55.891     2013 04 20 23 15 11.107      75.2
101
 2013 04 20 01 46 44.893     2013 04 20 01 49 17.623     152.7
 2013 04 20 17 06  6.029     2013 04 20 17 09 39.464     213.4
102
 2013 04 20 08 26 43.519     2013 04 20 08 29 17.618     154.1
 2013 04 20 16 42 35.851     2013 04 20 16 45 28.662     172.8
103
 2013 04 20 09 13 27.245     2013 04 20 09 16 15.092     167.8
 2013 04 20 17 30 27.650     2013 04 20 17 33 37.643     190.0
104
 2013 04 20 01 26 13.306     2013 04 20 01 29  6.852     173.5
 2013 04 20 08 00 16.990     2013 04 20 08 03  6.468     169.5
105
 2013 04 20 08 56 52.229     2013 04 20 09 00 22.481     210.3
 2013 04 20 22 30 13.286     2013 04 20 22 33 19.572     186.3
106
 2013 04 20 02 03 59.949     2013 04 20 02 06 30.637     150.7
 2013 04 20 12 04 37.197     2013 04 20 12 07 17.191     160.0
107
 2013 04 20 03 02  8.058     2013 04 20 03 04 59.782     171.7
 2013 04 20 07 57  9.403     2013 04 20 08 00 12.521     183.1
108
109
 2013 04 20 05 11 58.114     2013 04 20 05 15 19.366     201.3
 2013 04 20 15 12 15.857     2013 04 20 15 15 58.703     222.8
110
 2013 04 20 00 39 33.001     2013 04 20 00 42 57.864     204.9
 2013 04 20 05 39  8.383     2013 04 20 05 39 12.047       3.7
 2013 04 20 07 13  1.039     2013 04 20 07 14  7.296      66.3
111
 2013 04 20 04 07 48.804     2013 04 20 04 11 20.030     211.2
 2013 04 20 19 26 51.828     2013 04 20 19 29 53.819     182.0
112
 2013 04 20 11 41 10.595     2013 04 20 11 43 51.917     161.3
 2013 04 20 16 35 34.134     2013 04 20 16 38 46.391     192.3
113
114
 2013 04 20 08 12 48.061     2013 04 20 08 15 31.547     163.5
115
 2013 04 20 02 44 23.728     2013 04 20 02 47 55.554     211.8
 2013 04 20 14 31 51.610     2013 04 20 14 34 35.001     163.4
116
 2013 04 20 19 06 36.518     2013 04 20 19 09 18.708     162.2
117
 2013 04 20 02 42 56.738     2013 04 20 02 43 23.877      27.1
 2013 04 20 14 34 55.402     2013 04 20 14 37 27.251     151.8
118
 2013 04 20 12 27 29.245     2013 04 20 12 30 31.073     181.8
 2013 04 20 14 04 52.874     2013 04 20 14 05  7.216      14.3
 2013 04 20 17 21 45.290     2013 04 20 17 21 49.079       3.8
 2013 04 20 19 00  8.672     2013 04 20 19 03 14.131     185.5
119
120
 2013 04 20 09 46 51.385     2013 04 20 09 49 41.697     170.3
121
 2013 04 20 09 44 52.802     2013 04 20 09 47 59.191     186.4
122
 2013 04 20 00 55 21.938     2013 04 20 00 58  6.593     164.7
 2013 04 20 17 56 56.162     2013 04 20 17 59 58.560     182.4
123
 2013 04 20 11 56 53.977     2013 04 20 11 58 10.589      76.6
124
 2013 04 20 07 22 27.204     2013 04 20 07 25 12.946     165.7
 2013 04 20 20 57  6.934     2013 04 20 21 00 46.817     219.9
125
 2013 04 20 12 18 55.501     2013 04 20 12 21 31.291     155.8
 2013 04 20 22 18  6.997     2013 04 20 22 20 46.541     159.5
126
 2013 04 20 09 56  3.187     2013 04 20 09 58 34.582     151.4
 2013 04 20 19 56 50.099     2013 04 20 19 59 43.823     173.7
127
 2013 04 20 06 40 24.366     2013 04 20 06 43 24.746     180.4
 2013 04 20 18 28 26.341     2013 04 20 18 31 22.597     176.3
128
 2013 04 20 02 32 33.305     2013 04 20 02 35 16.868     163.6
 2013 04 20 17 54 21.145     2013 04 20 17 56 54.406     153.3
129
 2013 04 20 01 23 12.970     2013 04 20 01 25 48.268     155.3
 2013 04 20 09 37 10.276     2013 04 20 09 40 28.047     197.8
130
 2013 04 20 15 56 33.023     2013 04 20 15 56 34.373       1.4
131
 2013 04 20 06 33 58.181     2013 04 20 06 36 55.521     177.3
 2013 04 20 20 09 45.126     2013 04 20 20 12 23.228     158.1
132
 2013 04 20 01 44 41.802     2013 04 20 01 45 25.064      43.3
 2013 04 20 17 08  6.725     2013 04 20 17 10 41.968     155.2
133
 2013 04 20 06 02 42.036     2013 04 20 06 02 58.739      16.7
 2013 04 20 16 02 16.487     2013 04 20 16 02 54.067      37.6
134
 2013 04 20 10 41 54.684     2013 04 20 10 44 37.995     163.3
135
 2013 04 20 05 14 19.213     2013 04 20 05 16 50.278     151.1
 2013 04 20 15 12 42.850     2013 04 20 15 15 54.435     191.6
136
 2013 04 20 00 24 17.598     2013 04 20 00 27  1.438     163.8
 2013 04 20 12 10 33.008     2013 04 20 12 12 29.318     116.3
137
138
 2013 04 20 06 55 49.797     2013 04 20 06 58 37.233     167.4
 2013 04 20 13 30 41.089     2013 04 20 13 33 29.180     168.1
139
140
 2013 04 20 07 41  7.020     2013 04 20 07 44  1.853     174.8
 2013 04 20 15 55 25.271     2013 04 20 15 57 20.828     115.6
141
 2013 04 20 13 14  5.505     2013 04 20 13 16 52.999     167.5
 2013 04 20 19 47 42.477     2013 04 20 19 50 18.153     155.7
142
 2013 04 20 02 10 20.345     2013 04 20 02 13 26.316     186.0
 2013 04 20 10 24 56.466     2013 04 20 10 27 14.613     138.1
143
144
 2013 04 20 00 10 38.390     2013 04 20 00 10 50.486      12.1
 2013 04 20 17 08 50.656     2013 04 20 17 11 26.657     156.0
145
 2013 04 20 11 38  1.114     2013 04 20 11 41  6.719     185.6
146
 2013 04 20 00 08 19.907     2013 04 20 00 11 48.450     208.5
 2013 04 20 17 08 40.700     2013 04 20 17 09 41.473      60.8
 2013 04 20 23 45  2.956     2013 04 20 23 48 45.104     222.1
147
148
 2013 04 20 10 52 50.941     2013 04 20 10 55 54.593     183.7
 2013 04 20 12 30 14.060     2013 04 20 12 30 18.567       4.5
 2013 04 20 17 25 43.066     2013 04 20 17 28 38.167     175.1
149
 2013 04 20 11 30 13.620     2013 04 20 11 33 21.615     188.0
 2013 04 20 21 32 22.743     2013 04 20 21 34 58.623     155.9
150
 2013 04 20 17 44 46.252     2013 04 20 17 48 17.621     211.4
151
 2013 04 20 08 53 48.989     2013 04 20 08 57 12.591     203.6
152
 2013 04 20 01 16  7.205     2013 04 20 01 16 50.643      43.4
 2013 04 20 11 18 44.832     2013 04 20 11 21 20.507     155.7
153
154
 2013 04 20 01 56 10.723     2013 04 20 01 56 39.751      29.0
155
 2013 04 20 04 00 58.517     2013 04 20 04 04  8.101     189.6
 2013 04 20 22 42 45.103     2013 04 20 22 45 35.519     170.4
156
 2013 04 20 17 04 24.194     2013 04 20 17 07  4.013     159.8
157
158
 2013 04 20 12 54 18.387     2013 04 20 12 56 53.109     154.7
159
 2013 04 20 07 36 10.534     2013 04 20 07 38 44.916     154.4
 2013 04 20 17 34 20.205     2013 04 20 17 37 44.353     204.1
160
 2013 04 20 04 55 38.627     2013 04 20 04 58 35.251     176.6
 2013 04 20 20 15 21.797     2013 04 20 20 16 12.159      50.4
161
 2013 04 20 13 55 23.090     2013 04 20 13 57 58.316     155.2
162
 2013 04 20 02 01 58.443     2013 04 20 02 04 50.441     172.0
163
 2013 04 20 06 54 15.636     2013 04 20 06 56 49.217     153.6
 2013 04 20 15 07 29.048     2013 04 20 15 08  8.869      39.8
164
 2013 04 20 14 30  6.492     2013 04 20 14 32 37.278     150.8
165
 2013 04 20 02 42 15.753     2013 04 20 02 42 51.252      35.5
 2013 04 20 14 35   .919     2013 04 20 14 38   .928     180.0
166
 2013 04 20 08 29 20.279     2013 04 20 08 32 36.499     196.2
 2013 04 20 15 03 20.017     2013 04 20 15 06 45.528     205.5
167
 2013 04 20 02 02 57.774     2013 04 20 02 05 31.703     153.9
 2013 04 20 12 06 40.434     2013 04 20 12 08  3.483      83.0
168
 2013 04 20 14 44 38.117     2013 04 20 14 47 43.092     185.0
 2013 04 20 23 01 31.416     2013 04 20 23 04  6.773     155.4
169
 2013 04 20 17 11 54.625     2013 04 20 17 15 40.968     226.3
 2013 04 20 22 07 47.195     2013 04 20 22 11 11.888     204.7
170
 2013 04 20 06 50 43.602     2013 04 20 06 53 48.967     185.4
171
 2013 04 20 10 43 30.831     2013 04 20 10 46 30.097     179.3
 2013 04 20 20 43 25.582     2013 04 20 20 46  8.706     163.1
172
173
 2013 04 20 03 18 52.093     2013 04 20 03 21 55.372     183.3
 2013 04 20 18 40  6.960     2013 04 20 18 43 36.638     209.7
174
 2013 04 20 09 51 24.977     2013 04 20 09 54 48.766     203.8
 2013 04 20 21 35 44.431     2013 04 20 21 39  8.603     204.2
175
 2013 04 20 02 42 21.059     2013 04 20 02 43 33.921      72.9
 2013 04 20 16 11 16.486     2013 04 20 16 11 27.176      10.7
176
 2013 04 20 10 45 29.003     2013 04 20 10 48 21.721     172.7
177
178
179
 2013 04 20 07 44 49.243     2013 04 20 07 47 45.181     175.9
 2013 04 20 12 39 49.852     2013 04 20 12 39 49.224       -.6
 2013 04 20 14 17 47.214     2013 04 20 14 19 22.018      94.8
180
 2013 04 20 03 32 44.734     2013 04 20 03 35 46.702     182.0
 2013 04 20 15 18 59.136     2013 04 20 15 21 39.268     160.1
181
 2013 04 20 00 09 46.517     2013 04 20 00 12 38.097     171.6
 2013 04 20 15 31 14.507     2013 04 20 15 32  8.284      53.8
182
 2013 04 20 04 22 42.880     2013 04 20 04 25 32.254     169.4
183
 2013 04 20 06 02 55.545     2013 04 20 06 06 10.301     194.8
184
 2013 04 20 04 24  8.914     2013 04 20 04 27 28.468     199.6
 2013 04 20 14 27 27.104     2013 04 20 14 30 41.764     194.7
185
 2013 04 20 09 57 43.740     2013 04 20 10 00 24.298     160.6
 2013 04 20 19 56 18.329     2013 04 20 19 59 51.359     213.0
186
 2013 04 20 13 40 59.653     2013 04 20 13 43 40.052     160.4
187
 2013 04 20 07 15  5.905     2013 04 20 07 15 37.859      32.0
 2013 04 20 22 35 54.167     2013 04 20 22 38 51.135     177.0
188
 2013 04 20 17 28  9.541     2013 04 20 17 31 31.652     202.1
189
 2013 04 20 10 34 51.974     2013 04 20 10 37 53.956     182.0
 2013 04 20 22 26 27.247     2013 04 20 22 26 26.619       -.6
190
 2013 04 20 14 19  5.493     2013 04 20 14 22 13.712     188.2
191
 2013 04 20 02 40 14.610     2013 04 20 02 43 39.782     205.2
192
 2013 04 20 09 01 44.320     2013 04 20 09 05   .362     196.0
 2013 04 20 20 49 57.480     2013 04 20 20 53 11.035     193.6
193
 2013 04 20 07 43 53.227     2013 04 20 07 46 51.212     178.0
 2013 04 20 14 16 54.251     2013 04 20 14 19 44.160     169.9
194
 2013 04 20 06 10 40.674     2013 04 20 06 14  5.462     204.8
 2013 04 20 11 06 13.792     2013 04 20 11 09 41.527     207.7
195
 2013 04 20 08 07 44.389     2013 04 20 08 10 24.477     160.1
 2013 04 20 21 45 32.418     2013 04 20 21 48 22.414     170.0
196
 2013 04 20 08 16 36.185     2013 04 20 08 19 32.720     176.5
 2013 04 20 20 02 53.280     2013 04 20 20 03 20.725      27.4
197
 2013 04 20 01 03 32.492     2013 04 20 01 06 45.452     193.0
 2013 04 20 14 40 21.691     2013 04 20 14 43 16.596     174.9
198
 2013 04 20 04 02 19.183     2013 04 20 04 05 21.780     182.6
 2013 04 20 21 05  8.797     2013 04 20 21 08 35.022     206.2
199
 2013 04 20 04 02 44.835     2013 04 20 04 05 20.746     155.9
 2013 04 20 21 05 55.459     2013 04 20 21 09 10.889     195.4
200
 2013 04 20 11 27 41.776     2013 04 20 11 30 22.310     160.5
201
 2013 04 20 01 19 35.284     2013 04 20 01 22 25.425     170.1
202
 2013 04 20 14 03 41.185     2013 04 20 14 06 26.565     165.4
 2013 04 20 18 58 33.213     2013 04 20 19 01 19.646     166.4
203
 2013 04 20 10 03  7.827     2013 04 20 10 05 41.755     153.9
 2013 04 20 18 16 17.320     2013 04 20 18 17 54.848      97.5
204
 2013 04 20 07 38 41.393     2013 04 20 07 42 30.467     229.1
 2013 04 20 15 56 55.889     2013 04 20 15 59 42.315     166.4
205
 2013 04 20 00 40  3.247     2013 04 20 00 43  4.806     181.6
 2013 04 20 05 35 14.135     2013 04 20 05 38 44.231     210.1
206
 2013 04 20 11 15  4.293     2013 04 20 11 17 47.930     163.6
207
 2013 04 20 13 35 55.775     2013 04 20 13 39 20.756     205.0
208
 2013 04 20 04 04 12.721     2013 04 20 04 07 22.339     189.6
 2013 04 20 21 07  6.637     2013 04 20 21 10  7.683     181.0
209
 2013 04 20 05 14   .327     2013 04 20 05 16 51.089     170.8
 2013 04 20 15 12 24.154     2013 04 20 15 15 11.226     167.1
210
 2013 04 20 03 28  7.827     2013 04 20 03 30 38.585     150.8
211
 2013 04 20 19 20   .937     2013 04 20 19 22 34.555     153.6
212
 2013 04 20 10 51 48.381     2013 04 20 10 54 29.947     161.6
 2013 04 20 17 25 57.286     2013 04 20 17 28 53.273     176.0
213
 2013 04 20 18 38 30.238     2013 04 20 18 41 34.216     184.0
214
 2013 04 20 00 23 59.644     2013 04 20 00 26 34.275     154.6
 2013 04 20 12 10 50.407     2013 04 20 12 14   .749     190.3
215
 2013 04 20 02 55 51.879     2013 04 20 02 58 39.579     167.7
 2013 04 20 11 12 41.660     2013 04 20 11 15 33.289     171.6
216
217
 2013 04 20 06 50 13.855     2013 04 20 06 52 45.421     151.6
218
 2013 04 20 05 13 48.522     2013 04 20 05 17  9.975     201.5
 2013 04 20 15 12  1.729     2013 04 20 15 14 43.686     162.0
219
 2013 04 20 07 16 49.599     2013 04 20 07 19 24.919     155.3
 2013 04 20 22 36 56.740     2013 04 20 22 39 47.411     170.7
220
 2013 04 20 04 26 45.427     2013 04 20 04 26 55.818      10.4
221
 2013 04 20 07 39 19.957     2013 04 20 07 43  1.861     221.9
 2013 04 20 15 54 23.196     2013 04 20 15 57  4.812     161.6
222
 2013 04 20 07 19 39.876     2013 04 20 07 20 30.902      51.0
 2013 04 20 22 35 31.699     2013 04 20 22 38 30.702     179.0
223
 2013 04 20 13 59 46.333     2013 04 20 14 02 22.271     155.9
224
225
 2013 04 20 01 24 56.152     2013 04 20 01 25 47.381      51.2
 2013 04 20 08 01  3.486     2013 04 20 08 03 41.534     158.0
226
 2013 04 20 12 27 19.259     2013 04 20 12 29 55.531     156.3
 2013 04 20 19 00 54.696     2013 04 20 19 03 34.601     159.9
227
 2013 04 20 20 55 41.061     2013 04 20 20 58 17.601     156.5
228
 2013 04 20 07 18 43.165     2013 04 20 07 21 33.625     170.5
229
 2013 04 20 00 27   .379     2013 04 20 00 29 32.860     152.5
230
 2013 04 20 00 24 44.760     2013 04 20 00 28   .035     195.3
 2013 04 20 12 08 56.414     2013 04 20 12 12 29.066     212.7
231
 2013 04 20 08 55  1.495     2013 04 20 08 58 21.411     199.9
 2013 04 20 22 33 17.467     2013 04 20 22 35 48.665     151.2
232
 2013 04 20 08 12 52.102     2013 04 20 08 15 23.296     151.2
233
 2013 04 20 20 53 53.672     2013 04 20 20 57 30.560     216.9
234
 2013 04 20 02 13  2.000     2013 04 20 02 15 48.477     166.5
 2013 04 20 08 46 28.017     2013 04 20 08 49  6.693     158.7
235
 2013 04 20 20 53 33.990     2013 04 20 20 56 59.650     205.7
236
 2013 04 20 22 38 39.198     2013 04 20 22 38 38.570       -.6
237
 2013 04 20 00 30 51.908     2013 04 20 00 33 46.626     174.7
 2013 04 20 10 28 42.734     2013 04 20 10 31 43.810     181.1
238
 2013 04 20 05 54 10.157     2013 04 20 05 57  4.393     174.2
 2013 04 20 17 42   .297     2013 04 20 17 45  2.318     182.0
239
 2013 04 20 09 12 41.762     2013 04 20 09 16  3.151     201.4
240
241
 2013 04 20 07 31 45.325     2013 04 20 07 35 24.325     219.0
242
 2013 04 20 10 33 17.597     2013 04 20 10 35 55.611     158.0
243
 2013 04 20 04 57  2.006     2013 04 20 05 00 38.425     216.4
244
 2013 04 20 16 04 21.634     2013 04 20 16 06 57.168     155.5
245
 2013 04 20 00 54  7.794     2013 04 20 00 56 53.131     165.3
 2013 04 20 17 57 42.397     2013 04 20 18 00 34.132     171.7
246
 2013 04 20 02 46  2.475     2013 04 20 02 46 20.154      17.7
247
 2013 04 20 12 16 58.421     2013 04 20 12 19 42.073     163.7
 2013 04 20 22 19  8.710     2013 04 20 22 22 27.760     199.0
248
249
 2013 04 20 01 20  6.819     2013 04 20 01 20 10.071       3.3
 2013 04 20 11 15 38.472     2013 04 20 11 18 53.058     194.6
250
 2013 04 20 02 40 35.139     2013 04 20 02 43  8.961     153.8
251
 2013 04 20 08 18 17.603     2013 04 20 08 19   .016      42.4
 2013 04 20 20 02  7.411     2013 04 20 20 04 49.838     162.4
252
 2013 04 20 22 22 40.124     2013 04 20 22 25 48.683     188.6
253
 2013 04 20 05 46 36.800     2013 04 20 05 49 10.635     153.8
 2013 04 20 19 23 21.125     2013 04 20 19 25 55.494     154.4
254
 2013 04 20 01 28 13.411     2013 04 20 01 28 50.035      36.6
 2013 04 20 03 02 49.593     2013 04 20 03 06 22.952     213.4
 2013 04 20 07 58 20.769     2013 04 20 08 00 55.342     154.6
255
 2013 04 20 22 10 50.973     2013 04 20 22 14 26.216     215.2
256
 2013 04 20 23 21 33.824     2013 04 20 23 25  7.628     213.8
257
 2013 04 20 05 49 32.790     2013 04 20 05 53 10.036     217.2
258
259
 2013 04 20 05 54 27.857     2013 04 20 05 57 51.083     203.2
 2013 04 20 17 41 37.803     2013 04 20 17 42  5.924      28.1
260
 2013 04 20 00 14 23.215     2013 04 20 00 17 17.145     173.9
 2013 04 20 13 53 22.584     2013 04 20 13 57  6.542     224.0
261
 2013 04 20 04 05 58.820     2013 04 20 04 06   .114       1.3
 2013 04 20 19 29 58.627     2013 04 20 19 32 33.409     154.8
262
 2013 04 20 08 07  8.565     2013 04 20 08 09 44.204     155.6
 2013 04 20 21 45 17.773     2013 04 20 21 48 53.891     216.1
263
 2013 04 20 02 05 13.359     2013 04 20 02 07 44.614     151.3
 2013 04 20 12 03 59.181     2013 04 20 12 07  2.257     183.1
264
265
 2013 04 20 19 53 50.372     2013 04 20 19 56 27.417     157.0
266
267
 2013 04 20 16 40 54.398     2013 04 20 16 44 15.581     201.2
268
 2013 04 20 05 48 44.419     2013 04 20 05 51 27.161     162.7
 2013 04 20 19 21 16.660     2013 04 20 19 21 26.263       9.6
269
 2013 04 20 07 41 26.057     2013 04 20 07 44 24.911     178.9
 2013 04 20 15 53 58.554     2013 04 20 15 54 39.516      41.0
270
 2013 04 20 13 57 45.271     2013 04 20 13 58 38.799      53.5
271
272
 2013 04 20 02 51 39.496     2013 04 20 02 55  4.152     204.7
 2013 04 20 12 50 36.626     2013 04 20 12 53  7.885     151.3
273
 2013 04 20 10 46 40.335     2013 04 20 10 49 14.869     154.5
274
 2013 04 20 20 40 54.763     2013 04 20 20 44 19.791     205.0
275
 2013 04 20 08 23 10.241     2013 04 20 08 23 16.159       5.9
276
 2013 04 20 05 43 53.764     2013 04 20 05 46 30.407     156.6
277
 2013 04 20 19 53 38.197     2013 04 20 19 56 21.710     163.5
278
 2013 04 20 07 41 40.269     2013 04 20 07 42 30.442      50.2
 2013 04 20 14 21 40.198     2013 04 20 14 22  7.260      27.1
279
 2013 04 20 02 34 14.774     2013 04 20 02 37 14.991     180.2
 2013 04 20 17 52  7.809     2013 04 20 17 52 21.870      14.1
280
 2013 04 20 00 39 11.943     2013 04 20 00 39 15.814       3.9
 2013 04 20 08 48 38.781     2013 04 20 08 51 36.029     177.2
281
 2013 04 20 12 27 21.195     2013 04 20 12 30 38.065     196.9
 2013 04 20 14 04 58.116     2013 04 20 14 08 45.830     227.7
 2013 04 20 17 21 39.028     2013 04 20 17 22 38.348      59.3
 2013 04 20 18 59 55.999     2013 04 20 19 03  2.816     186.8
282
 2013 04 20 04 59 33.370     2013 04 20 05 00  1.543      28.2
 2013 04 20 18 36 40.407     2013 04 20 18 40  9.575     209.2
283
 2013 04 20 09 12 32.650     2013 04 20 09 15  8.248     155.6
284
 2013 04 20 02 01  5.222     2013 04 20 02 01 29.119      23.9
 2013 04 20 13 44  7.258     2013 04 20 13 46 42.528     155.3
285
 2013 04 20 03 22 12.850     2013 04 20 03 24 48.364     155.5
286
 2013 04 20 11 31 53.495     2013 04 20 11 34 27.324     153.8
 2013 04 20 21 30 39.664     2013 04 20 21 33 29.588     169.9
287
 2013 04 20 14 35 55.922     2013 04 20 14 38 26.778     150.9
288
289
 2013 04 20 09 53 13.522     2013 04 20 09 56   .196     166.7
290
 2013 04 20 05 13 23.262     2013 04 20 05 15 59.805     156.5
 2013 04 20 15 13 41.115     2013 04 20 15 16 17.795     156.7
291
 2013 04 20 22 28  6.743     2013 04 20 22 30 40.357     153.6
292
 2013 04 20 13 43 28.698     2013 04 20 13 46 47.466     198.8
293
294
 2013 04 20 22 20 21.130     2013 04 20 22 22 51.978     150.8
295
 2013 04 20 10 54 40.315     2013 04 20 10 57 51.424     191.1
 2013 04 20 15 50  1.107     2013 04 20 15 52 50.899     169.8
296
 2013 04 20 01 07 33.673     2013 04 20 01 10 56.887     203.2
297
 2013 04 20 01 16 37.652     2013 04 20 01 19 28.782     171.1
 2013 04 20 11 18  1.225     2013 04 20 11 20 32.341     151.1
298
 2013 04 20 14 28 40.042     2013 04 20 14 32 16.849     216.8
299
300
 2013 04 20 08 22 40.833     2013 04 20 08 23 38.597      57.8
 2013 04 20 18 22 24.753     2013 04 20 18 22 32.806       8.1
301
302
 2013 04 20 04 19   .505     2013 04 20 04 22 17.526     197.0
 2013 04 20 16 08 13.021     2013 04 20 16 10 58.266     165.2
303
304
 2013 04 20 02 08  1.991     2013 04 20 02 11 34.490     212.5
 2013 04 20 10 26  3.156     2013 04 20 10 29  1.587     178.4
305
306
307
 2013 04 20 17 59 23.978     2013 04 20 18 01 58.740     154.8
 2013 04 20 22 53 54.423     2013 04 20 22 56 56.253     181.8
308
309
 2013 04 20 00 21 38.907     2013 04 20 00 24 21.716     162.8
 2013 04 20 12 13 53.642     2013 04 20 12 14 47.622      54.0
310
 2013 04 20 00 57 39.787     2013 04 20 01 00 21.308     161.5
 2013 04 20 16 19 47.627     2013 04 20 16 22 35.541     167.9
311
 2013 04 20 09 03 56.657     2013 04 20 09 06 31.732     155.1
 2013 04 20 20 49 44.049     2013 04 20 20 52 57.672     193.6
312
 2013 04 20 19 19 29.587     2013 04 20 19 22 35.071     185.5
313
 2013 04 20 22 27 44.230     2013 04 20 22 31 16.245     212.0
314
 2013 04 20 06 52 17.340     2013 04 20 06 55  2.819     165.5
 2013 04 20 15 08 52.630     2013 04 20 15 11 33.717     161.1
315
 2013 04 20 15 06 45.766     2013 04 20 15 09 21.386     155.6
316
 2013 04 20 15 30 19.395     2013 04 20 15 33 54.791     215.4
317
 2013 04 20 03 42 29.929     2013 04 20 03 45 14.846     164.9
 2013 04 20 11 59 36.502     2013 04 20 12 03 16.188     219.7
318
 2013 04 20 14 44 30.018     2013 04 20 14 47 23.424     173.4
 2013 04 20 22 59 59.014     2013 04 20 23 02 52.571     173.6
319
 2013 04 20 13 08 36.451     2013 04 20 13 11 30.647     174.2
320
 2013 04 20 09 43 17.582     2013 04 20 09 46 17.989     180.4
 2013 04 20 23 19 45.587     2013 04 20 23 22 43.651     178.1
321
 2013 04 20 01 54 57.440     2013 04 20 01 57 55.655     178.2
322
 2013 04 20 00 54 34.419     2013 04 20 00 57 27.075     172.7
 2013 04 20 17 58  3.111     2013 04 20 18 00 37.689     154.6
323
 2013 04 20 14 23 31.394     2013 04 20 14 26 27.116     175.7
324
 2013 04 20 15 57 34.061     2013 04 20 16 00 43.810     189.7
325
 2013 04 20 10 53 37.538     2013 04 20 10 56 16.942     159.4
 2013 04 20 15 52 23.533     2013 04 20 15 52 25.124       1.6
 2013 04 20 17 26 29.749     2013 04 20 17 29 58.806     209.1
326
 2013 04 20 01 21 47.436     2013 04 20 01 24 23.690     156.3
 2013 04 20 09 37 56.315     2013 04 20 09 40 36.588     160.3
327
328
 2013 04 20 19 14 32.040     2013 04 20 19 18   .703     208.7
329
 2013 04 20 03 47  2.337     2013 04 20 03 49 54.423     172.1
 2013 04 20 10 20 47.221     2013 04 20 10 23 24.440     157.2
330
 2013 04 20 13 12 36.281     2013 04 20 13 16 16.201     219.9
 2013 04 20 19 48 40.342     2013 04 20 19 52 24.827     224.5
331
 2013 04 20 08 08 45.146     2013 04 20 08 11 16.206     151.1
 2013 04 20 21 44 57.697     2013 04 20 21 47 32.241     154.5
332
 2013 04 20 01 52  7.160     2013 04 20 01 55 25.369     198.2
333
 2013 04 20 07 35 58.054     2013 04 20 07 39  9.779     191.7
 2013 04 20 17 33 35.188     2013 04 20 17 36 36.095     180.9
334
 2013 04 20 11 28 17.131     2013 04 20 11 31 26.527     189.4
335
336
337
338
 2013 04 20 17 51 56.906     2013 04 20 17 54 58.121     181.2
339
 2013 04 20 06 28 37.212     2013 04 20 06 31 42.171     185.0
 2013 04 20 21 50 54.874     2013 04 20 21 53 29.969     155.1
340
 2013 04 20 11 39  1.961     2013 04 20 11 41 49.945     168.0
 2013 04 20 18 13 58.652     2013 04 20 18 16 57.835     179.2
341
 2013 04 20 06 03 40.812     2013 04 20 06 06 35.032     174.2
342
 2013 04 20 08 30 30.015     2013 04 20 08 34 13.131     223.1
 2013 04 20 10 08 23.132     2013 04 20 10 11 55.998     212.9
 2013 04 20 15 03 33.423     2013 04 20 15 06 18.165     164.7
343
 2013 04 20 01 26 35.985     2013 04 20 01 27 37.915      61.9
 2013 04 20 08 00 37.091     2013 04 20 08 01 29.350      52.3
344
 2013 04 20 04 53  6.392     2013 04 20 04 55 51.331     164.9
 2013 04 20 20 17 55.035     2013 04 20 20 18 41.669      46.6
345
 2013 04 20 04 13   .368     2013 04 20 04 15 42.671     162.3
 2013 04 20 17 48 41.291     2013 04 20 17 51 38.698     177.4
346
347
 2013 04 20 00 09 10.886     2013 04 20 00 12 44.637     213.8
 2013 04 20 15 33  5.682     2013 04 20 15 36 46.626     220.9
348
349
 2013 04 20 04 25  6.600     2013 04 20 04 27 41.154     154.6
 2013 04 20 14 26 12.020     2013 04 20 14 29 22.155     190.1
350
 2013 04 20 18 31 20.412     2013 04 20 18 34 38.580     198.2
351
 2013 04 20 12 14  6.141     2013 04 20 12 17 51.730     225.6
352
 2013 04 20 01 19 46.101     2013 04 20 01 22 21.545     155.4
353
 2013 04 20 04 29 36.975     2013 04 20 04 32 50.230     193.3
 2013 04 20 12 45 21.914     2013 04 20 12 45 26.716       4.8
354
355
 2013 04 20 06 08 20.953     2013 04 20 06 11 45.519     204.6
 2013 04 20 12 42  4.842     2013 04 20 12 44 42.808     158.0
356
 2013 04 20 07 18  8.864     2013 04 20 07 21  2.150     173.3
357
 2013 04 20 15 37 53.791     2013 04 20 15 40 58.034     184.2
 2013 04 20 20 33  8.500     2013 04 20 20 36  8.772     180.3
358
 2013 04 20 00 58 55.089     2013 04 20 01 02 18.850     203.8
 2013 04 20 16 18  1.574     2013 04 20 16 21  3.062     181.5
359
 2013 04 20 06 48 48.081     2013 04 20 06 52 29.374     221.3
360
 2013 04 20 07 30 46.630     2013 04 20 07 34  5.814     199.2
361
 2013 04 20 07 14 45.941     2013 04 20 07 17 28.051     162.1
 2013 04 20 22 37 20.007     2013 04 20 22 41  5.166     225.2
362
 2013 04 20 01 10 59.838     2013 04 20 01 13 58.425     178.6
 2013 04 20 12 57 26.770     2013 04 20 13 00  3.120     156.4
363
 2013 04 20 09 16 43.340     2013 04 20 09 19 19.874     156.5
 2013 04 20 15 54 35.382     2013 04 20 15 55 19.624      44.2
364
 2013 04 20 21 26 56.712     2013 04 20 21 27 30.213      33.5
365
 2013 04 20 04 07 37.840     2013 04 20 04 10 20.610     162.8
 2013 04 20 19 27 52.674     2013 04 20 19 30 31.271     158.6
366
 2013 04 20 11 25 38.552     2013 04 20 11 28  8.410     149.9
 2013 04 20 23 11 32.692     2013 04 20 23 14 53.189     200.5
367
 2013 04 20 09 57 39.712     2013 04 20 10 00 23.747     164.0
 2013 04 20 19 56 23.670     2013 04 20 19 59 56.362     212.7
368
 2013 04 20 05 18 49.969     2013 04 20 05 21 23.361     153.4
 2013 04 20 13 33 49.198     2013 04 20 13 36 35.855     166.7
369
 2013 04 20 01 39 25.088     2013 04 20 01 42  4.827     159.7
 2013 04 20 20 21 34.584     2013 04 20 20 24 12.555     158.0
370
 2013 04 20 08 56 40.861     2013 04 20 08 59 19.413     158.6
 2013 04 20 22 31 46.882     2013 04 20 22 34 57.215     190.3
371
 2013 04 20 07 22  4.783     2013 04 20 07 25 22.542     197.8
 2013 04 20 20 56 14.617     2013 04 20 20 59   .424     165.8
372
 2013 04 20 06 53 20.609     2013 04 20 06 56 19.736     179.1
 2013 04 20 15 07 21.940     2013 04 20 15 10 14.272     172.3
373
374
 2013 04 20 02 45 46.631     2013 04 20 02 48 29.171     162.5
 2013 04 20 14 31 58.180     2013 04 20 14 34 49.019     170.8
375
376
 2013 04 20 03 26 17.363     2013 04 20 03 29 53.413     216.1
 2013 04 20 16 59 26.264     2013 04 20 17 02 37.698     191.4
377
 2013 04 20 17 37 43.191     2013 04 20 17 40 35.122     171.9
378
 2013 04 20 00 27 22.739     2013 04 20 00 30  7.187     164.4
379
 2013 04 20 12 14 11.469     2013 04 20 12 16 57.759     166.3
380
 2013 04 20 02 41 49.033     2013 04 20 02 44 34.144     165.1
381
 2013 04 20 11 33  3.369     2013 04 20 11 33 51.744      48.4
382
 2013 04 20 04 34 29.316     2013 04 20 04 38  5.990     216.7
 2013 04 20 06 12 17.538     2013 04 20 06 15 56.720     219.2
 2013 04 20 11 07 30.339     2013 04 20 11 10 16.133     165.8
383
 2013 04 20 00 21 46.638     2013 04 20 00 24 16.546     149.9
 2013 04 20 12 11 33.399     2013 04 20 12 15  3.290     209.9
384
 2013 04 20 00 29 31.439     2013 04 20 00 33   .151     208.7
 2013 04 20 10 30 57.061     2013 04 20 10 33 45.200     168.1
385
 2013 04 20 17 32 47.940     2013 04 20 17 35 24.361     156.4
386
 2013 04 20 01 18 43.013     2013 04 20 01 21 36.232     173.2
 2013 04 20 11 15 25.952     2013 04 20 11 17 18.695     112.7
387
388
 2013 04 20 23 07 10.429     2013 04 20 23 10  7.366     176.9
389
 2013 04 20 00 32  4.758     2013 04 20 00 34 37.806     153.0
390
 2013 04 20 14 22 15.638     2013 04 20 14 22 39.158      23.5
391
 2013 04 20 23 16 33.844     2013 04 20 23 19 19.795     166.0
392
 2013 04 20 06 48  4.697     2013 04 20 06 49  1.486      56.8
 2013 04 20 16 46 18.683     2013 04 20 16 48 56.853     158.2
393
 2013 04 20 06 32 38.726     2013 04 20 06 35 19.938     161.2
 2013 04 20 20 11  1.352     2013 04 20 20 14 30.749     209.4
394
 2013 04 20 05 41 48.305     2013 04 20 05 45  6.711     198.4
 2013 04 20 21 01 48.784     2013 04 20 21 04 24.002     155.2
395
 2013 04 20 03 46 42.381     2013 04 20 03 49 16.096     153.7
 2013 04 20 10 21  3.035     2013 04 20 10 24  5.523     182.5
396
 2013 04 20 06 57 38.851     2013 04 20 07 00 13.977     155.1
 2013 04 20 11 52 12.891     2013 04 20 11 55 59.619     226.7
 2013 04 20 13 30  1.430     2013 04 20 13 33 50.827     229.4
397
 2013 04 20 07 34 53.853     2013 04 20 07 38 19.635     205.8
 2013 04 20 17 34  2.756     2013 04 20 17 36 35.128     152.4
398
 2013 04 20 05 45 17.277     2013 04 20 05 48  1.529     164.3
 2013 04 20 19 23 46.958     2013 04 20 19 27 19.969     213.0
399
 2013 04 20 01 20 22.887     2013 04 20 01 23 18.479     175.6
400
 2013 04 20 04 56  5.470     2013 04 20 04 59  7.101     181.6
401
 2013 04 20 10 53 20.170     2013 04 20 10 56 59.057     218.9
 2013 04 20 17 27 20.798     2013 04 20 17 30 58.003     217.2
402
 2013 04 20 10 52 23.113     2013 04 20 10 55  1.938     158.8
 2013 04 20 17 26 45.826     2013 04 20 17 29 21.271     155.4
403
 2013 04 20 01 51 49.087     2013 04 20 01 54 48.940     179.9
 2013 04 20 15 25 33.844     2013 04 20 15 28 39.004     185.2
404
 2013 04 20 15 57 59.198     2013 04 20 16 00 54.178     175.0
405
 2013 04 20 19 26  3.330     2013 04 20 19 28 58.206     174.9
406
 2013 04 20 09 11 25.389     2013 04 20 09 15 10.238     224.8
407
 2013 04 20 03 29 56.043     2013 04 20 03 32 38.247     162.2
408
 2013 04 20 12 21 36.674     2013 04 20 12 24 23.691     167.0
409
 2013 04 20 07 21 32.522     2013 04 20 07 25 14.420     221.9
 2013 04 20 20 56 14.876     2013 04 20 20 58 46.356     151.5
410
 2013 04 20 03 42  1.533     2013 04 20 03 45 40.171     218.6
 2013 04 20 12 00 24.196     2013 04 20 12 03 53.823     209.6
411
 2013 04 20 02 53 45.174     2013 04 20 02 56 41.270     176.1
412
 2013 04 20 00 07 19.866     2013 04 20 00 09 59.612     159.7
 2013 04 20 17 10 33.671     2013 04 20 17 13 11.798     158.1
 2013 04 20 23 44 12.580     2013 04 20 23 46 48.925     156.3
413
 2013 04 20 05 22 35.691     2013 04 20 05 25 50.632     194.9
 2013 04 20 11 56 33.528     2013 04 20 11 59 50.866     197.3
414
 2013 04 20 16 40 49.826     2013 04 20 16 43 52.598     182.8
415
 2013 04 20 06 57  9.626     2013 04 20 06 59 43.769     154.1
 2013 04 20 13 30 12.153     2013 04 20 13 33 19.686     187.5
416
 2013 04 20 05 48 18.756     2013 04 20 05 51 40.321     201.6
417
 2013 04 20 07 17 48.093     2013 04 20 07 18 44.774      56.7
 2013 04 20 22 35 43.186     2013 04 20 22 39   .946     197.8
418
 2013 04 20 01 04 54.853     2013 04 20 01 08 17.218     202.4
 2013 04 20 14 37 38.124     2013 04 20 14 41 10.216     212.1
419
 2013 04 20 14 43 32.506     2013 04 20 14 47  2.519     210.0
 2013 04 20 23 01 39.070     2013 04 20 23 04 54.940     195.9
420
421
 2013 04 20 08 07 35.157     2013 04 20 08 08 37.492      62.3
 2013 04 20 21 46 21.697     2013 04 20 21 48 57.961     156.3
422
 2013 04 20 11 34  7.740     2013 04 20 11 36 40.168     152.4
423
 2013 04 20 04 48 59.945     2013 04 20 04 51 41.451     161.5
 2013 04 20 23 30 28.978     2013 04 20 23 33 39.228     190.2
424
 2013 04 20 05 44 10.188     2013 04 20 05 47 10.229     180.0
425
 2013 04 20 09 16  4.630     2013 04 20 09 18 40.586     156.0
 2013 04 20 17 28 56.197     2013 04 20 17 29  6.170      10.0
426
 2013 04 20 03 21 23.670     2013 04 20 03 24  3.974     160.3
 2013 04 20 18 40 33.972     2013 04 20 18 41 14.795      40.8
427
428
 2013 04 20 09 11 42.795     2013 04 20 09 14 17.124     154.3
429
 2013 04 20 08 28 54.673     2013 04 20 08 32 25.534     210.9
 2013 04 20 15 02 54.464     2013 04 20 15 04 10.458      76.0
430
 2013 04 20 08 06  9.301     2013 04 20 08 09 21.962     192.7
 2013 04 20 21 49 49.153     2013 04 20 21 50  3.408      14.3
431
432
 2013 04 20 04 55  8.387     2013 04 20 04 58 34.101     205.7
 2013 04 20 20 14  6.879     2013 04 20 20 17 13.111     186.2
433
 2013 04 20 04 24 19.478     2013 04 20 04 27  1.188     161.7
 2013 04 20 14 29 12.910     2013 04 20 14 30 28.339      75.4
434
 2013 04 20 17 50 46.869     2013 04 20 17 53 34.558     167.7
435
436
 2013 04 20 08 17  9.353     2013 04 20 08 19 41.165     151.8
 2013 04 20 20 02   .570     2013 04 20 20 03 51.303     110.7
437
 2013 04 20 03 32 49.901     2013 04 20 03 35 20.295     150.4
 2013 04 20 15 19 38.039     2013 04 20 15 22 27.429     169.4
438
 2013 04 20 04 04 47.937     2013 04 20 04 07 33.853     165.9
 2013 04 20 21 06 28.515     2013 04 20 21 10  5.701     217.2
439
 2013 04 20 18 23 49.485     2013 04 20 18 27  7.636     198.2
440
 2013 04 20 15 36  2.876     2013 04 20 15 38 40.263     157.4
 2013 04 20 22 09 46.769     2013 04 20 22 12 22.003     155.2
441
 2013 04 20 04 57 32.009     2013 04 20 05 00 23.072     171.1
442
 2013 04 20 05 59 20.195     2013 04 20 06 01 54.021     153.8
 2013 04 20 16 00 42.039     2013 04 20 16 04  7.865     205.8
443
 2013 04 20 09 52 47.490     2013 04 20 09 55 18.664     151.2
444
 2013 04 20 05 37 11.124     2013 04 20 05 40 26.486     195.4
 2013 04 20 22 39 49.427     2013 04 20 22 42 37.560     168.1
445
 2013 04 20 02 05  7.690     2013 04 20 02 08 11.981     184.3
 2013 04 20 12 03 10.875     2013 04 20 12 06  1.662     170.8
446
 2013 04 20 06 29 11.085     2013 04 20 06 31 49.514     158.4
 2013 04 20 21 49 42.870     2013 04 20 21 52 18.823     156.0
447
 2013 04 20 10 45  7.118     2013 04 20 10 48  3.787     176.7
 2013 04 20 20 43 25.467     2013 04 20 20 43 39.940      14.5
448
 2013 04 20 04 34  4.671     2013 04 20 04 34 54.116      49.4
 2013 04 20 06 12  2.190     2013 04 20 06 15 35.041     212.9
 2013 04 20 11 07 22.709     2013 04 20 11 09 59.570     156.9
449
 2013 04 20 10 05 58.003     2013 04 20 10 08 59.404     181.4
 2013 04 20 16 39 50.340     2013 04 20 16 42 58.602     188.3
450
 2013 04 20 14 03 18.829     2013 04 20 14 06 21.586     182.8
 2013 04 20 18 58 32.126     2013 04 20 19 01 40.212     188.1
451
 2013 04 20 14 47 56.538     2013 04 20 14 51 42.216     225.7
 2013 04 20 21 23 50.320     2013 04 20 21 26 30.849     160.5
452
 2013 04 20 03 46 26.466     2013 04 20 03 49  3.883     157.4
 2013 04 20 10 20 40.393     2013 04 20 10 23 58.609     198.2
453
 2013 04 20 02 37 58.035     2013 04 20 02 41 36.622     218.6
 2013 04 20 16 14 52.150     2013 04 20 16 18  7.372     195.2
454
455
 2013 04 20 19 02 40.376     2013 04 20 19 05 15.833     155.5
456
 2013 04 20 01 49 44.479     2013 04 20 01 50  8.981      24.5
 2013 04 20 17 04 41.225     2013 04 20 17 07 57.816     196.6
457
 2013 04 20 14 50 18.845     2013 04 20 14 50 23.166       4.3
 2013 04 20 21 24  8.470     2013 04 20 21 24 22.064      13.6
458
 2013 04 20 05 53 54.745     2013 04 20 05 57 12.292     197.5
 2013 04 20 17 42 15.812     2013 04 20 17 45 25.975     190.2
459
 2013 04 20 08 20 13.047     2013 04 20 08 23 45.468     212.4
460
 2013 04 20 00 08 48.726     2013 04 20 00 12  7.367     198.6
461
 2013 04 20 05 00 40.754     2013 04 20 05 03 27.612     166.9
 2013 04 20 18 35 33.108     2013 04 20 18 39 11.626     218.5
462
 2013 04 20 00 31 49.790     2013 04 20 00 33 42.162     112.4
463
 2013 04 20 05 07 25.525     2013 04 20 05 09 55.641     150.1
 2013 04 20 16 54  6.821     2013 04 20 16 57  8.867     182.0
464
 2013 04 20 08 29 39.161     2013 04 20 08 32 44.412     185.3
 2013 04 20 15 05  3.389     2013 04 20 15 08 28.815     205.4
465
 2013 04 20 01 55 59.700     2013 04 20 01 59  7.618     187.9
 2013 04 20 13 47  4.034     2013 04 20 13 49 57.714     173.7
466
 2013 04 20 06 40 48.328     2013 04 20 06 43 19.789     151.5
 2013 04 20 18 29  5.021     2013 04 20 18 31 41.333     156.3
467
 2013 04 20 05 40 13.121     2013 04 20 05 43 36.311     203.2
 2013 04 20 21 01 27.826     2013 04 20 21 02 28.012      60.2
468
 2013 04 20 06 38 59.956     2013 04 20 06 41 46.153     166.2
469
 2013 04 20 09 43  5.021     2013 04 20 09 43 42.705      37.7
 2013 04 20 23 19 56.092     2013 04 20 23 23 33.063     217.0
470
 2013 04 20 15 57 42.325     2013 04 20 16 00 55.465     193.1
471
 2013 04 20 14 35 16.612     2013 04 20 14 38 36.444     199.8
472
 2013 04 20 11 40 39.312     2013 04 20 11 43 13.878     154.6
 2013 04 20 18 13 26.956     2013 04 20 18 16 43.137     196.2
473
 2013 04 20 19 06 59.537     2013 04 20 19 09 49.487     169.9
474
 2013 04 20 21 40  7.528     2013 04 20 21 42 40.566     153.0
475
 2013 04 20 15 23 29.817     2013 04 20 15 27 10.989     221.2
476
 2013 04 20 08 54 21.674     2013 04 20 08 55 27.664      66.0
 2013 04 20 22 33 47.590     2013 04 20 22 36 20.002     152.4
477
 2013 04 20 01 09 12.663     2013 04 20 01 12 18.370     185.7
 2013 04 20 12 57 46.296     2013 04 20 13 01 14.335     208.0
478
 2013 04 20 10 53 55.110     2013 04 20 10 56 30.993     155.9
 2013 04 20 15 48 28.300     2013 04 20 15 52  3.325     215.0
 2013 04 20 17 26  4.760     2013 04 20 17 26 51.176      46.4
479
 2013 04 20 14 44 16.609     2013 04 20 14 47  5.879     169.3
 2013 04 20 23 01 12.670     2013 04 20 23 04  8.140     175.5
480
 2013 04 20 04 55 17.357     2013 04 20 04 57 49.615     152.3
 2013 04 20 20 15 17.386     2013 04 20 20 18 18.440     181.1
481
 2013 04 20 02 41 46.012     2013 04 20 02 44 55.599     189.6
482
 2013 04 20 06 28 12.748     2013 04 20 06 31 47.977     215.2
 2013 04 20 21 48 53.450     2013 04 20 21 51 41.020     167.6
483
 2013 04 20 19 26 12.019     2013 04 20 19 29  7.056     175.0
484
 2013 04 20 04 22 20.586     2013 04 20 04 25 36.869     196.3
485
 2013 04 20 19 11 49.781     2013 04 20 19 14 21.279     151.5
486
 2013 04 20 01 07  3.808     2013 04 20 01 10 41.985     218.2
487
 2013 04 20 12 49  7.400     2013 04 20 12 52  5.742     178.3
488
 2013 04 20 01 08 20.425     2013 04 20 01 08 51.629      31.2
 2013 04 20 14 37  7.006     2013 04 20 14 40 40.071     213.1
489
 2013 04 20 14 31 55.061     2013 04 20 14 32 14.777      19.7
490
 2013 04 20 05 43 57.065     2013 04 20 05 46 56.887     179.8
491
 2013 04 20 09 43 47.157     2013 04 20 09 43 50.063       2.9
492
 2013 04 20 06 39 46.481     2013 04 20 06 42 18.931     152.4
 2013 04 20 18 29  5.958     2013 04 20 18 32 36.176     210.2
493
 2013 04 20 09 44 36.869     2013 04 20 09 47 12.226     155.4
 2013 04 20 23 18 17.148     2013 04 20 23 18 40.293      23.1
494
 2013 04 20 02 29 11.249     2013 04 20 02 31 48.380     157.1
 2013 04 20 19 32  7.471     2013 04 20 19 34 41.437     154.0
495
 2013 04 20 05 08 47.134     2013 04 20 05 11 41.020     173.9
496
497
 2013 04 20 00 25 33.232     2013 04 20 00 25 42.732       9.5
 2013 04 20 12 12  6.039     2013 04 20 12 13 29.441      83.4
498
 2013 04 20 09 49 52.023     2013 04 20 09 53  9.334     197.3
 2013 04 20 21 38 38.071     2013 04 20 21 41 39.267     181.2
499
 2013 04 20 01 41 31.966     2013 04 20 01 44 50.870     198.9
 2013 04 20 18 43 47.580     2013 04 20 18 46 22.980     155.4
500
501
 2013 04 20 00 34 13.049     2013 04 20 00 36 54.042     161.0
 2013 04 20 08 50 51.501     2013 04 20 08 53 44.997     173.5
502
 2013 04 20 01 00 30.209     2013 04 20 01 03  5.655     155.4
503
 2013 04 20 15 58 46.671     2013 04 20 16 01 19.378     152.7
504
 2013 04 20 06 25 31.882     2013 04 20 06 28  6.992     155.1
 2013 04 20 23 28 18.047     2013 04 20 23 30 54.305     156.3
505
 2013 04 20 01 17  2.763     2013 04 20 01 20 43.843     221.1
 2013 04 20 11 17 57.865     2013 04 20 11 21  7.911     190.0
506
 2013 04 20 18 42 28.996     2013 04 20 18 45 54.502     205.5
507
 2013 04 20 01 20 35.371     2013 04 20 01 23 41.762     186.4
 2013 04 20 09 38 16.131     2013 04 20 09 41 53.503     217.4
508
 2013 04 20 02 51 14.968     2013 04 20 02 54 23.678     188.7
 2013 04 20 12 52 34.867     2013 04 20 12 55  9.767     154.9
509
 2013 04 20 04 14 27.879     2013 04 20 04 17  6.012     158.1
510
 2013 04 20 15 35  2.561     2013 04 20 15 35 21.291      18.7
 2013 04 20 22 11 18.862     2013 04 20 22 13 57.804     158.9
511
 2013 04 20 15 35 44.610     2013 04 20 15 39 35.359     230.7
 2013 04 20 22 11 14.212     2013 04 20 22 13 51.652     157.4
512
 2013 04 20 04 51 49.137     2013 04 20 04 54 26.965     157.8
 2013 04 20 21 53  8.925     2013 04 20 21 56 27.084     198.2
513
 2013 04 20 07 33 11.607     2013 04 20 07 33 57.644      46.0
 2013 04 20 17 36 54.414     2013 04 20 17 39 32.900     158.5
514
 2013 04 20 05 06 15.522     2013 04 20 05 09 33.782     198.3
 2013 04 20 16 55 26.233     2013 04 20 16 58 17.097     170.9
515
 2013 04 20 21 47 49.765     2013 04 20 21 50 47.681     177.9
516
 2013 04 20 19 11 29.751     2013 04 20 19 14 26.821     177.1
517
 2013 04 20 05 17 32.268     2013 04 20 05 20 49.059     196.8
 2013 04 20 13 34 53.175     2013 04 20 13 37 32.220     159.0
518
 2013 04 20 06 52 38.271     2013 04 20 06 52 59.536      21.3
 2013 04 20 15 06 56.961     2013 04 20 15 09 34.223     157.3
519
 2013 04 20 04 10 51.319     2013 04 20 04 13 39.827     168.5
 2013 04 20 17 52  4.159     2013 04 20 17 52 11.953       7.8
520
 2013 04 20 16 50 44.182     2013 04 20 16 53 44.478     180.3
521
 2013 04 20 17 46 18.621     2013 04 20 17 48 56.966     158.3
522
 2013 04 20 09 47 50.051     2013 04 20 09 50 43.400     173.3
523
 2013 04 20 16 25 49.065     2013 04 20 16 26 22.097      33.0
 2013 04 20 18 00 24.336     2013 04 20 18 03 52.345     208.0
 2013 04 20 22 55 44.700     2013 04 20 22 58 21.150     156.5
524
 2013 04 20 00 55 21.219     2013 04 20 00 58 10.786     169.6
 2013 04 20 17 57 53.621     2013 04 20 18 00 50.943     177.3
525
 2013 04 20 03 02 42.702     2013 04 20 03 05 44.624     181.9
 2013 04 20 07 57 48.914     2013 04 20 08 00 26.022     157.1
526
527
 2013 04 20 03 42 21.815     2013 04 20 03 45 15.164     173.3
 2013 04 20 12 01 58.730     2013 04 20 12 02 22.536      23.8
528
 2013 04 20 11 36 11.324     2013 04 20 11 37 45.499      94.2
 2013 04 20 19 52 40.426     2013 04 20 19 55 47.071     186.6
529
 2013 04 20 10 46 25.782     2013 04 20 10 47 48.963      83.2
530
 2013 04 20 15 05 38.694     2013 04 20 15 09 24.252     225.6
531
 2013 04 20 05 46 52.187     2013 04 20 05 49 41.135     168.9
 2013 04 20 19 23 41.302     2013 04 20 19 26 17.185     155.9
532
 2013 04 20 05 20 44.843     2013 04 20 05 21 36.402      51.6
 2013 04 20 13 32 30.164     2013 04 20 13 35  8.304     158.1
533
 2013 04 20 00 24 43.017     2013 04 20 00 28  5.493     202.5
 2013 04 20 12 08 51.573     2013 04 20 12 12 22.712     211.1
534
 2013 04 20 17 45  7.015     2013 04 20 17 48 46.128     219.1
535
 2013 04 20 01 50 15.630     2013 04 20 01 53  5.813     170.2
 2013 04 20 15 26 30.763     2013 04 20 15 29 21.177     170.4
536
 2013 04 20 00 35 45.679     2013 04 20 00 35 58.997      13.3
537
538
 2013 04 20 19 25 28.552     2013 04 20 19 28 47.159     198.6
539
 2013 04 20 08 11 45.915     2013 04 20 08 15 23.364     217.4
540
 2013 04 20 14 49 25.052     2013 04 20 14 53  6.538     221.5
 2013 04 20 21 23 31.843     2013 04 20 21 27  7.217     215.4
541
 2013 04 20 18 15 18.012     2013 04 20 18 18 23.073     185.1
542
 2013 04 20 06 35 26.000     2013 04 20 06 38   .301     154.3
 2013 04 20 20 09 17.390     2013 04 20 20 12 39.420     202.0
543
 2013 04 20 01 02 52.118     2013 04 20 01 05 34.560     162.4
 2013 04 20 14 39 31.550     2013 04 20 14 42 24.888     173.3
544
 2013 04 20 11 34 20.684     2013 04 20 11 37 59.687     219.0
 2013 04 20 19 54  8.068     2013 04 20 19 54 11.333       3.3
545
 2013 04 20 01 05 55.326     2013 04 20 01 09 10.115     194.8
546
 2013 04 20 08 56 20.118     2013 04 20 08 59 30.278     190.2
 2013 04 20 22 30 59.314     2013 04 20 22 33 36.127     156.8
547
 2013 04 20 02 57  7.120     2013 04 20 02 59 42.215     155.1
 2013 04 20 11 12  5.298     2013 04 20 11 14 47.574     162.3
548
 2013 04 20 12 25 22.376     2013 04 20 12 25 24.561       2.2
 2013 04 20 19 01 59.151     2013 04 20 19 05 22.253     203.1
549
 2013 04 20 07 35  1.897     2013 04 20 07 38 46.249     224.4
 2013 04 20 17 33 44.678     2013 04 20 17 36 16.147     151.5
550
 2013 04 20 11 26 17.050     2013 04 20 11 29 15.226     178.2
 2013 04 20 23 10  9.798     2013 04 20 23 11 18.043      68.2
551
552
 2013 04 20 06 26 29.266     2013 04 20 06 29 53.907     204.6
 2013 04 20 23 28 38.154     2013 04 20 23 29 31.188      53.0
553
 2013 04 20 00 12 17.804     2013 04 20 00 15 24.394     186.6
554
 2013 04 20 03 44 42.045     2013 04 20 03 47 53.799     191.8
 2013 04 20 11 57 59.226     2013 04 20 12 01 16.315     197.1
555
 2013 04 20 05 12 23.923     2013 04 20 05 14 54.433     150.5
 2013 04 20 15 13 34.064     2013 04 20 15 16 39.960     185.9
556
 2013 04 20 03 32 42.759     2013 04 20 03 36  6.144     203.4
 2013 04 20 15 18 40.418     2013 04 20 15 21 20.151     159.7
557
 2013 04 20 16 22 14.627     2013 04 20 16 24 48.309     153.7
 2013 04 20 22 56 42.405     2013 04 20 23 00   .114     197.7
558
559
 2013 04 20 05 53 27.552     2013 04 20 05 56 10.689     163.1
 2013 04 20 17 41 36.494     2013 04 20 17 44 14.494     158.0
560
 2013 04 20 00 54 26.203     2013 04 20 00 57 53.819     207.6
 2013 04 20 17 56 28.015     2013 04 20 17 59  4.842     156.8
561
 2013 04 20 07 36 33.717     2013 04 20 07 37 41.094      67.4
562
 2013 04 20 04 09  2.677     2013 04 20 04 11 47.127     164.4
563
 2013 04 20 08 20 19.393     2013 04 20 08 22 55.776     156.4
 2013 04 20 18 26 39.200     2013 04 20 18 26 50.213      11.0
564
 2013 04 20 12 17  8.926     2013 04 20 12 19 45.506     156.6
 2013 04 20 22 18 19.590     2013 04 20 22 21 54.396     214.8
565
 2013 04 20 13 02 17.174     2013 04 20 13 05  4.210     167.0
566
 2013 04 20 05 11 56.249     2013 04 20 05 14 29.366     153.1
 2013 04 20 15 13 10.342     2013 04 20 15 13 48.276      37.9
567
 2013 04 20 11 30 16.823     2013 04 20 11 31 16.152      59.3
568
 2013 04 20 16 21 26.342     2013 04 20 16 24  3.615     157.3
569
 2013 04 20 13 09 16.045     2013 04 20 13 12 59.489     223.4
 2013 04 20 21 24 41.265     2013 04 20 21 28  8.138     206.9
570
 2013 04 20 16 22 14.613     2013 04 20 16 25 42.363     207.8
 2013 04 20 22 57 57.836     2013 04 20 23 00 52.177     174.3
571
572
573
 2013 04 20 12 54 13.517     2013 04 20 12 56 50.928     157.4
574
 2013 04 20 14 47 46.977     2013 04 20 14 50 46.813     179.8
 2013 04 20 21 23  1.442     2013 04 20 21 26  8.214     186.8
575
 2013 04 20 03 30 55.073     2013 04 20 03 33 55.012     179.9
 2013 04 20 15 21 21.264     2013 04 20 15 24  1.502     160.2
576
577
 2013 04 20 00 34  1.752     2013 04 20 00 36 40.395     158.6
 2013 04 20 08 49 57.307     2013 04 20 08 53 14.971     197.7
578
 2013 04 20 19 20  2.349     2013 04 20 19 23 31.232     208.9
579
 2013 04 20 21 28  4.293     2013 04 20 21 30 41.316     157.0
580
 2013 04 20 00 07 54.426     2013 04 20 00 11 37.363     222.9
 2013 04 20 17 11 20.496     2013 04 20 17 14 27.090     186.6
 2013 04 20 23 44 52.393     2013 04 20 23 48 22.591     210.2
581
 2013 04 20 10 49 15.249     2013 04 20 10 49 54.146      38.9
 2013 04 20 19 05 15.303     2013 04 20 19 08 53.193     217.9
582
 2013 04 20 01 50 24.978     2013 04 20 01 53 18.364     173.4
 2013 04 20 15 27 46.681     2013 04 20 15 30 21.254     154.6
583
 2013 04 20 22 14 47.966     2013 04 20 22 18 10.007     202.0
584
 2013 04 20 08 04  9.654     2013 04 20 08 06 50.188     160.5
 2013 04 20 23 24 32.396     2013 04 20 23 27 39.258     186.9
585
 2013 04 20 02 07 52.185     2013 04 20 02 11 25.006     212.8
 2013 04 20 10 23 25.337     2013 04 20 10 27 10.948     225.6
586
587
 2013 04 20 04 18 15.823     2013 04 20 04 21 26.770     190.9
 2013 04 20 16 06 38.025     2013 04 20 16 09 57.234     199.2
588
 2013 04 20 06 48  3.298     2013 04 20 06 50 38.132     154.8
 2013 04 20 16 47 31.277     2013 04 20 16 50  6.415     155.1
589
590
 2013 04 20 20 00 57.734     2013 04 20 20 04 15.422     197.7
591
 2013 04 20 08 11 34.857     2013 04 20 08 14  8.711     153.9
592
 2013 04 20 02 32  8.183     2013 04 20 02 35  9.112     180.9
 2013 04 20 17 53  9.719     2013 04 20 17 55 59.388     169.7
593
 2013 04 20 13 14 52.937     2013 04 20 13 15 16.947      24.0
 2013 04 20 21 24  9.575     2013 04 20 21 27 32.580     203.0
594
 2013 04 20 22 14 50.062     2013 04 20 22 18 23.175     213.1
595
596
 2013 04 20 09 06 28.485     2013 04 20 09 07 56.101      87.6
 2013 04 20 19 15  7.784     2013 04 20 19 15 11.894       4.1
597
 2013 04 20 04 53 57.909     2013 04 20 04 57 16.569     198.7
 2013 04 20 20 16 38.155     2013 04 20 20 19 13.240     155.1
598
 2013 04 20 06 54  6.041     2013 04 20 06 54 23.427      17.4
599
 2013 04 20 08 24 50.533     2013 04 20 08 28 34.312     223.8
600
 2013 04 20 15 18 23.509     2013 04 20 15 21 29.800     186.3
601
 2013 04 20 08 08 28.075     2013 04 20 08 11   .628     152.6
 2013 04 20 21 44 49.335     2013 04 20 21 47 25.575     156.2
602
 2013 04 20 04 52 26.296     2013 04 20 04 55 23.163     176.9
603
 2013 04 20 10 27 17.273     2013 04 20 10 27 28.471      11.2
604
 2013 04 20 23 15 58.801     2013 04 20 23 16  3.296       4.5
605
 2013 04 20 11 33 29.780     2013 04 20 11 33 45.146      15.4
606
 2013 04 20 13 59 17.653     2013 04 20 14 02  4.680     167.0
 2013 04 20 22 12 54.898     2013 04 20 22 12 59.678       4.8
607
 2013 04 20 02 13 54.173     2013 04 20 02 16 43.132     169.0
 2013 04 20 08 47 12.437     2013 04 20 08 50 35.733     203.3
608
609
 2013 04 20 01 16  6.214     2013 04 20 01 18 43.005     156.8
 2013 04 20 11 17 42.044     2013 04 20 11 20 44.392     182.3
610
611
 2013 04 20 06 50 58.549     2013 04 20 06 53 59.623     181.1
612
 2013 04 20 11 27 39.623     2013 04 20 11 30 22.428     162.8
613
614
615
 2013 04 20 08 24 29.341     2013 04 20 08 28  6.652     217.3
616
 2013 04 20 02 13 13.665     2013 04 20 02 16 39.033     205.4
 2013 04 20 03 50 58.179     2013 04 20 03 54 34.090     215.9
 2013 04 20 07 07 31.884     2013 04 20 07 11 19.752     227.9
 2013 04 20 08 45 43.998     2013 04 20 08 48 53.674     189.7
617
 2013 04 20 11 20 56.585     2013 04 20 11 23 30.422     153.8
618
 2013 04 20 17 43 37.606     2013 04 20 17 43 41.273       3.7
619
 2013 04 20 17 50 22.732     2013 04 20 17 53  6.389     163.7
620
 2013 04 20 14 30 46.355     2013 04 20 14 33 16.364     150.0
621
 2013 04 20 04 48 25.182     2013 04 20 04 51 38.568     193.4
 2013 04 20 23 29 55.439     2013 04 20 23 33  1.190     185.8
622
623
 2013 04 20 22 21 52.120     2013 04 20 22 24 48.996     176.9
624
 2013 04 20 03 18 56.111     2013 04 20 03 22  1.475     185.4
 2013 04 20 18 41 55.326     2013 04 20 18 44 55.290     180.0
625
626
 2013 04 20 05 17 38.047     2013 04 20 05 20 40.192     182.1
 2013 04 20 13 33  2.776     2013 04 20 13 35 57.644     174.9
627
 2013 04 20 22 11 41.070     2013 04 20 22 14 52.422     191.4
628
 2013 04 20 00 32 47.403     2013 04 20 00 35 21.994     154.6
629
 2013 04 20 05 52 32.098     2013 04 20 05 55  8.852     156.8
 2013 04 20 17 42 30.122     2013 04 20 17 45 35.458     185.3
630
 2013 04 20 02 43 28.540     2013 04 20 02 46  2.122     153.6
 2013 04 20 14 33  7.255     2013 04 20 14 36 37.691     210.4
631
 2013 04 20 05 38 32.328     2013 04 20 05 41 24.100     171.8
 2013 04 20 22 41 24.301     2013 04 20 22 44 10.154     165.9
632
 2013 04 20 06 26 35.180     2013 04 20 06 29 48.636     193.5
 2013 04 20 23 28 29.136     2013 04 20 23 29 10.968      41.8
633
 2013 04 20 07 16 46.881     2013 04 20 07 20 32.645     225.8
 2013 04 20 22 37 39.280     2013 04 20 22 38 28.870      49.6
634
 2013 04 20 01 44  8.286     2013 04 20 01 47 48.015     219.7
 2013 04 20 17 07 52.991     2013 04 20 17 10 50.907     177.9
635
 2013 04 20 10 02 34.603     2013 04 20 10 05 12.571     158.0
 2013 04 20 18 17  7.431     2013 04 20 18 20 20.274     192.8
636
637
 2013 04 20 17 59 52.419     2013 04 20 18 02 48.111     175.7
 2013 04 20 22 54 56.287     2013 04 20 22 57 42.162     165.9
638
 2013 04 20 07 43 45.795     2013 04 20 07 46 34.097     168.3
 2013 04 20 14 17  7.791     2013 04 20 14 19 47.493     159.7
639
 2013 04 20 09 39 44.900     2013 04 20 09 39 55.975      11.1
640
 2013 04 20 18 32  5.156     2013 04 20 18 35  7.579     182.4
641
 2013 04 20 09 13 21.100     2013 04 20 09 16 44.403     203.3
 2013 04 20 17 28 52.115     2013 04 20 17 32  9.033     196.9
642
 2013 04 20 06 36  2.069     2013 04 20 06 38 41.506     159.4
 2013 04 20 20 08 28.831     2013 04 20 20 08 41.377      12.5
643
 2013 04 20 07 19 51.267     2013 04 20 07 23  3.095     191.8
 2013 04 20 20 58 50.731     2013 04 20 21 01 46.057     175.3
644
 2013 04 20 14 47 55.570     2013 04 20 14 48 34.404      38.8
 2013 04 20 16 25 50.376     2013 04 20 16 29 28.083     217.7
 2013 04 20 21 21 22.048     2013 04 20 21 23 57.863     155.8
645
 2013 04 20 09 15 33.855     2013 04 20 09 18 13.999     160.1
 2013 04 20 17 29 45.044     2013 04 20 17 33 13.311     208.3
646
 2013 04 20 00 12 14.251     2013 04 20 00 14 47.239     153.0
 2013 04 20 15 31 28.518     2013 04 20 15 34 54.405     205.9
647
 2013 04 20 10 05 32.506     2013 04 20 10 08 24.279     171.8
 2013 04 20 16 38 39.518     2013 04 20 16 41 26.932     167.4
648
 2013 04 20 16 41  6.760     2013 04 20 16 43 45.427     158.7
649
650
 2013 04 20 06 28 14.160     2013 04 20 06 28 30.584      16.4
 2013 04 20 23 26 42.067     2013 04 20 23 29 17.755     155.7
651
 2013 04 20 17 45 26.254     2013 04 20 17 48 44.985     198.7
652
 2013 04 20 04 34  4.106     2013 04 20 04 37 31.482     207.4
 2013 04 20 11 09 38.514     2013 04 20 11 12 17.504     159.0
653
 2013 04 20 15 34 58.908     2013 04 20 15 38 29.568     210.7
 2013 04 20 22 08 45.760     2013 04 20 22 11 27.166     161.4
654
 2013 04 20 20 12 21.128     2013 04 20 20 12 54.442      33.3
655
656
 2013 04 20 05 04 41.896     2013 04 20 05 05 46.436      64.5
657
 2013 04 20 00 22 48.108     2013 04 20 00 25 58.826     190.7
 2013 04 20 12 10 22.771     2013 04 20 12 13  6.905     164.1
658
 2013 04 20 16 25 39.611     2013 04 20 16 29  6.097     206.5
 2013 04 20 21 21  7.636     2013 04 20 21 23 44.565     156.9
659
 2013 04 20 12 26  8.511     2013 04 20 12 28 48.234     159.7
 2013 04 20 19 00 52.265     2013 04 20 19 04  4.246     192.0
660
661
 2013 04 20 08 15 57.249     2013 04 20 08 19 29.591     212.3
 2013 04 20 20 03 31.811     2013 04 20 20 04 25.557      53.7
662
663
 2013 04 20 14 35 48.596     2013 04 20 14 38 27.355     158.8
664
 2013 04 20 03 39 23.592     2013 04 20 03 42 15.033     171.4
 2013 04 20 13 38  1.788     2013 04 20 13 40 43.135     161.3
665
 2013 04 20 18 32  3.996     2013 04 20 18 34 52.369     168.4
666
667
 2013 04 20 05 10 31.616     2013 04 20 05 13 15.952     164.3
668
 2013 04 20 00 37 57.150     2013 04 20 00 40 41.426     164.3
 2013 04 20 07 12 44.242     2013 04 20 07 15 33.980     169.7
669
 2013 04 20 00 13  2.753     2013 04 20 00 16  5.257     182.5
670
 2013 04 20 20 41   .432     2013 04 20 20 44  3.736     183.3
671
 2013 04 20 05 15 25.641     2013 04 20 05 15 53.416      27.8
672
 2013 04 20 00 39 44.410     2013 04 20 00 42 18.944     154.5
 2013 04 20 05 34 12.482     2013 04 20 05 37 55.734     223.3
 2013 04 20 07 12   .146     2013 04 20 07 15 46.919     226.8
673
 2013 04 20 00 11 20.778     2013 04 20 00 14 17.395     176.6
 2013 04 20 15 32 43.342     2013 04 20 15 35 32.223     168.9
674
 2013 04 20 04 30 23.432     2013 04 20 04 33 53.025     209.6
 2013 04 20 12 45 34.438     2013 04 20 12 48 20.042     165.6
675
676
 2013 04 20 07 43 16.106     2013 04 20 07 46 38.494     202.4
 2013 04 20 14 18 35.346     2013 04 20 14 21  9.345     154.0
677
 2013 04 20 10 52  7.808     2013 04 20 10 54 47.552     159.7
 2013 04 20 17 26 42.011     2013 04 20 17 29 25.352     163.3
678
 2013 04 20 13 54 34.039     2013 04 20 13 57  8.490     154.5
679
 2013 04 20 14 42 13.888     2013 04 20 14 44 47.464     153.6
680
 2013 04 20 10 02 50.271     2013 04 20 10 05 23.424     153.2
 2013 04 20 18 16 42.937     2013 04 20 18 20  9.974     207.0
681
 2013 04 20 12 15 37.214     2013 04 20 12 19  8.833     211.6
682
 2013 04 20 00 11  9.588     2013 04 20 00 14 23.176     193.6
 2013 04 20 15 32 57.615     2013 04 20 15 35 46.478     168.9
683
 2013 04 20 00 05  1.247     2013 04 20 00 08 12.813     191.6
 2013 04 20 18 46 33.273     2013 04 20 18 49 37.458     184.2
 2013 04 20 23 41 47.520     2013 04 20 23 45  6.828     199.3
684
 2013 04 20 01 26  6.919     2013 04 20 01 28 43.995     157.1
 2013 04 20 07 59 35.032     2013 04 20 08 02 17.493     162.5
685
 2013 04 20 09 59  6.988     2013 04 20 10 02 41.432     214.4
686
 2013 04 20 07 20  4.471     2013 04 20 07 23  6.668     182.2
 2013 04 20 20 58 42.074     2013 04 20 21 01 33.016     170.9
687
 2013 04 20 05 54 35.814     2013 04 20 05 58  1.204     205.4
688
 2013 04 20 22 35 18.796     2013 04 20 22 37 50.799     152.0
689
 2013 04 20 08 29 19.897     2013 04 20 08 32  4.177     164.3
 2013 04 20 15 08 16.197     2013 04 20 15 08 27.421      11.2
690
 2013 04 20 08 11 22.664     2013 04 20 08 14 20.187     177.5
691
 2013 04 20 01 20 45.033     2013 04 20 01 24  5.683     200.6
 2013 04 20 09 38 37.082     2013 04 20 09 41 47.733     190.7
692
 2013 04 20 15 14  4.140     2013 04 20 15 15 18.778      74.6
693
 2013 04 20 01 39 50.463     2013 04 20 01 42 56.008     185.5
 2013 04 20 20 21  3.466     2013 04 20 20 24 26.946     203.5
694
 2013 04 20 09 18 40.549     2013 04 20 09 21 17.510     157.0
 2013 04 20 15 52  9.726     2013 04 20 15 55  1.859     172.1
695
 2013 04 20 16 20 49.589     2013 04 20 16 21 40.030      50.4
696
 2013 04 20 07 34 19.164     2013 04 20 07 34 41.773      22.6
 2013 04 20 17 36 21.559     2013 04 20 17 39 15.546     174.0
697
698
 2013 04 20 06 48 26.647     2013 04 20 06 50 58.577     151.9
 2013 04 20 16 47 23.469     2013 04 20 16 50 12.215     168.7
699
 2013 04 20 16 58  5.541     2013 04 20 17 00 55.761     170.2
700
 2013 04 20 11 23 54.549     2013 04 20 11 24 42.253      47.7
701
 2013 04 20 07 31 54.928     2013 04 20 07 35 32.073     217.1
702
 2013 04 20 05 01 44.313     2013 04 20 05 04 25.720     161.4
703
704
 2013 04 20 04 34 19.980     2013 04 20 04 36 55.885     155.9
 2013 04 20 11 08 39.378     2013 04 20 11 11 20.277     160.9
705
 2013 04 20 04 17  3.600     2013 04 20 04 20 24.710     201.1
706
 2013 04 20 05 04  4.117     2013 04 20 05 07 16.118     192.0
 2013 04 20 16 56  1.124     2013 04 20 16 56 37.188      36.1
707
 2013 04 20 02 42 20.027     2013 04 20 02 45 21.113     181.1
708
 2013 04 20 02 58 52.369     2013 04 20 03 01 27.839     155.5
 2013 04 20 09 33 23.436     2013 04 20 09 33 32.163       8.7
709
 2013 04 20 04 57 55.153     2013 04 20 05 00 34.901     159.7
710
711
 2013 04 20 11 27 38.170     2013 04 20 11 28 22.531      44.4
712
 2013 04 20 05 02 24.560     2013 04 20 05 05  3.643     159.1
713
 2013 04 20 03 44 18.854     2013 04 20 03 46 51.572     152.7
 2013 04 20 11 59 15.303     2013 04 20 12 01 58.356     163.1
714
 2013 04 20 04 09 40.839     2013 04 20 04 12 15.304     154.5
715
 2013 04 20 22 16 30.089     2013 04 20 22 16 41.488      11.4
716
 2013 04 20 09 19 27.525     2013 04 20 09 22  3.699     156.2
 2013 04 20 14 14  2.211     2013 04 20 14 17 38.242     216.0
 2013 04 20 15 51 39.168     2013 04 20 15 52 23.978      44.8
717
 2013 04 20 01 26  2.660     2013 04 20 01 28 51.930     169.3
 2013 04 20 08 00 15.409     2013 04 20 08 02 55.556     160.1
718
719
 2013 04 20 13 01 40.190     2013 04 20 13 04 44.805     184.6
720
 2013 04 20 05 39 50.223     2013 04 20 05 42 27.267     157.0
721
 2013 04 20 00 25 33.349     2013 04 20 00 28 28.653     175.3
722
 2013 04 20 04 24 25.129     2013 04 20 04 28   .987     215.9
 2013 04 20 14 27 42.353     2013 04 20 14 30 27.381     165.0
723
 2013 04 20 06 36 19.936     2013 04 20 06 38 54.950     155.0
724
 2013 04 20 04 28 15.796     2013 04 20 04 31 51.127     215.3
725
 2013 04 20 01 59 29.033     2013 04 20 02 02  9.424     160.4
726
727
 2013 04 20 08 30 14.896     2013 04 20 08 33  2.992     168.1
 2013 04 20 15 05  8.370     2013 04 20 15 07 58.710     170.3
728
 2013 04 20 17 51 37.477     2013 04 20 17 54 30.801     173.3
729
 2013 04 20 06 56 39.555     2013 04 20 07 00   .717     201.2
 2013 04 20 13 31 15.651     2013 04 20 13 34  7.939     172.3
730
 2013 04 20 06 10 34.893     2013 04 20 06 13 21.442     166.5
 2013 04 20 11 05 27.458     2013 04 20 11 09  7.194     219.7
 2013 04 20 12 43  1.549     2013 04 20 12 43 10.873       9.3
731
 2013 04 20 15 36 10.783     2013 04 20 15 39 12.132     181.3
 2013 04 20 22 09 10.733     2013 04 20 22 12   .578     169.8
732
 2013 04 20 07 36 49.426     2013 04 20 07 37 40.203      50.8
 2013 04 20 17 33 37.974     2013 04 20 17 37  5.261     207.3
733
 2013 04 20 13 48 14.372     2013 04 20 13 51 45.896     211.5
734
 2013 04 20 06 52 59.964     2013 04 20 06 55 38.986     159.0
 2013 04 20 15 08 37.674     2013 04 20 15 11 16.330     158.7
735
 2013 04 20 04 28  6.731     2013 04 20 04 31  5.581     178.9
736
 2013 04 20 01 45 48.264     2013 04 20 01 48 44.360     176.1
 2013 04 20 17 07 11.402     2013 04 20 17 09 59.482     168.1
737
 2013 04 20 08 18 56.421     2013 04 20 08 22  3.747     187.3
738
 2013 04 20 12 07 37.109     2013 04 20 12 10 17.083     160.0
739
 2013 04 20 05 45 26.352     2013 04 20 05 48 25.525     179.2
 2013 04 20 19 25 36.104     2013 04 20 19 26 18.959      42.9
740
 2013 04 20 21 34 15.498     2013 04 20 21 36 52.634     157.1
741
 2013 04 20 13 00 32.194     2013 04 20 13 03  2.100     149.9
742
 2013 04 20 04 53 27.987     2013 04 20 04 56 18.928     170.9
 2013 04 20 20 14 48.541     2013 04 20 20 18 12.622     204.1
743
 2013 04 20 11 37  2.270     2013 04 20 11 39 38.653     156.4
 2013 04 20 19 51 33.328     2013 04 20 19 54 44.144     190.8
744
745
 2013 04 20 00 25 39.159     2013 04 20 00 28 51.609     192.5
746
 2013 04 20 06 30 47.774     2013 04 20 06 34  1.095     193.3
747
 2013 04 20 09 49 38.829     2013 04 20 09 50 32.811      54.0
748
 2013 04 20 19 53 55.369     2013 04 20 19 56 43.298     167.9
749
 2013 04 20 04 50  2.348     2013 04 20 04 53 48.556     226.2
 2013 04 20 21 52 23.669     2013 04 20 21 55   .736     157.1
750
 2013 04 20 12 25  2.148     2013 04 20 12 28  6.182     184.0
751
 2013 04 20 05 11 38.254     2013 04 20 05 14 12.381     154.1
 2013 04 20 15 16 20.789     2013 04 20 15 17 35.971      75.2
752
 2013 04 20 01 14 59.653     2013 04 20 01 18 46.021     226.4
753
 2013 04 20 09 53  4.701     2013 04 20 09 53 43.813      39.1
 2013 04 20 21 36 30.629     2013 04 20 21 39  6.171     155.5
754
 2013 04 20 06 04  2.522     2013 04 20 06 06 42.649     160.1
 2013 04 20 14 24 38.977     2013 04 20 14 25  3.058      24.1
755
 2013 04 20 08 04 30.317     2013 04 20 08 07 55.640     205.3
 2013 04 20 23 22 39.980     2013 04 20 23 26 21.984     222.0
756
 2013 04 20 00 53 47.835     2013 04 20 00 56 58.625     190.8
 2013 04 20 17 58   .678     2013 04 20 18 01  3.419     182.7
 2013 04 20 19 35 24.935     2013 04 20 19 35 38.106      13.2
 2013 04 20 22 56 10.293     2013 04 20 22 56 22.219      11.9
757
 2013 04 20 03 48 25.808     2013 04 20 03 51  3.677     157.9
 2013 04 20 08 42 46.808     2013 04 20 08 43 55.637      68.8
 2013 04 20 10 20 50.849     2013 04 20 10 24 20.101     209.3
758
 2013 04 20 03 02 38.305     2013 04 20 03 05 31.386     173.1
 2013 04 20 07 57 36.603     2013 04 20 08 00 15.682     159.1
759
 2013 04 20 03 00 10.840     2013 04 20 03 03 16.708     185.9
 2013 04 20 09 33 26.735     2013 04 20 09 36  6.346     159.6
760
 2013 04 20 07 31  2.898     2013 04 20 07 33 46.876     164.0
761
 2013 04 20 01 43  3.377     2013 04 20 01 43 26.049      22.7
762
 2013 04 20 05 23 49.687     2013 04 20 05 26 29.570     159.9
 2013 04 20 10 18 36.222     2013 04 20 10 21 37.383     181.2
763
 2013 04 20 00 20  5.266     2013 04 20 00 21 26.033      80.8
 2013 04 20 12 15 35.155     2013 04 20 12 16 55.984      80.8
764
 2013 04 20 10 45 12.553     2013 04 20 10 48  6.849     174.3
 2013 04 20 20 43 19.131     2013 04 20 20 43 20.671       1.5
765
 2013 04 20 15 22  7.300     2013 04 20 15 24 57.930     170.6
766
 2013 04 20 16 05 24.691     2013 04 20 16 07 54.701     150.0
767
 2013 04 20 04 03 35.557     2013 04 20 04 06 38.187     182.6
 2013 04 20 21 05 42.672     2013 04 20 21 08 19.067     156.4
768
769
 2013 04 20 08 57 29.576     2013 04 20 09 00 11.856     162.3
770
 2013 04 20 06 48 44.610     2013 04 20 06 51 16.602     152.0
 2013 04 20 16 47  7.868     2013 04 20 16 50 13.519     185.7
771
 2013 04 20 12 20  6.359     2013 04 20 12 22 45.191     158.8
772
 2013 04 20 13 37 10.975     2013 04 20 13 40 38.269     207.3
773
 2013 04 20 14 02 20.093     2013 04 20 14 05 33.588     193.5
 2013 04 20 20 36  3.030     2013 04 20 20 39 30.483     207.5
774
 2013 04 20 19 12   .941     2013 04 20 19 14 32.722     151.8
775
 2013 04 20 12 15 32.065     2013 04 20 12 18 23.087     171.0
776
777
 2013 04 20 05 22 10.339     2013 04 20 05 22 51.492      41.2
 2013 04 20 13 31 55.035     2013 04 20 13 35 14.279     199.2
778
779
 2013 04 20 20 13  9.698     2013 04 20 20 13 37.679      28.0
780
 2013 04 20 20 48  5.218     2013 04 20 20 51 40.802     215.6
781
 2013 04 20 18 24 31.042     2013 04 20 18 24 38.882       7.8
782
 2013 04 20 16 25 25.614     2013 04 20 16 28 47.370     201.8
 2013 04 20 21 20 54.213     2013 04 20 21 23 37.498     163.3
783
 2013 04 20 08 03 14.698     2013 04 20 08 03 44.369      29.7
 2013 04 20 23 23 11.696     2013 04 20 23 25 47.212     155.5
784
 2013 04 20 02 40 30.843     2013 04 20 02 40 50.805      20.0
785
 2013 04 20 09 05 28.163     2013 04 20 09 08 34.576     186.4
786
 2013 04 20 02 07 23.417     2013 04 20 02 11  7.230     223.8
 2013 04 20 10 25 55.793     2013 04 20 10 29 35.726     219.9
787
 2013 04 20 17 07 25.186     2013 04 20 17 07 42.808      17.6
788
 2013 04 20 01 14  2.657     2013 04 20 01 17 11.199     188.5
789
 2013 04 20 00 56 46.288     2013 04 20 00 59 38.065     171.8
 2013 04 20 16 19 40.412     2013 04 20 16 20 50.446      70.0
790
 2013 04 20 02 45  9.396     2013 04 20 02 47 42.854     153.5
 2013 04 20 14 32 53.857     2013 04 20 14 35 28.927     155.1
791
 2013 04 20 22 28  3.956     2013 04 20 22 31 24.863     200.9
792
 2013 04 20 07 26 32.032     2013 04 20 07 29 13.109     161.1
 2013 04 20 19 20  8.251     2013 04 20 19 20 11.395       3.1
793
 2013 04 20 02 36 25.658     2013 04 20 02 40  6.326     220.7
 2013 04 20 16 15 53.327     2013 04 20 16 16 46.430      53.1
794
 2013 04 20 01 00 29.007     2013 04 20 01 03 12.108     163.1
795
 2013 04 20 11 34 15.826     2013 04 20 11 34 18.723       2.9
 2013 04 20 19 54  1.814     2013 04 20 19 54  4.070       2.3
796
 2013 04 20 02 43 39.457     2013 04 20 02 47  9.196     209.7
 2013 04 20 14 34 23.928     2013 04 20 14 36 53.841     149.9
797
 2013 04 20 02 12  6.566     2013 04 20 02 14 52.172     165.6
 2013 04 20 08 47  1.943     2013 04 20 08 50 11.398     189.5
798
 2013 04 20 04 01 38.905     2013 04 20 04 05  9.523     210.6
 2013 04 20 21 08 14.395     2013 04 20 21 08 30.140      15.7
 2013 04 20 22 42 16.204     2013 04 20 22 42 29.076      12.9
799
 2013 04 20 05 01 49.211     2013 04 20 05 02 26.201      37.0
 2013 04 20 18 34 28.722     2013 04 20 18 37 51.818     203.1
