s2
0
1
 2013 04 20 06 42 13.548     2013 04 20 06 42 32.262      18.7
2
3
4
 2013 04 20 06 37 27.739     2013 04 20 06 38 41.252      73.5
 2013 04 20 18 20  2.963     2013 04 20 18 23 16.058     193.1
5
 2013 04 20 15 56 41.639     2013 04 20 16 00 26.932     225.3
6
 2013 04 20 13 37 56.633     2013 04 20 13 38  8.774      12.1
7
 2013 04 20 13 50 39.623     2013 04 20 13 54  6.506     206.9
 2013 04 20 22 06  1.377     2013 04 20 22 08 38.412     157.0
8
 2013 04 20 03 16 37.293     2013 04 20 03 19 45.875     188.6
 2013 04 20 16 55 52.598     2013 04 20 16 58 29.112     156.5
9
10
 2013 04 20 18 26 23.034     2013 04 20 18 26 49.874      26.8
11
 2013 04 20 04 01 27.322     2013 04 20 04 04 15.642     168.3
12
 2013 04 20 05 34 33.406     2013 04 20 05 37 20.496     167.1
 2013 04 20 20 56 43.442     2013 04 20 20 59 32.968     169.5
13
 2013 04 20 07 28 43.602     2013 04 20 07 28 56.858      13.3
14
 2013 04 20 06 17 29.420     2013 04 20 06 20  6.972     157.6
 2013 04 20 23 21 43.236     2013 04 20 23 24 29.407     166.2
15
16
 2013 04 20 19 48  1.378     2013 04 20 19 51 42.317     220.9
17
 2013 04 20 12 17  3.896     2013 04 20 12 20 40.702     216.8
 2013 04 20 20 30 47.992     2013 04 20 20 34  7.751     199.8
18
 2013 04 20 04 24 17.654     2013 04 20 04 26 54.989     157.3
 2013 04 20 12 39 25.874     2013 04 20 12 42 31.957     186.1
19
 2013 04 20 04 20 48.997     2013 04 20 04 23 43.024     174.0
20
 2013 04 20 13 46 48.048     2013 04 20 13 48 53.633     125.6
21
 2013 04 20 08 13 22.244     2013 04 20 08 16 51.208     209.0
 2013 04 20 18 17 29.957     2013 04 20 18 18 25.935      56.0
22
 2013 04 20 05 38 29.990     2013 04 20 05 42 13.163     223.2
 2013 04 20 19 15 25.632     2013 04 20 19 18 29.173     183.5
23
 2013 04 20 10 39 48.764     2013 04 20 10 41 29.872     101.1
 2013 04 20 18 59  2.848     2013 04 20 19 02 34.434     211.6
24
 2013 04 20 03 13 17.421     2013 04 20 03 13 28.048      10.6
 2013 04 20 20 10 36.884     2013 04 20 20 11  1.855      25.0
25
 2013 04 20 05 55 29.089     2013 04 20 05 58 53.376     204.3
26
 2013 04 20 12 42 55.708     2013 04 20 12 46 34.004     218.3
27
 2013 04 20 16 49 32.810     2013 04 20 16 52 54.091     201.3
28
 2013 04 20 04 11 24.080     2013 04 20 04 14  3.582     159.5
 2013 04 20 16 00 28.385     2013 04 20 16 03  8.118     159.7
29
 2013 04 20 06 19 36.145     2013 04 20 06 23 26.421     230.3
 2013 04 20 21 44 48.936     2013 04 20 21 48 12.960     204.0
30
 2013 04 20 03 09 13.015     2013 04 20 03 11 55.538     162.5
 2013 04 20 20 12 19.777     2013 04 20 20 15 11.412     171.6
31
 2013 04 20 11 24 40.787     2013 04 20 11 28  5.699     204.9
 2013 04 20 21 23 23.106     2013 04 20 21 26 10.545     167.4
32
 2013 04 20 06 41 17.562     2013 04 20 06 43 52.111     154.5
 2013 04 20 16 40 28.491     2013 04 20 16 43 35.190     186.7
33
 2013 04 20 05 34 31.477     2013 04 20 05 37 13.121     161.6
 2013 04 20 20 55 58.599     2013 04 20 20 58 38.163     159.6
34
 2013 04 20 01 57  2.703     2013 04 20 02 00 19.641     196.9
 2013 04 20 11 56 14.474     2013 04 20 11 58 53.162     158.7
35
 2013 04 20 01 39 26.472     2013 04 20 01 42  8.294     161.8
36
 2013 04 20 15 09 41.680     2013 04 20 15 13 15.542     213.9
37
 2013 04 20 16 09 29.488     2013 04 20 16 12  9.193     159.7
38
 2013 04 20 00 23 54.822     2013 04 20 00 24 48.192      53.4
39
 2013 04 20 04 41 35.502     2013 04 20 04 44 15.566     160.1
 2013 04 20 23 24 48.047     2013 04 20 23 27 53.005     185.0
40
 2013 04 20 18 40 10.361     2013 04 20 18 42 51.631     161.3
 2013 04 20 23 35 15.362     2013 04 20 23 38 16.425     181.1
41
 2013 04 20 16 09 23.214     2013 04 20 16 11 57.799     154.6
42
 2013 04 20 06 29 42.087     2013 04 20 06 32 16.146     154.1
43
44
 2013 04 20 00 30 40.368     2013 04 20 00 33 18.322     158.0
 2013 04 20 07 05 18.282     2013 04 20 07 07 53.914     155.6
45
 2013 04 20 12 01 46.828     2013 04 20 12 05  4.221     197.4
46
 2013 04 20 21 28 12.037     2013 04 20 21 31  4.512     172.5
47
 2013 04 20 15 23   .248     2013 04 20 15 26 20.867     200.6
48
 2013 04 20 20 57 59.792     2013 04 20 20 59 48.857     109.1
49
 2013 04 20 18 32 24.012     2013 04 20 18 35 13.882     169.9
50
51
 2013 04 20 03 36  5.781     2013 04 20 03 37  1.461      55.7
 2013 04 20 11 53 26.146     2013 04 20 11 56 28.850     182.7
52
 2013 04 20 14 26 50.908     2013 04 20 14 27 59.057      68.1
53
 2013 04 20 11 23 37.878     2013 04 20 11 26 15.952     158.1
 2013 04 20 21 25 18.665     2013 04 20 21 27 54.376     155.7
54
 2013 04 20 06 49 26.261     2013 04 20 06 52  2.992     156.7
 2013 04 20 13 23 28.196     2013 04 20 13 26 15.602     167.4
55
 2013 04 20 02 23 12.425     2013 04 20 02 25 51.008     158.6
56
 2013 04 20 04 25 17.457     2013 04 20 04 28  4.773     167.3
57
 2013 04 20 03 14 58.557     2013 04 20 03 17 53.268     174.7
58
 2013 04 20 00 50 51.684     2013 04 20 00 52 21.851      90.2
 2013 04 20 16 13 18.100     2013 04 20 16 17   .193     222.1
59
 2013 04 20 04 27  5.448     2013 04 20 04 30 44.746     219.3
 2013 04 20 06 05  3.385     2013 04 20 06 08 36.576     213.2
 2013 04 20 09 21 44.551     2013 04 20 09 22 34.284      49.7
 2013 04 20 11 00 15.769     2013 04 20 11 03 16.785     181.0
60
 2013 04 20 09 43  9.462     2013 04 20 09 46 27.625     198.2
 2013 04 20 21 31 39.726     2013 04 20 21 35 16.711     217.0
61
 2013 04 20 13 53 30.988     2013 04 20 13 56 36.167     185.2
 2013 04 20 20 27 56.322     2013 04 20 20 30 55.974     179.7
62
 2013 04 20 08 19 31.637     2013 04 20 08 20 17.575      45.9
 2013 04 20 16 34 45.944     2013 04 20 16 37 21.174     155.2
63
 2013 04 20 02 33  8.533     2013 04 20 02 35 44.623     156.1
64
65
 2013 04 20 07 55 26.527     2013 04 20 07 58  5.690     159.2
 2013 04 20 23 18 28.309     2013 04 20 23 21 19.562     171.3
66
 2013 04 20 09 10 18.397     2013 04 20 09 11 52.842      94.4
 2013 04 20 15 46 34.325     2013 04 20 15 49 11.478     157.2
67
 2013 04 20 01 06 59.652     2013 04 20 01 07 18.407      18.8
 2013 04 20 12 49 25.011     2013 04 20 12 52  9.755     164.7
68
 2013 04 20 08 24 35.932     2013 04 20 08 27 13.859     157.9
 2013 04 20 13 19 19.928     2013 04 20 13 20 38.020      78.1
 2013 04 20 14 57 28.530     2013 04 20 15 01  1.372     212.8
69
 2013 04 20 01 43 37.467     2013 04 20 01 46 15.198     157.7
 2013 04 20 15 19 39.474     2013 04 20 15 22 26.666     167.2
70
 2013 04 20 12 17 29.403     2013 04 20 12 20 32.948     183.5
 2013 04 20 20 32 17.164     2013 04 20 20 32 56.989      39.8
71
 2013 04 20 07 14  1.425     2013 04 20 07 15 16.911      75.5
 2013 04 20 20 51 44.186     2013 04 20 20 55 23.187     219.0
72
 2013 04 20 01 06 36.394     2013 04 20 01 07 24.832      48.4
 2013 04 20 11 11 51.609     2013 04 20 11 15 28.089     216.5
73
74
 2013 04 20 06 44 16.577     2013 04 20 06 47 51.176     214.6
 2013 04 20 15 02 41.825     2013 04 20 15 05 25.685     163.9
75
 2013 04 20 13 29 50.573     2013 04 20 13 32 53.475     182.9
76
 2013 04 20 04 03 36.915     2013 04 20 04 07  4.637     207.7
 2013 04 20 17 43 28.031     2013 04 20 17 46  4.832     156.8
77
 2013 04 20 06 46 19.294     2013 04 20 06 48 59.893     160.6
 2013 04 20 15 00 44.941     2013 04 20 15 03 56.529     191.6
78
 2013 04 20 01 07 45.906     2013 04 20 01 10 28.992     163.1
 2013 04 20 11 10 44.405     2013 04 20 11 14 16.706     212.3
79
 2013 04 20 09 04 34.881     2013 04 20 09 07 18.153     163.3
80
 2013 04 20 19 06 52.876     2013 04 20 19 09 42.247     169.4
81
 2013 04 20 02 30 55.033     2013 04 20 02 34 11.355     196.3
 2013 04 20 16 06  9.136     2013 04 20 16 08 56.956     167.8
82
 2013 04 20 07 26 26.320     2013 04 20 07 30  8.352     222.0
 2013 04 20 17 29 54.339     2013 04 20 17 32 28.930     154.6
83
 2013 04 20 18 25 29.373     2013 04 20 18 28  3.785     154.4
84
 2013 04 20 03 20 40.880     2013 04 20 03 23 59.194     198.3
85
 2013 04 20 09 09  4.430     2013 04 20 09 12 37.578     213.1
 2013 04 20 15 43 31.870     2013 04 20 15 47  6.835     215.0
86
87
 2013 04 20 06 38 12.481     2013 04 20 06 41 12.289     179.8
88
 2013 04 20 06 51 23.482     2013 04 20 06 54 14.805     171.3
 2013 04 20 11 46 38.475     2013 04 20 11 49 18.851     160.4
89
 2013 04 20 00 09 23.838     2013 04 20 00 12 56.196     212.4
90
91
 2013 04 20 06 50 17.423     2013 04 20 06 52 58.603     161.2
 2013 04 20 11 45  1.768     2013 04 20 11 48 25.177     203.4
 2013 04 20 13 22 34.217     2013 04 20 13 23  9.601      35.4
92
 2013 04 20 04 07  1.039     2013 04 20 04 10 37.965     216.9
93
 2013 04 20 12 46 35.324     2013 04 20 12 49 30.810     175.5
94
 2013 04 20 08 20 39.480     2013 04 20 08 23 33.264     173.8
 2013 04 20 16 35  9.563     2013 04 20 16 38  8.840     179.3
95
 2013 04 20 12 21 22.831     2013 04 20 12 24 10.276     167.4
 2013 04 20 17 16 34.953     2013 04 20 17 20 16.423     221.5
 2013 04 20 18 54 14.365     2013 04 20 18 54 29.933      15.6
96
 2013 04 20 05 07 16.406     2013 04 20 05 09 54.652     158.2
 2013 04 20 15 05 10.353     2013 04 20 15 08 54.128     223.8
97
 2013 04 20 12 05  2.659     2013 04 20 12 05 37.801      35.1
98
99
 2013 04 20 15 27 46.585     2013 04 20 15 31 28.845     222.3
 2013 04 20 17 05 31.376     2013 04 20 17 05 38.763       7.4
 2013 04 20 22 02  5.954     2013 04 20 22 05  1.988     176.0
100
101
 2013 04 20 01 38 39.356     2013 04 20 01 41 18.869     159.5
 2013 04 20 16 59 17.546     2013 04 20 17 02 26.437     188.9
102
 2013 04 20 08 19  4.151     2013 04 20 08 21 52.600     168.4
 2013 04 20 16 35 25.860     2013 04 20 16 38 38.718     192.9
103
 2013 04 20 09 06   .225     2013 04 20 09 08 37.018     156.8
 2013 04 20 17 23 14.264     2013 04 20 17 26 54.148     219.9
104
 2013 04 20 01 18 13.672     2013 04 20 01 20 57.504     163.8
 2013 04 20 07 52 44.952     2013 04 20 07 55 27.138     162.2
105
 2013 04 20 08 53  4.709     2013 04 20 08 53 10.115       5.4
 2013 04 20 22 23 47.542     2013 04 20 22 26 33.180     165.6
106
 2013 04 20 01 55 53.714     2013 04 20 01 58 37.742     164.0
 2013 04 20 11 57  7.004     2013 04 20 12 00  7.919     180.9
107
 2013 04 20 02 54 13.866     2013 04 20 02 56 58.425     164.6
 2013 04 20 07 49 23.808     2013 04 20 07 52 42.689     198.9
108
 2013 04 20 06 21 54.838     2013 04 20 06 21 59.620       4.8
 2013 04 20 21 44 12.771     2013 04 20 21 44 30.856      18.1
109
 2013 04 20 05 07 27.803     2013 04 20 05 07 55.127      27.3
110
 2013 04 20 00 31 35.328     2013 04 20 00 34 45.061     189.7
 2013 04 20 07 05 37.356     2013 04 20 07 09  8.487     211.1
111
 2013 04 20 04 03 19.543     2013 04 20 04 03 44.629      25.1
 2013 04 20 19 20 11.837     2013 04 20 19 22 57.762     165.9
112
 2013 04 20 11 33 47.606     2013 04 20 11 36 39.327     171.7
 2013 04 20 13 11 14.759     2013 04 20 13 11 40.836      26.1
 2013 04 20 16 28 28.964     2013 04 20 16 31 52.074     203.1
 2013 04 20 18 06  6.159     2013 04 20 18 07 33.877      87.7
113
114
 2013 04 20 08 04 55.065     2013 04 20 08 08 13.033     198.0
115
 2013 04 20 14 24 25.762     2013 04 20 14 27 41.802     196.0
116
 2013 04 20 18 59 48.854     2013 04 20 19 02 25.433     156.6
117
 2013 04 20 02 35 20.722     2013 04 20 02 38 39.902     199.2
 2013 04 20 14 27 35.941     2013 04 20 14 30 29.101     173.2
118
 2013 04 20 12 20  3.777     2013 04 20 12 23 21.999     198.2
 2013 04 20 13 57 44.322     2013 04 20 13 59 13.740      89.4
 2013 04 20 18 53 23.338     2013 04 20 18 56 19.253     175.9
119
120
 2013 04 20 09 39 29.736     2013 04 20 09 42  5.530     155.8
121
 2013 04 20 09 37 35.142     2013 04 20 09 40 18.989     163.8
122
 2013 04 20 00 47 10.210     2013 04 20 00 50  9.594     179.4
 2013 04 20 17 50  8.309     2013 04 20 17 52 58.954     170.6
123
124
 2013 04 20 07 14 54.607     2013 04 20 07 17 27.943     153.3
 2013 04 20 20 50 38.937     2013 04 20 20 53 49.656     190.7
125
 2013 04 20 12 11 28.478     2013 04 20 12 14 19.601     171.1
 2013 04 20 22 11 31.709     2013 04 20 22 14  6.945     155.2
126
 2013 04 20 09 48 27.546     2013 04 20 09 51 15.943     168.4
 2013 04 20 19 49 49.223     2013 04 20 19 53  9.812     200.6
127
 2013 04 20 06 32 21.149     2013 04 20 06 36  4.349     223.2
 2013 04 20 18 21 16.240     2013 04 20 18 24 44.646     208.4
128
 2013 04 20 02 24 40.348     2013 04 20 02 27 15.494     155.1
 2013 04 20 17 47 22.995     2013 04 20 17 50  6.070     163.1
129
 2013 04 20 01 15  5.116     2013 04 20 01 17 48.100     163.0
 2013 04 20 09 29 51.092     2013 04 20 09 32 49.751     178.7
130
 2013 04 20 15 49 45.225     2013 04 20 15 53 25.392     220.2
131
 2013 04 20 06 25 56.203     2013 04 20 06 29 31.143     214.9
 2013 04 20 20 02 48.976     2013 04 20 20 05 45.304     176.3
132
 2013 04 20 01 36 55.252     2013 04 20 01 40 23.780     208.5
 2013 04 20 17 01  5.595     2013 04 20 17 03 44.422     158.8
133
134
 2013 04 20 10 34 15.681     2013 04 20 10 37 24.983     189.3
135
 2013 04 20 05 06 26.860     2013 04 20 05 09 10.197     163.3
 2013 04 20 15 05 49.474     2013 04 20 15 08 36.210     166.7
136
 2013 04 20 00 16 15.315     2013 04 20 00 18 48.972     153.7
 2013 04 20 12 03 32.568     2013 04 20 12 06 40.565     188.0
137
138
 2013 04 20 06 48 14.908     2013 04 20 06 50 54.592     159.7
 2013 04 20 13 23 21.644     2013 04 20 13 26 23.600     182.0
139
140
 2013 04 20 07 33 34.629     2013 04 20 07 36 16.374     161.7
 2013 04 20 15 48 34.748     2013 04 20 15 51 56.949     202.2
141
 2013 04 20 13 06 46.458     2013 04 20 13 09 49.193     182.7
 2013 04 20 19 40 56.035     2013 04 20 19 43 33.106     157.1
142
 2013 04 20 02 02 29.954     2013 04 20 02 05 18.760     168.8
 2013 04 20 10 17 47.142     2013 04 20 10 21  6.907     199.8
143
144
 2013 04 20 17 01 50.645     2013 04 20 17 04 28.022     157.4
145
 2013 04 20 11 30 48.543     2013 04 20 11 33 39.487     170.9
146
 2013 04 20 00 00   .000     2013 04 20 00 00 11.213      11.2
 2013 04 20 17 01 51.079     2013 04 20 17 05 26.255     215.2
 2013 04 20 23 41 56.750     2013 04 20 23 42 24.986      28.2
147
148
 2013 04 20 10 45 18.587     2013 04 20 10 48 39.537     200.9
 2013 04 20 12 22 59.335     2013 04 20 12 24  7.585      68.3
 2013 04 20 17 18 49.894     2013 04 20 17 21 37.786     167.9
149
 2013 04 20 11 23  3.654     2013 04 20 11 25 48.945     165.3
 2013 04 20 21 25 34.554     2013 04 20 21 28 25.356     170.8
150
 2013 04 20 17 38  5.419     2013 04 20 17 41  6.571     181.2
151
 2013 04 20 08 49 14.258     2013 04 20 08 49 57.606      43.3
152
 2013 04 20 01 08 21.730     2013 04 20 01 11 40.980     199.3
 2013 04 20 11 11 22.335     2013 04 20 11 13 57.451     155.1
153
 2013 04 20 06 33 47.873     2013 04 20 06 34  8.984      21.1
154
 2013 04 20 15 16 53.218     2013 04 20 15 19  4.250     131.0
155
 2013 04 20 03 52 59.588     2013 04 20 03 56 23.638     204.1
 2013 04 20 22 36 14.266     2013 04 20 22 38 58.950     164.7
156
 2013 04 20 16 57 16.185     2013 04 20 17 00 13.016     176.8
157
158
 2013 04 20 12 47  1.889     2013 04 20 12 49 37.175     155.3
159
 2013 04 20 07 28 28.791     2013 04 20 07 31  8.814     160.0
 2013 04 20 17 27 36.224     2013 04 20 17 30 35.457     179.2
160
 2013 04 20 04 47 57.417     2013 04 20 04 50 39.451     162.0
 2013 04 20 20 08 47.089     2013 04 20 20 12 20.034     212.9
161
 2013 04 20 13 48  4.649     2013 04 20 13 50 51.453     166.8
162
 2013 04 20 01 53 39.392     2013 04 20 01 57  9.933     210.5
163
 2013 04 20 06 46 35.174     2013 04 20 06 49 12.640     157.5
 2013 04 20 15 00 38.923     2013 04 20 15 04 11.876     213.0
164
 2013 04 20 14 22 47.622     2013 04 20 14 25 36.675     169.1
165
 2013 04 20 02 34 39.524     2013 04 20 02 37 56.771     197.2
 2013 04 20 14 27 32.733     2013 04 20 14 31 11.716     219.0
166
 2013 04 20 08 21 37.474     2013 04 20 08 25 18.306     220.8
 2013 04 20 14 56  4.498     2013 04 20 14 59 47.775     223.3
167
 2013 04 20 01 54 45.678     2013 04 20 01 57 44.418     178.7
168
 2013 04 20 14 37 39.124     2013 04 20 14 40 27.433     168.3
 2013 04 20 22 54 53.871     2013 04 20 22 57 37.148     163.3
169
 2013 04 20 17 05  1.180     2013 04 20 17 08 33.525     212.3
 2013 04 20 22 00 58.641     2013 04 20 22 04 41.134     222.5
170
 2013 04 20 06 43 13.332     2013 04 20 06 45 59.129     165.8
171
 2013 04 20 10 35 49.211     2013 04 20 10 39 20.518     211.3
 2013 04 20 20 36 27.880     2013 04 20 20 39 37.189     189.3
172
 2013 04 20 12 46 41.741     2013 04 20 12 47  8.949      27.2
173
 2013 04 20 03 10 40.686     2013 04 20 03 14 12.934     212.2
 2013 04 20 18 36  3.315     2013 04 20 18 36 59.218      55.9
174
 2013 04 20 09 47 30.363     2013 04 20 09 47 43.880      13.5
 2013 04 20 21 29 18.917     2013 04 20 21 32 12.663     173.7
175
 2013 04 20 16 04 32.387     2013 04 20 16 08   .634     208.2
176
 2013 04 20 10 38 10.407     2013 04 20 10 40 47.577     157.2
 2013 04 20 20 36 33.924     2013 04 20 20 37 37.229      63.3
177
 2013 04 20 01 03 26.479     2013 04 20 01 05 51.469     145.0
178
179
 2013 04 20 07 37 15.213     2013 04 20 07 40  2.160     166.9
 2013 04 20 14 10 47.885     2013 04 20 14 14 18.470     210.6
180
 2013 04 20 03 24 28.156     2013 04 20 03 25 23.808      55.7
 2013 04 20 15 11 55.909     2013 04 20 15 14 28.806     152.9
181
 2013 04 20 00 01 24.023     2013 04 20 00 04 41.233     197.2
 2013 04 20 23 39 47.349     2013 04 20 23 43 12.613     205.3
182
 2013 04 20 04 14 34.467     2013 04 20 04 17 56.503     202.0
183
 2013 04 20 05 54 54.583     2013 04 20 05 58 42.735     228.2
184
 2013 04 20 04 16 31.662     2013 04 20 04 19 20.175     168.5
 2013 04 20 14 22 39.783     2013 04 20 14 23 51.582      71.8
185
 2013 04 20 09 50 19.715     2013 04 20 09 52 54.110     154.4
 2013 04 20 19 49 47.104     2013 04 20 19 52 50.041     182.9
186
 2013 04 20 03 29 36.004     2013 04 20 03 29 44.942       8.9
 2013 04 20 13 33 50.270     2013 04 20 13 36 23.448     153.2
187
 2013 04 20 22 29  7.829     2013 04 20 22 32 30.080     202.3
188
 2013 04 20 17 20 57.071     2013 04 20 17 24 46.478     229.4
189
 2013 04 20 10 27 37.708     2013 04 20 10 30 15.778     158.1
190
 2013 04 20 07 36 13.130     2013 04 20 07 36 40.145      27.0
 2013 04 20 14 12  2.985     2013 04 20 14 14 57.295     174.3
191
 2013 04 20 02 32 33.485     2013 04 20 02 35 24.331     170.8
192
 2013 04 20 08 56 59.306     2013 04 20 08 57 48.193      48.9
 2013 04 20 20 45 34.666     2013 04 20 20 46 47.809      73.1
193
 2013 04 20 07 36  8.077     2013 04 20 07 39 22.850     194.8
 2013 04 20 09 13 42.216     2013 04 20 09 13 57.615      15.4
 2013 04 20 14 09 47.383     2013 04 20 14 12 31.367     164.0
194
 2013 04 20 06 03  1.944     2013 04 20 06 06 13.111     191.2
 2013 04 20 10 58 39.098     2013 04 20 11 02 25.848     226.8
195
 2013 04 20 08 00 11.091     2013 04 20 08 02 46.189     155.1
 2013 04 20 21 38 40.039     2013 04 20 21 41 54.348     194.3
196
 2013 04 20 08 09 10.761     2013 04 20 08 11 48.252     157.5
 2013 04 20 19 56 25.615     2013 04 20 19 59 50.233     204.6
197
 2013 04 20 00 55 42.404     2013 04 20 00 58 26.797     164.4
 2013 04 20 14 33 21.558     2013 04 20 14 36   .721     159.2
198
 2013 04 20 03 54 19.375     2013 04 20 03 57 38.277     198.9
 2013 04 20 20 58 18.748     2013 04 20 21 02  7.680     228.9
199
 2013 04 20 03 54 52.210     2013 04 20 03 57 32.119     159.9
 2013 04 20 20 59  6.827     2013 04 20 21 02 42.172     215.3
 2013 04 20 22 36 49.845     2013 04 20 22 37  2.525      12.7
200
 2013 04 20 11 20 23.637     2013 04 20 11 22 57.338     153.7
201
 2013 04 20 01 11 17.594     2013 04 20 01 14 34.982     197.4
202
 2013 04 20 13 56 31.070     2013 04 20 13 59 12.255     161.2
 2013 04 20 18 51 35.600     2013 04 20 18 54 33.469     177.9
203
 2013 04 20 09 55 37.411     2013 04 20 09 58 21.551     164.1
 2013 04 20 18 09 38.945     2013 04 20 18 13  4.391     205.4
204
 2013 04 20 07 31 16.588     2013 04 20 07 34 35.356     198.8
 2013 04 20 15 49 39.056     2013 04 20 15 52 50.219     191.2
205
 2013 04 20 00 32  3.714     2013 04 20 00 34 54.916     171.2
 2013 04 20 05 27 20.316     2013 04 20 05 31  6.849     226.5
 2013 04 20 07 05  5.954     2013 04 20 07 05 29.279      23.3
206
 2013 04 20 11 07 45.181     2013 04 20 11 10 21.406     156.2
207
 2013 04 20 13 28 57.482     2013 04 20 13 31 55.666     178.2
208
 2013 04 20 03 56 31.739     2013 04 20 03 59 24.085     172.3
 2013 04 20 21 00 30.873     2013 04 20 21 03 22.331     171.5
209
 2013 04 20 05 05 58.132     2013 04 20 05 09 21.672     203.5
 2013 04 20 15 05 24.456     2013 04 20 15 07 58.994     154.5
210
 2013 04 20 03 20  7.787     2013 04 20 03 22 48.291     160.5
211
 2013 04 20 19 13 11.212     2013 04 20 19 15 46.185     155.0
212
 2013 04 20 10 44 17.666     2013 04 20 10 47 11.692     174.0
 2013 04 20 17 18 49.975     2013 04 20 17 22  3.538     193.6
213
 2013 04 20 18 31 45.913     2013 04 20 18 34 30.489     164.6
214
 2013 04 20 00 15 51.770     2013 04 20 00 18 27.339     155.6
 2013 04 20 12 03 44.376     2013 04 20 12 06 26.936     162.6
215
 2013 04 20 02 47 58.961     2013 04 20 02 50 35.601     156.6
 2013 04 20 11 05  4.250     2013 04 20 11 08 22.466     198.2
216
217
 2013 04 20 06 42 29.528     2013 04 20 06 45 10.973     161.4
218
 2013 04 20 05 09  8.067     2013 04 20 05 09 44.932      36.9
 2013 04 20 15 04 59.860     2013 04 20 15 07 33.587     153.7
219
 2013 04 20 07 09  6.333     2013 04 20 07 11 51.272     164.9
 2013 04 20 22 30 27.267     2013 04 20 22 33  7.522     160.3
220
 2013 04 20 04 19 11.973     2013 04 20 04 22 43.748     211.8
 2013 04 20 14 19  6.382     2013 04 20 14 19 16.872      10.5
221
 2013 04 20 07 35 38.060     2013 04 20 07 35 41.313       3.3
 2013 04 20 15 47  9.647     2013 04 20 15 50  9.343     179.7
222
 2013 04 20 22 29  4.012     2013 04 20 22 31 48.253     164.2
223
 2013 04 20 13 52 33.197     2013 04 20 13 55 10.829     157.6
 2013 04 20 22 05 49.336     2013 04 20 22 05 52.852       3.5
224
225
 2013 04 20 01 17  2.166     2013 04 20 01 20 38.157     216.0
 2013 04 20 07 53 19.043     2013 04 20 07 56 12.284     173.2
226
 2013 04 20 12 19 58.000     2013 04 20 12 22 40.403     162.4
 2013 04 20 18 54  4.751     2013 04 20 18 56 43.130     158.4
227
 2013 04 20 20 48 47.163     2013 04 20 20 51 47.341     180.2
228
 2013 04 20 07 10 51.009     2013 04 20 07 14  7.368     196.4
229
 2013 04 20 00 18 51.093     2013 04 20 00 21 28.584     157.5
230
 2013 04 20 00 19 45.274     2013 04 20 00 20 17.280      32.0
 2013 04 20 12 01 54.319     2013 04 20 12 04 51.775     177.5
231
 2013 04 20 08 47 44.273     2013 04 20 08 50 35.193     170.9
 2013 04 20 22 26 38.203     2013 04 20 22 29 17.924     159.7
232
 2013 04 20 08 05 12.836     2013 04 20 08 07 51.550     158.7
233
234
 2013 04 20 02 04 57.366     2013 04 20 02 07 59.879     182.5
 2013 04 20 08 38 58.586     2013 04 20 08 41 34.476     155.9
235
 2013 04 20 20 50 15.936     2013 04 20 20 50 38.041      22.1
236
237
 2013 04 20 00 22 29.192     2013 04 20 00 25 59.141     209.9
 2013 04 20 10 21 27.932     2013 04 20 10 24  8.206     160.3
238
 2013 04 20 05 46 34.066     2013 04 20 05 49  8.586     154.5
 2013 04 20 17 35 14.393     2013 04 20 17 37 55.883     161.5
239
 2013 04 20 09 04 54.667     2013 04 20 09 05 12.869      18.2
240
241
242
 2013 04 20 10 25 40.241     2013 04 20 10 28 40.185     179.9
243
244
 2013 04 20 15 57 18.953     2013 04 20 15 59 53.655     154.7
245
 2013 04 20 00 46  8.574     2013 04 20 00 48 46.525     158.0
 2013 04 20 17 50 42.871     2013 04 20 17 53 49.887     187.0
246
247
 2013 04 20 12 09 43.487     2013 04 20 12 12 17.126     153.6
 2013 04 20 22 15  3.848     2013 04 20 22 16  8.571      64.7
248
 2013 04 20 01 56 28.504     2013 04 20 01 56 45.720      17.2
 2013 04 20 11 58  8.145     2013 04 20 12 01 44.589     216.4
249
 2013 04 20 11 07 55.185     2013 04 20 11 08 14.781      19.6
250
 2013 04 20 02 32 33.047     2013 04 20 02 35 13.724     160.7
251
 2013 04 20 19 55  7.778     2013 04 20 19 58 14.501     186.7
252
 2013 04 20 22 15 43.365     2013 04 20 22 16 43.114      59.7
253
 2013 04 20 05 38 47.072     2013 04 20 05 41 29.550     162.5
 2013 04 20 19 16 23.279     2013 04 20 19 19 17.283     174.0
254
 2013 04 20 02 54 57.089     2013 04 20 02 58 18.316     201.2
 2013 04 20 07 50 41.024     2013 04 20 07 53 21.935     160.9
255
 2013 04 20 15 27 12.509     2013 04 20 15 28 50.496      98.0
 2013 04 20 22 03 58.239     2013 04 20 22 04  2.200       4.0
256
 2013 04 20 09 32 39.772     2013 04 20 09 33  4.194      24.4
 2013 04 20 23 18 21.296     2013 04 20 23 18 50.359      29.1
257
 2013 04 20 05 42  6.156     2013 04 20 05 45  5.946     179.8
258
 2013 04 20 00 22 33.538     2013 04 20 00 24 16.093     102.6
 2013 04 20 10 22 53.383     2013 04 20 10 22 56.126       2.7
259
 2013 04 20 05 46 58.737     2013 04 20 05 49 48.038     169.3
 2013 04 20 17 34 59.768     2013 04 20 17 38 21.905     202.1
260
 2013 04 20 00 06 22.795     2013 04 20 00 09  1.545     158.7
 2013 04 20 23 44 51.687     2013 04 20 23 47 27.976     156.3
261
 2013 04 20 03 58 25.515     2013 04 20 04 02  6.941     221.4
 2013 04 20 19 23  6.956     2013 04 20 19 25 52.239     165.3
262
 2013 04 20 07 59 32.510     2013 04 20 08 02  8.404     155.9
 2013 04 20 21 42 20.846     2013 04 20 21 42 31.536      10.7
263
 2013 04 20 01 57  9.181     2013 04 20 01 59 50.212     161.0
 2013 04 20 11 56 51.343     2013 04 20 11 59 32.355     161.0
264
 2013 04 20 03 31  9.569     2013 04 20 03 31 27.946      18.4
 2013 04 20 13 32 35.082     2013 04 20 13 36 20.452     225.4
265
 2013 04 20 19 46 57.195     2013 04 20 19 49 46.961     169.8
266
 2013 04 20 09 08 31.126     2013 04 20 09 12 19.479     228.4
267
 2013 04 20 16 33 42.189     2013 04 20 16 37 27.157     225.0
268
 2013 04 20 05 40 45.064     2013 04 20 05 43 54.705     189.6
 2013 04 20 19 14 44.767     2013 04 20 19 18 15.390     210.6
269
 2013 04 20 07 33 37.971     2013 04 20 07 36 58.592     200.6
 2013 04 20 15 47  7.735     2013 04 20 15 50 42.258     214.5
270
 2013 04 20 00 04 57.729     2013 04 20 00 05 33.197      35.5
 2013 04 20 23 43 31.914     2013 04 20 23 45 13.676     101.8
271
 2013 04 20 14 39 25.162     2013 04 20 14 39 59.858      34.7
272
 2013 04 20 02 46 57.374     2013 04 20 02 47 26.651      29.3
 2013 04 20 12 43 14.027     2013 04 20 12 45 57.016     163.0
273
 2013 04 20 10 39 11.996     2013 04 20 10 41 51.718     159.7
274
 2013 04 20 20 34 22.288     2013 04 20 20 37 25.368     183.1
275
276
 2013 04 20 05 36  9.419     2013 04 20 05 38 45.084     155.7
277
 2013 04 20 19 46 56.447     2013 04 20 19 49 31.062     154.6
278
 2013 04 20 07 34 12.983     2013 04 20 07 37 47.702     214.7
279
 2013 04 20 02 26  1.318     2013 04 20 02 29 30.869     209.6
 2013 04 20 17 45 27.029     2013 04 20 17 49  3.293     216.3
280
 2013 04 20 08 41 15.275     2013 04 20 08 43 58.262     163.0
281
 2013 04 20 12 19 54.863     2013 04 20 12 23 30.418     215.6
 2013 04 20 13 57 49.483     2013 04 20 14 01 27.907     218.4
 2013 04 20 17 14 32.605     2013 04 20 17 14 41.600       9.0
 2013 04 20 18 53 10.682     2013 04 20 18 56  7.969     177.3
282
 2013 04 20 04 52  3.806     2013 04 20 04 55 25.736     201.9
 2013 04 20 18 30   .335     2013 04 20 18 33   .886     180.6
283
 2013 04 20 09 04 59.444     2013 04 20 09 07 36.898     157.5
284
 2013 04 20 13 36 44.793     2013 04 20 13 39 38.132     173.3
285
 2013 04 20 03 14  6.091     2013 04 20 03 17  3.049     177.0
286
 2013 04 20 11 24 23.510     2013 04 20 11 27 16.873     173.4
 2013 04 20 21 24  6.731     2013 04 20 21 26 42.430     155.7
287
 2013 04 20 14 28 38.147     2013 04 20 14 31 27.393     169.2
288
289
 2013 04 20 09 45 28.559     2013 04 20 09 48 49.713     201.2
290
 2013 04 20 05 05 37.579     2013 04 20 05 08 12.087     154.5
 2013 04 20 15 06 35.843     2013 04 20 15 09 10.400     154.6
291
 2013 04 20 22 21 29.930     2013 04 20 22 24  4.689     154.8
292
 2013 04 20 13 39  9.090     2013 04 20 13 39 53.820      44.7
293
 2013 04 20 16 03 34.340     2013 04 20 16 03 48.647      14.3
294
 2013 04 20 12 09 52.741     2013 04 20 12 13 30.289     217.5
 2013 04 20 22 13 39.423     2013 04 20 22 16 18.767     159.3
295
 2013 04 20 10 47 19.612     2013 04 20 10 50 20.572     181.0
 2013 04 20 15 42 49.497     2013 04 20 15 45 52.629     183.1
296
 2013 04 20 01 03  1.398     2013 04 20 01 03 14.246      12.8
297
 2013 04 20 01 08 40.297     2013 04 20 01 11 15.252     155.0
 2013 04 20 11 10 29.800     2013 04 20 11 13 17.533     167.7
298
299
300
 2013 04 20 08 15 23.226     2013 04 20 08 18 41.693     198.5
 2013 04 20 18 15 50.940     2013 04 20 18 19 24.232     213.3
301
302
 2013 04 20 04 11 24.050     2013 04 20 04 14  9.068     165.0
 2013 04 20 16 01 15.847     2013 04 20 16 03 50.299     154.5
303
304
 2013 04 20 02 00 15.801     2013 04 20 02 03 21.163     185.4
 2013 04 20 10 18 24.104     2013 04 20 10 21 48.244     204.1
305
306
 2013 04 20 04 05 43.722     2013 04 20 04 09 18.934     215.2
307
 2013 04 20 17 52 29.387     2013 04 20 17 55  8.740     159.4
 2013 04 20 22 47 15.890     2013 04 20 22 50 27.586     191.7
308
 2013 04 20 17 48 19.859     2013 04 20 17 48 23.859       4.0
309
 2013 04 20 00 13 12.416     2013 04 20 00 16 32.266     199.8
310
 2013 04 20 00 49 39.394     2013 04 20 00 52 14.417     155.0
 2013 04 20 16 12 37.921     2013 04 20 16 15 46.765     188.8
311
 2013 04 20 08 56 14.293     2013 04 20 08 59  8.340     174.0
 2013 04 20 20 43 12.979     2013 04 20 20 46  2.141     169.2
312
 2013 04 20 19 12 51.029     2013 04 20 19 15 35.013     164.0
313
 2013 04 20 22 21 22.316     2013 04 20 22 24 25.128     182.8
314
 2013 04 20 06 44 42.381     2013 04 20 06 47 18.954     156.6
 2013 04 20 15 01 38.656     2013 04 20 15 04 35.185     176.5
315
 2013 04 20 14 59 39.718     2013 04 20 15 02 16.529     156.8
316
 2013 04 20 15 26 44.302     2013 04 20 15 27  5.931      21.6
317
 2013 04 20 03 34 41.923     2013 04 20 03 37 17.753     155.8
 2013 04 20 11 56  5.641     2013 04 20 11 56 12.128       6.5
318
 2013 04 20 14 37 11.891     2013 04 20 14 40 29.898     198.0
 2013 04 20 22 53 15.950     2013 04 20 22 56 27.735     191.8
319
 2013 04 20 13 01  9.827     2013 04 20 13 04 31.870     202.0
320
 2013 04 20 09 35 58.020     2013 04 20 09 38 39.518     161.5
 2013 04 20 23 13 19.952     2013 04 20 23 16   .080     160.1
321
 2013 04 20 01 47  6.355     2013 04 20 01 49 44.149     157.8
322
 2013 04 20 00 46 37.221     2013 04 20 00 49 18.721     161.5
 2013 04 20 17 51  7.489     2013 04 20 17 53 48.357     160.9
323
 2013 04 20 14 16  5.124     2013 04 20 14 19 31.326     206.2
324
 2013 04 20 15 50 12.705     2013 04 20 15 53 55.625     222.9
325
 2013 04 20 10 46 13.470     2013 04 20 10 48 50.893     157.4
 2013 04 20 17 19 41.176     2013 04 20 17 22 54.989     193.8
326
 2013 04 20 01 13 42.315     2013 04 20 01 16 19.827     157.5
 2013 04 20 09 30 15.552     2013 04 20 09 33 16.650     181.1
327
328
 2013 04 20 19 11 23.189     2013 04 20 19 11 32.381       9.2
329
 2013 04 20 03 39  2.977     2013 04 20 03 42 13.596     190.6
 2013 04 20 10 13 19.164     2013 04 20 10 16  2.704     163.5
330
 2013 04 20 13 05 32.517     2013 04 20 13 08 52.152     199.6
 2013 04 20 19 45 32.102     2013 04 20 19 45 49.086      17.0
331
 2013 04 20 08 01  4.174     2013 04 20 08 03 45.173     161.0
 2013 04 20 21 38 15.772     2013 04 20 21 40 52.708     156.9
332
 2013 04 20 01 44 20.113     2013 04 20 01 47  9.810     169.7
 2013 04 20 15 19 21.235     2013 04 20 15 19 25.693       4.5
333
 2013 04 20 07 28  2.598     2013 04 20 07 31 48.929     226.3
 2013 04 20 17 26 46.864     2013 04 20 17 29 31.130     164.3
334
 2013 04 20 11 20 35.716     2013 04 20 11 20 46.300      10.6
335
336
337
 2013 04 20 08 57  9.006     2013 04 20 09 00 43.243     214.2
338
 2013 04 20 17 44 49.441     2013 04 20 17 48 19.196     209.8
339
 2013 04 20 06 21  3.484     2013 04 20 06 23 52.156     168.7
 2013 04 20 21 44 12.961     2013 04 20 21 46 51.926     159.0
340
 2013 04 20 11 31 46.474     2013 04 20 11 34 26.675     160.2
 2013 04 20 18 06 57.206     2013 04 20 18 10 12.714     195.5
341
 2013 04 20 05 55 43.115     2013 04 20 05 59  3.900     200.8
342
 2013 04 20 08 26 34.376     2013 04 20 08 26 55.294      20.9
 2013 04 20 10 01  2.006     2013 04 20 10 04 24.699     202.7
 2013 04 20 14 56 31.820     2013 04 20 14 59 10.577     158.8
343
 2013 04 20 01 18 39.789     2013 04 20 01 22 18.475     218.7
 2013 04 20 07 53 13.706     2013 04 20 07 56 46.635     212.9
344
 2013 04 20 04 45  5.501     2013 04 20 04 48 12.177     186.7
345
 2013 04 20 04 05 13.075     2013 04 20 04 07 46.478     153.4
 2013 04 20 17 41 54.561     2013 04 20 17 44 35.124     160.6
346
 2013 04 20 14 27 34.121     2013 04 20 14 27 39.658       5.5
347
 2013 04 20 00 01 14.817     2013 04 20 00 04 26.209     191.4
 2013 04 20 15 29 34.338     2013 04 20 15 29 55.945      21.6
 2013 04 20 23 39 46.292     2013 04 20 23 42 51.000     184.7
348
349
 2013 04 20 04 17  6.844     2013 04 20 04 19 56.918     170.1
 2013 04 20 14 18 41.943     2013 04 20 14 22 30.543     228.6
350
 2013 04 20 18 24 40.808     2013 04 20 18 27 29.816     169.0
351
352
 2013 04 20 01 11 39.905     2013 04 20 01 14 18.246     158.3
353
 2013 04 20 04 21 30.776     2013 04 20 04 25 15.451     224.7
354
355
 2013 04 20 06 00 26.418     2013 04 20 06 04 14.321     227.9
 2013 04 20 07 38 17.524     2013 04 20 07 39  6.929      49.4
 2013 04 20 12 34 42.030     2013 04 20 12 37 30.692     168.7
356
 2013 04 20 07 10 16.510     2013 04 20 07 13 36.092     199.6
357
 2013 04 20 15 30 52.060     2013 04 20 15 33 47.334     175.3
 2013 04 20 20 26 15.571     2013 04 20 20 29 30.238     194.7
358
 2013 04 20 00 53 34.755     2013 04 20 00 54 30.344      55.6
 2013 04 20 16 11  8.725     2013 04 20 16 13 53.949     165.2
359
 2013 04 20 06 41 23.018     2013 04 20 06 44 32.874     189.9
 2013 04 20 16 40 39.302     2013 04 20 16 40 43.530       4.2
360
 2013 04 20 07 23 22.707     2013 04 20 07 26 10.318     167.6
361
 2013 04 20 07 07 11.743     2013 04 20 07 09 47.123     155.4
 2013 04 20 22 34 45.223     2013 04 20 22 34 47.008       1.8
362
 2013 04 20 01 02 34.772     2013 04 20 01 06 12.716     217.9
 2013 04 20 12 50 11.988     2013 04 20 12 52 46.240     154.3
363
 2013 04 20 09 09 11.261     2013 04 20 09 11 48.538     157.3
364
 2013 04 20 14 39 35.226     2013 04 20 14 40  3.323      28.1
365
 2013 04 20 03 59 36.740     2013 04 20 04 02 38.211     181.5
 2013 04 20 19 21  6.926     2013 04 20 19 23 42.176     155.2
366
 2013 04 20 11 18  9.061     2013 04 20 11 20 54.155     165.1
 2013 04 20 23 05 12.861     2013 04 20 23 08  4.190     171.3
367
 2013 04 20 09 50 17.084     2013 04 20 09 52 52.020     154.9
 2013 04 20 19 49 52.429     2013 04 20 19 52 55.020     182.6
368
 2013 04 20 05 11  2.717     2013 04 20 05 13 40.168     157.5
 2013 04 20 13 26 42.592     2013 04 20 13 29 18.967     156.4
369
 2013 04 20 01 31 16.965     2013 04 20 01 34  7.056     170.1
 2013 04 20 20 14 48.756     2013 04 20 20 17 26.414     157.7
370
 2013 04 20 08 49 10.784     2013 04 20 08 51 44.738     154.0
 2013 04 20 22 25 21.673     2013 04 20 22 28 10.733     169.1
371
 2013 04 20 07 17 10.119     2013 04 20 07 18  2.575      52.5
 2013 04 20 20 49 37.523     2013 04 20 20 52 12.863     155.3
372
 2013 04 20 06 45 30.125     2013 04 20 06 48 54.841     204.7
 2013 04 20 15 00 23.208     2013 04 20 15 03  3.021     159.8
373
374
 2013 04 20 02 37 32.911     2013 04 20 02 40 45.186     192.3
 2013 04 20 14 24 56.263     2013 04 20 14 27 32.365     156.1
375
 2013 04 20 21 32 36.021     2013 04 20 21 36 18.953     222.9
376
 2013 04 20 16 52 38.502     2013 04 20 16 55 23.979     165.5
377
 2013 04 20 17 30 28.822     2013 04 20 17 33 55.067     206.2
378
 2013 04 20 00 19 21.168     2013 04 20 00 21 55.080     153.9
379
 2013 04 20 12 06 37.289     2013 04 20 12 09 52.433     195.1
380
 2013 04 20 02 33 56.479     2013 04 20 02 36 29.405     152.9
381
 2013 04 20 21 21 46.335     2013 04 20 21 23   .128      73.8
382
 2013 04 20 04 26 28.743     2013 04 20 04 26 43.209      14.5
 2013 04 20 06 04 37.262     2013 04 20 06 08  5.741     208.5
 2013 04 20 11 00  9.559     2013 04 20 11 02 51.170     161.6
383
 2013 04 20 00 13 31.647     2013 04 20 00 16 15.913     164.3
 2013 04 20 12 08  1.817     2013 04 20 12 08  4.977       3.2
384
 2013 04 20 00 21 40.329     2013 04 20 00 24 37.540     177.2
 2013 04 20 10 23 38.425     2013 04 20 10 26 12.388     154.0
385
 2013 04 20 17 25 51.173     2013 04 20 17 28 26.999     155.8
386
 2013 04 20 01 10 23.843     2013 04 20 01 13 47.031     203.2
 2013 04 20 11 08 18.782     2013 04 20 11 11 33.141     194.4
387
388
 2013 04 20 12 57 45.258     2013 04 20 13 01 32.622     227.4
 2013 04 20 23 00 45.977     2013 04 20 23 03 24.150     158.2
389
 2013 04 20 00 23 50.554     2013 04 20 00 26 41.590     171.0
 2013 04 20 10 20 50.325     2013 04 20 10 21 12.296      22.0
390
391
 2013 04 20 23 09 47.313     2013 04 20 23 12 57.899     190.6
392
 2013 04 20 16 39 21.196     2013 04 20 16 41 55.243     154.0
393
 2013 04 20 06 24 59.396     2013 04 20 06 27 34.718     155.3
 2013 04 20 20 07 29.289     2013 04 20 20 08  1.624      32.3
394
 2013 04 20 05 33 46.995     2013 04 20 05 34 59.115      72.1
 2013 04 20 20 55  7.800     2013 04 20 20 57 43.064     155.3
395
 2013 04 20 03 38 47.821     2013 04 20 03 41 28.706     160.9
 2013 04 20 10 13 28.669     2013 04 20 10 16 48.364     199.7
396
 2013 04 20 06 50   .200     2013 04 20 06 52 36.796     156.6
 2013 04 20 11 44 45.672     2013 04 20 11 44 59.595      13.9
 2013 04 20 13 23  1.701     2013 04 20 13 26 30.283     208.6
397
 2013 04 20 07 30 31.279     2013 04 20 07 31   .881      29.6
 2013 04 20 17 26 57.381     2013 04 20 17 29 45.768     168.4
398
 2013 04 20 05 37 37.605     2013 04 20 05 40 11.475     153.9
 2013 04 20 19 20 39.846     2013 04 20 19 20 51.630      11.8
399
 2013 04 20 01 12  5.001     2013 04 20 01 15 28.762     203.8
400
 2013 04 20 04 47 58.332     2013 04 20 04 51 33.911     215.6
 2013 04 20 20 07  6.370     2013 04 20 20 10 54.249     227.9
401
 2013 04 20 10 46  1.860     2013 04 20 10 49 24.625     202.8
 2013 04 20 17 20 33.680     2013 04 20 17 23 52.907     199.2
402
 2013 04 20 10 44 58.901     2013 04 20 10 47 35.752     156.9
 2013 04 20 17 19 43.034     2013 04 20 17 22 28.398     165.4
403
 2013 04 20 01 43 25.751     2013 04 20 01 47  7.257     221.5
 2013 04 20 15 18 38.333     2013 04 20 15 21 20.144     161.8
404
 2013 04 20 15 51  2.692     2013 04 20 15 53 44.264     161.6
405
 2013 04 20 19 19 22.185     2013 04 20 19 22  3.182     161.0
406
 2013 04 20 18 59 52.518     2013 04 20 19 00 53.320      60.8
407
 2013 04 20 03 21 43.189     2013 04 20 03 25   .866     197.7
408
 2013 04 20 12 14  7.086     2013 04 20 12 17 15.945     188.9
409
 2013 04 20 20 49 29.871     2013 04 20 20 52  7.073     157.2
410
 2013 04 20 03 34 22.489     2013 04 20 03 37 32.391     189.9
 2013 04 20 11 56 11.956     2013 04 20 11 56 49.853      37.9
411
 2013 04 20 02 45 55.193     2013 04 20 02 48 33.600     158.4
412
 2013 04 20 00 00   .000     2013 04 20 00 01 50.344     110.3
 2013 04 20 17 03 30.879     2013 04 20 17 06 17.276     166.4
 2013 04 20 23 37 40.462     2013 04 20 23 40 18.092     157.6
413
 2013 04 20 05 14 56.952     2013 04 20 05 17 58.106     181.2
 2013 04 20 11 49 25.371     2013 04 20 11 52 24.643     179.3
414
 2013 04 20 09 57 58.584     2013 04 20 09 58  8.779      10.2
 2013 04 20 16 33 59.222     2013 04 20 16 36 46.874     167.7
415
 2013 04 20 06 49 29.758     2013 04 20 06 52  7.949     158.2
 2013 04 20 13 23  8.612     2013 04 20 13 26  1.760     173.1
416
 2013 04 20 05 40 49.567     2013 04 20 05 43 39.229     169.7
417
 2013 04 20 22 28 54.959     2013 04 20 22 32 42.226     227.3
418
 2013 04 20 01 00 11.459     2013 04 20 01 00 33.326      21.9
 2013 04 20 14 30 44.596     2013 04 20 14 33 46.285     181.7
419
 2013 04 20 14 36 36.745     2013 04 20 14 39 42.632     185.9
 2013 04 20 22 54 51.326     2013 04 20 22 58 33.754     222.4
420
421
 2013 04 20 08 00 16.761     2013 04 20 08 03 34.033     197.3
 2013 04 20 21 39 41.483     2013 04 20 21 42 16.845     155.4
422
 2013 04 20 11 26 45.054     2013 04 20 11 29 23.015     158.0
423
 2013 04 20 04 41  3.862     2013 04 20 04 43 57.464     173.6
 2013 04 20 23 23 59.411     2013 04 20 23 27  1.036     181.6
424
 2013 04 20 05 36 35.764     2013 04 20 05 39 15.796     160.0
425
 2013 04 20 09 08 28.940     2013 04 20 09 11 13.337     164.4
 2013 04 20 17 22 12.720     2013 04 20 17 25 54.501     221.8
426
 2013 04 20 03 13 30.506     2013 04 20 03 16  6.498     156.0
 2013 04 20 18 33 53.360     2013 04 20 18 37 27.231     213.9
427
428
 2013 04 20 09 04  7.133     2013 04 20 09 06 48.246     161.1
429
 2013 04 20 08 21 10.672     2013 04 20 08 21 17.714       7.0
 2013 04 20 14 59 43.154     2013 04 20 14 59 49.054       5.9
430
 2013 04 20 07 58 44.945     2013 04 20 08 01 35.565     170.6
431
432
 2013 04 20 04 50 17.795     2013 04 20 04 51  2.239      44.4
 2013 04 20 20 07 28.795     2013 04 20 20 10 16.230     167.4
433
 2013 04 20 04 16 31.068     2013 04 20 04 19  4.850     153.8
434
 2013 04 20 04 02 37.349     2013 04 20 04 06 19.837     222.5
 2013 04 20 17 43 39.986     2013 04 20 17 46 53.956     194.0
435
436
 2013 04 20 08 09 23.173     2013 04 20 08 12 17.874     174.7
 2013 04 20 19 55 31.522     2013 04 20 19 58 42.312     190.8
437
 2013 04 20 03 24 45.029     2013 04 20 03 27 36.322     171.3
 2013 04 20 15 12 39.029     2013 04 20 15 15 12.665     153.6
438
 2013 04 20 03 57  2.134     2013 04 20 03 59 39.211     157.1
 2013 04 20 20 59 55.134     2013 04 20 21 03 16.707     201.6
439
 2013 04 20 18 17 10.278     2013 04 20 18 20   .423     170.1
440
 2013 04 20 15 28 53.835     2013 04 20 15 31 38.947     165.1
 2013 04 20 22 03  7.462     2013 04 20 22 05 45.273     157.8
441
 2013 04 20 04 49 25.793     2013 04 20 04 52 49.610     203.8
442
 2013 04 20 05 51 28.421     2013 04 20 05 54 14.647     166.2
 2013 04 20 15 56 56.036     2013 04 20 15 57 23.991      28.0
443
 2013 04 20 09 45  9.375     2013 04 20 09 48   .847     171.5
444
 2013 04 20 05 29 15.928     2013 04 20 05 32 50.733     214.8
 2013 04 20 22 33  8.567     2013 04 20 22 36 12.687     184.1
445
 2013 04 20 01 56 50.123     2013 04 20 02 00 32.408     222.3
 2013 04 20 11 55 59.562     2013 04 20 11 58 35.293     155.7
446
 2013 04 20 06 21 17.659     2013 04 20 06 24 16.426     178.8
 2013 04 20 21 43  2.307     2013 04 20 21 45 38.874     156.6
447
 2013 04 20 10 37 49.659     2013 04 20 10 40 28.341     158.7
 2013 04 20 20 36 58.206     2013 04 20 20 40 30.193     212.0
448
 2013 04 20 06 04 22.150     2013 04 20 06 07 43.989     201.8
 2013 04 20 10 59 58.985     2013 04 20 11 02 36.804     157.8
449
 2013 04 20 09 58 37.411     2013 04 20 10 01 28.149     170.7
 2013 04 20 16 33   .057     2013 04 20 16 35 53.075     173.0
450
 2013 04 20 13 56 10.667     2013 04 20 13 59  4.377     173.7
 2013 04 20 18 51 32.016     2013 04 20 18 54 55.565     203.5
451
 2013 04 20 14 40 58.605     2013 04 20 14 44 25.416     206.8
 2013 04 20 21 17  5.250     2013 04 20 21 19 56.093     170.8
452
 2013 04 20 03 38 29.149     2013 04 20 03 41 19.770     170.6
 2013 04 20 10 13  4.699     2013 04 20 10 16 42.212     217.5
453
 2013 04 20 02 30 18.570     2013 04 20 02 33 20.593     182.0
 2013 04 20 16 08  2.173     2013 04 20 16 10 53.961     171.8
454
 2013 04 20 23 08 26.719     2013 04 20 23 08 34.590       7.9
455
 2013 04 20 12 18 53.449     2013 04 20 12 19  9.461      16.0
 2013 04 20 18 55 43.079     2013 04 20 18 58 30.494     167.4
456
 2013 04 20 16 57 52.055     2013 04 20 17 00 45.704     173.6
457
 2013 04 20 16 17 12.091     2013 04 20 16 18 34.744      82.7
 2013 04 20 22 51 41.560     2013 04 20 22 53 12.704      91.1
458
 2013 04 20 05 46 24.680     2013 04 20 05 49 10.346     165.7
 2013 04 20 17 35 31.653     2013 04 20 17 38 17.837     166.2
459
460
 2013 04 20 00 00 50.477     2013 04 20 00 03 50.701     180.2
 2013 04 20 17 03 43.823     2013 04 20 17 05 13.974      90.2
 2013 04 20 23 39 21.263     2013 04 20 23 42 16.099     174.8
461
 2013 04 20 04 52 57.954     2013 04 20 04 55 33.268     155.3
 2013 04 20 18 28 54.549     2013 04 20 18 32  1.239     186.7
462
 2013 04 20 00 23 59.449     2013 04 20 00 27 12.114     192.7
463
 2013 04 20 04 59 31.996     2013 04 20 05 02 13.359     161.4
 2013 04 20 16 47 18.035     2013 04 20 16 49 56.838     158.8
464
 2013 04 20 08 22 13.523     2013 04 20 08 25  4.505     171.0
 2013 04 20 14 57 45.733     2013 04 20 15 01 32.926     227.2
465
 2013 04 20 01 48 11.400     2013 04 20 01 50 53.516     162.1
 2013 04 20 13 39 34.314     2013 04 20 13 43   .654     206.3
466
 2013 04 20 06 32 55.100     2013 04 20 06 35 49.723     174.6
 2013 04 20 18 22  1.592     2013 04 20 18 24 56.876     175.3
467
 2013 04 20 05 32 13.157     2013 04 20 05 33  1.947      48.8
468
 2013 04 20 06 30 59.437     2013 04 20 06 34 22.436     203.0
469
 2013 04 20 09 35 53.959     2013 04 20 09 39 15.010     201.1
 2013 04 20 23 13 35.716     2013 04 20 23 16 43.494     187.8
470
 2013 04 20 15 50 20.446     2013 04 20 15 54  7.749     227.3
471
 2013 04 20 14 28 21.604     2013 04 20 14 31 13.539     171.9
472
 2013 04 20 11 33 18.093     2013 04 20 11 35 58.513     160.4
 2013 04 20 18 06 43.452     2013 04 20 18 09 44.293     180.8
473
 2013 04 20 18 59 54.501     2013 04 20 19 03 11.657     197.2
474
 2013 04 20 09 40 53.657     2013 04 20 09 44 32.879     219.2
 2013 04 20 21 33 22.438     2013 04 20 21 36  3.792     161.4
475
476
 2013 04 20 08 47  8.656     2013 04 20 08 50 26.888     198.2
 2013 04 20 22 27  5.791     2013 04 20 22 29 52.286     166.5
477
 2013 04 20 01 00 46.098     2013 04 20 01 01  1.731      15.6
 2013 04 20 12 54 18.276     2013 04 20 12 54 21.689       3.4
478
 2013 04 20 10 46 29.036     2013 04 20 10 49  7.676     158.6
 2013 04 20 15 41 14.470     2013 04 20 15 45  5.373     230.9
 2013 04 20 17 19 17.919     2013 04 20 17 22 57.000     219.1
479
 2013 04 20 14 37 14.795     2013 04 20 14 39 53.397     158.6
 2013 04 20 22 54 28.203     2013 04 20 22 57 44.389     196.2
480
 2013 04 20 04 47 23.300     2013 04 20 04 50  5.107     161.8
 2013 04 20 20 08 37.984     2013 04 20 20 11 23.219     165.2
481
 2013 04 20 02 35 57.642     2013 04 20 02 37 17.368      79.7
482
 2013 04 20 06 24  1.552     2013 04 20 06 24 21.262      19.7
 2013 04 20 21 42  4.069     2013 04 20 21 45 10.932     186.9
483
 2013 04 20 19 19 11.701     2013 04 20 19 22 33.621     201.9
484
 2013 04 20 04 14 43.315     2013 04 20 04 17 28.735     165.4
485
 2013 04 20 09 00  8.390     2013 04 20 09 00 44.332      35.9
 2013 04 20 19 04 50.385     2013 04 20 19 07 39.665     169.3
486
487
 2013 04 20 12 41 33.886     2013 04 20 12 45  4.129     210.2
488
 2013 04 20 14 30 13.677     2013 04 20 14 33 15.800     182.1
489
 2013 04 20 04 15  2.400     2013 04 20 04 16 34.130      91.7
490
 2013 04 20 05 36 22.544     2013 04 20 05 39  2.636     160.1
491
492
 2013 04 20 06 31 52.118     2013 04 20 06 34 49.560     177.4
 2013 04 20 18 25 54.437     2013 04 20 18 26  2.531       8.1
493
 2013 04 20 09 37  7.677     2013 04 20 09 39 42.942     155.3
 2013 04 20 23 11 59.769     2013 04 20 23 15 30.690     210.9
494
 2013 04 20 02 21 14.828     2013 04 20 02 23 50.990     156.2
 2013 04 20 19 25 18.746     2013 04 20 19 27 57.836     159.1
495
 2013 04 20 05 01  8.229     2013 04 20 05 03 44.412     156.2
496
497
498
 2013 04 20 09 42 37.578     2013 04 20 09 45 26.543     169.0
 2013 04 20 21 32  8.113     2013 04 20 21 34 47.196     159.1
499
 2013 04 20 01 33 15.446     2013 04 20 01 36 59.599     224.2
 2013 04 20 18 36 52.795     2013 04 20 18 39 32.509     159.7
500
501
 2013 04 20 00 26 10.667     2013 04 20 00 28 45.865     155.2
 2013 04 20 08 43  7.449     2013 04 20 08 46 23.986     196.5
502
 2013 04 20 00 52 19.017     2013 04 20 00 55  7.481     168.5
503
 2013 04 20 15 51 34.825     2013 04 20 15 54 23.360     168.5
504
 2013 04 20 06 17 47.757     2013 04 20 06 20 25.676     157.9
 2013 04 20 23 21 44.240     2013 04 20 23 24 21.687     157.4
505
 2013 04 20 01 09 14.900     2013 04 20 01 12 19.716     184.8
 2013 04 20 11 10 46.885     2013 04 20 11 13 33.972     167.1
506
 2013 04 20 03 12  2.250     2013 04 20 03 12  5.348       3.1
 2013 04 20 18 35 44.823     2013 04 20 18 38 50.662     185.8
507
 2013 04 20 01 12 40.726     2013 04 20 01 15 25.645     164.9
 2013 04 20 09 34 33.271     2013 04 20 09 34 40.887       7.6
508
 2013 04 20 02 43 28.746     2013 04 20 02 46 11.612     162.9
 2013 04 20 12 45 18.175     2013 04 20 12 47 53.729     155.6
509
 2013 04 20 04 06 24.073     2013 04 20 04 09 25.143     181.1
 2013 04 20 17 40  5.220     2013 04 20 17 42 27.248     142.0
510
 2013 04 20 15 28  5.926     2013 04 20 15 31 52.061     226.1
 2013 04 20 22 04 33.307     2013 04 20 22 07 26.313     173.0
511
 2013 04 20 15 28 46.802     2013 04 20 15 32 18.866     212.1
 2013 04 20 22 04 36.462     2013 04 20 22 07 13.763     157.3
512
 2013 04 20 04 43 51.876     2013 04 20 04 46 44.609     172.7
 2013 04 20 21 46 35.632     2013 04 20 21 49 38.837     183.2
513
 2013 04 20 07 25 51.575     2013 04 20 07 29 11.196     199.6
 2013 04 20 17 29 44.003     2013 04 20 17 32 48.902     184.9
514
 2013 04 20 04 58 42.291     2013 04 20 05 01 30.797     168.5
 2013 04 20 16 48 34.088     2013 04 20 16 51  8.272     154.2
515
 2013 04 20 21 41 16.940     2013 04 20 21 43 58.624     161.7
516
 2013 04 20 19 04 48.005     2013 04 20 19 07 28.394     160.4
517
 2013 04 20 05 09 56.811     2013 04 20 05 12 51.589     174.8
 2013 04 20 13 27 33.150     2013 04 20 13 30 26.770     173.6
518
 2013 04 20 14 59 52.547     2013 04 20 15 02 27.936     155.4
519
 2013 04 20 04 02 45.424     2013 04 20 04 06  1.193     195.8
520
 2013 04 20 16 43 27.122     2013 04 20 16 47   .291     213.2
521
 2013 04 20 17 39 25.425     2013 04 20 17 41 59.299     153.9
522
 2013 04 20 09 40  1.401     2013 04 20 09 43 33.681     212.3
523
 2013 04 20 17 53 35.462     2013 04 20 17 56 53.792     198.3
 2013 04 20 22 49 12.194     2013 04 20 22 51 48.424     156.2
524
 2013 04 20 00 47 23.506     2013 04 20 00 50  2.517     159.0
 2013 04 20 17 51  4.824     2013 04 20 17 53 52.759     167.9
525
 2013 04 20 02 54 49.077     2013 04 20 02 57 42.315     173.2
 2013 04 20 07 50  7.512     2013 04 20 07 52 53.713     166.2
526
 2013 04 20 04 20 36.722     2013 04 20 04 21 31.671      54.9
527
 2013 04 20 03 34 15.955     2013 04 20 03 37 38.347     202.4
528
 2013 04 20 11 29  3.212     2013 04 20 11 32 26.669     203.5
 2013 04 20 19 46  4.336     2013 04 20 19 48 51.749     167.4
529
 2013 04 20 10 39 14.843     2013 04 20 10 42 35.749     200.9
530
 2013 04 20 08 21 33.600     2013 04 20 08 23  7.495      93.9
 2013 04 20 15 02 22.263     2013 04 20 15 02 30.002       7.7
531
 2013 04 20 05 39 14.499     2013 04 20 05 41 48.684     154.2
 2013 04 20 19 16 53.715     2013 04 20 19 19 28.186     154.5
532
 2013 04 20 13 25 12.541     2013 04 20 13 28  1.174     168.6
533
 2013 04 20 00 20 16.110     2013 04 20 00 20 23.530       7.4
 2013 04 20 12 01 49.269     2013 04 20 12 04 45.660     176.4
534
535
 2013 04 20 01 41 55.077     2013 04 20 01 45 21.102     206.0
 2013 04 20 15 19 10.667     2013 04 20 15 22 28.633     198.0
536
 2013 04 20 00 27 53.411     2013 04 20 00 31 31.030     217.6
 2013 04 20 08 43 26.035     2013 04 20 08 43 53.055      27.0
537
538
 2013 04 20 05 36 22.085     2013 04 20 05 36 35.834      13.7
 2013 04 20 19 18 25.247     2013 04 20 19 18 49.127      23.9
539
540
 2013 04 20 14 42 25.631     2013 04 20 14 45 51.706     206.1
 2013 04 20 21 17  3.601     2013 04 20 21 20 19.005     195.4
541
 2013 04 20 18 08 14.401     2013 04 20 18 11 39.631     205.2
542
 2013 04 20 06 27 30.863     2013 04 20 06 30 30.206     179.3
 2013 04 20 20 02 43.619     2013 04 20 20 05 37.529     173.9
543
 2013 04 20 00 54 34.243     2013 04 20 00 57 41.962     187.7
 2013 04 20 14 32  7.905     2013 04 20 14 35 33.856     206.0
544
 2013 04 20 11 30 58.011     2013 04 20 11 30 59.029       1.0
545
 2013 04 20 01 00 35.647     2013 04 20 01 01 25.850      50.2
546
 2013 04 20 08 48 28.488     2013 04 20 08 49  7.599      39.1
 2013 04 20 22 24 25.000     2013 04 20 22 26 59.050     154.1
547
 2013 04 20 02 49  6.432     2013 04 20 02 51 47.522     161.1
 2013 04 20 11 04 44.911     2013 04 20 11 07 22.142     157.2
548
 2013 04 20 12 18 14.063     2013 04 20 12 22  3.109     229.0
 2013 04 20 18 54 53.954     2013 04 20 18 58 42.676     228.7
549
 2013 04 20 17 26 42.678     2013 04 20 17 29 23.658     161.0
550
 2013 04 20 11 18 35.692     2013 04 20 11 22 13.353     217.7
 2013 04 20 23 03 53.831     2013 04 20 23 07 11.010     197.2
551
552
 2013 04 20 06 18 56.992     2013 04 20 06 22  3.189     186.2
 2013 04 20 23 22 11.659     2013 04 20 23 25 54.374     222.7
553
 2013 04 20 00 04 19.743     2013 04 20 00 07  6.872     167.1
 2013 04 20 15 25  3.535     2013 04 20 15 28 50.383     226.8
 2013 04 20 23 42 49.913     2013 04 20 23 45 32.352     162.4
554
 2013 04 20 03 36 37.687     2013 04 20 03 40 17.578     219.9
 2013 04 20 11 50 51.897     2013 04 20 11 53 48.687     176.8
555
 2013 04 20 05 04 30.877     2013 04 20 05 07 14.010     163.1
 2013 04 20 15 06 10.602     2013 04 20 15 09 49.183     218.6
556
 2013 04 20 03 28 29.917     2013 04 20 03 28 36.526       6.6
 2013 04 20 15 11 36.971     2013 04 20 15 14  9.951     153.0
557
 2013 04 20 16 15 13.053     2013 04 20 16 17 51.143     158.1
 2013 04 20 22 49 59.492     2013 04 20 22 53 34.846     215.4
558
 2013 04 20 03 36 31.273     2013 04 20 03 36 43.251      12.0
 2013 04 20 11 53  5.137     2013 04 20 11 56 52.815     227.7
559
 2013 04 20 05 45 26.952     2013 04 20 05 48 39.437     192.5
 2013 04 20 17 34 26.140     2013 04 20 17 37 32.195     186.1
560
 2013 04 20 00 46  8.946     2013 04 20 00 47 30.517      81.6
 2013 04 20 17 49 35.280     2013 04 20 17 52 11.186     155.9
561
 2013 04 20 07 29 11.110     2013 04 20 07 32 31.791     200.7
562
 2013 04 20 04 01 16.623     2013 04 20 04 03 51.120     154.5
563
 2013 04 20 08 12 46.243     2013 04 20 08 15 20.568     154.3
564
 2013 04 20 12 09 40.217     2013 04 20 12 12 35.132     174.9
 2013 04 20 22 15 29.257     2013 04 20 22 15 35.797       6.5
565
 2013 04 20 12 55  8.168     2013 04 20 12 57 43.027     154.9
566
 2013 04 20 05 03 58.112     2013 04 20 05 06 54.064     176.0
567
568
 2013 04 20 16 14 20.830     2013 04 20 16 17 10.813     170.0
569
 2013 04 20 21 17 48.172     2013 04 20 21 18 37.276      49.1
570
 2013 04 20 16 15 22.407     2013 04 20 16 18 33.277     190.9
 2013 04 20 22 51 16.429     2013 04 20 22 54 26.053     189.6
571
572
 2013 04 20 08 56 33.584     2013 04 20 09 00 11.692     218.1
573
 2013 04 20 12 46 43.214     2013 04 20 12 49 48.076     184.9
574
 2013 04 20 14 40 46.141     2013 04 20 14 43 34.253     168.1
 2013 04 20 21 16 12.161     2013 04 20 21 19 36.578     204.4
575
 2013 04 20 03 23 11.162     2013 04 20 03 25 49.573     158.4
 2013 04 20 15 14  2.321     2013 04 20 15 17  6.624     184.3
576
577
 2013 04 20 00 25 46.685     2013 04 20 00 28 46.547     179.9
 2013 04 20 08 42 10.406     2013 04 20 08 45 56.083     225.7
578
 2013 04 20 19 16 51.656     2013 04 20 19 17  3.658      12.0
579
 2013 04 20 13 02  5.979     2013 04 20 13 02 28.427      22.4
 2013 04 20 21 21 17.913     2013 04 20 21 24  7.094     169.2
580
 2013 04 20 00 00   .000     2013 04 20 00 03 19.643     199.6
 2013 04 20 17 04 26.077     2013 04 20 17 07 21.744     175.7
 2013 04 20 23 38 29.657     2013 04 20 23 41 44.583     194.9
581
 2013 04 20 10 42  2.160     2013 04 20 10 45 36.683     214.5
 2013 04 20 18 58 37.218     2013 04 20 19 01 51.756     194.5
582
 2013 04 20 01 42 31.289     2013 04 20 01 45  9.010     157.7
 2013 04 20 15 20 38.470     2013 04 20 15 23 16.238     157.8
583
 2013 04 20 22 08 21.089     2013 04 20 22 11 22.876     181.8
584
 2013 04 20 07 56 35.841     2013 04 20 07 59 12.218     156.4
 2013 04 20 23 18  6.394     2013 04 20 23 20 56.455     170.1
585
 2013 04 20 02 03 33.488     2013 04 20 02 03 46.431      12.9
586
587
 2013 04 20 04 12 46.019     2013 04 20 04 13 55.394      69.4
 2013 04 20 16 02 39.306     2013 04 20 16 03 16.085      36.8
588
 2013 04 20 06 40 12.251     2013 04 20 06 43  9.700     177.4
 2013 04 20 16 40 31.082     2013 04 20 16 43  6.992     155.9
589
590
 2013 04 20 19 56 45.872     2013 04 20 19 57 46.317      60.4
591
 2013 04 20 08 03 58.207     2013 04 20 08 06 34.125     155.9
592
 2013 04 20 02 23 56.872     2013 04 20 02 27 23.263     206.4
 2013 04 20 17 46  5.112     2013 04 20 17 49 17.936     192.8
593
 2013 04 20 21 17 40.613     2013 04 20 21 20 44.576     184.0
594
 2013 04 20 13 48 38.193     2013 04 20 13 52 24.227     226.0
 2013 04 20 22 11 31.815     2013 04 20 22 12  1.237      29.4
595
 2013 04 20 11 59 49.017     2013 04 20 12 00 40.532      51.5
596
 2013 04 20 08 59 14.555     2013 04 20 09 02 26.449     191.9
597
 2013 04 20 04 46 19.990     2013 04 20 04 49 18.231     178.2
 2013 04 20 20 09 49.239     2013 04 20 20 12 29.407     160.2
598
 2013 04 20 06 46 38.505     2013 04 20 06 50 17.411     218.9
599
 2013 04 20 08 17 31.134     2013 04 20 08 20 45.553     194.4
600
 2013 04 20 15 10 58.163     2013 04 20 15 14 40.900     222.7
601
 2013 04 20 08 00 41.773     2013 04 20 08 03 34.473     172.7
 2013 04 20 21 38  1.264     2013 04 20 21 40 52.578     171.3
602
 2013 04 20 04 44 23.554     2013 04 20 04 47 45.213     201.7
603
604
 2013 04 20 23 09 42.965     2013 04 20 23 13 17.744     214.8
605
 2013 04 20 11 26 24.399     2013 04 20 11 29 56.939     212.5
606
 2013 04 20 13 52  9.173     2013 04 20 13 54 47.565     158.4
 2013 04 20 22 06 30.813     2013 04 20 22 10 14.337     223.5
607
 2013 04 20 02 05 59.875     2013 04 20 02 08 41.427     161.6
 2013 04 20 08 39 51.969     2013 04 20 08 42 56.302     184.3
608
 2013 04 20 19 58 16.074     2013 04 20 19 59 11.929      55.9
609
 2013 04 20 01 08  1.301     2013 04 20 01 10 37.456     156.2
 2013 04 20 11 09 59.336     2013 04 20 11 13 39.722     220.4
610
611
 2013 04 20 06 43  4.643     2013 04 20 06 46 36.784     212.1
612
 2013 04 20 11 20  2.401     2013 04 20 11 23 17.098     194.7
613
614
615
616
 2013 04 20 02 05  6.908     2013 04 20 02 08 54.421     227.5
 2013 04 20 03 43 10.948     2013 04 20 03 46 36.935     206.0
 2013 04 20 06 59 46.746     2013 04 20 07 00 16.604      29.9
 2013 04 20 08 38 20.920     2013 04 20 08 41 16.951     176.0
617
 2013 04 20 11 13 21.313     2013 04 20 11 16 20.057     178.7
618
619
 2013 04 20 04 03 45.935     2013 04 20 04 07 31.025     225.1
 2013 04 20 17 43 32.210     2013 04 20 17 46  7.590     155.4
620
 2013 04 20 14 23 30.302     2013 04 20 14 26 13.242     162.9
621
 2013 04 20 04 40 25.168     2013 04 20 04 43 56.794     211.6
 2013 04 20 23 23 26.058     2013 04 20 23 26 22.853     176.8
622
623
 2013 04 20 22 15 23.435     2013 04 20 22 18  3.614     160.2
624
 2013 04 20 03 11  9.298     2013 04 20 03 13 58.718     169.4
 2013 04 20 18 34 52.693     2013 04 20 18 38 13.744     201.1
625
626
 2013 04 20 05 09 38.879     2013 04 20 05 13 10.436     211.6
 2013 04 20 13 25 39.641     2013 04 20 13 28 54.896     195.3
627
 2013 04 20 22 04 49.572     2013 04 20 22 08 25.589     216.0
628
 2013 04 20 00 24 41.230     2013 04 20 00 27 17.336     156.1
629
 2013 04 20 05 44 47.068     2013 04 20 05 47 22.215     155.1
 2013 04 20 17 35 14.091     2013 04 20 17 38 59.241     225.2
630
 2013 04 20 02 35 21.790     2013 04 20 02 38 11.109     169.3
631
 2013 04 20 05 30 54.404     2013 04 20 05 33 35.084     160.7
 2013 04 20 22 34 53.209     2013 04 20 22 37 33.669     160.5
632
 2013 04 20 06 19  1.551     2013 04 20 06 21 58.916     177.4
 2013 04 20 23 22  2.842     2013 04 20 23 25 47.404     224.6
633
 2013 04 20 07 09 25.170     2013 04 20 07 12 40.158     195.0
 2013 04 20 22 31 15.467     2013 04 20 22 34 48.289     212.8
634
 2013 04 20 01 36 19.611     2013 04 20 01 39 35.213     195.6
 2013 04 20 17 00 44.366     2013 04 20 17 04  2.496     198.1
635
 2013 04 20 09 55  9.895     2013 04 20 09 57 45.377     155.5
 2013 04 20 18 10 25.542     2013 04 20 18 13 18.363     172.8
636
637
 2013 04 20 17 53  2.590     2013 04 20 17 55 51.563     169.0
 2013 04 20 22 48 18.897     2013 04 20 22 51 12.996     174.1
638
 2013 04 20 07 36  1.529     2013 04 20 07 39  4.286     182.8
 2013 04 20 14 09 58.315     2013 04 20 14 12 36.678     158.4
639
 2013 04 20 09 32 32.646     2013 04 20 09 36  5.816     213.2
640
 2013 04 20 18 25 22.369     2013 04 20 18 28  2.095     159.7
641
 2013 04 20 09 05 34.674     2013 04 20 09 05 51.078      16.4
 2013 04 20 17 21 39.428     2013 04 20 17 25 24.348     224.9
642
 2013 04 20 06 28  4.087     2013 04 20 06 31 14.239     190.2
 2013 04 20 20 01 59.688     2013 04 20 20 05 31.765     212.1
643
 2013 04 20 07 12 26.085     2013 04 20 07 15 12.080     166.0
 2013 04 20 20 51 55.117     2013 04 20 20 55 19.765     204.6
644
 2013 04 20 16 18 55.342     2013 04 20 16 22 22.380     207.0
 2013 04 20 21 14 42.339     2013 04 20 21 17 19.209     156.9
645
 2013 04 20 09 08  3.808     2013 04 20 09 10 39.908     156.1
 2013 04 20 17 22 58.930     2013 04 20 17 26  6.837     187.9
646
 2013 04 20 00 03 57.457     2013 04 20 00 06 46.200     168.7
 2013 04 20 15 24 33.206     2013 04 20 15 27 35.382     182.2
 2013 04 20 23 42 21.812     2013 04 20 23 45 16.803     175.0
647
 2013 04 20 09 58   .327     2013 04 20 10 01  8.190     187.9
 2013 04 20 16 31 45.172     2013 04 20 16 34 25.019     159.8
648
 2013 04 20 16 34  2.247     2013 04 20 16 36 51.178     168.9
649
650
 2013 04 20 23 20  5.905     2013 04 20 23 22 47.495     161.6
651
 2013 04 20 17 41 23.580     2013 04 20 17 42 10.370      46.8
652
 2013 04 20 04 26 21.283     2013 04 20 04 29 29.726     188.4
 2013 04 20 11 02  7.120     2013 04 20 11 05  1.034     173.9
653
 2013 04 20 15 27 43.660     2013 04 20 15 28 51.484      67.8
 2013 04 20 17 05 37.828     2013 04 20 17 06 38.590      60.8
 2013 04 20 22 02  1.288     2013 04 20 22 04 54.197     172.9
654
 2013 04 20 06 23 35.057     2013 04 20 06 27 22.382     227.3
655
656
 2013 04 20 18 25 46.831     2013 04 20 18 25 49.114       2.3
657
 2013 04 20 00 17 25.262     2013 04 20 00 18 15.252      50.0
 2013 04 20 12 02 48.780     2013 04 20 12 06   .921     192.1
658
 2013 04 20 16 18 44.558     2013 04 20 16 22   .729     196.2
 2013 04 20 21 14 25.953     2013 04 20 21 17  7.409     161.5
659
 2013 04 20 12 18 51.141     2013 04 20 12 21 27.856     156.7
 2013 04 20 18 53 49.282     2013 04 20 18 57 22.633     213.4
660
661
 2013 04 20 08 08 38.923     2013 04 20 08 11 37.721     178.8
 2013 04 20 19 57  3.450     2013 04 20 20 00 21.860     198.4
662
663
 2013 04 20 14 28 42.387     2013 04 20 14 31 16.126     153.7
664
 2013 04 20 03 31 14.389     2013 04 20 03 34 39.587     205.2
 2013 04 20 13 30 53.085     2013 04 20 13 33 26.718     153.6
665
 2013 04 20 18 24 56.215     2013 04 20 18 28 12.615     196.4
666
667
 2013 04 20 05 02 27.527     2013 04 20 05 05 46.074     198.5
668
 2013 04 20 00 29 55.785     2013 04 20 00 32 33.599     157.8
 2013 04 20 07 04 58.108     2013 04 20 07 08  3.114     185.0
669
 2013 04 20 00 04 34.960     2013 04 20 00 08 13.747     218.8
 2013 04 20 23 42 56.316     2013 04 20 23 46 46.767     230.5
670
 2013 04 20 20 34   .112     2013 04 20 20 37 33.694     213.6
671
 2013 04 20 05 07 55.105     2013 04 20 05 11 21.831     206.7
672
 2013 04 20 00 31 38.088     2013 04 20 00 34 18.199     160.1
 2013 04 20 05 26 19.296     2013 04 20 05 26 52.504      33.2
 2013 04 20 07 04 34.830     2013 04 20 07 08   .349     205.5
673
 2013 04 20 00 03 19.974     2013 04 20 00 06  2.346     162.4
 2013 04 20 15 25 42.035     2013 04 20 15 28 20.579     158.5
 2013 04 20 23 41 49.375     2013 04 20 23 44 28.605     159.2
674
 2013 04 20 04 25 35.301     2013 04 20 04 26 19.182      43.9
 2013 04 20 12 38  6.415     2013 04 20 12 41 12.866     186.5
675
 2013 04 20 09 45 12.308     2013 04 20 09 45 45.591      33.3
676
 2013 04 20 07 35 45.457     2013 04 20 07 38 50.731     185.3
 2013 04 20 14 11 20.272     2013 04 20 14 14  3.113     162.8
677
 2013 04 20 10 44 43.974     2013 04 20 10 47 20.827     156.9
 2013 04 20 17 19 36.321     2013 04 20 17 22 34.699     178.4
678
 2013 04 20 00 06 47.765     2013 04 20 00 08 31.040     103.3
 2013 04 20 13 47 18.831     2013 04 20 13 49 57.824     159.0
 2013 04 20 23 45 21.944     2013 04 20 23 49   .809     218.9
679
 2013 04 20 14 35  5.425     2013 04 20 14 37 41.453     156.0
680
 2013 04 20 09 55 22.000     2013 04 20 09 58   .513     158.5
 2013 04 20 18 10  2.616     2013 04 20 18 13  6.960     184.3
681
 2013 04 20 12 12  5.359     2013 04 20 12 12 10.193       4.8
682
 2013 04 20 00 03 12.213     2013 04 20 00 06  5.259     173.0
 2013 04 20 15 25 56.239     2013 04 20 15 28 34.958     158.7
 2013 04 20 23 41 42.861     2013 04 20 23 44 30.453     167.6
683
 2013 04 20 00 00   .000     2013 04 20 00 00 11.770      11.8
 2013 04 20 18 39 44.567     2013 04 20 18 42 39.624     175.1
 2013 04 20 23 35  6.457     2013 04 20 23 38 41.664     215.2
684
 2013 04 20 01 17 59.443     2013 04 20 01 20 44.719     165.3
 2013 04 20 07 52   .809     2013 04 20 07 54 39.920     159.1
685
 2013 04 20 09 55 26.220     2013 04 20 09 55 34.838       8.6
686
 2013 04 20 07 12 37.214     2013 04 20 07 15 17.477     160.3
 2013 04 20 20 51 46.974     2013 04 20 20 55  6.017     199.0
687
 2013 04 20 05 47  7.032     2013 04 20 05 49 57.777     170.7
 2013 04 20 17 34 50.751     2013 04 20 17 38 24.870     214.1
688
 2013 04 20 22 28 39.282     2013 04 20 22 31 21.420     162.1
689
 2013 04 20 08 21 50.853     2013 04 20 08 24 28.456     157.6
690
 2013 04 20 08 03 56.641     2013 04 20 08 06 35.350     158.7
691
 2013 04 20 01 12 52.434     2013 04 20 01 15 47.117     174.7
 2013 04 20 09 30 49.573     2013 04 20 09 34 33.449     223.9
692
 2013 04 20 05 05 40.083     2013 04 20 05 09 25.053     225.0
 2013 04 20 15 07 16.502     2013 04 20 15 10 32.869     196.4
693
 2013 04 20 01 31 37.570     2013 04 20 01 35  1.480     203.9
 2013 04 20 20 14 22.036     2013 04 20 20 17 34.170     192.1
694
 2013 04 20 09 11  8.903     2013 04 20 09 13 46.269     157.4
 2013 04 20 15 45 10.094     2013 04 20 15 47 54.897     164.8
695
 2013 04 20 16 13 59.731     2013 04 20 16 17 33.153     213.4
696
 2013 04 20 07 26 58.947     2013 04 20 07 30 25.882     206.9
 2013 04 20 17 29 32.420     2013 04 20 17 32 11.425     159.0
697
698
 2013 04 20 06 40 38.345     2013 04 20 06 43 27.406     169.1
 2013 04 20 16 40 30.847     2013 04 20 16 43  5.752     154.9
699
 2013 04 20 16 50 50.731     2013 04 20 16 54 10.157     199.4
700
701
702
 2013 04 20 04 53 59.314     2013 04 20 04 56 33.577     154.3
703
704
 2013 04 20 04 26 27.757     2013 04 20 04 29  6.363     158.6
 2013 04 20 11 01  8.155     2013 04 20 11 04  3.427     175.3
705
 2013 04 20 04 12 31.427     2013 04 20 04 12 54.359      22.9
706
 2013 04 20 04 56 29.300     2013 04 20 04 59 14.418     165.1
707
 2013 04 20 02 34  1.242     2013 04 20 02 37 41.680     220.4
708
 2013 04 20 02 50 52.597     2013 04 20 02 53 32.756     160.2
709
 2013 04 20 04 49 52.071     2013 04 20 04 52 58.834     186.8
710
 2013 04 20 03 27 16.065     2013 04 20 03 28 16.401      60.3
711
 2013 04 20 11 20 34.576     2013 04 20 11 23 52.020     197.4
712
 2013 04 20 04 54 19.777     2013 04 20 04 57 30.474     190.7
713
 2013 04 20 03 36 22.851     2013 04 20 03 39  4.494     161.6
 2013 04 20 11 52   .913     2013 04 20 11 54 36.163     155.2
714
 2013 04 20 04 01 46.350     2013 04 20 04 04 26.729     160.4
715
716
 2013 04 20 09 11 55.319     2013 04 20 09 14 33.445     158.1
 2013 04 20 14 06 41.683     2013 04 20 14 10 33.957     232.3
 2013 04 20 15 44 46.083     2013 04 20 15 48 25.084     219.0
717
 2013 04 20 01 18  2.389     2013 04 20 01 20 43.409     161.0
 2013 04 20 07 52 40.548     2013 04 20 07 55 18.473     157.9
718
719
 2013 04 20 12 54 36.023     2013 04 20 12 57 18.406     162.4
720
 2013 04 20 05 32  6.644     2013 04 20 05 34 42.472     155.8
 2013 04 20 22 33 50.997     2013 04 20 22 33 57.068       6.1
721
 2013 04 20 00 17  5.360     2013 04 20 00 20 42.881     217.5
 2013 04 20 12 01 21.917     2013 04 20 12 02 29.703      67.8
722
 2013 04 20 04 16 50.117     2013 04 20 04 19 50.157     180.0
 2013 04 20 14 20 16.371     2013 04 20 14 23 32.697     196.3
723
 2013 04 20 06 28 24.041     2013 04 20 06 31 25.832     181.8
 2013 04 20 20 01 46.279     2013 04 20 20 02 35.200      48.9
724
 2013 04 20 04 24 11.984     2013 04 20 04 24 19.406       7.4
 2013 04 20 14 16  3.040     2013 04 20 14 16  6.717       3.7
725
 2013 04 20 01 51 31.662     2013 04 20 01 54  5.287     153.6
 2013 04 20 13 37 18.354     2013 04 20 13 38 11.004      52.7
726
727
 2013 04 20 08 22 46.560     2013 04 20 08 25 26.698     160.1
 2013 04 20 14 57 55.066     2013 04 20 15 00 59.856     184.8
728
 2013 04 20 17 44 49.591     2013 04 20 17 47 29.597     160.0
729
 2013 04 20 06 49  7.876     2013 04 20 06 52 13.773     185.9
 2013 04 20 13 24 10.016     2013 04 20 13 26 51.192     161.2
730
 2013 04 20 06 02 53.033     2013 04 20 06 05 33.876     160.8
 2013 04 20 10 57 53.027     2013 04 20 10 58 47.767      54.7
 2013 04 20 12 35 56.802     2013 04 20 12 39 43.046     226.2
731
 2013 04 20 15 28 58.231     2013 04 20 15 32 15.867     197.6
 2013 04 20 17 06 35.057     2013 04 20 17 07  5.826      30.8
 2013 04 20 22 02 35.886     2013 04 20 22 05 20.399     164.5
732
 2013 04 20 17 29 53.870     2013 04 20 17 30 26.382      32.5
733
 2013 04 20 13 41 17.690     2013 04 20 13 44 15.022     177.3
734
 2013 04 20 06 45 22.751     2013 04 20 06 47 58.019     155.3
 2013 04 20 15 01 34.117     2013 04 20 15 04  8.820     154.7
735
 2013 04 20 04 20 23.886     2013 04 20 04 23  3.659     159.8
736
 2013 04 20 01 37 53.736     2013 04 20 01 40 35.966     162.2
 2013 04 20 17 00 16.335     2013 04 20 17 02 54.601     158.3
737
 2013 04 20 08 11 33.788     2013 04 20 08 14 17.047     163.3
738
 2013 04 20 12 00 20.870     2013 04 20 12 02 54.090     153.2
739
 2013 04 20 05 37 24.498     2013 04 20 05 40 55.463     211.0
740
 2013 04 20 21 27 36.607     2013 04 20 21 30 10.203     153.6
741
 2013 04 20 01 00 48.223     2013 04 20 01 04 18.915     210.7
 2013 04 20 12 53  9.713     2013 04 20 12 55 53.976     164.3
742
 2013 04 20 04 45 25.308     2013 04 20 04 48 41.292     196.0
 2013 04 20 20 07 49.157     2013 04 20 20 08 29.502      40.3
743
 2013 04 20 11 29 43.265     2013 04 20 11 32 18.818     155.6
 2013 04 20 19 44 57.483     2013 04 20 19 47 49.104     171.6
744
745
 2013 04 20 00 17 45.860     2013 04 20 00 20 30.330     164.5
746
 2013 04 20 06 23 16.757     2013 04 20 06 26  8.479     171.7
747
748
 2013 04 20 19 47 15.212     2013 04 20 19 49 51.116     155.9
749
 2013 04 20 04 45 59.751     2013 04 20 04 46 10.702      11.0
 2013 04 20 21 45 39.982     2013 04 20 21 48 25.353     165.4
750
 2013 04 20 12 17 33.680     2013 04 20 12 20 59.283     205.6
 2013 04 20 20 30 32.444     2013 04 20 20 31 46.566      74.1
751
 2013 04 20 05 03 50.535     2013 04 20 05 06 25.986     155.5
752
753
 2013 04 20 21 29 41.303     2013 04 20 21 32 33.611     172.3
754
 2013 04 20 05 56 19.573     2013 04 20 05 58 54.873     155.3
755
 2013 04 20 07 59 50.312     2013 04 20 08 00 36.773      46.5
 2013 04 20 23 16 18.276     2013 04 20 23 19 33.802     195.5
756
 2013 04 20 00 45 53.288     2013 04 20 00 48 48.659     175.4
 2013 04 20 17 51   .760     2013 04 20 17 54 20.165     199.4
 2013 04 20 19 28 42.084     2013 04 20 19 30  5.119      83.0
757
 2013 04 20 03 40 30.489     2013 04 20 03 43 18.363     167.9
 2013 04 20 08 38 58.115     2013 04 20 08 39 14.245      16.1
 2013 04 20 10 13 36.666     2013 04 20 10 16 47.809     191.1
758
 2013 04 20 02 54 43.985     2013 04 20 02 57 30.200     166.2
 2013 04 20 07 49 54.597     2013 04 20 07 52 43.738     169.1
759
 2013 04 20 02 52  4.990     2013 04 20 02 55 30.564     205.6
 2013 04 20 04 29 45.162     2013 04 20 04 30 16.970      31.8
 2013 04 20 09 25 57.824     2013 04 20 09 28 36.151     158.3
760
 2013 04 20 07 23  9.354     2013 04 20 07 26 22.009     192.7
761
762
 2013 04 20 05 16  6.372     2013 04 20 05 18 43.732     157.4
 2013 04 20 10 11  4.790     2013 04 20 10 14 17.780     193.0
763
 2013 04 20 00 12 16.968     2013 04 20 00 15 24.281     187.3
764
 2013 04 20 10 37 54.457     2013 04 20 10 40 32.120     157.7
 2013 04 20 20 36 52.186     2013 04 20 20 40 28.523     216.3
765
 2013 04 20 03 22 55.232     2013 04 20 03 23 23.088      27.9
 2013 04 20 15 15  8.499     2013 04 20 15 17 42.664     154.2
766
 2013 04 20 15 58 14.646     2013 04 20 16 00 58.604     164.0
767
 2013 04 20 03 55 34.192     2013 04 20 03 58 55.981     201.8
 2013 04 20 20 59  2.731     2013 04 20 21 01 38.671     155.9
768
769
 2013 04 20 08 50  1.731     2013 04 20 08 52 34.836     153.1
 2013 04 20 22 24 35.571     2013 04 20 22 26 17.901     102.3
770
 2013 04 20 06 40 56.575     2013 04 20 06 43 45.326     168.8
 2013 04 20 16 40 19.689     2013 04 20 16 43  3.006     163.3
771
 2013 04 20 12 12 48.749     2013 04 20 12 15 23.583     154.8
 2013 04 20 22 10 53.546     2013 04 20 22 12 54.926     121.4
772
 2013 04 20 13 33  8.842     2013 04 20 13 33 42.266      33.4
773
 2013 04 20 13 55 13.387     2013 04 20 13 58 14.316     180.9
 2013 04 20 20 29 27.493     2013 04 20 20 32 39.392     191.9
774
 2013 04 20 19 05  1.151     2013 04 20 19 07 51.533     170.4
775
 2013 04 20 12 07 57.206     2013 04 20 12 11 18.799     201.6
776
 2013 04 20 06 27  2.895     2013 04 20 06 30 41.539     218.6
 2013 04 20 20 04  8.048     2013 04 20 20 06 23.859     135.8
777
 2013 04 20 13 24 54.003     2013 04 20 13 27 53.552     179.5
778
779
780
781
 2013 04 20 18 17 57.694     2013 04 20 18 21 29.190     211.5
782
 2013 04 20 16 18 30.643     2013 04 20 16 21 42.025     191.4
 2013 04 20 21 14 10.481     2013 04 20 21 17  1.810     171.3
783
 2013 04 20 23 16 37.210     2013 04 20 23 19 13.933     156.7
784
 2013 04 20 02 32 55.033     2013 04 20 02 36 17.264     202.2
785
 2013 04 20 08 58  7.960     2013 04 20 09 00 48.483     160.5
786
 2013 04 20 01 59 38.583     2013 04 20 02 02 52.067     193.5
 2013 04 20 10 22 25.956     2013 04 20 10 22 25.327       -.6
787
 2013 04 20 01 38  5.209     2013 04 20 01 39  8.987      63.8
 2013 04 20 17 00 37.203     2013 04 20 17 04 19.444     222.2
788
 2013 04 20 01 06 10.843     2013 04 20 01 08 51.669     160.8
789
 2013 04 20 00 48 49.543     2013 04 20 00 51 28.407     158.9
790
 2013 04 20 02 37  6.359     2013 04 20 02 39 48.124     161.8
 2013 04 20 14 25 44.911     2013 04 20 14 28 19.475     154.6
791
 2013 04 20 22 21 40.622     2013 04 20 22 24 35.322     174.7
792
 2013 04 20 07 18 39.099     2013 04 20 07 21 47.115     188.0
793
794
 2013 04 20 00 52 29.337     2013 04 20 00 55  3.555     154.2
795
796
 2013 04 20 02 35 59.064     2013 04 20 02 38 51.835     172.8
 2013 04 20 14 27  7.683     2013 04 20 14 29 52.216     164.5
797
 2013 04 20 02 04 12.017     2013 04 20 02 06 50.297     158.3
 2013 04 20 08 39 19.517     2013 04 20 08 42 48.904     209.4
798
 2013 04 20 03 53 37.165     2013 04 20 03 57 26.905     229.7
 2013 04 20 22 35 48.462     2013 04 20 22 39 40.069     231.6
799
 2013 04 20 18 30 31.679     2013 04 20 18 31 16.808      45.1
