0 18.1318 -133.0356 9 15 8
2  45.0 45.0 0.00
1 -33.7349 1.2066 2 28 7
2  45.0 45.0 0.00
2 -19.3540 81.6574 5 18 9
2  45.0 45.0 0.00
3 19.9899 34.1723 5 25 6
2  45.0 45.0 0.00
4 -9.5218 -12.5789 6 16 7
2  45.0 45.0 0.00
5 9.1103 -165.3714 8 23 7
2  45.0 45.0 0.00
6 -10.6397 48.6975 8 26 8
2  45.0 45.0 0.00
7 41.3885 81.0935 1 18 8
2  45.0 45.0 0.00
8 25.9690 25.6960 2 23 5
2  45.0 45.0 0.00
9 18.7197 -62.3799 6 25 7
2  45.0 45.0 0.00
10 16.9614 -8.2536 7 27 6
2  45.0 45.0 0.00
11 -31.1645 -176.4261 5 23 9
2  45.0 45.0 0.00
12 -38.0422 159.2455 6 21 9
2  45.0 45.0 0.00
13 19.3073 159.7642 1 24 9
2  45.0 45.0 0.00
14 49.1124 -49.2917 6 15 5
2  45.0 45.0 0.00
15 35.9121 143.3832 8 15 9
2  45.0 45.0 0.00
16 -25.5223 -55.1617 1 16 9
2  45.0 45.0 0.00
17 44.7905 107.7653 2 21 5
2  45.0 45.0 0.00
18 40.3361 -129.0262 9 19 5
2  45.0 45.0 0.00
19 32.0800 -140.4148 1 26 5
2  45.0 45.0 0.00
20 24.6780 79.7837 10 26 9
2  45.0 45.0 0.00
21 -21.5250 -29.1804 7 26 7
2  45.0 45.0 0.00
22 -20.3828 163.8584 7 26 9
2  45.0 45.0 0.00
23 31.1999 132.9712 3 24 8
2  45.0 45.0 0.00
24 40.5764 0.1275 2 21 5
2  45.0 45.0 0.00
25 34.1035 -164.9871 8 28 5
2  45.0 45.0 0.00
26 24.2564 -126.2488 10 15 9
2  45.0 45.0 0.00
27 3.9858 18.5126 4 17 6
2  45.0 45.0 0.00
28 0.3825 -157.1334 9 28 7
2  45.0 45.0 0.00
29 45.0890 -34.7242 6 21 9
2  45.0 45.0 0.00
30 45.9274 1.1224 3 15 9
2  45.0 45.0 0.00
31 -28.3595 -72.8170 1 26 5
2  45.0 45.0 0.00
32 -25.9454 2.0344 9 24 7
2  45.0 45.0 0.00
33 -36.2096 156.1129 9 27 7
2  45.0 45.0 0.00
34 -27.2510 70.6766 8 20 9
2  45.0 45.0 0.00
35 33.8435 41.8187 7 27 7
2  45.0 45.0 0.00
36 -8.6722 27.2935 8 15 9
2  45.0 45.0 0.00
37 -29.0740 -140.7469 1 16 9
2  45.0 45.0 0.00
38 -27.5736 106.0808 1 29 6
2  45.0 45.0 0.00
39 52.7835 -30.4855 6 19 8
2  45.0 45.0 0.00
40 52.1224 34.3184 4 28 5
2  45.0 45.0 0.00
41 -27.8830 -140.0023 10 17 6
2  45.0 45.0 0.00
42 12.3272 -18.0636 3 19 7
2  45.0 45.0 0.00
43 19.0181 -11.5695 4 26 7
2  45.0 45.0 0.00
44 -47.7675 120.7511 7 28 7
2  45.0 45.0 0.00
45 -5.4859 77.6458 5 29 6
2  45.0 45.0 0.00
46 -10.1802 -67.1396 7 17 5
2  45.0 45.0 0.00
47 34.2229 51.5695 8 28 9
2  45.0 45.0 0.00
48 -40.8512 167.5133 9 26 8
2  45.0 45.0 0.00
49 30.7451 8.7475 5 23 9
2  45.0 45.0 0.00
50 3.1901 49.1841 9 26 5
2  45.0 45.0 0.00
51 -36.4321 66.2272 4 22 8
2  45.0 45.0 0.00
52 2.2547 -138.2757 6 27 8
2  45.0 45.0 0.00
53 -20.9039 -71.4571 9 17 8
2  45.0 45.0 0.00
54 -49.1662 26.5844 6 28 8
2  45.0 45.0 0.00
55 -44.0908 -160.5142 6 18 9
2  45.0 45.0 0.00
56 44.9384 -127.7051 8 29 7
2  45.0 45.0 0.00
57 28.3378 17.2547 1 16 8
2  45.0 45.0 0.00
58 -38.2773 -124.4551 7 18 6
2  45.0 45.0 0.00
59 52.8633 -121.9604 3 16 9
2  45.0 45.0 0.00
60 -1.2148 -55.2585 2 29 7
2  45.0 45.0 0.00
61 48.3624 90.7999 9 15 7
2  45.0 45.0 0.00
62 -42.1696 -15.9323 3 22 9
2  45.0 45.0 0.00
63 -13.1433 -137.6375 7 20 8
2  45.0 45.0 0.00
64 27.0155 -107.2410 1 21 9
2  45.0 45.0 0.00
65 40.4789 -60.5736 5 22 7
2  45.0 45.0 0.00
66 44.8197 173.2942 6 20 8
2  45.0 45.0 0.00
67 8.2090 -109.9406 3 23 8
2  45.0 45.0 0.00
68 -51.3977 4.3072 2 23 7
2  45.0 45.0 0.00
69 19.4139 48.7897 6 19 8
2  45.0 45.0 0.00
70 40.3899 114.9295 10 21 9
2  45.0 45.0 0.00
71 -22.6382 150.0623 5 29 9
2  45.0 45.0 0.00
72 13.1980 -95.3449 10 23 9
2  45.0 45.0 0.00
73 -40.1951 -143.6687 4 25 8
2  45.0 45.0 0.00
74 -33.7719 14.2017 1 25 7
2  45.0 45.0 0.00
75 -27.2527 41.6019 1 29 7
2  45.0 45.0 0.00
76 -26.8870 -165.6961 8 26 7
2  45.0 45.0 0.00
77 -42.0206 13.9879 7 22 6
2  45.0 45.0 0.00
78 17.0240 -97.3568 10 23 8
2  45.0 45.0 0.00
79 29.6760 150.9806 5 24 5
2  45.0 45.0 0.00
80 8.7163 149.8796 5 23 8
2  45.0 45.0 0.00
81 -16.7917 -144.6988 8 29 9
2  45.0 45.0 0.00
82 18.1123 170.9667 2 22 6
2  45.0 45.0 0.00
83 8.9863 -6.3364 8 15 6
2  45.0 45.0 0.00
84 8.6862 27.7508 3 20 9
2  45.0 45.0 0.00
85 47.8943 159.5325 4 15 5
2  45.0 45.0 0.00
86 -18.7081 -178.3755 3 26 5
2  45.0 45.0 0.00
87 -18.0182 -5.5610 2 15 9
2  45.0 45.0 0.00
88 -52.4149 37.6282 4 25 6
2  45.0 45.0 0.00
89 19.6838 78.5328 3 20 9
2  45.0 45.0 0.00
90 -21.4582 129.6000 10 19 9
2  45.0 45.0 0.00
91 -52.4548 29.1411 9 26 6
2  45.0 45.0 0.00
92 -10.7651 -166.2518 8 28 7
2  45.0 45.0 0.00
93 17.6340 -114.0701 9 22 5
2  45.0 45.0 0.00
94 -42.3763 -11.3809 4 18 5
2  45.0 45.0 0.00
95 50.6068 128.5007 3 16 7
2  45.0 45.0 0.00
96 -28.2293 26.5797 7 16 5
2  45.0 45.0 0.00
97 -3.8681 76.5529 10 28 6
2  45.0 45.0 0.00
98 26.4014 86.1689 2 24 5
2  45.0 45.0 0.00
99 49.5370 65.0997 10 17 6
2  45.0 45.0 0.00
100 0.2711 -90.2972 6 19 7
2  45.0 45.0 0.00
101 34.8928 37.7936 9 19 8
2  45.0 45.0 0.00
102 -37.2911 -15.6559 9 17 8
2  45.0 45.0 0.00
103 34.4086 153.5498 6 27 8
2  45.0 45.0 0.00
104 48.0934 -69.2849 4 18 9
2  45.0 45.0 0.00
105 -14.7482 118.1325 7 18 5
2  45.0 45.0 0.00
106 -21.5614 69.5420 3 26 9
2  45.0 45.0 0.00
107 51.3583 -86.8294 2 23 6
2  45.0 45.0 0.00
108 38.0038 -26.9148 2 17 6
2  45.0 45.0 0.00
109 -21.9888 17.3444 1 29 7
2  45.0 45.0 0.00
110 -48.6749 127.8067 1 23 9
2  45.0 45.0 0.00
111 -32.3284 177.6283 7 21 9
2  45.0 45.0 0.00
112 -52.8907 -44.1504 5 17 7
2  45.0 45.0 0.00
113 -4.7674 69.7218 6 18 7
2  45.0 45.0 0.00
114 6.9751 -43.2085 6 23 7
2  45.0 45.0 0.00
115 3.0183 -136.9272 6 28 9
2  45.0 45.0 0.00
116 33.1448 137.6650 4 26 9
2  45.0 45.0 0.00
117 -6.1934 -131.0412 3 26 6
2  45.0 45.0 0.00
118 52.0566 118.9840 10 24 9
2  45.0 45.0 0.00
119 -1.9964 -98.6416 2 26 9
2  45.0 45.0 0.00
120 10.4820 -64.2948 6 21 9
2  45.0 45.0 0.00
121 17.0476 -66.7661 6 16 7
2  45.0 45.0 0.00
122 -45.0109 -144.3431 2 23 7
2  45.0 45.0 0.00
123 -40.4254 48.1831 7 18 6
2  45.0 45.0 0.00
124 -19.1830 146.3704 2 28 7
2  45.0 45.0 0.00
125 24.9409 95.2236 6 25 6
2  45.0 45.0 0.00
126 -20.9372 -51.0076 1 16 6
2  45.0 45.0 0.00
127 -0.9240 -16.4012 8 27 7
2  45.0 45.0 0.00
128 -39.5345 -156.6611 6 20 6
2  45.0 45.0 0.00
129 41.5576 -82.9501 10 15 5
2  45.0 45.0 0.00
130 36.8164 -171.6307 1 23 8
2  45.0 45.0 0.00
131 20.3840 -27.6729 3 28 6
2  45.0 45.0 0.00
132 42.0096 38.7776 8 25 7
2  45.0 45.0 0.00
133 23.0080 -176.0917 9 18 9
2  45.0 45.0 0.00
134 17.4039 113.6334 2 25 8
2  45.0 45.0 0.00
135 -26.0550 24.4557 10 25 8
2  45.0 45.0 0.00
136 -3.6349 85.9176 7 22 6
2  45.0 45.0 0.00
137 -23.4015 109.1524 2 20 5
2  45.0 45.0 0.00
138 -45.7758 22.5212 1 21 8
2  45.0 45.0 0.00
139 2.0477 -50.3584 7 29 7
2  45.0 45.0 0.00
140 40.4068 -175.7929 2 17 5
2  45.0 45.0 0.00
141 -49.6423 -75.1965 4 28 8
2  45.0 45.0 0.00
142 -39.8168 88.5365 10 18 8
2  45.0 45.0 0.00
143 -36.2884 -145.5985 4 20 6
2  45.0 45.0 0.00
144 43.8687 41.4683 6 18 8
2  45.0 45.0 0.00
145 -42.2273 -52.1641 1 15 9
2  45.0 45.0 0.00
146 41.7727 47.3633 5 18 7
2  45.0 45.0 0.00
147 -4.8737 21.5443 8 21 5
2  45.0 45.0 0.00
148 51.7397 142.1287 2 25 5
2  45.0 45.0 0.00
149 -18.8449 -71.8474 10 26 6
2  45.0 45.0 0.00
150 -8.0817 -172.4675 6 25 9
2  45.0 45.0 0.00
151 -24.8033 112.1446 3 20 9
2  45.0 45.0 0.00
152 18.7171 -93.9484 3 28 6
2  45.0 45.0 0.00
153 -0.7627 -5.4475 1 27 9
2  45.0 45.0 0.00
154 10.3680 46.9311 9 19 5
2  45.0 45.0 0.00
155 -50.9803 153.1546 6 17 9
2  45.0 45.0 0.00
156 31.9277 27.5650 8 25 7
2  45.0 45.0 0.00
157 39.5548 143.5155 1 20 5
2  45.0 45.0 0.00
158 15.1060 -115.9969 6 22 8
2  45.0 45.0 0.00
159 26.4022 169.1714 5 21 9
2  45.0 45.0 0.00
160 35.7591 -7.6463 5 28 7
2  45.0 45.0 0.00
161 31.0997 75.7846 10 25 6
2  45.0 45.0 0.00
162 -16.8988 64.0626 3 22 6
2  45.0 45.0 0.00
163 -42.3992 15.1591 5 21 5
2  45.0 45.0 0.00
164 9.9800 -138.8829 3 24 6
2  45.0 45.0 0.00
165 -8.4773 -132.2729 3 22 7
2  45.0 45.0 0.00
166 -47.7919 -9.2608 8 17 7
2  45.0 45.0 0.00
167 -18.8208 66.8258 10 18 7
2  45.0 45.0 0.00
168 -35.7595 -107.2616 3 15 9
2  45.0 45.0 0.00
169 49.2431 59.9668 2 19 6
2  45.0 45.0 0.00
170 -31.0613 8.2871 4 18 8
2  45.0 45.0 0.00
171 23.6524 115.9731 9 22 6
2  45.0 45.0 0.00
172 17.0468 -110.2424 5 17 7
2  45.0 45.0 0.00
173 38.8280 5.0310 3 16 6
2  45.0 45.0 0.00
174 -9.0757 -61.3806 2 28 9
2  45.0 45.0 0.00
175 -11.4374 -145.3080 1 26 5
2  45.0 45.0 0.00
176 26.8658 124.1484 3 17 5
2  45.0 45.0 0.00
177 2.7680 -101.4532 6 21 7
2  45.0 45.0 0.00
178 0.0315 -124.6141 2 29 5
2  45.0 45.0 0.00
179 49.7007 -161.5748 6 21 8
2  45.0 45.0 0.00
180 -5.2383 33.5178 4 29 6
2  45.0 45.0 0.00
181 40.0119 52.6943 10 19 8
2  45.0 45.0 0.00
182 13.4375 -153.2811 5 20 9
2  45.0 45.0 0.00
183 33.4920 -166.7554 8 29 9
2  45.0 45.0 0.00
184 15.7003 -145.5433 7 22 5
2  45.0 45.0 0.00
185 -25.3838 -45.7708 7 26 6
2  45.0 45.0 0.00
186 -16.8626 51.4070 1 15 9
2  45.0 45.0 0.00
187 -36.0034 125.0001 9 28 5
2  45.0 45.0 0.00
188 40.2525 146.5240 8 26 5
2  45.0 45.0 0.00
189 -7.8357 105.6206 6 29 6
2  45.0 45.0 0.00
190 45.8009 -160.0279 8 22 5
2  45.0 45.0 0.00
191 -15.3839 -137.3669 7 28 8
2  45.0 45.0 0.00
192 0.4889 126.8209 8 29 7
2  45.0 45.0 0.00
193 51.3010 -170.0130 2 22 5
2  45.0 45.0 0.00
194 49.6864 -133.8808 6 27 6
2  45.0 45.0 0.00
195 25.5571 -49.7009 9 19 7
2  45.0 45.0 0.00
196 -3.4832 -32.9743 2 21 7
2  45.0 45.0 0.00
197 -22.7433 -118.0994 2 15 5
2  45.0 45.0 0.00
198 -48.5565 159.4162 5 19 7
2  45.0 45.0 0.00
199 -50.0892 162.5118 2 17 5
2  45.0 45.0 0.00
200 -10.7763 -78.2262 6 26 8
2  45.0 45.0 0.00
201 32.2214 -94.0483 9 17 6
2  45.0 45.0 0.00
202 52.2503 106.4455 10 20 7
2  45.0 45.0 0.00
203 -42.8020 -33.6633 3 20 7
2  45.0 45.0 0.00
204 33.0748 -179.4259 9 20 8
2  45.0 45.0 0.00
205 -50.2528 128.3619 6 20 5
2  45.0 45.0 0.00
206 30.7064 -100.6872 8 19 9
2  45.0 45.0 0.00
207 -33.4499 44.2558 8 25 8
2  45.0 45.0 0.00
208 -48.0513 172.7010 4 27 6
2  45.0 45.0 0.00
209 -26.8987 22.1676 5 27 6
2  45.0 45.0 0.00
210 12.8227 28.0977 2 25 6
2  45.0 45.0 0.00
211 -10.9454 161.4113 8 15 6
2  45.0 45.0 0.00
212 47.4260 138.7278 8 16 7
2  45.0 45.0 0.00
213 28.8971 6.8186 2 21 8
2  45.0 45.0 0.00
214 -2.8329 84.6364 1 23 5
2  45.0 45.0 0.00
215 35.2239 -110.0164 8 16 6
2  45.0 45.0 0.00
216 -3.7799 -166.6587 3 17 9
2  45.0 45.0 0.00
217 -30.5668 3.8024 2 15 5
2  45.0 45.0 0.00
218 -27.9766 20.9191 4 21 9
2  45.0 45.0 0.00
219 -35.8989 131.9967 5 20 5
2  45.0 45.0 0.00
220 24.0936 -137.7449 7 17 5
2  45.0 45.0 0.00
221 40.9020 173.6153 7 24 7
2  45.0 45.0 0.00
222 -31.5516 128.8964 10 27 9
2  45.0 45.0 0.00
223 43.4977 88.8344 4 17 6
2  45.0 45.0 0.00
224 -25.2225 -11.6253 10 19 6
2  45.0 45.0 0.00
225 44.0076 -69.7944 9 23 8
2  45.0 45.0 0.00
226 49.3582 119.6043 7 29 7
2  45.0 45.0 0.00
227 -16.2217 137.8273 6 29 6
2  45.0 45.0 0.00
228 -28.6869 135.5039 3 23 6
2  45.0 45.0 0.00
229 -12.9294 89.4690 2 22 8
2  45.0 45.0 0.00
230 -9.0557 82.6108 5 16 5
2  45.0 45.0 0.00
231 -25.4834 121.0089 5 28 6
2  45.0 45.0 0.00
232 8.4526 -41.2718 8 29 9
2  45.0 45.0 0.00
233 -13.7684 132.8787 10 18 6
2  45.0 45.0 0.00
234 -50.0848 93.2020 10 26 5
2  45.0 45.0 0.00
235 -12.1209 132.5433 8 15 5
2  45.0 45.0 0.00
236 -35.3361 120.1757 5 28 5
2  45.0 45.0 0.00
237 -27.9661 94.3741 2 27 5
2  45.0 45.0 0.00
238 1.1479 -178.5832 3 24 8
2  45.0 45.0 0.00
239 36.4654 147.2225 7 26 6
2  45.0 45.0 0.00
240 0.9452 0.5000 9 16 8
2  45.0 45.0 0.00
241 16.5015 157.7451 5 15 7
2  45.0 45.0 0.00
242 -11.5101 99.3876 1 26 9
2  45.0 45.0 0.00
243 26.0675 -9.7375 6 26 8
2  45.0 45.0 0.00
244 11.4436 -161.8044 8 16 5
2  45.0 45.0 0.00
245 -50.5019 -146.2534 5 17 6
2  45.0 45.0 0.00
246 -2.4697 -141.1673 9 27 6
2  45.0 45.0 0.00
247 17.5167 93.5055 10 17 8
2  45.0 45.0 0.00
248 -21.4132 78.1436 6 20 5
2  45.0 45.0 0.00
249 24.8838 -103.4498 10 26 5
2  45.0 45.0 0.00
250 -13.6675 -140.5085 10 16 7
2  45.0 45.0 0.00
251 -4.4124 -41.0551 3 29 6
2  45.0 45.0 0.00
252 6.5650 100.0611 5 25 8
2  45.0 45.0 0.00
253 -22.9442 165.9813 6 22 9
2  45.0 45.0 0.00
254 51.5354 -80.0482 9 16 5
2  45.0 45.0 0.00
255 41.4347 72.2577 5 15 5
2  45.0 45.0 0.00
256 32.9583 -71.5273 8 16 6
2  45.0 45.0 0.00
257 -14.0978 175.9966 5 19 5
2  45.0 45.0 0.00
258 -23.3949 102.6061 5 29 6
2  45.0 45.0 0.00
259 2.1243 -176.5300 10 26 7
2  45.0 45.0 0.00
260 29.0115 68.9073 7 27 5
2  45.0 45.0 0.00
261 -43.0977 -177.2549 10 15 5
2  45.0 45.0 0.00
262 27.3118 -51.4287 4 26 7
2  45.0 45.0 0.00
263 -25.3742 72.2111 7 19 5
2  45.0 45.0 0.00
264 -21.7654 54.4012 3 21 7
2  45.0 45.0 0.00
265 -31.6764 -56.5721 7 27 5
2  45.0 45.0 0.00
266 40.4129 166.3200 10 22 7
2  45.0 45.0 0.00
267 -40.3311 -21.4045 10 28 7
2  45.0 45.0 0.00
268 -14.9061 168.8310 4 18 8
2  45.0 45.0 0.00
269 44.7480 -179.2023 8 20 8
2  45.0 45.0 0.00
270 33.8621 71.4419 8 24 6
2  45.0 45.0 0.00
271 -40.0066 -96.9674 4 21 7
2  45.0 45.0 0.00
272 26.5596 -124.0988 8 28 5
2  45.0 45.0 0.00
273 31.3398 124.7590 5 18 7
2  45.0 45.0 0.00
274 33.9283 116.3377 6 28 8
2  45.0 45.0 0.00
275 -18.4767 -34.4661 9 25 8
2  45.0 45.0 0.00
276 -31.9113 160.8339 7 18 6
2  45.0 45.0 0.00
277 -33.6227 -54.7801 2 17 6
2  45.0 45.0 0.00
278 41.2204 -169.6557 9 19 8
2  45.0 45.0 0.00
279 -31.3659 -155.5714 7 16 6
2  45.0 45.0 0.00
280 -44.9866 103.4773 10 27 5
2  45.0 45.0 0.00
281 52.6071 118.1738 9 28 7
2  45.0 45.0 0.00
282 23.1417 4.1925 1 25 9
2  45.0 45.0 0.00
283 32.2030 149.8116 6 22 5
2  45.0 45.0 0.00
284 -5.5305 55.0084 3 29 8
2  45.0 45.0 0.00
285 30.8824 15.1296 7 17 5
2  45.0 45.0 0.00
286 -25.6696 -72.5191 7 21 8
2  45.0 45.0 0.00
287 -9.3796 -129.1578 7 17 7
2  45.0 45.0 0.00
288 -15.4183 -12.5749 2 25 6
2  45.0 45.0 0.00
289 -13.0140 -57.2943 2 20 5
2  45.0 45.0 0.00
290 -22.4771 23.7052 9 16 5
2  45.0 45.0 0.00
291 -8.1835 112.1214 5 15 7
2  45.0 45.0 0.00
292 -4.8477 52.1996 2 26 9
2  45.0 45.0 0.00
293 -8.5054 -145.0954 8 28 6
2  45.0 45.0 0.00
294 17.2328 98.3547 2 15 9
2  45.0 45.0 0.00
295 51.1721 156.1955 10 26 8
2  45.0 45.0 0.00
296 -5.2476 -116.7503 3 15 6
2  45.0 45.0 0.00
297 20.3506 -96.6529 4 20 6
2  45.0 45.0 0.00
298 10.6069 -143.7465 2 25 6
2  45.0 45.0 0.00
299 22.2118 61.6056 7 28 7
2  45.0 45.0 0.00
300 -23.2915 -18.8969 7 15 9
2  45.0 45.0 0.00
301 1.5629 22.8049 2 17 5
2  45.0 45.0 0.00
302 -1.1744 -154.5445 5 20 6
2  45.0 45.0 0.00
303 -23.4712 33.6756 7 23 7
2  45.0 45.0 0.00
304 -33.0465 83.4965 1 23 5
2  45.0 45.0 0.00
305 6.5581 -144.5976 6 24 6
2  45.0 45.0 0.00
306 -19.9674 -161.3293 2 18 9
2  45.0 45.0 0.00
307 -52.6835 -137.4236 10 15 5
2  45.0 45.0 0.00
308 -39.3642 -145.0967 9 18 9
2  45.0 45.0 0.00
309 3.1116 78.4634 7 21 8
2  45.0 45.0 0.00
310 -40.7038 -134.1999 4 20 7
2  45.0 45.0 0.00
311 5.1234 132.1768 5 28 7
2  45.0 45.0 0.00
312 -8.8611 162.7554 7 27 9
2  45.0 45.0 0.00
313 -6.6719 115.0254 2 21 6
2  45.0 45.0 0.00
314 -36.0076 10.9024 7 22 8
2  45.0 45.0 0.00
315 -43.3236 5.9312 10 26 7
2  45.0 45.0 0.00
316 36.4550 50.6285 1 28 9
2  45.0 45.0 0.00
317 -33.4529 56.4467 1 27 7
2  45.0 45.0 0.00
318 -38.6022 -112.8046 5 24 7
2  45.0 45.0 0.00
319 -34.2866 -92.5437 5 18 8
2  45.0 45.0 0.00
320 22.2430 -70.0191 3 18 5
2  45.0 45.0 0.00
321 9.0860 56.5739 3 26 7
2  45.0 45.0 0.00
322 -49.6230 -143.6406 5 22 7
2  45.0 45.0 0.00
323 29.2316 -153.2373 8 29 9
2  45.0 45.0 0.00
324 29.7077 -178.5081 1 29 9
2  45.0 45.0 0.00
325 50.2071 148.2041 6 15 6
2  45.0 45.0 0.00
326 36.9254 -86.3917 8 17 5
2  45.0 45.0 0.00
327 4.0718 -25.3970 4 26 8
2  45.0 45.0 0.00
328 2.8892 148.8448 5 19 5
2  45.0 45.0 0.00
329 -49.3080 67.2036 4 17 8
2  45.0 45.0 0.00
330 -42.1668 -73.4006 7 20 8
2  45.0 45.0 0.00
331 21.8037 -48.9186 5 20 7
2  45.0 45.0 0.00
332 18.4482 52.7647 3 22 8
2  45.0 45.0 0.00
333 28.8146 166.2694 6 19 5
2  45.0 45.0 0.00
334 -16.2904 -80.8924 3 18 6
2  45.0 45.0 0.00
335 38.8812 71.8259 5 28 7
2  45.0 45.0 0.00
336 -22.5806 80.4725 5 19 7
2  45.0 45.0 0.00
337 5.5378 139.6879 7 22 8
2  45.0 45.0 0.00
338 -34.5244 -164.7034 6 18 7
2  45.0 45.0 0.00
339 40.3529 -34.9085 9 23 7
2  45.0 45.0 0.00
340 -45.2651 -49.9611 7 15 7
2  45.0 45.0 0.00
341 34.6516 -164.3639 3 29 5
2  45.0 45.0 0.00
342 -52.3450 -5.0962 7 29 5
2  45.0 45.0 0.00
343 47.7535 -62.9799 10 28 5
2  45.0 45.0 0.00
344 40.6842 -19.0882 1 24 7
2  45.0 45.0 0.00
345 -20.7944 -167.0308 1 26 7
2  45.0 45.0 0.00
346 -3.8402 -123.4466 6 20 9
2  45.0 45.0 0.00
347 45.1302 58.1418 5 27 6
2  45.0 45.0 0.00
348 0.9338 148.1884 9 20 5
2  45.0 45.0 0.00
349 19.9761 -147.8510 6 17 7
2  45.0 45.0 0.00
350 5.8970 -6.3096 9 21 7
2  45.0 45.0 0.00
351 13.3553 84.0334 8 23 6
2  45.0 45.0 0.00
352 30.8328 -91.6154 10 20 7
2  45.0 45.0 0.00
353 37.0032 -140.0062 2 17 8
2  45.0 45.0 0.00
354 -22.3661 -14.1839 1 24 6
2  45.0 45.0 0.00
355 50.0510 -150.8961 5 23 9
2  45.0 45.0 0.00
356 -30.2605 134.0653 4 19 8
2  45.0 45.0 0.00
357 51.0176 82.9924 1 28 5
2  45.0 45.0 0.00
358 -32.6130 -134.3034 8 21 6
2  45.0 45.0 0.00
359 -25.0905 5.7823 1 27 9
2  45.0 45.0 0.00
360 8.2001 162.4604 8 22 7
2  45.0 45.0 0.00
361 -42.9266 127.8194 6 16 9
2  45.0 45.0 0.00
362 4.7858 -110.4317 8 23 5
2  45.0 45.0 0.00
363 44.3581 161.9743 8 25 7
2  45.0 45.0 0.00
364 -40.4335 -96.2952 2 15 9
2  45.0 45.0 0.00
365 -35.8212 178.3760 9 19 6
2  45.0 45.0 0.00
366 -4.6516 -83.2895 3 23 5
2  45.0 45.0 0.00
367 -25.0961 -45.6168 8 27 5
2  45.0 45.0 0.00
368 -39.6181 36.1453 10 28 6
2  45.0 45.0 0.00
369 52.9030 9.8459 3 21 7
2  45.0 45.0 0.00
370 -19.7830 121.3237 2 19 8
2  45.0 45.0 0.00
371 -16.4463 141.7042 7 24 8
2  45.0 45.0 0.00
372 -42.4484 10.0337 5 27 8
2  45.0 45.0 0.00
373 -23.6901 33.9828 4 21 6
2  45.0 45.0 0.00
374 4.7897 -133.1933 6 23 7
2  45.0 45.0 0.00
375 1.9237 -53.4386 1 26 8
2  45.0 45.0 0.00
376 14.2798 21.7664 9 27 5
2  45.0 45.0 0.00
377 12.6253 169.6243 10 27 7
2  45.0 45.0 0.00
378 -13.8201 91.2674 5 17 8
2  45.0 45.0 0.00
379 10.4275 85.7299 9 16 5
2  45.0 45.0 0.00
380 -10.1030 -137.0301 10 17 5
2  45.0 45.0 0.00
381 -33.5649 -72.2935 6 25 8
2  45.0 45.0 0.00
382 52.2884 -124.6620 2 29 9
2  45.0 45.0 0.00
383 4.1426 80.1171 8 25 9
2  45.0 45.0 0.00
384 -20.6350 97.8834 7 27 8
2  45.0 45.0 0.00
385 30.9165 162.5222 2 27 8
2  45.0 45.0 0.00
386 29.6810 -96.1246 5 25 8
2  45.0 45.0 0.00
387 1.6275 -49.0966 5 26 7
2  45.0 45.0 0.00
388 -19.0883 -92.0506 8 16 7
2  45.0 45.0 0.00
389 -30.1141 98.3164 5 20 9
2  45.0 45.0 0.00
390 39.8375 -167.8858 4 19 6
2  45.0 45.0 0.00
391 14.0757 -79.8723 7 21 9
2  45.0 45.0 0.00
392 -28.4187 -3.8322 8 15 6
2  45.0 45.0 0.00
393 27.5918 -26.9784 4 19 6
2  45.0 45.0 0.00
394 -34.4012 152.6215 3 16 5
2  45.0 45.0 0.00
395 -46.5312 67.3246 4 20 6
2  45.0 45.0 0.00
396 -51.0322 28.4320 10 27 7
2  45.0 45.0 0.00
397 26.1141 163.7709 6 21 5
2  45.0 45.0 0.00
398 -27.8545 164.8480 8 29 9
2  45.0 45.0 0.00
399 35.0401 -92.3748 6 26 5
2  45.0 45.0 0.00
400 30.8296 -11.3286 7 29 8
2  45.0 45.0 0.00
401 47.8990 151.9326 2 17 9
2  45.0 45.0 0.00
402 47.2524 142.9114 6 16 9
2  45.0 45.0 0.00
403 16.2097 46.4420 8 23 8
2  45.0 45.0 0.00
404 32.3704 -172.7070 6 19 7
2  45.0 45.0 0.00
405 -29.9398 175.1625 1 19 7
2  45.0 45.0 0.00
406 33.6680 143.7753 6 18 8
2  45.0 45.0 0.00
407 5.3034 29.5348 2 17 6
2  45.0 45.0 0.00
408 34.3784 100.3782 7 21 7
2  45.0 45.0 0.00
409 -16.9340 140.2445 9 15 5
2  45.0 45.0 0.00
410 -31.6345 58.6608 9 15 7
2  45.0 45.0 0.00
411 28.6822 -114.6074 9 21 8
2  45.0 45.0 0.00
412 49.3233 46.8192 10 23 7
2  45.0 45.0 0.00
413 -48.0815 53.7170 8 21 8
2  45.0 45.0 0.00
414 -45.4867 -16.2090 3 19 5
2  45.0 45.0 0.00
415 -50.1854 25.8625 8 27 8
2  45.0 45.0 0.00
416 -18.2340 173.0819 7 18 8
2  45.0 45.0 0.00
417 -36.6043 124.0016 4 25 8
2  45.0 45.0 0.00
418 -13.9511 -121.3661 4 22 6
2  45.0 45.0 0.00
419 -32.4073 -108.6890 7 15 8
2  45.0 45.0 0.00
420 20.2493 -12.5549 9 18 9
2  45.0 45.0 0.00
421 26.1382 -45.7694 8 29 8
2  45.0 45.0 0.00
422 -31.9329 -66.4905 9 25 9
2  45.0 45.0 0.00
423 51.3603 -34.9091 6 27 5
2  45.0 45.0 0.00
424 -31.5930 163.6297 7 25 7
2  45.0 45.0 0.00
425 43.2489 158.8762 9 28 7
2  45.0 45.0 0.00
426 34.8174 15.4439 6 18 9
2  45.0 45.0 0.00
427 38.4627 96.4253 10 20 9
2  45.0 45.0 0.00
428 29.8722 147.4451 6 28 9
2  45.0 45.0 0.00
429 -47.3733 -10.9879 2 23 8
2  45.0 45.0 0.00
430 30.8715 -50.7650 7 29 5
2  45.0 45.0 0.00
431 25.0695 106.7392 7 26 5
2  45.0 45.0 0.00
432 32.3580 -14.1730 9 21 6
2  45.0 45.0 0.00
433 16.5198 -147.6043 1 26 9
2  45.0 45.0 0.00
434 -30.0316 -166.9239 8 28 7
2  45.0 45.0 0.00
435 -22.0074 -159.5085 9 26 6
2  45.0 45.0 0.00
436 -6.5158 -35.1524 8 16 9
2  45.0 45.0 0.00
437 -3.2351 35.3137 8 18 6
2  45.0 45.0 0.00
438 -45.9660 172.6501 3 20 5
2  45.0 45.0 0.00
439 -18.9547 -18.9392 8 24 9
2  45.0 45.0 0.00
440 49.0880 70.6570 6 23 5
2  45.0 45.0 0.00
441 27.0213 -7.6673 5 21 5
2  45.0 45.0 0.00
442 19.0359 -172.0248 4 22 6
2  45.0 45.0 0.00
443 -10.2916 -56.9844 5 24 7
2  45.0 45.0 0.00
444 -46.8782 137.1084 6 21 8
2  45.0 45.0 0.00
445 -27.8674 69.7225 7 26 8
2  45.0 45.0 0.00
446 36.5691 -37.9178 6 28 8
2  45.0 45.0 0.00
447 25.6797 123.6263 9 15 6
2  45.0 45.0 0.00
448 52.0225 -126.4809 1 15 5
2  45.0 45.0 0.00
449 -48.3143 -19.2381 6 16 8
2  45.0 45.0 0.00
450 50.8241 106.2349 4 17 6
2  45.0 45.0 0.00
451 -44.2828 -93.7413 5 27 7
2  45.0 45.0 0.00
452 -46.5080 65.6698 3 26 8
2  45.0 45.0 0.00
453 -22.7994 -140.7509 5 26 7
2  45.0 45.0 0.00
454 6.3073 -74.0099 7 19 7
2  45.0 45.0 0.00
455 43.3634 124.1571 6 21 5
2  45.0 45.0 0.00
456 30.7971 33.0870 7 17 6
2  45.0 45.0 0.00
457 -47.7112 -108.9720 6 24 6
2  45.0 45.0 0.00
458 0.2813 -177.7246 8 24 5
2  45.0 45.0 0.00
459 -20.3136 -31.9975 10 20 7
2  45.0 45.0 0.00
460 46.1290 55.8717 3 25 9
2  45.0 45.0 0.00
461 19.6159 2.3597 9 26 8
2  45.0 45.0 0.00
462 -27.8402 103.7653 6 25 9
2  45.0 45.0 0.00
463 -3.2503 12.1829 5 21 5
2  45.0 45.0 0.00
464 -43.7132 -2.3300 5 22 8
2  45.0 45.0 0.00
465 5.6373 58.8334 2 17 7
2  45.0 45.0 0.00
466 -0.2151 -14.3225 3 28 9
2  45.0 45.0 0.00
467 -38.6540 147.9408 7 17 7
2  45.0 45.0 0.00
468 4.5940 -18.2741 9 28 8
2  45.0 45.0 0.00
469 22.7281 -67.4920 6 27 8
2  45.0 45.0 0.00
470 29.0992 -178.2464 5 19 5
2  45.0 45.0 0.00
471 -6.1849 -126.1188 3 29 8
2  45.0 45.0 0.00
472 -50.7073 -45.8168 3 18 7
2  45.0 45.0 0.00
473 29.3770 135.3217 1 27 5
2  45.0 45.0 0.00
474 6.1893 -57.9775 3 28 6
2  45.0 45.0 0.00
475 14.6675 37.0270 9 26 5
2  45.0 45.0 0.00
476 -27.4900 121.5418 5 20 5
2  45.0 45.0 0.00
477 -0.7314 -113.5850 5 26 8
2  45.0 45.0 0.00
478 51.4810 148.6603 3 21 6
2  45.0 45.0 0.00
479 -34.9155 -109.3789 9 21 8
2  45.0 45.0 0.00
480 35.8834 -11.3949 8 25 7
2  45.0 45.0 0.00
481 -6.8297 -140.8168 10 15 6
2  45.0 45.0 0.00
482 35.9127 -42.0356 6 27 6
2  45.0 45.0 0.00
483 -33.4946 171.0477 1 18 9
2  45.0 45.0 0.00
484 9.8215 -148.9651 6 18 9
2  45.0 45.0 0.00
485 15.4171 146.2945 3 24 7
2  45.0 45.0 0.00
486 -6.1265 -117.8805 8 16 7
2  45.0 45.0 0.00
487 28.8651 -129.2235 7 29 5
2  45.0 45.0 0.00
488 -12.2687 -122.2649 1 23 5
2  45.0 45.0 0.00
489 10.8581 -144.9297 4 17 6
2  45.0 45.0 0.00
490 -32.2795 163.1198 7 21 5
2  45.0 45.0 0.00
491 26.7454 -83.6121 2 27 5
2  45.0 45.0 0.00
492 3.0947 -16.1525 3 24 7
2  45.0 45.0 0.00
493 17.6220 -69.4355 2 20 8
2  45.0 45.0 0.00
494 -48.4454 -168.9824 3 17 9
2  45.0 45.0 0.00
495 -7.1783 16.6144 2 16 7
2  45.0 45.0 0.00
496 5.0909 93.2944 7 21 8
2  45.0 45.0 0.00
497 -1.1562 76.5744 6 29 6
2  45.0 45.0 0.00
498 0.4843 -57.8065 9 26 9
2  45.0 45.0 0.00
499 45.4873 18.7901 6 29 9
2  45.0 45.0 0.00
500 -21.6970 86.7666 8 22 9
2  45.0 45.0 0.00
501 -35.5236 105.6484 7 23 9
2  45.0 45.0 0.00
502 -31.1467 -128.5083 7 19 7
2  45.0 45.0 0.00
503 28.6247 -174.0593 8 27 5
2  45.0 45.0 0.00
504 48.0750 -48.3591 7 15 8
2  45.0 45.0 0.00
505 21.5754 -93.0017 8 20 6
2  45.0 45.0 0.00
506 40.2890 19.1890 3 17 8
2  45.0 45.0 0.00
507 32.5429 -86.8139 4 22 5
2  45.0 45.0 0.00
508 20.7362 -119.1767 4 29 8
2  45.0 45.0 0.00
509 -14.6772 -166.5838 7 19 5
2  45.0 45.0 0.00
510 43.7381 74.9769 8 29 6
2  45.0 45.0 0.00
511 45.5421 76.7011 8 26 6
2  45.0 45.0 0.00
512 44.8602 -23.0064 10 17 8
2  45.0 45.0 0.00
513 16.2033 168.7445 9 22 5
2  45.0 45.0 0.00
514 1.1866 13.6892 10 25 8
2  45.0 45.0 0.00
515 30.1660 -40.5146 10 20 5
2  45.0 45.0 0.00
516 17.6250 148.7721 4 19 8
2  45.0 45.0 0.00
517 -34.7875 36.2587 4 27 9
2  45.0 45.0 0.00
518 -43.0413 6.9669 5 19 6
2  45.0 45.0 0.00
519 -25.4897 -174.1917 5 18 9
2  45.0 45.0 0.00
520 -11.3631 1.9164 1 19 5
2  45.0 45.0 0.00
521 -13.2926 -172.8391 3 18 6
2  45.0 45.0 0.00
522 4.4714 -66.5538 10 24 9
2  45.0 45.0 0.00
523 -51.9449 -126.7684 3 22 6
2  45.0 45.0 0.00
524 -47.4729 -140.9523 7 23 7
2  45.0 45.0 0.00
525 52.1352 -83.0356 9 21 6
2  45.0 45.0 0.00
526 28.4557 -133.1249 7 23 5
2  45.0 45.0 0.00
527 -35.9392 52.4334 10 17 6
2  45.0 45.0 0.00
528 -36.8960 -55.3224 10 22 5
2  45.0 45.0 0.00
529 29.5551 129.8529 10 21 5
2  45.0 45.0 0.00
530 -41.1634 -0.3127 5 27 5
2  45.0 45.0 0.00
531 -22.8604 168.4394 10 25 6
2  45.0 45.0 0.00
532 -41.8432 29.4823 3 29 8
2  45.0 45.0 0.00
533 -9.3307 82.4053 3 24 9
2  45.0 45.0 0.00
534 -14.3836 -179.0382 1 16 7
2  45.0 45.0 0.00
535 21.8165 43.7273 5 23 8
2  45.0 45.0 0.00
536 -39.0992 115.7903 1 21 9
2  45.0 45.0 0.00
537 -24.4522 -84.8684 6 21 5
2  45.0 45.0 0.00
538 -32.5353 168.7477 8 27 5
2  45.0 45.0 0.00
539 7.4231 -46.3448 9 26 8
2  45.0 45.0 0.00
540 -47.7087 -87.9097 6 24 9
2  45.0 45.0 0.00
541 -41.4466 -45.3515 1 21 8
2  45.0 45.0 0.00
542 17.2643 -23.8189 3 15 6
2  45.0 45.0 0.00
543 -22.9371 -124.0600 2 16 5
2  45.0 45.0 0.00
544 -37.3417 -69.1646 10 22 5
2  45.0 45.0 0.00
545 -11.0704 -119.3943 9 29 7
2  45.0 45.0 0.00
546 -17.5376 117.5408 10 26 5
2  45.0 45.0 0.00
547 39.7853 -108.4004 1 22 9
2  45.0 45.0 0.00
548 41.9013 120.4316 5 26 9
2  45.0 45.0 0.00
549 27.4781 163.6668 1 23 5
2  45.0 45.0 0.00
550 -9.0481 -84.0155 6 25 9
2  45.0 45.0 0.00
551 25.6564 82.6964 4 22 5
2  45.0 45.0 0.00
552 46.7084 -40.0571 7 27 8
2  45.0 45.0 0.00
553 35.6551 64.9796 10 28 6
2  45.0 45.0 0.00
554 -44.0192 58.4750 3 19 8
2  45.0 45.0 0.00
555 -19.8021 20.6867 1 25 5
2  45.0 45.0 0.00
556 -6.2612 32.9604 2 29 5
2  45.0 45.0 0.00
557 -45.7997 -124.5550 6 28 8
2  45.0 45.0 0.00
558 -37.5642 68.1860 3 21 5
2  45.0 45.0 0.00
559 0.6959 176.8428 6 15 9
2  45.0 45.0 0.00
560 -44.6548 -148.5471 3 19 8
2  45.0 45.0 0.00
561 26.7343 175.6086 5 15 8
2  45.0 45.0 0.00
562 -33.4347 -175.2179 1 21 9
2  45.0 45.0 0.00
563 -15.9966 -27.9683 3 27 6
2  45.0 45.0 0.00
564 19.3296 91.6277 9 16 9
2  45.0 45.0 0.00
565 -11.0961 -101.4688 1 16 5
2  45.0 45.0 0.00
566 -18.8725 19.1198 6 27 9
2  45.0 45.0 0.00
567 -15.5224 -83.2063 1 17 7
2  45.0 45.0 0.00
568 -44.5067 -128.3652 8 17 8
2  45.0 45.0 0.00
569 -38.9723 -92.0237 1 22 9
2  45.0 45.0 0.00
570 -44.0690 -119.4666 2 26 5
2  45.0 45.0 0.00
571 -18.6341 179.5476 6 19 8
2  45.0 45.0 0.00
572 3.6112 138.8729 1 28 6
2  45.0 45.0 0.00
573 13.9356 -118.1033 8 23 9
2  45.0 45.0 0.00
574 -44.4970 -97.5040 9 19 7
2  45.0 45.0 0.00
575 4.1260 35.2246 8 20 9
2  45.0 45.0 0.00
576 -37.0003 70.8744 10 17 9
2  45.0 45.0 0.00
577 -36.6962 102.5660 5 27 6
2  45.0 45.0 0.00
578 -15.3892 158.0084 8 22 7
2  45.0 45.0 0.00
579 -32.3970 -81.0627 3 29 9
2  45.0 45.0 0.00
580 48.8026 54.4903 5 24 5
2  45.0 45.0 0.00
581 37.6405 138.1725 1 19 6
2  45.0 45.0 0.00
582 23.9942 48.1398 10 21 8
2  45.0 45.0 0.00
583 35.7426 90.8580 10 28 8
2  45.0 45.0 0.00
584 36.7356 -57.9564 6 19 5
2  45.0 45.0 0.00
585 -38.0217 75.3406 5 27 6
2  45.0 45.0 0.00
586 -25.0055 57.2328 6 20 7
2  45.0 45.0 0.00
587 -0.0446 -161.3878 1 15 9
2  45.0 45.0 0.00
588 -24.3803 -1.7478 7 24 6
2  45.0 45.0 0.00
589 23.4363 8.9556 10 27 7
2  45.0 45.0 0.00
590 -6.1496 -44.1489 4 17 7
2  45.0 45.0 0.00
591 12.8675 -43.1043 6 22 8
2  45.0 45.0 0.00
592 -37.5431 -161.2556 10 15 8
2  45.0 45.0 0.00
593 -45.8577 -86.6766 8 29 8
2  45.0 45.0 0.00
594 30.2624 83.9275 5 15 5
2  45.0 45.0 0.00
595 -15.7497 82.0714 4 29 5
2  45.0 45.0 0.00
596 12.3414 142.2112 8 19 9
2  45.0 45.0 0.00
597 40.9939 -10.5531 2 29 9
2  45.0 45.0 0.00
598 -40.3528 21.5667 4 21 9
2  45.0 45.0 0.00
599 -29.8995 -14.3301 5 29 8
2  45.0 45.0 0.00
600 -4.0422 29.3152 10 16 5
2  45.0 45.0 0.00
601 22.1384 -50.2468 7 15 5
2  45.0 45.0 0.00
602 41.7021 -21.6269 3 20 9
2  45.0 45.0 0.00
603 -26.4164 85.5718 4 17 7
2  45.0 45.0 0.00
604 10.2497 -73.4364 9 16 6
2  45.0 45.0 0.00
605 -29.0878 -61.8205 4 16 8
2  45.0 45.0 0.00
606 41.4697 88.8012 1 20 6
2  45.0 45.0 0.00
607 -49.2903 100.4986 4 18 6
2  45.0 45.0 0.00
608 2.7888 -28.5031 5 27 8
2  45.0 45.0 0.00
609 19.0151 -98.9501 5 23 7
2  45.0 45.0 0.00
610 -2.0957 -74.2996 3 22 8
2  45.0 45.0 0.00
611 -35.4193 3.5293 4 27 8
2  45.0 45.0 0.00
612 -12.6589 -81.1098 4 20 5
2  45.0 45.0 0.00
613 -37.4450 -142.8214 4 16 7
2  45.0 45.0 0.00
614 -3.0076 1.8262 3 28 5
2  45.0 45.0 0.00
615 -34.3578 -23.4756 4 21 9
2  45.0 45.0 0.00
616 -52.9525 93.3075 7 22 7
2  45.0 45.0 0.00
617 10.3468 -91.8315 7 23 9
2  45.0 45.0 0.00
618 2.6705 171.2945 2 22 9
2  45.0 45.0 0.00
619 -26.3289 -164.4915 1 27 6
2  45.0 45.0 0.00
620 8.0681 -137.3695 4 15 6
2  45.0 45.0 0.00
621 50.3666 -37.9970 8 21 7
2  45.0 45.0 0.00
622 24.4930 -157.4496 2 29 5
2  45.0 45.0 0.00
623 12.8672 103.4227 4 28 6
2  45.0 45.0 0.00
624 42.5943 10.7932 8 18 6
2  45.0 45.0 0.00
625 -0.4443 -166.3687 8 15 9
2  45.0 45.0 0.00
626 -38.9242 30.3245 1 17 7
2  45.0 45.0 0.00
627 40.4951 75.2767 1 17 8
2  45.0 45.0 0.00
628 -31.4652 101.2956 7 16 8
2  45.0 45.0 0.00
629 -3.9694 177.3201 5 20 7
2  45.0 45.0 0.00
630 -3.7811 -136.1091 5 21 7
2  45.0 45.0 0.00
631 -48.1099 146.6878 5 25 7
2  45.0 45.0 0.00
632 46.3530 -40.5520 3 22 6
2  45.0 45.0 0.00
633 -37.4359 138.1717 1 22 5
2  45.0 45.0 0.00
634 43.7024 36.1102 5 18 8
2  45.0 45.0 0.00
635 -40.2316 -33.8308 6 22 9
2  45.0 45.0 0.00
636 0.3447 71.6907 4 22 7
2  45.0 45.0 0.00
637 -51.8476 -132.0350 6 25 5
2  45.0 45.0 0.00
638 50.3037 -170.2398 1 24 7
2  45.0 45.0 0.00
639 33.4751 -73.6875 7 26 8
2  45.0 45.0 0.00
640 8.3468 -5.8747 3 19 5
2  45.0 45.0 0.00
641 38.5865 148.8390 6 25 9
2  45.0 45.0 0.00
642 14.8513 -23.0861 4 26 6
2  45.0 45.0 0.00
643 -27.7559 143.0670 8 29 8
2  45.0 45.0 0.00
644 -51.5589 -102.6741 1 22 5
2  45.0 45.0 0.00
645 40.8286 158.7819 6 26 5
2  45.0 45.0 0.00
646 34.4652 60.8402 8 26 8
2  45.0 45.0 0.00
647 -50.9255 -25.8912 8 21 5
2  45.0 45.0 0.00
648 -42.6724 -19.4963 8 25 8
2  45.0 45.0 0.00
649 4.1013 -74.3852 4 21 8
2  45.0 45.0 0.00
650 44.3498 -54.9511 5 29 8
2  45.0 45.0 0.00
651 -14.4214 -178.0802 3 18 7
2  45.0 45.0 0.00
652 44.8340 -118.9615 7 24 6
2  45.0 45.0 0.00
653 49.9373 64.8058 5 15 7
2  45.0 45.0 0.00
654 32.8676 -24.5778 8 29 5
2  45.0 45.0 0.00
655 7.1817 0.0830 10 26 8
2  45.0 45.0 0.00
656 9.7309 -0.2140 10 15 8
2  45.0 45.0 0.00
657 -2.3547 79.4982 9 15 7
2  45.0 45.0 0.00
658 -51.4908 -104.4021 4 29 6
2  45.0 45.0 0.00
659 45.3552 116.4237 9 22 6
2  45.0 45.0 0.00
660 38.0196 -95.4433 5 29 9
2  45.0 45.0 0.00
661 -1.4134 -32.2423 7 28 8
2  45.0 45.0 0.00
662 38.5542 -95.7225 7 23 7
2  45.0 45.0 0.00
663 -8.1030 -127.6540 1 15 6
2  45.0 45.0 0.00
664 -26.4705 45.7743 1 24 5
2  45.0 45.0 0.00
665 10.6082 -10.0813 8 23 6
2  45.0 45.0 0.00
666 25.9013 -179.7983 10 23 6
2  45.0 45.0 0.00
667 -15.1664 15.8185 2 15 9
2  45.0 45.0 0.00
668 -45.8611 117.8837 4 18 8
2  45.0 45.0 0.00
669 29.6942 61.3086 6 21 6
2  45.0 45.0 0.00
670 29.9422 109.9425 4 16 5
2  45.0 45.0 0.00
671 -28.4584 33.1961 2 27 6
2  45.0 45.0 0.00
672 -51.4451 123.3548 1 24 9
2  45.0 45.0 0.00
673 38.4947 61.8241 10 18 7
2  45.0 45.0 0.00
674 40.2393 -138.3363 7 15 5
2  45.0 45.0 0.00
675 -8.1807 -49.6948 10 28 8
2  45.0 45.0 0.00
676 45.5562 -166.1093 10 18 9
2  45.0 45.0 0.00
677 46.5294 142.0627 3 20 5
2  45.0 45.0 0.00
678 28.0592 74.5967 9 26 9
2  45.0 45.0 0.00
679 -29.1823 -115.9964 4 21 8
2  45.0 45.0 0.00
680 -41.5096 -34.0103 7 15 8
2  45.0 45.0 0.00
681 17.6745 86.9034 6 15 6
2  45.0 45.0 0.00
682 39.1740 62.5339 8 18 6
2  45.0 45.0 0.00
683 50.4649 33.8045 2 26 7
2  45.0 45.0 0.00
684 49.6652 -72.8117 1 17 7
2  45.0 45.0 0.00
685 -34.7252 -46.9807 10 17 8
2  45.0 45.0 0.00
686 -27.0262 142.9205 8 17 9
2  45.0 45.0 0.00
687 2.5703 -176.2045 9 24 6
2  45.0 45.0 0.00
688 -32.0588 125.2463 6 17 6
2  45.0 45.0 0.00
689 -43.3536 -5.2233 1 20 8
2  45.0 45.0 0.00
690 13.8642 -41.6548 4 28 8
2  45.0 45.0 0.00
691 32.9294 -85.5096 7 22 8
2  45.0 45.0 0.00
692 -21.4923 29.1775 4 19 7
2  45.0 45.0 0.00
693 50.0918 11.5378 5 18 7
2  45.0 45.0 0.00
694 49.3474 169.5625 6 21 5
2  45.0 45.0 0.00
695 -40.2129 -122.7563 9 26 7
2  45.0 45.0 0.00
696 19.8127 171.2887 9 20 6
2  45.0 45.0 0.00
697 38.2388 -170.1675 1 20 6
2  45.0 45.0 0.00
698 -25.2518 -0.5607 1 28 5
2  45.0 45.0 0.00
699 12.3500 14.6137 3 24 9
2  45.0 45.0 0.00
700 6.2492 -94.2484 1 27 5
2  45.0 45.0 0.00
701 16.9374 158.0578 4 27 9
2  45.0 45.0 0.00
702 16.0743 3.8760 6 15 9
2  45.0 45.0 0.00
703 -18.9273 -106.6449 7 28 7
2  45.0 45.0 0.00
704 47.1967 -122.8004 7 29 7
2  45.0 45.0 0.00
705 -3.4875 -163.6201 4 21 9
2  45.0 45.0 0.00
706 8.4842 9.7546 2 27 7
2  45.0 45.0 0.00
707 -5.4363 -139.6279 3 17 5
2  45.0 45.0 0.00
708 44.6995 -102.7195 5 21 8
2  45.0 45.0 0.00
709 26.6069 -6.3279 4 15 6
2  45.0 45.0 0.00
710 -9.2490 46.4163 10 18 6
2  45.0 45.0 0.00
711 -10.5929 -74.4117 2 20 9
2  45.0 45.0 0.00
712 12.1145 2.3557 10 29 8
2  45.0 45.0 0.00
713 -39.7979 59.4247 10 23 7
2  45.0 45.0 0.00
714 -30.8146 -175.2438 2 28 9
2  45.0 45.0 0.00
715 24.4419 87.6326 8 17 5
2  45.0 45.0 0.00
716 51.3757 172.7692 6 16 9
2  45.0 45.0 0.00
717 47.8171 -70.4292 8 23 6
2  45.0 45.0 0.00
718 -36.5262 96.0053 9 20 5
2  45.0 45.0 0.00
719 -8.9941 -101.4892 9 24 8
2  45.0 45.0 0.00
720 -43.8904 149.4671 3 22 5
2  45.0 45.0 0.00
721 -10.6494 84.5007 8 18 7
2  45.0 45.0 0.00
722 16.6042 -144.2181 4 17 6
2  45.0 45.0 0.00
723 14.2435 -22.2579 10 16 9
2  45.0 45.0 0.00
724 33.9396 -143.7179 1 18 8
2  45.0 45.0 0.00
725 -6.0829 62.9394 1 26 5
2  45.0 45.0 0.00
726 1.3249 -147.1069 3 21 9
2  45.0 45.0 0.00
727 -45.6341 -1.5331 5 28 5
2  45.0 45.0 0.00
728 -30.0636 -160.9343 4 29 9
2  45.0 45.0 0.00
729 -47.0620 28.5161 3 16 5
2  45.0 45.0 0.00
730 50.5596 -137.5115 2 25 8
2  45.0 45.0 0.00
731 51.4266 70.0883 5 26 5
2  45.0 45.0 0.00
732 23.8185 160.8685 3 16 6
2  45.0 45.0 0.00
733 6.9190 66.6414 9 18 8
2  45.0 45.0 0.00
734 -38.3051 12.2569 9 28 7
2  45.0 45.0 0.00
735 28.3258 -138.5962 9 18 7
2  45.0 45.0 0.00
736 38.5207 37.8267 10 24 9
2  45.0 45.0 0.00
737 -11.1856 -28.3738 4 24 7
2  45.0 45.0 0.00
738 -13.2712 77.2334 6 26 9
2  45.0 45.0 0.00
739 -24.4304 161.7558 7 25 5
2  45.0 45.0 0.00
740 -13.6842 -66.9302 7 19 6
2  45.0 45.0 0.00
741 -6.0493 -106.4748 1 16 9
2  45.0 45.0 0.00
742 39.2355 -18.1901 7 19 5
2  45.0 45.0 0.00
743 -40.3194 -57.9950 5 17 9
2  45.0 45.0 0.00
744 -37.7265 -169.1261 5 26 6
2  45.0 45.0 0.00
745 -8.0460 89.8886 5 29 9
2  45.0 45.0 0.00
746 33.6977 -28.8006 6 16 9
2  45.0 45.0 0.00
747 5.2280 -69.7216 7 19 9
2  45.0 45.0 0.00
748 -32.8347 -53.6911 9 25 9
2  45.0 45.0 0.00
749 45.0848 -30.7793 7 24 7
2  45.0 45.0 0.00
750 45.6459 109.5321 6 25 8
2  45.0 45.0 0.00
751 -16.8860 20.0981 6 15 9
2  45.0 45.0 0.00
752 20.4834 -104.7261 7 16 7
2  45.0 45.0 0.00
753 -5.2844 -64.5944 9 22 7
2  45.0 45.0 0.00
754 33.2097 -160.5881 9 18 5
2  45.0 45.0 0.00
755 31.0825 -60.9166 3 28 8
2  45.0 45.0 0.00
756 -51.9832 -145.2072 6 22 7
2  45.0 45.0 0.00
757 -51.5534 73.7903 7 22 6
2  45.0 45.0 0.00
758 52.3102 -84.1890 3 21 6
2  45.0 45.0 0.00
759 51.0013 -99.6889 2 19 5
2  45.0 45.0 0.00
760 11.1042 158.0793 2 17 8
2  45.0 45.0 0.00
761 39.9301 24.1929 8 24 6
2  45.0 45.0 0.00
762 -51.9494 56.2340 8 21 6
2  45.0 45.0 0.00
763 10.2389 82.2124 7 25 9
2  45.0 45.0 0.00
764 25.9885 123.6600 9 17 6
2  45.0 45.0 0.00
765 4.9987 39.5186 9 29 9
2  45.0 45.0 0.00
766 7.4354 -161.0974 3 28 7
2  45.0 45.0 0.00
767 -45.5288 164.6501 10 27 8
2  45.0 45.0 0.00
768 -5.6768 -143.2470 8 16 7
2  45.0 45.0 0.00
769 -17.2476 123.1937 3 17 8
2  45.0 45.0 0.00
770 -26.2057 0.0692 6 21 6
2  45.0 45.0 0.00
771 27.6932 99.3316 5 28 8
2  45.0 45.0 0.00
772 -24.7059 40.2105 2 24 5
2  45.0 45.0 0.00
773 48.4848 102.5551 2 29 6
2  45.0 45.0 0.00
774 14.7586 146.5741 6 15 5
2  45.0 45.0 0.00
775 15.1668 87.8439 4 23 9
2  45.0 45.0 0.00
776 21.7250 -18.1273 6 19 6
2  45.0 45.0 0.00
777 -45.5850 32.9880 1 24 9
2  45.0 45.0 0.00
778 -21.7764 -160.2072 2 15 7
2  45.0 45.0 0.00
779 35.4834 -22.7695 5 15 7
2  45.0 45.0 0.00
780 5.5556 123.2485 4 27 5
2  45.0 45.0 0.00
781 -16.3636 -15.1931 10 20 9
2  45.0 45.0 0.00
782 -51.1719 -105.9362 9 28 6
2  45.0 45.0 0.00
783 33.6316 -64.4898 5 19 5
2  45.0 45.0 0.00
784 -14.2283 -134.9474 1 15 5
2  45.0 45.0 0.00
785 8.9307 138.2494 3 23 8
2  45.0 45.0 0.00
786 -31.1289 82.4395 6 16 8
2  45.0 45.0 0.00
787 38.4352 43.7343 10 17 7
2  45.0 45.0 0.00
788 11.8885 -100.3923 7 27 5
2  45.0 45.0 0.00
789 -43.5841 -135.8789 2 26 5
2  45.0 45.0 0.00
790 1.4721 -132.8605 7 29 6
2  45.0 45.0 0.00
791 -7.7099 115.0603 10 25 9
2  45.0 45.0 0.00
792 -4.0704 150.7249 4 26 6
2  45.0 45.0 0.00
793 -22.4458 -151.3861 6 19 6
2  45.0 45.0 0.00
794 -32.2458 -126.6086 7 28 6
2  45.0 45.0 0.00
795 -37.6684 -69.5624 5 27 9
2  45.0 45.0 0.00
796 -4.0605 -131.4478 2 22 9
2  45.0 45.0 0.00
797 -45.0088 92.9289 1 26 8
2  45.0 45.0 0.00
798 -48.4437 156.4158 6 19 5
2  45.0 45.0 0.00
799 20.5084 -6.8769 3 22 7
2  45.0 45.0 0.00
