s3
0
 2013 04 20 02 30 55.526     2013 04 20 02 33 38.359     162.8
 2013 04 20 14 20 28.321     2013 04 20 14 23 34.870     186.5
1
 2013 04 20 10 25 36.806     2013 04 20 10 28 11.529     154.7
 2013 04 20 22 12 54.019     2013 04 20 22 14  9.477      75.5
2
 2013 04 20 02 15 45.082     2013 04 20 02 18 53.105     188.0
 2013 04 20 19 19  9.884     2013 04 20 19 20 13.961      64.1
3
 2013 04 20 06 37 35.523     2013 04 20 06 40 37.432     181.9
 2013 04 20 14 56 32.589     2013 04 20 15 00  7.055     214.5
4
 2013 04 20 07 55  4.128     2013 04 20 07 58  5.829     181.7
 2013 04 20 21 33  6.571     2013 04 20 21 35 41.325     154.8
5
 2013 04 20 17 32 34.795     2013 04 20 17 35 49.871     195.1
6
 2013 04 20 12 41 53.780     2013 04 20 12 45  9.968     196.2
7
 2013 04 20 01 50  1.276     2013 04 20 01 53 15.656     194.4
 2013 04 20 11 52  3.152     2013 04 20 11 55 17.938     194.8
8
 2013 04 20 07 09 48.997     2013 04 20 07 12 28.533     159.5
9
 2013 04 20 14 59  6.945     2013 04 20 15 01 49.942     163.0
10
 2013 04 20 07 52 59.337     2013 04 20 07 56 36.278     216.9
11
12
 2013 04 20 06 25 56.967     2013 04 20 06 28 39.808     162.8
 2013 04 20 18 17 24.890     2013 04 20 18 20 48.597     203.7
13
 2013 04 20 05 53 34.530     2013 04 20 05 56 29.814     175.3
14
 2013 04 20 13 31 17.613     2013 04 20 13 34 53.232     215.6
15
 2013 04 20 16 51 49.111     2013 04 20 16 54 34.073     165.0
16
17
 2013 04 20 09 43 50.553     2013 04 20 09 46 47.997     177.4
 2013 04 20 19 45 31.647     2013 04 20 19 48 39.653     188.0
18
 2013 04 20 02 38 54.011     2013 04 20 02 41 54.316     180.3
 2013 04 20 12 36 53.421     2013 04 20 12 37 34.740      41.3
19
 2013 04 20 21 40 30.871     2013 04 20 21 44  2.529     211.7
20
 2013 04 20 12 58 23.671     2013 04 20 13 01 27.414     183.7
 2013 04 20 21 15 23.223     2013 04 20 21 18 28.420     185.2
21
 2013 04 20 22 47 47.083     2013 04 20 22 50 35.351     168.3
22
 2013 04 20 09 34 48.827     2013 04 20 09 38 37.887     229.1
 2013 04 20 21 28 45.989     2013 04 20 21 31 24.276     158.3
23
 2013 04 20 03 28 58.798     2013 04 20 03 31 39.621     160.8
 2013 04 20 11 46 42.980     2013 04 20 11 49 37.328     174.3
24
 2013 04 20 08 51 43.251     2013 04 20 08 52 18.619      35.4
 2013 04 20 20 38  4.340     2013 04 20 20 41 21.390     197.0
25
26
27
 2013 04 20 19 55  3.269     2013 04 20 19 57 43.974     160.7
28
 2013 04 20 03 32 51.729     2013 04 20 03 33 33.489      41.8
 2013 04 20 11 45  2.896     2013 04 20 11 47 46.800     163.9
29
 2013 04 20 07 11 51.413     2013 04 20 07 14 59.167     187.8
30
 2013 04 20 20 48 57.010     2013 04 20 20 51 39.982     163.0
31
 2013 04 20 03 58  5.402     2013 04 20 04 01  2.957     177.6
 2013 04 20 17 37 31.712     2013 04 20 17 40 17.714     166.0
32
33
 2013 04 20 04 16 36.845     2013 04 20 04 19 56.550     199.7
 2013 04 20 12 33   .477     2013 04 20 12 35 40.119     159.6
34
35
36
 2013 04 20 10 20  5.551     2013 04 20 10 22 47.834     162.3
37
38
 2013 04 20 02 31  6.306     2013 04 20 02 34 10.462     184.2
 2013 04 20 14 19 21.766     2013 04 20 14 22 11.198     169.4
39
40
 2013 04 20 00 13 53.950     2013 04 20 00 16 36.437     162.5
 2013 04 20 10 16 50.373     2013 04 20 10 20 15.300     204.9
41
 2013 04 20 19 49 10.324     2013 04 20 19 51 59.041     168.7
42
 2013 04 20 08 14 42.370     2013 04 20 08 17 28.910     166.5
 2013 04 20 16 30  1.093     2013 04 20 16 33 19.413     198.3
43
 2013 04 20 01 26 15.242     2013 04 20 01 29 45.629     210.4
 2013 04 20 18 31 56.396     2013 04 20 18 34 44.111     167.7
44
 2013 04 20 03 14 47.297     2013 04 20 03 17 32.404     165.1
45
 2013 04 20 05 43 15.189     2013 04 20 05 43 21.438       6.2
 2013 04 20 15 54 14.175     2013 04 20 15 54 32.402      18.2
46
 2013 04 20 12 05 15.833     2013 04 20 12 07 55.333     159.5
 2013 04 20 22 07 52.830     2013 04 20 22 10 30.322     157.5
47
 2013 04 20 23 05 35.446     2013 04 20 23 09 19.066     223.6
48
 2013 04 20 14 36 30.580     2013 04 20 14 39 19.301     168.7
 2013 04 20 21 11  5.367     2013 04 20 21 13 52.318     167.0
49
 2013 04 20 02 16 19.876     2013 04 20 02 20 10.544     230.7
 2013 04 20 17 43 13.720     2013 04 20 17 46 46.580     212.9
50
 2013 04 20 04 19  4.390     2013 04 20 04 21 41.730     157.3
 2013 04 20 10 58 19.980     2013 04 20 10 58 47.030      27.1
51
 2013 04 20 05 47  6.247     2013 04 20 05 49 42.861     156.6
 2013 04 20 15 48 24.503     2013 04 20 15 51 16.030     171.5
52
 2013 04 20 02 26 13.887     2013 04 20 02 28 50.227     156.3
53
 2013 04 20 04 56 34.338     2013 04 20 05 00 11.300     217.0
54
 2013 04 20 16 47 22.685     2013 04 20 16 49 59.475     156.8
55
 2013 04 20 04 56  3.562     2013 04 20 04 59 54.548     231.0
56
57
 2013 04 20 03 16  2.083     2013 04 20 03 18 41.102     159.0
 2013 04 20 15 10 34.699     2013 04 20 15 11 57.480      82.8
58
 2013 04 20 06 25   .551     2013 04 20 06 25 38.654      38.1
 2013 04 20 18 19 33.444     2013 04 20 18 22 13.248     159.8
59
 2013 04 20 09 02 59.315     2013 04 20 09 05 36.127     156.8
60
61
 2013 04 20 13 29  5.490     2013 04 20 13 30  9.871      64.4
62
 2013 04 20 05 29 20.456     2013 04 20 05 32  5.447     165.0
63
 2013 04 20 10 20 20.795     2013 04 20 10 23  3.249     162.5
64
 2013 04 20 01 35 28.661     2013 04 20 01 35 39.629      11.0
 2013 04 20 15 16   .113     2013 04 20 15 19 14.549     194.4
65
 2013 04 20 01 52 40.587     2013 04 20 01 56 22.651     222.1
66
 2013 04 20 11 15  9.754     2013 04 20 11 17 30.673     140.9
 2013 04 20 21 25  9.291     2013 04 20 21 25 46.181      36.9
67
 2013 04 20 03 05 13.772     2013 04 20 03 08 42.319     208.5
 2013 04 20 18 30 33.916     2013 04 20 18 33 13.759     159.8
68
 2013 04 20 07 26 46.506     2013 04 20 07 29 25.423     158.9
 2013 04 20 15 43  6.631     2013 04 20 15 45 49.336     162.7
69
 2013 04 20 05 42 50.693     2013 04 20 05 45 45.734     175.0
70
 2013 04 20 07 02 20.739     2013 04 20 07 05 26.689     185.9
 2013 04 20 22 27  2.412     2013 04 20 22 29 46.596     164.2
71
 2013 04 20 10 34 44.896     2013 04 20 10 38 16.411     211.5
 2013 04 20 18 51 37.628     2013 04 20 18 54 53.418     195.8
72
 2013 04 20 09 31 54.989     2013 04 20 09 34 32.704     157.7
73
 2013 04 20 06 14  5.247     2013 04 20 06 16 56.853     171.6
 2013 04 20 21 38 20.786     2013 04 20 21 41 37.034     196.2
74
 2013 04 20 15 19 29.878     2013 04 20 15 22  6.324     156.4
 2013 04 20 23 36 57.012     2013 04 20 23 39 54.147     177.1
75
76
77
 2013 04 20 04 05 23.721     2013 04 20 04 08 22.492     178.8
 2013 04 20 15 55 31.331     2013 04 20 15 58 40.921     189.6
78
 2013 04 20 11 28  8.312     2013 04 20 11 31  8.561     180.2
 2013 04 20 16 24  2.399     2013 04 20 16 27 58.342     235.9
 2013 04 20 18 02  3.623     2013 04 20 18 02 54.923      51.3
79
 2013 04 20 00 06 26.054     2013 04 20 00 09 26.621     180.6
 2013 04 20 11 59 44.270     2013 04 20 12 02 55.686     191.4
80
 2013 04 20 05 28 56.453     2013 04 20 05 29 25.221      28.8
 2013 04 20 20 49  5.359     2013 04 20 20 49 15.804      10.4
81
 2013 04 20 04 03 54.263     2013 04 20 04 07  5.292     191.0
 2013 04 20 15 56 36.596     2013 04 20 15 59 17.124     160.5
82
 2013 04 20 05 45 20.224     2013 04 20 05 48 14.300     174.1
 2013 04 20 15 49 24.529     2013 04 20 15 52 26.725     182.2
83
 2013 04 20 11 10 58.701     2013 04 20 11 14 34.998     216.3
 2013 04 20 23 00 34.813     2013 04 20 23 03 17.198     162.4
84
 2013 04 20 12 08 35.171     2013 04 20 12 11 51.973     196.8
 2013 04 20 20 31 56.584     2013 04 20 20 32 18.098      21.5
85
 2013 04 20 03 18 45.336     2013 04 20 03 21 32.015     166.7
 2013 04 20 15 06 51.675     2013 04 20 15 09 59.033     187.4
86
 2013 04 20 01 23 11.017     2013 04 20 01 26 53.972     223.0
 2013 04 20 03 01 17.253     2013 04 20 03 05   .298     223.0
 2013 04 20 20 08 57.777     2013 04 20 20 11 40.976     163.2
87
 2013 04 20 13 23 27.672     2013 04 20 13 26 10.192     162.5
88
 2013 04 20 18 15  1.272     2013 04 20 18 17 45.590     164.3
89
 2013 04 20 01 13 21.411     2013 04 20 01 16 16.271     174.9
 2013 04 20 06 09 12.253     2013 04 20 06 12   .082     167.8
90
 2013 04 20 07 08  5.191     2013 04 20 07 08 40.566      35.4
91
 2013 04 20 17 32 35.360     2013 04 20 17 35 15.115     159.8
92
 2013 04 20 13 45 31.321     2013 04 20 13 45 35.692       4.4
 2013 04 20 22 03  9.607     2013 04 20 22 06 54.434     224.8
93
 2013 04 20 20 49 39.743     2013 04 20 20 53 26.153     226.4
94
 2013 04 20 03 05 56.283     2013 04 20 03 08 34.108     157.8
 2013 04 20 18 29 30.163     2013 04 20 18 32 12.959     162.8
95
 2013 04 20 06 32  7.682     2013 04 20 06 34 49.028     161.3
96
 2013 04 20 02 17 34.584     2013 04 20 02 20 21.437     166.9
 2013 04 20 17 42 31.705     2013 04 20 17 45 26.770     175.1
97
 2013 04 20 02 15 29.626     2013 04 20 02 18  9.919     160.3
 2013 04 20 19 20 14.346     2013 04 20 19 23 29.950     195.6
98
 2013 04 20 05 02 23.847     2013 04 20 05 05  4.246     160.4
99
 2013 04 20 01 37 36.919     2013 04 20 01 41 19.500     222.6
100
 2013 04 20 17 43 58.789     2013 04 20 17 46 51.679     172.9
101
 2013 04 20 03 07 55.709     2013 04 20 03 11 34.915     219.2
102
 2013 04 20 22 00 21.093     2013 04 20 22 03 14.980     173.9
103
 2013 04 20 09 27 37.165     2013 04 20 09 30 28.235     171.1
 2013 04 20 23 12 48.432     2013 04 20 23 13 16.178      27.7
104
 2013 04 20 10 10  2.370     2013 04 20 10 12 57.399     175.0
105
 2013 04 20 22 52 54.765     2013 04 20 22 56 24.812     210.0
106
 2013 04 20 21 33 56.212     2013 04 20 21 35  7.401      71.2
107
 2013 04 20 03 34 47.666     2013 04 20 03 38 14.224     206.6
 2013 04 20 08 31 11.160     2013 04 20 08 34 36.878     205.7
108
109
110
 2013 04 20 19 48 18.324     2013 04 20 19 50 56.219     157.9
111
 2013 04 20 02 25 24.887     2013 04 20 02 28  5.853     161.0
112
113
 2013 04 20 16 45 35.943     2013 04 20 16 48 41.421     185.5
114
 2013 04 20 14 37  5.646     2013 04 20 14 40 17.850     192.2
 2013 04 20 21 11 59.319     2013 04 20 21 15 25.515     206.2
115
 2013 04 20 15 58 45.214     2013 04 20 16 00 18.648      93.4
116
 2013 04 20 06 10 25.422     2013 04 20 06 13 23.248     177.8
 2013 04 20 23 16 20.617     2013 04 20 23 19 30.145     189.5
117
118
 2013 04 20 15 22 50.662     2013 04 20 15 26 38.380     227.7
 2013 04 20 21 59 55.566     2013 04 20 22 02 41.750     166.2
119
120
 2013 04 20 12 32 23.360     2013 04 20 12 35  1.779     158.4
121
 2013 04 20 14 31 56.916     2013 04 20 14 35 49.886     233.0
 2013 04 20 22 48 28.064     2013 04 20 22 51 14.627     166.6
122
 2013 04 20 12 54 14.832     2013 04 20 12 57 28.356     193.5
123
 2013 04 20 05 29 15.227     2013 04 20 05 31 53.805     158.6
 2013 04 20 20 50 37.452     2013 04 20 20 51  5.605      28.2
124
 2013 04 20 02 14 57.755     2013 04 20 02 18 13.359     195.6
 2013 04 20 19 21 16.143     2013 04 20 19 24 10.030     173.9
125
 2013 04 20 19 47   .023     2013 04 20 19 47 53.400      53.4
126
 2013 04 20 09 47 13.202     2013 04 20 09 49 57.559     164.4
 2013 04 20 18 04 56.728     2013 04 20 18 08 46.485     229.8
127
 2013 04 20 05 51  9.873     2013 04 20 05 54 42.767     212.9
 2013 04 20 14 09 48.548     2013 04 20 14 12 27.117     158.6
128
 2013 04 20 03 51 35.848     2013 04 20 03 54 16.464     160.6
 2013 04 20 19 16 38.814     2013 04 20 19 20 34.969     236.2
129
 2013 04 20 05 44 42.338     2013 04 20 05 47 20.221     157.9
130
 2013 04 20 00 58 44.009     2013 04 20 00 58 50.699       6.7
 2013 04 20 12 44 17.420     2013 04 20 12 47 30.874     193.5
131
 2013 04 20 18 27 34.726     2013 04 20 18 31 20.753     226.0
132
133
 2013 04 20 07 26 45.218     2013 04 20 07 29 36.694     171.5
 2013 04 20 15 43 46.803     2013 04 20 15 46 38.702     171.9
134
 2013 04 20 07 00 16.451     2013 04 20 07 03 13.372     176.9
135
 2013 04 20 13 03  8.808     2013 04 20 13 03 37.356      28.5
 2013 04 20 14 37 33.252     2013 04 20 14 38 25.089      51.8
 2013 04 20 19 34 33.552     2013 04 20 19 38 18.131     224.6
136
137
 2013 04 20 01 10 17.898     2013 04 20 01 13 49.163     211.3
 2013 04 20 02 48  8.696     2013 04 20 02 48 22.207      13.5
 2013 04 20 07 45  5.212     2013 04 20 07 47 45.518     160.3
138
 2013 04 20 20 44  6.256     2013 04 20 20 47 54.314     228.1
139
 2013 04 20 00 46 27.715     2013 04 20 00 47 17.079      49.4
 2013 04 20 14 29 18.758     2013 04 20 14 32 23.803     185.0
140
 2013 04 20 23 05 37.520     2013 04 20 23 08 50.589     193.1
141
142
 2013 04 20 21 29 29.585     2013 04 20 21 32  4.280     154.7
143
 2013 04 20 01 03 30.365     2013 04 20 01 07 11.404     221.0
 2013 04 20 11 02 11.092     2013 04 20 11 05 32.206     201.1
144
 2013 04 20 12 45 36.247     2013 04 20 12 46  8.820      32.6
145
 2013 04 20 22 52 33.937     2013 04 20 22 55 13.549     159.6
146
 2013 04 20 13 46  6.867     2013 04 20 13 46 27.080      20.2
147
 2013 04 20 02 10 32.019     2013 04 20 02 11  2.693      30.7
 2013 04 20 03 49   .773     2013 04 20 03 52 32.040     211.3
 2013 04 20 20 56 13.003     2013 04 20 20 58 55.545     162.5
148
 2013 04 20 01 31 18.592     2013 04 20 01 34 17.973     179.4
 2013 04 20 16 53 57.889     2013 04 20 16 56 47.007     169.1
149
 2013 04 20 03 01 51.413     2013 04 20 03 04 40.429     169.0
 2013 04 20 20 08 17.586     2013 04 20 20 10 55.442     157.9
150
 2013 04 20 15 25  6.240     2013 04 20 15 27 53.175     166.9
 2013 04 20 20 20 47.398     2013 04 20 20 24 31.166     223.8
 2013 04 20 21 58 38.825     2013 04 20 21 59  2.428      23.6
151
 2013 04 20 02 28 57.167     2013 04 20 02 31 41.213     164.0
 2013 04 20 14 20 22.667     2013 04 20 14 24  7.760     225.1
152
 2013 04 20 05 38 24.716     2013 04 20 05 41 47.665     202.9
 2013 04 20 17 31 32.117     2013 04 20 17 34 13.451     161.3
153
 2013 04 20 00 00   .000     2013 04 20 00 00  8.965       9.0
 2013 04 20 15 18 30.540     2013 04 20 15 21 14.666     164.1
 2013 04 20 23 40 18.820     2013 04 20 23 41  8.671      49.9
154
 2013 04 20 10 33 54.788     2013 04 20 10 36 30.382     155.6
155
 2013 04 20 16 58 24.484     2013 04 20 17 01  9.750     165.3
 2013 04 20 23 33  8.624     2013 04 20 23 35 47.857     159.2
156
 2013 04 20 01 01 53.587     2013 04 20 01 04 33.633     160.0
 2013 04 20 11 04  9.234     2013 04 20 11 07   .843     171.6
157
 2013 04 20 05 03  2.585     2013 04 20 05 06 31.040     208.5
 2013 04 20 13 20  7.406     2013 04 20 13 23 34.988     207.6
158
 2013 04 20 03 04 18.471     2013 04 20 03 07   .087     161.6
 2013 04 20 18 28 57.008     2013 04 20 18 32 43.392     226.4
159
 2013 04 20 10 34 27.338     2013 04 20 10 37  3.111     155.8
 2013 04 20 18 55 41.859     2013 04 20 18 56 34.532      52.7
160
 2013 04 20 04 57 45.564     2013 04 20 05 00 59.866     194.3
 2013 04 20 15 00 16.068     2013 04 20 15 00 52.777      36.7
161
 2013 04 20 09 47 18.457     2013 04 20 09 47 21.455       3.0
 2013 04 20 18 04  2.987     2013 04 20 18 07  8.018     185.0
162
 2013 04 20 01 05 30.414     2013 04 20 01 08 44.326     193.9
163
 2013 04 20 19 14 21.036     2013 04 20 19 17 14.444     173.4
164
 2013 04 20 08 11 13.664     2013 04 20 08 13 16.080     122.4
165
166
 2013 04 20 08 15 13.020     2013 04 20 08 18  1.644     168.6
 2013 04 20 16 30  7.833     2013 04 20 16 30 17.334       9.5
167
 2013 04 20 03 29  1.247     2013 04 20 03 31 44.937     163.7
 2013 04 20 11 46 22.075     2013 04 20 11 49 16.522     174.4
168
 2013 04 20 04 43 44.810     2013 04 20 04 46 31.999     167.2
169
 2013 04 20 04 09 43.538     2013 04 20 04 13  3.002     199.5
 2013 04 20 14 15   .219     2013 04 20 14 18 36.894     216.7
170
 2013 04 20 21 36 19.573     2013 04 20 21 40  3.880     224.3
171
 2013 04 20 02 41 37.434     2013 04 20 02 44 37.719     180.3
 2013 04 20 10 59 58.133     2013 04 20 11 02 40.122     162.0
172
173
174
 2013 04 20 09 34 26.010     2013 04 20 09 37 14.207     168.2
175
176
 2013 04 20 14 57 46.565     2013 04 20 14 58 49.792      63.2
177
178
 2013 04 20 13 49  3.215     2013 04 20 13 52 36.322     213.1
 2013 04 20 20 25  7.187     2013 04 20 20 27 56.177     169.0
179
180
 2013 04 20 04 03 13.123     2013 04 20 04 06 37.308     204.2
 2013 04 20 15 56 54.316     2013 04 20 15 59 51.746     177.4
181
 2013 04 20 11 11 14.052     2013 04 20 11 13 51.998     157.9
 2013 04 20 23 01 54.783     2013 04 20 23 04 29.681     154.9
182
 2013 04 20 05 01 36.607     2013 04 20 05 05 28.884     232.3
183
 2013 04 20 03 05 20.048     2013 04 20 03 06 28.853      68.8
 2013 04 20 18 30 40.215     2013 04 20 18 33 39.549     179.3
184
 2013 04 20 01 42  4.714     2013 04 20 01 45  4.463     179.7
 2013 04 20 13 34 18.535     2013 04 20 13 36 54.276     155.7
185
 2013 04 20 04 13 56.518     2013 04 20 04 17 12.075     195.6
186
 2013 04 20 01 56  8.556     2013 04 20 01 59 52.824     224.3
 2013 04 20 10 09 32.962     2013 04 20 10 09 35.382       2.4
187
 2013 04 20 01 56  8.153     2013 04 20 01 58 49.324     161.2
 2013 04 20 10 11  3.042     2013 04 20 10 14 52.950     229.9
188
 2013 04 20 10 22 42.559     2013 04 20 10 26 30.090     227.5
 2013 04 20 22 15 51.514     2013 04 20 22 18 29.782     158.3
189
 2013 04 20 01 48 15.963     2013 04 20 01 51   .999     165.0
 2013 04 20 11 52 16.962     2013 04 20 11 55 45.345     208.4
190
 2013 04 20 06 39 44.430     2013 04 20 06 43  8.758     204.3
 2013 04 20 14 54 39.544     2013 04 20 14 57 55.438     195.9
191
 2013 04 20 15 45 27.247     2013 04 20 15 49 10.913     223.7
192
 2013 04 20 19 07 46.223     2013 04 20 19 11 19.495     213.3
193
 2013 04 20 05 40 49.972     2013 04 20 05 41 38.611      48.6
194
 2013 04 20 06 38 16.478     2013 04 20 06 41 30.885     194.4
 2013 04 20 14 55 12.641     2013 04 20 14 58 10.796     178.2
195
 2013 04 20 04 12 18.802     2013 04 20 04 15 11.166     172.4
 2013 04 20 14 13 55.147     2013 04 20 14 17   .768     185.6
196
 2013 04 20 16 09 49.912     2013 04 20 16 12 37.197     167.3
 2013 04 20 22 45 16.645     2013 04 20 22 48 51.570     214.9
197
 2013 04 20 21 27 56.008     2013 04 20 21 28 30.441      34.4
198
 2013 04 20 14 35 13.167     2013 04 20 14 38 57.199     224.0
 2013 04 20 21 12 21.650     2013 04 20 21 15 24.181     182.5
199
 2013 04 20 02 29 49.397     2013 04 20 02 32 59.212     189.8
 2013 04 20 14 19 52.443     2013 04 20 14 22 45.582     173.1
200
 2013 04 20 08 44 18.050     2013 04 20 08 46 54.935     156.9
201
 2013 04 20 15 53 27.941     2013 04 20 15 56  5.872     157.9
202
 2013 04 20 01 00 14.552     2013 04 20 01 02 50.130     155.6
203
 2013 04 20 05 30 49.748     2013 04 20 05 33 47.678     177.9
 2013 04 20 19 12 26.447     2013 04 20 19 12 33.527       7.1
204
 2013 04 20 11 23 36.380     2013 04 20 11 26 17.374     161.0
 2013 04 20 19 40  7.882     2013 04 20 19 42 53.600     165.7
205
 2013 04 20 13 46 56.589     2013 04 20 13 50 34.483     217.9
206
 2013 04 20 03 14 59.793     2013 04 20 03 18 24.710     204.9
 2013 04 20 15 09 33.593     2013 04 20 15 13 20.645     227.1
207
 2013 04 20 13 22 47.250     2013 04 20 13 26 24.197     216.9
208
 2013 04 20 18 18 46.155     2013 04 20 18 18 47.586       1.4
209
210
 2013 04 20 23 03 22.481     2013 04 20 23 03 33.540      11.1
211
 2013 04 20 16 13  9.201     2013 04 20 16 16  2.564     173.4
 2013 04 20 21 08 57.224     2013 04 20 21 11 53.564     176.3
212
 2013 04 20 07 22 56.779     2013 04 20 07 26 16.294     199.5
 2013 04 20 17 20 55.285     2013 04 20 17 22 27.103      91.8
213
 2013 04 20 00 38 15.656     2013 04 20 00 41 45.788     210.1
 2013 04 20 17 44  4.222     2013 04 20 17 47 44.549     220.3
214
 2013 04 20 05 42 42.811     2013 04 20 05 45 37.007     174.2
215
 2013 04 20 04 10 34.434     2013 04 20 04 13 11.567     157.1
 2013 04 20 14 13 37.964     2013 04 20 14 17 19.926     222.0
216
 2013 04 20 21 29 49.731     2013 04 20 21 32 43.083     173.4
217
 2013 04 20 11 18 14.660     2013 04 20 11 21 35.564     200.9
 2013 04 20 21 20 37.413     2013 04 20 21 23 46.741     189.3
218
 2013 04 20 09 52 36.667     2013 04 20 09 55 36.246     179.6
 2013 04 20 14 51 41.163     2013 04 20 14 52   .860      19.7
 2013 04 20 16 26 31.604     2013 04 20 16 29 41.438     189.8
219
220
 2013 04 20 00 00   .000     2013 04 20 00 01 24.655      84.7
 2013 04 20 23 39 44.214     2013 04 20 23 42 24.252     160.0
221
222
 2013 04 20 04 38 45.283     2013 04 20 04 41 34.108     168.8
 2013 04 20 20 04 21.937     2013 04 20 20 04 48.618      26.7
223
 2013 04 20 04 03 10.406     2013 04 20 04 06 20.315     189.9
 2013 04 20 15 56 41.829     2013 04 20 15 59 54.304     192.5
224
225
 2013 04 20 22 24 17.403     2013 04 20 22 27 32.878     195.5
226
227
 2013 04 20 13 44 51.930     2013 04 20 13 48 33.700     221.8
 2013 04 20 22 01  8.814     2013 04 20 22 03 48.660     159.8
228
 2013 04 20 05 34 12.819     2013 04 20 05 36 52.869     160.1
 2013 04 20 19 10 50.100     2013 04 20 19 14 43.124     233.0
229
 2013 04 20 11 09 17.620     2013 04 20 11 12  5.878     168.3
230
 2013 04 20 00 13  2.848     2013 04 20 00 13 20.552      17.7
 2013 04 20 11 56  9.954     2013 04 20 11 59  8.821     178.9
231
 2013 04 20 12 52 10.758     2013 04 20 12 55 45.344     214.6
 2013 04 20 22 56  1.747     2013 04 20 22 58 42.473     160.7
232
 2013 04 20 00 01  7.680     2013 04 20 00 04 39.565     211.9
 2013 04 20 13 39  4.612     2013 04 20 13 41 40.700     156.1
 2013 04 20 23 42  7.029     2013 04 20 23 45 39.297     212.3
233
 2013 04 20 08 56 20.252     2013 04 20 08 58 59.846     159.6
 2013 04 20 18 58  7.682     2013 04 20 19 00 53.117     165.4
234
 2013 04 20 07 54 36.815     2013 04 20 07 57 25.697     168.9
 2013 04 20 21 33 29.409     2013 04 20 21 36 11.781     162.4
235
 2013 04 20 13 41 47.117     2013 04 20 13 45 31.458     224.3
236
 2013 04 20 05 54  1.660     2013 04 20 05 57 10.948     189.3
 2013 04 20 12 30 37.068     2013 04 20 12 34  9.898     212.8
237
 2013 04 20 02 34 17.780     2013 04 20 02 34 49.039      31.3
 2013 04 20 14 18 43.836     2013 04 20 14 21 24.150     160.3
238
 2013 04 20 09 31 50.786     2013 04 20 09 34 28.022     157.2
239
 2013 04 20 14 16 45.365     2013 04 20 14 19 24.648     159.3
240
 2013 04 20 00 03 36.831     2013 04 20 00 06 13.883     157.1
 2013 04 20 23 44 36.360     2013 04 20 23 47 13.455     157.1
241
 2013 04 20 03 33 10.737     2013 04 20 03 35 54.044     163.3
 2013 04 20 10 08 30.407     2013 04 20 10 11 10.918     160.5
242
 2013 04 20 04 49 40.074     2013 04 20 04 52 24.271     164.2
243
 2013 04 20 03 15 14.336     2013 04 20 03 15 36.641      22.3
 2013 04 20 15 10 12.047     2013 04 20 15 12 59.785     167.7
244
 2013 04 20 14 16 57.584     2013 04 20 14 20 22.879     205.3
245
 2013 04 20 20 42 49.765     2013 04 20 20 45 33.042     163.3
246
 2013 04 20 00 02 31.566     2013 04 20 00 02 50.396      18.8
 2013 04 20 13 37 43.109     2013 04 20 13 41 15.441     212.3
 2013 04 20 23 43 30.885     2013 04 20 23 43 46.319      15.4
247
 2013 04 20 14 29 40.890     2013 04 20 14 33  4.374     203.5
248
 2013 04 20 08 59 28.339     2013 04 20 09 03 15.105     226.8
 2013 04 20 17 16 28.992     2013 04 20 17 17 51.351      82.4
249
 2013 04 20 08 14 33.698     2013 04 20 08 17 14.797     161.1
 2013 04 20 16 30 24.141     2013 04 20 16 33 32.234     188.1
250
 2013 04 20 03 32 49.016     2013 04 20 03 36 19.670     210.7
 2013 04 20 05 10 42.088     2013 04 20 05 12  1.767      79.7
 2013 04 20 10 07 18.583     2013 04 20 10 10  2.114     163.5
251
 2013 04 20 00 55  7.385     2013 04 20 00 58 43.861     216.5
 2013 04 20 12 44 44.599     2013 04 20 12 47 34.869     170.3
252
 2013 04 20 03 28 34.123     2013 04 20 03 31 14.587     160.5
 2013 04 20 11 46 23.563     2013 04 20 11 49 47.973     204.4
253
 2013 04 20 06 12 50.897     2013 04 20 06 16 18.833     207.9
254
 2013 04 20 11 55 36.952     2013 04 20 11 58 16.593     159.6
255
 2013 04 20 07 20  6.350     2013 04 20 07 23 35.388     209.0
 2013 04 20 17 24 38.016     2013 04 20 17 27 17.974     160.0
256
 2013 04 20 02 42 29.947     2013 04 20 02 46 18.258     228.3
 2013 04 20 10 57 39.905     2013 04 20 11 00 36.085     176.2
257
 2013 04 20 16 57 56.997     2013 04 20 17 00 55.240     178.2
 2013 04 20 23 34  4.351     2013 04 20 23 36 49.308     165.0
258
 2013 04 20 13 51  4.383     2013 04 20 13 53 43.465     159.1
 2013 04 20 18 46 33.446     2013 04 20 18 49 24.635     171.2
259
 2013 04 20 12 55 46.412     2013 04 20 12 58 28.635     162.2
260
 2013 04 20 09 31  9.399     2013 04 20 09 31 15.487       6.1
261
 2013 04 20 09 43 10.427     2013 04 20 09 45 51.110     160.7
 2013 04 20 19 45 20.794     2013 04 20 19 48   .145     159.4
262
 2013 04 20 10 25 42.770     2013 04 20 10 29 19.366     216.6
263
 2013 04 20 12 15 46.540     2013 04 20 12 19 36.746     230.2
 2013 04 20 17 12 31.966     2013 04 20 17 15 54.674     202.7
264
 2013 04 20 22 55 38.444     2013 04 20 22 55 44.011       5.6
265
 2013 04 20 00 05 55.004     2013 04 20 00 07 18.754      83.7
 2013 04 20 23 46 57.102     2013 04 20 23 48 18.526      81.4
266
 2013 04 20 17 33  7.855     2013 04 20 17 35 51.151     163.3
267
 2013 04 20 04 48 13.307     2013 04 20 04 51 11.455     178.1
268
269
 2013 04 20 12 57 12.600     2013 04 20 13 01 10.042     237.4
 2013 04 20 21 16 22.743     2013 04 20 21 19  1.976     159.2
270
 2013 04 20 08 06  5.956     2013 04 20 08 06 27.324      21.4
271
272
 2013 04 20 00 56 42.121     2013 04 20 00 56 57.657      15.5
 2013 04 20 12 43 36.087     2013 04 20 12 46 44.684     188.6
273
274
 2013 04 20 10 22 10.484     2013 04 20 10 23 16.166      65.7
 2013 04 20 22 16  9.875     2013 04 20 22 18 49.659     159.8
275
 2013 04 20 11 14  7.638     2013 04 20 11 16 48.785     161.1
276
277
 2013 04 20 13 50 31.117     2013 04 20 13 53 10.129     159.0
 2013 04 20 18 45 49.569     2013 04 20 18 49  3.553     194.0
278
279
 2013 04 20 00 12 28.617     2013 04 20 00 15  8.444     159.8
280
 2013 04 20 20 29 40.146     2013 04 20 20 32 21.093     160.9
281
 2013 04 20 04 05 28.470     2013 04 20 04 08 33.473     185.0
 2013 04 20 15 55 26.645     2013 04 20 15 58 48.056     201.4
282
 2013 04 20 02 21 25.519     2013 04 20 02 24 15.840     170.3
283
 2013 04 20 00 47 38.776     2013 04 20 00 50 22.180     163.4
 2013 04 20 14 28  4.225     2013 04 20 14 31  8.948     184.7
284
 2013 04 20 04 44 22.697     2013 04 20 04 47  4.292     161.6
 2013 04 20 18 24 11.314     2013 04 20 18 27 35.994     204.7
285
 2013 04 20 09 00 24.553     2013 04 20 09 03  2.963     158.4
 2013 04 20 17 18 19.475     2013 04 20 17 21 21.450     182.0
286
 2013 04 20 15 50 54.048     2013 04 20 15 51 47.835      53.8
287
288
 2013 04 20 05 54 20.251     2013 04 20 05 57 54.726     214.5
 2013 04 20 12 31 16.840     2013 04 20 12 34 13.071     176.2
289
 2013 04 20 01 53  2.045     2013 04 20 01 56  7.072     185.0
290
 2013 04 20 08 39 17.590     2013 04 20 08 42  3.518     165.9
291
 2013 04 20 08 43 23.805     2013 04 20 08 47  7.849     224.0
292
 2013 04 20 04 49 46.001     2013 04 20 04 52 27.611     161.6
293
 2013 04 20 00 44 53.284     2013 04 20 00 47 31.655     158.4
 2013 04 20 16 06 31.905     2013 04 20 16 10 29.424     237.5
294
 2013 04 20 07 03   .301     2013 04 20 07 05 47.038     166.7
 2013 04 20 22 26 26.624     2013 04 20 22 29 29.970     183.3
295
 2013 04 20 18 20 22.550     2013 04 20 18 24  3.695     221.1
296
 2013 04 20 07 02  6.737     2013 04 20 07 05 30.929     204.2
 2013 04 20 22 27 18.066     2013 04 20 22 30  1.456     163.4
297
 2013 04 20 07 50 34.195     2013 04 20 07 53 29.343     175.1
 2013 04 20 23 12 45.336     2013 04 20 23 15 53.157     187.8
298
 2013 04 20 15 51 11.287     2013 04 20 15 51 46.486      35.2
299
 2013 04 20 19 49  2.405     2013 04 20 19 51 55.766     173.4
300
 2013 04 20 03 32 25.564     2013 04 20 03 36 10.330     224.8
 2013 04 20 05 10 26.871     2013 04 20 05 14 26.399     239.5
 2013 04 20 10 07  8.439     2013 04 20 10 09 49.451     161.0
301
 2013 04 20 07 08  8.771     2013 04 20 07 10 49.337     160.6
 2013 04 20 20 45 55.725     2013 04 20 20 48 42.003     166.3
302
 2013 04 20 11 00 31.105     2013 04 20 11 01 37.930      66.8
303
304
 2013 04 20 01 07  2.963     2013 04 20 01 10 39.825     216.9
 2013 04 20 09 25 36.757     2013 04 20 09 28 17.710     161.0
305
 2013 04 20 14 33 12.066     2013 04 20 14 37  4.012     231.9
 2013 04 20 22 48  1.710     2013 04 20 22 51 15.363     193.7
306
 2013 04 20 07 05 58.908     2013 04 20 07 06 34.248      35.3
 2013 04 20 20 48 13.541     2013 04 20 20 50 54.525     161.0
307
 2013 04 20 15 58   .667     2013 04 20 15 59 13.896      73.2
308
 2013 04 20 06 13 16.248     2013 04 20 06 16   .402     164.2
309
 2013 04 20 06 30 20.204     2013 04 20 06 33 46.191     206.0
310
 2013 04 20 13 01 31.355     2013 04 20 13 04 16.873     165.5
 2013 04 20 19 36 59.621     2013 04 20 19 39 39.926     160.3
311
312
 2013 04 20 03 31 16.010     2013 04 20 03 35 15.355     239.3
 2013 04 20 10 08 47.952     2013 04 20 10 09  9.554      21.6
313
 2013 04 20 04 37  4.294     2013 04 20 04 40  8.842     184.5
 2013 04 20 21 41 46.854     2013 04 20 21 44 44.786     177.9
314
 2013 04 20 15 10 42.257     2013 04 20 15 13 28.901     166.6
315
 2013 04 20 02 28 37.520     2013 04 20 02 31 23.288     165.8
 2013 04 20 14 21 27.971     2013 04 20 14 24 57.378     209.4
316
 2013 04 20 02 33  3.119     2013 04 20 02 34 16.331      73.2
317
 2013 04 20 01 29  4.672     2013 04 20 01 32 55.478     230.8
 2013 04 20 16 56   .162     2013 04 20 16 59 15.295     195.1
318
 2013 04 20 09 39 33.543     2013 04 20 09 39 36.156       2.6
319
 2013 04 20 02 20 49.162     2013 04 20 02 23 27.379     158.2
320
 2013 04 20 12 14 52.189     2013 04 20 12 17 30.176     158.0
 2013 04 20 18 49 20.964     2013 04 20 18 52 21.527     180.6
321
 2013 04 20 13 30 55.830     2013 04 20 13 33 48.112     172.3
322
 2013 04 20 05 43 13.827     2013 04 20 05 46 42.034     208.2
323
 2013 04 20 07 29 50.438     2013 04 20 07 32 32.786     162.3
 2013 04 20 14 05 24.882     2013 04 20 14 08  4.527     159.6
324
 2013 04 20 00 14 20.788     2013 04 20 00 14 51.671      30.9
 2013 04 20 10 18 11.985     2013 04 20 10 21 16.855     184.9
325
326
327
 2013 04 20 10 30  3.210     2013 04 20 10 33 49.465     226.3
 2013 04 20 20 31 27.394     2013 04 20 20 34 25.602     178.2
328
329
 2013 04 20 12 53 59.873     2013 04 20 12 54  5.602       5.7
330
 2013 04 20 19 14 14.107     2013 04 20 19 17 58.207     224.1
331
 2013 04 20 09 47 20.719     2013 04 20 09 50 47.036     206.3
 2013 04 20 18 06 34.527     2013 04 20 18 09 29.119     174.6
332
 2013 04 20 21 22 57.612     2013 04 20 21 26  2.644     185.0
333
 2013 04 20 07 25 45.761     2013 04 20 07 28 42.883     177.1
 2013 04 20 15 42 43.839     2013 04 20 15 45 40.969     177.1
334
 2013 04 20 00 43 12.285     2013 04 20 00 43 28.466      16.2
 2013 04 20 16 08 37.225     2013 04 20 16 11 46.014     188.8
335
 2013 04 20 04 46 53.841     2013 04 20 04 50  8.758     194.9
 2013 04 20 18 22 22.431     2013 04 20 18 25 58.941     216.5
336
 2013 04 20 00 24 27.262     2013 04 20 00 27 16.515     169.3
 2013 04 20 06 59  4.491     2013 04 20 07 02 16.642     192.2
337
 2013 04 20 00 50 54.226     2013 04 20 00 53 53.165     178.9
338
 2013 04 20 05 33 33.366     2013 04 20 05 36 27.968     174.6
 2013 04 20 19 10 45.127     2013 04 20 19 13 35.334     170.2
339
 2013 04 20 01 11 28.530     2013 04 20 01 12 33.005      64.5
 2013 04 20 07 47 20.460     2013 04 20 07 50 40.007     199.5
340
 2013 04 20 12 50 47.110     2013 04 20 12 53 49.558     182.4
341
 2013 04 20 16 13  7.067     2013 04 20 16 16 14.408     187.3
 2013 04 20 21 09 11.285     2013 04 20 21 12  9.527     178.2
342
 2013 04 20 08 55  7.031     2013 04 20 08 58 45.852     218.8
 2013 04 20 18 59 20.195     2013 04 20 19 01 58.173     158.0
343
 2013 04 20 22 15   .934     2013 04 20 22 16 24.356      83.4
344
 2013 04 20 09 32 30.900     2013 04 20 09 32 56.660      25.8
 2013 04 20 23 07  3.610     2013 04 20 23 10  4.158     180.5
345
 2013 04 20 03 28 31.987     2013 04 20 03 31 34.101     182.1
 2013 04 20 11 45 47.413     2013 04 20 11 49  9.409     202.0
346
 2013 04 20 03 58 58.480     2013 04 20 04 01 35.499     157.0
 2013 04 20 17 36 32.486     2013 04 20 17 39 40.242     187.8
347
 2013 04 20 05 48 53.325     2013 04 20 05 52 14.156     200.8
348
 2013 04 20 19 14  7.974     2013 04 20 19 14 35.166      27.2
349
 2013 04 20 05 36 47.290     2013 04 20 05 39 24.752     157.5
350
 2013 04 20 01 54 36.637     2013 04 20 01 57 33.644     177.0
 2013 04 20 10 12 29.896     2013 04 20 10 15  8.599     158.7
351
 2013 04 20 16 12 18.977     2013 04 20 16 16  7.202     228.2
 2013 04 20 21 08 59.746     2013 04 20 21 12 48.528     228.8
352
 2013 04 20 00 49 31.045     2013 04 20 00 53 17.082     226.0
 2013 04 20 14 25 34.411     2013 04 20 14 28 38.190     183.8
353
 2013 04 20 06 22 32.969     2013 04 20 06 25 15.997     163.0
354
355
356
 2013 04 20 08 13 19.673     2013 04 20 08 16  8.232     168.6
 2013 04 20 16 31 16.542     2013 04 20 16 33 59.493     163.0
357
 2013 04 20 05 41 42.875     2013 04 20 05 44 21.691     158.8
 2013 04 20 17 28  8.533     2013 04 20 17 28 39.053      30.5
358
 2013 04 20 19 01 39.906     2013 04 20 19 05  9.134     209.2
359
 2013 04 20 09 07 47.427     2013 04 20 09 10 55.644     188.2
 2013 04 20 14 03 28.879     2013 04 20 14 06 12.188     163.3
360
 2013 04 20 05 56 36.061     2013 04 20 06 00  3.761     207.7
 2013 04 20 10 52 58.681     2013 04 20 10 56 47.564     228.9
361
 2013 04 20 02 45 34.218     2013 04 20 02 46 15.606      41.4
 2013 04 20 10 57 37.505     2013 04 20 11 00 24.199     166.7
362
363
 2013 04 20 01 08 47.090     2013 04 20 01 11 55.982     188.9
364
 2013 04 20 18 19 59.379     2013 04 20 18 20 12.405      13.0
365
 2013 04 20 00 56 27.271     2013 04 20 00 59  4.702     157.4
 2013 04 20 12 45  7.876     2013 04 20 12 48  6.019     178.1
366
 2013 04 20 01 01 48.059     2013 04 20 01 04 54.491     186.4
 2013 04 20 11 05 16.630     2013 04 20 11 07 53.743     157.1
367
 2013 04 20 00 24 57.739     2013 04 20 00 27 42.988     165.2
 2013 04 20 05 20 31.517     2013 04 20 05 24 27.322     235.8
 2013 04 20 06 58 39.610     2013 04 20 07 02 34.013     234.4
368
 2013 04 20 03 59 58.491     2013 04 20 04 03 14.348     195.9
 2013 04 20 17 34 28.910     2013 04 20 17 35   .554      31.6
369
 2013 04 20 02 59 54.271     2013 04 20 03 02 57.186     182.9
 2013 04 20 21 44 32.336     2013 04 20 21 47 54.930     202.6
370
 2013 04 20 00 01 39.002     2013 04 20 00 04 32.875     173.9
 2013 04 20 13 40 22.411     2013 04 20 13 43 22.160     179.7
 2013 04 20 23 42 38.655     2013 04 20 23 45 32.327     173.7
371
 2013 04 20 09 37   .686     2013 04 20 09 39 46.214     165.5
 2013 04 20 21 26 58.493     2013 04 20 21 29 55.275     176.8
372
 2013 04 20 04 11 57.889     2013 04 20 04 15 36.116     218.2
 2013 04 20 14 14 17.955     2013 04 20 14 17 44.763     206.8
373
 2013 04 20 21 18  9.968     2013 04 20 21 21 53.999     224.0
374
 2013 04 20 00 22 38.517     2013 04 20 00 26 21.587     223.1
 2013 04 20 02 00 34.245     2013 04 20 02 01 12.383      38.1
 2013 04 20 06 57 35.755     2013 04 20 07 00 23.521     167.8
375
 2013 04 20 15 10 50.662     2013 04 20 15 13 37.024     166.4
376
 2013 04 20 05 07 11.055     2013 04 20 05 09 53.535     162.5
 2013 04 20 11 42 39.747     2013 04 20 11 45 42.302     182.6
377
 2013 04 20 05 57  4.661     2013 04 20 06 00 34.815     210.2
 2013 04 20 10 53 32.670     2013 04 20 10 56 43.024     190.4
378
 2013 04 20 04 10 59.057     2013 04 20 04 13 58.359     179.3
 2013 04 20 14 14 44.809     2013 04 20 14 17 26.866     162.1
379
 2013 04 20 16 03 44.031     2013 04 20 16 06 47.150     183.1
380
 2013 04 20 11 05 19.537     2013 04 20 11 08 58.052     218.5
381
 2013 04 20 17 16 24.767     2013 04 20 17 19 27.724     183.0
382
 2013 04 20 01 06 52.917     2013 04 20 01 09 56.678     183.8
 2013 04 20 09 23 43.121     2013 04 20 09 26 35.467     172.3
383
 2013 04 20 00 39 43.386     2013 04 20 00 43 12.166     208.8
 2013 04 20 17 44 42.959     2013 04 20 17 47 29.735     166.8
384
 2013 04 20 06 37 38.101     2013 04 20 06 38  5.236      27.1
 2013 04 20 14 54 31.652     2013 04 20 14 57 53.637     202.0
385
 2013 04 20 01 29 11.454     2013 04 20 01 32 36.149     204.7
 2013 04 20 16 55 37.787     2013 04 20 16 59  5.511     207.7
386
 2013 04 20 16 40 23.108     2013 04 20 16 43 52.795     209.7
387
 2013 04 20 06 16 17.562     2013 04 20 06 19 26.735     189.2
 2013 04 20 21 37 19.445     2013 04 20 21 39  3.564     104.1
388
 2013 04 20 00 23 15.604     2013 04 20 00 25 57.295     161.7
 2013 04 20 06 58 43.484     2013 04 20 07 01 32.512     169.0
389
 2013 04 20 17 33   .624     2013 04 20 17 33  5.950       5.3
390
 2013 04 20 00 45 53.424     2013 04 20 00 46 16.379      23.0
 2013 04 20 16 05 42.371     2013 04 20 16 09  5.151     202.8
391
 2013 04 20 08 13  2.156     2013 04 20 08 14 41.802      99.6
 2013 04 20 16 32 12.045     2013 04 20 16 34 52.379     160.3
392
 2013 04 20 03 58  6.021     2013 04 20 04 00 45.974     160.0
 2013 04 20 17 37 15.639     2013 04 20 17 39 55.049     159.4
393
 2013 04 20 12 49 51.347     2013 04 20 12 53 14.850     203.5
394
395
 2013 04 20 03 58 34.584     2013 04 20 04 02 23.112     228.5
 2013 04 20 17 37  6.378     2013 04 20 17 38 10.268      63.9
396
 2013 04 20 04 39 44.976     2013 04 20 04 42 29.846     164.9
 2013 04 20 20 04 40.949     2013 04 20 20 07 26.522     165.6
397
 2013 04 20 06 32 29.875     2013 04 20 06 35 34.508     184.6
 2013 04 20 16 36 58.189     2013 04 20 16 40  1.036     182.8
398
399
 2013 04 20 05 08 12.154     2013 04 20 05 11 17.719     185.6
 2013 04 20 06 45 48.494     2013 04 20 06 45 50.011       1.5
 2013 04 20 11 42 17.062     2013 04 20 11 45 17.435     180.4
400
 2013 04 20 01 52 31.179     2013 04 20 01 55 12.353     161.2
401
 2013 04 20 07 11 56.631     2013 04 20 07 15 13.785     197.2
 2013 04 20 19 06 13.310     2013 04 20 19 06 52.033      38.7
402
 2013 04 20 05 27 19.599     2013 04 20 05 30 21.309     181.7
 2013 04 20 20 52 19.485     2013 04 20 20 55   .735     161.3
403
 2013 04 20 03 06 15.063     2013 04 20 03 09 36.816     201.8
 2013 04 20 18 28  8.940     2013 04 20 18 31 18.534     189.6
404
 2013 04 20 18 27 13.989     2013 04 20 18 27 33.091      19.1
405
406
407
 2013 04 20 05 28 15.734     2013 04 20 05 31  3.263     167.5
 2013 04 20 20 50 59.104     2013 04 20 20 53 53.446     174.3
408
 2013 04 20 10 21  2.906     2013 04 20 10 24 16.992     194.1
409
 2013 04 20 06 32 52.597     2013 04 20 06 33 32.203      39.6
410
 2013 04 20 07 13 55.123     2013 04 20 07 17 39.826     224.7
 2013 04 20 19 05 52.968     2013 04 20 19 08 50.600     177.6
411
 2013 04 20 07 55 12.643     2013 04 20 07 58  7.566     174.9
 2013 04 20 21 33 10.204     2013 04 20 21 35 45.994     155.8
412
 2013 04 20 11 26 26.491     2013 04 20 11 26 35.011       8.5
 2013 04 20 18 03 32.524     2013 04 20 18 06 16.922     164.4
413
 2013 04 20 07 07 32.414     2013 04 20 07 08 32.100      59.7
414
 2013 04 20 15 20 13.845     2013 04 20 15 22 53.000     159.2
 2013 04 20 23 36 49.943     2013 04 20 23 39 28.315     158.4
415
 2013 04 20 08 17 32.282     2013 04 20 08 20 14.504     162.2
 2013 04 20 14 52 37.686     2013 04 20 14 55 20.251     162.6
416
 2013 04 20 05 00 26.280     2013 04 20 05 03 26.786     180.5
 2013 04 20 15 00 29.193     2013 04 20 15 00 42.548      13.4
417
 2013 04 20 04 11   .821     2013 04 20 04 14  1.613     180.8
 2013 04 20 14 13  7.803     2013 04 20 14 16 20.113     192.3
418
 2013 04 20 00 00   .000     2013 04 20 00 01 50.013     110.0
 2013 04 20 23 39 45.561     2013 04 20 23 42 49.453     183.9
419
 2013 04 20 03 45  5.487     2013 04 20 03 49  2.985     237.5
 2013 04 20 05 23 27.711     2013 04 20 05 26 59.182     211.5
 2013 04 20 22 30 51.491     2013 04 20 22 33 41.061     169.6
420
421
 2013 04 20 20 29 56.983     2013 04 20 20 33 10.388     193.4
422
 2013 04 20 08 12 46.691     2013 04 20 08 14  7.833      81.1
 2013 04 20 16 32 17.127     2013 04 20 16 34 55.372     158.2
423
 2013 04 20 00 57 29.333     2013 04 20 00 57 42.468      13.1
424
 2013 04 20 07 02 39.763     2013 04 20 07 05 23.427     163.7
 2013 04 20 22 25 59.563     2013 04 20 22 28 41.974     162.4
425
 2013 04 20 03 54 26.937     2013 04 20 03 57  9.888     163.0
 2013 04 20 19 16  6.653     2013 04 20 19 16 33.011      26.4
426
427
 2013 04 20 07 57 46.590     2013 04 20 08 00 33.146     166.6
428
 2013 04 20 01 08  6.131     2013 04 20 01 10 43.102     157.0
 2013 04 20 09 24 21.610     2013 04 20 09 27 17.662     176.1
429
 2013 04 20 04 57 24.153     2013 04 20 05 00 42.021     197.9
430
 2013 04 20 12 35 37.235     2013 04 20 12 38 40.030     182.8
431
 2013 04 20 20 35 23.580     2013 04 20 20 38  4.974     161.4
432
 2013 04 20 14 10 35.901     2013 04 20 14 13 38.026     182.1
433
 2013 04 20 00 58 39.350     2013 04 20 01 01 20.054     160.7
434
 2013 04 20 14 35 29.590     2013 04 20 14 36 15.736      46.1
 2013 04 20 22 48 17.762     2013 04 20 22 50 58.079     160.3
435
436
 2013 04 20 04 48 44.739     2013 04 20 04 52 36.277     231.5
437
 2013 04 20 01 26  9.768     2013 04 20 01 28 53.111     163.3
 2013 04 20 18 32 16.709     2013 04 20 18 35 43.875     207.2
438
 2013 04 20 07 50 59.588     2013 04 20 07 54 51.545     232.0
 2013 04 20 23 11 19.025     2013 04 20 23 11 24.655       5.6
439
 2013 04 20 05 48  4.969     2013 04 20 05 51 39.410     214.4
 2013 04 20 15 46  5.335     2013 04 20 15 49 54.383     229.0
440
 2013 04 20 06 41  3.545     2013 04 20 06 44 14.404     190.9
 2013 04 20 13 17 41.796     2013 04 20 13 17 59.644      17.8
441
 2013 04 20 00 04  3.498     2013 04 20 00 07  4.716     181.2
 2013 04 20 23 45  3.175     2013 04 20 23 48  4.146     181.0
442
 2013 04 20 01 35 31.684     2013 04 20 01 38 11.038     159.4
 2013 04 20 15 14 52.706     2013 04 20 15 17 39.175     166.5
443
 2013 04 20 10 14 23.495     2013 04 20 10 18  9.234     225.7
444
 2013 04 20 09 51 58.284     2013 04 20 09 54 40.298     162.0
 2013 04 20 16 27 19.028     2013 04 20 16 29 59.961     160.9
445
446
447
 2013 04 20 03 34 32.891     2013 04 20 03 34 53.191      20.3
 2013 04 20 05 08 44.073     2013 04 20 05 08 57.627      13.6
 2013 04 20 10 10  1.799     2013 04 20 10 10  7.993       6.2
 2013 04 20 11 44   .078     2013 04 20 11 44 21.939      21.9
448
 2013 04 20 02 22 15.538     2013 04 20 02 25 46.845     211.3
 2013 04 20 16 03 35.580     2013 04 20 16 06 16.588     161.0
449
 2013 04 20 14 32 22.002     2013 04 20 14 35  2.609     160.6
 2013 04 20 22 49 48.409     2013 04 20 22 52 32.575     164.2
450
 2013 04 20 08 16 39.644     2013 04 20 08 19 32.237     172.6
 2013 04 20 14 51 53.270     2013 04 20 14 54 47.985     174.7
451
 2013 04 20 18 59 57.746     2013 04 20 19 00 22.099      24.4
452
 2013 04 20 17 30  7.056     2013 04 20 17 30 34.117      27.1
453
454
 2013 04 20 04 49 11.258     2013 04 20 04 52  8.228     177.0
455
 2013 04 20 10 38  5.215     2013 04 20 10 40 57.975     172.8
 2013 04 20 17 13 21.605     2013 04 20 17 17  4.583     223.0
456
 2013 04 20 10 27 52.937     2013 04 20 10 28 14.664      21.7
 2013 04 20 22 12 31.372     2013 04 20 22 15  8.546     157.2
457
 2013 04 20 07 08 20.551     2013 04 20 07 11 40.894     200.3
 2013 04 20 20 44 59.486     2013 04 20 20 47 53.789     174.3
458
 2013 04 20 08 15  3.339     2013 04 20 08 16 28.982      85.6
459
460
 2013 04 20 21 28 39.618     2013 04 20 21 31 29.457     169.8
461
 2013 04 20 20 37 46.649     2013 04 20 20 41  8.362     201.7
462
 2013 04 20 13 42 37.189     2013 04 20 13 44   .101      82.9
463
 2013 04 20 18 56 11.892     2013 04 20 18 58 49.285     157.4
464
 2013 04 20 07 50 45.638     2013 04 20 07 53 46.767     181.1
 2013 04 20 23 13 37.919     2013 04 20 23 17 26.437     228.5
465
 2013 04 20 07 00 27.916     2013 04 20 07 03 11.641     163.7
466
 2013 04 20 02 22 22.744     2013 04 20 02 25   .812     158.1
 2013 04 20 16 02 13.616     2013 04 20 16 05 35.530     201.9
467
 2013 04 20 08 10 52.469     2013 04 20 08 13 44.016     171.5
468
 2013 04 20 02 29 59.269     2013 04 20 02 32 53.175     173.9
 2013 04 20 14 21 19.257     2013 04 20 14 23 58.554     159.3
469
 2013 04 20 22 18  3.881     2013 04 20 22 20 41.944     158.1
470
 2013 04 20 19 08 34.553     2013 04 20 19 11 26.570     172.0
471
 2013 04 20 14 31 17.112     2013 04 20 14 34 45.849     208.7
 2013 04 20 22 50 43.564     2013 04 20 22 53 52.631     189.1
472
 2013 04 20 04 10 40.137     2013 04 20 04 13 22.709     162.6
 2013 04 20 14 14 23.767     2013 04 20 14 17 34.667     190.9
473
 2013 04 20 08 54  6.904     2013 04 20 08 57  8.922     182.0
474
 2013 04 20 06 33  3.631     2013 04 20 06 35 55.094     171.5
 2013 04 20 16 36 42.471     2013 04 20 16 39 28.487     166.0
475
 2013 04 20 00 01 50.685     2013 04 20 00 05 34.514     223.8
 2013 04 20 13 40  9.533     2013 04 20 13 40 28.942      19.4
 2013 04 20 23 42 50.423     2013 04 20 23 46 33.888     223.5
476
 2013 04 20 09 44 15.117     2013 04 20 09 46 56.145     161.0
 2013 04 20 19 44 42.763     2013 04 20 19 47 45.270     182.5
477
 2013 04 20 13 27 27.076     2013 04 20 13 31  7.702     220.6
478
 2013 04 20 03 36 10.644     2013 04 20 03 39 23.082     192.4
 2013 04 20 08 31 56.055     2013 04 20 08 34 41.196     165.1
479
 2013 04 20 11 54 23.419     2013 04 20 11 57 15.069     171.6
480
481
 2013 04 20 02 42 13.301     2013 04 20 02 44 51.342     158.0
 2013 04 20 10 59  3.125     2013 04 20 11 01 41.017     157.9
482
 2013 04 20 02 29  1.644     2013 04 20 02 31 40.968     159.3
 2013 04 20 14 20 33.255     2013 04 20 14 24  9.682     216.4
483
 2013 04 20 00 14 16.831     2013 04 20 00 17  8.615     171.8
 2013 04 20 10 16 37.372     2013 04 20 10 19 39.182     181.8
484
 2013 04 20 05 08 56.765     2013 04 20 05 11 39.049     162.3
 2013 04 20 10 04 16.388     2013 04 20 10 05 17.878      61.5
 2013 04 20 11 42 39.803     2013 04 20 11 46 15.590     215.8
485
 2013 04 20 07 16 46.492     2013 04 20 07 19  6.005     139.5
486
 2013 04 20 13 51 20.648     2013 04 20 13 54 34.131     193.5
 2013 04 20 18 47 28.369     2013 04 20 18 50 11.260     162.9
487
 2013 04 20 14 35   .119     2013 04 20 14 37 42.332     162.2
 2013 04 20 21 10 49.189     2013 04 20 21 14 42.405     233.2
488
 2013 04 20 03 30 11.384     2013 04 20 03 33  6.066     174.7
 2013 04 20 11 45 49.719     2013 04 20 11 48 48.788     179.1
489
 2013 04 20 02 43  1.478     2013 04 20 02 46 17.730     196.3
 2013 04 20 10 59 21.918     2013 04 20 11 03  8.831     226.9
490
 2013 04 20 07 58 10.624     2013 04 20 07 59 16.686      66.1
491
 2013 04 20 09 01  4.175     2013 04 20 09 02  4.539      60.4
 2013 04 20 17 19  9.768     2013 04 20 17 22 20.603     190.8
492
 2013 04 20 20 25 37.703     2013 04 20 20 28 24.839     167.1
493
494
 2013 04 20 06 42 22.231     2013 04 20 06 45 53.336     211.1
 2013 04 20 13 18 49.616     2013 04 20 13 21 29.882     160.3
495
 2013 04 20 00 12 43.964     2013 04 20 00 15 31.385     167.4
496
497
498
 2013 04 20 01 55 48.609     2013 04 20 01 58 58.667     190.1
 2013 04 20 10 11 49.297     2013 04 20 10 13 48.307     119.0
499
 2013 04 20 07 08 52.814     2013 04 20 07 09 46.243      53.4
500
 2013 04 20 19 17 48.948     2013 04 20 19 19 33.309     104.4
501
 2013 04 20 13 02 18.851     2013 04 20 13 05  6.204     167.4
 2013 04 20 19 36 53.587     2013 04 20 19 40  4.666     191.1
502
 2013 04 20 14 35 17.546     2013 04 20 14 39 11.150     233.6
 2013 04 20 21 12 32.762     2013 04 20 21 15 27.026     174.3
503
 2013 04 20 12 59 54.750     2013 04 20 13 03 36.347     221.6
 2013 04 20 19 37  7.736     2013 04 20 19 40 58.969     231.2
504
505
 2013 04 20 11 17 15.878     2013 04 20 11 19 54.526     158.6
 2013 04 20 21 20 19.807     2013 04 20 21 23 22.468     182.7
506
 2013 04 20 21 24 36.201     2013 04 20 21 27 17.964     161.8
507
 2013 04 20 03 59 12.260     2013 04 20 04 02 27.031     194.8
 2013 04 20 17 36 28.153     2013 04 20 17 36 39.577      11.4
508
509
 2013 04 20 20 28 43.987     2013 04 20 20 29  4.055      20.1
510
 2013 04 20 08 17 12.669     2013 04 20 08 20 32.602     199.9
 2013 04 20 09 54 57.779     2013 04 20 09 55 26.943      29.2
 2013 04 20 14 51 37.981     2013 04 20 14 54 23.922     165.9
511
 2013 04 20 09 49 18.479     2013 04 20 09 49 59.693      41.2
512
 2013 04 20 04 12 52.304     2013 04 20 04 13  1.577       9.3
513
 2013 04 20 04 13 41.727     2013 04 20 04 16 51.928     190.2
514
 2013 04 20 09 52 23.609     2013 04 20 09 55 19.591     176.0
 2013 04 20 16 27 46.322     2013 04 20 16 30 34.295     168.0
515
 2013 04 20 20 34 59.386     2013 04 20 20 38 33.893     214.5
516
 2013 04 20 04 50 47.011     2013 04 20 04 53 31.301     164.3
 2013 04 20 16 45 29.714     2013 04 20 16 46 31.749      62.0
517
 2013 04 20 05 54 29.455     2013 04 20 05 57 50.154     200.7
 2013 04 20 12 31  9.405     2013 04 20 12 34  2.442     173.0
518
 2013 04 20 01 28 33.222     2013 04 20 01 31 34.363     181.1
 2013 04 20 18 33 15.832     2013 04 20 18 34  6.167      50.3
519
520
 2013 04 20 22 04 42.796     2013 04 20 22 08 27.143     224.3
521
 2013 04 20 04 50  9.305     2013 04 20 04 52 46.439     157.1
522
523
 2013 04 20 22 23 52.871     2013 04 20 22 26 33.509     160.6
524
 2013 04 20 11 06 38.602     2013 04 20 11 09 22.641     164.0
525
 2013 04 20 17 31 46.453     2013 04 20 17 32 26.875      40.4
526
 2013 04 20 03 33 50.156     2013 04 20 03 36 46.657     176.5
 2013 04 20 10 08 43.351     2013 04 20 10 11 52.269     188.9
527
 2013 04 20 07 24 20.608     2013 04 20 07 25  5.193      44.6
 2013 04 20 15 44 39.495     2013 04 20 15 48 11.028     211.5
528
 2013 04 20 08 45 55.935     2013 04 20 08 49 23.306     207.4
529
 2013 04 20 09 47  3.761     2013 04 20 09 50 57.970     234.2
 2013 04 20 18 04  1.587     2013 04 20 18 07 30.417     208.8
530
531
532
 2013 04 20 06 25 58.633     2013 04 20 06 29 29.054     210.4
 2013 04 20 18 18 54.744     2013 04 20 18 21 29.321     154.6
533
 2013 04 20 11 08 17.213     2013 04 20 11 11 57.554     220.3
 2013 04 20 23 06 22.086     2013 04 20 23 07 22.817      60.7
534
 2013 04 20 08 39  8.187     2013 04 20 08 41 48.664     160.5
535
 2013 04 20 03 08 26.310     2013 04 20 03 11  3.682     157.4
536
 2013 04 20 10 09 50.164     2013 04 20 10 13  3.340     193.2
537
 2013 04 20 07 21  1.993     2013 04 20 07 23 39.019     157.0
 2013 04 20 17 23 11.600     2013 04 20 17 25 54.341     162.7
538
 2013 04 20 05 06 20.475     2013 04 20 05 10  9.350     228.9
 2013 04 20 11 43 40.227     2013 04 20 11 47 17.799     217.6
539
 2013 04 20 05 54 19.715     2013 04 20 05 58  6.902     227.2
 2013 04 20 12 31 27.709     2013 04 20 12 34 19.455     171.7
540
 2013 04 20 04 17 24.208     2013 04 20 04 20 36.917     192.7
 2013 04 20 12 34 23.709     2013 04 20 12 37 37.686     194.0
541
542
 2013 04 20 02 44 43.231     2013 04 20 02 47 28.939     165.7
 2013 04 20 09 20  1.941     2013 04 20 09 23 25.285     203.3
543
 2013 04 20 07 50 53.649     2013 04 20 07 53 56.356     182.7
 2013 04 20 23 12 18.891     2013 04 20 23 15 56.154     217.3
544
 2013 04 20 01 38 53.137     2013 04 20 01 41 47.403     174.3
545
 2013 04 20 23 03 50.919     2013 04 20 23 06 31.612     160.7
546
 2013 04 20 04 10 40.371     2013 04 20 04 13 32.318     171.9
 2013 04 20 14 14 38.103     2013 04 20 14 17 38.438     180.3
547
 2013 04 20 07 26 39.276     2013 04 20 07 27 15.221      35.9
 2013 04 20 15 41 48.158     2013 04 20 15 44 44.326     176.2
548
 2013 04 20 14 54  3.076     2013 04 20 14 57  2.956     179.9
549
 2013 04 20 23 34 38.653     2013 04 20 23 35 27.772      49.1
550
 2013 04 20 16 45 23.793     2013 04 20 16 48 25.887     182.1
551
 2013 04 20 12 55 57.358     2013 04 20 12 58 49.909     172.6
552
 2013 04 20 11 21 50.688     2013 04 20 11 24 37.045     166.4
 2013 04 20 19 40 20.257     2013 04 20 19 44  7.097     226.8
553
 2013 04 20 07 25 54.450     2013 04 20 07 29   .199     185.7
 2013 04 20 15 44 14.992     2013 04 20 15 46 53.809     158.8
554
 2013 04 20 08 57 57.600     2013 04 20 09 01 37.480     219.9
555
 2013 04 20 14 34 41.316     2013 04 20 14 38 31.721     230.4
 2013 04 20 21 12  2.956     2013 04 20 21 15 44.168     221.2
556
 2013 04 20 16 57 34.086     2013 04 20 16 59  5.953      91.9
 2013 04 20 23 34 45.666     2013 04 20 23 37 29.980     164.3
557
 2013 04 20 14 34 21.062     2013 04 20 14 35  7.920      46.9
 2013 04 20 21 12  4.866     2013 04 20 21 12 56.369      51.5
558
 2013 04 20 12 03 52.843     2013 04 20 12 06 46.820     174.0
 2013 04 20 22 08 17.001     2013 04 20 22 11 45.225     208.2
559
560
561
 2013 04 20 04 10 29.319     2013 04 20 04 11 22.061      52.7
 2013 04 20 14 15 27.489     2013 04 20 14 18  4.583     157.1
562
 2013 04 20 12 15 28.958     2013 04 20 12 18 55.704     206.7
 2013 04 20 17 11 50.228     2013 04 20 17 15 43.933     233.7
563
 2013 04 20 09 35 37.890     2013 04 20 09 38 35.512     177.6
 2013 04 20 21 27 58.991     2013 04 20 21 30 37.306     158.3
564
 2013 04 20 19 55 27.996     2013 04 20 19 58  2.569     154.6
565
 2013 04 20 00 40 53.514     2013 04 20 00 41 12.138      18.6
 2013 04 20 02 15 13.016     2013 04 20 02 16 35.473      82.5
 2013 04 20 19 21 31.752     2013 04 20 19 25  4.929     213.2
566
 2013 04 20 14 30  3.108     2013 04 20 14 33 15.104     192.0
567
 2013 04 20 16 10  6.241     2013 04 20 16 12 53.947     167.7
 2013 04 20 22 46  6.539     2013 04 20 22 49 25.111     198.6
568
 2013 04 20 13 49 54.092     2013 04 20 13 52 50.889     176.8
 2013 04 20 15 27 33.456     2013 04 20 15 28 12.632      39.2
 2013 04 20 18 45  4.421     2013 04 20 18 48 37.086     212.7
 2013 04 20 20 23  3.039     2013 04 20 20 26 47.478     224.4
569
 2013 04 20 08 58 42.812     2013 04 20 09 01 22.149     159.3
570
 2013 04 20 21 25 23.798     2013 04 20 21 26 14.523      50.7
571
 2013 04 20 01 44 24.111     2013 04 20 01 47  3.321     159.2
 2013 04 20 13 31 55.707     2013 04 20 13 35 34.970     219.3
572
 2013 04 20 11 07 39.028     2013 04 20 11 10 30.506     171.5
573
 2013 04 20 12 07 36.812     2013 04 20 12 10 22.327     165.5
574
 2013 04 20 06 31 31.567     2013 04 20 06 34 51.858     200.3
 2013 04 20 16 39 49.070     2013 04 20 16 41  1.691      72.6
575
 2013 04 20 18 54 48.807     2013 04 20 18 57 59.127     190.3
576
 2013 04 20 13 19  2.334     2013 04 20 13 22 43.473     221.1
577
 2013 04 20 01 09  9.449     2013 04 20 01 11 51.942     162.5
578
 2013 04 20 11 14 47.205     2013 04 20 11 17 51.714     184.5
579
 2013 04 20 13 41 42.757     2013 04 20 13 44 48.255     185.5
580
 2013 04 20 04 21 26.162     2013 04 20 04 24 26.230     180.1
 2013 04 20 05 59  7.992     2013 04 20 06 00  7.743      59.8
 2013 04 20 09 16 36.051     2013 04 20 09 20  9.960     213.9
 2013 04 20 10 54 37.426     2013 04 20 10 58 18.476     221.1
581
 2013 04 20 17 15 46.693     2013 04 20 17 19   .091     193.4
582
583
 2013 04 20 11 25 53.655     2013 04 20 11 29 48.018     234.4
 2013 04 20 13 04  1.311     2013 04 20 13 07 55.144     233.8
 2013 04 20 18 00 41.253     2013 04 20 18 03 23.094     161.8
584
 2013 04 20 19 05 33.755     2013 04 20 19 07 15.225     101.5
585
 2013 04 20 13 01  2.637     2013 04 20 13 04 23.945     201.3
 2013 04 20 19 37 34.283     2013 04 20 19 40 18.120     163.8
586
 2013 04 20 05 05 47.812     2013 04 20 05 08 28.957     161.1
 2013 04 20 13 20 19.770     2013 04 20 13 20 59.909      40.1
587
 2013 04 20 05 53 28.208     2013 04 20 05 56 43.480     195.3
 2013 04 20 12 28 39.108     2013 04 20 12 29  2.786      23.7
588
 2013 04 20 03 45 40.076     2013 04 20 03 49  3.146     203.1
 2013 04 20 05 23 15.513     2013 04 20 05 23 38.136      22.6
 2013 04 20 22 31 20.821     2013 04 20 22 34  7.209     166.4
589
 2013 04 20 06 21  5.726     2013 04 20 06 22 25.764      80.0
590
 2013 04 20 15 04 54.241     2013 04 20 15 08 19.404     205.2
591
 2013 04 20 00 24  2.632     2013 04 20 00 26 48.651     166.0
 2013 04 20 06 59  7.738     2013 04 20 07 01 55.658     167.9
592
 2013 04 20 10 26 51.042     2013 04 20 10 27 25.841      34.8
593
 2013 04 20 15 23  4.632     2013 04 20 15 25 44.423     159.8
 2013 04 20 21 58 47.991     2013 04 20 22 01 44.900     176.9
594
 2013 04 20 10 37 57.905     2013 04 20 10 40 56.341     178.4
 2013 04 20 17 13 12.398     2013 04 20 17 17  1.329     228.9
595
 2013 04 20 23 04  3.209     2013 04 20 23 04 12.610       9.4
596
 2013 04 20 15 51 21.245     2013 04 20 15 54 10.803     169.6
597
598
 2013 04 20 11 44 36.985     2013 04 20 11 47 24.288     167.3
599
 2013 04 20 00 46 43.532     2013 04 20 00 46 48.967       5.4
 2013 04 20 16 05 49.038     2013 04 20 16 08 41.129     172.1
600
 2013 04 20 12 15  6.708     2013 04 20 12 17 53.829     167.1
 2013 04 20 17 10 16.514     2013 04 20 17 14  9.023     232.5
 2013 04 20 18 48 36.225     2013 04 20 18 52  6.165     209.9
601
602
 2013 04 20 05 47 58.254     2013 04 20 05 51 25.119     206.9
603
 2013 04 20 09 35 13.653     2013 04 20 09 37 52.374     158.7
 2013 04 20 21 27  3.477     2013 04 20 21 30 36.194     212.7
604
 2013 04 20 07 52 29.529     2013 04 20 07 55 24.297     174.8
605
 2013 04 20 01 49  1.702     2013 04 20 01 52  5.672     184.0
 2013 04 20 11 51  6.923     2013 04 20 11 54  7.823     180.9
606
 2013 04 20 06 29  4.762     2013 04 20 06 32 54.288     229.5
607
 2013 04 20 07 23 31.678     2013 04 20 07 26 39.376     187.7
608
 2013 04 20 03 54 42.375     2013 04 20 03 57 34.062     171.7
609
 2013 04 20 05 24 26.197     2013 04 20 05 27 53.279     207.1
 2013 04 20 22 30 51.186     2013 04 20 22 33 49.457     178.3
610
 2013 04 20 09 00  1.402     2013 04 20 09 02 43.361     162.0
 2013 04 20 17 17 32.229     2013 04 20 17 21 10.119     217.9
611
 2013 04 20 14 16 31.724     2013 04 20 14 20 16.856     225.1
612
 2013 04 20 10 33  8.664     2013 04 20 10 36 22.315     193.7
613
 2013 04 20 03 57  9.698     2013 04 20 04 00 23.162     193.5
 2013 04 20 17 38  5.955     2013 04 20 17 40 48.420     162.5
614
 2013 04 20 03 16 18.669     2013 04 20 03 18 57.616     158.9
 2013 04 20 15 08 35.616     2013 04 20 15 11 51.810     196.2
615
 2013 04 20 07 53 10.582     2013 04 20 07 56 10.278     179.7
616
617
 2013 04 20 03 17 17.848     2013 04 20 03 20 21.369     183.5
 2013 04 20 15 08 48.434     2013 04 20 15 11 28.126     159.7
618
 2013 04 20 06 22 50.030     2013 04 20 06 23 44.955      54.9
619
 2013 04 20 12 51 36.564     2013 04 20 12 52 44.031      67.5
 2013 04 20 22 56 29.071     2013 04 20 22 59  6.051     157.0
620
 2013 04 20 02 58 57.257     2013 04 20 03 02   .718     183.5
 2013 04 20 21 44 28.773     2013 04 20 21 47  6.824     158.1
621
 2013 04 20 11 19  8.457     2013 04 20 11 22  7.988     179.5
 2013 04 20 21 18 50.192     2013 04 20 21 21 59.115     188.9
622
 2013 04 20 04 58  9.046     2013 04 20 05 01 48.728     219.7
 2013 04 20 15 00  2.330     2013 04 20 15 03 19.434     197.1
623
624
 2013 04 20 04 48  1.503     2013 04 20 04 50 44.898     163.4
625
 2013 04 20 05 25 53.807     2013 04 20 05 29 18.917     205.1
 2013 04 20 20 52 18.543     2013 04 20 20 56  5.850     227.3
626
627
 2013 04 20 07 48 46.822     2013 04 20 07 52 15.114     208.3
 2013 04 20 23 14 50.761     2013 04 20 23 17 34.470     163.7
628
 2013 04 20 22 52 20.576     2013 04 20 22 54 58.348     157.8
629
 2013 04 20 06 39 49.001     2013 04 20 06 43 24.626     215.6
 2013 04 20 14 54 24.048     2013 04 20 14 57 51.361     207.3
630
631
 2013 04 20 03 18 16.233     2013 04 20 03 20 56.940     160.7
 2013 04 20 15 07 27.642     2013 04 20 15 10 13.544     165.9
632
 2013 04 20 06 33 41.275     2013 04 20 06 33 54.405      13.1
 2013 04 20 16 36 42.800     2013 04 20 16 40 22.454     219.7
633
634
 2013 04 20 08 13 25.022     2013 04 20 08 16 22.704     177.7
 2013 04 20 16 30 16.123     2013 04 20 16 33   .072     163.9
635
 2013 04 20 19 49 48.047     2013 04 20 19 52 29.968     161.9
636
 2013 04 20 01 41 39.358     2013 04 20 01 44 16.467     157.1
 2013 04 20 13 33 39.262     2013 04 20 13 36 57.975     198.7
637
 2013 04 20 03 33 18.329     2013 04 20 03 36 31.331     193.0
 2013 04 20 10 09  7.184     2013 04 20 10 11 53.320     166.1
638
 2013 04 20 07 06 30.044     2013 04 20 07 10 12.209     222.2
 2013 04 20 20 45 11.449     2013 04 20 20 48 35.992     204.5
639
 2013 04 20 00 02 18.402     2013 04 20 00 05 25.425     187.0
 2013 04 20 13 39 42.627     2013 04 20 13 40 15.559      32.9
 2013 04 20 23 43 18.089     2013 04 20 23 46 24.846     186.8
640
 2013 04 20 06 34 49.374     2013 04 20 06 38  3.084     193.7
 2013 04 20 16 35 36.766     2013 04 20 16 36 34.052      57.3
641
 2013 04 20 01 55 58.144     2013 04 20 01 58 51.278     173.1
 2013 04 20 10 10 43.858     2013 04 20 10 14 20.306     216.4
642
 2013 04 20 09 51  9.697     2013 04 20 09 54   .597     170.9
 2013 04 20 16 27 16.042     2013 04 20 16 30 33.962     197.9
643
 2013 04 20 12 41 49.128     2013 04 20 12 43 28.059      98.9
644
 2013 04 20 07 32 27.306     2013 04 20 07 35 51.397     204.1
 2013 04 20 12 28 43.622     2013 04 20 12 31 24.764     161.1
645
 2013 04 20 07 06 15.781     2013 04 20 07 09 25.865     190.1
 2013 04 20 20 47 33.162     2013 04 20 20 50 30.918     177.8
646
 2013 04 20 08 55 29.097     2013 04 20 08 58  4.422     155.3
 2013 04 20 18 58  4.065     2013 04 20 19 00 56.241     172.2
647
 2013 04 20 00 39 30.894     2013 04 20 00 42 57.310     206.4
 2013 04 20 17 46 40.740     2013 04 20 17 49 24.179     163.4
 2013 04 20 22 41 56.757     2013 04 20 22 42 10.425      13.7
648
 2013 04 20 01 49  7.430     2013 04 20 01 49 48.250      40.8
 2013 04 20 11 52 53.644     2013 04 20 11 55 58.776     185.1
649
650
 2013 04 20 19 05 25.742     2013 04 20 19 05 34.092       8.4
651
 2013 04 20 19 42 22.338     2013 04 20 19 46  1.862     219.5
652
 2013 04 20 09 45 22.598     2013 04 20 09 49  7.388     224.8
653
 2013 04 20 06 37 17.835     2013 04 20 06 40  7.507     169.7
654
 2013 04 20 08 49 28.044     2013 04 20 08 52 15.244     167.2
 2013 04 20 20 39   .384     2013 04 20 20 41 37.775     157.4
655
 2013 04 20 00 15 58.428     2013 04 20 00 19 39.616     221.2
656
 2013 04 20 02 38 53.324     2013 04 20 02 42 32.740     219.4
 2013 04 20 12 36 13.976     2013 04 20 12 36 29.597      15.6
657
 2013 04 20 10 33 12.942     2013 04 20 10 34  2.199      49.3
 2013 04 20 20 31 17.581     2013 04 20 20 34 14.340     176.8
658
 2013 04 20 04 11 54.243     2013 04 20 04 12 16.861      22.6
659
 2013 04 20 12 13  8.843     2013 04 20 12 15 50.279     161.4
 2013 04 20 18 48 31.729     2013 04 20 18 51 56.679     204.9
660
 2013 04 20 02 25 23.298     2013 04 20 02 28 36.509     193.2
661
 2013 04 20 19 01 20.494     2013 04 20 19 04 39.371     198.9
662
 2013 04 20 18 14   .148     2013 04 20 18 16 41.265     161.1
663
 2013 04 20 00 38 36.323     2013 04 20 00 41 18.061     161.7
 2013 04 20 17 45  1.356     2013 04 20 17 49   .583     239.2
 2013 04 20 19 23 15.286     2013 04 20 19 26 57.057     221.8
664
 2013 04 20 06 32  8.680     2013 04 20 06 35 30.180     201.5
 2013 04 20 16 37 13.260     2013 04 20 16 40 22.442     189.2
665
 2013 04 20 09 38 31.906     2013 04 20 09 41 26.561     174.7
666
 2013 04 20 17 32 11.870     2013 04 20 17 33  3.090      51.2
667
668
 2013 04 20 05 49 25.390     2013 04 20 05 52  9.443     164.1
669
 2013 04 20 18 07 56.667     2013 04 20 18 10 41.184     164.5
670
 2013 04 20 08 58 57.584     2013 04 20 08 59 12.913      15.3
671
 2013 04 20 04 17 58.576     2013 04 20 04 18 16.497      17.9
672
673
 2013 04 20 08 43 59.574     2013 04 20 08 47 13.894     194.3
 2013 04 20 22 18 54.780     2013 04 20 22 20 46.217     111.4
674
 2013 04 20 13 30 30.515     2013 04 20 13 33 16.270     165.8
675
676
 2013 04 20 13 03 31.080     2013 04 20 13 06 40.122     189.0
 2013 04 20 17 59 37.964     2013 04 20 18 02 43.574     185.6
677
 2013 04 20 07 59 26.034     2013 04 20 08 03 17.482     231.4
678
 2013 04 20 00 06   .966     2013 04 20 00 09 14.304     193.3
 2013 04 20 11 59 56.997     2013 04 20 12 03 21.675     204.7
679
 2013 04 20 16 58 23.243     2013 04 20 17 01 35.842     192.6
 2013 04 20 23 34 22.974     2013 04 20 23 37  2.952     160.0
680
681
 2013 04 20 09 46 19.805     2013 04 20 09 49 13.519     173.7
682
 2013 04 20 10 23  9.323     2013 04 20 10 26 23.728     194.4
 2013 04 20 22 13 28.863     2013 04 20 22 16 39.470     190.6
683
 2013 04 20 12 11 39.633     2013 04 20 12 15  7.448     207.8
 2013 04 20 20 25 46.582     2013 04 20 20 29 31.005     224.4
684
 2013 04 20 01 13   .313     2013 04 20 01 16 10.325     190.0
 2013 04 20 06 09  9.446     2013 04 20 06 12 14.812     185.4
685
 2013 04 20 04 47  6.517     2013 04 20 04 49 47.281     160.8
686
 2013 04 20 08 53  4.773     2013 04 20 08 56 18.454     193.7
687
 2013 04 20 10 33 48.186     2013 04 20 10 36 30.159     162.0
688
 2013 04 20 02 17 50.863     2013 04 20 02 20 45.536     174.7
 2013 04 20 17 41 36.082     2013 04 20 17 44 23.825     167.7
689
 2013 04 20 04 42 39.379     2013 04 20 04 45 35.893     176.5
690
 2013 04 20 03 30 22.868     2013 04 20 03 31 11.553      48.7
691
 2013 04 20 00 26   .658     2013 04 20 00 26 41.125      40.5
 2013 04 20 02 00 48.841     2013 04 20 02 04 30.841     222.0
 2013 04 20 06 57 20.920     2013 04 20 07 00  4.870     163.9
692
 2013 04 20 04 09  1.778     2013 04 20 04 12 48.105     226.3
693
 2013 04 20 05 43 49.607     2013 04 20 05 47 16.805     207.2
 2013 04 20 15 54  1.105     2013 04 20 15 54  2.994       1.9
694
 2013 04 20 16 28 48.841     2013 04 20 16 31 43.963     175.1
695
 2013 04 20 01 26 47.393     2013 04 20 01 27 55.778      68.4
 2013 04 20 18 31 48.880     2013 04 20 18 34 31.135     162.3
696
 2013 04 20 12 56 47.882     2013 04 20 13 00 13.574     205.7
 2013 04 20 21 16  1.583     2013 04 20 21 18 57.229     175.6
697
 2013 04 20 10 38 44.857     2013 04 20 10 41 31.300     166.4
 2013 04 20 17 13 56.946     2013 04 20 17 16 53.471     176.5
698
 2013 04 20 13 48 23.143     2013 04 20 13 48 56.174      33.0
 2013 04 20 15 26 39.637     2013 04 20 15 30 10.304     210.7
 2013 04 20 20 22 42.781     2013 04 20 20 25 25.748     163.0
699
 2013 04 20 14 53 47.072     2013 04 20 14 57 23.705     216.6
700
701
 2013 04 20 13 37 24.135     2013 04 20 13 37 25.582       1.4
702
 2013 04 20 19 06 32.038     2013 04 20 19 09 41.412     189.4
703
 2013 04 20 08 46  2.718     2013 04 20 08 49 16.417     193.7
704
705
 2013 04 20 02 24 32.232     2013 04 20 02 27 58.451     206.2
706
 2013 04 20 04 01 24.122     2013 04 20 04 04 11.150     167.0
707
 2013 04 20 05 24 39.649     2013 04 20 05 27 39.917     180.3
 2013 04 20 22 30 28.087     2013 04 20 22 33 29.126     181.0
708
709
 2013 04 20 09 50 53.460     2013 04 20 09 54 21.020     207.6
 2013 04 20 16 26   .446     2013 04 20 16 29  3.508     183.1
710
 2013 04 20 14 30 44.474     2013 04 20 14 33 24.843     160.4
711
712
 2013 04 20 12 00 26.822     2013 04 20 12 03 14.409     167.6
713
 2013 04 20 19 08 18.944     2013 04 20 19 10 59.550     160.6
714
 2013 04 20 08 02 35.990     2013 04 20 08 05 13.474     157.5
 2013 04 20 19 51 46.585     2013 04 20 19 54 45.649     179.1
715
716
 2013 04 20 10 38 18.692     2013 04 20 10 39 14.309      55.6
 2013 04 20 18 51 29.575     2013 04 20 18 54 10.274     160.7
717
 2013 04 20 06 36 38.688     2013 04 20 06 39 34.507     175.8
718
 2013 04 20 09 51 20.180     2013 04 20 09 55  7.629     227.4
 2013 04 20 16 28 22.914     2013 04 20 16 31  8.488     165.6
719
 2013 04 20 15 08 52.186     2013 04 20 15 09 54.434      62.2
720
 2013 04 20 00 22  2.572     2013 04 20 00 24 44.324     161.8
721
 2013 04 20 04 43 17.706     2013 04 20 04 47  1.332     223.6
 2013 04 20 18 25 56.025     2013 04 20 18 29 11.038     195.0
722
723
 2013 04 20 01 01 51.565     2013 04 20 01 04 31.344     159.8
 2013 04 20 11 04 49.839     2013 04 20 11 07 32.008     162.2
724
 2013 04 20 04 19 47.417     2013 04 20 04 19 50.271       2.9
 2013 04 20 12 32 15.530     2013 04 20 12 35 27.459     191.9
725
 2013 04 20 11 27 22.631     2013 04 20 11 30  5.369     162.7
 2013 04 20 18 01 47.791     2013 04 20 18 04 46.849     179.1
726
 2013 04 20 18 26 40.844     2013 04 20 18 30 29.192     228.3
727
 2013 04 20 08 15 12.414     2013 04 20 08 18 22.256     189.8
 2013 04 20 16 28 59.782     2013 04 20 16 29 23.912      24.1
728
 2013 04 20 23 06 51.223     2013 04 20 23 10   .607     189.4
729
 2013 04 20 01 10 52.359     2013 04 20 01 14 15.295     202.9
 2013 04 20 07 47 10.845     2013 04 20 07 49 49.257     158.4
730
 2013 04 20 07 07 26.875     2013 04 20 07 10  6.097     159.2
 2013 04 20 20 46 44.991     2013 04 20 20 49 24.130     159.1
731
 2013 04 20 16 59 51.147     2013 04 20 17 03 31.299     220.2
 2013 04 20 21 56 26.533     2013 04 20 22 00  1.762     215.2
732
 2013 04 20 22 59  4.989     2013 04 20 23 01 55.262     170.3
733
 2013 04 20 12 56  9.952     2013 04 20 12 58 51.032     161.1
734
 2013 04 20 06 36 29.214     2013 04 20 06 39  9.711     160.5
735
 2013 04 20 05 44  3.022     2013 04 20 05 45  3.772      60.8
 2013 04 20 17 27 30.049     2013 04 20 17 30 51.768     201.7
736
737
 2013 04 20 07 26 51.531     2013 04 20 07 30 35.910     224.4
 2013 04 20 15 41 48.698     2013 04 20 15 44 53.412     184.7
738
 2013 04 20 21 24  2.446     2013 04 20 21 26 41.783     159.3
739
 2013 04 20 11 13 43.865     2013 04 20 11 16 23.184     159.3
740
 2013 04 20 07 56  6.590     2013 04 20 07 58 43.704     157.1
 2013 04 20 21 32 59.180     2013 04 20 21 36 23.418     204.2
741
 2013 04 20 03 09 26.681     2013 04 20 03 10  6.029      39.3
 2013 04 20 16 51 18.690     2013 04 20 16 53 54.664     156.0
742
 2013 04 20 05 56 26.746     2013 04 20 05 59 50.739     204.0
 2013 04 20 10 52 43.815     2013 04 20 10 52 56.269      12.5
 2013 04 20 12 30 49.581     2013 04 20 12 31 21.263      31.7
743
 2013 04 20 04 18 12.628     2013 04 20 04 21 42.499     209.9
 2013 04 20 12 31 52.110     2013 04 20 12 32 32.832      40.7
744
 2013 04 20 17 39  9.474     2013 04 20 17 42 49.428     220.0
745
 2013 04 20 05 51 14.162     2013 04 20 05 54 44.232     210.1
 2013 04 20 14 07 36.998     2013 04 20 14 10 17.631     160.6
746
 2013 04 20 01 47 46.126     2013 04 20 01 51 23.716     217.6
747
 2013 04 20 06 31 53.540     2013 04 20 06 34 47.232     173.7
748
749
 2013 04 20 08 09 17.124     2013 04 20 08 11 56.279     159.2
 2013 04 20 18 10 21.536     2013 04 20 18 13 15.975     174.4
750
 2013 04 20 02 21 45.292     2013 04 20 02 25 21.152     215.9
 2013 04 20 16 04 29.888     2013 04 20 16 05  6.120      36.2
751
 2013 04 20 21 31 33.397     2013 04 20 21 34 29.539     176.1
752
753
 2013 04 20 00 48 30.433     2013 04 20 00 51 57.862     207.4
 2013 04 20 14 28 16.520     2013 04 20 14 31 16.383     179.9
754
 2013 04 20 20 41 42.018     2013 04 20 20 45  7.245     205.2
755
756
 2013 04 20 22 58 35.258     2013 04 20 23 02 23.445     228.2
757
 2013 04 20 06 36 30.009     2013 04 20 06 39 50.995     201.0
758
 2013 04 20 04 20 58.702     2013 04 20 04 23 36.547     157.8
 2013 04 20 10 55 31.372     2013 04 20 10 58 20.714     169.3
759
 2013 04 20 02 20 50.111     2013 04 20 02 21 14.909      24.8
 2013 04 20 16 04  5.531     2013 04 20 16 07 27.815     202.3
760
 2013 04 20 02 15 57.077     2013 04 20 02 18 42.976     165.9
 2013 04 20 19 19 36.280     2013 04 20 19 21  3.605      87.3
761
 2013 04 20 16 38 59.282     2013 04 20 16 41 38.856     159.6
762
763
 2013 04 20 00 09 59.765     2013 04 20 00 12 55.294     175.5
764
 2013 04 20 13 41 36.106     2013 04 20 13 44 45.103     189.0
765
766
 2013 04 20 08 38 59.132     2013 04 20 08 41 46.643     167.5
767
 2013 04 20 14 24  4.377     2013 04 20 14 26 42.342     158.0
768
 2013 04 20 01 36 34.091     2013 04 20 01 39 38.769     184.7
 2013 04 20 15 14 57.867     2013 04 20 15 18 21.224     203.4
769
 2013 04 20 22 56 58.008     2013 04 20 22 59 48.219     170.2
770
 2013 04 20 03 18 39.020     2013 04 20 03 21 33.901     174.9
 2013 04 20 15 06 47.548     2013 04 20 15 09 47.147     179.6
771
 2013 04 20 04 56 26.631     2013 04 20 04 59  8.816     162.2
772
773
 2013 04 20 13 44 45.666     2013 04 20 13 47 59.867     194.2
 2013 04 20 22 01 27.029     2013 04 20 22 04 15.752     168.7
774
 2013 04 20 05 32 54.990     2013 04 20 05 35 34.286     159.3
 2013 04 20 19 11 31.191     2013 04 20 19 14 10.183     159.0
775
 2013 04 20 03 51  5.081     2013 04 20 03 53 48.627     163.5
776
 2013 04 20 00 26  5.884     2013 04 20 00 27 16.913      71.0
 2013 04 20 05 22 57.327     2013 04 20 05 25 39.330     162.0
 2013 04 20 22 29  8.065     2013 04 20 22 32 49.825     221.8
777
 2013 04 20 22 11 13.260     2013 04 20 22 13 51.935     158.7
778
 2013 04 20 04 41  1.578     2013 04 20 04 43 39.971     158.4
 2013 04 20 20 03 51.811     2013 04 20 20 06 51.042     179.2
779
 2013 04 20 08 46 36.599     2013 04 20 08 49 34.774     178.2
780
 2013 04 20 13 37 24.860     2013 04 20 13 40 10.112     165.3
781
782
 2013 04 20 01 45 53.347     2013 04 20 01 49  8.541     195.2
783
 2013 04 20 04 40 21.888     2013 04 20 04 43 42.917     201.0
 2013 04 20 20 03 16.097     2013 04 20 20 05 54.533     158.4
784
 2013 04 20 13 19 23.266     2013 04 20 13 22  3.128     159.9
785
 2013 04 20 01 06 24.360     2013 04 20 01 07  4.522      40.2
 2013 04 20 09 25 59.394     2013 04 20 09 28 37.515     158.1
786
 2013 04 20 18 08   .063     2013 04 20 18 11 24.360     204.3
787
788
 2013 04 20 06 13 17.385     2013 04 20 06 16 34.900     197.5
789
 2013 04 20 05 03 44.306     2013 04 20 05 06 31.001     166.7
 2013 04 20 13 21 44.554     2013 04 20 13 24 32.881     168.3
790
 2013 04 20 04 34 37.426     2013 04 20 04 37 49.315     191.9
 2013 04 20 23 19  6.527     2013 04 20 23 22 38.891     212.4
791
 2013 04 20 14 35 57.018     2013 04 20 14 38 39.669     162.7
 2013 04 20 21 11 15.382     2013 04 20 21 14   .321     164.9
792
 2013 04 20 17 40  3.543     2013 04 20 17 42 43.834     160.3
793
 2013 04 20 01 12 28.236     2013 04 20 01 16 14.814     226.6
 2013 04 20 06 09  9.137     2013 04 20 06 12 47.074     217.9
794
 2013 04 20 15 16 50.921     2013 04 20 15 19 44.525     173.6
795
796
 2013 04 20 14 58  8.579     2013 04 20 15 01  6.771     178.2
797
 2013 04 20 18 54 22.612     2013 04 20 18 58 14.725     232.1
798
 2013 04 20 02 17 22.875     2013 04 20 02 20 41.384     198.5
 2013 04 20 17 43  5.869     2013 04 20 17 45 53.879     168.0
799
 2013 04 20 20 29 23.269     2013 04 20 20 29 32.223       9.0
800
 2013 04 20 12 09 27.156     2013 04 20 12 12 17.765     170.6
 2013 04 20 20 28   .560     2013 04 20 20 31 21.189     200.6
801
802
 2013 04 20 01 49 21.112     2013 04 20 01 52 32.474     191.4
 2013 04 20 11 52 35.191     2013 04 20 11 55 15.460     160.3
803
804
 2013 04 20 02 15 30.389     2013 04 20 02 18 11.002     160.6
 2013 04 20 19 20 21.931     2013 04 20 19 23 37.532     195.6
805
806
 2013 04 20 02 40 36.806     2013 04 20 02 41 42.716      65.9
 2013 04 20 10 57 34.040     2013 04 20 11 01 19.161     225.1
807
 2013 04 20 11 16 24.398     2013 04 20 11 16 33.892       9.5
 2013 04 20 22 59 12.967     2013 04 20 23 02 14.244     181.3
808
 2013 04 20 13 50 26.644     2013 04 20 13 54 10.141     223.5
 2013 04 20 18 47  5.607     2013 04 20 18 50 35.240     209.6
809
 2013 04 20 14 24 28.898     2013 04 20 14 27 35.914     187.0
810
 2013 04 20 00 57 18.245     2013 04 20 00 59 53.549     155.3
 2013 04 20 12 44 25.407     2013 04 20 12 44 57.335      31.9
811
 2013 04 20 06 17 25.908     2013 04 20 06 20 29.712     183.8
812
 2013 04 20 05 04 16.780     2013 04 20 05 07 30.062     193.3
 2013 04 20 13 20 30.811     2013 04 20 13 23 10.667     159.9
813
 2013 04 20 14 31 25.008     2013 04 20 14 31 28.587       3.6
 2013 04 20 22 48 12.791     2013 04 20 22 51 24.023     191.2
814
 2013 04 20 21 23 28.616     2013 04 20 21 26  7.417     158.8
815
 2013 04 20 14 28 56.552     2013 04 20 14 30 25.428      88.9
816
817
 2013 04 20 08 52 53.286     2013 04 20 08 56 19.351     206.1
818
 2013 04 20 09 05 57.910     2013 04 20 09 08 42.872     165.0
 2013 04 20 14 01 11.136     2013 04 20 14 04 40.195     209.1
 2013 04 20 15 39   .084     2013 04 20 15 40 29.575      89.5
819
 2013 04 20 01 47 20.767     2013 04 20 01 47 51.634      30.9
 2013 04 20 11 53 39.373     2013 04 20 11 56 42.996     183.6
820
 2013 04 20 06 37  8.001     2013 04 20 06 37 21.856      13.9
 2013 04 20 14 57 37.863     2013 04 20 15 00 43.459     185.6
821
 2013 04 20 11 20 24.283     2013 04 20 11 20 41.916      17.6
822
 2013 04 20 18 20 15.218     2013 04 20 18 22 14.770     119.6
823
 2013 04 20 00 54  6.778     2013 04 20 00 56 50.540     163.8
 2013 04 20 12 45 38.104     2013 04 20 12 46 11.839      33.7
824
 2013 04 20 14 59  9.589     2013 04 20 15 02  2.978     173.4
825
 2013 04 20 11 14 39.310     2013 04 20 11 18 27.646     228.3
826
 2013 04 20 05 43 20.445     2013 04 20 05 43 40.607      20.2
 2013 04 20 17 28 28.090     2013 04 20 17 31  9.741     161.7
827
 2013 04 20 01 12 39.624     2013 04 20 01 15 38.554     178.9
 2013 04 20 06 08 36.239     2013 04 20 06 12  7.822     211.6
828
 2013 04 20 02 24 25.036     2013 04 20 02 27 19.882     174.8
 2013 04 20 16 01 48.617     2013 04 20 16 05 37.422     228.8
829
 2013 04 20 04 52 37.118     2013 04 20 04 56  9.298     212.2
 2013 04 20 16 43   .026     2013 04 20 16 46 36.134     216.1
830
 2013 04 20 08 38 42.835     2013 04 20 08 41 53.099     190.3
831
 2013 04 20 18 22 24.872     2013 04 20 18 24 59.738     154.9
832
 2013 04 20 15 23 20.776     2013 04 20 15 26 56.681     215.9
 2013 04 20 21 59 55.133     2013 04 20 22 02 33.398     158.3
833
 2013 04 20 07 17 16.612     2013 04 20 07 20  2.090     165.5
834
 2013 04 20 03 28 13.568     2013 04 20 03 31 59.393     225.8
 2013 04 20 11 45 12.091     2013 04 20 11 48 37.651     205.6
835
 2013 04 20 03 30 12.457     2013 04 20 03 32 55.239     162.8
 2013 04 20 11 46 31.706     2013 04 20 11 49 33.641     181.9
836
 2013 04 20 15 19 32.596     2013 04 20 15 22  9.353     156.8
 2013 04 20 23 36 56.284     2013 04 20 23 39 50.972     174.7
837
838
 2013 04 20 19 52 57.131     2013 04 20 19 54  8.095      71.0
839
 2013 04 20 23 04 37.805     2013 04 20 23 07 15.706     157.9
840
 2013 04 20 07 15 49.285     2013 04 20 07 18 23.985     154.7
 2013 04 20 19 03 47.234     2013 04 20 19 07 19.882     212.6
841
842
 2013 04 20 01 25 39.330     2013 04 20 01 28 38.370     179.0
 2013 04 20 18 31 38.334     2013 04 20 18 31 53.899      15.6
 2013 04 20 20 09 45.360     2013 04 20 20 10 54.150      68.8
843
 2013 04 20 09 44 24.407     2013 04 20 09 47 10.473     166.1
 2013 04 20 19 44 53.677     2013 04 20 19 48 27.237     213.6
844
 2013 04 20 09 40  2.026     2013 04 20 09 43  3.815     181.8
845
 2013 04 20 07 21 41.831     2013 04 20 07 24 45.450     183.6
 2013 04 20 17 22 19.195     2013 04 20 17 24 59.181     160.0
846
 2013 04 20 12 08 49.718     2013 04 20 12 12  7.772     198.1
847
 2013 04 20 05 53 29.922     2013 04 20 05 56 10.034     160.1
848
 2013 04 20 12 14 17.758     2013 04 20 12 16 55.609     157.9
 2013 04 20 18 49 13.151     2013 04 20 18 51 52.216     159.1
849
 2013 04 20 03 02 40.949     2013 04 20 03 05 21.828     160.9
 2013 04 20 20 07 30.359     2013 04 20 20 10 34.124     183.8
850
 2013 04 20 12 54 22.639     2013 04 20 12 57 40.728     198.1
 2013 04 20 22 52 43.010     2013 04 20 22 56 31.974     229.0
851
 2013 04 20 09 45 45.425     2013 04 20 09 48 55.135     189.7
852
 2013 04 20 04 49 26.481     2013 04 20 04 53  9.372     222.9
853
 2013 04 20 00 17 52.831     2013 04 20 00 20 49.514     176.7
854
 2013 04 20 11 22 11.573     2013 04 20 11 24 56.744     165.2
 2013 04 20 19 40 28.237     2013 04 20 19 43 46.851     198.6
855
 2013 04 20 04 51 24.914     2013 04 20 04 51 37.783      12.9
 2013 04 20 16 44  8.151     2013 04 20 16 47  8.068     179.9
856
 2013 04 20 03 24 31.672     2013 04 20 03 24 33.692       2.0
 2013 04 20 13 24 53.485     2013 04 20 13 27 31.660     158.2
857
 2013 04 20 11 08 11.440     2013 04 20 11 09 18.671      67.2
 2013 04 20 23 03 42.470     2013 04 20 23 07 24.267     221.8
858
 2013 04 20 08 50 11.823     2013 04 20 08 52  2.975     111.2
859
 2013 04 20 10 22 15.647     2013 04 20 10 24 54.712     159.1
 2013 04 20 22 14 53.337     2013 04 20 22 18 36.960     223.6
860
 2013 04 20 03 54 30.227     2013 04 20 03 55 26.541      56.3
 2013 04 20 19 15  8.832     2013 04 20 19 18 49.190     220.4
861
 2013 04 20 15 41 35.477     2013 04 20 15 44 56.292     200.8
862
 2013 04 20 12 41 40.046     2013 04 20 12 45 17.664     217.6
863
 2013 04 20 09 02 59.493     2013 04 20 09 05 39.959     160.5
864
 2013 04 20 07 27  1.731     2013 04 20 07 30 23.481     201.7
 2013 04 20 15 42  3.133     2013 04 20 15 45  9.691     186.6
865
866
 2013 04 20 05 49  3.108     2013 04 20 05 49 37.944      34.8
 2013 04 20 15 47  1.702     2013 04 20 15 50 13.675     192.0
867
868
 2013 04 20 15 51 48.858     2013 04 20 15 54 28.685     159.8
869
 2013 04 20 09 41 16.382     2013 04 20 09 44 26.151     189.8
870
 2013 04 20 11 11 44.034     2013 04 20 11 14 41.791     177.8
 2013 04 20 23 01 46.321     2013 04 20 23 04 56.692     190.4
871
 2013 04 20 08 13   .242     2013 04 20 08 15 53.688     173.4
 2013 04 20 16 30 15.052     2013 04 20 16 33 20.243     185.2
872
 2013 04 20 01 05 17.385     2013 04 20 01 08 16.509     179.1
873
 2013 04 20 03 12 57.611     2013 04 20 03 16 10.594     193.0
874
 2013 04 20 08 40 16.079     2013 04 20 08 43 17.171     181.1
875
876
 2013 04 20 09 04 13.799     2013 04 20 09 07 25.324     191.5
 2013 04 20 15 40 36.736     2013 04 20 15 43 20.522     163.8
877
878
 2013 04 20 23 11 15.171     2013 04 20 23 13 50.602     155.4
879
 2013 04 20 15 04   .329     2013 04 20 15 04 30.088      29.8
880
 2013 04 20 17 21 31.766     2013 04 20 17 24 24.513     172.7
881
 2013 04 20 01 36 38.106     2013 04 20 01 39 42.904     184.8
 2013 04 20 15 13 49.667     2013 04 20 15 16 35.326     165.7
882
 2013 04 20 00 46 46.602     2013 04 20 00 47 11.050      24.4
 2013 04 20 16 05 53.949     2013 04 20 16 08 34.332     160.4
883
 2013 04 20 07 26 11.785     2013 04 20 07 29 42.487     210.7
 2013 04 20 15 44 24.266     2013 04 20 15 47 10.282     166.0
884
 2013 04 20 21 16 35.671     2013 04 20 21 17  1.022      25.4
885
 2013 04 20 06 13 12.836     2013 04 20 06 13 43.923      31.1
 2013 04 20 21 40 25.869     2013 04 20 21 43 32.600     186.7
886
887
 2013 04 20 16 59 14.210     2013 04 20 17 01 52.933     158.7
 2013 04 20 23 33 31.121     2013 04 20 23 36 43.403     192.3
888
 2013 04 20 07 51 42.733     2013 04 20 07 52  3.410      20.7
 2013 04 20 21 39 23.774     2013 04 20 21 39 42.474      18.7
889
 2013 04 20 06 21 23.567     2013 04 20 06 24 12.226     168.7
 2013 04 20 19 57 50.973     2013 04 20 20 01  8.083     197.1
890
 2013 04 20 11 15 52.441     2013 04 20 11 18 34.127     161.7
891
 2013 04 20 04 03 29.203     2013 04 20 04 04   .712      31.5
 2013 04 20 15 57 10.324     2013 04 20 15 59 48.520     158.2
892
 2013 04 20 06 34 46.486     2013 04 20 06 37 26.084     159.6
 2013 04 20 16 35 20.076     2013 04 20 16 38 23.703     183.6
893
 2013 04 20 07 07  5.000     2013 04 20 07 10 30.574     205.6
 2013 04 20 20 45 26.975     2013 04 20 20 48 19.823     172.8
894
 2013 04 20 06 35 48.457     2013 04 20 06 39 25.915     217.5
895
 2013 04 20 12 06 55.805     2013 04 20 12 07 46.436      50.6
 2013 04 20 22 04 51.584     2013 04 20 22 08 38.102     226.5
896
 2013 04 20 09 36 21.050     2013 04 20 09 39 23.646     182.6
 2013 04 20 21 26 20.793     2013 04 20 21 29   .741     159.9
897
 2013 04 20 04 35 57.373     2013 04 20 04 38 43.168     165.8
 2013 04 20 21 41 56.716     2013 04 20 21 44 56.894     180.2
898
 2013 04 20 12 13 46.253     2013 04 20 12 13 48.875       2.6
 2013 04 20 20 26  1.813     2013 04 20 20 28 54.190     172.4
899
 2013 04 20 00 49 28.737     2013 04 20 00 52 11.312     162.6
 2013 04 20 14 27 13.481     2013 04 20 14 30 29.540     196.1
900
 2013 04 20 18 26 23.666     2013 04 20 18 29   .128     156.5
901
 2013 04 20 13 45  8.169     2013 04 20 13 46 13.304      65.1
 2013 04 20 22 03 27.327     2013 04 20 22 06 28.564     181.2
902
 2013 04 20 07 20  2.566     2013 04 20 07 22 38.675     156.1
 2013 04 20 17 23  9.810     2013 04 20 17 26 50.124     220.3
903
 2013 04 20 04 38 22.355     2013 04 20 04 41 28.664     186.3
 2013 04 20 20 08 38.396     2013 04 20 20 08 46.446       8.1
904
 2013 04 20 04 17 16.244     2013 04 20 04 19 57.703     161.5
 2013 04 20 12 33 34.001     2013 04 20 12 36 15.629     161.6
905
 2013 04 20 00 10 18.120     2013 04 20 00 13 32.990     194.9
906
 2013 04 20 12 01 57.697     2013 04 20 12 04 54.631     176.9
907
 2013 04 20 09 03 10.451     2013 04 20 09 03 36.445      26.0
 2013 04 20 10 41 15.256     2013 04 20 10 41 58.719      43.5
 2013 04 20 15 38 12.550     2013 04 20 15 41 17.169     184.6
908
 2013 04 20 19 14 28.643     2013 04 20 19 17  8.539     159.9
909
 2013 04 20 01 09  1.027     2013 04 20 01 12  3.019     182.0
 2013 04 20 09 22 39.823     2013 04 20 09 22 45.012       5.2
910
 2013 04 20 05 51 28.512     2013 04 20 05 55 11.049     222.5
 2013 04 20 14 09 43.701     2013 04 20 14 12 35.746     172.0
911
 2013 04 20 01 02  7.029     2013 04 20 01 02  9.116       2.1
912
 2013 04 20 06 40 14.325     2013 04 20 06 42 57.807     163.5
 2013 04 20 14 55 10.244     2013 04 20 14 58 50.185     219.9
913
 2013 04 20 05 54 22.780     2013 04 20 05 57  2.581     159.8
 2013 04 20 12 30 11.479     2013 04 20 12 33 29.413     197.9
914
 2013 04 20 07 30 29.598     2013 04 20 07 33 14.793     165.2
 2013 04 20 14 04 39.864     2013 04 20 14 07 37.144     177.3
915
 2013 04 20 07 28 10.145     2013 04 20 07 29  6.727      56.6
 2013 04 20 14 05 43.036     2013 04 20 14 09 37.535     234.5
916
 2013 04 20 09 48 11.677     2013 04 20 09 51 14.327     182.6
 2013 04 20 18 04 55.158     2013 04 20 18 07 37.218     162.1
917
 2013 04 20 09 35 29.833     2013 04 20 09 35 54.771      24.9
 2013 04 20 21 28 26.520     2013 04 20 21 31 17.621     171.1
918
 2013 04 20 05 48 32.043     2013 04 20 05 48 59.626      27.6
919
 2013 04 20 12 40 56.881     2013 04 20 12 43 37.412     160.5
920
 2013 04 20 23 11 48.794     2013 04 20 23 14 49.758     181.0
921
 2013 04 20 04 42 47.649     2013 04 20 04 46  7.615     200.0
922
 2013 04 20 07 17 37.088     2013 04 20 07 21   .316     203.2
923
 2013 04 20 00 01 37.736     2013 04 20 00 04 14.909     157.2
 2013 04 20 13 40  4.605     2013 04 20 13 42 45.566     161.0
 2013 04 20 23 42 37.278     2013 04 20 23 45 14.465     157.2
924
 2013 04 20 07 15 45.712     2013 04 20 07 19 20.059     214.3
 2013 04 20 19 02 39.225     2013 04 20 19 05 53.754     194.5
925
 2013 04 20 15 20 11.215     2013 04 20 15 24  1.100     229.9
 2013 04 20 23 35 36.506     2013 04 20 23 38 24.612     168.1
926
 2013 04 20 04 10 32.569     2013 04 20 04 14  1.556     209.0
 2013 04 20 14 12 37.835     2013 04 20 14 16 20.244     222.4
927
 2013 04 20 08 59  2.171     2013 04 20 09 01 40.639     158.5
928
 2013 04 20 08 18 33.383     2013 04 20 08 21 53.029     199.6
 2013 04 20 13 14 46.018     2013 04 20 13 15 27.823      41.8
 2013 04 20 14 52 52.339     2013 04 20 14 53 39.110      46.8
929
 2013 04 20 02 39  7.824     2013 04 20 02 42 15.104     187.3
930
 2013 04 20 01 26 55.612     2013 04 20 01 29 39.415     163.8
 2013 04 20 18 32 45.035     2013 04 20 18 35 25.571     160.5
931
 2013 04 20 15 41  9.119     2013 04 20 15 44 28.207     199.1
932
933
 2013 04 20 08 48 50.420     2013 04 20 08 51 35.763     165.3
 2013 04 20 20 39 16.371     2013 04 20 20 42  4.554     168.2
934
 2013 04 20 01 04  6.987     2013 04 20 01 06 59.445     172.5
 2013 04 20 11 02 22.035     2013 04 20 11 03 23.889      61.9
935
 2013 04 20 16 12 34.056     2013 04 20 16 12 56.736      22.7
 2013 04 20 17 46 50.192     2013 04 20 17 47 25.608      35.4
 2013 04 20 22 43 51.620     2013 04 20 22 47 51.374     239.8
936
 2013 04 20 00 00   .000     2013 04 20 00 02 50.458     170.5
 2013 04 20 23 40 22.277     2013 04 20 23 43 50.171     207.9
937
 2013 04 20 05 04 42.332     2013 04 20 05 05 49.441      67.1
 2013 04 20 13 21 55.898     2013 04 20 13 23 33.382      97.5
938
 2013 04 20 21 37 19.731     2013 04 20 21 40  7.593     167.9
939
 2013 04 20 07 51 36.860     2013 04 20 07 54 27.350     170.5
940
 2013 04 20 15 22 34.336     2013 04 20 15 25 11.612     157.3
 2013 04 20 21 58  5.948     2013 04 20 22 01 39.751     213.8
941
942
 2013 04 20 01 05 53.208     2013 04 20 01 06  3.502      10.3
 2013 04 20 11 02 45.050     2013 04 20 11 05 30.177     165.1
943
944
 2013 04 20 03 04 51.980     2013 04 20 03 07 35.475     163.5
 2013 04 20 18 29  9.777     2013 04 20 18 32 10.917     181.1
945
 2013 04 20 07 11  4.624     2013 04 20 07 13 40.893     156.3
946
 2013 04 20 05 45 33.937     2013 04 20 05 48 28.993     175.1
 2013 04 20 15 47 55.921     2013 04 20 15 51 21.382     205.5
947
 2013 04 20 13 00 45.553     2013 04 20 13 03 50.806     185.3
 2013 04 20 19 35 52.702     2013 04 20 19 38 45.746     173.0
948
949
 2013 04 20 06 24  1.899     2013 04 20 06 27 24.231     202.3
950
 2013 04 20 16 44 46.353     2013 04 20 16 48  2.626     196.3
951
 2013 04 20 03 19 18.534     2013 04 20 03 20  1.055      42.5
 2013 04 20 15 05  9.519     2013 04 20 15 08 55.980     226.5
952
 2013 04 20 08 58 28.741     2013 04 20 09 01  4.285     155.5
953
954
 2013 04 20 12 56 59.124     2013 04 20 12 59 44.010     164.9
 2013 04 20 21 14 33.614     2013 04 20 21 17 56.955     203.3
955
 2013 04 20 05 04 50.014     2013 04 20 05 08 15.942     205.9
 2013 04 20 13 20  1.717     2013 04 20 13 23  6.249     184.5
956
 2013 04 20 01 10 29.227     2013 04 20 01 13 49.985     200.8
 2013 04 20 07 47  3.419     2013 04 20 07 49 47.728     164.3
957
 2013 04 20 07 02 42.775     2013 04 20 07 05 22.422     159.6
 2013 04 20 22 26 23.803     2013 04 20 22 29  8.688     164.9
958
 2013 04 20 04 54 25.141     2013 04 20 04 57  3.567     158.4
959
 2013 04 20 10 26  1.968     2013 04 20 10 26 31.155      29.2
960
 2013 04 20 07 48 43.628     2013 04 20 07 51 39.592     176.0
 2013 04 20 23 12 57.854     2013 04 20 23 16 19.767     201.9
961
 2013 04 20 01 48 48.089     2013 04 20 01 51 59.875     191.8
 2013 04 20 11 50 57.746     2013 04 20 11 54 12.029     194.3
962
 2013 04 20 17 20 19.799     2013 04 20 17 22 58.096     158.3
963
964
965
 2013 04 20 20 36 23.735     2013 04 20 20 39 53.083     209.3
966
 2013 04 20 06 35  9.149     2013 04 20 06 35 27.824      18.7
967
 2013 04 20 08 52 33.803     2013 04 20 08 53 20.983      47.2
968
 2013 04 20 01 45 45.711     2013 04 20 01 46 58.132      72.4
 2013 04 20 13 31 43.435     2013 04 20 13 34 18.535     155.1
969
 2013 04 20 11 11 59.855     2013 04 20 11 15  5.427     185.6
 2013 04 20 23 01 29.380     2013 04 20 23 05  7.563     218.2
970
 2013 04 20 08 16 22.245     2013 04 20 08 19 16.931     174.7
 2013 04 20 14 51 40.277     2013 04 20 14 54 51.704     191.4
971
 2013 04 20 05 40 36.684     2013 04 20 05 44 23.230     226.5
 2013 04 20 17 28  8.228     2013 04 20 17 31  1.396     173.2
972
 2013 04 20 01 45 33.970     2013 04 20 01 48 33.508     179.5
973
974
 2013 04 20 01 41 48.053     2013 04 20 01 42 58.190      70.1
975
 2013 04 20 12 58 14.912     2013 04 20 12 58 41.028      26.1
 2013 04 20 22 51 44.230     2013 04 20 22 52 16.085      31.9
976
 2013 04 20 12 51 49.192     2013 04 20 12 54 43.834     174.6
 2013 04 20 22 55 42.818     2013 04 20 22 58 33.747     170.9
977
 2013 04 20 09 28  3.403     2013 04 20 09 31 52.569     229.2
 2013 04 20 23 10 12.864     2013 04 20 23 12 54.651     161.8
978
 2013 04 20 03 14 35.912     2013 04 20 03 17 17.817     161.9
979
 2013 04 20 02 37 10.410     2013 04 20 02 40 56.630     226.2
 2013 04 20 12 37 38.866     2013 04 20 12 40 16.272     157.4
980
 2013 04 20 00 35  1.033     2013 04 20 00 35 12.298      11.3
 2013 04 20 02 13 46.537     2013 04 20 02 16 54.675     188.1
 2013 04 20 19 20 52.361     2013 04 20 19 24  2.370     190.0
 2013 04 20 20 58 34.470     2013 04 20 20 59 14.280      39.8
981
 2013 04 20 13 28 57.191     2013 04 20 13 29 14.055      16.9
982
 2013 04 20 03 22 28.465     2013 04 20 03 25 22.967     174.5
983
 2013 04 20 09 47  5.905     2013 04 20 09 49 53.657     167.8
 2013 04 20 18 05 38.849     2013 04 20 18 09 25.279     226.4
984
 2013 04 20 07 30 28.641     2013 04 20 07 33 14.723     166.1
 2013 04 20 14 05 29.635     2013 04 20 14 08 21.001     171.4
985
 2013 04 20 09 05 49.547     2013 04 20 09 08 27.206     157.7
 2013 04 20 14 01 10.626     2013 04 20 14 01 15.828       5.2
 2013 04 20 15 39 37.476     2013 04 20 15 43 10.801     213.3
986
 2013 04 20 11 28  6.600     2013 04 20 11 30 51.064     164.5
 2013 04 20 16 23 39.257     2013 04 20 16 27 32.579     233.3
 2013 04 20 18 01 45.015     2013 04 20 18 05 40.821     235.8
987
 2013 04 20 08 07 15.971     2013 04 20 08 11  2.131     226.2
 2013 04 20 18 09 21.037     2013 04 20 18 13  3.066     222.0
988
 2013 04 20 14 33 44.836     2013 04 20 14 35 53.774     128.9
989
 2013 04 20 07 31 59.002     2013 04 20 07 35 40.911     221.9
 2013 04 20 12 28 37.080     2013 04 20 12 31 34.564     177.5
990
 2013 04 20 03 21 33.039     2013 04 20 03 24 31.069     178.0
991
 2013 04 20 02 47 38.033     2013 04 20 02 47 58.351      20.3
 2013 04 20 04 21 59.658     2013 04 20 04 22 46.688      47.0
 2013 04 20 09 18 55.391     2013 04 20 09 22 23.822     208.4
992
993
 2013 04 20 01 28  1.257     2013 04 20 01 30 43.224     162.0
 2013 04 20 18 33 15.092     2013 04 20 18 36 20.417     185.3
994
995
996
 2013 04 20 15 20  4.063     2013 04 20 15 23 33.522     209.5
 2013 04 20 23 35 56.815     2013 04 20 23 38 36.886     160.1
997
 2013 04 20 13 30 26.659     2013 04 20 13 33 11.375     164.7
998
 2013 04 20 02 15 16.901     2013 04 20 02 18 12.778     175.9
 2013 04 20 19 19 44.355     2013 04 20 19 22 58.365     194.0
999
