s4
0
 2013 04 20 02 21  7.868     2013 04 20 02 23 47.395     159.5
 2013 04 20 14 10 54.824     2013 04 20 14 13 31.383     156.6
1
 2013 04 20 10 15 39.351     2013 04 20 10 18 31.901     172.6
 2013 04 20 22 03 33.326     2013 04 20 22 06 38.654     185.3
2
 2013 04 20 02 05 39.799     2013 04 20 02 09 16.816     217.0
 2013 04 20 19 09 36.437     2013 04 20 19 13 10.748     214.3
3
 2013 04 20 06 27 56.555     2013 04 20 06 30 36.941     160.4
 2013 04 20 14 50 23.488     2013 04 20 14 50 39.062      15.6
4
 2013 04 20 07 44 53.977     2013 04 20 07 48 38.421     224.4
 2013 04 20 21 23 11.465     2013 04 20 21 26  2.881     171.4
5
 2013 04 20 17 23  3.660     2013 04 20 17 25 43.568     159.9
6
 2013 04 20 12 32 23.909     2013 04 20 12 35  4.395     160.5
7
 2013 04 20 01 40 26.948     2013 04 20 01 43  9.343     162.4
 2013 04 20 11 42 29.583     2013 04 20 11 45 14.709     165.1
8
 2013 04 20 06 59 57.839     2013 04 20 07 02 41.062     163.2
 2013 04 20 20 35 13.179     2013 04 20 20 35 37.981      24.8
9
 2013 04 20 14 49  3.116     2013 04 20 14 52 15.072     192.0
10
11
 2013 04 20 08 04 31.643     2013 04 20 08 04 53.199      21.6
 2013 04 20 16 22  7.105     2013 04 20 16 25 57.469     230.4
12
 2013 04 20 06 15 51.259     2013 04 20 06 19  7.398     196.1
13
 2013 04 20 05 43 54.656     2013 04 20 05 46 35.804     161.1
14
15
 2013 04 20 16 42  6.045     2013 04 20 16 44 43.465     157.4
16
 2013 04 20 23 05 26.297     2013 04 20 23 09 12.852     226.6
17
 2013 04 20 09 34 11.247     2013 04 20 09 36 48.459     157.2
 2013 04 20 19 35 56.601     2013 04 20 19 38 38.986     162.4
18
 2013 04 20 02 28 46.325     2013 04 20 02 32 28.648     222.3
 2013 04 20 12 27 31.684     2013 04 20 12 30 49.992     198.3
19
 2013 04 20 21 30 58.010     2013 04 20 21 34  2.037     184.0
20
 2013 04 20 12 48 44.752     2013 04 20 12 51 27.815     163.1
 2013 04 20 21 05 45.988     2013 04 20 21 08 31.337     165.3
21
 2013 04 20 16 01  7.126     2013 04 20 16 05  4.538     237.4
 2013 04 20 22 38  3.291     2013 04 20 22 40 44.715     161.4
22
 2013 04 20 09 25 25.686     2013 04 20 09 28 23.757     178.1
 2013 04 20 21 18 41.092     2013 04 20 21 21 53.760     192.7
23
 2013 04 20 03 19  7.628     2013 04 20 03 21 52.611     165.0
 2013 04 20 11 36 37.751     2013 04 20 11 40  2.870     205.1
24
 2013 04 20 20 31 39.917     2013 04 20 20 32   .016      20.1
25
26
27
 2013 04 20 07 49 31.191     2013 04 20 07 49 54.844      23.7
 2013 04 20 19 44 56.999     2013 04 20 19 48 15.150     198.2
28
 2013 04 20 11 35 15.773     2013 04 20 11 37 57.374     161.6
29
 2013 04 20 07 04 31.805     2013 04 20 07 05 36.712      64.9
30
 2013 04 20 20 39  9.892     2013 04 20 20 41 50.823     160.9
31
 2013 04 20 03 48 25.246     2013 04 20 03 51  4.816     159.6
 2013 04 20 17 27 46.882     2013 04 20 17 30 25.396     158.5
32
33
 2013 04 20 04 06 31.930     2013 04 20 04 06 45.949      14.0
 2013 04 20 12 23  7.379     2013 04 20 12 26   .193     172.8
34
 2013 04 20 11 57 20.106     2013 04 20 11 57 29.153       9.0
35
36
 2013 04 20 10 10 17.374     2013 04 20 10 12 57.997     160.6
37
 2013 04 20 11 04 44.526     2013 04 20 11 05 59.964      75.4
38
 2013 04 20 02 23 25.972     2013 04 20 02 24 48.177      82.2
 2013 04 20 14 09 40.459     2013 04 20 14 12 15.959     155.5
39
 2013 04 20 14 12 15.184     2013 04 20 14 15 41.337     206.2
40
 2013 04 20 00 03 50.861     2013 04 20 00 07   .716     189.9
 2013 04 20 10 10 37.961     2013 04 20 10 10 51.926      14.0
41
 2013 04 20 19 38 59.439     2013 04 20 19 42 32.308     212.9
42
 2013 04 20 08 04 45.255     2013 04 20 08 07 50.159     184.9
 2013 04 20 16 20 26.141     2013 04 20 16 23 20.248     174.1
43
 2013 04 20 01 16 14.088     2013 04 20 01 17  7.420      53.3
 2013 04 20 18 22  1.337     2013 04 20 18 25 10.979     189.6
44
 2013 04 20 03 04 40.293     2013 04 20 03 08   .941     200.6
45
 2013 04 20 05 33 52.532     2013 04 20 05 37 14.496     202.0
46
 2013 04 20 11 55 27.884     2013 04 20 11 58  8.168     160.3
 2013 04 20 21 57 57.276     2013 04 20 22 00 51.767     174.5
47
 2013 04 20 22 56  9.857     2013 04 20 22 59  8.885     179.0
48
 2013 04 20 14 26 36.611     2013 04 20 14 29 39.091     182.5
 2013 04 20 21 01 20.690     2013 04 20 21 04  2.698     162.0
49
 2013 04 20 02 06 48.007     2013 04 20 02 10  7.700     199.7
 2013 04 20 17 36 26.919     2013 04 20 17 37 17.619      50.7
50
 2013 04 20 04 09 12.572     2013 04 20 04 12  1.911     169.3
51
 2013 04 20 05 37 14.851     2013 04 20 05 39 58.818     164.0
 2013 04 20 15 38 45.805     2013 04 20 15 41 21.030     155.2
52
 2013 04 20 02 16 11.520     2013 04 20 02 19 12.761     181.2
53
54
 2013 04 20 16 37 31.493     2013 04 20 16 40 15.488     164.0
55
56
57
 2013 04 20 03 05 59.599     2013 04 20 03 09  5.126     185.5
58
 2013 04 20 06 15 39.988     2013 04 20 06 18 51.702     191.7
 2013 04 20 18 09 27.247     2013 04 20 18 12 43.715     196.5
59
 2013 04 20 08 53 10.523     2013 04 20 08 55 53.250     162.7
 2013 04 20 17 07 30.981     2013 04 20 17 08 32.052      61.1
60
61
 2013 04 20 13 19 41.615     2013 04 20 13 22 51.582     190.0
62
 2013 04 20 05 19 33.619     2013 04 20 05 22 14.287     160.7
 2013 04 20 20 41 15.114     2013 04 20 20 45  5.411     230.3
63
 2013 04 20 10 10 12.410     2013 04 20 10 13 32.706     200.3
64
 2013 04 20 01 26  8.046     2013 04 20 01 29 31.183     203.1
 2013 04 20 15 06 27.196     2013 04 20 15 09 12.097     164.9
65
66
 2013 04 20 11 05 45.429     2013 04 20 11 08 48.548     183.1
67
 2013 04 20 02 55 44.160     2013 04 20 02 58 40.765     176.6
 2013 04 20 18 20 48.861     2013 04 20 18 23 27.570     158.7
68
 2013 04 20 07 16 51.090     2013 04 20 07 19 49.182     178.1
 2013 04 20 15 33 23.853     2013 04 20 15 36   .822     157.0
69
 2013 04 20 05 32 38.106     2013 04 20 05 36 21.543     223.4
70
 2013 04 20 06 52 42.494     2013 04 20 06 55 28.703     166.2
 2013 04 20 22 17 16.425     2013 04 20 22 19 56.914     160.5
71
 2013 04 20 10 28 43.465     2013 04 20 10 28 53.690      10.2
 2013 04 20 18 41 33.990     2013 04 20 18 45 22.542     228.6
72
 2013 04 20 09 22  2.856     2013 04 20 09 24 48.473     165.6
 2013 04 20 22 57 14.366     2013 04 20 22 57 50.491      36.1
73
 2013 04 20 06 04  5.491     2013 04 20 06 07 21.470     196.0
 2013 04 20 21 28 16.859     2013 04 20 21 28 51.799      34.9
74
 2013 04 20 15 09 36.130     2013 04 20 15 12 28.696     172.6
 2013 04 20 23 26 55.821     2013 04 20 23 30 22.078     206.3
75
 2013 04 20 02 28 28.539     2013 04 20 02 28 52.611      24.1
76
77
 2013 04 20 03 55 45.049     2013 04 20 03 58 22.706     157.7
 2013 04 20 15 45 58.953     2013 04 20 15 48 36.429     157.5
78
 2013 04 20 11 18 25.814     2013 04 20 11 21 12.851     167.0
 2013 04 20 16 18   .545     2013 04 20 16 18 18.807      18.3
 2013 04 20 17 52 32.858     2013 04 20 17 56 10.195     217.3
79
 2013 04 20 11 52 56.730     2013 04 20 11 53 35.472      38.7
 2013 04 20 23 37 50.764     2013 04 20 23 40 26.018     155.3
80
 2013 04 20 20 39 39.451     2013 04 20 20 43 12.794     213.3
81
 2013 04 20 03 54 19.955     2013 04 20 03 57  1.023     161.1
 2013 04 20 15 46 33.830     2013 04 20 15 49 43.092     189.3
82
 2013 04 20 05 35 40.220     2013 04 20 05 38 17.401     157.2
 2013 04 20 15 39 14.303     2013 04 20 15 43   .413     226.1
83
 2013 04 20 22 50 26.780     2013 04 20 22 53 48.798     202.0
84
 2013 04 20 11 59  1.841     2013 04 20 12 01 50.046     168.2
85
 2013 04 20 03 08 37.316     2013 04 20 03 12  1.338     204.0
 2013 04 20 14 57 16.969     2013 04 20 14 59 56.765     159.8
86
 2013 04 20 01 13 14.637     2013 04 20 01 14   .211      45.6
 2013 04 20 02 51 46.198     2013 04 20 02 55  3.241     197.0
 2013 04 20 19 59  7.288     2013 04 20 20 02  4.038     176.7
87
 2013 04 20 04 52 55.558     2013 04 20 04 53  3.875       8.3
 2013 04 20 13 13 25.189     2013 04 20 13 16 33.861     188.7
88
 2013 04 20 18 04 52.043     2013 04 20 18 08 17.244     205.2
89
 2013 04 20 01 03 39.533     2013 04 20 01 06 24.656     165.1
 2013 04 20 05 59 20.329     2013 04 20 06 02 19.063     178.7
90
 2013 04 20 06 58 41.254     2013 04 20 07 01 59.564     198.3
 2013 04 20 20 37  4.662     2013 04 20 20 40 41.162     216.5
91
 2013 04 20 05 27 54.604     2013 04 20 05 31 45.984     231.4
 2013 04 20 17 22 34.066     2013 04 20 17 25 39.842     185.8
92
 2013 04 20 13 36  2.275     2013 04 20 13 39 39.391     217.1
 2013 04 20 21 53 44.550     2013 04 20 21 56 50.708     186.2
93
94
 2013 04 20 02 56  6.325     2013 04 20 02 58 49.757     163.4
 2013 04 20 18 19 46.657     2013 04 20 18 22 24.472     157.8
95
 2013 04 20 06 22  5.409     2013 04 20 06 25 13.326     187.9
96
 2013 04 20 02 07 48.565     2013 04 20 02 10 29.582     161.0
 2013 04 20 17 32 31.986     2013 04 20 17 35 52.548     200.6
97
 2013 04 20 02 05 36.008     2013 04 20 02 08 24.697     168.7
 2013 04 20 19 10 35.873     2013 04 20 19 13 30.432     174.6
98
 2013 04 20 04 52 28.057     2013 04 20 04 55 22.391     174.3
99
 2013 04 20 01 28 12.160     2013 04 20 01 31  7.976     175.8
100
 2013 04 20 02 06 56.921     2013 04 20 02 08 12.187      75.3
 2013 04 20 17 34  1.510     2013 04 20 17 37 15.233     193.7
101
102
 2013 04 20 15 13 56.902     2013 04 20 15 15 35.077      98.2
 2013 04 20 21 50 44.180     2013 04 20 21 53 23.239     159.1
103
 2013 04 20 09 17 58.135     2013 04 20 09 20 33.658     155.5
104
 2013 04 20 09 59 59.666     2013 04 20 10 03 20.427     200.8
105
 2013 04 20 22 46 51.968     2013 04 20 22 47   .757       8.8
106
107
 2013 04 20 03 25  6.826     2013 04 20 03 28 14.201     187.4
 2013 04 20 08 21 10.028     2013 04 20 08 24 56.940     226.9
108
109
110
 2013 04 20 19 38 26.361     2013 04 20 19 41 11.365     165.0
111
 2013 04 20 02 15 17.662     2013 04 20 02 18 32.801     195.1
 2013 04 20 15 50 53.547     2013 04 20 15 54 24.544     211.0
112
113
 2013 04 20 16 36  1.019     2013 04 20 16 38 40.059     159.0
114
 2013 04 20 14 27 25.391     2013 04 20 14 30 19.601     174.2
 2013 04 20 21 02 24.530     2013 04 20 21 05 27.987     183.5
115
 2013 04 20 15 49 22.115     2013 04 20 15 52 27.670     185.6
116
 2013 04 20 06 00 29.440     2013 04 20 06 03 45.059     195.6
 2013 04 20 23 06 23.352     2013 04 20 23 10  1.281     217.9
117
118
 2013 04 20 15 13 17.181     2013 04 20 15 16 37.277     200.1
 2013 04 20 21 50   .989     2013 04 20 21 53  4.578     183.6
119
120
 2013 04 20 12 22 32.743     2013 04 20 12 25 19.979     167.2
121
 2013 04 20 22 38 28.492     2013 04 20 22 41 36.914     188.4
122
 2013 04 20 12 44 40.549     2013 04 20 12 47 23.622     163.1
 2013 04 20 22 44 37.927     2013 04 20 22 48 31.230     233.3
123
 2013 04 20 05 19 21.335     2013 04 20 05 22  8.917     167.6
 2013 04 20 20 41  9.234     2013 04 20 20 44 41.358     212.1
124
 2013 04 20 02 05 19.608     2013 04 20 02 08 16.018     176.4
 2013 04 20 19 11 33.323     2013 04 20 19 14 16.260     162.9
125
 2013 04 20 19 37 36.698     2013 04 20 19 40 49.659     193.0
126
 2013 04 20 09 37 14.718     2013 04 20 09 40 19.753     185.0
127
 2013 04 20 05 41 37.694     2013 04 20 05 44 38.705     181.0
 2013 04 20 14 00   .816     2013 04 20 14 02 42.053     161.2
128
 2013 04 20 03 41 44.991     2013 04 20 03 44 29.063     164.1
129
 2013 04 20 05 34 38.774     2013 04 20 05 37 47.735     189.0
130
 2013 04 20 12 37 34.522     2013 04 20 12 38  8.318      33.8
131
132
133
 2013 04 20 07 17  4.567     2013 04 20 07 19 43.326     158.8
 2013 04 20 15 34  8.841     2013 04 20 15 36 45.629     156.8
134
 2013 04 20 00 12 48.401     2013 04 20 00 16 43.484     235.1
 2013 04 20 06 50 13.426     2013 04 20 06 53 36.159     202.7
135
 2013 04 20 14 27 55.173     2013 04 20 14 31 40.401     225.2
 2013 04 20 19 24 30.916     2013 04 20 19 24 48.617      17.7
 2013 04 20 21 02 36.128     2013 04 20 21 03  1.269      25.1
136
 2013 04 20 06 58 50.071     2013 04 20 07 02 41.276     231.2
137
 2013 04 20 01 00 18.236     2013 04 20 01 00 29.346      11.1
 2013 04 20 02 38 30.218     2013 04 20 02 42 21.432     231.2
 2013 04 20 07 35 15.308     2013 04 20 07 38  3.257     167.9
138
139
 2013 04 20 00 37  1.473     2013 04 20 00 40 21.921     200.4
 2013 04 20 14 19 11.828     2013 04 20 14 22 55.623     223.8
140
 2013 04 20 22 58 54.158     2013 04 20 22 59 31.217      37.1
141
142
 2013 04 20 09 24 51.868     2013 04 20 09 25 44.374      52.5
 2013 04 20 21 19 33.573     2013 04 20 21 22 25.082     171.5
143
 2013 04 20 10 52 42.001     2013 04 20 10 55 28.857     166.9
144
145
 2013 04 20 22 42 43.584     2013 04 20 22 45 27.751     164.2
146
 2013 04 20 13 36 36.832     2013 04 20 13 40 10.708     213.9
 2013 04 20 21 53 14.063     2013 04 20 21 55 18.590     124.5
147
 2013 04 20 03 39 24.600     2013 04 20 03 42 33.878     189.3
 2013 04 20 20 46 23.174     2013 04 20 20 49 11.261     168.1
148
 2013 04 20 01 21 14.234     2013 04 20 01 24 45.397     211.2
 2013 04 20 16 44 17.095     2013 04 20 16 46 54.813     157.7
149
 2013 04 20 02 52 11.185     2013 04 20 02 54 49.755     158.6
 2013 04 20 19 58 28.723     2013 04 20 20 01 15.804     167.1
150
 2013 04 20 15 15 24.264     2013 04 20 15 18  4.194     159.9
 2013 04 20 20 10 50.787     2013 04 20 20 11  8.173      17.4
 2013 04 20 21 49 12.317     2013 04 20 21 52 50.732     218.4
151
 2013 04 20 02 18 46.752     2013 04 20 02 22 12.139     205.4
152
 2013 04 20 05 28 53.923     2013 04 20 05 31 40.139     166.2
 2013 04 20 17 21 28.796     2013 04 20 17 24 40.217     191.4
153
 2013 04 20 15 08 47.184     2013 04 20 15 11 24.785     157.6
154
 2013 04 20 10 24  2.428     2013 04 20 10 26 49.584     167.2
155
 2013 04 20 16 48 31.691     2013 04 20 16 51 34.438     182.7
 2013 04 20 23 23 24.393     2013 04 20 23 26  3.134     158.7
156
 2013 04 20 00 51 49.341     2013 04 20 00 55  1.964     192.6
 2013 04 20 10 54  2.750     2013 04 20 10 57 30.761     208.0
157
 2013 04 20 04 56 24.648     2013 04 20 04 57  3.662      39.0
 2013 04 20 13 09 57.789     2013 04 20 13 10 10.594      12.8
158
 2013 04 20 02 54 23.320     2013 04 20 02 57 20.639     177.3
159
 2013 04 20 10 24 35.660     2013 04 20 10 27 21.881     166.2
160
 2013 04 20 04 50 42.317     2013 04 20 04 51 35.279      53.0
161
 2013 04 20 17 53 57.922     2013 04 20 17 57 33.897     216.0
162
 2013 04 20 00 55 22.848     2013 04 20 00 55 45.120      22.3
163
 2013 04 20 19 04 40.197     2013 04 20 19 07 18.092     157.9
164
 2013 04 20 08 01 45.073     2013 04 20 08 04 59.190     194.1
165
166
 2013 04 20 08 05 28.498     2013 04 20 08 08  8.032     159.5
 2013 04 20 16 20 41.134     2013 04 20 16 24 20.351     219.2
167
 2013 04 20 03 19  3.498     2013 04 20 03 22  5.516     182.0
 2013 04 20 11 36 17.309     2013 04 20 11 39 41.636     204.3
168
 2013 04 20 04 33 41.127     2013 04 20 04 36 58.879     197.8
169
 2013 04 20 04 00 11.623     2013 04 20 04 02 56.981     165.4
170
171
 2013 04 20 02 31 59.195     2013 04 20 02 34 40.433     161.2
 2013 04 20 10 50   .919     2013 04 20 10 53  2.998     182.1
172
173
 2013 04 20 00 41 19.476     2013 04 20 00 44 57.827     218.4
174
 2013 04 20 09 24 17.801     2013 04 20 09 27 44.757     207.0
175
176
 2013 04 20 14 48 20.120     2013 04 20 14 51 40.921     200.8
177
178
 2013 04 20 13 39 27.666     2013 04 20 13 42 37.830     190.2
 2013 04 20 20 15 28.335     2013 04 20 20 18  6.114     157.8
179
 2013 04 20 01 29  6.648     2013 04 20 01 32 38.028     211.4
180
 2013 04 20 03 53 42.461     2013 04 20 03 56 29.422     167.0
 2013 04 20 15 46 43.464     2013 04 20 15 50 25.836     222.4
181
 2013 04 20 11 01 20.769     2013 04 20 11 04  7.899     167.1
 2013 04 20 22 51 58.190     2013 04 20 22 54 50.475     172.3
182
 2013 04 20 04 52  7.370     2013 04 20 04 55 16.597     189.2
183
 2013 04 20 02 55 54.777     2013 04 20 02 59 14.888     200.1
 2013 04 20 18 21  2.480     2013 04 20 18 23 44.751     162.3
184
 2013 04 20 01 32 27.709     2013 04 20 01 35  2.802     155.1
 2013 04 20 13 24 15.869     2013 04 20 13 27 20.013     184.1
185
 2013 04 20 04 04 22.720     2013 04 20 04 07  9.198     166.5
186
 2013 04 20 01 50 14.402     2013 04 20 01 50 23.361       9.0
 2013 04 20 10 00  4.282     2013 04 20 10 03 50.605     226.3
187
 2013 04 20 01 46 15.485     2013 04 20 01 49  4.294     168.8
 2013 04 20 10 01 32.655     2013 04 20 10 04 49.339     196.7
188
 2013 04 20 10 13 17.225     2013 04 20 10 16 17.752     180.5
 2013 04 20 22 05 59.018     2013 04 20 22 08 46.324     167.3
189
 2013 04 20 01 38 29.477     2013 04 20 01 41  7.941     158.5
190
 2013 04 20 06 29 40.539     2013 04 20 06 30 25.155      44.6
 2013 04 20 14 45  3.594     2013 04 20 14 47 57.154     173.6
191
192
 2013 04 20 07 01  7.419     2013 04 20 07 01 17.759      10.3
193
194
 2013 04 20 06 28 11.187     2013 04 20 06 32  1.184     230.0
 2013 04 20 14 45  7.962     2013 04 20 14 48 36.123     208.2
195
 2013 04 20 04 02 38.096     2013 04 20 04 05 15.380     157.3
 2013 04 20 14 04 22.187     2013 04 20 14 06 59.975     157.8
196
 2013 04 20 15 59 54.879     2013 04 20 16 02 57.901     183.0
 2013 04 20 22 35 12.718     2013 04 20 22 36  7.914      55.2
197
 2013 04 20 09 26 32.221     2013 04 20 09 27 14.125      41.9
 2013 04 20 21 18 34.007     2013 04 20 21 21 46.940     192.9
198
 2013 04 20 14 25 37.808     2013 04 20 14 28 52.540     194.7
 2013 04 20 21 02 19.172     2013 04 20 21 05 48.230     209.1
199
 2013 04 20 02 22 50.382     2013 04 20 02 23 37.727      47.3
 2013 04 20 14 09 42.490     2013 04 20 14 13 18.417     215.9
200
 2013 04 20 08 34 15.693     2013 04 20 08 37 18.241     182.5
 2013 04 20 22 10  1.420     2013 04 20 22 13 33.135     211.7
201
 2013 04 20 15 43 28.508     2013 04 20 15 46 28.882     180.4
202
 2013 04 20 00 50 13.196     2013 04 20 00 53 14.398     181.2
203
 2013 04 20 05 21  9.563     2013 04 20 05 23 50.220     160.7
204
 2013 04 20 11 13 43.477     2013 04 20 11 16 33.907     170.4
 2013 04 20 19 30 22.614     2013 04 20 19 33  3.391     160.8
205
 2013 04 20 13 37 23.626     2013 04 20 13 40 32.715     189.1
206
 2013 04 20 03 05 31.445     2013 04 20 03 08 15.404     164.0
207
 2013 04 20 04 52 28.327     2013 04 20 04 56  7.246     218.9
208
209
210
 2013 04 20 22 54  1.426     2013 04 20 22 57 20.800     199.4
211
 2013 04 20 16 03 25.353     2013 04 20 16 06  9.478     164.1
 2013 04 20 20 59  1.429     2013 04 20 21 02 11.954     190.5
212
 2013 04 20 07 16 17.548     2013 04 20 07 16 54.257      36.7
 2013 04 20 17 11 32.591     2013 04 20 17 14 43.732     191.1
213
 2013 04 20 00 28 12.024     2013 04 20 00 32  6.834     234.8
 2013 04 20 17 37 45.806     2013 04 20 17 38 15.060      29.3
 2013 04 20 19 12 10.718     2013 04 20 19 12 38.285      27.6
214
 2013 04 20 05 32 30.353     2013 04 20 05 36 12.595     222.2
215
 2013 04 20 04 00 32.013     2013 04 20 04 03 37.977     186.0
216
 2013 04 20 21 20 10.255     2013 04 20 21 22 47.126     156.9
217
 2013 04 20 11 08 42.705     2013 04 20 11 11 28.145     165.4
 2013 04 20 21 11  2.977     2013 04 20 21 13 45.628     162.7
218
 2013 04 20 09 42 40.707     2013 04 20 09 45 58.294     197.6
 2013 04 20 11 20 26.751     2013 04 20 11 21 13.436      46.7
 2013 04 20 16 16 52.744     2013 04 20 16 19 46.965     174.2
219
220
 2013 04 20 23 29 47.458     2013 04 20 23 32 47.912     180.5
221
222
 2013 04 20 04 29  5.261     2013 04 20 04 31 42.343     157.1
223
 2013 04 20 03 53 35.650     2013 04 20 03 56 16.490     160.8
 2013 04 20 15 49 50.255     2013 04 20 15 50 31.828      41.6
224
 2013 04 20 19 50 37.916     2013 04 20 19 52 15.352      97.4
225
 2013 04 20 22 14 11.299     2013 04 20 22 15  6.940      55.6
226
 2013 04 20 00 39 47.182     2013 04 20 00 41  9.004      81.8
227
 2013 04 20 21 51 16.570     2013 04 20 21 54  9.392     172.8
228
 2013 04 20 05 24 21.971     2013 04 20 05 27  4.883     162.9
 2013 04 20 19 01 24.881     2013 04 20 19 04 29.458     184.6
229
 2013 04 20 10 59  9.471     2013 04 20 11 02 36.589     207.1
230
 2013 04 20 11 46 31.579     2013 04 20 11 49  9.702     158.1
231
 2013 04 20 12 42 42.098     2013 04 20 12 45 34.564     172.5
 2013 04 20 22 46 12.918     2013 04 20 22 48 55.016     162.1
232
 2013 04 20 13 29  4.121     2013 04 20 13 32  6.540     182.4
233
 2013 04 20 08 46 32.315     2013 04 20 08 49 12.447     160.1
 2013 04 20 18 48 25.513     2013 04 20 18 51  1.721     156.2
234
 2013 04 20 07 44 31.242     2013 04 20 07 47 54.379     203.1
 2013 04 20 21 23 25.453     2013 04 20 21 26 43.023     197.6
235
 2013 04 20 13 32 18.979     2013 04 20 13 35 23.311     184.3
236
 2013 04 20 05 44 24.332     2013 04 20 05 47 13.815     169.5
 2013 04 20 12 23 49.806     2013 04 20 12 24 37.161      47.4
237
 2013 04 20 14 08 55.168     2013 04 20 14 11 36.393     161.2
238
 2013 04 20 09 21 53.482     2013 04 20 09 24 48.726     175.2
 2013 04 20 22 57 13.153     2013 04 20 22 59   .574     107.4
239
 2013 04 20 14 06 56.021     2013 04 20 14 09 38.187     162.2
240
 2013 04 20 13 28 38.809     2013 04 20 13 29  8.521      29.7
 2013 04 20 23 34 41.200     2013 04 20 23 37 34.112     172.9
241
 2013 04 20 03 23 22.752     2013 04 20 03 26  4.168     161.4
 2013 04 20 09 58 39.292     2013 04 20 10 01 24.823     165.5
242
 2013 04 20 04 39 54.798     2013 04 20 04 42 32.010     157.2
243
 2013 04 20 03 05 54.186     2013 04 20 03 09  9.798     195.6
 2013 04 20 15 00  1.738     2013 04 20 15 03 33.999     212.3
244
245
 2013 04 20 20 32 45.953     2013 04 20 20 36   .874     194.9
246
 2013 04 20 13 28 14.740     2013 04 20 13 31  6.934     172.2
247
 2013 04 20 00 36 18.793     2013 04 20 00 40 11.736     232.9
 2013 04 20 14 22 56.146     2013 04 20 14 23 38.936      42.8
248
249
 2013 04 20 08 04 40.812     2013 04 20 08 07 30.917     170.1
 2013 04 20 16 20 47.034     2013 04 20 16 23 34.692     167.7
250
 2013 04 20 03 22 48.881     2013 04 20 03 26 46.401     237.5
 2013 04 20 05 01   .449     2013 04 20 05 04 46.902     226.5
 2013 04 20 09 57 31.155     2013 04 20 10 00 13.320     162.2
251
 2013 04 20 12 34 35.608     2013 04 20 12 38  6.547     210.9
252
 2013 04 20 03 18 39.541     2013 04 20 03 21 31.357     171.8
 2013 04 20 11 36 12.656     2013 04 20 11 36 23.380      10.7
253
 2013 04 20 06 02 46.086     2013 04 20 06 02 48.613       2.5
254
 2013 04 20 11 45 46.524     2013 04 20 11 48 29.176     162.7
255
 2013 04 20 07 10 36.559     2013 04 20 07 13 27.723     171.2
 2013 04 20 17 14 37.455     2013 04 20 17 17 43.102     185.6
256
 2013 04 20 10 48  3.057     2013 04 20 10 50 42.541     159.5
257
 2013 04 20 16 48 18.176     2013 04 20 16 51  2.005     163.8
 2013 04 20 23 24 11.146     2013 04 20 23 27 11.337     180.2
258
 2013 04 20 13 41 19.550     2013 04 20 13 43 58.279     158.7
 2013 04 20 18 36 42.286     2013 04 20 18 39 44.580     182.3
259
 2013 04 20 12 45 48.689     2013 04 20 12 48 50.100     181.4
260
261
 2013 04 20 09 33 10.587     2013 04 20 09 36 13.606     183.0
 2013 04 20 19 35 17.963     2013 04 20 19 38 25.243     187.3
262
 2013 04 20 10 16 15.412     2013 04 20 10 19  9.067     173.7
263
 2013 04 20 12 06  9.706     2013 04 20 12 09 38.874     209.2
 2013 04 20 17 02 34.833     2013 04 20 17 06 18.142     223.3
264
265
 2013 04 20 13 27 23.277     2013 04 20 13 31 10.448     227.2
266
 2013 04 20 17 23 21.344     2013 04 20 17 26   .722     159.4
267
 2013 04 20 04 38 36.504     2013 04 20 04 41 11.519     155.0
268
 2013 04 20 10 16 37.194     2013 04 20 10 16 44.145       7.0
269
 2013 04 20 12 47 42.256     2013 04 20 12 50 59.698     197.4
 2013 04 20 21 06 31.596     2013 04 20 21 09 16.849     165.3
270
271
272
 2013 04 20 12 34  3.620     2013 04 20 12 36 40.808     157.2
273
 2013 04 20 21 18 41.602     2013 04 20 21 22 26.637     225.0
274
 2013 04 20 10 12 46.713     2013 04 20 10 15 54.377     187.7
 2013 04 20 22 06  8.605     2013 04 20 22 09 15.057     186.5
275
 2013 04 20 11 04  4.525     2013 04 20 11 07 14.437     189.9
276
 2013 04 20 21 11 58.084     2013 04 20 21 15 33.136     215.1
277
 2013 04 20 13 40 42.298     2013 04 20 13 43 30.098     167.8
 2013 04 20 18 35 56.082     2013 04 20 18 39 24.494     208.4
 2013 04 20 20 13 45.902     2013 04 20 20 15 22.761      96.9
278
 2013 04 20 04 51  3.655     2013 04 20 04 51 46.789      43.1
279
 2013 04 20 00 02 27.006     2013 04 20 00 05 30.943     183.9
 2013 04 20 23 43 28.245     2013 04 20 23 46 32.402     184.2
280
 2013 04 20 20 19 55.494     2013 04 20 20 22 33.770     158.3
281
 2013 04 20 03 55 52.252     2013 04 20 03 58 31.220     159.0
 2013 04 20 15 45 57.829     2013 04 20 15 48 39.929     162.1
282
 2013 04 20 02 11 17.015     2013 04 20 02 14 43.298     206.3
283
 2013 04 20 00 37 50.412     2013 04 20 00 40 31.299     160.9
 2013 04 20 14 17 55.887     2013 04 20 14 21 41.761     225.9
284
 2013 04 20 04 34 21.614     2013 04 20 04 37 28.736     187.1
 2013 04 20 18 18 10.705     2013 04 20 18 18 16.759       6.1
285
 2013 04 20 08 50 36.984     2013 04 20 08 53 17.244     160.3
 2013 04 20 17 08 16.193     2013 04 20 17 11 50.178     214.0
286
 2013 04 20 15 41 33.606     2013 04 20 15 44 43.653     190.0
287
288
 2013 04 20 05 44 45.385     2013 04 20 05 47 54.132     188.7
 2013 04 20 12 21 18.762     2013 04 20 12 24 37.291     198.5
289
 2013 04 20 01 42 56.182     2013 04 20 01 46 36.462     220.3
290
 2013 04 20 08 29 31.616     2013 04 20 08 32 11.910     160.3
291
 2013 04 20 08 33 56.751     2013 04 20 08 36 57.849     181.1
 2013 04 20 22 11 14.532     2013 04 20 22 12 29.407      74.9
292
 2013 04 20 04 39 41.332     2013 04 20 04 42 54.140     192.8
293
 2013 04 20 00 34 57.200     2013 04 20 00 37 47.998     170.8
 2013 04 20 15 57  1.983     2013 04 20 16 00 19.161     197.2
294
 2013 04 20 06 53 14.672     2013 04 20 06 55 55.237     160.6
 2013 04 20 22 16 48.494     2013 04 20 22 19 31.007     162.5
295
 2013 04 20 06 13 41.043     2013 04 20 06 13 59.745      18.7
296
 2013 04 20 06 52 32.553     2013 04 20 06 55 29.643     177.1
 2013 04 20 22 17 31.447     2013 04 20 22 20 12.559     161.1
297
 2013 04 20 07 40 31.062     2013 04 20 07 43 56.648     205.6
 2013 04 20 23 03 10.532     2013 04 20 23 05 54.967     164.4
298
 2013 04 20 15 41 51.529     2013 04 20 15 45  5.176     193.6
299
 2013 04 20 19 39 22.032     2013 04 20 19 41 59.765     157.7
300
 2013 04 20 03 26 15.551     2013 04 20 03 26 38.739      23.2
 2013 04 20 05 00 45.666     2013 04 20 05 04 25.510     219.8
 2013 04 20 09 57 17.144     2013 04 20 10 00  3.575     166.4
301
 2013 04 20 06 58  3.335     2013 04 20 07 01 15.097     191.8
 2013 04 20 20 36 11.444     2013 04 20 20 38 49.559     158.1
302
 2013 04 20 10 51  7.590     2013 04 20 10 54 24.516     196.9
303
304
 2013 04 20 00 57 30.800     2013 04 20 01 00 34.866     184.1
 2013 04 20 09 15 51.685     2013 04 20 09 18 29.643     158.0
305
 2013 04 20 22 38 25.694     2013 04 20 22 41 18.299     172.6
306
 2013 04 20 06 56 33.946     2013 04 20 06 59 56.049     202.1
 2013 04 20 20 38 16.359     2013 04 20 20 41 16.304     179.9
307
 2013 04 20 15 48 38.370     2013 04 20 15 51 45.664     187.3
308
 2013 04 20 06 03 34.053     2013 04 20 06 06 10.800     156.7
 2013 04 20 23 07 15.742     2013 04 20 23 07 22.813       7.1
309
 2013 04 20 06 20 50.836     2013 04 20 06 23 36.026     165.2
310
 2013 04 20 12 51 45.406     2013 04 20 12 54 26.003     160.6
 2013 04 20 19 27  8.313     2013 04 20 19 29 55.221     166.9
311
 2013 04 20 05 38 14.403     2013 04 20 05 39   .903      46.5
312
 2013 04 20 03 21 41.879     2013 04 20 03 25  7.229     205.4
313
 2013 04 20 04 27  4.702     2013 04 20 04 30 33.094     208.4
 2013 04 20 21 32  8.453     2013 04 20 21 34 51.725     163.3
314
 2013 04 20 03 05 22.049     2013 04 20 03 06 50.409      88.4
 2013 04 20 15 00 32.656     2013 04 20 15 04  2.676     210.0
315
 2013 04 20 02 18 51.567     2013 04 20 02 21 30.260     158.7
316
 2013 04 20 02 23 38.129     2013 04 20 02 26 44.845     186.7
317
 2013 04 20 01 19 36.907     2013 04 20 01 22 53.414     196.5
 2013 04 20 16 45 59.378     2013 04 20 16 49 48.508     229.1
318
319
 2013 04 20 02 10 50.283     2013 04 20 02 13 46.386     176.1
320
 2013 04 20 12 05  6.044     2013 04 20 12 07 45.831     159.8
 2013 04 20 18 39 45.224     2013 04 20 18 42 29.366     164.1
321
 2013 04 20 13 20 43.012     2013 04 20 13 24 22.491     219.5
322
 2013 04 20 05 33 44.206     2013 04 20 05 36 33.595     169.4
323
 2013 04 20 07 20  6.399     2013 04 20 07 22 44.669     158.3
 2013 04 20 13 55 34.569     2013 04 20 13 58 23.140     168.6
324
 2013 04 20 00 04 56.144     2013 04 20 00 08 16.485     200.3
 2013 04 20 10 08 35.369     2013 04 20 10 11 16.110     160.7
325
326
 2013 04 20 11 44 41.286     2013 04 20 11 46 20.067      98.8
327
 2013 04 20 20 21 20.665     2013 04 20 20 24 57.207     216.5
328
329
330
331
 2013 04 20 09 37 47.096     2013 04 20 09 40 40.673     173.6
 2013 04 20 17 56 28.409     2013 04 20 17 59 56.385     208.0
332
 2013 04 20 21 13 22.166     2013 04 20 21 16  2.128     160.0
333
 2013 04 20 07 15 43.169     2013 04 20 07 19 14.515     211.3
 2013 04 20 15 32 42.868     2013 04 20 15 36  7.747     204.9
334
 2013 04 20 00 33 44.616     2013 04 20 00 37 20.881     216.3
 2013 04 20 15 58 59.208     2013 04 20 16 01 45.795     166.6
335
 2013 04 20 04 40  8.533     2013 04 20 04 40 44.419      35.9
 2013 04 20 18 12 55.079     2013 04 20 18 15 50.140     175.1
336
 2013 04 20 00 14 41.745     2013 04 20 00 17 22.987     161.2
 2013 04 20 06 49 26.013     2013 04 20 06 52 20.220     174.2
337
 2013 04 20 00 40 39.259     2013 04 20 00 44 26.993     227.7
 2013 04 20 14 15 31.350     2013 04 20 14 19 16.955     225.6
338
 2013 04 20 05 23 21.052     2013 04 20 05 26 59.723     218.7
 2013 04 20 19 01  3.279     2013 04 20 19 03 40.065     156.8
339
 2013 04 20 01 01 52.837     2013 04 20 01 05 26.987     214.1
 2013 04 20 07 37 48.327     2013 04 20 07 40 42.781     174.5
340
 2013 04 20 12 40 36.630     2013 04 20 12 44 23.473     226.8
341
 2013 04 20 16 03 25.172     2013 04 20 16 06 18.375     173.2
 2013 04 20 20 59 14.752     2013 04 20 21 02 28.467     193.7
342
 2013 04 20 08 45 38.986     2013 04 20 08 48 36.512     177.5
 2013 04 20 18 49 29.589     2013 04 20 18 52 14.223     164.6
343
344
 2013 04 20 22 56 53.030     2013 04 20 23 00 41.971     228.9
345
 2013 04 20 03 18 27.798     2013 04 20 03 22  2.191     214.4
 2013 04 20 11 35 37.827     2013 04 20 11 36 35.124      57.3
346
 2013 04 20 03 49  2.823     2013 04 20 03 51 51.787     169.0
 2013 04 20 17 26 57.750     2013 04 20 17 29 37.008     159.3
347
 2013 04 20 05 42 14.868     2013 04 20 05 42 51.600      36.7
 2013 04 20 15 36  4.296     2013 04 20 15 36 36.303      32.0
348
349
 2013 04 20 05 26 42.444     2013 04 20 05 29 50.338     187.9
350
 2013 04 20 01 44 55.260     2013 04 20 01 47 35.165     159.9
 2013 04 20 10 02 35.671     2013 04 20 10 05 24.736     169.1
351
 2013 04 20 16 02 40.500     2013 04 20 16 06  5.725     205.2
 2013 04 20 20 58 57.449     2013 04 20 20 59   .038       2.6
 2013 04 20 22 37 11.612     2013 04 20 22 38 32.918      81.3
352
 2013 04 20 14 15 58.576     2013 04 20 14 18 35.834     157.3
353
 2013 04 20 06 12 28.294     2013 04 20 06 15 43.110     194.8
 2013 04 20 19 47 20.414     2013 04 20 19 48 25.573      65.2
354
355
 2013 04 20 04 36 26.728     2013 04 20 04 39 56.756     210.0
 2013 04 20 18 15  9.295     2013 04 20 18 18 51.800     222.5
356
 2013 04 20 08 03 35.382     2013 04 20 08 06 14.156     158.8
 2013 04 20 16 21 16.125     2013 04 20 16 24 21.763     185.6
357
 2013 04 20 05 31 36.590     2013 04 20 05 34 50.408     193.8
 2013 04 20 17 18 49.067     2013 04 20 17 22  2.865     193.8
358
 2013 04 20 18 52 13.762     2013 04 20 18 55   .368     166.6
359
 2013 04 20 08 58  6.851     2013 04 20 09 01  3.252     176.4
 2013 04 20 13 53 47.036     2013 04 20 13 56 24.898     157.9
360
 2013 04 20 05 46 58.257     2013 04 20 05 50  6.880     188.6
 2013 04 20 10 46 56.455     2013 04 20 10 47 10.808      14.4
 2013 04 20 12 21 18.923     2013 04 20 12 25 10.515     231.6
361
 2013 04 20 10 47 56.996     2013 04 20 10 50 33.748     156.8
362
 2013 04 20 14 59 13.651     2013 04 20 14 59 17.004       3.4
363
 2013 04 20 00 59  9.912     2013 04 20 01 01 57.632     167.7
 2013 04 20 09 14 44.882     2013 04 20 09 18 28.883     224.0
364
 2013 04 20 06 13 59.063     2013 04 20 06 17 39.670     220.6
365
 2013 04 20 00 46 21.524     2013 04 20 00 49 31.640     190.1
 2013 04 20 12 35 30.970     2013 04 20 12 38  5.959     155.0
366
 2013 04 20 00 52 12.186     2013 04 20 00 54 52.595     160.4
 2013 04 20 10 55 23.015     2013 04 20 10 58 11.622     168.6
367
 2013 04 20 00 15 10.607     2013 04 20 00 17 51.618     161.0
 2013 04 20 05 14 22.306     2013 04 20 05 14 46.229      23.9
 2013 04 20 06 49  6.527     2013 04 20 06 52 34.013     207.5
368
 2013 04 20 03 53 14.892     2013 04 20 03 53 51.300      36.4
 2013 04 20 17 25  6.986     2013 04 20 17 28 24.308     197.3
369
 2013 04 20 02 49 58.751     2013 04 20 02 53 18.049     199.3
 2013 04 20 21 34 54.679     2013 04 20 21 38   .542     185.9
370
 2013 04 20 13 30 45.286     2013 04 20 13 33 23.806     158.5
 2013 04 20 23 33  1.515     2013 04 20 23 35 36.672     155.2
371
 2013 04 20 09 27 15.981     2013 04 20 09 29 53.171     157.2
 2013 04 20 21 17 20.241     2013 04 20 21 19 57.553     157.3
372
 2013 04 20 04 02 28.978     2013 04 20 04 05 27.192     178.2
 2013 04 20 14 04 50.839     2013 04 20 14 07 38.183     167.3
373
374
 2013 04 20 00 16 24.053     2013 04 20 00 16 50.108      26.1
 2013 04 20 01 50 53.631     2013 04 20 01 54 44.690     231.1
 2013 04 20 06 47 39.442     2013 04 20 06 50 40.869     181.4
375
 2013 04 20 15 01  6.915     2013 04 20 15 03 44.491     157.6
376
 2013 04 20 04 57 18.296     2013 04 20 05 00  9.714     171.4
 2013 04 20 11 32 38.675     2013 04 20 11 36  3.762     205.1
377
 2013 04 20 05 47 26.408     2013 04 20 05 50 38.357     191.9
 2013 04 20 10 43 36.686     2013 04 20 10 47  5.104     208.4
378
 2013 04 20 04 01 21.046     2013 04 20 04 03 59.206     158.2
 2013 04 20 14 04 42.468     2013 04 20 14 07 53.264     190.8
379
 2013 04 20 02 13  3.265     2013 04 20 02 16 45.777     222.5
 2013 04 20 15 54  6.976     2013 04 20 15 56 46.064     159.1
380
 2013 04 20 00 52 30.833     2013 04 20 00 56 14.096     223.3
 2013 04 20 10 55 54.666     2013 04 20 10 58 48.544     173.9
381
 2013 04 20 17 06 24.125     2013 04 20 17 09 54.465     210.3
382
 2013 04 20 00 56 48.890     2013 04 20 01 00 29.105     220.2
 2013 04 20 09 13 43.134     2013 04 20 09 17   .665     197.5
383
 2013 04 20 00 29 37.149     2013 04 20 00 33 35.692     238.5
 2013 04 20 17 34 58.098     2013 04 20 17 37 38.224     160.1
384
 2013 04 20 14 44 23.503     2013 04 20 14 48 21.279     237.8
385
 2013 04 20 01 19 40.236     2013 04 20 01 22 36.706     176.5
 2013 04 20 16 48 56.502     2013 04 20 16 49 40.533      44.0
386
387
 2013 04 20 06 06 10.315     2013 04 20 06 09 57.038     226.7
 2013 04 20 21 27 51.390     2013 04 20 21 31  5.314     193.9
388
 2013 04 20 00 13 24.362     2013 04 20 00 16 10.830     166.5
 2013 04 20 06 48 45.141     2013 04 20 06 51 51.520     186.4
389
 2013 04 20 17 23 40.577     2013 04 20 17 27  3.800     203.2
390
 2013 04 20 15 58 35.480     2013 04 20 15 59 38.378      62.9
391
 2013 04 20 08 03 31.734     2013 04 20 08 06 52.272     200.5
 2013 04 20 16 22 22.068     2013 04 20 16 25  5.560     163.5
392
 2013 04 20 03 48 14.764     2013 04 20 03 50 58.174     163.4
 2013 04 20 17 27 23.217     2013 04 20 17 30 10.871     167.7
393
 2013 04 20 12 43 44.548     2013 04 20 12 43 53.081       8.5
394
395
 2013 04 20 03 49  7.698     2013 04 20 03 52 12.491     184.8
 2013 04 20 17 27 41.591     2013 04 20 17 30 56.573     195.0
396
 2013 04 20 04 30  2.893     2013 04 20 04 32 39.317     156.4
 2013 04 20 19 54 43.550     2013 04 20 19 57 54.773     191.2
397
 2013 04 20 06 22 53.639     2013 04 20 06 25 31.292     157.7
 2013 04 20 16 26 44.220     2013 04 20 16 30 35.818     231.6
398
399
 2013 04 20 04 58 14.842     2013 04 20 05 01 40.753     205.9
 2013 04 20 06 36  6.177     2013 04 20 06 37 22.630      76.5
 2013 04 20 11 32 35.837     2013 04 20 11 35 24.106     168.3
400
 2013 04 20 01 42 33.482     2013 04 20 01 45 31.989     178.5
401
 2013 04 20 07 02 24.246     2013 04 20 07 05  8.117     163.9
402
 2013 04 20 05 17 39.891     2013 04 20 05 20 24.461     164.6
 2013 04 20 20 42 27.193     2013 04 20 20 45 18.188     171.0
403
 2013 04 20 02 59 17.595     2013 04 20 03 00  7.877      50.3
 2013 04 20 18 18 34.365     2013 04 20 18 21 19.256     164.9
404
405
406
 2013 04 20 20 25 24.874     2013 04 20 20 29 11.983     227.1
407
 2013 04 20 05 18 11.886     2013 04 20 05 21 26.930     195.0
 2013 04 20 20 41 18.317     2013 04 20 20 43 57.358     159.0
408
 2013 04 20 10 11 29.817     2013 04 20 10 14 12.512     162.7
409
 2013 04 20 18 04 20.532     2013 04 20 18 08  2.670     222.1
410
 2013 04 20 07 04 29.092     2013 04 20 07 07 27.664     178.6
 2013 04 20 18 56 15.896     2013 04 20 18 58 51.111     155.2
411
 2013 04 20 07 45  4.305     2013 04 20 07 48 38.572     214.3
 2013 04 20 21 23 18.383     2013 04 20 21 26  4.114     165.7
412
 2013 04 20 11 16 51.307     2013 04 20 11 20 41.922     230.6
 2013 04 20 17 53 46.274     2013 04 20 17 56 27.721     161.4
413
414
 2013 04 20 15 10 18.484     2013 04 20 15 13 17.782     179.3
 2013 04 20 23 27  3.018     2013 04 20 23 29 44.429     161.4
415
 2013 04 20 08 07 43.526     2013 04 20 08 10 26.434     162.9
 2013 04 20 14 42 49.866     2013 04 20 14 45 32.159     162.3
416
 2013 04 20 04 50 47.609     2013 04 20 04 53 25.764     158.2
 2013 04 20 14 51  6.113     2013 04 20 14 54 32.308     206.2
417
 2013 04 20 04 00 49.647     2013 04 20 04 04 37.817     228.2
 2013 04 20 14 05 48.459     2013 04 20 14 06 54.465      66.0
418
 2013 04 20 23 30 12.655     2013 04 20 23 32 51.536     158.9
419
 2013 04 20 00 17 33.182     2013 04 20 00 17 36.163       3.0
 2013 04 20 03 35  5.086     2013 04 20 03 35  7.371       2.3
 2013 04 20 05 13 51.416     2013 04 20 05 17  1.500     190.1
 2013 04 20 22 20 58.701     2013 04 20 22 24  1.044     182.3
420
 2013 04 20 03 08 26.682     2013 04 20 03 09 53.566      86.9
 2013 04 20 14 58 43.663     2013 04 20 14 59 32.794      49.1
421
 2013 04 20 20 20 26.548     2013 04 20 20 23 10.044     163.5
422
 2013 04 20 08 03 16.755     2013 04 20 08 06 38.575     201.8
 2013 04 20 16 22 21.509     2013 04 20 16 25 13.514     172.0
423
424
 2013 04 20 06 52 38.489     2013 04 20 06 55 45.135     186.6
 2013 04 20 22 16 11.978     2013 04 20 22 18 53.949     162.0
425
 2013 04 20 03 44 38.436     2013 04 20 03 47 19.998     161.6
 2013 04 20 19 06 38.064     2013 04 20 19 10 11.273     213.2
426
 2013 04 20 06 30 29.866     2013 04 20 06 30 50.229      20.4
427
 2013 04 20 07 48  3.644     2013 04 20 07 50 39.604     156.0
428
 2013 04 20 00 58 16.711     2013 04 20 01 00 58.954     162.2
 2013 04 20 09 14 44.796     2013 04 20 09 17 23.006     158.2
429
 2013 04 20 04 50 44.532     2013 04 20 04 51 18.240      33.7
430
 2013 04 20 04 06 41.614     2013 04 20 04 06 55.529      13.9
 2013 04 20 12 26  3.089     2013 04 20 12 28 42.318     159.2
431
 2013 04 20 20 25 21.158     2013 04 20 20 28 31.989     190.8
432
 2013 04 20 05 40  2.221     2013 04 20 05 40 41.146      38.9
 2013 04 20 14 00 29.942     2013 04 20 14 04  8.319     218.4
433
 2013 04 20 00 48 31.947     2013 04 20 00 51 49.725     197.8
434
 2013 04 20 22 38 23.048     2013 04 20 22 41 16.421     173.4
435
 2013 04 20 10 27 30.042     2013 04 20 10 31 22.411     232.4
436
 2013 04 20 04 39 21.813     2013 04 20 04 42 22.336     180.5
437
 2013 04 20 01 16 17.615     2013 04 20 01 19 11.635     174.0
 2013 04 20 18 22 18.356     2013 04 20 18 22 55.309      37.0
 2013 04 20 20 00 25.312     2013 04 20 20 01 45.920      80.6
438
 2013 04 20 23 01 53.478     2013 04 20 23 05 24.200     210.7
439
 2013 04 20 15 36 41.454     2013 04 20 15 39 47.210     185.8
440
 2013 04 20 06 31 24.615     2013 04 20 06 34 13.621     169.0
441
 2013 04 20 23 35 28.902     2013 04 20 23 38  4.495     155.6
442
 2013 04 20 01 25 31.827     2013 04 20 01 28 33.718     181.9
 2013 04 20 15 04 46.925     2013 04 20 15 08 11.678     204.8
443
444
 2013 04 20 09 42  9.237     2013 04 20 09 44 52.813     163.6
 2013 04 20 16 17 26.067     2013 04 20 16 20 16.124     170.1
445
 2013 04 20 05 39  5.879     2013 04 20 05 42 40.182     214.3
446
 2013 04 20 17 10  3.995     2013 04 20 17 10 19.899      15.9
447
 2013 04 20 04 59  6.193     2013 04 20 05 02 59.079     232.9
 2013 04 20 11 34 30.585     2013 04 20 11 38 11.923     221.3
448
 2013 04 20 02 12 44.721     2013 04 20 02 15 40.153     175.4
 2013 04 20 15 53 37.511     2013 04 20 15 56 38.479     181.0
449
 2013 04 20 14 22 30.169     2013 04 20 14 25 18.187     168.0
 2013 04 20 22 39 48.249     2013 04 20 22 42 55.441     187.2
450
 2013 04 20 08 06 43.094     2013 04 20 08 09 53.860     190.8
 2013 04 20 14 41 54.554     2013 04 20 14 45  8.130     193.6
451
 2013 04 20 18 50 38.551     2013 04 20 18 53 55.423     196.9
452
453
 2013 04 20 16 41 45.089     2013 04 20 16 42 27.225      42.1
454
 2013 04 20 04 38 59.791     2013 04 20 04 42 41.218     221.4
455
 2013 04 20 10 28  8.288     2013 04 20 10 31 25.824     197.5
 2013 04 20 17 07  9.654     2013 04 20 17 07 30.491      20.8
456
 2013 04 20 22 02 36.325     2013 04 20 22 05 28.185     171.9
457
 2013 04 20 07 01 53.254     2013 04 20 07 02 17.712      24.5
 2013 04 20 20 35 20.006     2013 04 20 20 37 56.265     156.3
458
 2013 04 20 08 05 30.373     2013 04 20 08 08 58.420     208.0
459
460
 2013 04 20 09 25 55.832     2013 04 20 09 29 24.088     208.3
 2013 04 20 21 18 58.173     2013 04 20 21 21 35.236     157.1
461
 2013 04 20 20 31 42.939     2013 04 20 20 31 47.637       4.7
462
 2013 04 20 13 33  9.635     2013 04 20 13 36 23.346     193.7
463
 2013 04 20 18 46 19.760     2013 04 20 18 49  7.956     168.2
464
 2013 04 20 07 41 10.542     2013 04 20 07 43 49.677     159.1
 2013 04 20 23 04  8.166     2013 04 20 23 07 22.019     193.9
465
 2013 04 20 00 13 38.944     2013 04 20 00 17 34.718     235.8
 2013 04 20 06 50 40.359     2013 04 20 06 53 22.022     161.7
466
 2013 04 20 02 12 21.597     2013 04 20 02 15 21.868     180.3
 2013 04 20 15 55 41.782     2013 04 20 15 56 11.940      30.2
467
 2013 04 20 08 00 48.862     2013 04 20 08 04 11.182     202.3
 2013 04 20 17 58 52.035     2013 04 20 18 00 32.438     100.4
468
 2013 04 20 02 20 18.165     2013 04 20 02 22 55.497     157.3
 2013 04 20 14 11 28.435     2013 04 20 14 14 12.336     163.9
469
 2013 04 20 22 08  8.115     2013 04 20 22 11  1.732     173.6
470
 2013 04 20 18 58 26.700     2013 04 20 19 01 58.419     211.7
471
 2013 04 20 14 21 44.406     2013 04 20 14 24 39.163     174.8
 2013 04 20 22 40 34.310     2013 04 20 22 44 22.964     228.7
472
 2013 04 20 04 00 53.691     2013 04 20 04 03 32.370     158.7
 2013 04 20 14 07  5.763     2013 04 20 14 08  9.738      64.0
473
 2013 04 20 08 43 54.593     2013 04 20 08 47 46.198     231.6
474
 2013 04 20 06 23 21.581     2013 04 20 06 25 58.072     156.5
 2013 04 20 16 26 34.227     2013 04 20 16 29 58.128     203.9
475
 2013 04 20 13 30 45.186     2013 04 20 13 34  6.730     201.5
 2013 04 20 23 33 27.252     2013 04 20 23 36 24.806     177.6
476
 2013 04 20 09 34 16.017     2013 04 20 09 37 18.087     182.1
 2013 04 20 19 35  5.656     2013 04 20 19 37 46.692     161.0
477
 2013 04 20 03 14 35.837     2013 04 20 03 18 18.818     223.0
 2013 04 20 13 17 59.696     2013 04 20 13 20 58.716     179.0
478
 2013 04 20 03 26 27.246     2013 04 20 03 29 26.381     179.1
 2013 04 20 08 22  9.447     2013 04 20 08 24 51.691     162.2
479
 2013 04 20 01 37 22.250     2013 04 20 01 37 29.454       7.2
 2013 04 20 11 44 11.334     2013 04 20 11 47 47.976     216.6
480
481
 2013 04 20 02 32 17.703     2013 04 20 02 35 14.268     176.6
 2013 04 20 10 49 11.972     2013 04 20 10 51 59.020     167.0
482
 2013 04 20 02 18 54.221     2013 04 20 02 22  9.021     194.8
483
 2013 04 20 00 04  9.455     2013 04 20 00 07 37.609     208.2
 2013 04 20 10 06 24.373     2013 04 20 10 10 11.897     227.5
484
 2013 04 20 04 59  6.021     2013 04 20 05 01 53.267     167.2
 2013 04 20 09 58 35.520     2013 04 20 09 58 38.301       2.8
 2013 04 20 11 33  4.774     2013 04 20 11 36 17.625     192.9
485
 2013 04 20 07 07 20.845     2013 04 20 07 10 22.149     181.3
486
 2013 04 20 13 41 41.383     2013 04 20 13 44 40.716     179.3
 2013 04 20 18 37 38.604     2013 04 20 18 40 30.369     171.8
487
 2013 04 20 14 25 11.728     2013 04 20 14 27 54.523     162.8
488
 2013 04 20 03 20 10.965     2013 04 20 03 23 30.463     199.5
 2013 04 20 11 36  9.496     2013 04 20 11 38 53.358     163.9
489
 2013 04 20 02 33 25.908     2013 04 20 02 36 17.571     171.7
 2013 04 20 10 49 55.928     2013 04 20 10 53  4.960     189.0
490
 2013 04 20 07 48 49.292     2013 04 20 07 51 56.444     187.2
491
 2013 04 20 08 51 34.210     2013 04 20 08 54 57.216     203.0
 2013 04 20 17 09 38.112     2013 04 20 17 12 21.804     163.7
492
 2013 04 20 13 38 13.187     2013 04 20 13 39 18.470      65.3
 2013 04 20 20 15 42.064     2013 04 20 20 18 48.246     186.2
493
494
 2013 04 20 06 32 44.341     2013 04 20 06 35 50.600     186.3
 2013 04 20 13 08 58.571     2013 04 20 13 11 44.031     165.5
495
 2013 04 20 00 02 37.067     2013 04 20 00 05 59.465     202.4
 2013 04 20 23 43 38.291     2013 04 20 23 47   .942     202.7
496
 2013 04 20 10 09 38.861     2013 04 20 10 13 18.661     219.8
497
 2013 04 20 03 58 26.644     2013 04 20 04 02 16.760     230.1
498
 2013 04 20 01 46  9.931     2013 04 20 01 48 56.887     167.0
 2013 04 20 10 02 20.343     2013 04 20 10 05 40.035     199.7
499
 2013 04 20 06 59 28.513     2013 04 20 07 02 41.954     193.4
500
 2013 04 20 03 43 35.939     2013 04 20 03 45 12.955      97.0
 2013 04 20 19 08 17.201     2013 04 20 19 11 42.421     205.2
501
 2013 04 20 12 52 33.613     2013 04 20 12 55 14.493     160.9
 2013 04 20 19 27 15.811     2013 04 20 19 30  9.376     173.6
502
 2013 04 20 14 25 42.632     2013 04 20 14 29  5.660     203.0
 2013 04 20 21 02 32.012     2013 04 20 21 05 49.860     197.8
503
 2013 04 20 12 50 19.841     2013 04 20 12 53 31.091     191.2
504
 2013 04 20 07 06 44.837     2013 04 20 07 07 51.192      66.4
505
 2013 04 20 11 07 20.380     2013 04 20 11 10 12.522     172.1
 2013 04 20 21 10  6.898     2013 04 20 21 13 56.742     229.8
506
 2013 04 20 21 14 48.660     2013 04 20 21 17 29.167     160.5
507
 2013 04 20 03 49 38.306     2013 04 20 03 52 22.865     164.6
 2013 04 20 17 27  5.334     2013 04 20 17 30 31.570     206.2
508
509
 2013 04 20 13 37  7.716     2013 04 20 13 37 59.023      51.3
510
 2013 04 20 08 07 13.774     2013 04 20 08 10 58.341     224.6
 2013 04 20 09 45 16.371     2013 04 20 09 49 12.128     235.8
 2013 04 20 14 41 52.284     2013 04 20 14 44 34.381     162.1
511
512
 2013 04 20 04 03 26.805     2013 04 20 04 06 53.273     206.5
513
 2013 04 20 04 04  6.769     2013 04 20 04 06 50.300     163.5
514
 2013 04 20 09 42 40.802     2013 04 20 09 45 24.196     163.4
 2013 04 20 16 18  1.836     2013 04 20 16 20 43.679     161.8
515
 2013 04 20 10 18  9.475     2013 04 20 10 22   .675     231.2
516
 2013 04 20 04 40 40.290     2013 04 20 04 43 59.676     199.4
517
 2013 04 20 05 44 53.225     2013 04 20 05 47 51.535     178.3
 2013 04 20 12 21 12.338     2013 04 20 12 24 25.923     193.6
518
 2013 04 20 01 18 56.863     2013 04 20 01 21 39.529     162.7
 2013 04 20 18 23 41.881     2013 04 20 18 27 17.400     215.5
519
 2013 04 20 06 30  9.167     2013 04 20 06 34  3.463     234.3
 2013 04 20 14 47  1.669     2013 04 20 14 48  8.964      67.3
520
521
 2013 04 20 04 40 14.102     2013 04 20 04 43  3.744     169.6
522
523
 2013 04 20 22 13 57.432     2013 04 20 22 16 53.840     176.4
524
 2013 04 20 10 56 54.210     2013 04 20 10 59 31.219     157.0
525
 2013 04 20 17 22 25.683     2013 04 20 17 25 38.137     192.5
526
 2013 04 20 03 24  6.797     2013 04 20 03 26 50.839     164.0
 2013 04 20 09 59  4.561     2013 04 20 10 01 56.418     171.9
527
 2013 04 20 07 14 52.743     2013 04 20 07 18 14.030     201.3
 2013 04 20 15 38 38.222     2013 04 20 15 38 44.663       6.4
528
 2013 04 20 08 36 26.174     2013 04 20 08 39 15.356     169.2
529
 2013 04 20 17 53 52.679     2013 04 20 17 54  3.631      11.0
530
531
 2013 04 20 01 33 39.656     2013 04 20 01 37  6.717     207.1
 2013 04 20 13 24  8.688     2013 04 20 13 27 39.642     211.0
532
 2013 04 20 06 16 31.586     2013 04 20 06 19 18.148     166.6
 2013 04 20 18 08 57.060     2013 04 20 18 11 50.941     173.9
533
 2013 04 20 10 58 52.790     2013 04 20 11 01 45.705     172.9
534
 2013 04 20 00 08 56.017     2013 04 20 00 09 46.581      50.6
 2013 04 20 08 29  7.195     2013 04 20 08 32 10.400     183.2
535
 2013 04 20 02 58 33.989     2013 04 20 03 01 20.426     166.4
536
 2013 04 20 03 23 36.105     2013 04 20 03 24 41.128      65.0
 2013 04 20 10 00 12.934     2013 04 20 10 03  5.766     172.8
537
 2013 04 20 07 11   .895     2013 04 20 07 14  5.122     184.2
 2013 04 20 17 13  9.883     2013 04 20 17 16 20.891     191.0
538
 2013 04 20 04 56 45.391     2013 04 20 05 00  2.824     197.4
 2013 04 20 11 37   .909     2013 04 20 11 37 44.205      43.3
539
 2013 04 20 05 44 45.677     2013 04 20 05 48  4.984     199.3
 2013 04 20 12 21 30.573     2013 04 20 12 24 42.982     192.4
540
 2013 04 20 04 07 48.385     2013 04 20 04 10 37.294     168.9
 2013 04 20 12 24 52.291     2013 04 20 12 27 38.395     166.1
541
542
 2013 04 20 02 34 47.679     2013 04 20 02 37 53.846     186.2
 2013 04 20 09 10  2.020     2013 04 20 09 13 49.977     228.0
543
 2013 04 20 07 40 48.097     2013 04 20 07 44 25.550     217.5
 2013 04 20 23 02 49.122     2013 04 20 23 05 51.770     182.6
544
 2013 04 20 01 29 14.214     2013 04 20 01 31 48.967     154.8
545
 2013 04 20 11 00  7.660     2013 04 20 11 03 55.209     227.5
 2013 04 20 22 54  3.459     2013 04 20 22 56 43.811     160.4
546
 2013 04 20 04 00 59.280     2013 04 20 04 03 36.335     157.1
 2013 04 20 14 04 28.258     2013 04 20 14 08 11.564     223.3
547
 2013 04 20 15 32 11.598     2013 04 20 15 34 51.216     159.6
548
 2013 04 20 08 07 39.982     2013 04 20 08 11 37.770     237.8
 2013 04 20 14 44 22.934     2013 04 20 14 47  8.311     165.4
549
550
 2013 04 20 16 35 47.640     2013 04 20 16 38 25.754     158.1
551
 2013 04 20 12 46 15.543     2013 04 20 12 48 53.635     158.1
552
 2013 04 20 11 12  5.443     2013 04 20 11 14 44.465     159.0
553
 2013 04 20 07 16 17.885     2013 04 20 07 19  1.753     163.9
 2013 04 20 15 34 21.163     2013 04 20 15 37 14.417     173.3
554
 2013 04 20 18 45 39.824     2013 04 20 18 49 16.976     217.2
555
 2013 04 20 14 25  7.074     2013 04 20 14 28 25.692     198.6
 2013 04 20 21 05 44.606     2013 04 20 21 06 11.472      26.9
556
 2013 04 20 16 48  1.111     2013 04 20 16 51 28.068     207.0
 2013 04 20 23 24 51.882     2013 04 20 23 27 52.370     180.5
557
 2013 04 20 14 24 48.343     2013 04 20 14 28 23.867     215.5
558
 2013 04 20 11 54 13.234     2013 04 20 11 56 50.298     157.1
559
560
561
 2013 04 20 04 01  4.039     2013 04 20 04 04 16.361     192.3
 2013 04 20 14 05 32.610     2013 04 20 14 08 23.842     171.2
562
 2013 04 20 12 05 51.599     2013 04 20 12 08 59.309     187.7
 2013 04 20 18 40 16.865     2013 04 20 18 44  3.102     226.2
563
 2013 04 20 09 26   .545     2013 04 20 09 28 35.464     154.9
 2013 04 20 21 17 53.832     2013 04 20 21 21  6.707     192.9
564
 2013 04 20 19 45 31.541     2013 04 20 19 48 23.902     172.4
565
 2013 04 20 02 05 41.147     2013 04 20 02 09 12.531     211.4
 2013 04 20 19 11 53.250     2013 04 20 19 15  4.627     191.4
566
 2013 04 20 14 20 28.003     2013 04 20 14 23 11.467     163.5
567
 2013 04 20 16 00 21.681     2013 04 20 16 03  1.806     160.1
 2013 04 20 22 36  3.091     2013 04 20 22 39 49.608     226.5
568
 2013 04 20 13 40   .710     2013 04 20 13 43 16.957     196.2
 2013 04 20 15 17 53.181     2013 04 20 15 21 43.339     230.2
 2013 04 20 18 35 10.520     2013 04 20 18 38 57.641     227.1
 2013 04 20 20 13 33.052     2013 04 20 20 16 52.170     199.1
569
 2013 04 20 08 48 55.478     2013 04 20 08 51 35.278     159.8
570
 2013 04 20 11 05 16.071     2013 04 20 11 08 55.796     219.7
571
 2013 04 20 01 34 21.706     2013 04 20 01 37 26.752     185.0
 2013 04 20 13 22 29.072     2013 04 20 13 25 24.399     175.3
572
 2013 04 20 10 57 30.118     2013 04 20 11 01  2.089     212.0
573
 2013 04 20 11 57 53.665     2013 04 20 12 00 31.073     157.4
574
 2013 04 20 06 22   .338     2013 04 20 06 24 43.393     163.1
575
 2013 04 20 18 45 17.362     2013 04 20 18 47 59.743     162.4
576
 2013 04 20 06 30 58.580     2013 04 20 06 31  3.430       4.8
 2013 04 20 13 12 51.294     2013 04 20 13 13 11.345      20.1
577
 2013 04 20 00 59 13.558     2013 04 20 01 02 16.237     182.7
 2013 04 20 09 13 36.305     2013 04 20 09 17 17.965     221.7
578
 2013 04 20 11 05 11.813     2013 04 20 11 07 48.653     156.8
579
 2013 04 20 13 32  7.335     2013 04 20 13 34 48.481     161.1
 2013 04 20 23 31 57.022     2013 04 20 23 35 45.659     228.6
580
 2013 04 20 04 11 31.662     2013 04 20 04 14 52.226     200.6
 2013 04 20 05 49 27.114     2013 04 20 05 53 13.705     226.6
 2013 04 20 09 06 41.481     2013 04 20 09 10 29.732     228.3
 2013 04 20 10 45  6.387     2013 04 20 10 48 22.724     196.3
581
 2013 04 20 10 28 24.991     2013 04 20 10 32 13.485     228.5
 2013 04 20 17 05 45.154     2013 04 20 17 09 27.385     222.2
582
583
 2013 04 20 12 54 20.770     2013 04 20 12 57 54.981     214.2
 2013 04 20 17 50 49.114     2013 04 20 17 53 38.841     169.7
584
 2013 04 20 07 04 45.231     2013 04 20 07 08 21.157     215.9
 2013 04 20 18 56 11.787     2013 04 20 18 59 14.600     182.8
585
 2013 04 20 12 51 24.589     2013 04 20 12 54 22.733     178.1
 2013 04 20 19 27 37.890     2013 04 20 19 30 37.408     179.5
586
 2013 04 20 04 55 55.616     2013 04 20 04 58 43.973     168.4
 2013 04 20 13 10 51.565     2013 04 20 13 14 23.824     212.3
587
 2013 04 20 05 43 27.736     2013 04 20 05 47 15.154     227.4
 2013 04 20 13 56 56.935     2013 04 20 13 57 12.205      15.3
588
 2013 04 20 00 18  3.915     2013 04 20 00 18 26.452      22.5
 2013 04 20 03 35 41.360     2013 04 20 03 39 20.428     219.1
 2013 04 20 05 13 43.302     2013 04 20 05 17 29.988     226.7
 2013 04 20 22 21 29.437     2013 04 20 22 24 25.486     176.0
589
 2013 04 20 06 11 43.632     2013 04 20 06 14 50.830     187.2
 2013 04 20 19 49 18.703     2013 04 20 19 50 19.482      60.8
590
 2013 04 20 14 55 24.432     2013 04 20 14 58 12.410     168.0
591
 2013 04 20 00 14 15.954     2013 04 20 00 16 56.603     160.6
 2013 04 20 06 49 22.494     2013 04 20 06 52  4.466     162.0
592
 2013 04 20 10 17 27.803     2013 04 20 10 20 41.411     193.6
593
 2013 04 20 15 13 19.796     2013 04 20 15 15 58.390     158.6
 2013 04 20 21 48 51.794     2013 04 20 21 52  8.942     197.1
594
 2013 04 20 10 27 59.927     2013 04 20 10 31 25.524     205.6
 2013 04 20 17 07 25.760     2013 04 20 17 07 27.268       1.5
595
 2013 04 20 22 54 42.048     2013 04 20 22 58  2.180     200.1
596
 2013 04 20 15 41 13.755     2013 04 20 15 44 41.808     208.1
597
598
 2013 04 20 04 57 10.677     2013 04 20 04 58 57.954     107.3
 2013 04 20 11 34 37.293     2013 04 20 11 37 45.161     187.9
599
 2013 04 20 15 55 47.435     2013 04 20 15 59  7.838     200.4
600
 2013 04 20 12 05 14.486     2013 04 20 12 08 17.760     183.3
 2013 04 20 13 42 53.351     2013 04 20 13 43  4.279      10.9
 2013 04 20 17 04  8.816     2013 04 20 17 04 29.915      21.1
 2013 04 20 18 39  4.828     2013 04 20 18 42 11.349     186.5
601
602
 2013 04 20 05 38 27.042     2013 04 20 05 41 19.363     172.3
 2013 04 20 15 38 20.039     2013 04 20 15 38 45.043      25.0
603
 2013 04 20 09 25 12.155     2013 04 20 09 28 16.359     184.2
604
 2013 04 20 07 42 24.072     2013 04 20 07 45 53.249     209.2
605
 2013 04 20 01 38 51.249     2013 04 20 01 42 38.316     227.1
 2013 04 20 11 40 54.492     2013 04 20 11 44 40.187     225.7
606
 2013 04 20 06 19 40.392     2013 04 20 06 22 39.120     178.7
607
 2013 04 20 07 13 56.240     2013 04 20 07 16 38.902     162.7
608
 2013 04 20 03 44 59.147     2013 04 20 03 47 39.433     160.3
 2013 04 20 19 06 29.163     2013 04 20 19 07 12.267      43.1
609
 2013 04 20 05 14 50.194     2013 04 20 05 17 54.777     184.6
 2013 04 20 22 21  9.441     2013 04 20 22 23 54.737     165.3
610
 2013 04 20 08 50  2.321     2013 04 20 08 53 10.517     188.2
611
 2013 04 20 14 07  8.388     2013 04 20 14 10  5.125     176.7
612
 2013 04 20 10 23   .602     2013 04 20 10 23  8.014       7.4
 2013 04 20 20 20 19.993     2013 04 20 20 20 41.381      21.4
613
 2013 04 20 03 47 34.812     2013 04 20 03 50 20.359     165.5
 2013 04 20 17 28  6.362     2013 04 20 17 31 12.182     185.8
614
 2013 04 20 03 06 27.261     2013 04 20 03 09 10.724     163.5
 2013 04 20 15 02 13.198     2013 04 20 15 02 32.507      19.3
615
 2013 04 20 07 43  2.907     2013 04 20 07 46 40.987     218.1
616
 2013 04 20 21 13 30.349     2013 04 20 21 16 59.846     209.5
617
 2013 04 20 03 07 42.445     2013 04 20 03 10 18.168     155.7
 2013 04 20 14 58 59.144     2013 04 20 15 01 40.660     161.5
618
 2013 04 20 06 13 28.895     2013 04 20 06 16 38.231     189.3
619
 2013 04 20 12 42 12.358     2013 04 20 12 45 24.338     192.0
 2013 04 20 22 46 35.332     2013 04 20 22 49 23.224     167.9
620
 2013 04 20 02 49  3.159     2013 04 20 02 52 20.415     197.3
 2013 04 20 21 34 43.694     2013 04 20 21 37 23.244     159.5
621
 2013 04 20 11 09  1.569     2013 04 20 11 12 38.905     217.3
 2013 04 20 21 09 15.173     2013 04 20 21 11 58.974     163.8
622
 2013 04 20 14 52 59.409     2013 04 20 14 53 54.220      54.8
623
624
 2013 04 20 04 38 16.046     2013 04 20 04 40 53.441     157.4
625
 2013 04 20 05 16 18.657     2013 04 20 05 19 18.953     180.3
626
627
 2013 04 20 07 39 17.106     2013 04 20 07 42 14.820     177.7
 2013 04 20 23 04 55.231     2013 04 20 23 08  1.483     186.3
628
 2013 04 20 22 42 26.008     2013 04 20 22 45 16.353     170.3
629
 2013 04 20 06 33 22.280     2013 04 20 06 33 55.521      33.2
 2013 04 20 14 44 50.028     2013 04 20 14 47 51.673     181.6
630
631
 2013 04 20 03 08 12.027     2013 04 20 03 11 22.454     190.4
 2013 04 20 14 57 42.968     2013 04 20 15 00 21.217     158.2
632
 2013 04 20 06 24 17.271     2013 04 20 06 27 43.280     206.0
 2013 04 20 16 27 15.415     2013 04 20 16 30 13.999     178.6
633
634
 2013 04 20 08 03 23.010     2013 04 20 08 06 49.310     206.3
 2013 04 20 16 20 16.441     2013 04 20 16 23 21.680     185.2
635
 2013 04 20 19 40   .531     2013 04 20 19 42 40.934     160.4
636
 2013 04 20 01 31 42.758     2013 04 20 01 34 34.421     171.7
 2013 04 20 13 27 27.905     2013 04 20 13 27 38.887      11.0
637
 2013 04 20 03 23 37.992     2013 04 20 03 26 31.449     173.5
 2013 04 20 09 59 21.320     2013 04 20 10 02  2.925     161.6
638
 2013 04 20 20 39   .837     2013 04 20 20 39 13.994      13.2
639
 2013 04 20 13 30 18.140     2013 04 20 13 33 35.554     197.4
 2013 04 20 23 33 46.167     2013 04 20 23 36 23.857     157.7
640
 2013 04 20 06 25 14.961     2013 04 20 06 27 57.575     162.6
 2013 04 20 16 26 12.359     2013 04 20 16 29 27.646     195.3
641
 2013 04 20 01 45 58.664     2013 04 20 01 49 14.512     195.8
 2013 04 20 10 01 11.351     2013 04 20 10 04 18.545     187.2
642
 2013 04 20 09 41 25.931     2013 04 20 09 44  6.438     160.5
 2013 04 20 16 17 12.060     2013 04 20 16 20 58.099     226.0
643
 2013 04 20 12 32 27.318     2013 04 20 12 35 30.972     183.7
644
 2013 04 20 07 22 48.107     2013 04 20 07 25 56.491     188.4
 2013 04 20 12 18 54.057     2013 04 20 12 21 42.907     168.8
645
 2013 04 20 06 56 40.057     2013 04 20 06 59 24.379     164.3
 2013 04 20 20 37 27.459     2013 04 20 20 41  2.002     214.5
646
 2013 04 20 08 45 30.321     2013 04 20 08 48 28.098     177.8
 2013 04 20 18 47 57.795     2013 04 20 18 51 27.034     209.2
647
 2013 04 20 00 29 53.782     2013 04 20 00 32 59.396     185.6
 2013 04 20 17 36 49.885     2013 04 20 17 39 40.693     170.8
648
 2013 04 20 01 39 42.581     2013 04 20 01 43   .562     198.0
 2013 04 20 11 43 17.216     2013 04 20 11 45 58.062     160.8
649
 2013 04 20 06 06   .819     2013 04 20 06 07 27.200      86.4
 2013 04 20 21 30 10.358     2013 04 20 21 33 58.283     227.9
650
 2013 04 20 07 04 48.551     2013 04 20 07 08 39.981     231.4
 2013 04 20 18 56  6.748     2013 04 20 18 59 27.184     200.4
651
 2013 04 20 19 32 53.320     2013 04 20 19 35 56.807     183.5
652
 2013 04 20 19 32 53.784     2013 04 20 19 36 43.281     229.5
653
 2013 04 20 06 27 16.101     2013 04 20 06 30 32.770     196.7
654
 2013 04 20 08 39 16.794     2013 04 20 08 42 48.562     211.8
 2013 04 20 20 29  5.872     2013 04 20 20 31 56.423     170.6
655
 2013 04 20 00 06 28.731     2013 04 20 00 09 27.543     178.8
 2013 04 20 10 07  9.970     2013 04 20 10 11   .267     230.3
656
 2013 04 20 12 26 52.730     2013 04 20 12 30 18.607     205.9
657
 2013 04 20 20 21 11.448     2013 04 20 20 24 45.464     214.0
658
659
 2013 04 20 12 03 15.417     2013 04 20 12 06 14.056     178.6
 2013 04 20 18 38 32.157     2013 04 20 18 42 22.323     230.2
660
 2013 04 20 02 15 48.965     2013 04 20 02 18 32.296     163.3
661
 2013 04 20 18 51 51.797     2013 04 20 18 54 33.324     161.5
662
 2013 04 20 18 03 53.166     2013 04 20 18 07 10.517     197.4
663
 2013 04 20 00 28 46.567     2013 04 20 00 31 29.787     163.2
 2013 04 20 19 13 34.529     2013 04 20 19 16 58.612     204.1
664
 2013 04 20 06 22 37.479     2013 04 20 06 25 21.543     164.1
 2013 04 20 16 29 40.684     2013 04 20 16 30 58.664      78.0
665
 2013 04 20 09 28 52.496     2013 04 20 09 31 27.774     155.3
 2013 04 20 21 15 58.392     2013 04 20 21 16 42.442      44.1
666
 2013 04 20 17 22 50.562     2013 04 20 17 26  1.100     190.5
667
668
 2013 04 20 05 39 23.641     2013 04 20 05 42 38.297     194.7
669
 2013 04 20 17 58 10.517     2013 04 20 18 00 51.028     160.5
670
671
672
 2013 04 20 22 12 49.990     2013 04 20 22 13  5.044      15.1
673
 2013 04 20 08 37  6.636     2013 04 20 08 37 50.793      44.2
 2013 04 20 22 09 31.182     2013 04 20 22 12 36.680     185.5
674
 2013 04 20 13 20 45.269     2013 04 20 13 23 24.054     158.8
675
 2013 04 20 21 11 16.303     2013 04 20 21 11 57.836      41.5
676
 2013 04 20 12 53 49.234     2013 04 20 12 56 43.443     174.2
 2013 04 20 17 49 40.071     2013 04 20 17 53  2.935     202.9
677
678
 2013 04 20 23 37 30.420     2013 04 20 23 40  9.135     158.7
679
 2013 04 20 16 48 46.300     2013 04 20 16 51 40.104     173.8
 2013 04 20 23 24 39.201     2013 04 20 23 27 17.402     158.2
680
 2013 04 20 00 41 39.504     2013 04 20 00 42 30.804      51.3
681
 2013 04 20 09 36 16.545     2013 04 20 09 39 40.896     204.4
682
 2013 04 20 10 16 36.477     2013 04 20 10 17  3.492      27.0
 2013 04 20 22 06 29.545     2013 04 20 22 07 17.182      47.6
683
 2013 04 20 12 04 54.854     2013 04 20 12 05 41.831      47.0
 2013 04 20 20 16 19.367     2013 04 20 20 19 31.147     191.8
684
 2013 04 20 01 03 20.313     2013 04 20 01 06 15.851     175.5
 2013 04 20 05 59 14.143     2013 04 20 06 02 35.869     201.7
685
 2013 04 20 04 37 18.881     2013 04 20 04 39 58.289     159.4
 2013 04 20 18 13 46.891     2013 04 20 18 17 13.510     206.6
686
 2013 04 20 08 46 23.545     2013 04 20 08 46 58.185      34.6
687
 2013 04 20 10 23 47.879     2013 04 20 10 26 58.238     190.4
688
 2013 04 20 02 07 45.494     2013 04 20 02 11  9.848     204.4
 2013 04 20 17 31 37.414     2013 04 20 17 34 47.817     190.4
689
 2013 04 20 04 32 33.585     2013 04 20 04 36  4.744     211.2
690
 2013 04 20 03 20 50.568     2013 04 20 03 24 22.905     212.3
 2013 04 20 11 37 22.724     2013 04 20 11 39 23.656     120.9
691
 2013 04 20 01 51  7.392     2013 04 20 01 54 30.459     203.1
 2013 04 20 06 47 26.629     2013 04 20 06 50 20.752     174.1
692
693
 2013 04 20 05 34 19.678     2013 04 20 05 37  8.790     169.1
694
 2013 04 20 09 42 19.217     2013 04 20 09 46 16.839     237.6
 2013 04 20 16 19  7.335     2013 04 20 16 21 50.632     163.3
695
 2013 04 20 18 22  5.513     2013 04 20 18 24 43.528     158.0
696
 2013 04 20 12 47 14.381     2013 04 20 12 50  7.549     173.2
 2013 04 20 21 05 55.391     2013 04 20 21 09 24.959     209.6
697
 2013 04 20 10 28 50.240     2013 04 20 10 31 56.694     186.5
 2013 04 20 17 04  1.472     2013 04 20 17 07 16.362     194.9
698
 2013 04 20 15 17   .546     2013 04 20 15 20 16.205     195.7
 2013 04 20 20 13  1.250     2013 04 20 20 15 38.941     157.7
699
 2013 04 20 08 08  9.273     2013 04 20 08 12  6.148     236.9
 2013 04 20 14 44 13.952     2013 04 20 14 47 23.686     189.7
700
 2013 04 20 04 03 42.900     2013 04 20 04 04 18.897      36.0
701
702
 2013 04 20 07 03 47.916     2013 04 20 07 05 24.075      96.2
 2013 04 20 18 56 59.449     2013 04 20 18 59 37.111     157.7
703
 2013 04 20 08 36 29.336     2013 04 20 08 39 11.989     162.7
704
705
 2013 04 20 02 15  1.135     2013 04 20 02 17 51.338     170.2
 2013 04 20 15 52 16.206     2013 04 20 15 56   .365     224.2
706
 2013 04 20 03 51 38.877     2013 04 20 03 54 17.567     158.7
707
 2013 04 20 05 14 58.536     2013 04 20 05 17 45.186     166.7
 2013 04 20 22 20 47.092     2013 04 20 22 23 33.442     166.4
708
709
 2013 04 20 09 40 52.471     2013 04 20 09 44 49.154     236.7
 2013 04 20 11 18 52.442     2013 04 20 11 19  9.045      16.6
 2013 04 20 16 16  1.025     2013 04 20 16 19 24.123     203.1
710
 2013 04 20 14 20 53.198     2013 04 20 14 23 39.402     166.2
711
 2013 04 20 07 06 17.894     2013 04 20 07 10  3.289     225.4
712
 2013 04 20 00 00   .000     2013 04 20 00 00 57.154      57.2
 2013 04 20 11 50 43.376     2013 04 20 11 53 20.860     157.5
 2013 04 20 23 38 20.167     2013 04 20 23 41 58.384     218.2
713
 2013 04 20 18 58 29.640     2013 04 20 19 01 12.210     162.6
714
 2013 04 20 07 52 40.420     2013 04 20 07 55 31.060     170.6
 2013 04 20 19 42  9.168     2013 04 20 19 44 46.837     157.7
715
716
 2013 04 20 18 41 36.539     2013 04 20 18 44 31.289     174.7
717
 2013 04 20 06 26 34.324     2013 04 20 06 30  2.550     208.2
718
 2013 04 20 09 41 44.260     2013 04 20 09 45  2.709     198.4
 2013 04 20 16 18 24.957     2013 04 20 16 21 28.581     183.6
719
 2013 04 20 03 07 47.219     2013 04 20 03 11 31.310     224.1
 2013 04 20 14 59 28.766     2013 04 20 15 02 36.323     187.6
720
 2013 04 20 00 12  9.400     2013 04 20 00 14 59.842     170.4
 2013 04 20 08 26 11.330     2013 04 20 08 26 43.914      32.6
721
 2013 04 20 04 33 52.391     2013 04 20 04 36 53.619     181.2
 2013 04 20 18 18 52.726     2013 04 20 18 19 49.306      56.6
722
723
 2013 04 20 00 52  2.870     2013 04 20 00 54 43.131     160.3
 2013 04 20 10 54 47.473     2013 04 20 10 57 58.111     190.6
724
 2013 04 20 12 22 12.742     2013 04 20 12 25 55.113     222.4
725
 2013 04 20 11 17 31.493     2013 04 20 11 20 21.019     169.5
 2013 04 20 17 52  6.989     2013 04 20 17 54 53.797     166.8
726
 2013 04 20 04 32 33.418     2013 04 20 04 32 57.297      23.9
727
 2013 04 20 08 05 11.126     2013 04 20 08 08 49.302     218.2
 2013 04 20 16 19 31.436     2013 04 20 16 23  9.700     218.3
728
 2013 04 20 22 59 38.391     2013 04 20 23 00 40.228      61.8
729
 2013 04 20 01 01 15.447     2013 04 20 01 04 16.639     181.2
 2013 04 20 07 37 23.602     2013 04 20 07 40  4.394     160.8
730
 2013 04 20 06 57 35.043     2013 04 20 07 00 19.292     164.2
 2013 04 20 20 36 49.762     2013 04 20 20 39 43.461     173.7
731
 2013 04 20 16 50 14.536     2013 04 20 16 53 34.309     199.8
 2013 04 20 21 46 28.984     2013 04 20 21 47 25.234      56.3
 2013 04 20 23 24 27.759     2013 04 20 23 24 38.693      10.9
732
 2013 04 20 22 49 23.238     2013 04 20 22 52  1.012     157.8
733
 2013 04 20 12 46 13.967     2013 04 20 12 49 10.657     176.7
734
 2013 04 20 06 26 38.072     2013 04 20 06 29 22.780     164.7
735
 2013 04 20 17 18  1.903     2013 04 20 17 20 44.456     162.6
736
737
 2013 04 20 15 32 14.526     2013 04 20 15 34 58.313     163.8
738
 2013 04 20 21 14 12.511     2013 04 20 21 16 55.259     162.7
739
 2013 04 20 11 03 42.559     2013 04 20 11 06 46.971     184.4
 2013 04 20 22 49 55.143     2013 04 20 22 51 23.601      88.5
740
 2013 04 20 07 46 10.552     2013 04 20 07 49  3.289     172.7
 2013 04 20 21 23 29.385     2013 04 20 21 26 17.990     168.6
741
 2013 04 20 03 00  4.791     2013 04 20 03 03 21.731     196.9
 2013 04 20 16 41 27.662     2013 04 20 16 44 12.462     164.8
742
 2013 04 20 05 46 48.895     2013 04 20 05 49 54.044     185.1
 2013 04 20 12 21 22.898     2013 04 20 12 24 57.620     214.7
743
 2013 04 20 04 11 35.954     2013 04 20 04 12 16.230      40.3
 2013 04 20 12 22 26.384     2013 04 20 12 25 56.257     209.9
744
 2013 04 20 03 45 29.900     2013 04 20 03 47 19.981     110.1
745
 2013 04 20 05 44 58.985     2013 04 20 05 45 20.243      21.3
 2013 04 20 13 57 43.270     2013 04 20 14 00 38.473     175.2
746
747
 2013 04 20 06 21 44.902     2013 04 20 06 25 18.227     213.3
748
749
 2013 04 20 07 59 22.983     2013 04 20 08 02 12.530     169.5
 2013 04 20 18 00 41.079     2013 04 20 18 03 20.193     159.1
750
751
 2013 04 20 21 21 55.371     2013 04 20 21 24 32.550     157.2
752
 2013 04 20 14 05  7.210     2013 04 20 14 05 24.694      17.5
753
 2013 04 20 00 38 59.064     2013 04 20 00 41 51.101     172.0
 2013 04 20 14 18 38.427     2013 04 20 14 21 16.219     157.8
754
 2013 04 20 20 32 13.931     2013 04 20 20 34 58.309     164.4
755
756
757
 2013 04 20 06 26 56.261     2013 04 20 06 29 44.496     168.2
758
 2013 04 20 04 11  8.791     2013 04 20 04 13 55.605     166.8
 2013 04 20 10 45 51.863     2013 04 20 10 48 30.544     158.7
759
 2013 04 20 02 11 24.606     2013 04 20 02 14 51.413     206.8
 2013 04 20 15 57 17.576     2013 04 20 15 58  2.647      45.1
760
 2013 04 20 02 05 57.706     2013 04 20 02 09  2.320     184.6
 2013 04 20 19 10  2.016     2013 04 20 19 13 34.639     212.6
761
 2013 04 20 16 28 53.489     2013 04 20 16 32  6.686     193.2
762
763
 2013 04 20 00 00 20.081     2013 04 20 00 02 55.331     155.3
 2013 04 20 11 47 43.496     2013 04 20 11 49 13.528      90.0
 2013 04 20 23 41 21.399     2013 04 20 23 43 56.697     155.3
764
 2013 04 20 13 32  1.650     2013 04 20 13 34 44.217     162.6
 2013 04 20 23 32  4.252     2013 04 20 23 35 47.714     223.5
765
 2013 04 20 03 15 57.919     2013 04 20 03 17  3.640      65.7
766
 2013 04 20 00 08 51.441     2013 04 20 00 12 44.009     232.6
 2013 04 20 08 28 53.878     2013 04 20 08 32 12.020     198.1
767
 2013 04 20 14 14  7.951     2013 04 20 14 17  1.600     173.6
768
 2013 04 20 01 26 59.873     2013 04 20 01 29 37.007     157.1
 2013 04 20 15 05 27.185     2013 04 20 15 08 16.008     168.8
769
 2013 04 20 12 41 10.380     2013 04 20 12 44 40.929     210.5
 2013 04 20 22 46 47.560     2013 04 20 22 50 21.007     213.4
770
 2013 04 20 03 08 27.768     2013 04 20 03 12  6.443     218.7
 2013 04 20 14 57  9.882     2013 04 20 14 59 47.811     157.9
771
 2013 04 20 04 46 22.819     2013 04 20 04 49 34.346     191.5
772
 2013 04 20 00 53 25.452     2013 04 20 00 54  9.959      44.5
773
 2013 04 20 13 34 41.462     2013 04 20 13 38 34.805     233.3
 2013 04 20 21 51 29.429     2013 04 20 21 54 40.751     191.3
774
 2013 04 20 05 22 51.102     2013 04 20 05 25 58.371     187.3
 2013 04 20 19 01 35.507     2013 04 20 19 04 29.683     174.2
775
 2013 04 20 03 41  6.586     2013 04 20 03 44  7.529     180.9
 2013 04 20 20 44 33.958     2013 04 20 20 45 20.025      46.1
776
 2013 04 20 00 16 24.632     2013 04 20 00 20 10.816     226.2
 2013 04 20 05 13  3.935     2013 04 20 05 15 54.395     170.5
 2013 04 20 22 22 45.050     2013 04 20 22 23 19.492      34.4
777
 2013 04 20 22 01 13.313     2013 04 20 22 04 16.593     183.3
778
 2013 04 20 04 31  7.540     2013 04 20 04 33 59.261     171.7
 2013 04 20 19 54 14.556     2013 04 20 19 56 55.457     160.9
779
 2013 04 20 08 36 21.715     2013 04 20 08 40 10.385     228.7
780
 2013 04 20 13 27 16.732     2013 04 20 13 30 42.983     206.3
781
782
 2013 04 20 01 39 10.596     2013 04 20 01 39 45.068      34.5
783
 2013 04 20 04 33  9.930     2013 04 20 04 34 13.269      63.3
 2013 04 20 19 53 29.357     2013 04 20 19 56  9.477     160.1
784
 2013 04 20 06 32 18.215     2013 04 20 06 36 12.449     234.2
 2013 04 20 13 09 30.139     2013 04 20 13 12 18.927     168.8
785
 2013 04 20 00 56 55.159     2013 04 20 01 00 19.563     204.4
 2013 04 20 09 16  5.405     2013 04 20 09 18 57.169     171.8
786
 2013 04 20 18 01 22.966     2013 04 20 18 01 58.412      35.4
787
 2013 04 20 03 50 26.638     2013 04 20 03 54 19.693     233.1
788
 2013 04 20 06 03 13.287     2013 04 20 06 07  2.679     229.4
789
 2013 04 20 04 53 58.797     2013 04 20 04 56 37.813     159.0
 2013 04 20 13 11 41.185     2013 04 20 13 14 57.155     196.0
790
 2013 04 20 04 24 40.748     2013 04 20 04 28 11.051     210.3
 2013 04 20 23 09 29.626     2013 04 20 23 12 43.475     193.8
791
 2013 04 20 14 26  5.304     2013 04 20 14 28 56.243     170.9
 2013 04 20 21 01 19.903     2013 04 20 21 04 19.010     179.1
792
 2013 04 20 17 30 12.283     2013 04 20 17 32 58.866     166.6
793
 2013 04 20 01 02 50.742     2013 04 20 01 06 16.058     205.3
 2013 04 20 05 59 10.090     2013 04 20 05 59 39.125      29.0
 2013 04 20 07 37 11.502     2013 04 20 07 37 26.040      14.5
794
 2013 04 20 01 25 12.276     2013 04 20 01 25 33.804      21.5
 2013 04 20 15 07 11.678     2013 04 20 15 09 49.377     157.7
795
796
 2013 04 20 06 27 18.338     2013 04 20 06 27 26.441       8.1
 2013 04 20 14 47 59.824     2013 04 20 14 51 35.940     216.1
797
 2013 04 20 18 44 58.744     2013 04 20 18 48  8.975     190.2
798
 2013 04 20 02 07 46.869     2013 04 20 02 10 41.190     174.3
 2013 04 20 17 33  8.926     2013 04 20 17 36 16.506     187.6
799
 2013 04 20 20 20  2.509     2013 04 20 20 23 31.510     209.0
800
 2013 04 20 11 59 46.570     2013 04 20 12 02 24.457     157.9
 2013 04 20 20 20 50.352     2013 04 20 20 21 53.022      62.7
801
 2013 04 20 08 34  2.216     2013 04 20 08 37 54.433     232.2
802
 2013 04 20 01 39 46.256     2013 04 20 01 42 26.836     160.6
 2013 04 20 11 42 45.005     2013 04 20 11 45 27.741     162.7
803
 2013 04 20 10 57 12.892     2013 04 20 11 00 41.446     208.6
804
 2013 04 20 02 05 39.157     2013 04 20 02 08 23.860     164.7
 2013 04 20 19 10 43.335     2013 04 20 19 13 38.142     174.8
805
806
807
 2013 04 20 22 49 36.393     2013 04 20 22 52 14.940     158.5
808
 2013 04 20 13 40 49.832     2013 04 20 13 44 12.742     202.9
 2013 04 20 18 37  8.168     2013 04 20 18 40 58.954     230.8
809
 2013 04 20 14 14 54.541     2013 04 20 14 17 32.176     157.6
810
 2013 04 20 00 47 21.901     2013 04 20 00 50 11.369     169.5
 2013 04 20 12 35  5.472     2013 04 20 12 38 18.725     193.3
811
 2013 04 20 06 07 18.301     2013 04 20 06 11   .251     221.9
812
 2013 04 20 04 54 12.611     2013 04 20 04 57 59.220     226.6
 2013 04 20 13 10 39.499     2013 04 20 13 13 24.847     165.3
813
 2013 04 20 22 38  6.937     2013 04 20 22 41 51.036     224.1
814
 2013 04 20 21 13 37.981     2013 04 20 21 16 21.522     163.5
815
 2013 04 20 14 19 29.925     2013 04 20 14 22 44.055     194.1
816
817
818
 2013 04 20 08 56  6.358     2013 04 20 08 59  5.592     179.2
 2013 04 20 10 33 45.457     2013 04 20 10 34 12.884      27.4
 2013 04 20 13 51 16.593     2013 04 20 13 55   .773     224.2
 2013 04 20 15 29 31.150     2013 04 20 15 33   .888     209.7
819
 2013 04 20 01 37 57.566     2013 04 20 01 41 15.043     197.5
 2013 04 20 11 43 24.301     2013 04 20 11 44 25.053      60.8
820
 2013 04 20 06 27 40.181     2013 04 20 06 31 13.761     213.6
 2013 04 20 14 47 27.958     2013 04 20 14 51 13.436     225.5
821
 2013 04 20 11 10 57.857     2013 04 20 11 14 28.142     210.3
822
 2013 04 20 18 10 50.467     2013 04 20 18 13 52.574     182.1
823
 2013 04 20 00 43 56.370     2013 04 20 00 47 21.160     204.8
824
 2013 04 20 14 49  1.058     2013 04 20 14 52 32.154     211.1
825
 2013 04 20 11 05 14.435     2013 04 20 11 08 13.228     178.8
826
 2013 04 20 17 18 24.313     2013 04 20 17 21 37.155     192.8
827
 2013 04 20 01 02 58.701     2013 04 20 01 05 45.564     166.9
 2013 04 20 05 58 38.846     2013 04 20 06 02 29.695     230.8
 2013 04 20 07 36 40.864     2013 04 20 07 37 43.231      62.4
828
 2013 04 20 02 14 43.683     2013 04 20 02 17 22.468     158.8
 2013 04 20 15 52 22.284     2013 04 20 15 55 24.406     182.1
829
 2013 04 20 04 43 10.032     2013 04 20 04 45 57.554     167.5
 2013 04 20 16 33 33.097     2013 04 20 16 36 26.269     173.2
830
 2013 04 20 00 09 56.805     2013 04 20 00 10 28.747      31.9
 2013 04 20 08 29  6.516     2013 04 20 08 31 53.068     166.6
831
 2013 04 20 18 12 30.215     2013 04 20 18 15 19.737     169.5
832
 2013 04 20 15 13 46.020     2013 04 20 15 16 57.428     191.4
 2013 04 20 21 50  8.220     2013 04 20 21 52 50.121     161.9
833
 2013 04 20 07 07 31.687     2013 04 20 07 10  9.637     157.9
834
 2013 04 20 11 35  2.961     2013 04 20 11 35 38.417      35.5
835
 2013 04 20 03 20 23.937     2013 04 20 03 23  5.440     161.5
 2013 04 20 11 36 52.609     2013 04 20 11 39 37.021     164.4
836
 2013 04 20 15 09 38.438     2013 04 20 15 12 32.227     173.8
 2013 04 20 23 26 55.792     2013 04 20 23 30 18.358     202.6
837
838
839
 2013 04 20 22 54 33.912     2013 04 20 22 57 44.921     191.0
840
 2013 04 20 07 05 50.454     2013 04 20 07 08 45.148     174.7
 2013 04 20 18 54 21.576     2013 04 20 18 57  9.494     167.9
841
 2013 04 20 11 49 58.762     2013 04 20 11 53 34.438     215.7
 2013 04 20 23 39 16.490     2013 04 20 23 39 17.849       1.4
842
 2013 04 20 01 15 43.588     2013 04 20 01 18 59.292     195.7
 2013 04 20 20 00  8.791     2013 04 20 20 03 47.218     218.4
843
 2013 04 20 09 34 39.040     2013 04 20 09 37 17.541     158.5
 2013 04 20 19 35 24.864     2013 04 20 19 38 20.986     176.1
844
 2013 04 20 09 29 50.519     2013 04 20 09 33 38.000     227.5
845
 2013 04 20 07 11 31.951     2013 04 20 07 15 21.787     229.8
 2013 04 20 17 12 32.461     2013 04 20 17 15 12.319     159.9
846
 2013 04 20 12 01 43.036     2013 04 20 12 02 44.350      61.3
847
 2013 04 20 05 43 44.260     2013 04 20 05 46 22.943     158.7
 2013 04 20 13 58 12.431     2013 04 20 13 58 58.079      45.6
848
 2013 04 20 12 04 27.928     2013 04 20 12 07 15.644     167.7
 2013 04 20 18 39 28.298     2013 04 20 18 42  7.296     159.0
849
 2013 04 20 02 52 48.257     2013 04 20 02 55 40.756     172.5
 2013 04 20 19 57 52.695     2013 04 20 20 00 39.936     167.2
850
 2013 04 20 12 47 10.733     2013 04 20 12 48 14.960      64.2
 2013 04 20 22 43 16.217     2013 04 20 22 46 24.962     188.7
851
 2013 04 20 09 35 38.194     2013 04 20 09 39 26.963     228.8
 2013 04 20 19 33  4.052     2013 04 20 19 33 33.441      29.4
852
853
 2013 04 20 00 07 47.979     2013 04 20 00 11 17.153     209.2
854
 2013 04 20 11 12 25.522     2013 04 20 11 15  5.118     159.6
 2013 04 20 19 30 18.188     2013 04 20 19 31 17.907      59.7
855
 2013 04 20 04 42  5.082     2013 04 20 04 45 23.315     198.2
 2013 04 20 16 34 31.041     2013 04 20 16 37  8.686     157.6
856
 2013 04 20 13 15   .204     2013 04 20 13 17 47.135     166.9
857
 2013 04 20 10 58 50.306     2013 04 20 11 01 57.003     186.7
858
 2013 04 20 08 40 46.767     2013 04 20 08 43 48.996     182.2
 2013 04 20 20 29 36.107     2013 04 20 20 30 51.954      75.8
859
 2013 04 20 10 12 24.779     2013 04 20 10 15  7.681     162.9
860
861
 2013 04 20 15 31 31.770     2013 04 20 15 32 37.764      66.0
862
 2013 04 20 12 32 15.227     2013 04 20 12 35  7.249     172.0
863
 2013 04 20 08 53  5.315     2013 04 20 08 56  3.610     178.3
 2013 04 20 17 07 11.476     2013 04 20 17 08 23.815      72.3
864
 2013 04 20 07 16 58.699     2013 04 20 07 17 20.479      21.8
 2013 04 20 15 32 29.504     2013 04 20 15 35 13.982     164.5
865
 2013 04 20 03 48 43.900     2013 04 20 03 52 34.323     230.4
 2013 04 20 17 28  4.767     2013 04 20 17 31 37.274     212.5
866
 2013 04 20 15 36 51.655     2013 04 20 15 36 52.587        .9
867
 2013 04 20 03 16 30.320     2013 04 20 03 16 41.356      11.0
868
 2013 04 20 15 42   .229     2013 04 20 15 44 41.668     161.4
869
 2013 04 20 09 33 45.428     2013 04 20 09 35  1.470      76.0
870
 2013 04 20 11 02  6.576     2013 04 20 11 04 41.638     155.1
 2013 04 20 22 52 13.302     2013 04 20 22 54 53.922     160.6
871
 2013 04 20 08 02 58.690     2013 04 20 08 06 19.478     200.8
 2013 04 20 16 20  8.382     2013 04 20 16 23 47.370     219.0
872
 2013 04 20 00 55 11.472     2013 04 20 00 58 49.544     218.1
873
 2013 04 20 03 06  4.893     2013 04 20 03 06 46.271      41.4
 2013 04 20 16 37 25.111     2013 04 20 16 41 14.306     229.2
874
 2013 04 20 08 30  4.813     2013 04 20 08 33 47.797     223.0
875
 2013 04 20 08 52   .796     2013 04 20 08 53 38.795      98.0
 2013 04 20 17 09 25.787     2013 04 20 17 13  2.451     216.7
876
 2013 04 20 08 54 36.516     2013 04 20 08 57 28.692     172.2
 2013 04 20 15 30 43.253     2013 04 20 15 33 41.733     178.5
877
878
 2013 04 20 23 01 22.915     2013 04 20 23 04 11.264     168.3
879
 2013 04 20 14 54 37.875     2013 04 20 14 57 54.423     196.5
880
 2013 04 20 17 11 26.997     2013 04 20 17 14 54.090     207.1
881
 2013 04 20 01 26 26.232     2013 04 20 01 27  5.338      39.1
 2013 04 20 15 04  6.143     2013 04 20 15 06 43.576     157.4
882
 2013 04 20 15 56   .032     2013 04 20 15 58 52.222     172.2
883
 2013 04 20 07 16 39.222     2013 04 20 07 19 39.188     180.0
 2013 04 20 15 34 43.322     2013 04 20 15 37 19.497     156.2
884
 2013 04 20 21 07 10.747     2013 04 20 21 10 39.574     208.8
885
 2013 04 20 06 03 47.195     2013 04 20 06 07 18.391     211.2
 2013 04 20 21 30 26.600     2013 04 20 21 34  4.732     218.1
886
887
 2013 04 20 16 49 29.122     2013 04 20 16 52  8.112     159.0
 2013 04 20 23 23 58.064     2013 04 20 23 26 49.795     171.7
888
 2013 04 20 07 42 20.761     2013 04 20 07 45 45.823     205.1
889
 2013 04 20 06 11 16.683     2013 04 20 06 14 41.578     204.9
 2013 04 20 19 48 19.549     2013 04 20 19 51  4.131     164.6
890
 2013 04 20 11 05 49.958     2013 04 20 11 08 59.308     189.3
891
 2013 04 20 03 54  6.249     2013 04 20 03 57 20.502     194.3
 2013 04 20 15 47 17.046     2013 04 20 15 50  4.885     167.8
892
 2013 04 20 06 24 49.195     2013 04 20 06 27 45.548     176.4
 2013 04 20 16 25 43.138     2013 04 20 16 28 24.484     161.3
893
 2013 04 20 07 00 53.124     2013 04 20 07 01  6.731      13.6
 2013 04 20 20 35 20.564     2013 04 20 20 38 50.907     210.3
894
 2013 04 20 16 23 39.370     2013 04 20 16 27 18.271     218.9
895
 2013 04 20 21 55 27.714     2013 04 20 21 58 31.934     184.2
896
 2013 04 20 09 26  7.991     2013 04 20 09 26 25.219      17.2
 2013 04 20 21 16 14.162     2013 04 20 21 19 30.956     196.8
897
 2013 04 20 04 26  4.097     2013 04 20 04 29  2.923     178.8
 2013 04 20 21 32   .815     2013 04 20 21 35 26.132     205.3
898
 2013 04 20 20 16  3.828     2013 04 20 20 19 19.366     195.5
899
 2013 04 20 00 39 39.794     2013 04 20 00 42 20.811     161.0
 2013 04 20 14 17 40.814     2013 04 20 14 20 23.481     162.7
900
 2013 04 20 04 34 27.878     2013 04 20 04 38 13.705     225.8
 2013 04 20 18 16 33.724     2013 04 20 18 19 17.192     163.5
901
 2013 04 20 13 35 38.615     2013 04 20 13 39   .483     201.9
 2013 04 20 21 53 53.293     2013 04 20 21 56 32.453     159.2
902
 2013 04 20 07 10  1.606     2013 04 20 07 13  4.026     182.4
903
 2013 04 20 04 28 47.657     2013 04 20 04 31 32.711     165.1
 2013 04 20 21 32 57.461     2013 04 20 21 33 10.994      13.5
904
 2013 04 20 04 07 19.116     2013 04 20 04 10 22.963     183.8
 2013 04 20 12 23 50.220     2013 04 20 12 26 27.567     157.3
905
 2013 04 20 00 03 36.729     2013 04 20 00 04  9.610      32.9
 2013 04 20 11 46 23.535     2013 04 20 11 49 48.700     205.2
 2013 04 20 23 44 38.945     2013 04 20 23 45 11.111      32.2
906
 2013 04 20 11 51 45.224     2013 04 20 11 55 31.361     226.1
907
 2013 04 20 10 31 38.233     2013 04 20 10 35 20.365     222.1
 2013 04 20 15 28 17.008     2013 04 20 15 31 39.699     202.7
908
 2013 04 20 19 04 36.010     2013 04 20 19 07 25.286     169.3
909
 2013 04 20 00 59   .921     2013 04 20 01 02 32.765     211.8
 2013 04 20 09 13 15.144     2013 04 20 09 16 53.470     218.3
910
 2013 04 20 05 41 57.105     2013 04 20 05 45  5.971     188.9
 2013 04 20 14 00  5.659     2013 04 20 14 02 42.114     156.5
911
 2013 04 20 12 32 36.495     2013 04 20 12 36 17.468     221.0
912
 2013 04 20 06 30 19.010     2013 04 20 06 33 16.727     177.7
 2013 04 20 14 45 38.780     2013 04 20 14 48 48.061     189.3
913
 2013 04 20 05 44 37.141     2013 04 20 05 47 15.876     158.7
 2013 04 20 12 20 11.255     2013 04 20 12 23 54.906     223.7
914
 2013 04 20 07 20 36.855     2013 04 20 07 23 38.229     181.4
 2013 04 20 13 55  2.764     2013 04 20 13 57 45.688     162.9
915
 2013 04 20 07 18 38.006     2013 04 20 07 22  6.685     208.7
916
 2013 04 20 09 38  8.929     2013 04 20 09 41 42.190     213.3
 2013 04 20 17 54 57.017     2013 04 20 17 57 57.779     180.8
917
 2013 04 20 09 26  9.870     2013 04 20 09 29 24.830     195.0
 2013 04 20 21 18 45.716     2013 04 20 21 21 22.703     157.0
918
 2013 04 20 05 39  5.394     2013 04 20 05 42 28.375     203.0
919
 2013 04 20 02 26 14.304     2013 04 20 02 29 54.480     220.2
 2013 04 20 12 31  9.414     2013 04 20 12 33 49.318     159.9
920
 2013 04 20 23 01 44.654     2013 04 20 23 05 24.526     219.9
921
 2013 04 20 04 33 17.713     2013 04 20 04 36  4.456     166.7
922
 2013 04 20 07 08  6.500     2013 04 20 07 10 53.082     166.6
923
 2013 04 20 13 30 18.023     2013 04 20 13 32 57.214     159.2
 2013 04 20 23 32 44.538     2013 04 20 23 35 33.504     169.0
924
 2013 04 20 18 53  9.121     2013 04 20 18 55 48.435     159.3
925
 2013 04 20 23 25 57.511     2013 04 20 23 28 34.515     157.0
926
927
 2013 04 20 08 49  3.783     2013 04 20 08 52  6.232     182.4
928
 2013 04 20 08 08 52.959     2013 04 20 08 11 53.633     180.7
 2013 04 20 14 43 21.755     2013 04 20 14 46 59.111     217.4
929
 2013 04 20 02 28 59.395     2013 04 20 02 32 50.588     231.2
 2013 04 20 12 27  9.804     2013 04 20 12 30 46.945     217.1
930
 2013 04 20 01 17  2.339     2013 04 20 01 19 58.700     176.4
 2013 04 20 18 22 53.355     2013 04 20 18 25 48.721     175.4
931
 2013 04 20 08 53 29.234     2013 04 20 08 54 19.162      49.9
 2013 04 20 15 31  6.406     2013 04 20 15 34 56.111     229.7
932
933
 2013 04 20 08 38 39.854     2013 04 20 08 42  8.132     208.3
 2013 04 20 20 29  8.888     2013 04 20 20 32 35.937     207.0
934
 2013 04 20 00 54   .720     2013 04 20 00 57 31.758     211.0
 2013 04 20 10 52 59.712     2013 04 20 10 56 13.768     194.1
935
 2013 04 20 00 31 11.255     2013 04 20 00 33 12.824     121.6
 2013 04 20 17 37 12.736     2013 04 20 17 41   .809     228.1
936
 2013 04 20 23 34 20.627     2013 04 20 23 34 26.231       5.6
937
 2013 04 20 04 55 10.526     2013 04 20 04 58 38.276     207.7
 2013 04 20 13 12 27.876     2013 04 20 13 15 47.316     199.4
938
 2013 04 20 21 27 18.652     2013 04 20 21 30 38.647     200.0
939
 2013 04 20 07 41 33.923     2013 04 20 07 44 54.345     200.4
 2013 04 20 23 02 26.113     2013 04 20 23 03 57.072      91.0
940
 2013 04 20 15 12 43.802     2013 04 20 15 15 32.261     168.5
 2013 04 20 21 48  5.397     2013 04 20 21 48 20.040      14.6
941
 2013 04 20 01 26 51.141     2013 04 20 01 27 32.863      41.7
 2013 04 20 15 05 43.750     2013 04 20 15 06 17.816      34.1
942
 2013 04 20 10 52 42.802     2013 04 20 10 55 56.681     193.9
943
944
 2013 04 20 02 54 54.985     2013 04 20 02 57 57.407     182.4
 2013 04 20 18 19  7.798     2013 04 20 18 22 43.924     216.1
945
 2013 04 20 07 01  8.839     2013 04 20 07 03 57.936     169.1
946
 2013 04 20 05 35 23.929     2013 04 20 05 39  4.015     220.1
 2013 04 20 15 41 50.512     2013 04 20 15 41 57.730       7.2
947
 2013 04 20 12 50 47.214     2013 04 20 12 54 15.719     208.5
 2013 04 20 19 25 55.097     2013 04 20 19 29  5.679     190.6
948
949
 2013 04 20 06 14 33.181     2013 04 20 06 17 16.018     162.8
950
 2013 04 20 16 35 14.753     2013 04 20 16 37 57.688     162.9
951
 2013 04 20 14 55 44.116     2013 04 20 14 58 44.619     180.5
952
 2013 04 20 08 48 33.585     2013 04 20 08 51 25.882     172.3
953
 2013 04 20 13 31 28.469     2013 04 20 13 35  9.670     221.2
 2013 04 20 23 32 40.869     2013 04 20 23 32 51.094      10.2
954
 2013 04 20 12 47   .927     2013 04 20 12 50  6.461     185.5
 2013 04 20 21 04 23.939     2013 04 20 21 04 48.161      24.2
955
 2013 04 20 04 54 45.595     2013 04 20 04 55  8.064      22.5
 2013 04 20 13 10 23.022     2013 04 20 13 13  9.936     166.9
956
 2013 04 20 01 00 52.461     2013 04 20 01 03 51.184     178.7
 2013 04 20 07 37  8.941     2013 04 20 07 40  8.656     179.7
957
 2013 04 20 06 52 50.933     2013 04 20 06 55 36.082     165.1
 2013 04 20 22 16 38.328     2013 04 20 22 19 18.310     160.0
958
 2013 04 20 04 44 31.827     2013 04 20 04 47 18.270     166.4
 2013 04 20 16 31 35.514     2013 04 20 16 35 16.840     221.3
959
 2013 04 20 10 16 39.167     2013 04 20 10 19 53.711     194.5
960
 2013 04 20 07 38 42.845     2013 04 20 07 42  5.210     202.4
 2013 04 20 23 06  3.479     2013 04 20 23 06 56.520      53.0
961
 2013 04 20 01 41 20.562     2013 04 20 01 42 34.264      73.7
 2013 04 20 11 43 38.997     2013 04 20 11 44 46.629      67.6
962
 2013 04 20 17 10 25.420     2013 04 20 17 13 18.961     173.5
963
964
 2013 04 20 09 15 58.711     2013 04 20 09 18  5.590     126.9
965
 2013 04 20 20 26 57.732     2013 04 20 20 29 44.411     166.7
966
 2013 04 20 06 25 43.526     2013 04 20 06 29 10.877     207.4
967
 2013 04 20 08 43  9.869     2013 04 20 08 46 21.179     191.3
968
 2013 04 20 13 21 43.611     2013 04 20 13 24 40.670     177.1
969
 2013 04 20 11 02 25.576     2013 04 20 11 05  1.939     156.4
 2013 04 20 22 52  3.281     2013 04 20 22 54 57.763     174.5
970
 2013 04 20 08 06 24.872     2013 04 20 08 09 39.474     194.6
 2013 04 20 14 41 38.656     2013 04 20 14 45 13.711     215.1
971
 2013 04 20 17 18 29.453     2013 04 20 17 21  4.381     154.9
972
 2013 04 20 01 35 56.091     2013 04 20 01 38 31.735     155.6
973
974
975
 2013 04 20 22 42 19.490     2013 04 20 22 45 45.817     206.3
976
 2013 04 20 12 42  9.187     2013 04 20 12 44 45.583     156.4
 2013 04 20 22 45 32.958     2013 04 20 22 49  5.706     212.7
977
 2013 04 20 09 18 39.499     2013 04 20 09 21 43.802     184.3
 2013 04 20 23 00 11.667     2013 04 20 23 03 24.527     192.9
978
 2013 04 20 03 04 48.579     2013 04 20 03 07 27.438     158.9
979
 2013 04 20 12 27 47.076     2013 04 20 12 30 33.558     166.5
980
 2013 04 20 02 04  6.185     2013 04 20 02 06 59.544     173.4
 2013 04 20 19 10 55.863     2013 04 20 19 14 26.978     211.1
 2013 04 20 20 48 52.937     2013 04 20 20 52 47.923     235.0
981
 2013 04 20 03 11 16.346     2013 04 20 03 11 36.105      19.8
982
 2013 04 20 03 12 19.350     2013 04 20 03 15 53.977     214.6
983
 2013 04 20 09 37 21.385     2013 04 20 09 40   .015     158.6
984
 2013 04 20 07 20 45.974     2013 04 20 07 23 25.086     159.1
 2013 04 20 13 55 51.090     2013 04 20 13 58 30.195     159.1
985
 2013 04 20 08 56  2.855     2013 04 20 08 58 43.254     160.4
 2013 04 20 15 30  6.736     2013 04 20 15 33 14.688     188.0
986
 2013 04 20 11 18 19.918     2013 04 20 11 21  1.055     161.1
 2013 04 20 16 13 38.628     2013 04 20 16 13 44.712       6.1
 2013 04 20 17 52 12.824     2013 04 20 17 55 41.621     208.8
987
988
 2013 04 20 14 24 12.465     2013 04 20 14 27 36.737     204.3
 2013 04 20 22 40 17.435     2013 04 20 22 40 55.721      38.3
989
 2013 04 20 07 22 21.039     2013 04 20 07 25 43.898     202.9
 2013 04 20 12 18 42.735     2013 04 20 12 21 55.924     193.2
990
 2013 04 20 03 11 22.239     2013 04 20 03 15  3.626     221.4
991
 2013 04 20 04 12 22.691     2013 04 20 04 16  3.201     220.5
 2013 04 20 09 08 56.933     2013 04 20 09 12 47.138     230.2
992
 2013 04 20 00 01 19.939     2013 04 20 00 01 56.439      36.5
 2013 04 20 23 42 21.397     2013 04 20 23 42 58.960      37.6
993
 2013 04 20 01 18 17.521     2013 04 20 01 20 54.697     157.2
 2013 04 20 18 23 37.260     2013 04 20 18 26 26.207     168.9
994
 2013 04 20 00 54 53.784     2013 04 20 00 58 35.748     222.0
995
996
 2013 04 20 15 13 42.444     2013 04 20 15 14  9.628      27.2
 2013 04 20 23 26 12.640     2013 04 20 23 28 51.017     158.4
997
 2013 04 20 13 20 40.684     2013 04 20 13 23 19.864     159.2
998
 2013 04 20 02 05 15.023     2013 04 20 02 08 33.908     198.9
 2013 04 20 19 10  6.142     2013 04 20 19 12 58.647     172.5
999
 2013 04 20 05 25 45.177     2013 04 20 05 29 22.114     216.9
