s2
0
 2013 04 20 02 37 41.425     2013 04 20 02 40 47.353     185.9
 2013 04 20 14 26   .749     2013 04 20 14 29 33.063     212.3
1
 2013 04 20 10 31 39.673     2013 04 20 10 34 21.874     162.2
2
 2013 04 20 02 22 53.953     2013 04 20 02 25 42.129     168.2
3
 2013 04 20 06 44   .913     2013 04 20 06 47 20.071     199.2
 2013 04 20 15 02 23.213     2013 04 20 15 05 32.144     188.9
4
 2013 04 20 08 01 41.242     2013 04 20 08 04 21.945     160.7
 2013 04 20 21 37 59.951     2013 04 20 21 40 38.528     158.6
5
 2013 04 20 17 37 47.098     2013 04 20 17 41 27.130     220.0
6
 2013 04 20 12 47 34.875     2013 04 20 12 51 19.903     225.0
7
 2013 04 20 01 56 52.487     2013 04 20 02 00 35.432     222.9
 2013 04 20 11 57 46.305     2013 04 20 12 01 27.684     221.4
8
 2013 04 20 07 16  8.807     2013 04 20 07 19  2.883     174.1
9
 2013 04 20 15 04 48.502     2013 04 20 15 07 22.297     153.8
10
 2013 04 20 07 59 41.511     2013 04 20 08 02 48.196     186.7
 2013 04 20 21 41  5.104     2013 04 20 21 41 38.176      33.1
11
12
 2013 04 20 06 32 37.506     2013 04 20 06 35 11.464     154.0
 2013 04 20 18 22 54.223     2013 04 20 18 25 51.270     177.0
13
 2013 04 20 06 00  3.220     2013 04 20 06 03 14.406     191.2
 2013 04 20 12 39 28.993     2013 04 20 12 40  7.271      38.3
14
 2013 04 20 01 52 26.820     2013 04 20 01 53   .997      34.2
 2013 04 20 13 37 20.119     2013 04 20 13 40 24.211     184.1
15
 2013 04 20 16 57  7.513     2013 04 20 17 00  7.229     179.7
16
 2013 04 20 06 22 32.732     2013 04 20 06 22 53.479      20.7
17
 2013 04 20 09 49 55.487     2013 04 20 09 53 12.102     196.6
 2013 04 20 19 50 27.184     2013 04 20 19 53 55.852     208.7
18
 2013 04 20 02 45 59.455     2013 04 20 02 48 41.052     161.6
19
 2013 04 20 04 47 48.512     2013 04 20 04 47 51.928       3.4
 2013 04 20 21 45 18.189     2013 04 20 21 49  6.631     228.4
20
 2013 04 20 13 04 10.451     2013 04 20 13 07 26.483     196.0
 2013 04 20 21 20 12.453     2013 04 20 21 23 30.935     198.5
21
 2013 04 20 22 52 30.924     2013 04 20 22 55 23.910     173.0
22
 2013 04 20 21 33 44.221     2013 04 20 21 36 17.154     152.9
23
 2013 04 20 03 35 51.095     2013 04 20 03 38 34.288     163.2
 2013 04 20 11 52 48.368     2013 04 20 11 55 27.275     158.9
24
 2013 04 20 08 54 49.955     2013 04 20 08 58 16.182     206.2
 2013 04 20 20 43 21.774     2013 04 20 20 46 13.845     172.1
25
26
 2013 04 20 01 56 33.782     2013 04 20 01 57 20.816      47.0
27
 2013 04 20 20 00 12.680     2013 04 20 20 02 45.731     153.1
28
 2013 04 20 03 36 29.378     2013 04 20 03 40  9.186     219.8
 2013 04 20 11 50 57.309     2013 04 20 11 53 46.348     169.0
29
 2013 04 20 07 18 31.540     2013 04 20 07 21 13.644     162.1
30
 2013 04 20 20 53 57.450     2013 04 20 20 56 45.121     167.7
31
 2013 04 20 04 04 39.991     2013 04 20 04 08  2.642     202.7
 2013 04 20 17 42 50.292     2013 04 20 17 45 46.434     176.1
32
 2013 04 20 01 43 49.827     2013 04 20 01 44 33.681      43.9
33
 2013 04 20 04 23 32.458     2013 04 20 04 26 31.334     178.9
 2013 04 20 12 38 57.589     2013 04 20 12 41 34.472     156.9
34
35
 2013 04 20 02 51  3.047     2013 04 20 02 51  5.079       2.0
 2013 04 20 11 07 14.437     2013 04 20 11 07 13.807       -.6
36
 2013 04 20 10 26  3.884     2013 04 20 10 29  3.052     179.2
37
 2013 04 20 21 30 23.852     2013 04 20 21 31 27.399      63.5
38
 2013 04 20 02 38 16.000     2013 04 20 02 40 55.337     159.3
 2013 04 20 14 24 57.531     2013 04 20 14 28  6.182     188.7
39
40
 2013 04 20 00 21 12.892     2013 04 20 00 23 47.908     155.0
 2013 04 20 10 23 12.479     2013 04 20 10 26  8.477     176.0
41
 2013 04 20 19 54 23.441     2013 04 20 19 56 58.201     154.8
42
 2013 04 20 08 21  9.817     2013 04 20 08 23 45.729     155.9
 2013 04 20 16 35 19.227     2013 04 20 16 38 53.405     214.2
43
 2013 04 20 01 33 32.032     2013 04 20 01 36 43.926     191.9
 2013 04 20 18 37 14.278     2013 04 20 18 39 55.098     160.8
44
 2013 04 20 03 21 49.525     2013 04 20 03 24 23.366     153.8
45
 2013 04 20 15 56 11.196     2013 04 20 15 59 50.545     219.3
46
 2013 04 20 12 11  4.897     2013 04 20 12 13 58.811     173.9
 2013 04 20 22 12 48.088     2013 04 20 22 15 25.161     157.1
47
 2013 04 20 09 37 33.971     2013 04 20 09 41 21.173     227.2
 2013 04 20 23 10  7.400     2013 04 20 23 10 16.538       9.1
48
 2013 04 20 14 42 16.411     2013 04 20 14 44 54.779     158.4
 2013 04 20 21 16   .855     2013 04 20 21 18 49.928     169.1
49
 2013 04 20 17 48 44.881     2013 04 20 17 51 56.648     191.8
50
 2013 04 20 04 25 50.161     2013 04 20 04 28 27.719     157.6
 2013 04 20 11 00 54.375     2013 04 20 11 04 44.020     229.6
51
 2013 04 20 05 53 36.934     2013 04 20 05 56 25.555     168.6
 2013 04 20 15 53 50.793     2013 04 20 15 57   .275     189.5
52
 2013 04 20 02 33 10.567     2013 04 20 02 35 48.758     158.2
53
 2013 04 20 05 03 36.736     2013 04 20 05 06 38.376     181.6
54
 2013 04 20 03 22 11.574     2013 04 20 03 22 16.491       4.9
 2013 04 20 16 52 43.170     2013 04 20 16 55 30.815     167.6
55
 2013 04 20 05 03  7.641     2013 04 20 05 06 20.129     192.5
56
 2013 04 20 17 36 45.094     2013 04 20 17 36 51.502       6.4
57
 2013 04 20 03 22 59.749     2013 04 20 03 25 36.281     156.5
 2013 04 20 15 13 56.723     2013 04 20 15 17 16.948     200.2
58
 2013 04 20 18 24 52.712     2013 04 20 18 27 25.590     152.9
59
 2013 04 20 09 09 12.908     2013 04 20 09 11 54.039     161.1
60
 2013 04 20 01 51  9.182     2013 04 20 01 51 27.691      18.5
61
62
 2013 04 20 05 35 51.340     2013 04 20 05 38 48.917     177.6
63
 2013 04 20 10 26 32.582     2013 04 20 10 29  5.415     152.8
64
 2013 04 20 15 21 23.936     2013 04 20 15 25  3.416     219.5
65
 2013 04 20 01 59 59.312     2013 04 20 02 03  9.421     190.1
66
 2013 04 20 21 26 52.434     2013 04 20 21 30 26.994     214.6
67
 2013 04 20 03 11 55.546     2013 04 20 03 13 19.068      83.5
 2013 04 20 18 35 45.347     2013 04 20 18 38 32.796     167.4
68
 2013 04 20 07 33 13.594     2013 04 20 07 35 49.723     156.1
 2013 04 20 15 48 37.217     2013 04 20 15 51 28.931     171.7
69
 2013 04 20 05 49 36.760     2013 04 20 05 52 13.093     156.3
70
 2013 04 20 07 08 38.431     2013 04 20 07 12  2.498     204.1
 2013 04 20 22 31 53.216     2013 04 20 22 34 39.165     165.9
71
 2013 04 20 10 41   .738     2013 04 20 10 44 10.106     189.4
 2013 04 20 18 57  1.883     2013 04 20 19 00   .941     179.1
72
 2013 04 20 09 38  6.560     2013 04 20 09 40 53.099     166.5
73
 2013 04 20 06 20 47.778     2013 04 20 06 23 27.464     159.7
 2013 04 20 21 43 22.797     2013 04 20 21 46 23.295     180.5
74
 2013 04 20 00 03 22.809     2013 04 20 00 06  3.745     160.9
 2013 04 20 15 25  5.062     2013 04 20 15 27 41.722     156.7
 2013 04 20 23 41 48.374     2013 04 20 23 44 33.335     165.0
75
76
77
 2013 04 20 04 11 55.581     2013 04 20 04 15 25.370     209.8
 2013 04 20 16 00 53.674     2013 04 20 16 04 28.865     215.2
78
 2013 04 20 11 34  7.742     2013 04 20 11 37 12.362     184.6
 2013 04 20 16 29 39.854     2013 04 20 16 33 18.998     219.1
79
 2013 04 20 00 13 26.724     2013 04 20 00 16 59.231     212.5
 2013 04 20 12 05 53.261     2013 04 20 12 08 39.498     166.2
80
 2013 04 20 05 35 52.190     2013 04 20 05 39 15.607     203.4
81
 2013 04 20 04 10 24.299     2013 04 20 04 12 35.987     131.7
 2013 04 20 16 02 14.600     2013 04 20 16 04 48.933     154.3
82
 2013 04 20 05 51 44.165     2013 04 20 05 55  4.599     200.4
 2013 04 20 15 55 10.307     2013 04 20 15 57 52.695     162.4
83
 2013 04 20 11 17 21.093     2013 04 20 11 20 23.665     182.6
 2013 04 20 23 05 25.164     2013 04 20 23 07 58.183     153.0
84
 2013 04 20 12 14 19.592     2013 04 20 12 18   .778     221.2
 2013 04 20 20 33 24.235     2013 04 20 20 37 11.225     227.0
85
 2013 04 20 03 25 47.907     2013 04 20 03 28 21.436     153.5
 2013 04 20 15 12 14.505     2013 04 20 15 15 48.915     214.4
86
 2013 04 20 01 30 25.182     2013 04 20 01 33 55.123     209.9
 2013 04 20 03 08  1.417     2013 04 20 03 08 44.626      43.2
 2013 04 20 20 14  3.901     2013 04 20 20 16 43.421     159.5
87
 2013 04 20 13 29 19.052     2013 04 20 13 31 53.086     154.0
88
 2013 04 20 18 20 23.077     2013 04 20 18 22 56.206     153.1
89
 2013 04 20 01 20 23.401     2013 04 20 01 23 27.879     184.5
 2013 04 20 06 15 51.629     2013 04 20 06 18 33.121     161.5
90
91
 2013 04 20 17 38  2.381     2013 04 20 17 40 37.169     154.8
92
 2013 04 20 22 07 52.755     2013 04 20 22 08 22.474      29.7
93
 2013 04 20 05 32 49.175     2013 04 20 05 33 27.403      38.2
 2013 04 20 20 54 53.700     2013 04 20 20 58 14.999     201.3
94
 2013 04 20 03 12 49.961     2013 04 20 03 15 32.972     163.0
 2013 04 20 18 34 40.348     2013 04 20 18 37 33.558     173.2
95
 2013 04 20 06 38 45.786     2013 04 20 06 41 20.665     154.9
 2013 04 20 16 41 20.900     2013 04 20 16 41 33.415      12.5
96
 2013 04 20 02 24 26.558     2013 04 20 02 27 24.322     177.8
 2013 04 20 17 48   .365     2013 04 20 17 50 41.010     160.6
97
 2013 04 20 02 22 28.965     2013 04 20 02 25  6.720     157.8
 2013 04 20 19 25 22.155     2013 04 20 19 28 45.402     203.2
98
 2013 04 20 05 09  8.904     2013 04 20 05 11 46.394     157.5
99
100
 2013 04 20 00 45 46.966     2013 04 20 00 45 52.507       5.5
 2013 04 20 17 49 26.184     2013 04 20 17 52  6.288     160.1
101
 2013 04 20 03 15  9.039     2013 04 20 03 18 16.687     187.6
102
 2013 04 20 13 55 12.565     2013 04 20 13 55 23.704      11.1
 2013 04 20 22 05 10.093     2013 04 20 22 08 14.656     184.6
103
 2013 04 20 09 33 43.336     2013 04 20 09 36 53.324     190.0
 2013 04 20 23 14  6.423     2013 04 20 23 17 47.823     221.4
104
 2013 04 20 02 04 50.735     2013 04 20 02 05  2.530      11.8
 2013 04 20 10 16 17.755     2013 04 20 10 18 58.006     160.3
105
 2013 04 20 13 01 26.149     2013 04 20 13 01 43.818      17.7
 2013 04 20 22 57 53.554     2013 04 20 23 00 59.516     186.0
106
 2013 04 20 21 36 20.889     2013 04 20 21 39 48.308     207.4
107
 2013 04 20 03 41 35.883     2013 04 20 03 45 11.243     215.4
 2013 04 20 08 37 38.966     2013 04 20 08 40 47.521     188.6
108
109
110
 2013 04 20 19 53 19.932     2013 04 20 19 56  6.633     166.7
111
 2013 04 20 02 32 26.274     2013 04 20 02 34 59.932     153.7
112
113
 2013 04 20 16 50 49.276     2013 04 20 16 54 20.527     211.3
114
 2013 04 20 14 42 44.077     2013 04 20 14 46  2.818     198.7
 2013 04 20 21 16 49.396     2013 04 20 21 20 27.120     217.7
115
 2013 04 20 02 36  4.503     2013 04 20 02 36 16.331      11.8
116
 2013 04 20 06 17  7.358     2013 04 20 06 19 54.374     167.0
 2013 04 20 23 21  9.729     2013 04 20 23 24  8.580     178.9
117
118
 2013 04 20 15 28 18.250     2013 04 20 15 28 52.887      34.6
 2013 04 20 22 04 54.083     2013 04 20 22 07 33.524     159.4
119
120
 2013 04 20 04 23 19.310     2013 04 20 04 27  7.493     228.2
 2013 04 20 12 38 19.158     2013 04 20 12 40 57.182     158.0
121
 2013 04 20 14 37 51.468     2013 04 20 14 41 17.833     206.4
 2013 04 20 22 53 19.857     2013 04 20 22 55 56.412     156.6
122
 2013 04 20 12 59 58.444     2013 04 20 13 03 33.072     214.6
123
 2013 04 20 05 35 50.682     2013 04 20 05 38 33.220     162.5
124
 2013 04 20 02 21 47.007     2013 04 20 02 25 18.012     211.0
 2013 04 20 19 26 25.989     2013 04 20 19 29 22.213     176.2
125
126
 2013 04 20 09 53 30.686     2013 04 20 09 56  5.752     155.1
 2013 04 20 18 10 27.220     2013 04 20 18 13 51.687     204.5
127
 2013 04 20 05 57 33.786     2013 04 20 05 58 30.622      56.8
 2013 04 20 14 15 31.035     2013 04 20 14 18 15.528     164.5
128
 2013 04 20 03 58 21.862     2013 04 20 04 01  5.720     163.9
 2013 04 20 19 22  1.741     2013 04 20 19 25 33.513     211.8
129
 2013 04 20 05 51 20.572     2013 04 20 05 53 55.291     154.7
 2013 04 20 15 57 13.046     2013 04 20 15 58  2.474      49.4
130
 2013 04 20 01 02  5.439     2013 04 20 01 05 36.034     210.6
 2013 04 20 12 50 26.402     2013 04 20 12 53 13.263     166.9
131
 2013 04 20 03 10 55.840     2013 04 20 03 11 49.360      53.5
 2013 04 20 18 33   .083     2013 04 20 18 36 23.894     203.8
132
 2013 04 20 09 04 14.453     2013 04 20 09 04 38.451      24.0
 2013 04 20 19 01 20.466     2013 04 20 19 01 23.829       3.4
133
 2013 04 20 07 33  3.402     2013 04 20 07 36 11.580     188.2
 2013 04 20 15 49 14.643     2013 04 20 15 52 20.780     186.1
134
 2013 04 20 07 06 52.639     2013 04 20 07 09 33.823     161.2
135
 2013 04 20 13 05 24.943     2013 04 20 13 09 15.000     230.1
 2013 04 20 19 39 50.544     2013 04 20 19 43 18.047     207.5
136
137
 2013 04 20 01 17 31.687     2013 04 20 01 20 44.806     193.1
 2013 04 20 07 51 32.362     2013 04 20 07 54 10.065     157.7
138
 2013 04 20 20 49 24.613     2013 04 20 20 52 42.644     198.0
139
 2013 04 20 14 35 11.948     2013 04 20 14 37 56.240     164.3
140
 2013 04 20 23 10 32.945     2013 04 20 23 13 25.256     172.3
141
 2013 04 20 02 41 18.879     2013 04 20 02 45  2.484     223.6
142
 2013 04 20 21 34 22.573     2013 04 20 21 37  2.412     159.8
143
 2013 04 20 01 10 51.871     2013 04 20 01 14  1.685     189.8
 2013 04 20 11 08  2.930     2013 04 20 11 11 50.832     227.9
144
 2013 04 20 12 48 13.612     2013 04 20 12 51 46.120     212.5
145
 2013 04 20 22 57 17.730     2013 04 20 23 00  1.773     164.0
146
147
 2013 04 20 02 17 41.974     2013 04 20 02 21 30.962     229.0
 2013 04 20 03 55 39.494     2013 04 20 03 59 26.637     227.1
 2013 04 20 21 01 16.314     2013 04 20 21 03 52.777     156.5
148
 2013 04 20 01 38 34.522     2013 04 20 01 41 16.404     161.9
 2013 04 20 16 59 16.390     2013 04 20 17 02 19.938     183.5
149
 2013 04 20 03 08 41.133     2013 04 20 03 11 41.533     180.4
 2013 04 20 20 13 22.464     2013 04 20 20 15 59.664     157.2
150
 2013 04 20 15 30 38.184     2013 04 20 15 33 32.145     174.0
 2013 04 20 20 25 58.981     2013 04 20 20 29 31.499     212.5
151
 2013 04 20 02 36   .276     2013 04 20 02 38 33.142     152.9
 2013 04 20 14 26 24.935     2013 04 20 14 29 36.018     191.1
152
 2013 04 20 05 44 43.732     2013 04 20 05 45 26.655      42.9
 2013 04 20 17 37   .519     2013 04 20 17 39 34.499     154.0
153
 2013 04 20 00 03 39.267     2013 04 20 00 07 10.383     211.1
 2013 04 20 15 23 59.609     2013 04 20 15 26 57.222     177.6
 2013 04 20 23 42  1.214     2013 04 20 23 45 42.906     221.7
154
 2013 04 20 10 39 58.064     2013 04 20 10 42 38.975     160.9
155
 2013 04 20 00 00   .000     2013 04 20 00 02  6.750     126.8
 2013 04 20 17 03 51.655     2013 04 20 17 06 31.599     159.9
 2013 04 20 23 37 51.910     2013 04 20 23 40 33.542     161.6
156
 2013 04 20 01 09  3.285     2013 04 20 01 11 37.704     154.4
 2013 04 20 11 10 22.934     2013 04 20 11 12 59.639     156.7
157
 2013 04 20 05 09 58.591     2013 04 20 05 12 59.731     181.1
 2013 04 20 13 26  7.053     2013 04 20 13 29 11.635     184.6
158
 2013 04 20 03 11 17.457     2013 04 20 03 13 54.122     156.7
 2013 04 20 18 34 21.192     2013 04 20 18 37 47.270     206.1
159
 2013 04 20 10 40 30.547     2013 04 20 10 43 11.690     161.1
 2013 04 20 18 57 58.926     2013 04 20 19 01 38.491     219.6
160
 2013 04 20 05 04 44.187     2013 04 20 05 07 30.261     166.1
 2013 04 20 15 06  9.511     2013 04 20 15 09 31.017     201.5
161
 2013 04 20 09 53 45.109     2013 04 20 09 57 20.488     215.4
 2013 04 20 18 09 28.926     2013 04 20 18 12 17.058     168.1
162
 2013 04 20 01 12 47.448     2013 04 20 01 15 38.897     171.4
 2013 04 20 09 33 39.115     2013 04 20 09 33 41.144       2.0
163
 2013 04 20 19 19 28.563     2013 04 20 19 22 33.034     184.5
164
 2013 04 20 16 37 24.485     2013 04 20 16 37 52.204      27.7
165
166
 2013 04 20 08 21 32.432     2013 04 20 08 24 27.697     175.3
167
 2013 04 20 03 35 58.543     2013 04 20 03 38 33.843     155.3
 2013 04 20 11 52 27.425     2013 04 20 11 55  6.578     159.2
168
 2013 04 20 04 50 37.393     2013 04 20 04 53 12.890     155.5
 2013 04 20 18 29 18.663     2013 04 20 18 29 36.298      17.6
169
 2013 04 20 04 16 13.479     2013 04 20 04 17 22.277      68.8
 2013 04 20 14 21  1.607     2013 04 20 14 24  7.907     186.3
170
 2013 04 20 21 41 24.584     2013 04 20 21 44 47.210     202.6
171
 2013 04 20 02 48 23.357     2013 04 20 02 51 46.216     202.9
 2013 04 20 11 06  7.136     2013 04 20 11 08 43.180     156.0
172
 2013 04 20 02 36 39.906     2013 04 20 02 37 44.105      64.2
173
174
 2013 04 20 09 40 49.002     2013 04 20 09 43 23.139     154.1
 2013 04 20 21 35 52.551     2013 04 20 21 35 56.773       4.2
175
176
 2013 04 20 05 11 42.307     2013 04 20 05 11 47.023       4.7
177
 2013 04 20 20 35 32.247     2013 04 20 20 35 39.322       7.1
178
 2013 04 20 13 54 41.905     2013 04 20 13 58 30.489     228.6
 2013 04 20 20 30  7.123     2013 04 20 20 33  5.190     178.1
179
180
 2013 04 20 04 09 41.718     2013 04 20 04 10 16.652      34.9
 2013 04 20 16 02 38.800     2013 04 20 16 05 16.834     158.0
181
 2013 04 20 11 17 15.451     2013 04 20 11 20  1.664     166.2
 2013 04 20 23 06 38.116     2013 04 20 23 09 17.472     159.4
182
 2013 04 20 13 32  3.825     2013 04 20 13 32 15.962      12.1
183
 2013 04 20 18 35 48.666     2013 04 20 18 39  2.341     193.7
184
 2013 04 20 01 48 55.842     2013 04 20 01 52 26.284     210.4
 2013 04 20 13 40  5.095     2013 04 20 13 42 40.423     155.3
185
 2013 04 20 04 20 29.250     2013 04 20 04 24 14.174     224.9
186
 2013 04 20 02 03 23.085     2013 04 20 02 06 40.752     197.7
 2013 04 20 08 41 16.054     2013 04 20 08 41 54.726      38.7
187
 2013 04 20 02 03 12.346     2013 04 20 02 05 50.756     158.4
 2013 04 20 10 16 57.726     2013 04 20 10 17   .361       2.6
188
 2013 04 20 22 20 43.507     2013 04 20 22 23 26.458     163.0
189
 2013 04 20 01 55 12.686     2013 04 20 01 58 15.370     182.7
 2013 04 20 11 58 29.178     2013 04 20 12 01 28.015     178.8
190
 2013 04 20 06 46 27.713     2013 04 20 06 49 28.525     180.8
 2013 04 20 15 00  8.282     2013 04 20 15 03 39.113     210.8
191
 2013 04 20 15 51 17.083     2013 04 20 15 54 33.920     196.8
192
 2013 04 20 19 13 14.802     2013 04 20 19 16 18.970     184.2
193
 2013 04 20 05 44 34.426     2013 04 20 05 47 56.004     201.6
 2013 04 20 17 38  8.267     2013 04 20 17 38 21.864      13.6
194
 2013 04 20 06 45   .361     2013 04 20 06 47 51.530     171.2
 2013 04 20 15 00 58.176     2013 04 20 15 03 40.420     162.2
195
 2013 04 20 04 18 53.588     2013 04 20 04 22 10.732     197.1
 2013 04 20 14 19 28.569     2013 04 20 14 22 57.954     209.4
196
 2013 04 20 16 15 26.064     2013 04 20 16 18  3.170     157.1
 2013 04 20 22 50 13.146     2013 04 20 22 53 30.809     197.7
197
198
 2013 04 20 14 40 49.113     2013 04 20 14 41 57.561      68.4
 2013 04 20 21 17 26.398     2013 04 20 21 20 14.131     167.7
199
 2013 04 20 02 37   .687     2013 04 20 02 39 42.843     162.2
 2013 04 20 14 25 46.419     2013 04 20 14 28 22.360     155.9
200
 2013 04 20 08 50 35.576     2013 04 20 08 53 11.640     156.1
201
 2013 04 20 04 12  5.774     2013 04 20 04 15 48.744     223.0
 2013 04 20 15 59  3.951     2013 04 20 16 01 40.546     156.6
202
 2013 04 20 01 07 20.515     2013 04 20 01 09 58.538     158.0
203
 2013 04 20 05 37 15.891     2013 04 20 05 40 35.461     199.6
 2013 04 20 19 17 53.702     2013 04 20 19 21 25.184     211.5
204
 2013 04 20 11 29 40.563     2013 04 20 11 32 17.960     157.4
 2013 04 20 19 45 10.913     2013 04 20 19 48  3.143     172.2
205
 2013 04 20 13 52 33.139     2013 04 20 13 53 43.744      70.6
 2013 04 20 20 33  1.277     2013 04 20 20 33 30.474      29.2
206
 2013 04 20 03 21 37.599     2013 04 20 03 22 17.190      39.6
 2013 04 20 15 15 25.604     2013 04 20 15 18 40.667     195.1
207
 2013 04 20 13 28 48.918     2013 04 20 13 31 58.331     189.4
208
 2013 04 20 18 20  3.721     2013 04 20 18 23 46.545     222.8
209
 2013 04 20 07 57 22.667     2013 04 20 07 57 59.894      37.2
210
211
 2013 04 20 16 18 39.571     2013 04 20 16 21 33.887     174.3
 2013 04 20 21 14   .402     2013 04 20 21 16 45.912     165.5
212
 2013 04 20 07 29 34.231     2013 04 20 07 32 29.895     175.7
213
 2013 04 20 00 45 35.811     2013 04 20 00 48 45.312     189.5
 2013 04 20 17 49 34.722     2013 04 20 17 52 54.445     199.7
214
 2013 04 20 05 49 28.673     2013 04 20 05 52  4.613     155.9
215
 2013 04 20 04 17 21.983     2013 04 20 04 19 57.521     155.5
 2013 04 20 14 19 39.491     2013 04 20 14 22 51.142     191.7
216
 2013 04 20 21 34 35.596     2013 04 20 21 37 48.609     193.0
217
 2013 04 20 11 24  6.707     2013 04 20 11 27 52.834     226.1
 2013 04 20 21 25 22.902     2013 04 20 21 28 52.748     209.8
218
 2013 04 20 09 58 54.172     2013 04 20 10 01 39.814     165.6
 2013 04 20 14 53 32.315     2013 04 20 14 53 51.505      19.2
 2013 04 20 16 31 53.841     2013 04 20 16 35 12.015     198.2
219
220
 2013 04 20 00 06  3.250     2013 04 20 00 08 39.966     156.7
 2013 04 20 23 44 31.448     2013 04 20 23 47  7.057     155.6
221
222
 2013 04 20 04 45 23.840     2013 04 20 04 48 26.632     182.8
 2013 04 20 20 09 35.367     2013 04 20 20 13 11.125     215.8
223
 2013 04 20 04 09 40.713     2013 04 20 04 13 24.663     224.0
 2013 04 20 16 02 29.336     2013 04 20 16 05 16.377     167.0
224
225
 2013 04 20 22 29 19.285     2013 04 20 22 32 14.328     175.0
226
227
 2013 04 20 13 50 46.981     2013 04 20 13 54  7.366     200.4
 2013 04 20 22 06  5.339     2013 04 20 22 08 42.156     156.8
228
 2013 04 20 05 40 42.653     2013 04 20 05 43 37.449     174.8
229
 2013 04 20 11 15 30.450     2013 04 20 11 18  4.666     154.2
 2013 04 20 23 09 50.265     2013 04 20 23 10 21.835      31.6
230
 2013 04 20 00 16 43.413     2013 04 20 00 20 13.383     210.0
 2013 04 20 12 01 53.712     2013 04 20 12 05 18.285     204.6
231
 2013 04 20 12 57 51.677     2013 04 20 12 58 31.668      40.0
 2013 04 20 23 00 42.952     2013 04 20 23 03 32.859     169.9
232
 2013 04 20 00 08 42.278     2013 04 20 00 11 40.202     177.9
 2013 04 20 13 44 50.949     2013 04 20 13 47 26.246     155.3
233
 2013 04 20 09 02 29.190     2013 04 20 09 05 23.953     174.8
 2013 04 20 19 03 15.933     2013 04 20 19 06 15.036     179.1
234
 2013 04 20 08 01  9.962     2013 04 20 08 03 45.525     155.6
 2013 04 20 21 38 28.421     2013 04 20 21 41  2.898     154.5
235
 2013 04 20 13 47 19.261     2013 04 20 13 47 25.339       6.1
236
 2013 04 20 06 00 29.523     2013 04 20 06 03 56.831     207.3
 2013 04 20 12 36 42.862     2013 04 20 12 39 57.366     194.5
237
 2013 04 20 02 38  1.151     2013 04 20 02 41 25.307     204.2
 2013 04 20 14 24 23.267     2013 04 20 14 27 15.592     172.3
238
 2013 04 20 09 38  5.850     2013 04 20 09 40 45.069     159.2
239
 2013 04 20 14 22 25.634     2013 04 20 14 25 15.467     169.8
240
 2013 04 20 00 10 50.684     2013 04 20 00 13 33.724     163.0
241
 2013 04 20 03 40  2.658     2013 04 20 03 42 46.430     163.8
 2013 04 20 10 14 38.803     2013 04 20 10 17 17.543     158.7
242
 2013 04 20 04 56 16.330     2013 04 20 04 59 20.547     184.2
243
 2013 04 20 15 15 54.785     2013 04 20 15 18 29.144     154.4
244
 2013 04 20 14 22 57.921     2013 04 20 14 25 54.340     176.4
245
 2013 04 20 20 47 58.562     2013 04 20 20 50 32.374     153.8
246
 2013 04 20 00 10  9.548     2013 04 20 00 13 23.474     193.9
 2013 04 20 13 43 13.815     2013 04 20 13 43 43.226      29.4
247
 2013 04 20 14 35 35.965     2013 04 20 14 38 34.225     178.3
248
 2013 04 20 09 05 55.927     2013 04 20 09 09 17.139     201.2
 2013 04 20 17 22  6.602     2013 04 20 17 25 38.770     212.2
249
 2013 04 20 08 20 57.976     2013 04 20 08 23 35.486     157.5
 2013 04 20 16 35 43.050     2013 04 20 16 39  5.656     202.6
250
 2013 04 20 03 39 50.174     2013 04 20 03 42 59.665     189.5
 2013 04 20 05 17 21.068     2013 04 20 05 17 20.439       -.6
 2013 04 20 10 13 25.566     2013 04 20 10 16  9.975     164.4
251
 2013 04 20 01 02 33.546     2013 04 20 01 05 32.948     179.4
 2013 04 20 12 50 47.921     2013 04 20 12 53 22.707     154.8
252
 2013 04 20 03 35 28.662     2013 04 20 03 38  6.973     158.3
 2013 04 20 11 52 33.682     2013 04 20 11 55 34.088     180.4
253
 2013 04 20 06 19 38.669     2013 04 20 06 22 45.343     186.7
254
 2013 04 20 12 01 26.434     2013 04 20 12 04 20.421     174.0
255
 2013 04 20 07 26 16.547     2013 04 20 07 26 51.213      34.7
 2013 04 20 17 30  6.009     2013 04 20 17 32 40.953     154.9
256
 2013 04 20 02 49 37.033     2013 04 20 02 53   .787     203.8
 2013 04 20 11 03 37.436     2013 04 20 11 06 48.570     191.1
257
 2013 04 20 00 00 25.126     2013 04 20 00 03  2.948     157.8
 2013 04 20 17 03 16.768     2013 04 20 17 06 26.771     190.0
 2013 04 20 23 38 52.196     2013 04 20 23 41 31.410     159.2
258
 2013 04 20 13 56 47.992     2013 04 20 13 59 30.351     162.4
 2013 04 20 18 51 51.708     2013 04 20 18 54 37.027     165.3
259
 2013 04 20 13 01 42.903     2013 04 20 13 04 18.093     155.2
260
 2013 04 20 09 33 31.211     2013 04 20 09 37 15.145     223.9
261
 2013 04 20 09 49 27.207     2013 04 20 09 52  2.723     155.5
 2013 04 20 19 50 30.095     2013 04 20 19 53  3.527     153.4
262
 2013 04 20 10 31 31.818     2013 04 20 10 31 37.264       5.4
263
 2013 04 20 10 43 40.769     2013 04 20 10 43 50.713       9.9
 2013 04 20 12 21 36.528     2013 04 20 12 22 19.450      42.9
 2013 04 20 17 18  3.994     2013 04 20 17 21 14.666     190.7
264
 2013 04 20 22 56 26.415     2013 04 20 22 56 47.795      21.4
265
 2013 04 20 00 10 59.419     2013 04 20 00 14 15.255     195.8
266
 2013 04 20 17 38 26.457     2013 04 20 17 41 21.668     175.2
267
 2013 04 20 04 54 45.628     2013 04 20 04 58 11.552     205.9
268
269
 2013 04 20 21 21 17.795     2013 04 20 21 23 59.428     161.6
270
 2013 04 20 08 12 49.057     2013 04 20 08 16  8.094     199.0
271
272
 2013 04 20 01 04  9.355     2013 04 20 01 07 20.627     191.3
 2013 04 20 12 49 17.935     2013 04 20 12 52 53.915     216.0
273
274
 2013 04 20 22 21  6.858     2013 04 20 22 23 41.155     154.3
275
 2013 04 20 11 20 15.994     2013 04 20 11 22 50.398     154.4
276
277
 2013 04 20 13 56 16.709     2013 04 20 13 58 54.283     157.6
 2013 04 20 18 51  9.523     2013 04 20 18 54 15.009     185.5
278
279
 2013 04 20 00 19 45.632     2013 04 20 00 22 22.723     157.1
280
 2013 04 20 20 34 41.011     2013 04 20 20 37 30.097     169.1
281
 2013 04 20 04 11 59.275     2013 04 20 04 15 37.463     218.2
 2013 04 20 16 00 47.669     2013 04 20 16 02 29.127     101.5
282
 2013 04 20 02 28 31.392     2013 04 20 02 31  6.207     154.8
 2013 04 20 16 11 31.367     2013 04 20 16 11 33.868       2.5
283
 2013 04 20 00 54 37.925     2013 04 20 00 57 38.123     180.2
 2013 04 20 14 33 58.127     2013 04 20 14 36 41.514     163.4
284
 2013 04 20 04 51 12.472     2013 04 20 04 53 47.763     155.3
 2013 04 20 18 29 37.795     2013 04 20 18 32 39.428     181.6
285
 2013 04 20 09 06 35.700     2013 04 20 09 09 24.088     168.4
 2013 04 20 17 23 52.941     2013 04 20 17 26 39.728     166.8
286
287
288
 2013 04 20 06 00 47.351     2013 04 20 06 02 29.915     102.6
 2013 04 20 12 37 18.690     2013 04 20 12 40  3.413     164.7
289
 2013 04 20 02 00 16.344     2013 04 20 02 02 59.090     162.7
 2013 04 20 10 20 18.548     2013 04 20 10 20 59.541      41.0
290
 2013 04 20 08 45 28.028     2013 04 20 08 48 26.945     178.9
291
292
 2013 04 20 04 56 35.956     2013 04 20 04 59 10.458     154.5
293
 2013 04 20 00 52   .142     2013 04 20 00 54 40.563     160.4
294
 2013 04 20 07 09 21.560     2013 04 20 07 12 19.914     178.4
 2013 04 20 22 31 14.010     2013 04 20 22 34 26.915     192.9
295
 2013 04 20 18 25 52.449     2013 04 20 18 29  4.823     192.4
296
 2013 04 20 07 08 22.445     2013 04 20 07 12  8.272     225.8
 2013 04 20 22 32  9.217     2013 04 20 22 34 53.464     164.2
297
 2013 04 20 07 57  8.166     2013 04 20 07 59 48.526     160.4
 2013 04 20 23 17 22.313     2013 04 20 23 20 46.963     204.6
298
299
 2013 04 20 19 53 58.736     2013 04 20 19 57 11.277     192.5
300
 2013 04 20 03 39 27.673     2013 04 20 03 42 49.191     201.5
 2013 04 20 05 17  5.576     2013 04 20 05 17 24.228      18.7
 2013 04 20 10 13 18.150     2013 04 20 10 15 55.250     157.1
301
 2013 04 20 07 14 39.620     2013 04 20 07 17 13.278     153.7
 2013 04 20 20 50 54.214     2013 04 20 20 53 50.768     176.6
302
303
304
 2013 04 20 01 13 56.222     2013 04 20 01 14 26.929      30.7
 2013 04 20 09 31 47.280     2013 04 20 09 34 38.546     171.3
305
 2013 04 20 14 39  5.152     2013 04 20 14 42 32.451     207.3
 2013 04 20 22 52 41.862     2013 04 20 22 56  6.828     205.0
306
 2013 04 20 20 53 19.211     2013 04 20 20 55 54.322     155.1
307
308
 2013 04 20 06 19 46.417     2013 04 20 06 22 41.326     174.9
 2013 04 20 21 47 10.758     2013 04 20 21 47 53.819      43.1
309
 2013 04 20 06 36 39.353     2013 04 20 06 37 28.612      49.3
310
 2013 04 20 13 07 22.391     2013 04 20 13 10  8.964     166.6
 2013 04 20 19 42  8.223     2013 04 20 19 44 45.170     156.9
311
312
 2013 04 20 10 15 10.040     2013 04 20 10 18 47.490     217.5
313
 2013 04 20 04 43 58.509     2013 04 20 04 46 48.351     169.8
 2013 04 20 21 46 36.583     2013 04 20 21 49 45.543     189.0
314
 2013 04 20 15 16 24.519     2013 04 20 15 18 58.633     154.1
315
 2013 04 20 02 35 22.681     2013 04 20 02 38 33.045     190.4
 2013 04 20 14 27 28.355     2013 04 20 14 30 27.027     178.7
316
317
 2013 04 20 17 01 31.720     2013 04 20 17 04 32.196     180.5
318
 2013 04 20 09 46  7.080     2013 04 20 09 49 27.579     200.5
319
 2013 04 20 02 27 47.125     2013 04 20 02 30 24.988     157.9
320
 2013 04 20 12 20 45.762     2013 04 20 12 23 27.388     161.6
 2013 04 20 18 54 29.600     2013 04 20 18 57 41.470     191.9
321
 2013 04 20 13 36 50.935     2013 04 20 13 39 26.345     155.4
322
 2013 04 20 05 49 32.867     2013 04 20 05 50   .031      27.2
323
 2013 04 20 07 36 12.274     2013 04 20 07 39  3.055     170.8
 2013 04 20 14 11 11.447     2013 04 20 14 13 48.883     157.4
324
 2013 04 20 10 24  5.692     2013 04 20 10 27 36.421     210.7
325
 2013 04 20 02 30 21.733     2013 04 20 02 31  4.639      42.9
326
 2013 04 20 00 21 38.915     2013 04 20 00 22 14.537      35.6
327
 2013 04 20 10 36 23.930     2013 04 20 10 39 39.769     195.8
 2013 04 20 20 36 40.890     2013 04 20 20 39 23.157     162.3
328
329
 2013 04 20 12 55 56.915     2013 04 20 12 59 40.364     223.4
330
 2013 04 20 19 19 39.019     2013 04 20 19 22 56.859     197.8
331
 2013 04 20 09 53 24.303     2013 04 20 09 57 11.288     227.0
 2013 04 20 18 11 59.158     2013 04 20 18 14 38.607     159.4
332
 2013 04 20 21 27 42.665     2013 04 20 21 31  9.131     206.5
333
 2013 04 20 07 32 18.261     2013 04 20 07 35  1.129     162.9
 2013 04 20 15 48 26.314     2013 04 20 15 51 10.328     164.0
334
 2013 04 20 16 14  4.145     2013 04 20 16 17 24.038     199.9
335
 2013 04 20 04 53 54.796     2013 04 20 04 56 41.615     166.8
 2013 04 20 18 27 24.017     2013 04 20 18 27 48.758      24.7
336
 2013 04 20 00 31 37.736     2013 04 20 00 34 30.872     173.1
 2013 04 20 07 05 24.693     2013 04 20 07 08 49.982     205.3
337
 2013 04 20 00 58 13.481     2013 04 20 01 00 50.012     156.5
338
 2013 04 20 05 40 20.480     2013 04 20 05 42 56.267     155.8
 2013 04 20 19 15 52.283     2013 04 20 19 18 55.993     183.7
339
 2013 04 20 07 53 35.362     2013 04 20 07 57 14.610     219.2
340
 2013 04 20 12 56 52.215     2013 04 20 12 59 32.813     160.6
341
 2013 04 20 16 18 36.489     2013 04 20 16 21 47.198     190.7
 2013 04 20 21 14 14.731     2013 04 20 21 17  1.596     166.9
342
 2013 04 20 09 01  7.063     2013 04 20 09 01 12.941       5.9
 2013 04 20 19 04 32.175     2013 04 20 19 07 16.599     164.4
343
 2013 04 20 10 31  9.747     2013 04 20 10 32 37.225      87.5
 2013 04 20 22 17 36.869     2013 04 20 22 21  3.407     206.5
344
 2013 04 20 09 35 19.928     2013 04 20 09 38 55.394     215.5
 2013 04 20 23 11 56.796     2013 04 20 23 14 40.809     164.0
345
 2013 04 20 03 35 34.926     2013 04 20 03 38 16.767     161.8
 2013 04 20 11 51 57.007     2013 04 20 11 54 56.141     179.1
346
 2013 04 20 04 05 41.457     2013 04 20 04 08 27.376     165.9
 2013 04 20 17 41 46.666     2013 04 20 17 45 14.225     207.6
347
 2013 04 20 05 55 40.763     2013 04 20 05 58 37.724     177.0
348
 2013 04 20 19 19 33.615     2013 04 20 19 23  5.814     212.2
349
 2013 04 20 05 43 25.750     2013 04 20 05 46   .893     155.1
350
 2013 04 20 02 01 33.108     2013 04 20 02 04 45.174     192.1
 2013 04 20 10 18 36.751     2013 04 20 10 21 16.130     159.4
351
 2013 04 20 16 17 46.774     2013 04 20 16 19  4.702      77.9
 2013 04 20 21 14  6.434     2013 04 20 21 17 38.664     212.2
352
 2013 04 20 00 56 58.785     2013 04 20 01 00  6.441     187.7
 2013 04 20 14 31  8.141     2013 04 20 14 34 33.779     205.6
353
 2013 04 20 06 29 13.768     2013 04 20 06 31 48.064     154.3
354
355
356
 2013 04 20 08 19 38.283     2013 04 20 08 22 36.303     178.0
 2013 04 20 16 36 47.788     2013 04 20 16 39 22.283     154.5
357
 2013 04 20 05 48 22.275     2013 04 20 05 50 56.169     153.9
358
 2013 04 20 07 25 25.911     2013 04 20 07 26 32.489      66.6
 2013 04 20 19 06 40.994     2013 04 20 19 07 41.840      60.8
359
 2013 04 20 07 39 28.771     2013 04 20 07 39 51.540      22.8
 2013 04 20 09 13 59.472     2013 04 20 09 17 16.336     196.9
 2013 04 20 12 34 17.305     2013 04 20 12 34 35.043      17.7
 2013 04 20 14 09 11.026     2013 04 20 14 11 59.674     168.6
360
 2013 04 20 06 03  5.857     2013 04 20 06 06 48.053     222.2
 2013 04 20 10 59 13.043     2013 04 20 11 02 47.014     214.0
361
 2013 04 20 02 49 20.331     2013 04 20 02 52 57.001     216.7
 2013 04 20 11 03 37.051     2013 04 20 11 06 35.035     178.0
362
363
 2013 04 20 01 15 43.695     2013 04 20 01 19 14.169     210.5
364
 2013 04 20 18 25 30.170     2013 04 20 18 28 50.915     200.7
365
 2013 04 20 01 03 35.784     2013 04 20 01 06 11.168     155.4
 2013 04 20 12 50 51.380     2013 04 20 12 54 13.488     202.1
366
 2013 04 20 01 08 39.604     2013 04 20 01 12 18.402     218.8
 2013 04 20 11 11 19.886     2013 04 20 11 14  2.297     162.4
367
 2013 04 20 00 32  9.380     2013 04 20 00 34 55.490     166.1
 2013 04 20 05 27 20.804     2013 04 20 05 30 58.272     217.5
 2013 04 20 07 04 56.829     2013 04 20 07 04 59.072       2.2
368
 2013 04 20 04 07  1.015     2013 04 20 04 09 47.651     166.6
369
 2013 04 20 03 06 56.695     2013 04 20 03 09 48.467     171.8
 2013 04 20 21 49 23.095     2013 04 20 21 52 55.158     212.1
370
 2013 04 20 00 08 42.190     2013 04 20 00 12  2.701     200.5
 2013 04 20 13 45 57.119     2013 04 20 13 49 20.216     203.1
371
 2013 04 20 09 43  7.086     2013 04 20 09 46 11.078     184.0
 2013 04 20 21 31 43.839     2013 04 20 21 35  1.450     197.6
372
 2013 04 20 04 18 27.650     2013 04 20 04 18 32.201       4.6
 2013 04 20 14 19 48.858     2013 04 20 14 21   .502      71.6
373
 2013 04 20 11 26 26.449     2013 04 20 11 26 56.561      30.1
 2013 04 20 21 23 20.388     2013 04 20 21 26 37.552     197.2
374
 2013 04 20 00 30  1.603     2013 04 20 00 33 20.128     198.5
 2013 04 20 07 04  9.223     2013 04 20 07 06 46.858     157.6
375
 2013 04 20 15 16 17.096     2013 04 20 15 19 23.092     186.0
376
 2013 04 20 05 13 56.021     2013 04 20 05 16 32.353     156.3
 2013 04 20 11 48 45.646     2013 04 20 11 51 32.972     167.3
377
 2013 04 20 06 03 34.964     2013 04 20 06 07 18.638     223.7
 2013 04 20 10 59 44.707     2013 04 20 11 02 43.691     179.0
378
 2013 04 20 04 17 31.996     2013 04 20 04 21   .070     208.1
 2013 04 20 14 20 34.336     2013 04 20 14 23  8.971     154.6
379
 2013 04 20 16 09  9.282     2013 04 20 16 12 29.409     200.1
380
 2013 04 20 11 11  8.592     2013 04 20 11 11 21.791      13.2
381
 2013 04 20 09 06 18.984     2013 04 20 09 06 22.680       3.7
 2013 04 20 17 21 57.423     2013 04 20 17 24 46.760     169.3
382
 2013 04 20 01 14  7.498     2013 04 20 01 16 53.535     166.0
 2013 04 20 09 30  5.485     2013 04 20 09 32 45.787     160.3
383
 2013 04 20 00 47  4.491     2013 04 20 00 50 10.262     185.8
 2013 04 20 17 50  3.406     2013 04 20 17 52 52.384     169.0
384
 2013 04 20 06 44 25.689     2013 04 20 06 47 55.522     209.8
 2013 04 20 15 00 20.229     2013 04 20 15 03 21.029     180.8
385
 2013 04 20 01 36  4.423     2013 04 20 01 39 53.470     229.0
 2013 04 20 17 01 10.343     2013 04 20 17 04 21.204     190.9
386
 2013 04 20 16 46  4.040     2013 04 20 16 49  4.840     180.8
387
 2013 04 20 06 23  5.058     2013 04 20 06 25 53.098     168.0
 2013 04 20 21 42  3.852     2013 04 20 21 42  4.767        .9
388
 2013 04 20 00 30 29.516     2013 04 20 00 33  7.983     158.5
 2013 04 20 07 05 17.455     2013 04 20 07 07 55.146     157.7
389
390
 2013 04 20 00 49 28.820     2013 04 20 00 53  9.360     220.5
 2013 04 20 16 11 25.941     2013 04 20 16 14 25.350     179.4
391
 2013 04 20 16 37 36.127     2013 04 20 16 40 21.397     165.3
392
 2013 04 20 04 04 46.715     2013 04 20 04 07 39.991     173.3
 2013 04 20 17 42 38.011     2013 04 20 17 45 19.806     161.8
393
 2013 04 20 12 56   .229     2013 04 20 12 58 54.593     174.4
394
 2013 04 20 12 12  3.529     2013 04 20 12 12 12.452       8.9
395
396
 2013 04 20 04 46 24.197     2013 04 20 04 49 22.112     177.9
 2013 04 20 20 09 49.047     2013 04 20 20 12 27.504     158.5
397
 2013 04 20 06 38 52.351     2013 04 20 06 42 22.634     210.3
 2013 04 20 16 42 35.335     2013 04 20 16 45 17.455     162.1
398
399
 2013 04 20 05 15   .966     2013 04 20 05 17 50.399     169.4
 2013 04 20 10 13 41.536     2013 04 20 10 13 47.047       5.5
 2013 04 20 11 48 10.155     2013 04 20 11 51 17.994     187.8
400
 2013 04 20 01 59 37.428     2013 04 20 02 02 13.987     156.6
401
 2013 04 20 07 18  6.852     2013 04 20 07 19 29.098      82.2
 2013 04 20 19 11 44.101     2013 04 20 19 15  4.848     200.7
402
 2013 04 20 05 33 48.040     2013 04 20 05 37  6.686     198.6
 2013 04 20 20 57 23.444     2013 04 20 20 59 59.851     156.4
403
 2013 04 20 03 13 24.993     2013 04 20 03 16 21.643     176.6
 2013 04 20 18 33 15.037     2013 04 20 18 36 44.187     209.2
404
 2013 04 20 18 32 39.956     2013 04 20 18 36 10.583     210.6
405
406
407
 2013 04 20 05 34 59.920     2013 04 20 05 37 35.037     155.1
 2013 04 20 20 55 57.235     2013 04 20 20 59   .118     182.9
408
 2013 04 20 10 26 54.257     2013 04 20 10 30 39.090     224.8
 2013 04 20 22 23 22.656     2013 04 20 22 24 38.228      75.6
409
 2013 04 20 06 36 18.773     2013 04 20 06 39 46.598     207.8
410
 2013 04 20 19 10 57.746     2013 04 20 19 14 15.316     197.6
411
 2013 04 20 08 01 47.948     2013 04 20 08 04 25.342     157.4
 2013 04 20 21 38  1.913     2013 04 20 21 40 44.976     163.1
412
 2013 04 20 18 08 47.274     2013 04 20 18 11 35.360     168.1
413
 2013 04 20 07 11 15.317     2013 04 20 07 14 43.264     207.9
414
 2013 04 20 00 03  3.332     2013 04 20 00 05 48.613     165.3
 2013 04 20 15 25 50.590     2013 04 20 15 28 26.446     155.9
 2013 04 20 23 41 33.131     2013 04 20 23 44 14.555     161.4
415
 2013 04 20 08 23 54.865     2013 04 20 08 26 35.215     160.3
 2013 04 20 14 58 14.245     2013 04 20 15 00 57.774     163.5
416
 2013 04 20 05 07   .394     2013 04 20 05 10 22.278     201.9
417
 2013 04 20 04 17 57.469     2013 04 20 04 20 37.722     160.3
 2013 04 20 14 19  5.424     2013 04 20 14 21 54.886     169.5
418
 2013 04 20 00 05 48.235     2013 04 20 00 09 19.886     211.7
 2013 04 20 13 49 56.794     2013 04 20 13 50 53.627      56.8
 2013 04 20 23 44 21.553     2013 04 20 23 47 42.392     200.8
419
 2013 04 20 03 52  4.468     2013 04 20 03 55 44.844     220.4
 2013 04 20 05 29 56.931     2013 04 20 05 33 43.150     226.2
 2013 04 20 22 35 46.283     2013 04 20 22 38 26.077     159.8
420
421
 2013 04 20 10 42  6.284     2013 04 20 10 42  8.207       1.9
 2013 04 20 20 34 51.544     2013 04 20 20 38 24.989     213.4
422
 2013 04 20 16 37 44.418     2013 04 20 16 40 21.527     157.1
423
 2013 04 20 01 00 59.573     2013 04 20 01 04 28.126     208.6
 2013 04 20 12 53 32.126     2013 04 20 12 54 23.288      51.2
424
 2013 04 20 07 09 12.097     2013 04 20 07 11 46.650     154.6
 2013 04 20 22 30 50.882     2013 04 20 22 33 34.562     163.7
425
 2013 04 20 04 01  8.762     2013 04 20 04 04  2.767     174.0
426
 2013 04 20 13 28 18.441     2013 04 20 13 28 39.978      21.5
427
 2013 04 20 08 04  2.537     2013 04 20 08 07  9.217     186.7
428
 2013 04 20 01 15  8.919     2013 04 20 01 17 53.470     164.6
 2013 04 20 09 30 28.231     2013 04 20 09 33 41.551     193.3
429
 2013 04 20 05 04 23.565     2013 04 20 05 07 11.803     168.2
 2013 04 20 15 06   .935     2013 04 20 15 06 16.345      15.4
430
 2013 04 20 12 41 22.217     2013 04 20 12 44 45.358     203.1
431
 2013 04 20 20 40 32.287     2013 04 20 20 43  6.581     154.3
432
 2013 04 20 14 16 30.770     2013 04 20 14 19 15.479     164.7
433
 2013 04 20 01 05 50.109     2013 04 20 01 08 23.800     153.7
434
 2013 04 20 14 38   .387     2013 04 20 14 41 42.870     222.5
 2013 04 20 22 53  6.873     2013 04 20 22 55 42.168     155.3
435
 2013 04 20 17 24 54.258     2013 04 20 17 24 56.705       2.4
436
 2013 04 20 16 53 32.406     2013 04 20 16 54 15.744      43.3
437
 2013 04 20 01 33 18.818     2013 04 20 01 35 57.003     158.2
 2013 04 20 18 37 37.304     2013 04 20 18 40 50.891     193.6
438
 2013 04 20 07 57 42.064     2013 04 20 08 01  3.617     201.6
439
 2013 04 20 05 54 54.328     2013 04 20 05 58  1.079     186.8
440
 2013 04 20 06 47 30.151     2013 04 20 06 50 53.991     203.8
 2013 04 20 13 23 42.734     2013 04 20 13 27 23.483     220.7
441
 2013 04 20 00 11  4.327     2013 04 20 00 14 37.095     212.8
442
 2013 04 20 01 42 39.863     2013 04 20 01 45 16.533     156.7
 2013 04 20 15 20 33.711     2013 04 20 15 23  9.197     155.5
443
 2013 04 20 10 20 47.295     2013 04 20 10 24  1.676     194.4
444
 2013 04 20 09 58 10.995     2013 04 20 10 00 50.785     159.8
 2013 04 20 16 32 48.795     2013 04 20 16 35 24.719     155.9
445
446
 2013 04 20 07 30  8.469     2013 04 20 07 33 55.041     226.6
447
 2013 04 20 03 37 41.100     2013 04 20 03 41 29.292     228.2
 2013 04 20 10 12  8.076     2013 04 20 10 12 24.273      16.2
448
 2013 04 20 02 28 55.859     2013 04 20 02 29 21.884      26.0
 2013 04 20 16 09 11.695     2013 04 20 16 11 46.966     155.3
449
 2013 04 20 14 38  5.325     2013 04 20 14 40 44.162     158.8
 2013 04 20 22 54 39.520     2013 04 20 22 57 14.655     155.1
450
 2013 04 20 08 23  7.387     2013 04 20 08 25 47.003     159.6
 2013 04 20 14 57 37.442     2013 04 20 15 00 19.665     162.2
451
452
 2013 04 20 17 32  5.240     2013 04 20 17 35 42.107     216.9
453
454
 2013 04 20 04 56  8.083     2013 04 20 04 58 44.507     156.4
455
 2013 04 20 10 44 14.931     2013 04 20 10 46 58.012     163.1
 2013 04 20 17 18 55.724     2013 04 20 17 22 23.037     207.3
456
 2013 04 20 10 30 31.180     2013 04 20 10 34  2.178     211.0
 2013 04 20 22 17 24.986     2013 04 20 22 20  4.443     159.5
457
 2013 04 20 07 15  2.968     2013 04 20 07 17 54.047     171.1
 2013 04 20 20 49 55.843     2013 04 20 20 53  5.233     189.4
458
459
 2013 04 20 11 58 24.440     2013 04 20 11 59  6.369      41.9
460
 2013 04 20 21 33 26.105     2013 04 20 21 36 34.385     188.3
461
 2013 04 20 08 54 43.127     2013 04 20 08 54 52.122       9.0
 2013 04 20 20 43  4.701     2013 04 20 20 46   .313     175.6
462
 2013 04 20 22 12 25.667     2013 04 20 22 12 29.473       3.8
463
 2013 04 20 09 02 27.655     2013 04 20 09 06 15.276     227.6
 2013 04 20 19 01 26.063     2013 04 20 19 04  5.632     159.6
464
 2013 04 20 07 57   .570     2013 04 20 08 00 22.656     202.1
 2013 04 20 23 18 13.765     2013 04 20 23 18 36.882      23.1
465
 2013 04 20 07 06 52.529     2013 04 20 07 09 41.659     169.1
466
 2013 04 20 02 29 21.105     2013 04 20 02 31 57.977     156.9
 2013 04 20 16 07 59.774     2013 04 20 16 10 55.631     175.9
467
 2013 04 20 08 17 23.508     2013 04 20 08 19 59.633     156.1
468
 2013 04 20 02 36 41.889     2013 04 20 02 40  5.534     203.6
 2013 04 20 14 26 59.570     2013 04 20 14 29 48.605     169.0
469
 2013 04 20 22 22 57.735     2013 04 20 22 25 35.909     158.2
470
 2013 04 20 19 13 56.493     2013 04 20 19 16 32.672     156.2
471
 2013 04 20 14 36 50.998     2013 04 20 14 40 39.081     228.1
 2013 04 20 22 55 39.677     2013 04 20 22 58 30.200     170.5
472
 2013 04 20 04 17 16.940     2013 04 20 04 20 20.133     183.2
 2013 04 20 14 20 21.505     2013 04 20 14 23  9.138     167.6
473
 2013 04 20 09 00 33.428     2013 04 20 09 03 14.691     161.3
 2013 04 20 19 06 27.838     2013 04 20 19 06 43.216      15.4
474
 2013 04 20 06 39 28.950     2013 04 20 06 42 39.887     190.9
 2013 04 20 16 42 15.222     2013 04 20 16 44 49.055     153.8
475
476
 2013 04 20 09 50 31.755     2013 04 20 09 53  7.268     155.5
 2013 04 20 19 49 39.465     2013 04 20 19 53   .369     200.9
477
 2013 04 20 13 32 57.856     2013 04 20 13 33  3.517       5.7
478
 2013 04 20 02 08 29.337     2013 04 20 02 08 51.522      22.2
 2013 04 20 03 43   .490     2013 04 20 03 46 17.170     196.7
 2013 04 20 07 03 28.816     2013 04 20 07 03 35.854       7.0
 2013 04 20 08 38 12.933     2013 04 20 08 40 59.386     166.5
479
 2013 04 20 12 00 28.678     2013 04 20 12 03  3.755     155.1
480
481
 2013 04 20 02 49 10.225     2013 04 20 02 51 46.714     156.5
 2013 04 20 11 05  8.387     2013 04 20 11 07 47.266     158.9
482
 2013 04 20 02 36  1.813     2013 04 20 02 38 35.795     154.0
 2013 04 20 14 26 34.644     2013 04 20 14 29 38.747     184.1
483
 2013 04 20 00 21 40.312     2013 04 20 00 24 14.984     154.7
 2013 04 20 10 22 55.475     2013 04 20 10 25 36.012     160.5
484
 2013 04 20 05 15 40.835     2013 04 20 05 18 17.685     156.8
 2013 04 20 10 10 34.703     2013 04 20 10 14 21.163     226.5
 2013 04 20 11 48 29.078     2013 04 20 11 52 18.802     229.7
485
486
 2013 04 20 13 57  1.944     2013 04 20 14 00 24.974     203.0
 2013 04 20 18 52 45.420     2013 04 20 18 55 24.490     159.1
487
 2013 04 20 14 40 42.239     2013 04 20 14 43 23.595     161.4
 2013 04 20 21 15 57.176     2013 04 20 21 19 30.698     213.5
488
 2013 04 20 03 37 11.662     2013 04 20 03 39 50.468     158.8
 2013 04 20 11 51 39.713     2013 04 20 11 54 51.981     192.3
489
 2013 04 20 02 49 47.212     2013 04 20 02 53 26.770     219.6
 2013 04 20 11 05 13.276     2013 04 20 11 05 22.107       8.8
490
 2013 04 20 20 02 13.256     2013 04 20 20 03 24.043      70.8
491
 2013 04 20 17 24 24.704     2013 04 20 17 27 55.054     210.4
492
 2013 04 20 20 30 46.791     2013 04 20 20 33 26.355     159.6
493
 2013 04 20 12 10 40.901     2013 04 20 12 11 43.179      62.3
494
 2013 04 20 06 48 48.734     2013 04 20 06 52 32.769     224.0
 2013 04 20 13 24 37.315     2013 04 20 13 27 16.586     159.3
495
 2013 04 20 00 20  6.193     2013 04 20 00 22 40.050     153.9
496
497
 2013 04 20 14 25 21.583     2013 04 20 14 25 58.693      37.1
498
 2013 04 20 02 02 44.195     2013 04 20 02 06 10.769     206.6
499
500
501
 2013 04 20 13 08  9.665     2013 04 20 13 10 58.129     168.5
 2013 04 20 19 41 55.099     2013 04 20 19 45 15.420     200.3
502
 2013 04 20 14 40 53.325     2013 04 20 14 41 16.436      23.1
 2013 04 20 21 17 36.316     2013 04 20 21 20 17.866     161.6
503
 2013 04 20 13 05 40.205     2013 04 20 13 06 53.707      73.5
 2013 04 20 19 42 26.592     2013 04 20 19 45 56.300     209.7
504
505
 2013 04 20 11 23 19.417     2013 04 20 11 25 59.686     160.3
 2013 04 20 21 25 25.855     2013 04 20 21 28  9.301     163.4
506
 2013 04 20 09 46 48.384     2013 04 20 09 47 35.867      47.5
 2013 04 20 21 29 25.496     2013 04 20 21 32 20.273     174.8
507
 2013 04 20 04 05 43.367     2013 04 20 04 07 46.000     122.6
508
509
 2013 04 20 20 30  7.922     2013 04 20 20 33 59.859     231.9
510
 2013 04 20 08 23 42.391     2013 04 20 08 26 43.784     181.4
 2013 04 20 14 57 14.045     2013 04 20 15 00  1.916     167.9
511
 2013 04 20 09 52 17.361     2013 04 20 09 55 55.316     218.0
512
513
 2013 04 20 04 20 14.784     2013 04 20 04 23 53.582     218.8
514
 2013 04 20 09 58 32.916     2013 04 20 10 01 34.232     181.3
 2013 04 20 16 33 10.768     2013 04 20 16 36  3.253     172.5
515
 2013 04 20 20 40 18.740     2013 04 20 20 43 25.463     186.7
516
 2013 04 20 04 57 38.577     2013 04 20 05 00 12.333     153.8
 2013 04 20 16 48 16.793     2013 04 20 16 51 41.223     204.4
517
 2013 04 20 06 00 57.181     2013 04 20 06 04 36.496     219.3
 2013 04 20 12 37 10.569     2013 04 20 12 39 53.330     162.8
518
 2013 04 20 01 35 29.571     2013 04 20 01 38 48.825     199.3
519
520
 2013 04 20 22 09 50.917     2013 04 20 22 13 10.651     199.7
521
 2013 04 20 04 56 51.579     2013 04 20 04 59 36.760     165.2
 2013 04 20 16 51 52.322     2013 04 20 16 52 41.834      49.5
522
523
 2013 04 20 22 28 47.757     2013 04 20 22 31 23.354     155.6
524
 2013 04 20 11 12 36.007     2013 04 20 11 15 36.765     180.8
525
526
 2013 04 20 03 40 39.497     2013 04 20 03 43 42.091     182.6
 2013 04 20 10 14 44.039     2013 04 20 10 18  4.871     200.8
527
 2013 04 20 15 50 27.725     2013 04 20 15 53 35.475     187.8
528
 2013 04 20 08 51 55.658     2013 04 20 08 52 30.125      34.5
 2013 04 20 20 50  4.431     2013 04 20 20 50 28.089      23.7
529
 2013 04 20 09 53 30.314     2013 04 20 09 56 54.987     204.7
 2013 04 20 18 09 30.080     2013 04 20 18 12 37.472     187.4
530
531
532
 2013 04 20 06 32 16.584     2013 04 20 06 32 41.055      24.5
 2013 04 20 18 24  8.353     2013 04 20 18 26 47.528     159.2
533
 2013 04 20 11 14  5.546     2013 04 20 11 14  8.919       3.4
 2013 04 20 23 08 24.800     2013 04 20 23 11 53.514     208.7
534
 2013 04 20 08 45 28.595     2013 04 20 08 48  3.156     154.6
535
 2013 04 20 03 15 19.890     2013 04 20 03 18  3.019     163.1
536
 2013 04 20 02 02 23.760     2013 04 20 02 03  2.329      38.6
 2013 04 20 10 15 49.223     2013 04 20 10 19 17.318     208.1
537
 2013 04 20 07 27 29.164     2013 04 20 07 30  4.594     155.4
 2013 04 20 17 28 41.097     2013 04 20 17 31 16.004     154.9
538
 2013 04 20 05 12 55.118     2013 04 20 05 13 19.076      24.0
 2013 04 20 11 49 50.222     2013 04 20 11 53  5.079     194.9
539
 2013 04 20 06 00 46.519     2013 04 20 06 01 10.916      24.4
 2013 04 20 12 37 28.739     2013 04 20 12 40 10.450     161.7
540
 2013 04 20 04 23 59.993     2013 04 20 04 27 35.522     215.5
 2013 04 20 12 40  7.905     2013 04 20 12 43 43.310     215.4
541
542
 2013 04 20 02 51 42.396     2013 04 20 02 54 20.913     158.5
 2013 04 20 09 26 26.564     2013 04 20 09 29 34.135     187.6
543
 2013 04 20 07 57 29.507     2013 04 20 08 00 13.905     164.4
 2013 04 20 23 16 54.159     2013 04 20 23 17 56.749      62.6
544
 2013 04 20 01 45 45.788     2013 04 20 01 49  7.758     202.0
545
 2013 04 20 23 08 30.022     2013 04 20 23 11 23.515     173.5
546
 2013 04 20 04 17 14.545     2013 04 20 04 20 32.640     198.1
 2013 04 20 14 20 33.794     2013 04 20 14 23 14.765     161.0
547
 2013 04 20 07 33 15.530     2013 04 20 07 36 46.263     210.7
 2013 04 20 15 47 16.152     2013 04 20 15 50 25.769     189.6
548
 2013 04 20 06 49 34.934     2013 04 20 06 49 54.766      19.8
 2013 04 20 14 59 34.331     2013 04 20 15 02 44.633     190.3
549
 2013 04 20 00 01 11.033     2013 04 20 00 04 39.736     208.7
 2013 04 20 23 39 33.997     2013 04 20 23 43 11.355     217.4
550
 2013 04 20 16 50 37.536     2013 04 20 16 54  4.548     207.0
551
 2013 04 20 13 01 44.713     2013 04 20 13 04 49.509     184.8
 2013 04 20 21 24 13.174     2013 04 20 21 24 17.324       4.2
552
 2013 04 20 11 27 49.764     2013 04 20 11 30 44.588     174.8
 2013 04 20 19 45 40.379     2013 04 20 19 49  2.129     201.8
553
 2013 04 20 07 32 10.317     2013 04 20 07 35 38.014     207.7
 2013 04 20 15 49 51.493     2013 04 20 15 52 28.385     156.9
554
 2013 04 20 09 04 26.195     2013 04 20 09 07 39.220     193.0
555
 2013 04 20 14 40 16.686     2013 04 20 14 40 47.599      30.9
 2013 04 20 21 17 10.929     2013 04 20 21 20 31.853     200.9
556
 2013 04 20 00 01  6.395     2013 04 20 00 03 43.716     157.3
 2013 04 20 17 02 51.665     2013 04 20 17 02 59.721       8.1
 2013 04 20 23 39 33.546     2013 04 20 23 42 12.074     158.5
557
 2013 04 20 21 17 13.881     2013 04 20 21 20 51.310     217.4
558
 2013 04 20 12 09 37.610     2013 04 20 12 12 55.128     197.5
 2013 04 20 22 13 24.975     2013 04 20 22 16 28.164     183.2
559
 2013 04 20 19 00 34.371     2013 04 20 19 00 44.298       9.9
560
 2013 04 20 18 59 43.621     2013 04 20 18 59 47.847       4.2
561
 2013 04 20 14 21 11.479     2013 04 20 14 23 51.902     160.4
562
 2013 04 20 12 21 18.880     2013 04 20 12 24 58.684     219.8
 2013 04 20 17 17 23.448     2013 04 20 17 21  3.471     220.0
563
 2013 04 20 09 41 40.917     2013 04 20 09 45  4.004     203.1
 2013 04 20 21 32 57.343     2013 04 20 21 35 30.197     152.9
564
 2013 04 20 20 00 31.229     2013 04 20 20 03 10.627     159.4
565
 2013 04 20 00 44 17.655     2013 04 20 00 45 16.076      58.4
 2013 04 20 19 26 39.725     2013 04 20 19 30 19.842     220.1
566
 2013 04 20 14 35 37.606     2013 04 20 14 39  8.063     210.5
567
 2013 04 20 16 15 36.492     2013 04 20 16 18 27.025     170.5
 2013 04 20 22 51  2.296     2013 04 20 22 54  4.483     182.2
568
 2013 04 20 13 55 42.464     2013 04 20 13 58 31.281     168.8
 2013 04 20 15 33  6.183     2013 04 20 15 33 14.755       8.6
 2013 04 20 18 50 24.811     2013 04 20 18 53 48.578     203.8
 2013 04 20 20 27 59.321     2013 04 20 20 29  7.254      67.9
569
 2013 04 20 09 04 52.756     2013 04 20 09 07 44.854     172.1
570
 2013 04 20 21 27 24.561     2013 04 20 21 30 55.377     210.8
571
 2013 04 20 01 51 31.350     2013 04 20 01 54  8.311     157.0
 2013 04 20 13 37 25.251     2013 04 20 13 37 27.528       2.3
572
 2013 04 20 11 13 53.071     2013 04 20 11 16 28.493     155.4
573
 2013 04 20 12 13 24.703     2013 04 20 12 16 26.893     182.2
574
 2013 04 20 06 37 51.696     2013 04 20 06 39 22.698      91.0
 2013 04 20 16 42 47.468     2013 04 20 16 46 12.311     204.8
575
 2013 04 20 18 59 53.618     2013 04 20 19 03 23.671     210.1
576
 2013 04 20 13 25  2.599     2013 04 20 13 28 20.108     197.5
577
 2013 04 20 01 16 18.185     2013 04 20 01 18 54.998     156.8
578
 2013 04 20 11 20 39.910     2013 04 20 11 24  9.375     209.5
579
 2013 04 20 13 47 17.403     2013 04 20 13 50 46.393     209.0
580
 2013 04 20 04 28 16.016     2013 04 20 04 31  6.137     170.1
 2013 04 20 06 05 40.898     2013 04 20 06 05 57.384      16.5
 2013 04 20 09 22 58.012     2013 04 20 09 26 21.588     203.6
 2013 04 20 11 00 32.897     2013 04 20 11 01 45.397      72.5
581
 2013 04 20 17 21 20.307     2013 04 20 17 24 18.427     178.1
582
583
 2013 04 20 11 32  4.745     2013 04 20 11 35 36.985     212.2
 2013 04 20 13 09 50.006     2013 04 20 13 10 41.766      51.8
 2013 04 20 18 06  1.573     2013 04 20 18 08 37.511     155.9
584
585
 2013 04 20 13 06 49.709     2013 04 20 13 10 21.582     211.9
 2013 04 20 19 42 45.460     2013 04 20 19 45 21.149     155.7
586
 2013 04 20 05 12 31.830     2013 04 20 05 15  9.945     158.1
587
 2013 04 20 06 00 11.262     2013 04 20 06 03 10.083     178.8
 2013 04 20 12 34 44.877     2013 04 20 12 38 28.533     223.7
588
 2013 04 20 03 52 37.543     2013 04 20 03 55 45.279     187.7
 2013 04 20 22 36 14.900     2013 04 20 22 38 52.829     157.9
589
590
 2013 04 20 03 29   .727     2013 04 20 03 30  8.033      67.3
 2013 04 20 15 10 15.597     2013 04 20 15 11 14.598      59.0
591
 2013 04 20 00 31 13.703     2013 04 20 00 34  2.440     168.7
 2013 04 20 07 05 32.037     2013 04 20 07 08 25.933     173.9
592
593
 2013 04 20 15 28 36.896     2013 04 20 15 31 22.859     166.0
 2013 04 20 22 03 48.018     2013 04 20 22 06 35.484     167.5
594
 2013 04 20 10 44  8.427     2013 04 20 10 46 55.377     166.9
 2013 04 20 17 18 46.726     2013 04 20 17 22 19.705     213.0
595
596
 2013 04 20 15 57  3.909     2013 04 20 15 59 39.398     155.5
597
598
 2013 04 20 11 50 40.135     2013 04 20 11 53 16.581     156.4
599
 2013 04 20 00 49 56.221     2013 04 20 00 53 41.174     225.0
 2013 04 20 16 11 28.504     2013 04 20 16 14  6.246     157.7
600
 2013 04 20 12 21  4.275     2013 04 20 12 23 45.681     161.4
 2013 04 20 17 15 48.034     2013 04 20 17 19 30.165     222.1
 2013 04 20 18 53 42.928     2013 04 20 18 57 27.167     224.2
601
 2013 04 20 09 43 53.135     2013 04 20 09 44 43.800      50.7
602
 2013 04 20 05 54 19.872     2013 04 20 05 55 17.135      57.3
603
 2013 04 20 09 41 30.766     2013 04 20 09 44  6.917     156.2
 2013 04 20 21 32 12.696     2013 04 20 21 35 18.365     185.7
604
 2013 04 20 07 59  4.092     2013 04 20 08 01 42.925     158.8
605
 2013 04 20 01 56 18.497     2013 04 20 01 58 58.138     159.6
 2013 04 20 11 57 14.496     2013 04 20 11 59 54.949     160.5
606
607
 2013 04 20 07 29 45.674     2013 04 20 07 33 19.371     213.7
608
 2013 04 20 04 01 20.874     2013 04 20 04 04 29.873     189.0
609
 2013 04 20 05 30 54.612     2013 04 20 05 34 38.084     223.5
 2013 04 20 22 35 40.698     2013 04 20 22 38 41.556     180.9
610
 2013 04 20 09 06 20.180     2013 04 20 09 08 55.838     155.7
 2013 04 20 17 23  9.414     2013 04 20 17 26 25.488     196.1
611
612
 2013 04 20 10 39 24.240     2013 04 20 10 42 17.197     173.0
613
 2013 04 20 04 03 42.251     2013 04 20 04 07 24.567     222.3
 2013 04 20 17 43 33.024     2013 04 20 17 46  7.621     154.6
614
 2013 04 20 03 23  8.010     2013 04 20 03 26   .990     173.0
 2013 04 20 15 14 24.714     2013 04 20 15 17 15.116     170.4
615
 2013 04 20 07 59 46.665     2013 04 20 08 02 27.511     160.8
 2013 04 20 21 40 58.261     2013 04 20 21 42  4.381      66.1
616
 2013 04 20 09 49  1.587     2013 04 20 09 49 18.996      17.4
617
 2013 04 20 03 23 58.566     2013 04 20 03 27 33.269     214.7
 2013 04 20 15 14 17.235     2013 04 20 15 17 11.876     174.6
618
619
 2013 04 20 23 01 12.382     2013 04 20 23 03 54.404     162.0
620
 2013 04 20 03 05 58.988     2013 04 20 03 08 52.635     173.6
 2013 04 20 21 49 22.343     2013 04 20 21 52  2.439     160.1
621
 2013 04 20 11 25 21.652     2013 04 20 11 28  1.511     159.9
 2013 04 20 21 23 36.679     2013 04 20 21 27  4.136     207.5
622
 2013 04 20 05 05 10.584     2013 04 20 05 08 15.488     184.9
 2013 04 20 15 05 51.964     2013 04 20 15 08 44.349     172.4
623
624
 2013 04 20 04 54 38.337     2013 04 20 04 57 40.649     182.3
625
 2013 04 20 05 32 20.743     2013 04 20 05 36  5.180     224.4
 2013 04 20 20 57 29.888     2013 04 20 21 00 55.304     205.4
626
627
 2013 04 20 07 54 59.845     2013 04 20 07 57 11.809     132.0
 2013 04 20 23 19 37.850     2013 04 20 23 22 15.989     158.1
628
 2013 04 20 22 57  6.655     2013 04 20 22 59 44.520     157.9
629
 2013 04 20 06 46 32.850     2013 04 20 06 49 43.406     190.6
 2013 04 20 14 59 51.987     2013 04 20 15 03 35.590     223.6
630
631
 2013 04 20 03 25 15.143     2013 04 20 03 27 50.250     155.1
 2013 04 20 15 12 54.390     2013 04 20 15 15 59.448     185.1
632
 2013 04 20 16 41 54.470     2013 04 20 16 42  8.249      13.8
633
634
 2013 04 20 08 19 55.946     2013 04 20 08 22 36.393     160.4
 2013 04 20 16 35 47.740     2013 04 20 16 38 22.718     155.0
635
 2013 04 20 08 12 35.093     2013 04 20 08 13  6.615      31.5
 2013 04 20 19 54 47.121     2013 04 20 19 57 42.766     175.6
636
 2013 04 20 01 48 42.064     2013 04 20 01 51 26.778     164.7
 2013 04 20 13 39 39.198     2013 04 20 13 42 30.788     171.6
637
 2013 04 20 03 40  5.890     2013 04 20 03 43 29.516     203.6
 2013 04 20 10 15 11.701     2013 04 20 10 18  3.010     171.3
638
 2013 04 20 07 13 14.950     2013 04 20 07 16 23.666     188.7
 2013 04 20 20 50 27.402     2013 04 20 20 53 26.323     178.9
639
 2013 04 20 00 09 18.645     2013 04 20 00 12 58.116     219.5
640
 2013 04 20 06 41 11.740     2013 04 20 06 44 50.482     218.7
641
 2013 04 20 02 03  7.909     2013 04 20 02 05 46.118     158.2
 2013 04 20 10 16 39.835     2013 04 20 10 17 38.710      58.9
642
 2013 04 20 09 57 19.189     2013 04 20 10 00 15.617     176.4
 2013 04 20 16 32 53.027     2013 04 20 16 35 53.125     180.1
643
644
 2013 04 20 06 04  4.755     2013 04 20 06 04 44.376      39.6
 2013 04 20 07 38 48.446     2013 04 20 07 42 23.858     215.4
 2013 04 20 12 34 40.706     2013 04 20 12 37 18.755     158.0
645
 2013 04 20 07 12 29.636     2013 04 20 07 16  5.536     215.9
 2013 04 20 20 52 44.388     2013 04 20 20 55 24.975     160.6
646
 2013 04 20 09 01 44.353     2013 04 20 09 04 21.834     157.5
 2013 04 20 19 03 26.731     2013 04 20 19 06  4.681     158.0
647
 2013 04 20 00 46 29.749     2013 04 20 00 50 12.238     222.5
 2013 04 20 17 52  4.677     2013 04 20 17 54 41.118     156.4
 2013 04 20 22 46 52.780     2013 04 20 22 47 35.574      42.8
648
 2013 04 20 11 58 37.635     2013 04 20 12 02  7.825     210.2
649
650
651
 2013 04 20 09 54 41.252     2013 04 20 09 55  6.765      25.5
 2013 04 20 19 47 16.969     2013 04 20 19 47 52.551      35.6
652
 2013 04 20 09 51 50.499     2013 04 20 09 55  4.650     194.2
653
 2013 04 20 06 43 57.880     2013 04 20 06 46 33.635     155.8
 2013 04 20 15 04 29.617     2013 04 20 15 04 59.757      30.1
654
 2013 04 20 08 55 51.754     2013 04 20 08 58 25.150     153.4
 2013 04 20 20 44  3.431     2013 04 20 20 46 44.248     160.8
655
 2013 04 20 00 22 57.518     2013 04 20 00 23  1.417       3.9
656
 2013 04 20 02 46  3.671     2013 04 20 02 49 13.685     190.0
657
 2013 04 20 10 36 23.297     2013 04 20 10 39 51.444     208.1
 2013 04 20 20 36 30.730     2013 04 20 20 39 12.222     161.5
658
 2013 04 20 04 15 14.664     2013 04 20 04 18 43.531     208.9
659
 2013 04 20 12 19  5.989     2013 04 20 12 21 43.222     157.2
 2013 04 20 18 53 54.647     2013 04 20 18 57  5.632     191.0
660
 2013 04 20 02 32  3.824     2013 04 20 02 34  3.978     120.2
661
 2013 04 20 19 06 22.547     2013 04 20 19 10  7.274     224.7
662
 2013 04 20 18 19 20.613     2013 04 20 18 21 53.344     152.7
663
 2013 04 20 00 45 44.789     2013 04 20 00 48 25.985     161.2
 2013 04 20 17 50 31.049     2013 04 20 17 54 10.063     219.0
 2013 04 20 19 28 24.319     2013 04 20 19 32 10.103     225.8
664
 2013 04 20 06 38 28.938     2013 04 20 06 39 55.576      86.6
 2013 04 20 16 42 51.550     2013 04 20 16 45 37.748     166.2
665
 2013 04 20 09 44 35.839     2013 04 20 09 47 53.606     197.8
666
667
668
 2013 04 20 05 56  5.608     2013 04 20 05 58 41.133     155.5
669
 2013 04 20 18 13  8.227     2013 04 20 18 16  2.156     173.9
670
 2013 04 20 09 05 26.057     2013 04 20 09 08 53.666     207.6
 2013 04 20 17 25 57.218     2013 04 20 17 26  1.035       3.8
671
 2013 04 20 04 21  7.628     2013 04 20 04 24 45.653     218.0
672
673
 2013 04 20 08 50 30.669     2013 04 20 08 53 17.801     167.1
674
 2013 04 20 13 36  7.652     2013 04 20 13 39 12.120     184.5
675
676
 2013 04 20 13 09 20.344     2013 04 20 13 12 33.746     193.4
 2013 04 20 18 05  2.567     2013 04 20 18 07 55.245     172.7
677
 2013 04 20 08 06 11.341     2013 04 20 08 09 24.757     193.4
678
 2013 04 20 00 12 59.477     2013 04 20 00 14 42.041     102.6
 2013 04 20 12 06  7.836     2013 04 20 12 09  3.537     175.7
679
 2013 04 20 00 00 35.839     2013 04 20 00 03 23.098     167.3
 2013 04 20 17 03 42.544     2013 04 20 17 07  8.248     205.7
 2013 04 20 23 39  5.578     2013 04 20 23 41 49.367     163.8
680
 2013 04 20 12 54 47.862     2013 04 20 12 54 54.821       7.0
681
 2013 04 20 09 52 40.811     2013 04 20 09 55 18.340     157.5
682
 2013 04 20 10 29 29.670     2013 04 20 10 32 16.964     167.3
 2013 04 20 22 18 34.908     2013 04 20 22 21 22.787     167.9
683
 2013 04 20 12 17 42.960     2013 04 20 12 20 52.886     189.9
 2013 04 20 20 30 40.988     2013 04 20 20 31 24.688      43.7
684
 2013 04 20 01 20  1.199     2013 04 20 01 23 23.755     202.6
 2013 04 20 06 15 51.525     2013 04 20 06 18 45.999     174.5
685
 2013 04 20 04 53 44.965     2013 04 20 04 56 41.467     176.5
686
 2013 04 20 08 59 33.839     2013 04 20 09 02 21.867     168.0
687
 2013 04 20 10 39 57.143     2013 04 20 10 42 32.411     155.3
688
 2013 04 20 02 24 57.582     2013 04 20 02 27 35.763     158.2
 2013 04 20 17 47  3.713     2013 04 20 17 49 40.031     156.3
689
 2013 04 20 04 49 34.817     2013 04 20 04 52 14.229     159.4
690
691
 2013 04 20 00 29 53.128     2013 04 20 00 33 38.030     224.9
 2013 04 20 02 07 47.474     2013 04 20 02 11 37.717     230.2
 2013 04 20 07 03 53.087     2013 04 20 07 06 29.253     156.2
692
 2013 04 20 04 16  5.913     2013 04 20 04 19 16.860     190.9
693
 2013 04 20 05 50  8.939     2013 04 20 05 50 41.640      32.7
 2013 04 20 15 55 35.510     2013 04 20 15 59 21.096     225.6
694
 2013 04 20 08 24 14.972     2013 04 20 08 24 25.403      10.4
 2013 04 20 16 34 10.962     2013 04 20 16 37 14.741     183.8
695
 2013 04 20 01 34  6.930     2013 04 20 01 37 39.588     212.7
 2013 04 20 18 37   .184     2013 04 20 18 39 50.279     170.1
696
 2013 04 20 13 02 31.907     2013 04 20 13 06 16.793     224.9
 2013 04 20 21 21  5.913     2013 04 20 21 23 46.529     160.6
697
 2013 04 20 10 44 53.204     2013 04 20 10 47 32.872     159.7
 2013 04 20 17 19 27.296     2013 04 20 17 22 14.422     167.1
698
 2013 04 20 13 54 14.986     2013 04 20 13 57 55.595     220.6
 2013 04 20 15 32 11.270     2013 04 20 15 35 50.989     219.7
 2013 04 20 20 27 44.904     2013 04 20 20 30 32.540     167.6
699
 2013 04 20 06 46 21.800     2013 04 20 06 46 41.365      19.6
 2013 04 20 14 59 14.911     2013 04 20 15 00 40.721      85.8
700
701
 2013 04 20 13 43 25.794     2013 04 20 13 46 47.173     201.4
702
 2013 04 20 19 11 35.168     2013 04 20 19 15  7.691     212.5
703
 2013 04 20 08 52  3.865     2013 04 20 08 54 29.689     145.8
 2013 04 20 20 50 22.543     2013 04 20 20 50 23.311        .8
704
705
 2013 04 20 02 31 11.627     2013 04 20 02 31 46.296      34.7
706
 2013 04 20 04 07 59.740     2013 04 20 04 11 10.113     190.4
707
 2013 04 20 05 31 10.994     2013 04 20 05 34 22.664     191.7
 2013 04 20 22 35 17.246     2013 04 20 22 38 21.886     184.6
708
 2013 04 20 21 26 19.337     2013 04 20 21 26 36.784      17.4
709
 2013 04 20 09 57 14.452     2013 04 20 10 00 21.283     186.8
 2013 04 20 16 31 35.402     2013 04 20 16 34 24.644     169.2
710
 2013 04 20 14 36 26.910     2013 04 20 14 39  8.416     161.5
711
712
 2013 04 20 12 06 12.463     2013 04 20 12 09 21.927     189.5
713
 2013 04 20 19 13 29.134     2013 04 20 19 16 17.976     168.8
714
 2013 04 20 08 08 58.474     2013 04 20 08 11 42.392     163.9
 2013 04 20 19 56 41.350     2013 04 20 20 00  2.698     201.3
715
716
 2013 04 20 10 41 31.191     2013 04 20 10 45  6.439     215.2
 2013 04 20 18 56 46.777     2013 04 20 18 59 23.612     156.8
717
 2013 04 20 06 43 20.787     2013 04 20 06 45 58.784     158.0
718
 2013 04 20 09 57 25.954     2013 04 20 09 58 10.362      44.4
 2013 04 20 16 33 55.006     2013 04 20 16 36 31.127     156.1
719
720
 2013 04 20 00 29 17.416     2013 04 20 00 31 54.762     157.3
 2013 04 20 07 07 49.132     2013 04 20 07 08 26.227      37.1
721
 2013 04 20 18 31 20.549     2013 04 20 18 34 16.047     175.5
722
 2013 04 20 02 41 56.351     2013 04 20 02 45 35.647     219.3
723
 2013 04 20 01 08 49.478     2013 04 20 01 11 48.086     178.6
 2013 04 20 11 10 59.679     2013 04 20 11 13 34.362     154.7
724
 2013 04 20 04 22 34.478     2013 04 20 04 26 20.177     225.7
 2013 04 20 12 38 20.396     2013 04 20 12 41 15.368     175.0
725
 2013 04 20 11 33 26.811     2013 04 20 11 36  3.264     156.5
 2013 04 20 18 07   .894     2013 04 20 18 10  6.635     185.7
726
 2013 04 20 18 32  7.047     2013 04 20 18 35 31.748     204.7
727
 2013 04 20 08 21 43.510     2013 04 20 08 24 33.962     170.5
728
 2013 04 20 09 35  8.152     2013 04 20 09 35 28.430      20.3
 2013 04 20 23 11 45.698     2013 04 20 23 14 35.926     170.2
729
 2013 04 20 01 17 50.388     2013 04 20 01 21 32.287     221.9
 2013 04 20 07 53 34.871     2013 04 20 07 56 16.609     161.7
730
 2013 04 20 07 13 48.421     2013 04 20 07 16 38.805     170.4
 2013 04 20 20 51 49.110     2013 04 20 20 54 26.454     157.3
731
 2013 04 20 17 05 11.170     2013 04 20 17 09  3.613     232.4
 2013 04 20 22 01 28.201     2013 04 20 22 04 51.581     203.4
732
 2013 04 20 11 22  4.064     2013 04 20 11 22 28.798      24.7
 2013 04 20 23 03 42.275     2013 04 20 23 06 49.290     187.0
733
 2013 04 20 13 02  5.381     2013 04 20 13 04 41.422     156.0
734
 2013 04 20 06 43   .830     2013 04 20 06 45 45.847     165.0
735
 2013 04 20 05 48  1.829     2013 04 20 05 51 21.293     199.5
 2013 04 20 17 32 41.399     2013 04 20 17 34 29.821     108.4
736
737
 2013 04 20 07 33 27.202     2013 04 20 07 36 49.330     202.1
 2013 04 20 15 47 15.516     2013 04 20 15 50 35.788     200.3
738
 2013 04 20 21 28 52.949     2013 04 20 21 31 42.941     170.0
739
 2013 04 20 11 19 50.761     2013 04 20 11 22 26.467     155.7
740
 2013 04 20 08 02 31.108     2013 04 20 08 05 11.590     160.5
 2013 04 20 21 37 42.517     2013 04 20 21 39 30.416     107.9
741
 2013 04 20 16 56 40.654     2013 04 20 16 59 23.882     163.2
742
 2013 04 20 06 02 56.448     2013 04 20 06 06 35.021     218.6
 2013 04 20 10 58 58.725     2013 04 20 11 02 47.305     228.6
743
 2013 04 20 04 25  7.425     2013 04 20 04 28 17.277     189.9
744
 2013 04 20 17 44 44.901     2013 04 20 17 47 58.119     193.2
745
 2013 04 20 05 58   .335     2013 04 20 06 01  8.005     187.7
 2013 04 20 14 13 24.601     2013 04 20 14 16  1.328     156.7
746
 2013 04 20 01 55  9.039     2013 04 20 01 58 10.323     181.3
 2013 04 20 11 59 41.169     2013 04 20 12 00 33.549      52.4
747
 2013 04 20 06 38 37.452     2013 04 20 06 41 12.849     155.4
748
 2013 04 20 20 51 44.116     2013 04 20 20 52 13.075      29.0
749
 2013 04 20 08 15 40.041     2013 04 20 08 18 21.853     161.8
 2013 04 20 18 15 29.132     2013 04 20 18 18 40.532     191.4
750
 2013 04 20 02 29   .693     2013 04 20 02 32  3.026     182.3
 2013 04 20 16 06 45.125     2013 04 20 16 10 22.138     217.0
751
 2013 04 20 08 02 19.670     2013 04 20 08 06  5.215     225.5
 2013 04 20 21 36 19.037     2013 04 20 21 39 35.231     196.2
752
753
 2013 04 20 00 55 20.127     2013 04 20 00 55 52.902      32.8
 2013 04 20 14 33 51.763     2013 04 20 14 37  9.248     197.5
754
 2013 04 20 20 46 33.964     2013 04 20 20 48 10.121      96.2
755
756
 2013 04 20 23 03 35.801     2013 04 20 23 06 55.012     199.2
757
 2013 04 20 06 42 52.658     2013 04 20 06 46 37.424     224.8
758
 2013 04 20 04 27 44.497     2013 04 20 04 30 22.148     157.7
 2013 04 20 11 01 31.345     2013 04 20 11 04 30.617     179.3
759
 2013 04 20 16 09 50.379     2013 04 20 16 12 47.920     177.5
760
 2013 04 20 02 23   .593     2013 04 20 02 25 36.264     155.7
761
 2013 04 20 16 44 29.028     2013 04 20 16 47  1.952     152.9
762
763
 2013 04 20 00 17  1.872     2013 04 20 00 20 25.986     204.1
764
 2013 04 20 13 47 10.348     2013 04 20 13 50 43.734     213.4
765
766
 2013 04 20 08 45 23.115     2013 04 20 08 47 57.955     154.8
767
 2013 04 20 14 29 48.143     2013 04 20 14 32 27.944     159.8
768
 2013 04 20 01 43 25.192     2013 04 20 01 47   .303     215.1
 2013 04 20 15 20 20.514     2013 04 20 15 21 56.967      96.5
769
 2013 04 20 23 01 51.117     2013 04 20 23 04 27.168     156.1
770
 2013 04 20 03 25 44.962     2013 04 20 03 28 19.937     155.0
 2013 04 20 15 12 11.502     2013 04 20 15 15 35.882     204.4
771
 2013 04 20 05 03 15.742     2013 04 20 05 05 50.167     154.4
772
773
 2013 04 20 13 50 39.101     2013 04 20 13 53 35.802     176.7
 2013 04 20 22 06 26.675     2013 04 20 22 09  6.611     159.9
774
 2013 04 20 05 39 34.878     2013 04 20 05 42  9.426     154.5
 2013 04 20 19 16 45.402     2013 04 20 19 19 22.940     157.5
775
 2013 04 20 03 57 57.411     2013 04 20 04 00 32.614     155.2
776
 2013 04 20 05 29 38.522     2013 04 20 05 32 14.554     156.0
 2013 04 20 22 34  6.745     2013 04 20 22 37 30.386     203.6
777
 2013 04 20 22 16 10.010     2013 04 20 22 18 44.997     155.0
778
 2013 04 20 04 47 48.122     2013 04 20 04 50 26.125     158.0
 2013 04 20 20 08 49.498     2013 04 20 20 12  4.453     195.0
779
 2013 04 20 08 53  4.163     2013 04 20 08 55 41.464     157.3
780
 2013 04 20 13 43 16.475     2013 04 20 13 45 50.469     154.0
781
 2013 04 20 12 05  1.596     2013 04 20 12 06  9.867      68.3
782
 2013 04 20 01 53 14.100     2013 04 20 01 55 58.855     164.8
783
 2013 04 20 04 47 20.916     2013 04 20 04 50 18.331     177.4
 2013 04 20 20 08 17.356     2013 04 20 20 11  3.678     166.3
784
 2013 04 20 13 25 11.810     2013 04 20 13 27 49.058     157.2
785
 2013 04 20 09 32 15.486     2013 04 20 09 34 53.452     158.0
786
 2013 04 20 18 13 29.445     2013 04 20 18 16 29.417     180.0
787
788
 2013 04 20 06 20  4.267     2013 04 20 06 23  2.018     177.8
 2013 04 20 21 42 38.349     2013 04 20 21 43   .732      22.4
789
 2013 04 20 05 10 23.230     2013 04 20 05 13 19.278     176.0
 2013 04 20 13 27 38.124     2013 04 20 13 30 14.120     156.0
790
 2013 04 20 04 41 30.668     2013 04 20 04 44 29.871     179.2
 2013 04 20 23 23 47.054     2013 04 20 23 27 29.308     222.3
791
 2013 04 20 14 41 41.319     2013 04 20 14 44 17.590     156.3
 2013 04 20 21 16 16.751     2013 04 20 21 18 53.261     156.5
792
 2013 04 20 17 45 26.072     2013 04 20 17 48  6.851     160.8
793
 2013 04 20 01 19 27.778     2013 04 20 01 20 13.999      46.2
 2013 04 20 06 15 54.161     2013 04 20 06 19 16.425     202.3
 2013 04 20 23 24  3.673     2013 04 20 23 24  7.260       3.6
794
 2013 04 20 15 22 17.448     2013 04 20 15 25 30.141     192.7
795
796
 2013 04 20 15 03 54.671     2013 04 20 15 06 35.235     160.6
797
798
 2013 04 20 02 24  9.052     2013 04 20 02 27 48.929     219.9
 2013 04 20 17 48 32.805     2013 04 20 17 51  9.779     157.0
799
 2013 04 20 10 38 45.813     2013 04 20 10 39 27.204      41.4
800
 2013 04 20 12 15 14.908     2013 04 20 12 18 22.409     187.5
 2013 04 20 20 33 15.934     2013 04 20 20 36 17.433     181.5
801
802
 2013 04 20 01 56 12.331     2013 04 20 01 59 52.474     220.1
 2013 04 20 11 58 25.844     2013 04 20 12 01 18.228     172.4
803
804
 2013 04 20 02 22 27.915     2013 04 20 02 25  9.286     161.4
 2013 04 20 19 25 29.809     2013 04 20 19 28 52.841     203.0
805
806
 2013 04 20 02 47 46.135     2013 04 20 02 51  8.676     202.5
 2013 04 20 11 03 52.714     2013 04 20 11 07 14.368     201.7
807
 2013 04 20 11 18 39.558     2013 04 20 11 22 18.696     219.1
 2013 04 20 23 03 48.373     2013 04 20 23 07 10.126     201.8
808
 2013 04 20 12 21 58.328     2013 04 20 12 22 13.619      15.3
 2013 04 20 13 56  6.632     2013 04 20 13 57 38.047      91.4
 2013 04 20 18 52 27.658     2013 04 20 18 55 45.101     197.4
809
 2013 04 20 14 30  1.874     2013 04 20 14 33 32.668     210.8
810
 2013 04 20 01 04 19.314     2013 04 20 01 07  7.479     168.2
811
 2013 04 20 06 24 12.865     2013 04 20 06 26 56.468     163.6
812
 2013 04 20 05 11 10.143     2013 04 20 05 14   .892     170.7
 2013 04 20 13 26 17.234     2013 04 20 13 28 58.268     161.0
813
 2013 04 20 14 37 20.535     2013 04 20 14 40 57.562     217.0
 2013 04 20 22 53  8.555     2013 04 20 22 56  2.620     174.1
814
 2013 04 20 21 28 19.612     2013 04 20 21 31  8.131     168.5
815
816
 2013 04 20 01 51 27.440     2013 04 20 01 51 30.393       3.0
817
 2013 04 20 08 59 24.140     2013 04 20 09 02 20.924     176.8
818
 2013 04 20 09 12 15.321     2013 04 20 09 14 55.363     160.0
 2013 04 20 14 07  2.431     2013 04 20 14 10 21.550     199.1
 2013 04 20 15 44 25.081     2013 04 20 15 44 29.223       4.1
819
 2013 04 20 11 59 47.693     2013 04 20 12 02 28.924     161.2
820
 2013 04 20 15 03 25.259     2013 04 20 15 06 10.907     165.6
821
 2013 04 20 19 49 51.511     2013 04 20 19 50 40.070      48.6
822
823
 2013 04 20 01 01 19.895     2013 04 20 01 03 52.783     152.9
 2013 04 20 12 51 51.622     2013 04 20 12 55  8.667     197.0
824
 2013 04 20 15 04 54.682     2013 04 20 15 07 32.126     157.4
825
826
 2013 04 20 05 46 28.285     2013 04 20 05 49 57.170     208.9
 2013 04 20 17 33 57.114     2013 04 20 17 36 31.101     154.0
827
 2013 04 20 01 19 40.704     2013 04 20 01 22 51.356     190.7
 2013 04 20 06 15 20.200     2013 04 20 06 18 38.008     197.8
828
 2013 04 20 02 31  9.329     2013 04 20 02 34 30.228     200.9
829
 2013 04 20 04 59  4.644     2013 04 20 04 59 20.810      16.2
 2013 04 20 16 48 10.450     2013 04 20 16 48 26.487      16.0
830
 2013 04 20 08 44 48.701     2013 04 20 08 48 20.442     211.7
831
 2013 04 20 04 55 16.468     2013 04 20 04 56 26.084      69.6
 2013 04 20 18 27 37.417     2013 04 20 18 30 18.569     161.2
832
 2013 04 20 15 28 49.061     2013 04 20 15 32 41.043     232.0
 2013 04 20 22 04 49.222     2013 04 20 22 07 28.829     159.6
833
 2013 04 20 07 23 32.240     2013 04 20 07 26 40.415     188.2
834
 2013 04 20 03 35 21.189     2013 04 20 03 38 36.257     195.1
 2013 04 20 11 51 21.810     2013 04 20 11 54 24.494     182.7
835
 2013 04 20 03 37  3.571     2013 04 20 03 39 50.492     166.9
 2013 04 20 11 52 20.624     2013 04 20 11 55 37.771     197.1
836
 2013 04 20 00 03 21.401     2013 04 20 00 06  1.147     159.7
 2013 04 20 15 25  8.072     2013 04 20 15 27 44.406     156.3
 2013 04 20 23 41 47.211     2013 04 20 23 44 30.528     163.3
837
838
 2013 04 20 08 10 36.616     2013 04 20 08 11  1.544      24.9
 2013 04 20 19 55 33.716     2013 04 20 19 58 58.388     204.7
839
 2013 04 20 23 09 25.501     2013 04 20 23 11 58.657     153.2
840
 2013 04 20 07 22 12.746     2013 04 20 07 24 54.342     161.6
 2013 04 20 19 08 47.957     2013 04 20 19 09 31.434      43.5
841
842
 2013 04 20 01 32 51.783     2013 04 20 01 35 39.758     168.0
 2013 04 20 18 37   .252     2013 04 20 18 40 42.165     221.9
 2013 04 20 20 14 45.810     2013 04 20 20 15  1.917      16.1
843
 2013 04 20 09 50 32.442     2013 04 20 09 53 30.878     178.4
 2013 04 20 19 49 47.138     2013 04 20 19 50 34.466      47.3
844
 2013 04 20 09 46 28.113     2013 04 20 09 49  7.330     159.2
845
 2013 04 20 07 28 17.826     2013 04 20 07 31  1.254     163.4
 2013 04 20 17 27 39.892     2013 04 20 17 30 29.028     169.1
846
 2013 04 20 12 14 54.718     2013 04 20 12 17 52.625     177.9
 2013 04 20 20 34 21.884     2013 04 20 20 35 23.569      61.7
847
 2013 04 20 06 00  1.525     2013 04 20 06 02 50.881     169.4
848
 2013 04 20 12 20 13.199     2013 04 20 12 22 50.465     157.3
 2013 04 20 18 54 26.578     2013 04 20 18 57  8.419     161.8
849
 2013 04 20 03 09 39.162     2013 04 20 03 12 16.327     157.2
 2013 04 20 20 12 29.939     2013 04 20 20 15 45.438     195.5
850
 2013 04 20 13 00 27.994     2013 04 20 13 03 21.066     173.1
 2013 04 20 22 57 17.132     2013 04 20 22 57 22.634       5.5
851
 2013 04 20 09 52  9.754     2013 04 20 09 54 56.530     166.8
852
 2013 04 20 04 56 31.940     2013 04 20 04 59 37.246     185.3
853
 2013 04 20 00 25 15.891     2013 04 20 00 27 53.637     157.7
854
 2013 04 20 11 28 11.193     2013 04 20 11 31  3.467     172.3
 2013 04 20 19 45 45.987     2013 04 20 19 48 43.702     177.7
855
 2013 04 20 16 49 22.128     2013 04 20 16 52 46.495     204.4
856
 2013 04 20 03 31 44.304     2013 04 20 03 35  7.751     203.4
 2013 04 20 13 30 37.603     2013 04 20 13 33 21.027     163.4
857
 2013 04 20 23 08 41.229     2013 04 20 23 11 56.018     194.8
858
859
 2013 04 20 10 28 14.783     2013 04 20 10 31  9.092     174.3
 2013 04 20 22 20  2.604     2013 04 20 22 23 16.398     193.8
860
 2013 04 20 03 58 25.935     2013 04 20 04 02   .424     214.5
 2013 04 20 19 20 32.731     2013 04 20 19 23 48.253     195.5
861
 2013 04 20 07 31 31.469     2013 04 20 07 31 50.519      19.1
 2013 04 20 15 47 20.605     2013 04 20 15 50 23.608     183.0
862
 2013 04 20 12 47 19.167     2013 04 20 12 47 34.848      15.7
863
 2013 04 20 09 09 16.782     2013 04 20 09 11 53.403     156.6
 2013 04 20 15 48 23.114     2013 04 20 15 48 27.617       4.5
864
 2013 04 20 07 33 36.020     2013 04 20 07 36 38.817     182.8
 2013 04 20 15 47 29.598     2013 04 20 15 50 52.423     202.8
865
866
 2013 04 20 05 52 26.952     2013 04 20 05 55 56.000     209.0
 2013 04 20 15 52 48.597     2013 04 20 15 55 38.951     170.4
867
868
 2013 04 20 15 57 18.844     2013 04 20 16 00  9.471     170.6
869
 2013 04 20 09 47 43.545     2013 04 20 09 50 27.752     164.2
870
 2013 04 20 11 17 37.384     2013 04 20 11 20 59.488     202.1
 2013 04 20 23 06 20.247     2013 04 20 23 09 54.069     213.8
871
 2013 04 20 08 19 30.558     2013 04 20 08 22  8.462     157.9
 2013 04 20 16 35 51.565     2013 04 20 16 38 38.760     167.2
872
 2013 04 20 01 12 32.209     2013 04 20 01 15 13.797     161.6
873
 2013 04 20 03 20  8.697     2013 04 20 03 22 53.426     164.7
874
 2013 04 20 08 46 44.112     2013 04 20 08 49 24.648     160.5
875
876
 2013 04 20 09 10 22.386     2013 04 20 09 13 49.908     207.5
 2013 04 20 15 46 15.134     2013 04 20 15 48 53.213     158.1
877
 2013 04 20 18 22 44.985     2013 04 20 18 23 32.795      47.8
878
 2013 04 20 23 15 58.537     2013 04 20 23 18 37.034     158.5
879
880
 2013 04 20 07 27 15.736     2013 04 20 07 27 28.333      12.6
 2013 04 20 17 27  4.440     2013 04 20 17 29 43.342     158.9
881
 2013 04 20 01 43 57.349     2013 04 20 01 46 38.030     160.7
 2013 04 20 15 19 16.736     2013 04 20 15 22 20.505     183.8
882
 2013 04 20 00 50 24.941     2013 04 20 00 54  3.090     218.1
 2013 04 20 16 11 28.170     2013 04 20 16 14  5.368     157.2
883
 2013 04 20 07 32 26.267     2013 04 20 07 33 44.848      78.6
 2013 04 20 15 49 53.292     2013 04 20 15 52 51.470     178.2
884
885
 2013 04 20 21 45 25.829     2013 04 20 21 48 20.666     174.8
886
 2013 04 20 07 14 38.925     2013 04 20 07 14 56.350      17.4
887
 2013 04 20 00 00   .000     2013 04 20 00 03  8.410     188.4
 2013 04 20 17 04 37.349     2013 04 20 17 07 19.933     162.6
 2013 04 20 23 38  9.031     2013 04 20 23 41 33.264     204.2
888
 2013 04 20 21 40 39.502     2013 04 20 21 44 24.203     224.7
889
 2013 04 20 06 28  7.036     2013 04 20 06 30 41.881     154.8
 2013 04 20 20 02 44.380     2013 04 20 20 06 26.566     222.2
890
 2013 04 20 11 22   .659     2013 04 20 11 24 35.054     154.4
891
 2013 04 20 16 02 42.182     2013 04 20 16 05 26.384     164.2
892
 2013 04 20 06 41 21.641     2013 04 20 06 43 59.366     157.7
 2013 04 20 16 40 36.062     2013 04 20 16 43 59.988     203.9
893
 2013 04 20 07 13 48.007     2013 04 20 07 16 43.515     175.5
 2013 04 20 20 50 38.127     2013 04 20 20 53 15.309     157.2
894
 2013 04 20 06 42 36.787     2013 04 20 06 45 43.429     186.6
895
 2013 04 20 12 13  4.575     2013 04 20 12 16 27.190     202.6
 2013 04 20 22 09 33.855     2013 04 20 22 09 51.103      17.2
896
 2013 04 20 09 42 48.336     2013 04 20 09 45 27.695     159.4
 2013 04 20 21 31 20.202     2013 04 20 21 33 52.849     152.6
897
 2013 04 20 04 42 47.036     2013 04 20 04 45 26.192     159.2
 2013 04 20 21 46 55.259     2013 04 20 21 49 46.282     171.0
898
 2013 04 20 12 15 40.670     2013 04 20 12 19 30.233     229.6
 2013 04 20 20 31 12.214     2013 04 20 20 33 54.628     162.4
899
 2013 04 20 00 56 27.001     2013 04 20 00 59 28.190     181.2
 2013 04 20 14 32 46.311     2013 04 20 14 36 25.551     219.2
900
 2013 04 20 18 31 35.333     2013 04 20 18 34 19.343     164.0
901
 2013 04 20 22 08 14.015     2013 04 20 22 11 30.849     196.8
902
 2013 04 20 07 26 29.026     2013 04 20 07 29  5.219     156.2
 2013 04 20 17 28 50.185     2013 04 20 17 32  1.851     191.7
903
 2013 04 20 04 44 57.998     2013 04 20 04 48 23.362     205.4
 2013 04 20 20 09 46.990     2013 04 20 20 10 33.238      46.2
904
 2013 04 20 04 24  4.749     2013 04 20 04 26 40.876     156.1
 2013 04 20 12 39 24.910     2013 04 20 12 42 15.396     170.5
905
 2013 04 20 00 17 49.513     2013 04 20 00 20 33.431     163.9
906
 2013 04 20 12 08  3.120     2013 04 20 12 10 41.483     158.4
907
 2013 04 20 09 09 34.384     2013 04 20 09 13 11.688     217.3
 2013 04 20 15 43 53.555     2013 04 20 15 46 47.931     174.4
908
 2013 04 20 19 19 41.909     2013 04 20 19 22 20.659     158.8
909
 2013 04 20 01 16 13.783     2013 04 20 01 19  1.107     167.3
910
 2013 04 20 05 57 52.345     2013 04 20 05 58 11.297      19.0
 2013 04 20 14 15 21.065     2013 04 20 14 18 28.630     187.6
911
 2013 04 20 01 05 21.148     2013 04 20 01 08 54.481     213.3
912
 2013 04 20 06 46 50.524     2013 04 20 06 49 26.161     155.6
 2013 04 20 15 00 36.493     2013 04 20 15 01 23.298      46.8
913
 2013 04 20 06 00 54.968     2013 04 20 06 03 42.652     167.7
 2013 04 20 12 36 15.541     2013 04 20 12 39 18.182     182.6
914
 2013 04 20 07 36 57.495     2013 04 20 07 39 37.106     159.6
 2013 04 20 14 10 18.899     2013 04 20 14 13 27.254     188.4
915
 2013 04 20 14 11 40.373     2013 04 20 14 15 13.693     213.3
916
 2013 04 20 09 54 33.138     2013 04 20 09 57 17.026     163.9
 2013 04 20 18 10 15.774     2013 04 20 18 12 50.512     154.7
917
 2013 04 20 21 33 12.763     2013 04 20 21 36 22.815     190.1
918
919
 2013 04 20 12 46 46.281     2013 04 20 12 49 39.376     173.1
920
 2013 04 20 23 16 39.853     2013 04 20 23 19 27.380     167.5
921
 2013 04 20 04 49 18.683     2013 04 20 04 53  7.792     229.1
 2013 04 20 18 33 38.155     2013 04 20 18 34 47.230      69.1
922
 2013 04 20 07 23 46.789     2013 04 20 07 24 36.706      49.9
923
 2013 04 20 00 08 50.822     2013 04 20 00 11 35.464     164.6
 2013 04 20 13 45 43.216     2013 04 20 13 48 39.253     176.0
924
 2013 04 20 07 22 29.090     2013 04 20 07 25 30.171     181.1
 2013 04 20 19 07 41.611     2013 04 20 19 11 21.309     219.7
925
 2013 04 20 00 01 45.264     2013 04 20 00 04 48.482     183.2
 2013 04 20 15 25 55.625     2013 04 20 15 29 24.853     209.2
 2013 04 20 23 40 16.411     2013 04 20 23 43 13.456     177.0
926
 2013 04 20 04 17 33.952     2013 04 20 04 20 32.648     178.7
 2013 04 20 14 18 39.011     2013 04 20 14 21 51.983     193.0
927
 2013 04 20 09 05 19.573     2013 04 20 09 07 54.926     155.4
928
 2013 04 20 08 24 51.580     2013 04 20 08 28 19.301     207.7
 2013 04 20 13 20 44.669     2013 04 20 13 24 30.816     226.1
929
 2013 04 20 02 46 14.383     2013 04 20 02 49   .462     166.1
930
 2013 04 20 01 34  5.076     2013 04 20 01 36 43.034     158.0
 2013 04 20 18 38  1.186     2013 04 20 18 40 38.560     157.4
931
 2013 04 20 15 46 53.756     2013 04 20 15 49 55.951     182.2
932
933
 2013 04 20 08 55 13.468     2013 04 20 08 57 46.456     153.0
 2013 04 20 20 44 27.767     2013 04 20 20 47  2.616     154.8
934
 2013 04 20 01 11 20.881     2013 04 20 01 13 58.251     157.4
935
 2013 04 20 16 14 22.081     2013 04 20 16 15 13.498      51.4
 2013 04 20 22 48 48.522     2013 04 20 22 52 31.173     222.7
936
 2013 04 20 00 06 56.054     2013 04 20 00 09 52.687     176.6
 2013 04 20 13 47 50.729     2013 04 20 13 48 51.971      61.2
 2013 04 20 23 45 18.931     2013 04 20 23 48 24.532     185.6
937
938
 2013 04 20 06 20 49.068     2013 04 20 06 20 51.807       2.7
 2013 04 20 21 42 18.916     2013 04 20 21 44 57.589     158.7
939
 2013 04 20 07 58  9.856     2013 04 20 08 00 47.387     157.5
940
 2013 04 20 15 28  9.453     2013 04 20 15 30 46.545     157.1
 2013 04 20 22 03  8.904     2013 04 20 22 06 28.327     199.4
941
942
 2013 04 20 01 09 15.864     2013 04 20 01 12 50.399     214.5
 2013 04 20 11 08 56.089     2013 04 20 11 11 31.485     155.4
943
 2013 04 20 23 06 47.780     2013 04 20 23 07 10.222      22.4
944
 2013 04 20 03 11 52.076     2013 04 20 03 14 28.618     156.5
 2013 04 20 18 34 30.874     2013 04 20 18 37 18.801     167.9
945
 2013 04 20 07 17 26.717     2013 04 20 07 20 13.006     166.3
946
 2013 04 20 05 52 19.016     2013 04 20 05 54 56.564     157.5
 2013 04 20 15 53 45.006     2013 04 20 15 56 44.586     179.6
947
 2013 04 20 13 06 44.291     2013 04 20 13 09 33.487     169.2
 2013 04 20 19 41  5.937     2013 04 20 19 43 47.619     161.7
948
 2013 04 20 10 27 43.636     2013 04 20 10 27 53.575       9.9
949
 2013 04 20 06 30 20.752     2013 04 20 06 31 21.395      60.6
 2013 04 20 18 26 58.903     2013 04 20 18 28 18.326      79.4
950
 2013 04 20 16 49 58.440     2013 04 20 16 53 43.093     224.7
951
 2013 04 20 03 26 34.499     2013 04 20 03 29 47.048     192.5
952
 2013 04 20 09 04 43.327     2013 04 20 09 07 21.829     158.5
953
954
 2013 04 20 13 02 56.454     2013 04 20 13 05 31.672     155.2
 2013 04 20 21 19 41.261     2013 04 20 21 22 43.900     182.6
955
 2013 04 20 05 11 43.903     2013 04 20 05 14 45.376     181.5
 2013 04 20 13 25 41.525     2013 04 20 13 28 59.333     197.8
956
 2013 04 20 01 17 26.906     2013 04 20 01 21  7.297     220.4
 2013 04 20 07 53 32.824     2013 04 20 07 56 10.642     157.8
957
 2013 04 20 07 09  8.132     2013 04 20 07 11 51.745     163.6
 2013 04 20 22 31 14.236     2013 04 20 22 34  2.062     167.8
958
 2013 04 20 05 01  5.808     2013 04 20 05 03 54.495     168.7
959
960
 2013 04 20 07 55 16.978     2013 04 20 07 57 59.308     162.3
 2013 04 20 23 17 49.963     2013 04 20 23 20 55.647     185.7
961
 2013 04 20 01 56  6.634     2013 04 20 01 58 50.575     163.9
 2013 04 20 11 57  7.799     2013 04 20 11 59 56.956     169.2
962
 2013 04 20 17 25 45.889     2013 04 20 17 28 22.888     157.0
963
964
965
 2013 04 20 09 00  5.152     2013 04 20 09 01  6.931      61.8
 2013 04 20 20 41 15.169     2013 04 20 20 42 20.020      64.9
966
967
 2013 04 20 19 08 55.770     2013 04 20 19 09 12.987      17.2
968
 2013 04 20 01 50 25.498     2013 04 20 01 53 42.783     197.3
 2013 04 20 13 37 28.254     2013 04 20 13 40  6.750     158.5
969
 2013 04 20 11 17 51.878     2013 04 20 11 21 24.442     212.6
 2013 04 20 23 06  1.175     2013 04 20 23 06 22.442      21.3
970
 2013 04 20 08 22 50.537     2013 04 20 08 25 31.243     160.7
 2013 04 20 14 57 26.552     2013 04 20 15 00 21.921     175.4
971
 2013 04 20 05 47 32.015     2013 04 20 05 50 41.779     189.8
 2013 04 20 17 33 23.578     2013 04 20 17 36 36.292     192.7
972
 2013 04 20 01 52 25.646     2013 04 20 01 55 54.174     208.5
973
974
 2013 04 20 01 46 26.203     2013 04 20 01 49 44.265     198.1
975
 2013 04 20 13 00 34.478     2013 04 20 13 04 16.726     222.2
976
 2013 04 20 12 57 34.576     2013 04 20 13 00 47.546     193.0
 2013 04 20 23 00 36.133     2013 04 20 23 03 12.732     156.6
977
 2013 04 20 23 15   .919     2013 04 20 23 17 36.096     155.2
978
 2013 04 20 03 21 23.147     2013 04 20 03 24 23.440     180.3
979
 2013 04 20 02 44 22.821     2013 04 20 02 47 36.125     193.3
 2013 04 20 12 43 32.286     2013 04 20 12 46 14.353     162.1
980
 2013 04 20 00 42 20.633     2013 04 20 00 43 19.561      58.9
 2013 04 20 02 20 38.094     2013 04 20 02 23 57.447     199.4
 2013 04 20 19 26  9.443     2013 04 20 19 29  4.946     175.5
981
 2013 04 20 13 35  1.501     2013 04 20 13 38 19.893     198.4
982
 2013 04 20 03 29 33.061     2013 04 20 03 32  8.390     155.3
 2013 04 20 13 35 39.887     2013 04 20 13 35 55.461      15.6
983
 2013 04 20 09 53 14.439     2013 04 20 09 56 12.078     177.6
 2013 04 20 18 11  9.418     2013 04 20 18 14 30.147     200.7
984
 2013 04 20 07 36 50.151     2013 04 20 07 39 45.473     175.3
 2013 04 20 14 11  9.133     2013 04 20 14 14 11.023     181.9
985
 2013 04 20 09 12  3.645     2013 04 20 09 14 44.200     160.6
 2013 04 20 14 07  3.793     2013 04 20 14 10 57.897     234.1
 2013 04 20 15 45  3.288     2013 04 20 15 48 53.037     229.7
986
 2013 04 20 11 34  8.255     2013 04 20 11 36 51.794     163.5
 2013 04 20 16 29 16.310     2013 04 20 16 32 53.725     217.4
 2013 04 20 18 06 53.684     2013 04 20 18 07  2.777       9.1
987
 2013 04 20 08 13 57.423     2013 04 20 08 17  8.660     191.2
 2013 04 20 18 14 52.434     2013 04 20 18 18  6.033     193.6
988
989
 2013 04 20 06 00 22.347     2013 04 20 06 01  2.668      40.3
 2013 04 20 07 38 19.424     2013 04 20 07 40 18.403     119.0
 2013 04 20 12 34 37.607     2013 04 20 12 37 26.044     168.4
990
 2013 04 20 03 28 39.091     2013 04 20 03 31 15.504     156.4
991
 2013 04 20 02 50 55.308     2013 04 20 02 54 40.895     225.6
 2013 04 20 09 25 19.405     2013 04 20 09 28 33.365     194.0
992
 2013 04 20 10 29   .221     2013 04 20 10 29 43.516      43.3
993
 2013 04 20 01 35  2.660     2013 04 20 01 37 53.511     170.9
 2013 04 20 18 38 24.870     2013 04 20 18 41 41.829     197.0
994
 2013 04 20 09 36 17.340     2013 04 20 09 36 20.739       3.4
995
996
 2013 04 20 00 02  8.861     2013 04 20 00 04 58.120     169.3
 2013 04 20 15 25 47.747     2013 04 20 15 28 58.474     190.7
 2013 04 20 23 40 39.007     2013 04 20 23 43 23.871     164.9
997
 2013 04 20 13 36  4.152     2013 04 20 13 39  6.878     182.7
998
 2013 04 20 02 22 23.288     2013 04 20 02 25  3.897     160.6
 2013 04 20 19 24 51.980     2013 04 20 19 28 14.259     202.3
999
