s5
0
 2013 04 20 02 08  6.049     2013 04 20 02 11 24.893     198.8
 2013 04 20 13 56 50.513     2013 04 20 13 59 46.080     175.6
1
 2013 04 20 10 04 22.704     2013 04 20 10 05 29.811      67.1
 2013 04 20 21 49  3.430     2013 04 20 21 51 37.222     153.8
2
 2013 04 20 01 56 50.932     2013 04 20 01 56 55.056       4.1
 2013 04 20 18 55 30.258     2013 04 20 18 58 22.733     172.5
3
 2013 04 20 06 14 51.652     2013 04 20 06 17 34.994     163.3
4
 2013 04 20 21 10 39.452     2013 04 20 21 11 50.619      71.2
5
 2013 04 20 05 15 46.641     2013 04 20 05 18  9.847     143.2
 2013 04 20 17 08 43.662     2013 04 20 17 11 33.041     169.4
6
 2013 04 20 12 18 37.521     2013 04 20 12 21 22.470     164.9
7
 2013 04 20 01 27 54.798     2013 04 20 01 30 35.142     160.3
 2013 04 20 11 28 49.694     2013 04 20 11 31 31.634     161.9
8
 2013 04 20 06 46 24.334     2013 04 20 06 49 50.219     205.9
 2013 04 20 20 21 13.309     2013 04 20 20 24  9.763     176.5
9
 2013 04 20 14 38 24.142     2013 04 20 14 38 40.757      16.6
10
11
 2013 04 20 07 51 42.520     2013 04 20 07 55  2.618     200.1
 2013 04 20 16 08 26.094     2013 04 20 16 11 21.497     175.4
12
13
 2013 04 20 05 30 53.447     2013 04 20 05 33 33.559     160.1
 2013 04 20 13 44 56.519     2013 04 20 13 48 29.375     212.9
14
15
 2013 04 20 02 47 29.218     2013 04 20 02 50 44.154     194.9
 2013 04 20 16 27 38.566     2013 04 20 16 30 44.436     185.9
16
 2013 04 20 07 27 33.022     2013 04 20 07 31 20.785     227.8
 2013 04 20 22 50 53.780     2013 04 20 22 53 52.739     179.0
17
 2013 04 20 09 20 38.399     2013 04 20 09 23 33.677     175.3
 2013 04 20 19 21 21.498     2013 04 20 19 24  9.008     167.5
18
 2013 04 20 12 14  9.155     2013 04 20 12 16 48.027     158.9
19
 2013 04 20 05 52 36.395     2013 04 20 05 56  9.750     213.4
 2013 04 20 21 16 26.337     2013 04 20 21 19  4.179     157.8
20
 2013 04 20 12 35  2.054     2013 04 20 12 37 42.001     159.9
 2013 04 20 20 51  8.259     2013 04 20 20 53 48.266     160.0
21
 2013 04 20 15 47 21.530     2013 04 20 15 50 35.099     193.6
 2013 04 20 22 23 10.787     2013 04 20 22 25 57.274     166.5
22
 2013 04 20 09 12 13.803     2013 04 20 09 14 47.795     154.0
23
 2013 04 20 03 06 10.207     2013 04 20 03 09 25.908     195.7
 2013 04 20 11 26 41.291     2013 04 20 11 26 45.319       4.0
24
25
26
 2013 04 20 13 05 35.626     2013 04 20 13 08 59.517     203.9
27
 2013 04 20 07 36 52.870     2013 04 20 07 39 51.271     178.4
28
 2013 04 20 04 45   .103     2013 04 20 04 48 49.628     229.5
 2013 04 20 11 21 31.452     2013 04 20 11 24 23.526     172.1
29
30
 2013 04 20 06 43 27.937     2013 04 20 06 46 58.254     210.3
 2013 04 20 20 24 16.138     2013 04 20 20 27 35.662     199.5
31
 2013 04 20 03 35 28.810     2013 04 20 03 38 20.026     171.2
 2013 04 20 17 13 13.605     2013 04 20 17 16 29.674     196.1
32
33
 2013 04 20 12 09  4.436     2013 04 20 12 12 34.688     210.3
34
 2013 04 20 11 44  8.180     2013 04 20 11 47 18.947     190.8
35
 2013 04 20 03 55 36.052     2013 04 20 03 56 52.924      76.9
 2013 04 20 12 11 49.218     2013 04 20 12 13 27.863      98.6
36
 2013 04 20 09 56 24.343     2013 04 20 09 59 45.641     201.3
 2013 04 20 23 29 32.873     2013 04 20 23 30 20.505      47.6
37
 2013 04 20 10 51 42.827     2013 04 20 10 54 32.546     169.7
38
 2013 04 20 13 55 25.459     2013 04 20 13 58 41.163     195.7
39
 2013 04 20 02 08  6.042     2013 04 20 02 11 17.920     191.9
 2013 04 20 13 58 45.463     2013 04 20 14 01 20.870     155.4
40
41
42
 2013 04 20 07 51 13.296     2013 04 20 07 54 58.804     225.5
 2013 04 20 16 06 26.650     2013 04 20 16 09  2.137     155.5
43
 2013 04 20 02 41 35.263     2013 04 20 02 41 59.625      24.4
 2013 04 20 18 07 18.868     2013 04 20 18 08 12.154      53.3
44
45
 2013 04 20 05 21 12.089     2013 04 20 05 23 48.397     156.3
46
 2013 04 20 11 41 23.929     2013 04 20 11 44 46.341     202.4
 2013 04 20 21 45 47.891     2013 04 20 21 46 38.001      50.1
47
 2013 04 20 22 41 26.012     2013 04 20 22 44  2.067     156.1
48
 2013 04 20 14 12 29.820     2013 04 20 14 16  1.677     211.9
 2013 04 20 15 50 10.177     2013 04 20 15 50 11.214       1.0
 2013 04 20 20 46 41.852     2013 04 20 20 49 24.046     162.2
49
 2013 04 20 01 54 28.830     2013 04 20 01 57 15.047     166.2
 2013 04 20 18 56 57.086     2013 04 20 18 57 33.573      36.5
50
 2013 04 20 03 56  7.437     2013 04 20 03 59 27.014     199.6
 2013 04 20 12 09 39.144     2013 04 20 12 13 12.500     213.4
51
 2013 04 20 05 23 51.119     2013 04 20 05 27 18.823     207.7
 2013 04 20 15 24 27.791     2013 04 20 15 27 30.039     182.2
52
 2013 04 20 02 06 11.885     2013 04 20 02 06 59.886      48.0
 2013 04 20 15 36 41.712     2013 04 20 15 40  5.790     204.1
53
54
 2013 04 20 16 22 50.409     2013 04 20 16 26 29.081     218.7
55
 2013 04 20 16 14 44.537     2013 04 20 16 15  6.093      21.6
56
57
 2013 04 20 02 56 52.126     2013 04 20 02 56 55.366       3.2
58
 2013 04 20 06 02 55.597     2013 04 20 06 05 29.233     153.6
59
 2013 04 20 08 39 36.473     2013 04 20 08 42 45.448     189.0
 2013 04 20 16 53 45.072     2013 04 20 16 56 55.139     190.1
60
61
 2013 04 20 13 06  7.523     2013 04 20 13 08 41.113     153.6
62
 2013 04 20 05 06 25.003     2013 04 20 05 09 23.406     178.4
 2013 04 20 20 27  5.492     2013 04 20 20 30   .089     174.6
63
 2013 04 20 23 28 50.740     2013 04 20 23 30 38.528     107.8
64
 2013 04 20 01 13 57.923     2013 04 20 01 16 38.519     160.6
 2013 04 20 14 52 25.054     2013 04 20 14 55  6.499     161.4
65
 2013 04 20 11 25  7.681     2013 04 20 11 25 33.485      25.8
66
 2013 04 20 10 52 25.590     2013 04 20 10 54 58.856     153.3
67
 2013 04 20 02 43 13.428     2013 04 20 02 45 50.381     157.0
 2013 04 20 18 06 14.703     2013 04 20 18 09 16.767     182.1
68
 2013 04 20 07 03 19.340     2013 04 20 07 07   .093     220.8
 2013 04 20 15 19  9.764     2013 04 20 15 22  7.622     177.9
69
 2013 04 20 17 03 37.226     2013 04 20 17 06 51.174     193.9
70
 2013 04 20 06 39 38.416     2013 04 20 06 42 15.998     157.6
 2013 04 20 22 02 20.179     2013 04 20 22 05 24.432     184.3
71
72
 2013 04 20 09 08 10.971     2013 04 20 09 11 51.389     220.4
 2013 04 20 22 42 55.167     2013 04 20 22 45 49.338     174.2
73
 2013 04 20 05 53 45.691     2013 04 20 05 54 39.803      54.1
74
 2013 04 20 14 55 11.445     2013 04 20 14 58 49.981     218.5
75
 2013 04 20 02 16 15.861     2013 04 20 02 19 25.712     189.9
 2013 04 20 12 16 12.496     2013 04 20 12 19 58.046     225.6
76
 2013 04 20 00 22 39.358     2013 04 20 00 26 22.864     223.5
 2013 04 20 15 44 45.134     2013 04 20 15 46 54.553     129.4
77
 2013 04 20 03 42 42.935     2013 04 20 03 45 40.189     177.3
 2013 04 20 15 31 45.855     2013 04 20 15 34 39.496     173.6
78
 2013 04 20 11 04 56.898     2013 04 20 11 07 33.014     156.1
 2013 04 20 17 38 36.158     2013 04 20 17 41 34.505     178.3
79
 2013 04 20 23 22 39.728     2013 04 20 23 25 44.867     185.1
80
 2013 04 20 20 25 28.144     2013 04 20 20 28 10.266     162.1
81
 2013 04 20 03 41 24.896     2013 04 20 03 44 11.899     167.0
82
 2013 04 20 05 22 27.354     2013 04 20 05 25 25.274     177.9
83
84
 2013 04 20 11 45 23.711     2013 04 20 11 48  1.401     157.7
85
 2013 04 20 14 43  6.679     2013 04 20 14 45 59.944     173.3
86
 2013 04 20 02 39 19.164     2013 04 20 02 42 12.518     173.4
 2013 04 20 19 44 21.950     2013 04 20 19 47 48.064     206.1
 2013 04 20 21 22  7.407     2013 04 20 21 26   .006     232.6
87
 2013 04 20 04 40 29.986     2013 04 20 04 43 48.105     198.1
 2013 04 20 13 02 18.170     2013 04 20 13 03  7.224      49.1
88
89
 2013 04 20 00 51 12.065     2013 04 20 00 53 49.978     157.9
 2013 04 20 05 46  7.941     2013 04 20 05 49 25.829     197.9
90
 2013 04 20 06 45 51.963     2013 04 20 06 48 27.842     155.9
 2013 04 20 20 22 55.939     2013 04 20 20 25 36.293     160.4
91
 2013 04 20 05 15 24.588     2013 04 20 05 18 12.156     167.6
92
 2013 04 20 13 22 29.774     2013 04 20 13 25 22.211     172.4
 2013 04 20 21 39 16.273     2013 04 20 21 41 53.167     156.9
93
94
 2013 04 20 02 43  7.887     2013 04 20 02 46 22.793     194.9
 2013 04 20 18 05 12.729     2013 04 20 18 08 12.703     180.0
95
96
 2013 04 20 01 55  6.630     2013 04 20 01 57 55.113     168.5
 2013 04 20 17 22  4.047     2013 04 20 17 22  6.629       2.6
97
 2013 04 20 01 52 49.692     2013 04 20 01 55 54.880     185.2
 2013 04 20 18 56 19.592     2013 04 20 18 58 55.402     155.8
98
 2013 04 20 04 39 13.896     2013 04 20 04 42 52.434     218.5
99
 2013 04 20 01 15 50.799     2013 04 20 01 18 24.856     154.1
 2013 04 20 14 50 53.288     2013 04 20 14 54 21.588     208.3
100
 2013 04 20 01 54 45.555     2013 04 20 01 58  2.400     196.8
 2013 04 20 17 19 27.438     2013 04 20 17 19 30.855       3.4
101
 2013 04 20 18 02 54.048     2013 04 20 18 03 55.967      61.9
102
 2013 04 20 15 00 11.563     2013 04 20 15 03 28.607     197.0
 2013 04 20 21 35 59.574     2013 04 20 21 38 41.234     161.7
103
 2013 04 20 09 04 25.018     2013 04 20 09 07 20.259     175.2
104
 2013 04 20 03 09 43.268     2013 04 20 03 13 19.275     216.0
 2013 04 20 09 46  9.859     2013 04 20 09 46 16.656       6.8
105
106
107
 2013 04 20 03 12 33.792     2013 04 20 03 15 18.116     164.3
 2013 04 20 08 11 38.547     2013 04 20 08 11 48.655      10.1
 2013 04 20 09 45 55.530     2013 04 20 09 49 32.054     216.5
108
 2013 04 20 01 20 53.640     2013 04 20 01 21  4.104      10.5
 2013 04 20 13 11 24.727     2013 04 20 13 14 43.035     198.3
109
 2013 04 20 10 50 12.929     2013 04 20 10 53 37.084     204.2
110
 2013 04 20 09 18 33.995     2013 04 20 09 22 16.611     222.6
 2013 04 20 19 23 25.225     2013 04 20 19 27  4.234     219.0
111
 2013 04 20 15 37 14.325     2013 04 20 15 39 51.997     157.7
112
 2013 04 20 05 19  1.996     2013 04 20 05 19 50.426      48.4
113
 2013 04 20 04 28  9.171     2013 04 20 04 28 38.473      29.3
 2013 04 20 16 21 39.108     2013 04 20 16 24 33.705     174.6
114
 2013 04 20 14 13 39.081     2013 04 20 14 16 15.568     156.5
 2013 04 20 20 47 59.409     2013 04 20 20 50 37.608     158.2
115
 2013 04 20 15 35 32.845     2013 04 20 15 38  6.147     153.3
116
 2013 04 20 00 50 50.025     2013 04 20 00 52   .281      70.3
 2013 04 20 05 47 11.321     2013 04 20 05 50 55.897     224.6
117
 2013 04 20 06 12  8.421     2013 04 20 06 12 10.541       2.1
 2013 04 20 16 13  5.413     2013 04 20 16 13 15.092       9.7
118
 2013 04 20 14 59 28.866     2013 04 20 15 02 16.748     167.9
 2013 04 20 21 34 55.426     2013 04 20 21 38 38.640     223.2
119
 2013 04 20 12 24 17.943     2013 04 20 12 27 47.026     209.1
120
 2013 04 20 05 31 54.524     2013 04 20 05 35 44.931     230.4
 2013 04 20 12 08 33.307     2013 04 20 12 11 51.754     198.4
121
 2013 04 20 22 23 15.768     2013 04 20 22 27  4.825     229.1
122
 2013 04 20 12 30 56.683     2013 04 20 12 33 38.473     161.8
 2013 04 20 22 30 19.019     2013 04 20 22 33  7.241     168.2
123
 2013 04 20 05 06  5.514     2013 04 20 05 09 24.255     198.7
 2013 04 20 20 26 56.358     2013 04 20 20 29 40.267     163.9
124
 2013 04 20 01 52 53.252     2013 04 20 01 55 30.700     157.4
 2013 04 20 18 57 10.593     2013 04 20 18 59 49.329     158.7
125
 2013 04 20 09 19 57.714     2013 04 20 09 23 41.896     224.2
 2013 04 20 19 23 23.717     2013 04 20 19 25 57.378     153.7
126
 2013 04 20 09 26 15.854     2013 04 20 09 27 22.647      66.8
127
 2013 04 20 05 28 47.033     2013 04 20 05 31 23.596     156.6
 2013 04 20 13 45 49.130     2013 04 20 13 49  5.319     196.2
128
 2013 04 20 03 28 48.507     2013 04 20 03 31 48.472     180.0
 2013 04 20 20 30 23.531     2013 04 20 20 30 58.932      35.4
129
 2013 04 20 05 25 16.713     2013 04 20 05 25 18.934       2.2
130
131
132
133
 2013 04 20 07 03 49.116     2013 04 20 07 06 34.950     165.8
 2013 04 20 15 19 59.831     2013 04 20 15 22 47.949     168.1
134
 2013 04 20 00 00 44.310     2013 04 20 00 03 57.043     192.7
 2013 04 20 06 36 45.053     2013 04 20 06 36 52.533       7.5
 2013 04 20 23 39 15.893     2013 04 20 23 42 21.974     186.1
135
 2013 04 20 14 14 15.785     2013 04 20 14 17 25.432     189.6
 2013 04 20 20 48 25.957     2013 04 20 20 51 49.923     204.0
136
 2013 04 20 06 46 10.377     2013 04 20 06 49   .224     169.8
 2013 04 20 20 22 50.932     2013 04 20 20 26  2.051     191.1
137
 2013 04 20 02 25 59.885     2013 04 20 02 29 24.618     204.7
 2013 04 20 07 21 53.071     2013 04 20 07 25   .184     187.1
138
139
 2013 04 20 00 24 53.457     2013 04 20 00 27 33.119     159.7
140
 2013 04 20 10 44 12.193     2013 04 20 10 44 17.816       5.6
141
142
 2013 04 20 09 12  2.034     2013 04 20 09 14 54.319     172.3
 2013 04 20 21 07 28.323     2013 04 20 21 08 14.540      46.2
143
 2013 04 20 10 39 14.202     2013 04 20 10 41 51.249     157.0
144
 2013 04 20 02 11  5.842     2013 04 20 02 14 44.111     218.3
145
 2013 04 20 22 27 31.667     2013 04 20 22 30 53.754     202.1
146
 2013 04 20 13 23  3.118     2013 04 20 13 25 54.956     171.8
 2013 04 20 21 38 58.608     2013 04 20 21 41 57.403     178.8
147
 2013 04 20 03 26 51.992     2013 04 20 03 29 36.046     164.1
 2013 04 20 20 31 40.071     2013 04 20 20 34 47.498     187.4
148
 2013 04 20 16 29 56.198     2013 04 20 16 32 49.561     173.4
149
 2013 04 20 02 39 30.021     2013 04 20 02 42  9.466     159.4
 2013 04 20 19 43 44.203     2013 04 20 19 46 57.685     193.5
150
 2013 04 20 15 01 21.954     2013 04 20 15 04  2.044     160.1
 2013 04 20 21 34 49.725     2013 04 20 21 37 52.471     182.7
151
152
 2013 04 20 05 15 54.448     2013 04 20 05 18 35.175     160.7
153
 2013 04 20 14 54 32.120     2013 04 20 14 57 34.241     182.1
154
 2013 04 20 10 10  8.920     2013 04 20 10 13 39.632     210.7
 2013 04 20 20 06 29.777     2013 04 20 20 06 37.235       7.5
155
 2013 04 20 16 34  3.554     2013 04 20 16 37 41.886     218.3
 2013 04 20 23 08 22.863     2013 04 20 23 11 16.591     173.7
156
 2013 04 20 00 42 59.040     2013 04 20 00 43  2.128       3.1
157
158
 2013 04 20 02 41 22.516     2013 04 20 02 44 55.332     212.8
159
 2013 04 20 10 10 43.516     2013 04 20 10 14 10.758     207.2
160
161
162
 2013 04 20 10 38  6.203     2013 04 20 10 38 16.246      10.0
163
 2013 04 20 05 08 50.373     2013 04 20 05 09 38.695      48.3
 2013 04 20 18 50  5.374     2013 04 20 18 53  3.534     178.2
164
 2013 04 20 07 48 49.001     2013 04 20 07 51 25.615     156.6
165
 2013 04 20 03 03 20.671     2013 04 20 03 06 58.866     218.2
 2013 04 20 13 03 40.394     2013 04 20 13 04 22.594      42.2
166
 2013 04 20 07 52 10.602     2013 04 20 07 54 59.713     169.1
 2013 04 20 16 06 56.968     2013 04 20 16 09 48.980     172.0
167
 2013 04 20 03 06   .485     2013 04 20 03 09 45.564     225.1
 2013 04 20 11 26 12.262     2013 04 20 11 26 23.334      11.1
168
169
 2013 04 20 03 47 21.495     2013 04 20 03 50  1.842     160.3
170
 2013 04 20 07 29 12.856     2013 04 20 07 32 35.626     202.8
171
 2013 04 20 02 19 17.505     2013 04 20 02 21 58.619     161.1
 2013 04 20 10 36  2.100     2013 04 20 10 39 52.572     230.5
172
 2013 04 20 15 34 17.267     2013 04 20 15 35 29.766      72.5
173
 2013 04 20 00 29 16.458     2013 04 20 00 32   .136     163.7
174
175
 2013 04 20 16 27 27.415     2013 04 20 16 28 37.174      69.8
176
 2013 04 20 14 34 41.684     2013 04 20 14 37 20.651     159.0
177
178
 2013 04 20 13 25 46.652     2013 04 20 13 28 31.167     164.5
 2013 04 20 20 00 52.289     2013 04 20 20 03 35.800     163.5
179
 2013 04 20 01 16 59.457     2013 04 20 01 19 40.777     161.3
180
 2013 04 20 03 40 54.156     2013 04 20 03 43 33.885     159.7
181
 2013 04 20 10 47 15.666     2013 04 20 10 47 31.738      16.1
 2013 04 20 22 39 53.729     2013 04 20 22 40 30.399      36.7
182
 2013 04 20 04 39 29.970     2013 04 20 04 42  5.408     155.4
183
 2013 04 20 02 43 31.765     2013 04 20 02 46 17.843     166.1
 2013 04 20 18 06 39.857     2013 04 20 18 09 20.568     160.7
184
 2013 04 20 01 19 43.837     2013 04 20 01 22 40.453     176.6
185
 2013 04 20 03 51 34.447     2013 04 20 03 54 12.560     158.1
 2013 04 20 13 49 34.510     2013 04 20 13 53 18.397     223.9
186
 2013 04 20 03 11 44.139     2013 04 20 03 15 30.941     226.8
 2013 04 20 09 47   .118     2013 04 20 09 50  2.907     182.8
187
 2013 04 20 01 33 30.194     2013 04 20 01 36 46.417     196.2
 2013 04 20 09 48 22.810     2013 04 20 09 51  4.357     161.5
188
 2013 04 20 09 59 57.470     2013 04 20 10 02 31.781     154.3
 2013 04 20 21 53 30.202     2013 04 20 21 54 34.142      63.9
189
 2013 04 20 01 25 38.667     2013 04 20 01 28 53.169     194.5
190
 2013 04 20 14 31 14.247     2013 04 20 14 33 49.886     155.6
191
 2013 04 20 07 01 10.320     2013 04 20 07 04 46.044     215.7
192
 2013 04 20 06 48 33.146     2013 04 20 06 51 38.203     185.1
193
194
 2013 04 20 14 34 56.347     2013 04 20 14 34 57.294        .9
195
 2013 04 20 03 49 36.626     2013 04 20 03 52 32.572     175.9
 2013 04 20 13 50 22.852     2013 04 20 13 53 11.279     168.4
196
 2013 04 20 00 19 50.634     2013 04 20 00 20  7.694      17.1
 2013 04 20 15 45 34.301     2013 04 20 15 49 13.834     219.5
197
 2013 04 20 09 13 42.890     2013 04 20 09 16 36.366     173.5
 2013 04 20 21 04  8.908     2013 04 20 21 06 42.294     153.4
198
 2013 04 20 14 11 58.137     2013 04 20 14 14 40.411     162.3
 2013 04 20 20 51 11.346     2013 04 20 20 51 26.064      14.7
199
200
 2013 04 20 08 23 53.297     2013 04 20 08 24 26.045      32.7
 2013 04 20 21 55 42.050     2013 04 20 21 58 18.983     156.9
201
 2013 04 20 15 32 56.027     2013 04 20 15 32 59.992       4.0
202
 2013 04 20 00 40 29.292     2013 04 20 00 41 12.763      43.5
203
 2013 04 20 05 08  6.261     2013 04 20 05 10 53.558     167.3
204
 2013 04 20 10 59 53.104     2013 04 20 11 03 19.189     206.1
 2013 04 20 19 15 44.801     2013 04 20 19 18 39.852     175.1
205
 2013 04 20 13 23 44.008     2013 04 20 13 26 24.407     160.4
 2013 04 20 21 38 14.960     2013 04 20 21 41 55.559     220.6
206
 2013 04 20 02 52 50.816     2013 04 20 02 55 29.966     159.2
207
 2013 04 20 04 39 58.272     2013 04 20 04 42 47.301     169.0
208
209
 2013 04 20 00 46 34.744     2013 04 20 00 48   .791      86.0
 2013 04 20 09 02 33.662     2013 04 20 09 03 12.874      39.2
210
 2013 04 20 10 47 31.469     2013 04 20 10 49 21.293     109.8
 2013 04 20 22 39 29.008     2013 04 20 22 42  2.628     153.6
211
 2013 04 20 15 49 24.209     2013 04 20 15 52  1.236     157.0
 2013 04 20 20 44 12.373     2013 04 20 20 47 40.595     208.2
 2013 04 20 22 21 47.428     2013 04 20 22 22 20.701      33.3
212
 2013 04 20 16 57 37.004     2013 04 20 17 00 13.545     156.5
213
 2013 04 20 01 53 44.199     2013 04 20 01 55 18.484      94.3
 2013 04 20 18 58  2.190     2013 04 20 19 01 35.895     213.7
214
 2013 04 20 17 03 46.169     2013 04 20 17 06 51.929     185.8
215
 2013 04 20 03 50 58.909     2013 04 20 03 51 17.779      18.9
216
 2013 04 20 09 11 51.196     2013 04 20 09 13 58.420     127.2
 2013 04 20 21 05  9.271     2013 04 20 21 08 18.735     189.5
217
 2013 04 20 10 55 11.247     2013 04 20 10 57 50.723     159.5
 2013 04 20 20 56 17.550     2013 04 20 20 59  5.270     167.7
218
 2013 04 20 09 29  4.055     2013 04 20 09 32 52.745     228.7
 2013 04 20 11 07  3.388     2013 04 20 11 10 43.993     220.6
 2013 04 20 16 02 54.418     2013 04 20 16 05 31.421     157.0
219
220
 2013 04 20 14 54 42.318     2013 04 20 14 55 17.778      35.5
 2013 04 20 23 17 32.530     2013 04 20 23 18 21.597      49.1
221
 2013 04 20 06 53 31.291     2013 04 20 06 56 42.714     191.4
222
 2013 04 20 04 16 10.404     2013 04 20 04 18 54.153     163.7
 2013 04 20 21 18  3.709     2013 04 20 21 21 57.290     233.6
223
 2013 04 20 03 40 40.380     2013 04 20 03 43 27.849     167.5
224
 2013 04 20 05 57 52.936     2013 04 20 06 01 31.021     218.1
 2013 04 20 19 36 33.581     2013 04 20 19 39 25.980     172.4
225
 2013 04 20 08 16 20.670     2013 04 20 08 16 42.206      21.5
226
 2013 04 20 00 27 48.956     2013 04 20 00 30 46.634     177.7
 2013 04 20 14 04 39.738     2013 04 20 14 07 54.502     194.8
227
 2013 04 20 21 36 11.278     2013 04 20 21 39 43.700     212.4
228
 2013 04 20 05 11   .647     2013 04 20 05 14 22.767     202.1
 2013 04 20 18 47 14.446     2013 04 20 18 49 48.068     153.6
229
230
 2013 04 20 11 32 38.140     2013 04 20 11 35 37.264     179.1
231
 2013 04 20 12 29  5.583     2013 04 20 12 31 41.351     155.8
 2013 04 20 22 30 55.947     2013 04 20 22 34 23.852     207.9
232
 2013 04 20 13 18 29.920     2013 04 20 13 18 47.130      17.2
233
 2013 04 20 08 32 50.300     2013 04 20 08 36  9.610     199.3
 2013 04 20 18 33 41.454     2013 04 20 18 36 55.403     193.9
234
235
 2013 04 20 13 18 39.468     2013 04 20 13 21 14.443     155.0
 2013 04 20 23 17 33.434     2013 04 20 23 20 57.697     204.3
236
 2013 04 20 05 31 28.476     2013 04 20 05 34  5.331     156.9
237
 2013 04 20 13 54 32.629     2013 04 20 13 58  8.786     216.2
238
 2013 04 20 09 11   .274     2013 04 20 09 11 55.349      55.1
 2013 04 20 22 42 50.960     2013 04 20 22 45 37.237     166.3
239
 2013 04 20 03 47 27.173     2013 04 20 03 48 49.740      82.6
 2013 04 20 13 52 33.825     2013 04 20 13 56 10.193     216.4
240
 2013 04 20 13 15 19.624     2013 04 20 13 18 18.464     178.8
 2013 04 20 23 22 35.495     2013 04 20 23 23 12.321      36.8
241
 2013 04 20 03 10 35.499     2013 04 20 03 13 26.852     171.4
 2013 04 20 09 45  4.430     2013 04 20 09 48  2.664     178.2
242
 2013 04 20 04 26 40.364     2013 04 20 04 29 59.189     198.8
243
 2013 04 20 02 53 31.702     2013 04 20 02 56  6.359     154.7
244
 2013 04 20 03 46  5.046     2013 04 20 03 48  9.910     124.9
245
 2013 04 20 08 23 40.840     2013 04 20 08 27 10.281     209.4
246
 2013 04 20 13 14 28.103     2013 04 20 13 17  5.596     157.5
247
 2013 04 20 00 24 18.315     2013 04 20 00 27 16.893     178.6
248
249
 2013 04 20 07 51 12.303     2013 04 20 07 54 35.030     202.7
 2013 04 20 16 06 42.915     2013 04 20 16 09 20.227     157.3
250
 2013 04 20 04 48 18.312     2013 04 20 04 51 36.553     198.2
 2013 04 20 09 44  2.893     2013 04 20 09 46 46.804     163.9
251
252
 2013 04 20 03 05 38.400     2013 04 20 03 09  8.813     210.4
253
 2013 04 20 22 51 21.029     2013 04 20 22 54 49.854     208.8
254
 2013 04 20 11 31 39.659     2013 04 20 11 35  9.774     210.1
255
 2013 04 20 06 57 30.551     2013 04 20 07 00  7.441     156.9
256
 2013 04 20 03 57 55.252     2013 04 20 03 58 42.471      47.2
 2013 04 20 10 34 30.832     2013 04 20 10 37 10.814     160.0
257
 2013 04 20 16 34  7.933     2013 04 20 16 36 46.162     158.2
 2013 04 20 23 08 57.475     2013 04 20 23 12 33.541     216.1
258
 2013 04 20 13 27 24.153     2013 04 20 13 30 10.973     166.8
 2013 04 20 18 22  7.647     2013 04 20 18 25 30.074     202.4
 2013 04 20 19 59 39.515     2013 04 20 20 00 27.145      47.6
259
 2013 04 20 12 34 25.649     2013 04 20 12 35 33.941      68.3
 2013 04 20 22 28 21.846     2013 04 20 22 32  9.266     227.4
260
261
 2013 04 20 09 22 57.154     2013 04 20 09 23 21.618      24.5
 2013 04 20 19 24 15.289     2013 04 20 19 24 23.584       8.3
262
 2013 04 20 10 02 50.548     2013 04 20 10 05 27.151     156.6
 2013 04 20 21 49 26.148     2013 04 20 21 52 43.114     197.0
263
 2013 04 20 11 52 39.378     2013 04 20 11 55 40.833     181.5
 2013 04 20 16 52 16.752     2013 04 20 16 52 18.186       1.4
 2013 04 20 18 26 19.268     2013 04 20 18 30  2.636     223.4
264
 2013 04 20 14 06 34.163     2013 04 20 14 09 49.976     195.8
265
 2013 04 20 13 14   .148     2013 04 20 13 16 44.326     164.2
266
 2013 04 20 05 15  8.932     2013 04 20 05 18 51.491     222.6
 2013 04 20 17 08 40.671     2013 04 20 17 12 11.251     210.6
267
 2013 04 20 04 25 32.612     2013 04 20 04 28 28.843     176.2
 2013 04 20 17 58 50.157     2013 04 20 17 59 18.313      28.2
268
 2013 04 20 10 03 41.124     2013 04 20 10 06 44.398     183.3
269
 2013 04 20 12 34 15.880     2013 04 20 12 36 54.875     159.0
 2013 04 20 20 51 32.671     2013 04 20 20 54 51.422     198.8
270
271
272
 2013 04 20 12 20 11.808     2013 04 20 12 23  3.733     171.9
273
 2013 04 20 09 13 32.586     2013 04 20 09 17  5.092     212.5
 2013 04 20 21 04 28.987     2013 04 20 21 07  8.971     160.0
274
 2013 04 20 09 59 31.107     2013 04 20 10 02  4.539     153.4
275
 2013 04 20 22 35 11.776     2013 04 20 22 38 15.059     183.3
276
 2013 04 20 10 54 54.572     2013 04 20 10 58 32.877     218.3
 2013 04 20 20 57 43.979     2013 04 20 21 00 22.221     158.2
277
 2013 04 20 13 26 41.215     2013 04 20 13 29 50.256     189.0
 2013 04 20 15 04 18.046     2013 04 20 15 05 49.464      91.4
 2013 04 20 18 21 19.525     2013 04 20 18 25 10.017     230.5
 2013 04 20 19 59 34.800     2013 04 20 20 02 52.919     198.1
278
 2013 04 20 04 38 39.236     2013 04 20 04 41 44.021     184.8
279
280
 2013 04 20 11 46 31.933     2013 04 20 11 49 56.069     204.1
 2013 04 20 20 05  2.987     2013 04 20 20 08 16.238     193.3
281
 2013 04 20 03 42 53.600     2013 04 20 03 45 45.227     171.6
 2013 04 20 15 31 51.250     2013 04 20 15 34 36.510     165.3
282
283
 2013 04 20 00 25  7.284     2013 04 20 00 28 13.951     186.7
284
 2013 04 20 04 24 34.795     2013 04 20 04 25  3.897      29.1
285
 2013 04 20 08 37   .536     2013 04 20 08 40 10.434     189.9
286
 2013 04 20 15 27 47.561     2013 04 20 15 30 21.445     153.9
287
 2013 04 20 15 32 46.990     2013 04 20 15 33 10.570      23.6
288
 2013 04 20 05 31 55.427     2013 04 20 05 34 38.345     162.9
 2013 04 20 12 07 13.621     2013 04 20 12 07 34.498      20.9
289
290
 2013 04 20 00 00   .000     2013 04 20 00 00 57.012      57.0
 2013 04 20 08 16  1.840     2013 04 20 08 19   .994     179.2
 2013 04 20 23 35 49.998     2013 04 20 23 39 19.836     209.8
291
 2013 04 20 08 20 49.133     2013 04 20 08 23 23.213     154.1
 2013 04 20 21 57  1.430     2013 04 20 21 59 51.778     170.3
292
293
 2013 04 20 00 22 11.511     2013 04 20 00 25 34.246     202.7
 2013 04 20 15 43 15.448     2013 04 20 15 45 53.751     158.3
294
 2013 04 20 06 39 59.123     2013 04 20 06 42 52.031     172.9
 2013 04 20 22 02  3.236     2013 04 20 22 04 45.629     162.4
295
 2013 04 20 06 01 12.745     2013 04 20 06 04 13.768     181.0
296
 2013 04 20 06 39 35.526     2013 04 20 06 42 10.978     155.5
 2013 04 20 22 02 34.937     2013 04 20 22 05 40.521     185.6
297
 2013 04 20 22 48 17.722     2013 04 20 22 50 58.875     161.2
298
 2013 04 20 15 28  7.126     2013 04 20 15 30 41.222     154.1
299
 2013 04 20 19 24 33.091     2013 04 20 19 27 40.905     187.8
300
 2013 04 20 04 48  3.840     2013 04 20 04 51 15.346     191.5
 2013 04 20 09 43 44.557     2013 04 20 09 46 40.246     175.7
301
 2013 04 20 06 48 27.193     2013 04 20 06 48 33.335       6.1
 2013 04 20 20 21 15.681     2013 04 20 20 24 35.232     199.6
302
 2013 04 20 02 20  6.930     2013 04 20 02 23 52.078     225.1
 2013 04 20 10 37 54.203     2013 04 20 10 40 34.907     160.7
303
 2013 04 20 09 08 16.730     2013 04 20 09 11 53.137     216.4
304
 2013 04 20 00 45 11.566     2013 04 20 00 47 49.245     157.7
 2013 04 20 09 02 14.671     2013 04 20 09 05 20.084     185.4
305
 2013 04 20 15 47 28.892     2013 04 20 15 49 14.752     105.9
 2013 04 20 22 23 44.973     2013 04 20 22 26 20.785     155.8
306
 2013 04 20 06 43 46.262     2013 04 20 06 46 24.892     158.6
 2013 04 20 20 26 33.170     2013 04 20 20 27 12.836      39.7
307
 2013 04 20 15 34 50.075     2013 04 20 15 37 23.248     153.2
308
 2013 04 20 05 50 26.364     2013 04 20 05 53 14.664     168.3
 2013 04 20 22 52 42.185     2013 04 20 22 56 11.605     209.4
309
 2013 04 20 06 07 49.939     2013 04 20 06 10 29.167     159.2
310
 2013 04 20 12 37 57.977     2013 04 20 12 40 46.432     168.5
 2013 04 20 19 12 30.088     2013 04 20 19 15 33.695     183.6
311
 2013 04 20 05 25 40.784     2013 04 20 05 28 45.160     184.4
 2013 04 20 15 25  2.764     2013 04 20 15 25 40.924      38.2
312
 2013 04 20 03 09 15.436     2013 04 20 03 12  4.077     168.6
 2013 04 20 11 23 26.664     2013 04 20 11 23 31.305       4.6
313
 2013 04 20 04 17 24.721     2013 04 20 04 17 57.936      33.2
 2013 04 20 21 17 26.949     2013 04 20 21 20  6.036     159.1
314
 2013 04 20 02 53 10.354     2013 04 20 02 56  1.050     170.7
315
 2013 04 20 02 05 52.486     2013 04 20 02 09  5.451     193.0
316
 2013 04 20 02 11 11.960     2013 04 20 02 13 45.781     153.8
317
 2013 04 20 01 07 21.984     2013 04 20 01 10  9.405     167.4
318
 2013 04 20 20 59  7.814     2013 04 20 21 02 20.436     192.6
319
 2013 04 20 01 57 49.371     2013 04 20 02 01 26.166     216.8
 2013 04 20 17 16 47.050     2013 04 20 17 17 48.251      61.2
320
 2013 04 20 11 51 17.460     2013 04 20 11 54 12.173     174.7
 2013 04 20 18 25 26.443     2013 04 20 18 28  3.946     157.5
321
322
 2013 04 20 05 20 47.054     2013 04 20 05 23 25.026     158.0
323
 2013 04 20 07 06 50.814     2013 04 20 07 09 37.956     167.1
 2013 04 20 13 41 27.762     2013 04 20 13 44 42.367     194.6
324
 2013 04 20 09 54 59.499     2013 04 20 09 57 48.490     169.0
 2013 04 20 23 31 23.539     2013 04 20 23 33 58.043     154.5
325
 2013 04 20 17 15 30.759     2013 04 20 17 18 43.323     192.6
326
 2013 04 20 11 31 33.082     2013 04 20 11 34 22.852     169.8
327
328
 2013 04 20 03 03 42.964     2013 04 20 03 07 26.020     223.1
329
330
 2013 04 20 05 07 21.133     2013 04 20 05 10 47.561     206.4
331
 2013 04 20 09 24 32.074     2013 04 20 09 27  6.838     154.8
332
 2013 04 20 20 58 30.920     2013 04 20 21 01 25.837     174.9
333
334
 2013 04 20 00 21 39.808     2013 04 20 00 24 32.920     173.1
 2013 04 20 15 44 59.117     2013 04 20 15 47 36.240     157.1
335
 2013 04 20 17 58 39.608     2013 04 20 18 01 16.304     156.7
336
 2013 04 20 00 02 19.782     2013 04 20 00 04 59.892     160.1
 2013 04 20 06 36 28.407     2013 04 20 06 39  5.067     156.7
 2013 04 20 23 40 47.320     2013 04 20 23 43 30.041     162.7
337
 2013 04 20 14 02  6.493     2013 04 20 14 04 50.178     163.7
338
 2013 04 20 18 46 20.511     2013 04 20 18 49 32.854     192.3
339
 2013 04 20 00 49 35.010     2013 04 20 00 52 38.836     183.8
 2013 04 20 07 24 45.932     2013 04 20 07 27 23.988     158.1
340
341
 2013 04 20 15 49 27.811     2013 04 20 15 52  4.929     157.1
 2013 04 20 20 44 24.430     2013 04 20 20 47 57.891     213.5
 2013 04 20 22 22  1.238     2013 04 20 22 22 23.408      22.2
342
 2013 04 20 08 32 26.773     2013 04 20 08 35  1.756     155.0
 2013 04 20 18 34 35.313     2013 04 20 18 38 16.958     221.6
343
344
345
346
 2013 04 20 03 35 48.567     2013 04 20 03 39 22.859     214.3
 2013 04 20 17 12 37.173     2013 04 20 17 15 27.488     170.3
347
 2013 04 20 15 22 32.848     2013 04 20 15 25 38.274     185.4
348
 2013 04 20 05 07 12.185     2013 04 20 05 10 35.844     203.7
349
 2013 04 20 05 17 15.704     2013 04 20 05 17 20.590       4.9
350
 2013 04 20 01 32 20.668     2013 04 20 01 35  4.261     163.6
 2013 04 20 09 48 49.523     2013 04 20 09 52  9.752     200.2
351
 2013 04 20 15 48 49.478     2013 04 20 15 51 43.331     173.9
 2013 04 20 22 22 49.698     2013 04 20 22 26  4.523     194.8
352
 2013 04 20 14 01 54.983     2013 04 20 14 04 50.046     175.1
353
 2013 04 20 19 33 19.968     2013 04 20 19 36 10.304     170.3
354
 2013 04 20 12 24 34.087     2013 04 20 12 28 13.920     219.8
355
 2013 04 20 04 23 58.804     2013 04 20 04 26 40.750     161.9
 2013 04 20 18 01 12.747     2013 04 20 18 03 57.188     164.4
356
 2013 04 20 07 50 14.184     2013 04 20 07 53  9.117     174.9
 2013 04 20 16 06 41.673     2013 04 20 16 07 47.112      65.4
357
 2013 04 20 17 04 54.321     2013 04 20 17 07 27.791     153.5
358
 2013 04 20 18 37 51.665     2013 04 20 18 40 32.408     160.7
359
 2013 04 20 08 44 51.088     2013 04 20 08 47 33.983     162.9
 2013 04 20 13 39 53.376     2013 04 20 13 42 34.605     161.2
360
 2013 04 20 05 34  6.261     2013 04 20 05 36 53.445     167.2
 2013 04 20 12 07 59.032     2013 04 20 12 11 11.722     192.7
361
 2013 04 20 03 57 49.152     2013 04 20 04 01 41.437     232.3
 2013 04 20 10 34 19.731     2013 04 20 10 37  6.218     166.5
362
 2013 04 20 02 55 42.372     2013 04 20 02 59 17.493     215.1
 2013 04 20 14 45 49.187     2013 04 20 14 48 50.641     181.5
363
 2013 04 20 00 46 43.708     2013 04 20 00 49 20.444     156.7
 2013 04 20 09 01 47.054     2013 04 20 09 04 46.249     179.2
364
 2013 04 20 06 01 24.484     2013 04 20 06 04  8.288     163.8
365
 2013 04 20 12 21 32.260     2013 04 20 12 24 35.446     183.2
366
 2013 04 20 00 39 37.856     2013 04 20 00 42 22.759     164.9
 2013 04 20 10 41 20.315     2013 04 20 10 45  4.857     224.5
367
 2013 04 20 00 02 47.148     2013 04 20 00 05 30.489     163.3
 2013 04 20 06 36 17.838     2013 04 20 06 39 12.391     174.6
 2013 04 20 23 41 14.516     2013 04 20 23 44   .936     166.4
368
 2013 04 20 17 11 12.870     2013 04 20 17 13 46.747     153.9
369
 2013 04 20 02 37  3.368     2013 04 20 02 40 47.007     223.6
 2013 04 20 04 14 46.040     2013 04 20 04 15 10.024      24.0
 2013 04 20 21 20 20.598     2013 04 20 21 23  5.585     165.0
370
 2013 04 20 13 16 44.871     2013 04 20 13 19 37.253     172.4
 2013 04 20 23 17 51.375     2013 04 20 23 20 55.493     184.1
371
 2013 04 20 09 13 29.662     2013 04 20 09 16 51.040     201.4
 2013 04 20 21 02 20.966     2013 04 20 21 05 27.620     186.7
372
 2013 04 20 03 49 47.806     2013 04 20 03 52 22.605     154.8
 2013 04 20 13 51  1.668     2013 04 20 13 53 39.812     158.1
373
374
 2013 04 20 01 38 33.045     2013 04 20 01 41 53.539     200.5
 2013 04 20 06 34 22.334     2013 04 20 06 37 41.100     198.8
375
 2013 04 20 02 53 37.276     2013 04 20 02 57 12.518     215.2
 2013 04 20 14 46 43.447     2013 04 20 14 50   .317     196.9
376
 2013 04 20 04 44 14.273     2013 04 20 04 47 30.361     196.1
 2013 04 20 11 18 43.442     2013 04 20 11 19 30.103      46.7
377
 2013 04 20 05 34 34.340     2013 04 20 05 37 24.814     170.5
 2013 04 20 10 29 48.234     2013 04 20 10 30 55.504      67.3
 2013 04 20 12 07 45.481     2013 04 20 12 09  8.870      83.4
378
 2013 04 20 03 48 21.952     2013 04 20 03 51 13.576     171.6
379
 2013 04 20 02 00 51.256     2013 04 20 02 03 39.715     168.5
 2013 04 20 15 39 56.929     2013 04 20 15 42 46.790     169.9
380
 2013 04 20 00 40 24.684     2013 04 20 00 43 13.707     169.0
 2013 04 20 10 42 30.737     2013 04 20 10 45  5.828     155.1
381
 2013 04 20 10 14 57.598     2013 04 20 10 16 48.739     111.1
382
 2013 04 20 09 03 22.931     2013 04 20 09 03 59.706      36.8
383
 2013 04 20 17 20 38.847     2013 04 20 17 23 29.403     170.6
384
385
 2013 04 20 01 07 19.321     2013 04 20 01 09 57.539     158.2
 2013 04 20 18 09 19.115     2013 04 20 18 09 30.859      11.7
386
387
 2013 04 20 21 13 24.435     2013 04 20 21 16  1.592     157.2
388
 2013 04 20 00 00 53.732     2013 04 20 00 03 58.443     184.7
 2013 04 20 06 35 24.076     2013 04 20 06 38 54.342     210.3
 2013 04 20 23 39 19.528     2013 04 20 23 42 30.649     191.1
389
 2013 04 20 17 09 49.129     2013 04 20 17 12 23.714     154.6
390
391
 2013 04 20 07 50 36.401     2013 04 20 07 53 17.450     161.0
 2013 04 20 16 07 56.289     2013 04 20 16 11  8.515     192.2
392
 2013 04 20 03 35  5.806     2013 04 20 03 38 24.868     199.1
 2013 04 20 17 12 41.814     2013 04 20 17 16 23.805     222.0
393
394
 2013 04 20 23 20 10.161     2013 04 20 23 23 34.881     204.7
395
 2013 04 20 03 36 32.850     2013 04 20 03 39  6.900     154.1
 2013 04 20 17 13 45.914     2013 04 20 17 16 20.337     154.4
396
 2013 04 20 04 17  3.772     2013 04 20 04 19 54.443     170.7
 2013 04 20 19 43 15.434     2013 04 20 19 43 50.345      34.9
397
 2013 04 20 06 09 43.623     2013 04 20 06 12 34.009     170.4
398
 2013 04 20 06 46 43.064     2013 04 20 06 49 55.939     192.9
399
 2013 04 20 04 45  8.253     2013 04 20 04 45 18.960      10.7
 2013 04 20 06 23 13.361     2013 04 20 06 26 49.565     216.2
 2013 04 20 11 19  5.056     2013 04 20 11 21 41.433     156.4
400
 2013 04 20 01 29 38.513     2013 04 20 01 33 23.559     225.0
 2013 04 20 11 26 32.178     2013 04 20 11 30 15.357     223.2
401
 2013 04 20 06 49 12.256     2013 04 20 06 51 55.753     163.5
402
 2013 04 20 05 04 44.705     2013 04 20 05 07 23.324     158.6
 2013 04 20 20 27 34.455     2013 04 20 20 31  3.976     209.5
403
 2013 04 20 18 04 12.768     2013 04 20 18 06 52.979     160.2
404
 2013 04 20 04 19 31.419     2013 04 20 04 20 29.050      57.6
405
 2013 04 20 22 45 48.375     2013 04 20 22 49  2.687     194.3
406
 2013 04 20 20 11 21.953     2013 04 20 20 14  6.038     164.1
407
 2013 04 20 05 07 54.793     2013 04 20 05 08 48.257      53.5
 2013 04 20 20 26 37.190     2013 04 20 20 29 28.884     171.7
408
 2013 04 20 09 57 55.691     2013 04 20 10 00 41.592     165.9
409
 2013 04 20 17 50 28.494     2013 04 20 17 53  8.805     160.3
410
 2013 04 20 06 51 28.496     2013 04 20 06 54  3.057     154.6
 2013 04 20 18 41 34.442     2013 04 20 18 44 41.655     187.2
411
 2013 04 20 21 08  5.806     2013 04 20 21 11 48.678     222.9
412
 2013 04 20 11 03 35.380     2013 04 20 11 06 44.489     189.1
 2013 04 20 17 39 22.022     2013 04 20 17 42 12.766     170.7
413
 2013 04 20 21 59 17.462     2013 04 20 22 02 54.929     217.5
414
 2013 04 20 14 55 53.486     2013 04 20 14 59 40.261     226.8
 2013 04 20 23 11 51.038     2013 04 20 23 15  5.921     194.9
415
 2013 04 20 07 54 24.200     2013 04 20 07 57 20.593     176.4
 2013 04 20 14 28 47.674     2013 04 20 14 31 37.054     169.4
416
 2013 04 20 04 37 48.961     2013 04 20 04 40 37.881     168.9
 2013 04 20 14 37 29.432     2013 04 20 14 40  7.393     158.0
417
418
 2013 04 20 23 15 14.105     2013 04 20 23 18   .718     166.6
419
 2013 04 20 00 05 19.532     2013 04 20 00 06 49.671      90.1
 2013 04 20 05 01  8.830     2013 04 20 05 03 53.695     164.9
 2013 04 20 22 06  1.698     2013 04 20 22 09 32.417     210.7
420
 2013 04 20 02 56 14.902     2013 04 20 02 59  4.963     170.1
 2013 04 20 14 45 16.445     2013 04 20 14 48  8.057     171.6
421
 2013 04 20 20 05 54.281     2013 04 20 20 08 34.513     160.2
422
 2013 04 20 07 50 21.919     2013 04 20 07 53  3.217     161.3
 2013 04 20 16 07 49.679     2013 04 20 16 11 21.452     211.8
423
424
 2013 04 20 06 39  7.630     2013 04 20 06 42 54.560     226.9
 2013 04 20 22 01 11.610     2013 04 20 22 04 25.743     194.1
425
 2013 04 20 03 31 38.863     2013 04 20 03 34 40.377     181.5
 2013 04 20 18 52 35.253     2013 04 20 18 55 20.447     165.2
426
 2013 04 20 06 17 49.454     2013 04 20 06 21 12.843     203.4
 2013 04 20 14 33 17.687     2013 04 20 14 34 39.914      82.2
427
 2013 04 20 07 34 30.899     2013 04 20 07 37 44.472     193.6
 2013 04 20 21 07 51.672     2013 04 20 21 09 11.570      79.9
428
 2013 04 20 00 45 32.987     2013 04 20 00 48 41.884     188.9
 2013 04 20 09 01 20.407     2013 04 20 09 04  2.948     162.5
429
430
 2013 04 20 03 54 14.588     2013 04 20 03 57 35.245     200.7
 2013 04 20 12 12 18.380     2013 04 20 12 15  1.112     162.7
431
 2013 04 20 10 05 44.227     2013 04 20 10 08 53.561     189.3
432
 2013 04 20 05 27 26.623     2013 04 20 05 30 36.698     190.1
433
 2013 04 20 12 20 11.713     2013 04 20 12 23 32.495     200.8
434
 2013 04 20 15 46 30.154     2013 04 20 15 47 40.515      70.4
 2013 04 20 22 23 15.899     2013 04 20 22 26 40.329     204.4
435
 2013 04 20 10 14 18.244     2013 04 20 10 17 24.694     186.4
 2013 04 20 18 29 36.687     2013 04 20 18 33 19.198     222.5
436
 2013 04 20 04 26 42.390     2013 04 20 04 29 15.867     153.5
437
 2013 04 20 01 03 34.944     2013 04 20 01 06 49.932     195.0
 2013 04 20 19 46  5.049     2013 04 20 19 49 32.553     207.5
438
 2013 04 20 22 47 21.897     2013 04 20 22 50  3.738     161.8
439
 2013 04 20 15 22 53.699     2013 04 20 15 25 29.439     155.7
440
 2013 04 20 06 18 27.529     2013 04 20 06 21  2.973     155.4
 2013 04 20 14 32  9.320     2013 04 20 14 33  9.712      60.4
441
 2013 04 20 23 20 20.227     2013 04 20 23 23 21.408     181.2
442
 2013 04 20 01 15 29.894     2013 04 20 01 16 28.143      58.2
443
444
 2013 04 20 09 28 38.614     2013 04 20 09 31 38.115     179.5
 2013 04 20 16 03  7.358     2013 04 20 16 06 15.589     188.2
445
 2013 04 20 05 26 26.097     2013 04 20 05 29 12.392     166.3
446
 2013 04 20 16 56 22.840     2013 04 20 16 59 33.270     190.4
447
 2013 04 20 04 46 28.185     2013 04 20 04 49 44.878     196.7
 2013 04 20 11 21 15.357     2013 04 20 11 24 15.126     179.8
448
 2013 04 20 02 00 15.586     2013 04 20 02 02 50.358     154.8
 2013 04 20 15 42 27.148     2013 04 20 15 43  5.155      38.0
449
 2013 04 20 14 08 18.369     2013 04 20 14 11 43.806     205.4
 2013 04 20 22 24 32.153     2013 04 20 22 25   .111      28.0
450
 2013 04 20 07 53 14.655     2013 04 20 07 56 59.777     225.1
 2013 04 20 14 27 41.190     2013 04 20 14 31 20.933     219.7
451
 2013 04 20 18 36 35.303     2013 04 20 18 39  9.910     154.6
452
 2013 04 20 06 54 34.328     2013 04 20 06 56  5.881      91.6
453
 2013 04 20 16 28  1.756     2013 04 20 16 31  3.360     181.6
454
455
 2013 04 20 10 17 27.366     2013 04 20 10 18 18.170      50.8
 2013 04 20 18 27 20.314     2013 04 20 18 31  6.269     226.0
456
 2013 04 20 21 50 45.408     2013 04 20 21 51 17.666      32.3
457
 2013 04 20 20 20 28.914     2013 04 20 20 23 36.724     187.8
458
 2013 04 20 07 52 34.705     2013 04 20 07 55 23.230     168.5
 2013 04 20 16 07 32.432     2013 04 20 16 11  7.381     214.9
459
460
 2013 04 20 09 12 57.452     2013 04 20 09 15 34.405     157.0
 2013 04 20 21 03 54.300     2013 04 20 21 07  9.727     195.4
461
462
 2013 04 20 13 19 33.631     2013 04 20 13 22 10.589     157.0
463
 2013 04 20 18 31 28.144     2013 04 20 18 35  8.385     220.2
464
 2013 04 20 07 27 57.114     2013 04 20 07 30 38.716     161.6
 2013 04 20 22 49 30.277     2013 04 20 22 52  9.006     158.7
465
 2013 04 20 00 01 33.429     2013 04 20 00 04 49.437     196.0
 2013 04 20 06 37 27.783     2013 04 20 06 40 17.971     170.2
 2013 04 20 23 40  4.857     2013 04 20 23 43 14.526     189.7
466
 2013 04 20 01 59 16.252     2013 04 20 02 00 13.346      57.1
467
 2013 04 20 17 45  3.764     2013 04 20 17 47 59.367     175.6
468
 2013 04 20 02 07 23.832     2013 04 20 02 10 25.719     181.9
 2013 04 20 13 57  3.949     2013 04 20 14 00 46.930     223.0
469
 2013 04 20 21 56 23.370     2013 04 20 21 56 51.529      28.2
470
 2013 04 20 06 48 21.993     2013 04 20 06 48 51.561      29.6
471
 2013 04 20 14 07 59.310     2013 04 20 14 10 34.123     154.8
472
 2013 04 20 03 47 43.922     2013 04 20 03 50 57.892     194.0
473
474
 2013 04 20 06 10  4.376     2013 04 20 06 13  8.439     184.1
475
 2013 04 20 13 17 12.879     2013 04 20 13 19 49.901     157.0
 2013 04 20 23 18 43.441     2013 04 20 23 21 18.868     155.4
476
 2013 04 20 09 23 44.953     2013 04 20 09 24 24.575      39.6
 2013 04 20 19 20 28.879     2013 04 20 19 23 18.869     170.0
477
 2013 04 20 03 02 19.033     2013 04 20 03 05  6.475     167.4
 2013 04 20 13 04 20.152     2013 04 20 13 06 54.842     154.7
478
 2013 04 20 03 13 51.587     2013 04 20 03 16 33.261     161.7
 2013 04 20 08 08 53.709     2013 04 20 08 11 33.972     160.3
479
 2013 04 20 01 25 22.656     2013 04 20 01 28 29.834     187.2
480
481
 2013 04 20 02 19 17.081     2013 04 20 02 22 54.706     217.6
 2013 04 20 10 35 20.248     2013 04 20 10 38 43.035     202.8
482
483
484
 2013 04 20 04 46  6.576     2013 04 20 04 49  8.829     182.3
 2013 04 20 11 19 42.726     2013 04 20 11 22 27.853     165.1
485
 2013 04 20 06 54 21.337     2013 04 20 06 56 55.441     154.1
 2013 04 20 18 39 38.929     2013 04 20 18 39 43.162       4.2
486
 2013 04 20 13 27 56.292     2013 04 20 13 30 39.287     163.0
 2013 04 20 18 23  4.298     2013 04 20 18 26 16.303     192.0
487
 2013 04 20 14 11  8.389     2013 04 20 14 14 11.398     183.0
 2013 04 20 22 24 22.766     2013 04 20 22 26 22.640     119.9
488
 2013 04 20 03 10 43.233     2013 04 20 03 11 11.982      28.7
 2013 04 20 11 22 32.722     2013 04 20 11 25 12.574     159.9
489
 2013 04 20 02 20 51.462     2013 04 20 02 23 27.852     156.4
 2013 04 20 10 36 39.491     2013 04 20 10 39 18.839     159.3
490
 2013 04 20 07 35 52.770     2013 04 20 07 38 26.326     153.6
491
 2013 04 20 08 38 29.407     2013 04 20 08 41 14.276     164.9
 2013 04 20 16 55 27.371     2013 04 20 16 58  6.271     158.9
492
 2013 04 20 13 24 40.029     2013 04 20 13 27 57.131     197.1
 2013 04 20 20 00 45.270     2013 04 20 20 04 33.639     228.4
493
 2013 04 20 23 20 37.886     2013 04 20 23 23 45.272     187.4
494
 2013 04 20 06 19 52.645     2013 04 20 06 22 32.916     160.3
 2013 04 20 12 55  1.112     2013 04 20 12 58  2.832     181.7
495
496
 2013 04 20 09 56 36.322     2013 04 20 09 59 18.258     161.9
497
 2013 04 20 03 46  4.296     2013 04 20 03 48 52.553     168.3
498
 2013 04 20 01 33 42.252     2013 04 20 01 36 18.132     155.9
 2013 04 20 09 49 11.547     2013 04 20 09 51 53.237     161.7
499
 2013 04 20 06 46 37.081     2013 04 20 06 49 11.586     154.5
 2013 04 20 20 22 14.079     2013 04 20 20 25 32.810     198.7
500
 2013 04 20 03 31 15.742     2013 04 20 03 34 23.672     187.9
 2013 04 20 18 54 11.064     2013 04 20 18 56 55.156     164.1
501
 2013 04 20 12 38 48.624     2013 04 20 12 41 32.019     163.4
 2013 04 20 19 12 56.717     2013 04 20 19 15 32.920     156.2
502
 2013 04 20 14 12  4.442     2013 04 20 14 14 51.476     167.0
 2013 04 20 20 47 30.991     2013 04 20 20 47 58.305      27.3
503
 2013 04 20 12 36 49.949     2013 04 20 12 39 29.887     159.9
504
 2013 04 20 06 54  5.543     2013 04 20 06 56 58.257     172.7
505
 2013 04 20 10 53 17.887     2013 04 20 10 53 27.688       9.8
506
 2013 04 20 20 59 39.507     2013 04 20 21 03  9.344     209.8
507
 2013 04 20 03 36 49.184     2013 04 20 03 39 30.434     161.2
 2013 04 20 17 13 13.917     2013 04 20 17 15 50.706     156.8
508
 2013 04 20 20 24  3.400     2013 04 20 20 27 41.207     217.8
509
 2013 04 20 13 23 36.768     2013 04 20 13 26 52.071     195.3
 2013 04 20 21 38 36.937     2013 04 20 21 39   .666      23.7
510
 2013 04 20 09 32  4.098     2013 04 20 09 35 30.105     206.0
 2013 04 20 14 27 54.787     2013 04 20 14 30 36.280     161.5
511
 2013 04 20 19 18  5.888     2013 04 20 19 21 32.829     206.9
512
 2013 04 20 03 50 55.810     2013 04 20 03 53 37.404     161.6
 2013 04 20 13 50 36.420     2013 04 20 13 53 53.386     197.0
513
 2013 04 20 03 51 15.959     2013 04 20 03 53 56.372     160.4
 2013 04 20 13 49 49.599     2013 04 20 13 53  7.901     198.3
514
 2013 04 20 09 29 19.766     2013 04 20 09 31 57.554     157.8
 2013 04 20 16 03 52.689     2013 04 20 16 06 35.616     162.9
515
 2013 04 20 10 05  7.129     2013 04 20 10 07 54.474     167.3
516
517
 2013 04 20 05 32   .514     2013 04 20 05 34 39.256     158.7
 2013 04 20 12 07  8.398     2013 04 20 12 11   .389     232.0
518
 2013 04 20 01 06 29.078     2013 04 20 01 09  6.355     157.3
 2013 04 20 18 09 34.271     2013 04 20 18 12 34.514     180.2
519
 2013 04 20 06 17 27.698     2013 04 20 06 20 33.214     185.5
 2013 04 20 14 33 33.011     2013 04 20 14 36 39.479     186.5
520
 2013 04 20 13 19  6.456     2013 04 20 13 19 47.813      41.4
521
 2013 04 20 04 26 50.808     2013 04 20 04 27  8.918      18.1
522
 2013 04 20 09 55 52.148     2013 04 20 09 59  2.612     190.5
523
 2013 04 20 08 17 35.972     2013 04 20 08 21  8.038     212.1
 2013 04 20 21 58 45.261     2013 04 20 21 58 52.532       7.3
524
 2013 04 20 00 39  3.811     2013 04 20 00 42 18.526     194.7
 2013 04 20 10 42 58.909     2013 04 20 10 46 17.736     198.8
525
 2013 04 20 05 16 30.301     2013 04 20 05 20 15.717     225.4
 2013 04 20 17 08 29.833     2013 04 20 17 11  2.970     153.1
526
 2013 04 20 03 11 27.191     2013 04 20 03 14  3.966     156.8
 2013 04 20 09 45 45.477     2013 04 20 09 48 21.646     156.2
527
 2013 04 20 07 01 59.051     2013 04 20 07 04 40.313     161.3
528
 2013 04 20 08 23  9.251     2013 04 20 08 25 47.987     158.7
529
530
 2013 04 20 10 56  1.088     2013 04 20 10 59 13.313     192.2
 2013 04 20 20 56 45.607     2013 04 20 21 00  2.747     197.1
531
 2013 04 20 01 21 31.009     2013 04 20 01 24  8.788     157.8
 2013 04 20 13 10 42.094     2013 04 20 13 13 18.722     156.6
532
 2013 04 20 06 03 32.181     2013 04 20 06 06 10.330     158.1
 2013 04 20 17 57 24.902     2013 04 20 17 58   .907      36.0
533
 2013 04 20 10 45 27.508     2013 04 20 10 48  3.100     155.6
534
 2013 04 20 00 00   .000     2013 04 20 00 00  9.418       9.4
 2013 04 20 08 15 22.764     2013 04 20 08 19 11.887     229.1
 2013 04 20 23 35 31.141     2013 04 20 23 38 33.317     182.2
535
 2013 04 20 02 45 29.790     2013 04 20 02 48 58.156     208.4
536
 2013 04 20 03 11 10.154     2013 04 20 03 14 35.318     205.2
 2013 04 20 09 46 53.975     2013 04 20 09 49 29.816     155.8
537
 2013 04 20 07 00 57.753     2013 04 20 07 01 24.380      26.6
538
 2013 04 20 04 44  7.199     2013 04 20 04 46 51.465     164.3
539
 2013 04 20 05 31 57.720     2013 04 20 05 34 46.546     168.8
 2013 04 20 12 07 26.115     2013 04 20 12 11 17.956     231.8
540
 2013 04 20 03 55  2.352     2013 04 20 03 57 38.957     156.6
 2013 04 20 12 11 14.548     2013 04 20 12 13 51.571     157.0
541
 2013 04 20 02 57 11.612     2013 04 20 03 00 33.646     202.0
542
 2013 04 20 02 21 50.295     2013 04 20 02 25 32.926     222.6
 2013 04 20 10 34 23.782     2013 04 20 10 34 28.461       4.7
543
 2013 04 20 22 48  7.441     2013 04 20 22 50 43.024     155.6
544
 2013 04 20 01 16 28.881     2013 04 20 01 19 28.405     179.5
 2013 04 20 14 49 32.172     2013 04 20 14 49 39.055       6.9
545
 2013 04 20 10 47  4.945     2013 04 20 10 49 49.603     164.7
 2013 04 20 22 38 41.890     2013 04 20 22 42 15.579     213.7
546
 2013 04 20 03 47 55.701     2013 04 20 03 50 55.359     179.7
547
 2013 04 20 08 41 40.448     2013 04 20 08 43 23.179     102.7
 2013 04 20 15 18  8.596     2013 04 20 15 20 49.113     160.5
548
 2013 04 20 07 54 43.973     2013 04 20 07 58   .735     196.8
 2013 04 20 14 30 28.239     2013 04 20 14 33  6.126     157.9
549
 2013 04 20 16 32 47.312     2013 04 20 16 36 16.939     209.6
550
 2013 04 20 04 28 23.809     2013 04 20 04 32  6.536     222.7
 2013 04 20 16 21 23.665     2013 04 20 16 24 21.508     177.8
551
 2013 04 20 12 32 22.889     2013 04 20 12 35 18.481     175.6
552
 2013 04 20 10 58 20.104     2013 04 20 11 01 22.989     182.9
553
 2013 04 20 07 03  7.777     2013 04 20 07 05 46.996     159.2
 2013 04 20 15 19 53.312     2013 04 20 15 23 32.300     219.0
554
 2013 04 20 18 31 42.465     2013 04 20 18 34 29.505     167.0
555
 2013 04 20 14 11 28.710     2013 04 20 14 14 12.072     163.4
556
 2013 04 20 16 34  3.854     2013 04 20 16 36 55.658     171.8
 2013 04 20 23 09 36.378     2013 04 20 23 13 16.118     219.7
557
 2013 04 20 14 11 13.232     2013 04 20 14 14  6.000     172.8
558
 2013 04 20 11 40 17.909     2013 04 20 11 43 18.961     181.1
559
 2013 04 20 10 09 31.025     2013 04 20 10 09 57.765      26.7
560
 2013 04 20 11 48 41.474     2013 04 20 11 52 11.258     209.8
 2013 04 20 20 04 25.118     2013 04 20 20 08 13.605     228.5
561
 2013 04 20 03 48 29.496     2013 04 20 03 51  4.675     155.2
 2013 04 20 13 51  6.599     2013 04 20 13 51  8.544       1.9
562
 2013 04 20 11 52 19.127     2013 04 20 11 55  4.838     165.7
 2013 04 20 18 26 16.322     2013 04 20 18 29 23.439     187.1
563
 2013 04 20 09 12 22.688     2013 04 20 09 15 24.993     182.3
564
 2013 04 20 07 36 43.734     2013 04 20 07 40 21.181     217.4
 2013 04 20 19 33 37.277     2013 04 20 19 34 23.325      46.0
565
 2013 04 20 01 53 23.734     2013 04 20 01 56 19.855     176.1
 2013 04 20 18 57 40.537     2013 04 20 19 00 24.289     163.8
566
 2013 04 20 14 06 34.462     2013 04 20 14 09 15.711     161.2
567
 2013 04 20 15 46 13.614     2013 04 20 15 49  1.984     168.4
568
 2013 04 20 13 25 54.341     2013 04 20 13 29 44.664     230.3
 2013 04 20 15 03 58.968     2013 04 20 15 07 27.140     208.2
 2013 04 20 18 20 34.169     2013 04 20 18 20 38.689       4.5
 2013 04 20 19 59 15.653     2013 04 20 20 02  8.562     172.9
569
 2013 04 20 08 35 16.936     2013 04 20 08 38 29.819     192.9
 2013 04 20 18 32 33.750     2013 04 20 18 36 16.652     222.9
570
 2013 04 20 10 52 10.095     2013 04 20 10 54 51.414     161.3
571
 2013 04 20 01 25 19.789     2013 04 20 01 25 26.883       7.1
 2013 04 20 13 08 45.322     2013 04 20 13 11 21.670     156.3
572
 2013 04 20 00 37 21.194     2013 04 20 00 38  4.561      43.4
573
 2013 04 20 11 43 57.980     2013 04 20 11 47  1.345     183.4
 2013 04 20 21 42 20.268     2013 04 20 21 45 27.532     187.3
574
 2013 04 20 06 08 57.479     2013 04 20 06 11 38.562     161.1
575
 2013 04 20 10 12 17.920     2013 04 20 10 16  6.086     228.2
 2013 04 20 18 30 54.595     2013 04 20 18 33 35.220     160.6
576
 2013 04 20 06 18 17.554     2013 04 20 06 21 47.222     209.7
577
 2013 04 20 00 46 25.389     2013 04 20 00 50  5.733     220.3
 2013 04 20 09 00 36.902     2013 04 20 09 03 37.671     180.8
578
 2013 04 20 10 51 28.577     2013 04 20 10 54 23.226     174.6
579
 2013 04 20 13 18 11.728     2013 04 20 13 20 57.137     165.4
 2013 04 20 23 17 33.671     2013 04 20 23 20 21.574     167.9
580
 2013 04 20 03 58 27.089     2013 04 20 04 02 20.089     233.0
 2013 04 20 05 36 33.458     2013 04 20 05 39 59.710     206.3
 2013 04 20 08 53  7.291     2013 04 20 08 53 14.197       6.9
 2013 04 20 10 31 48.682     2013 04 20 10 34 41.234     172.6
581
 2013 04 20 10 15 11.360     2013 04 20 10 18 17.850     186.5
582
 2013 04 20 13 12 30.722     2013 04 20 13 15 47.413     196.7
583
 2013 04 20 12 40 48.535     2013 04 20 12 43 53.592     185.1
 2013 04 20 17 36 23.447     2013 04 20 17 39 26.180     182.7
584
 2013 04 20 06 52   .587     2013 04 20 06 54 40.197     159.6
 2013 04 20 18 42   .702     2013 04 20 18 44 34.609     153.9
585
 2013 04 20 12 37 50.300     2013 04 20 12 40 26.823     156.5
 2013 04 20 19 12 52.704     2013 04 20 19 16 20.751     208.0
586
 2013 04 20 04 42 49.999     2013 04 20 04 46  5.798     195.8
 2013 04 20 12 57 25.620     2013 04 20 13 00 15.061     169.4
587
 2013 04 20 07 08 15.214     2013 04 20 07 08 36.181      21.0
 2013 04 20 13 43 31.055     2013 04 20 13 46 54.787     203.7
588
 2013 04 20 00 05 49.028     2013 04 20 00 09 40.445     231.4
 2013 04 20 03 22 45.615     2013 04 20 03 26 39.182     233.6
 2013 04 20 05 01  6.919     2013 04 20 05 04 17.969     191.1
 2013 04 20 22 06 34.693     2013 04 20 22 09 53.996     199.3
589
 2013 04 20 05 58 57.493     2013 04 20 06 01 31.902     154.4
 2013 04 20 19 35 16.801     2013 04 20 19 38 10.509     173.7
590
 2013 04 20 14 41 24.936     2013 04 20 14 44  5.887     161.0
591
 2013 04 20 00 01 51.767     2013 04 20 00 04 36.281     164.5
 2013 04 20 06 36 15.411     2013 04 20 06 38 56.862     161.5
 2013 04 20 23 40 18.800     2013 04 20 23 43  7.014     168.2
592
 2013 04 20 10 04 13.892     2013 04 20 10 06 47.860     154.0
593
 2013 04 20 14 59 10.153     2013 04 20 15 02  4.337     174.2
 2013 04 20 21 33 46.324     2013 04 20 21 34 39.964      53.6
594
 2013 04 20 10 18  6.549     2013 04 20 10 18 19.253      12.7
 2013 04 20 18 27 18.937     2013 04 20 18 30 56.982     218.0
595
 2013 04 20 22 40  9.793     2013 04 20 22 42 43.593     153.8
596
 2013 04 20 05 21 39.727     2013 04 20 05 24 59.342     199.6
597
 2013 04 20 02 08 38.931     2013 04 20 02 10 46.852     127.9
 2013 04 20 13 58 16.199     2013 04 20 14 01 44.666     208.5
598
 2013 04 20 04 44 36.690     2013 04 20 04 47 52.430     195.7
 2013 04 20 11 20 40.187     2013 04 20 11 24 21.226     221.0
599
600
 2013 04 20 11 51 19.570     2013 04 20 11 54 53.325     213.8
 2013 04 20 13 29  9.862     2013 04 20 13 32 58.398     228.5
 2013 04 20 18 24 54.764     2013 04 20 18 27 39.711     164.9
601
602
 2013 04 20 05 25 32.344     2013 04 20 05 28  8.319     156.0
 2013 04 20 15 24 50.597     2013 04 20 15 27 52.219     181.6
603
604
 2013 04 20 22 47  3.606     2013 04 20 22 47 19.120      15.5
605
606
 2013 04 20 06 06 49.070     2013 04 20 06 09 22.524     153.5
 2013 04 20 17 52 40.232     2013 04 20 17 54 13.538      93.3
607
 2013 04 20 07 00 44.079     2013 04 20 07 03 25.725     161.6
 2013 04 20 16 58 35.341     2013 04 20 17 02 18.982     223.6
608
 2013 04 20 03 32  5.222     2013 04 20 03 34 54.680     169.5
 2013 04 20 18 52 31.884     2013 04 20 18 55 39.440     187.6
609
 2013 04 20 05 02  6.443     2013 04 20 05 04 46.772     160.3
 2013 04 20 22 06 28.125     2013 04 20 22 09  5.148     157.0
610
 2013 04 20 08 39 27.971     2013 04 20 08 40 16.340      48.4
611
 2013 04 20 13 53 25.228     2013 04 20 13 56   .047     154.8
612
 2013 04 20 20 06 19.488     2013 04 20 20 09 25.282     185.8
613
 2013 04 20 03 34 47.846     2013 04 20 03 37 27.389     159.5
 2013 04 20 17 17 20.526     2013 04 20 17 17 30.814      10.3
614
 2013 04 20 02 53 17.646     2013 04 20 02 56 53.240     215.6
615
616
 2013 04 20 20 59 13.976     2013 04 20 21 01 49.696     155.7
617
 2013 04 20 02 54 50.138     2013 04 20 02 57 43.844     173.7
 2013 04 20 14 44 29.634     2013 04 20 14 48  2.440     212.8
618
 2013 04 20 06 00 43.624     2013 04 20 06 03 17.589     154.0
619
 2013 04 20 12 28 46.236     2013 04 20 12 31 19.998     153.8
 2013 04 20 22 31 12.689     2013 04 20 22 34 57.005     224.3
620
 2013 04 20 02 36 10.262     2013 04 20 02 39 47.256     217.0
 2013 04 20 04 14  2.741     2013 04 20 04 17 45.498     222.8
 2013 04 20 21 19 55.476     2013 04 20 21 22 47.479     172.0
621
 2013 04 20 20 54 32.644     2013 04 20 20 57 17.274     164.6
622
623
 2013 04 20 23 26 18.327     2013 04 20 23 26 37.098      18.8
624
 2013 04 20 04 25  2.337     2013 04 20 04 28 20.030     197.7
 2013 04 20 17 59  1.244     2013 04 20 18 02 27.989     206.7
625
 2013 04 20 05 03 33.486     2013 04 20 05 06 10.555     157.1
 2013 04 20 22 05 53.008     2013 04 20 22 07 46.590     113.6
626
627
 2013 04 20 07 26 16.318     2013 04 20 07 28 53.846     157.5
 2013 04 20 22 49 38.584     2013 04 20 22 49 55.326      16.7
628
 2013 04 20 14 07 44.104     2013 04 20 14 08 27.575      43.5
 2013 04 20 22 27 10.153     2013 04 20 22 30 45.787     215.6
629
 2013 04 20 07 54 41.638     2013 04 20 07 54 54.760      13.1
 2013 04 20 14 31  4.613     2013 04 20 14 33 41.343     156.7
630
 2013 04 20 19 30 56.173     2013 04 20 19 34 11.801     195.6
631
 2013 04 20 14 43 18.764     2013 04 20 14 46 37.906     199.1
632
 2013 04 20 06 11 36.205     2013 04 20 06 14 14.932     158.7
 2013 04 20 16 13 15.210     2013 04 20 16 15 50.149     154.9
633
 2013 04 20 21 44 23.013     2013 04 20 21 44 27.069       4.1
634
 2013 04 20 16 05 44.699     2013 04 20 16 09 30.049     225.3
635
 2013 04 20 19 25  2.251     2013 04 20 19 28 30.733     208.5
636
 2013 04 20 01 21  3.066     2013 04 20 01 22 30.465      87.4
637
 2013 04 20 03 11  2.797     2013 04 20 03 13 39.017     156.2
 2013 04 20 09 45 51.547     2013 04 20 09 48 36.481     164.9
638
639
 2013 04 20 13 16 44.528     2013 04 20 13 19 20.206     155.7
 2013 04 20 23 18 43.284     2013 04 20 23 21 35.745     172.5
640
 2013 04 20 06 12 12.110     2013 04 20 06 14 52.976     160.9
 2013 04 20 16 12 21.328     2013 04 20 16 14 56.062     154.7
641
 2013 04 20 01 33  7.469     2013 04 20 01 33 10.463       3.0
 2013 04 20 09 47 58.389     2013 04 20 09 50 36.587     158.2
642
 2013 04 20 09 28   .964     2013 04 20 09 30 44.506     163.5
643
 2013 04 20 12 18 58.443     2013 04 20 12 21 32.135     153.7
644
 2013 04 20 07 09 44.753     2013 04 20 07 12 34.155     169.4
 2013 04 20 12 05  1.587     2013 04 20 12 08  8.908     187.3
645
 2013 04 20 06 43 31.403     2013 04 20 06 46 12.522     161.1
646
 2013 04 20 08 34 38.540     2013 04 20 08 35 35.931      57.4
647
 2013 04 20 00 17 40.360     2013 04 20 00 20 22.802     162.4
 2013 04 20 17 22 26.421     2013 04 20 17 25 38.261     191.8
648
 2013 04 20 01 27 29.414     2013 04 20 01 30  5.856     156.4
 2013 04 20 11 29 31.078     2013 04 20 11 32 20.318     169.2
649
 2013 04 20 05 53 25.447     2013 04 20 05 56 30.752     185.3
 2013 04 20 21 15 48.840     2013 04 20 21 18 47.525     178.7
650
 2013 04 20 06 52  7.990     2013 04 20 06 54 54.729     166.7
 2013 04 20 18 42  4.460     2013 04 20 18 44 38.230     153.8
651
 2013 04 20 19 18 37.298     2013 04 20 19 21 11.919     154.6
652
 2013 04 20 19 18 53.307     2013 04 20 19 21 44.404     171.1
653
 2013 04 20 06 17 51.469     2013 04 20 06 17 58.439       7.0
654
 2013 04 20 20 17 14.432     2013 04 20 20 17 55.496      41.1
655
 2013 04 20 09 54 10.071     2013 04 20 09 56 59.870     169.8
 2013 04 20 23 32 45.689     2013 04 20 23 35 20.455     154.8
656
 2013 04 20 12 13 32.405     2013 04 20 12 16 15.132     162.7
657
658
 2013 04 20 15 27 52.206     2013 04 20 15 31 15.350     203.1
659
 2013 04 20 11 49 16.752     2013 04 20 11 52 52.096     215.3
 2013 04 20 20 01 55.799     2013 04 20 20 02  9.035      13.2
660
 2013 04 20 02 03  8.393     2013 04 20 02 05 51.040     162.6
 2013 04 20 15 37 52.220     2013 04 20 15 41 14.712     202.5
661
 2013 04 20 18 37 24.604     2013 04 20 18 40 10.400     165.8
662
 2013 04 20 07 43  9.958     2013 04 20 07 44   .527      50.6
663
 2013 04 20 00 16 18.511     2013 04 20 00 19  5.013     166.5
 2013 04 20 18 59 20.849     2013 04 20 19 02 17.757     176.9
664
 2013 04 20 06 09 35.662     2013 04 20 06 12 15.642     160.0
665
 2013 04 20 09 15 12.958     2013 04 20 09 18 19.034     186.1
 2013 04 20 21 01 52.442     2013 04 20 21 04 42.776     170.3
666
 2013 04 20 17 08 53.732     2013 04 20 17 11 26.850     153.1
667
 2013 04 20 02 50 16.008     2013 04 20 02 51 33.442      77.4
668
 2013 04 20 05 29 54.803     2013 04 20 05 30  6.473      11.7
 2013 04 20 15 22 43.982     2013 04 20 15 26 23.804     219.8
669
 2013 04 20 09 24 25.977     2013 04 20 09 25 24.180      58.2
 2013 04 20 17 43 36.321     2013 04 20 17 46 41.682     185.4
670
 2013 04 20 18 30 30.963     2013 04 20 18 31 10.660      39.7
671
 2013 04 20 13 47 15.385     2013 04 20 13 50 31.970     196.6
672
 2013 04 20 08 19 29.908     2013 04 20 08 19 38.583       8.7
 2013 04 20 21 58 38.067     2013 04 20 22 01 41.782     183.7
673
 2013 04 20 21 55   .821     2013 04 20 21 57 34.434     153.6
674
 2013 04 20 13 06 32.860     2013 04 20 13 09 49.951     197.1
675
 2013 04 20 10 55 34.278     2013 04 20 10 58 54.265     200.0
 2013 04 20 20 57 11.146     2013 04 20 21 00  6.689     175.5
676
 2013 04 20 12 40 12.509     2013 04 20 12 42 49.975     157.5
 2013 04 20 17 35  9.235     2013 04 20 17 38 53.045     223.8
 2013 04 20 19 12 59.022     2013 04 20 19 14 16.303      77.3
677
678
 2013 04 20 23 22 27.428     2013 04 20 23 25 20.206     172.8
679
 2013 04 20 16 34 40.845     2013 04 20 16 37 18.431     157.6
 2013 04 20 23 09 35.873     2013 04 20 23 12 32.179     176.3
680
 2013 04 20 00 29 42.425     2013 04 20 00 32 41.828     179.4
681
 2013 04 20 19 18 53.064     2013 04 20 19 21 11.298     138.2
682
683
 2013 04 20 13 25 52.924     2013 04 20 13 26 19.155      26.2
 2013 04 20 20 02  2.406     2013 04 20 20 04 44.841     162.4
684
 2013 04 20 00 50 55.789     2013 04 20 00 53 37.081     161.3
 2013 04 20 05 45 58.212     2013 04 20 05 49 44.440     226.2
 2013 04 20 07 23 47.743     2013 04 20 07 24 54.902      67.2
685
 2013 04 20 04 24  3.784     2013 04 20 04 27 26.225     202.4
 2013 04 20 17 59 46.557     2013 04 20 18 02 23.407     156.8
686
 2013 04 20 20 11 34.421     2013 04 20 20 11 45.857      11.4
687
 2013 04 20 10 13 33.842     2013 04 20 10 13 56.090      22.2
 2013 04 20 20 06 18.279     2013 04 20 20 07 43.796      85.5
688
 2013 04 20 01 58 24.694     2013 04 20 01 58 50.605      25.9
 2013 04 20 17 20 30.883     2013 04 20 17 21  1.788      30.9
689
 2013 04 20 19 38 16.067     2013 04 20 19 41 54.354     218.3
690
 2013 04 20 03 08 26.176     2013 04 20 03 11 17.471     171.3
 2013 04 20 11 24 12.697     2013 04 20 11 27 16.200     183.5
691
 2013 04 20 01 38 45.104     2013 04 20 01 41 42.653     177.5
 2013 04 20 06 34 12.112     2013 04 20 06 37 19.343     187.2
692
693
 2013 04 20 05 21 22.335     2013 04 20 05 24   .369     158.0
694
 2013 04 20 09 29 13.365     2013 04 20 09 32 29.287     195.9
 2013 04 20 16 05   .102     2013 04 20 16 07 40.215     160.1
695
 2013 04 20 02 42 27.503     2013 04 20 02 43 23.224      55.7
 2013 04 20 18 07 35.730     2013 04 20 18 10 28.351     172.6
696
 2013 04 20 12 33 38.643     2013 04 20 12 36 13.654     155.0
697
 2013 04 20 10 15  1.508     2013 04 20 10 18 45.868     224.4
 2013 04 20 16 49 29.511     2013 04 20 16 53 17.875     228.4
698
 2013 04 20 15 03  6.737     2013 04 20 15 06  1.858     175.1
 2013 04 20 19 58 25.919     2013 04 20 20 01  8.605     162.7
699
 2013 04 20 07 55 12.249     2013 04 20 07 58 30.032     197.8
 2013 04 20 14 30 31.445     2013 04 20 14 33 11.634     160.2
700
 2013 04 20 03 51 19.300     2013 04 20 03 54 26.836     187.5
701
702
 2013 04 20 06 51  8.790     2013 04 20 06 53 58.192     169.4
 2013 04 20 18 42 25.404     2013 04 20 18 45 20.252     174.8
703
 2013 04 20 08 23  5.658     2013 04 20 08 25 51.156     165.5
704
 2013 04 20 02 16 10.865     2013 04 20 02 16 33.299      22.4
705
 2013 04 20 02 02 27.389     2013 04 20 02 05  4.101     156.7
 2013 04 20 15 38 39.863     2013 04 20 15 41 24.201     164.3
706
 2013 04 20 03 38 31.574     2013 04 20 03 41 41.290     189.7
707
 2013 04 20 05 02  6.854     2013 04 20 05 04 43.357     156.5
 2013 04 20 22 06  6.402     2013 04 20 22 08 43.067     156.7
708
709
 2013 04 20 11 05 33.130     2013 04 20 11 09 13.363     220.2
 2013 04 20 16 01 37.281     2013 04 20 16 05 26.641     229.4
710
 2013 04 20 14 06 39.054     2013 04 20 14 10  6.756     207.7
711
 2013 04 20 06 53 35.295     2013 04 20 06 56 19.319     164.0
 2013 04 20 18 40 43.898     2013 04 20 18 44 27.566     223.7
712
 2013 04 20 11 36 41.577     2013 04 20 11 39 55.819     194.2
 2013 04 20 23 23 54.503     2013 04 20 23 26 32.172     157.7
713
 2013 04 20 06 49  9.949     2013 04 20 06 49 17.613       7.7
 2013 04 20 18 43 35.836     2013 04 20 18 47 15.634     219.8
714
 2013 04 20 07 41 34.602     2013 04 20 07 42 48.007      73.4
 2013 04 20 19 27 22.060     2013 04 20 19 30 25.309     183.2
715
 2013 04 20 21 52 41.198     2013 04 20 21 55 47.631     186.4
716
 2013 04 20 11 49 53.315     2013 04 20 11 50 20.549      27.2
 2013 04 20 18 26 51.994     2013 04 20 18 30 25.632     213.6
717
 2013 04 20 16 09 55.610     2013 04 20 16 13 26.939     211.3
718
 2013 04 20 09 28 35.235     2013 04 20 09 31 20.827     165.6
 2013 04 20 16 03 58.690     2013 04 20 16 07 33.207     214.5
719
 2013 04 20 02 55 33.370     2013 04 20 02 58 18.261     164.9
 2013 04 20 14 45 41.795     2013 04 20 14 48 15.359     153.6
720
 2013 04 20 00 00   .000     2013 04 20 00 02 51.465     171.5
 2013 04 20 08 13 21.848     2013 04 20 08 16 42.776     200.9
 2013 04 20 23 38   .102     2013 04 20 23 41 24.478     204.4
721
 2013 04 20 04 21 13.768     2013 04 20 04 23 49.098     155.3
722
723
 2013 04 20 00 39 12.733     2013 04 20 00 42 30.024     197.3
724
 2013 04 20 05 31  1.264     2013 04 20 05 31 26.228      25.0
725
 2013 04 20 11 03 49.074     2013 04 20 11 06 58.646     189.6
 2013 04 20 17 37 54.251     2013 04 20 17 40 30.884     156.6
726
 2013 04 20 04 20 11.258     2013 04 20 04 23 23.275     192.0
727
 2013 04 20 16 05 46.318     2013 04 20 16 08 40.686     174.4
728
729
 2013 04 20 00 48 53.523     2013 04 20 00 51 34.505     161.0
 2013 04 20 07 24  1.001     2013 04 20 07 27  1.893     180.9
730
 2013 04 20 06 44  4.336     2013 04 20 06 47 26.878     202.5
 2013 04 20 20 24 36.923     2013 04 20 20 25 39.764      62.8
731
 2013 04 20 16 36 13.288     2013 04 20 16 39  6.594     173.3
 2013 04 20 23 10  1.111     2013 04 20 23 13 26.652     205.5
732
 2013 04 20 22 34 10.343     2013 04 20 22 37 24.839     194.5
733
 2013 04 20 12 32  6.553     2013 04 20 12 35 52.363     225.8
734
 2013 04 20 06 13 16.310     2013 04 20 06 16 39.282     203.0
 2013 04 20 16 10 41.739     2013 04 20 16 14 12.232     210.5
735
 2013 04 20 17 03 45.990     2013 04 20 17 06 30.467     164.5
736
737
 2013 04 20 08 41 45.047     2013 04 20 08 42 34.980      49.9
 2013 04 20 15 18 15.317     2013 04 20 15 20 53.035     157.7
738
 2013 04 20 20 59  1.438     2013 04 20 21 02 37.384     215.9
739
 2013 04 20 22 35 37.145     2013 04 20 22 38 22.357     165.2
740
 2013 04 20 07 32 27.103     2013 04 20 07 32 43.294      16.2
 2013 04 20 21 08 48.442     2013 04 20 21 11 29.098     160.7
741
 2013 04 20 02 47 42.487     2013 04 20 02 50 21.222     158.7
 2013 04 20 16 26 50.714     2013 04 20 16 30 23.575     212.9
742
 2013 04 20 05 33 56.484     2013 04 20 05 36 41.255     164.8
 2013 04 20 12 08   .376     2013 04 20 12 11   .643     180.3
743
 2013 04 20 05 33 19.276     2013 04 20 05 34  9.482      50.2
 2013 04 20 12 09  4.066     2013 04 20 12 11 58.118     174.1
744
 2013 04 20 03 33 10.450     2013 04 20 03 36 12.206     181.8
745
 2013 04 20 13 43 29.310     2013 04 20 13 47  3.372     214.1
746
747
748
 2013 04 20 08 21 51.115     2013 04 20 08 25 24.607     213.5
749
 2013 04 20 07 45 45.016     2013 04 20 07 49 24.529     219.5
 2013 04 20 17 46  9.150     2013 04 20 17 49  7.242     178.1
750
751
 2013 04 20 21 06 57.523     2013 04 20 21 10  1.145     183.6
752
 2013 04 20 03 49 47.800     2013 04 20 03 53 29.289     221.5
 2013 04 20 13 51 48.895     2013 04 20 13 54 50.001     181.1
753
 2013 04 20 00 26 37.557     2013 04 20 00 29 13.077     155.5
 2013 04 20 14 04 35.885     2013 04 20 14 07 29.863     174.0
754
 2013 04 20 08 25 16.993     2013 04 20 08 28 47.160     210.2
 2013 04 20 20 17 38.344     2013 04 20 20 20 22.444     164.1
755
756
757
 2013 04 20 06 13 58.435     2013 04 20 06 16 34.566     156.1
758
 2013 04 20 03 58  7.899     2013 04 20 04 01 16.947     189.0
 2013 04 20 10 32 19.689     2013 04 20 10 34 59.472     159.8
759
 2013 04 20 01 59  8.410     2013 04 20 02 01 50.980     162.6
760
 2013 04 20 01 53  4.893     2013 04 20 01 56 37.104     212.2
 2013 04 20 18 55 54.992     2013 04 20 18 58 47.488     172.5
761
 2013 04 20 06 08 57.510     2013 04 20 06 12 34.260     216.8
762
 2013 04 20 02 50  4.497     2013 04 20 02 53 36.447     211.9
763
 2013 04 20 11 34 34.853     2013 04 20 11 37 23.141     168.3
 2013 04 20 23 26  6.875     2013 04 20 23 29 19.075     192.2
764
 2013 04 20 13 18  7.641     2013 04 20 13 20 51.119     163.5
 2013 04 20 23 17 39.580     2013 04 20 23 20 24.750     165.2
765
 2013 04 20 03 03 43.070     2013 04 20 03 06 43.978     180.9
 2013 04 20 13 03 19.197     2013 04 20 13 05 22.264     123.1
766
 2013 04 20 08 19  1.725     2013 04 20 08 19 16.171      14.4
 2013 04 20 23 35 24.661     2013 04 20 23 38 17.731     173.1
767
 2013 04 20 02 05 24.501     2013 04 20 02 06 17.301      52.8
 2013 04 20 14 02 57.061     2013 04 20 14 03 40.094      43.0
768
 2013 04 20 01 14 22.862     2013 04 20 01 17  9.126     166.3
 2013 04 20 14 51 28.070     2013 04 20 14 54  6.981     158.9
769
 2013 04 20 12 27 51.250     2013 04 20 12 30 29.178     157.9
770
 2013 04 20 14 42 55.067     2013 04 20 14 45 55.465     180.4
771
772
 2013 04 20 00 41 22.233     2013 04 20 00 44 27.597     185.4
 2013 04 20 10 41 58.543     2013 04 20 10 45 13.957     195.4
773
 2013 04 20 21 39 25.384     2013 04 20 21 40 19.376      54.0
774
 2013 04 20 05 12 52.720     2013 04 20 05 13 24.816      32.1
 2013 04 20 18 49 40.183     2013 04 20 18 50 36.510      56.3
775
 2013 04 20 03 28  3.357     2013 04 20 03 31 32.285     208.9
 2013 04 20 20 30 20.658     2013 04 20 20 33 39.499     198.8
776
 2013 04 20 00 04 13.443     2013 04 20 00 07 30.857     197.4
 2013 04 20 05 00   .326     2013 04 20 05 03  2.632     182.3
 2013 04 20 23 42 44.028     2013 04 20 23 45 56.891     192.9
777
778
 2013 04 20 04 17 54.204     2013 04 20 04 21 25.901     211.7
 2013 04 20 19 39 39.209     2013 04 20 19 42 23.354     164.1
779
780
781
782
 2013 04 20 13 06 56.359     2013 04 20 13 10  8.035     191.7
783
 2013 04 20 19 38 39.242     2013 04 20 19 41 53.759     194.5
784
 2013 04 20 06 19 33.176     2013 04 20 06 22 45.241     192.1
 2013 04 20 12 55 29.218     2013 04 20 12 58 40.159     190.9
785
 2013 04 20 00 44 41.652     2013 04 20 00 47 27.128     165.5
 2013 04 20 09 02 19.009     2013 04 20 09 05 55.317     216.3
786
 2013 04 20 09 22 58.759     2013 04 20 09 23 44.449      45.7
787
 2013 04 20 03 38  7.227     2013 04 20 03 40 58.048     170.8
788
 2013 04 20 22 51 12.272     2013 04 20 22 52   .729      48.5
789
 2013 04 20 04 40 56.948     2013 04 20 04 43 54.305     177.4
 2013 04 20 13 00 52.489     2013 04 20 13 01 28.934      36.4
790
 2013 04 20 04 11 33.641     2013 04 20 04 12 31.129      57.5
 2013 04 20 05 49 31.008     2013 04 20 05 50 48.905      77.9
 2013 04 20 22 54 46.826     2013 04 20 22 57 36.143     169.3
791
 2013 04 20 14 11 59.878     2013 04 20 14 15 16.364     196.5
 2013 04 20 20 46 27.245     2013 04 20 20 49 50.361     203.1
792
 2013 04 20 03 33 36.179     2013 04 20 03 33 37.652       1.5
 2013 04 20 17 15 36.592     2013 04 20 17 19  7.066     210.5
793
 2013 04 20 00 50 30.731     2013 04 20 00 53 30.667     179.9
 2013 04 20 07 24 24.068     2013 04 20 07 27 52.952     208.9
794
 2013 04 20 01 13 11.579     2013 04 20 01 16 20.437     188.9
 2013 04 20 14 52 59.797     2013 04 20 14 55 54.556     174.8
795
 2013 04 20 23 19  2.955     2013 04 20 23 19 25.250      22.3
796
 2013 04 20 06 14 43.381     2013 04 20 06 17 59.914     196.5
797
 2013 04 20 10 12 46.375     2013 04 20 10 16 37.595     231.2
 2013 04 20 18 30 52.506     2013 04 20 18 33 29.893     157.4
798
 2013 04 20 01 55 19.080     2013 04 20 01 57 54.709     155.6
 2013 04 20 17 18 33.577     2013 04 20 17 18 57.638      24.1
799
 2013 04 20 20 05 52.694     2013 04 20 20 08 36.139     163.4
800
 2013 04 20 11 45 57.165     2013 04 20 11 48 48.632     171.5
801
 2013 04 20 08 21 12.822     2013 04 20 08 24  2.194     169.4
 2013 04 20 21 56 55.429     2013 04 20 21 59 20.785     145.4
802
 2013 04 20 01 27 12.008     2013 04 20 01 29 54.812     162.8
 2013 04 20 11 28 42.278     2013 04 20 11 32  5.595     203.3
803
 2013 04 20 10 44  4.620     2013 04 20 10 46 43.037     158.4
804
 2013 04 20 01 52 55.329     2013 04 20 01 55 52.141     176.8
 2013 04 20 18 56 27.114     2013 04 20 18 59  3.014     155.9
805
 2013 04 20 12 17 40.546     2013 04 20 12 21  2.318     201.8
806
807
 2013 04 20 22 34 30.694     2013 04 20 22 37 31.775     181.1
808
 2013 04 20 13 27  8.970     2013 04 20 13 30  5.214     176.2
 2013 04 20 20 00 52.645     2013 04 20 20 04 25.779     213.1
809
 2013 04 20 14 00 51.850     2013 04 20 14 03 45.315     173.5
810
 2013 04 20 00 34 23.150     2013 04 20 00 38  6.138     223.0
 2013 04 20 12 21 40.988     2013 04 20 12 24 14.439     153.5
811
 2013 04 20 21 12 38.643     2013 04 20 21 16 22.699     224.1
812
 2013 04 20 12 56 38.222     2013 04 20 12 59 45.884     187.7
813
814
 2013 04 20 20 58 26.831     2013 04 20 21 02  3.863     217.0
815
 2013 04 20 00 26 23.890     2013 04 20 00 29 59.776     215.9
 2013 04 20 14 05 53.814     2013 04 20 14 08 28.979     155.2
816
817
 2013 04 20 20 11 36.188     2013 04 20 20 12 38.239      62.1
818
 2013 04 20 08 42 33.387     2013 04 20 08 45 59.598     206.2
 2013 04 20 10 20 21.298     2013 04 20 10 24  7.524     226.2
 2013 04 20 13 37 10.649     2013 04 20 13 37 23.778      13.1
 2013 04 20 15 15 46.066     2013 04 20 15 18 46.446     180.4
819
 2013 04 20 01 25 44.786     2013 04 20 01 28 20.250     155.5
820
 2013 04 20 06 14 58.689     2013 04 20 06 17 45.011     166.3
821
 2013 04 20 10 57 46.283     2013 04 20 11 00 28.543     162.3
822
 2013 04 20 17 56 39.584     2013 04 20 17 59 14.209     154.6
823
824
825
 2013 04 20 10 51 52.219     2013 04 20 10 54 26.086     153.9
826
827
 2013 04 20 00 50 31.967     2013 04 20 00 53  9.814     157.8
 2013 04 20 07 23 51.227     2013 04 20 07 27 12.673     201.4
828
 2013 04 20 02 01 54.582     2013 04 20 02 04 49.902     175.3
 2013 04 20 15 38 30.999     2013 04 20 15 41  4.748     153.7
829
 2013 04 20 04 30 21.619     2013 04 20 04 32 58.891     157.3
 2013 04 20 16 19 26.725     2013 04 20 16 22  4.656     157.9
830
 2013 04 20 00 00   .000     2013 04 20 00 01 16.055      76.1
 2013 04 20 08 15 51.334     2013 04 20 08 18 29.537     158.2
 2013 04 20 23 36 30.979     2013 04 20 23 39 39.907     188.9
831
 2013 04 20 17 57 35.482     2013 04 20 17 57 38.180       2.7
832
 2013 04 20 14 59 55.575     2013 04 20 15 02 39.669     164.1
 2013 04 20 21 35 11.068     2013 04 20 21 38 18.182     187.1
833
 2013 04 20 06 54   .600     2013 04 20 06 57 15.188     194.6
 2013 04 20 18 39 13.780     2013 04 20 18 42 45.664     211.9
834
835
 2013 04 20 03 07 31.245     2013 04 20 03 10 33.720     182.5
 2013 04 20 11 23 15.917     2013 04 20 11 25 55.572     159.7
836
 2013 04 20 14 55 13.460     2013 04 20 14 58 53.918     220.5
837
838
839
 2013 04 20 10 45 59.743     2013 04 20 10 49  4.907     185.2
840
 2013 04 20 06 55  4.307     2013 04 20 06 56  3.308      59.0
 2013 04 20 18 40   .104     2013 04 20 18 42 40.348     160.2
841
 2013 04 20 11 36 43.606     2013 04 20 11 39 22.169     158.6
 2013 04 20 23 25   .840     2013 04 20 23 27 57.403     176.6
842
 2013 04 20 01 02 57.949     2013 04 20 01 06 39.026     221.1
 2013 04 20 19 45 48.282     2013 04 20 19 48 56.775     188.5
843
 2013 04 20 09 20 59.428     2013 04 20 09 24 10.196     190.8
 2013 04 20 19 21  3.174     2013 04 20 19 23 38.900     155.7
844
 2013 04 20 20 59 30.497     2013 04 20 21 03 12.242     221.7
845
 2013 04 20 16 57 55.591     2013 04 20 17 01 19.025     203.4
846
847
 2013 04 20 05 30 34.757     2013 04 20 05 33 30.471     175.7
 2013 04 20 13 44 47.065     2013 04 20 13 47 59.883     192.8
848
 2013 04 20 11 50 34.330     2013 04 20 11 53 48.105     193.8
 2013 04 20 18 24 56.912     2013 04 20 18 27 51.638     174.7
849
 2013 04 20 02 39 52.114     2013 04 20 02 43 11.714     199.6
 2013 04 20 19 43 24.076     2013 04 20 19 46  1.332     157.3
850
 2013 04 20 22 28 42.081     2013 04 20 22 31 16.604     154.5
851
 2013 04 20 19 19  8.433     2013 04 20 19 22 14.431     186.0
852
853
 2013 04 20 09 51 26.601     2013 04 20 09 53 34.170     127.6
854
 2013 04 20 10 58 39.862     2013 04 20 11 01 44.141     184.3
855
 2013 04 20 04 29 33.382     2013 04 20 04 32  8.106     154.7
 2013 04 20 16 20  5.394     2013 04 20 16 23  6.210     180.8
856
 2013 04 20 13 00 47.917     2013 04 20 13 04 15.280     207.4
857
 2013 04 20 10 45 33.110     2013 04 20 10 48  6.490     153.4
858
 2013 04 20 08 27 37.752     2013 04 20 08 30 11.728     154.0
 2013 04 20 20 15 35.474     2013 04 20 20 18 20.951     165.5
859
 2013 04 20 09 58 27.107     2013 04 20 10 01 59.147     212.0
860
861
 2013 04 20 08 40  5.702     2013 04 20 08 40 59.312      53.6
862
 2013 04 20 12 18 39.274     2013 04 20 12 21 15.341     156.1
863
 2013 04 20 08 39 26.089     2013 04 20 08 43  2.458     216.4
 2013 04 20 16 53 24.855     2013 04 20 16 56 34.653     189.8
864
 2013 04 20 15 18 30.717     2013 04 20 15 21  8.238     157.5
865
 2013 04 20 03 36 23.835     2013 04 20 03 39 15.053     171.2
 2013 04 20 17 14 14.755     2013 04 20 17 16 54.612     159.9
866
867
 2013 04 20 03 04 16.739     2013 04 20 03 07 30.208     193.5
868
 2013 04 20 15 27 27.711     2013 04 20 15 31  3.595     215.9
869
870
 2013 04 20 10 48 18.090     2013 04 20 10 51 21.346     183.3
 2013 04 20 22 37 11.723     2013 04 20 22 40  5.861     174.1
871
 2013 04 20 07 53 33.565     2013 04 20 07 53 34.424        .9
872
 2013 04 20 10 38 37.272     2013 04 20 10 42 25.949     228.7
873
 2013 04 20 16 23 42.205     2013 04 20 16 26 26.884     164.7
874
875
 2013 04 20 08 39   .561     2013 04 20 08 42  8.545     188.0
 2013 04 20 16 55 37.349     2013 04 20 16 58 27.596     170.2
876
 2013 04 20 08 41 21.354     2013 04 20 08 43 58.653     157.3
 2013 04 20 15 16 21.817     2013 04 20 15 19 54.017     212.2
877
 2013 04 20 07 41 17.084     2013 04 20 07 41 19.166       2.1
878
 2013 04 20 09 05  3.497     2013 04 20 09 08 35.596     212.1
 2013 04 20 22 46  3.491     2013 04 20 22 49 44.122     220.6
879
 2013 04 20 14 40 56.670     2013 04 20 14 43 30.585     153.9
880
881
 2013 04 20 14 49 44.808     2013 04 20 14 52 57.791     193.0
882
 2013 04 20 15 41 33.542     2013 04 20 15 45 12.160     218.6
883
 2013 04 20 07 03 37.925     2013 04 20 07 06 14.432     156.5
 2013 04 20 15 20 29.093     2013 04 20 15 23 26.141     177.0
884
 2013 04 20 20 52 54.672     2013 04 20 20 55 35.858     161.2
885
 2013 04 20 05 51  5.431     2013 04 20 05 54   .952     175.5
886
 2013 04 20 21 59  5.015     2013 04 20 22 02 22.770     197.8
887
 2013 04 20 16 35 10.789     2013 04 20 16 38  2.987     172.2
 2013 04 20 23 09 12.780     2013 04 20 23 11 50.625     157.8
888
 2013 04 20 07 29 30.171     2013 04 20 07 32 13.976     163.8
889
 2013 04 20 19 33 45.092     2013 04 20 19 36 29.355     164.3
890
891
 2013 04 20 03 41 34.355     2013 04 20 03 44  8.435     154.1
 2013 04 20 15 35 11.723     2013 04 20 15 36 31.768      80.0
892
 2013 04 20 06 11 19.730     2013 04 20 06 11 35.040      15.3
 2013 04 20 16 11 27.688     2013 04 20 16 14 16.111     168.4
893
894
 2013 04 20 16 09 56.327     2013 04 20 16 12 42.114     165.8
895
 2013 04 20 21 40 58.576     2013 04 20 21 43 34.001     155.4
896
897
 2013 04 20 04 12 58.895     2013 04 20 04 16 22.451     203.6
 2013 04 20 21 20 56.264     2013 04 20 21 21  9.190      12.9
 2013 04 20 22 55   .074     2013 04 20 22 56  2.530      62.5
898
 2013 04 20 13 24 13.690     2013 04 20 13 25 23.757      70.1
 2013 04 20 20 04 20.799     2013 04 20 20 05  6.987      46.2
899
 2013 04 20 00 26 53.183     2013 04 20 00 30  5.688     192.5
 2013 04 20 14 03 45.681     2013 04 20 14 06 29.036     163.4
900
 2013 04 20 04 22  3.121     2013 04 20 04 24 56.169     173.0
 2013 04 20 18 01 47.618     2013 04 20 18 05 17.175     209.6
901
 2013 04 20 13 22  3.499     2013 04 20 13 24 46.672     163.2
 2013 04 20 21 39  6.660     2013 04 20 21 41 50.973     164.3
902
 2013 04 20 06 59 54.712     2013 04 20 07 00 23.483      28.8
903
 2013 04 20 04 16   .986     2013 04 20 04 18 37.846     156.9
 2013 04 20 21 18 32.820     2013 04 20 21 22  2.614     209.8
904
 2013 04 20 03 54  7.100     2013 04 20 03 57 55.096     228.0
 2013 04 20 12 09 56.164     2013 04 20 12 12 55.035     178.9
905
 2013 04 20 11 33  5.784     2013 04 20 11 35 41.348     155.6
906
 2013 04 20 23 21 40.405     2013 04 20 23 25  3.621     203.2
907
 2013 04 20 10 18 18.429     2013 04 20 10 21 31.459     193.0
 2013 04 20 15 13 56.890     2013 04 20 15 17 49.548     232.7
 2013 04 20 16 51 42.486     2013 04 20 16 51 50.729       8.2
908
 2013 04 20 05 08 29.442     2013 04 20 05 12 12.178     222.7
 2013 04 20 18 49 47.800     2013 04 20 18 53 25.746     217.9
909
 2013 04 20 09 00 14.760     2013 04 20 09 03 14.276     179.5
910
 2013 04 20 05 29  8.967     2013 04 20 05 31 47.930     159.0
 2013 04 20 13 46  5.770     2013 04 20 13 48 55.328     169.6
911
 2013 04 20 12 19 21.976     2013 04 20 12 22  4.538     162.6
912
 2013 04 20 06 16 59.547     2013 04 20 06 20 32.796     213.2
 2013 04 20 14 31 56.264     2013 04 20 14 34 34.404     158.1
913
 2013 04 20 05 31 28.904     2013 04 20 05 34 22.415     173.5
914
 2013 04 20 07 07 12.359     2013 04 20 07 10 43.944     211.6
 2013 04 20 08 44 55.361     2013 04 20 08 45 31.043      35.7
 2013 04 20 13 41 13.874     2013 04 20 13 43 51.506     157.6
915
 2013 04 20 07 05 42.442     2013 04 20 07 08 34.818     172.4
916
 2013 04 20 17 40 16.356     2013 04 20 17 43 55.079     218.7
917
 2013 04 20 09 13  6.433     2013 04 20 09 15 40.167     153.7
 2013 04 20 21 03 42.668     2013 04 20 21 06 56.371     193.7
918
 2013 04 20 05 26 22.883     2013 04 20 05 29  3.775     160.9
919
 2013 04 20 02 13 58.219     2013 04 20 02 16 43.919     165.7
 2013 04 20 12 17   .629     2013 04 20 12 20 28.632     208.0
920
 2013 04 20 09 03 43.020     2013 04 20 09 03 47.351       4.3
921
 2013 04 20 04 20 31.096     2013 04 20 04 23  7.487     156.4
922
 2013 04 20 06 54 56.605     2013 04 20 06 57 36.948     160.3
923
 2013 04 20 13 16  4.882     2013 04 20 13 19 24.102     199.2
 2013 04 20 23 17 17.003     2013 04 20 23 17 39.735      22.7
924
 2013 04 20 18 38 38.589     2013 04 20 18 41 28.441     169.9
925
 2013 04 20 16 34 17.741     2013 04 20 16 35 14.948      57.2
 2013 04 20 23 10 58.165     2013 04 20 23 13 45.877     167.7
926
927
 2013 04 20 08 38   .707     2013 04 20 08 39 11.948      71.2
 2013 04 20 18 31 52.814     2013 04 20 18 33 22.726      89.9
928
 2013 04 20 07 55 48.765     2013 04 20 07 58 28.258     159.5
 2013 04 20 14 29 45.298     2013 04 20 14 32 43.451     178.2
929
 2013 04 20 12 13 52.670     2013 04 20 12 16 40.398     167.7
930
 2013 04 20 01 04 17.565     2013 04 20 01 07 38.662     201.1
 2013 04 20 18 08 15.200     2013 04 20 18 11 45.071     209.9
931
 2013 04 20 08 40 27.187     2013 04 20 08 43 46.304     199.1
932
 2013 04 20 14 10 24.903     2013 04 20 14 13 56.292     211.4
 2013 04 20 22 26 24.727     2013 04 20 22 30  1.160     216.4
933
934
 2013 04 20 10 39 45.828     2013 04 20 10 42 23.313     157.5
935
 2013 04 20 00 19  8.229     2013 04 20 00 22 25.425     197.2
 2013 04 20 17 23 13.812     2013 04 20 17 26 24.460     190.6
936
937
 2013 04 20 04 42 35.814     2013 04 20 04 45 23.094     167.3
 2013 04 20 12 58 58.966     2013 04 20 13 01 39.117     160.2
938
939
 2013 04 20 22 47 59.362     2013 04 20 22 50 56.821     177.5
940
 2013 04 20 14 58 26.783     2013 04 20 15 01 47.088     200.3
 2013 04 20 23 11 19.162     2013 04 20 23 11 55.366      36.2
941
 2013 04 20 01 14 50.327     2013 04 20 01 17 51.936     181.6
 2013 04 20 14 52 12.159     2013 04 20 14 55 13.234     181.1
942
943
 2013 04 20 12 25  7.935     2013 04 20 12 25 59.997      52.1
944
 2013 04 20 02 41 51.726     2013 04 20 02 45 34.016     222.3
945
 2013 04 20 06 47 29.804     2013 04 20 06 51 11.822     222.0
946
947
 2013 04 20 12 40 42.501     2013 04 20 12 40 54.967      12.5
 2013 04 20 14 14 46.064     2013 04 20 14 15 20.746      34.7
 2013 04 20 19 11 11.711     2013 04 20 19 14 47.682     216.0
948
949
 2013 04 20 06 01 30.800     2013 04 20 06 04 11.605     160.8
950
 2013 04 20 04 29  3.399     2013 04 20 04 32 17.446     194.0
 2013 04 20 16 20 58.517     2013 04 20 16 23 45.623     167.1
951
 2013 04 20 14 41 54.054     2013 04 20 14 44 28.677     154.6
952
 2013 04 20 08 34 47.403     2013 04 20 08 38 28.902     221.5
 2013 04 20 18 32 36.372     2013 04 20 18 35 48.405     192.0
953
 2013 04 20 13 18  1.207     2013 04 20 13 20 47.017     165.8
 2013 04 20 23 18 23.309     2013 04 20 23 21 23.921     180.6
954
 2013 04 20 12 35 47.747     2013 04 20 12 36 49.375      61.6
955
 2013 04 20 12 56 39.359     2013 04 20 12 59 16.577     157.2
956
 2013 04 20 00 48 30.117     2013 04 20 00 51  9.584     159.5
 2013 04 20 07 23 39.168     2013 04 20 07 27 11.320     212.2
957
 2013 04 20 06 39 29.046     2013 04 20 06 42 38.420     189.4
 2013 04 20 22 01 41.389     2013 04 20 22 04 46.327     184.9
958
 2013 04 20 04 31 10.619     2013 04 20 04 34 52.494     221.9
 2013 04 20 16 17 52.812     2013 04 20 16 20 32.413     159.6
959
 2013 04 20 10 03 25.869     2013 04 20 10 05 59.765     153.9
960
 2013 04 20 07 28 53.173     2013 04 20 07 29 14.195      21.0
961
962
 2013 04 20 08 36 59.830     2013 04 20 08 40 25.750     205.9
 2013 04 20 16 55 44.194     2013 04 20 16 59 29.336     225.1
963
 2013 04 20 06 06  1.199     2013 04 20 06 06 28.342      27.1
964
 2013 04 20 00 45 59.146     2013 04 20 00 49 40.437     221.3
 2013 04 20 09 03  3.290     2013 04 20 09 06  3.849     180.6
965
 2013 04 20 20 12 25.293     2013 04 20 20 15  6.368     161.1
966
 2013 04 20 06 13  2.053     2013 04 20 06 15 42.669     160.6
 2013 04 20 16 12 13.060     2013 04 20 16 15 47.086     214.0
967
 2013 04 20 08 30  4.979     2013 04 20 08 32 38.952     154.0
968
 2013 04 20 13 10 46.563     2013 04 20 13 11 20.030      33.5
969
 2013 04 20 10 48 41.801     2013 04 20 10 51 36.953     175.2
 2013 04 20 22 37 16.493     2013 04 20 22 39 54.990     158.5
970
 2013 04 20 07 52 55.318     2013 04 20 07 53 50.257      54.9
 2013 04 20 14 31  1.102     2013 04 20 14 31 28.061      27.0
971
 2013 04 20 17 03 56.209     2013 04 20 17 07  7.104     190.9
972
 2013 04 20 01 23 12.588     2013 04 20 01 26  9.004     176.4
 2013 04 20 13 08 18.516     2013 04 20 13 12  3.915     225.4
973
 2013 04 20 07 47 26.173     2013 04 20 07 51 12.162     226.0
974
 2013 04 20 14 47 41.556     2013 04 20 14 51 18.897     217.3
975
 2013 04 20 22 27 52.573     2013 04 20 22 30 31.960     159.4
976
 2013 04 20 12 28 11.637     2013 04 20 12 31 14.549     182.9
977
 2013 04 20 09 05 31.769     2013 04 20 09 08  6.996     155.2
978
 2013 04 20 02 51 43.039     2013 04 20 02 55  6.050     203.0
979
 2013 04 20 12 13 38.084     2013 04 20 12 17 13.194     215.1
980
 2013 04 20 01 51 38.730     2013 04 20 01 54 16.234     157.5
 2013 04 20 19 00 10.026     2013 04 20 19 00 24.214      14.2
 2013 04 20 20 34 29.048     2013 04 20 20 37 54.450     205.4
981
 2013 04 20 02 59  6.686     2013 04 20 03 02  8.828     182.1
982
983
 2013 04 20 09 23 47.499     2013 04 20 09 26 47.308     179.8
984
 2013 04 20 07 07 33.271     2013 04 20 07 10 15.106     161.8
 2013 04 20 13 41 58.582     2013 04 20 13 44 38.551     160.0
985
 2013 04 20 08 42 35.010     2013 04 20 08 45 29.785     174.8
 2013 04 20 15 16 17.586     2013 04 20 15 19  2.619     165.0
986
 2013 04 20 11 04 44.131     2013 04 20 11 07 30.176     166.0
 2013 04 20 17 38 14.223     2013 04 20 17 41  7.800     173.6
987
988
 2013 04 20 14 10 36.160     2013 04 20 14 13 20.837     164.7
 2013 04 20 22 26   .032     2013 04 20 22 29  9.844     189.8
989
 2013 04 20 07 09 19.758     2013 04 20 07 12 18.460     178.7
 2013 04 20 12 04 45.172     2013 04 20 12 08 24.821     219.6
990
991
 2013 04 20 03 59 43.557     2013 04 20 04 02 55.333     191.8
 2013 04 20 10 33 37.152     2013 04 20 10 37 19.387     222.2
992
 2013 04 20 23 28  2.166     2013 04 20 23 30 52.392     170.2
993
 2013 04 20 01 05 41.090     2013 04 20 01 08 28.657     167.6
 2013 04 20 18 09 19.694     2013 04 20 18 11 56.810     157.1
994
 2013 04 20 00 42 45.428     2013 04 20 00 45 37.394     172.0
995
 2013 04 20 06 59 52.987     2013 04 20 07 03 20.595     207.6
 2013 04 20 16 59 59.687     2013 04 20 17 00 50.990      51.3
996
 2013 04 20 23 11  5.666     2013 04 20 23 14  8.543     182.9
997
 2013 04 20 13 06 27.533     2013 04 20 13 09 46.488     199.0
998
 2013 04 20 01 52 20.852     2013 04 20 01 56  9.557     228.7
 2013 04 20 18 55 49.094     2013 04 20 18 58 24.642     155.5
999
 2013 04 20 05 13 11.798     2013 04 20 05 15 53.460     161.7
