s1
0
 2013 04 20 02 45 19.599     2013 04 20 02 47  9.281     109.7
1
 2013 04 20 10 38 52.554     2013 04 20 10 42  2.215     189.7
2
 2013 04 20 02 30 56.965     2013 04 20 02 33 34.508     157.5
3
 2013 04 20 06 51 26.995     2013 04 20 06 53  1.050      94.1
 2013 04 20 15 09 40.135     2013 04 20 15 12 28.282     168.1
4
 2013 04 20 08 09 22.037     2013 04 20 08 11 53.031     151.0
 2013 04 20 21 44 32.166     2013 04 20 21 47 28.515     176.3
5
6
7
8
 2013 04 20 07 23 30.502     2013 04 20 07 26 58.766     208.3
9
 2013 04 20 05 13 41.309     2013 04 20 05 17 19.875     218.6
 2013 04 20 15 11 51.450     2013 04 20 15 14 31.347     159.9
10
 2013 04 20 08 07 31.558     2013 04 20 08 10 11.192     159.6
 2013 04 20 21 44 32.335     2013 04 20 21 48   .782     208.4
11
12
 2013 04 20 06 40 13.645     2013 04 20 06 42 58.664     165.0
 2013 04 20 18 29 58.132     2013 04 20 18 32 35.212     157.1
13
 2013 04 20 06 07 38.520     2013 04 20 06 11 11.028     212.5
 2013 04 20 12 43 34.220     2013 04 20 12 47 12.083     217.9
14
 2013 04 20 01 57 23.171     2013 04 20 02 00 37.873     194.7
 2013 04 20 13 44 45.670     2013 04 20 13 47 25.605     159.9
15
 2013 04 20 17 03 55.198     2013 04 20 17 07 21.129     205.9
16
 2013 04 20 06 26 43.713     2013 04 20 06 30 22.054     218.3
17
 2013 04 20 09 57  7.026     2013 04 20 09 58 19.314      72.3
 2013 04 20 19 56 55.198     2013 04 20 19 57 19.855      24.7
18
 2013 04 20 02 54  1.202     2013 04 20 02 56 35.659     154.5
19
 2013 04 20 04 51 42.850     2013 04 20 04 55 27.293     224.4
 2013 04 20 21 51 48.208     2013 04 20 21 51 56.289       8.1
20
 2013 04 20 13 11 13.224     2013 04 20 13 14 51.892     218.7
 2013 04 20 21 26 37.882     2013 04 20 21 30 23.105     225.2
21
 2013 04 20 14 45 37.964     2013 04 20 14 46 25.865      47.9
 2013 04 20 22 58 54.992     2013 04 20 23 02  4.322     189.3
22
 2013 04 20 21 40 20.060     2013 04 20 21 43  3.360     163.3
23
 2013 04 20 03 43 35.759     2013 04 20 03 46 34.803     179.0
 2013 04 20 12 00  9.231     2013 04 20 12 02 44.057     154.8
24
 2013 04 20 09 02 39.837     2013 04 20 09 05 32.200     172.4
 2013 04 20 20 50 15.252     2013 04 20 20 52 47.120     151.9
25
 2013 04 20 09 55  4.255     2013 04 20 09 58 38.512     214.3
 2013 04 20 19 59  2.042     2013 04 20 19 59 29.739      27.7
26
 2013 04 20 02 01 43.723     2013 04 20 02 04 57.799     194.1
27
 2013 04 20 20 06 56.475     2013 04 20 20 09 36.922     160.4
28
 2013 04 20 03 44 33.920     2013 04 20 03 47 45.317     191.4
 2013 04 20 11 58  6.095     2013 04 20 12 01 12.845     186.8
29
 2013 04 20 07 26 15.319     2013 04 20 07 28 48.558     153.2
30
 2013 04 20 21 00 30.374     2013 04 20 21 03 35.657     185.3
31
 2013 04 20 04 12 10.469     2013 04 20 04 12 40.532      30.1
 2013 04 20 17 49 33.285     2013 04 20 17 52 53.859     200.6
32
 2013 04 20 01 48 55.724     2013 04 20 01 52 15.466     199.7
33
 2013 04 20 04 31 31.741     2013 04 20 04 34 13.557     161.8
 2013 04 20 12 46 12.636     2013 04 20 12 48 52.471     159.8
34
35
 2013 04 20 02 55  4.484     2013 04 20 02 58 43.714     219.2
 2013 04 20 11 10 38.785     2013 04 20 11 14 23.346     224.6
36
 2013 04 20 10 33 11.971     2013 04 20 10 36 46.855     214.9
37
 2013 04 20 21 34 32.432     2013 04 20 21 37 50.539     198.1
38
 2013 04 20 02 46 17.460     2013 04 20 02 48 51.643     154.2
 2013 04 20 14 31 49.661     2013 04 20 14 33 34.348     104.7
39
40
 2013 04 20 00 29 12.752     2013 04 20 00 32  1.079     168.3
 2013 04 20 10 30 48.097     2013 04 20 10 33 25.273     157.2
41
 2013 04 20 20 01 10.403     2013 04 20 20 03 45.812     155.4
42
 2013 04 20 08 28 42.266     2013 04 20 08 31 17.661     155.4
 2013 04 20 16 42  2.922     2013 04 20 16 42 37.960      35.0
43
 2013 04 20 01 41 45.280     2013 04 20 01 44 37.290     172.0
 2013 04 20 18 44  9.401     2013 04 20 18 46 45.019     155.6
44
 2013 04 20 03 29 39.824     2013 04 20 03 32 22.755     162.9
45
 2013 04 20 16 03 34.037     2013 04 20 16 06 35.139     181.1
46
 2013 04 20 12 18 10.680     2013 04 20 12 21 33.684     203.0
 2013 04 20 22 19 19.909     2013 04 20 22 22  7.860     168.0
47
 2013 04 20 09 45 24.623     2013 04 20 09 48 30.125     185.5
48
 2013 04 20 14 49 24.008     2013 04 20 14 51 58.190     154.2
 2013 04 20 21 22 33.341     2013 04 20 21 25 34.465     181.1
49
 2013 04 20 00 57 19.935     2013 04 20 00 57 22.447       2.5
 2013 04 20 17 55 46.783     2013 04 20 17 58 39.333     172.6
50
 2013 04 20 04 33 38.433     2013 04 20 04 36 22.304     163.9
 2013 04 20 11 08 31.779     2013 04 20 11 11 56.600     204.8
51
 2013 04 20 06 01  9.504     2013 04 20 06 04 25.377     195.9
 2013 04 20 16 00 38.813     2013 04 20 16 04 17.928     219.1
52
 2013 04 20 02 40 56.362     2013 04 20 02 43 59.887     183.5
53
 2013 04 20 05 11 36.617     2013 04 20 05 14 12.028     155.4
54
 2013 04 20 03 26 21.968     2013 04 20 03 29 48.702     206.7
 2013 04 20 16 59 30.381     2013 04 20 17 02 45.139     194.8
55
 2013 04 20 05 11 10.205     2013 04 20 05 13 51.206     161.0
56
 2013 04 20 17 39 56.882     2013 04 20 17 43 25.999     209.1
57
 2013 04 20 03 30 45.102     2013 04 20 03 33 40.320     175.2
 2013 04 20 15 21 18.825     2013 04 20 15 24  8.666     169.8
58
 2013 04 20 18 31 41.951     2013 04 20 18 34 24.360     162.4
59
 2013 04 20 09 16 39.919     2013 04 20 09 19 31.544     171.6
 2013 04 20 15 51 47.294     2013 04 20 15 51 52.827       5.5
60
 2013 04 20 01 55 45.406     2013 04 20 01 59  4.563     199.2
61
 2013 04 20 02 03 18.196     2013 04 20 02 04 15.935      57.7
62
 2013 04 20 05 43 21.166     2013 04 20 05 46 47.068     205.9
63
 2013 04 20 10 33 53.299     2013 04 20 10 36 37.001     163.7
64
65
 2013 04 20 02 08  9.907     2013 04 20 02 10 54.645     164.7
 2013 04 20 10 24  6.199     2013 04 20 10 27 50.769     224.6
66
 2013 04 20 21 33 49.456     2013 04 20 21 36 52.237     182.8
67
 2013 04 20 18 42 31.846     2013 04 20 18 45 33.595     181.7
68
 2013 04 20 07 40 49.590     2013 04 20 07 43 30.977     161.4
 2013 04 20 15 55 32.272     2013 04 20 15 58 39.931     187.7
69
 2013 04 20 05 57 22.839     2013 04 20 05 59 58.721     155.9
70
 2013 04 20 07 15 59.793     2013 04 20 07 17  9.516      69.7
 2013 04 20 22 38 21.728     2013 04 20 22 41 19.729     178.0
71
 2013 04 20 10 48 35.962     2013 04 20 10 51 24.544     168.6
 2013 04 20 19 04  2.481     2013 04 20 19 06 43.277     160.8
72
 2013 04 20 09 45 23.000     2013 04 20 09 48 34.438     191.4
73
 2013 04 20 06 28 33.873     2013 04 20 06 31  6.907     153.0
 2013 04 20 21 50 10.463     2013 04 20 21 52 54.827     164.4
74
 2013 04 20 00 11 35.686     2013 04 20 00 14  8.284     152.6
 2013 04 20 15 32  7.221     2013 04 20 15 34 52.486     165.3
75
76
 2013 04 20 14 43 14.779     2013 04 20 14 43 27.715      12.9
 2013 04 20 23 02 44.645     2013 04 20 23 02 58.450      13.8
77
78
 2013 04 20 11 41 21.568     2013 04 20 11 44 37.742     196.2
 2013 04 20 16 36 47.382     2013 04 20 16 40 11.549     204.2
79
 2013 04 20 12 13 19.587     2013 04 20 12 15 52.951     153.4
80
 2013 04 20 05 43 51.912     2013 04 20 05 46 47.406     175.5
81
 2013 04 20 16 09 11.836     2013 04 20 16 11 56.548     164.7
82
 2013 04 20 05 59 10.630     2013 04 20 05 59 53.351      42.7
 2013 04 20 16 02 19.699     2013 04 20 16 04 50.248     150.5
83
 2013 04 20 11 24 56.769     2013 04 20 11 27 32.025     155.3
 2013 04 20 23 11 56.842     2013 04 20 23 14 35.333     158.5
84
 2013 04 20 12 21 23.611     2013 04 20 12 21 24.955       1.3
 2013 04 20 20 40 25.594     2013 04 20 20 43 40.661     195.1
85
 2013 04 20 03 33 38.137     2013 04 20 03 36 19.835     161.7
86
 2013 04 20 01 38 37.265     2013 04 20 01 41 50.925     193.7
 2013 04 20 20 20 51.476     2013 04 20 20 23 27.395     155.9
87
 2013 04 20 13 36 28.060     2013 04 20 13 39  8.733     160.7
88
 2013 04 20 06 44 46.129     2013 04 20 06 45 26.940      40.8
 2013 04 20 18 27 14.190     2013 04 20 18 29 52.697     158.5
89
 2013 04 20 01 28 22.879     2013 04 20 01 31 37.859     195.0
 2013 04 20 06 23 38.074     2013 04 20 06 26 12.859     154.8
90
91
 2013 04 20 17 44 52.566     2013 04 20 17 47 38.466     165.9
92
93
 2013 04 20 05 40 49.800     2013 04 20 05 44 12.154     202.4
 2013 04 20 21 01 46.250     2013 04 20 21 04 42.597     176.3
94
 2013 04 20 03 20 37.496     2013 04 20 03 23 35.347     177.9
 2013 04 20 18 41 25.022     2013 04 20 18 44 36.699     191.7
95
 2013 04 20 06 46 20.211     2013 04 20 06 49  7.619     167.4
 2013 04 20 16 48 39.147     2013 04 20 16 51 53.450     194.3
96
 2013 04 20 02 32 10.639     2013 04 20 02 35 33.112     202.5
 2013 04 20 17 54 57.336     2013 04 20 17 57 30.384     153.0
97
 2013 04 20 02 30 20.668     2013 04 20 02 33  8.323     167.7
 2013 04 20 19 32  1.837     2013 04 20 19 35 41.122     219.3
98
 2013 04 20 05 16 49.075     2013 04 20 05 19 38.590     169.5
 2013 04 20 13 34  6.575     2013 04 20 13 37 54.814     228.2
99
100
 2013 04 20 00 54  4.431     2013 04 20 00 57 40.252     215.8
 2013 04 20 17 56 22.309     2013 04 20 17 58 55.897     153.6
101
 2013 04 20 03 23 18.888     2013 04 20 03 25 59.031     160.1
102
 2013 04 20 13 58 36.733     2013 04 20 14 02 20.466     223.7
 2013 04 20 22 11 39.177     2013 04 20 22 14 59.520     200.3
103
 2013 04 20 09 40 57.343     2013 04 20 09 44 36.663     219.3
 2013 04 20 23 20 54.357     2013 04 20 23 24  6.604     192.2
104
 2013 04 20 02 09  6.121     2013 04 20 02 12 42.007     215.9
 2013 04 20 10 23 45.374     2013 04 20 10 26 20.567     155.2
105
 2013 04 20 13 05  8.972     2013 04 20 13 08 36.935     208.0
 2013 04 20 23 04 38.149     2013 04 20 23 07 23.408     165.3
106
 2013 04 20 21 43 16.092     2013 04 20 21 46 14.055     178.0
107
 2013 04 20 02 14 58.621     2013 04 20 02 15 27.164      28.5
 2013 04 20 03 49 21.035     2013 04 20 03 51 22.308     121.3
 2013 04 20 08 45 17.512     2013 04 20 08 48 12.920     175.4
108
109
110
 2013 04 20 19 59 53.448     2013 04 20 20 03  7.123     193.7
111
 2013 04 20 02 40 16.581     2013 04 20 02 43  6.469     169.9
112
 2013 04 20 16 08 35.051     2013 04 20 16 08 53.761      18.7
113
 2013 04 20 16 57 29.776     2013 04 20 16 57 36.289       6.5
114
 2013 04 20 14 49 44.036     2013 04 20 14 53 16.782     212.7
 2013 04 20 19 49 22.068     2013 04 20 19 49 29.048       7.0
 2013 04 20 21 23 16.086     2013 04 20 21 23 59.294      43.2
115
 2013 04 20 02 40 28.228     2013 04 20 02 43 53.202     205.0
116
 2013 04 20 06 24 56.031     2013 04 20 06 27 32.197     156.2
 2013 04 20 23 27 48.589     2013 04 20 23 30 34.902     166.3
117
118
 2013 04 20 22 11 35.134     2013 04 20 22 14  8.649     153.5
119
120
 2013 04 20 04 31 23.688     2013 04 20 04 34 43.068     199.4
 2013 04 20 12 45 33.181     2013 04 20 12 48 16.051     162.9
121
 2013 04 20 14 45  9.605     2013 04 20 14 48 10.704     181.1
 2013 04 20 22 59 53.585     2013 04 20 23 02 28.999     155.4
122
 2013 04 20 13 06 56.746     2013 04 20 13 07  1.686       4.9
123
 2013 04 20 05 43 24.470     2013 04 20 05 46 27.887     183.4
124
 2013 04 20 00 55 19.816     2013 04 20 00 55 39.153      19.3
 2013 04 20 02 29 29.674     2013 04 20 02 30 33.577      63.9
 2013 04 20 19 33  8.003     2013 04 20 19 36 14.327     186.3
125
126
 2013 04 20 10 00 55.416     2013 04 20 10 03 33.681     158.3
 2013 04 20 18 17 32.492     2013 04 20 18 20 33.762     181.3
127
 2013 04 20 14 22 33.333     2013 04 20 14 25 32.503     179.2
128
 2013 04 20 04 06  3.497     2013 04 20 04 09  4.358     180.9
 2013 04 20 19 28 59.843     2013 04 20 19 32  7.181     187.3
129
 2013 04 20 05 58 58.495     2013 04 20 06 01 49.347     170.9
 2013 04 20 16 01 26.510     2013 04 20 16 04 46.294     199.8
130
 2013 04 20 01 10 29.452     2013 04 20 01 13 22.881     173.4
 2013 04 20 12 57 50.647     2013 04 20 13 00 20.704     150.1
131
 2013 04 20 03 19  9.707     2013 04 20 03 22 29.591     199.9
 2013 04 20 18 40  4.530     2013 04 20 18 43  4.323     179.8
132
 2013 04 20 09 08 24.095     2013 04 20 09 11 50.510     206.4
 2013 04 20 19 08 30.563     2013 04 20 19 11 48.386     197.8
133
 2013 04 20 07 40 30.934     2013 04 20 07 44  3.272     212.3
 2013 04 20 15 56  6.544     2013 04 20 15 59 34.464     207.9
134
 2013 04 20 07 14 33.628     2013 04 20 07 17  8.947     155.3
135
 2013 04 20 13 12 48.134     2013 04 20 13 16 13.762     205.6
 2013 04 20 19 46 45.073     2013 04 20 19 49 57.315     192.2
136
137
 2013 04 20 01 25 43.302     2013 04 20 01 28 38.629     175.3
 2013 04 20 07 59  9.034     2013 04 20 08 01 45.735     156.7
138
 2013 04 20 07 20 41.320     2013 04 20 07 20 57.989      16.7
 2013 04 20 20 56 21.316     2013 04 20 20 59  9.493     168.2
139
 2013 04 20 14 42 25.075     2013 04 20 14 44 57.035     152.0
140
 2013 04 20 23 17 15.246     2013 04 20 23 19 51.443     156.2
141
 2013 04 20 02 49 36.339     2013 04 20 02 52 41.529     185.2
142
 2013 04 20 21 40 52.722     2013 04 20 21 43 54.545     181.8
143
 2013 04 20 01 19  8.629     2013 04 20 01 21 53.445     164.8
144
 2013 04 20 12 55 48.994     2013 04 20 12 58 43.598     174.6
145
 2013 04 20 13 06 29.057     2013 04 20 13 06 40.743      11.7
 2013 04 20 23 03 41.111     2013 04 20 23 06 44.768     183.7
146
147
 2013 04 20 02 25 48.498     2013 04 20 02 29 21.690     213.2
 2013 04 20 04 03 15.479     2013 04 20 04 03 17.175       1.7
 2013 04 20 21 07 55.975     2013 04 20 21 10 32.677     156.7
148
 2013 04 20 01 46 41.626     2013 04 20 01 49 13.779     152.2
 2013 04 20 17 06  5.379     2013 04 20 17 09 32.300     206.9
149
 2013 04 20 03 16 28.110     2013 04 20 03 19 43.611     195.5
 2013 04 20 20 20  8.091     2013 04 20 20 22 46.424     158.3
150
 2013 04 20 15 37 39.821     2013 04 20 15 40 42.944     183.1
 2013 04 20 20 32 53.047     2013 04 20 20 36  9.515     196.5
151
 2013 04 20 02 43 52.577     2013 04 20 02 46 38.514     165.9
 2013 04 20 14 33 49.333     2013 04 20 14 36 29.727     160.4
152
 2013 04 20 17 43 52.221     2013 04 20 17 46 34.583     162.4
153
 2013 04 20 00 12  5.414     2013 04 20 00 15  3.568     178.2
 2013 04 20 15 30 55.024     2013 04 20 15 34 16.097     201.1
154
 2013 04 20 10 47 15.966     2013 04 20 10 50 13.676     177.7
 2013 04 20 19 08  7.381     2013 04 20 19 08 46.198      38.8
155
 2013 04 20 00 07 26.256     2013 04 20 00 10 19.029     172.8
 2013 04 20 17 10 52.616     2013 04 20 17 13 28.356     155.7
 2013 04 20 23 44 20.835     2013 04 20 23 47  6.871     166.0
156
 2013 04 20 01 17  1.894     2013 04 20 01 19 49.837     167.9
 2013 04 20 11 17 47.587     2013 04 20 11 20 20.812     153.2
157
 2013 04 20 05 17 53.819     2013 04 20 05 20 34.209     160.4
 2013 04 20 13 33 28.754     2013 04 20 13 36 15.534     166.8
158
 2013 04 20 03 19 11.857     2013 04 20 03 21 50.538     158.7
 2013 04 20 18 41 24.674     2013 04 20 18 44 28.041     183.4
159
 2013 04 20 10 47 48.748     2013 04 20 10 50 45.974     177.2
 2013 04 20 19 05  5.718     2013 04 20 19 08 15.540     189.8
160
 2013 04 20 05 12 38.492     2013 04 20 05 15  9.215     150.7
 2013 04 20 15 13 30.567     2013 04 20 15 16 23.877     173.3
161
 2013 04 20 10 01 24.187     2013 04 20 10 04 31.176     187.0
 2013 04 20 18 16 27.045     2013 04 20 18 19  4.860     157.8
162
 2013 04 20 01 20 59.007     2013 04 20 01 23 35.739     156.7
 2013 04 20 09 37 13.470     2013 04 20 09 40 54.848     221.4
163
 2013 04 20 19 26  5.134     2013 04 20 19 29 33.367     208.2
164
 2013 04 20 16 44 40.437     2013 04 20 16 48   .155     199.7
165
166
 2013 04 20 08 28 56.969     2013 04 20 08 32  9.171     192.2
167
 2013 04 20 03 43 48.196     2013 04 20 03 46 28.483     160.3
 2013 04 20 11 59 48.355     2013 04 20 12 02 23.217     154.9
168
 2013 04 20 04 58 25.571     2013 04 20 05 01  2.404     156.8
 2013 04 20 18 36 28.150     2013 04 20 18 39 45.605     197.5
169
 2013 04 20 14 28 25.612     2013 04 20 14 31  4.174     158.6
170
 2013 04 20 21 48 16.218     2013 04 20 21 51 14.886     178.7
171
 2013 04 20 02 56  7.598     2013 04 20 02 57 35.180      87.6
 2013 04 20 11 13 29.160     2013 04 20 11 16  7.155     158.0
172
 2013 04 20 02 42 10.214     2013 04 20 02 45 21.916     191.7
173
 2013 04 20 13 05 54.880     2013 04 20 13 06  1.649       6.8
174
 2013 04 20 09 48 16.291     2013 04 20 09 50 53.501     157.2
 2013 04 20 21 38 44.963     2013 04 20 21 42 17.854     212.9
175
 2013 04 20 01 48 35.764     2013 04 20 01 52 16.141     220.4
176
 2013 04 20 05 15 38.156     2013 04 20 05 19 12.176     214.0
177
 2013 04 20 10 45 52.367     2013 04 20 10 46 42.945      50.6
 2013 04 20 20 42 35.432     2013 04 20 20 45 53.990     198.6
178
 2013 04 20 14 01 46.342     2013 04 20 14 02  5.144      18.8
 2013 04 20 20 36 43.883     2013 04 20 20 39 55.526     191.6
179
 2013 04 20 13 49  8.905     2013 04 20 13 52 48.204     219.3
180
 2013 04 20 16 09 44.588     2013 04 20 16 12 15.598     151.0
181
 2013 04 20 11 24 24.498     2013 04 20 11 27 36.855     192.4
 2013 04 20 23 13  1.694     2013 04 20 23 16  2.932     181.2
182
 2013 04 20 13 35 36.986     2013 04 20 13 39 12.602     215.6
183
 2013 04 20 18 42 32.319     2013 04 20 18 46  6.933     214.6
184
 2013 04 20 13 47  8.970     2013 04 20 13 50  3.604     174.6
185
186
 2013 04 20 02 11 30.873     2013 04 20 02 14 26.417     175.5
 2013 04 20 08 45 35.862     2013 04 20 08 49 17.116     221.3
187
 2013 04 20 02 11  6.328     2013 04 20 02 13 53.676     167.3
188
 2013 04 20 22 27  9.908     2013 04 20 22 30 13.046     183.1
189
 2013 04 20 02 02 56.138     2013 04 20 02 06 33.088     217.0
 2013 04 20 12 05 59.242     2013 04 20 12 08 37.564     158.3
190
 2013 04 20 06 54 14.640     2013 04 20 06 56 57.282     162.6
 2013 04 20 15 06 59.035     2013 04 20 15 07 54.885      55.8
191
 2013 04 20 15 58 35.560     2013 04 20 16 01 24.143     168.6
192
 2013 04 20 19 20 16.643     2013 04 20 19 22 54.720     158.1
193
 2013 04 20 05 52 36.872     2013 04 20 05 55 25.521     168.6
 2013 04 20 17 41 29.709     2013 04 20 17 44 56.082     206.4
194
 2013 04 20 06 52 46.641     2013 04 20 06 55 22.167     155.5
 2013 04 20 15 08  7.526     2013 04 20 15 10 42.766     155.2
195
 2013 04 20 04 26 27.953     2013 04 20 04 27 39.589      71.6
 2013 04 20 14 26 20.305     2013 04 20 14 26 33.216      12.9
196
 2013 04 20 16 22 26.960     2013 04 20 16 25  1.063     154.1
 2013 04 20 22 56 54.675     2013 04 20 22 59 56.944     182.3
197
198
 2013 04 20 21 24 10.873     2013 04 20 21 26 49.397     158.5
199
 2013 04 20 02 45  3.954     2013 04 20 02 47 37.342     153.4
 2013 04 20 14 32 57.205     2013 04 20 14 35 29.969     152.8
200
 2013 04 20 08 57 57.803     2013 04 20 09 00 54.211     176.4
201
 2013 04 20 04 20 17.994     2013 04 20 04 23 21.203     183.2
 2013 04 20 16 05 59.299     2013 04 20 16 08 50.866     171.6
202
 2013 04 20 01 15 14.394     2013 04 20 01 18 15.882     181.5
 2013 04 20 11 18 11.760     2013 04 20 11 21 44.690     212.9
203
 2013 04 20 05 44 41.573     2013 04 20 05 45 41.038      59.5
 2013 04 20 19 24 56.134     2013 04 20 19 27 57.117     181.0
204
 2013 04 20 11 36 56.430     2013 04 20 11 39 41.498     165.1
 2013 04 20 19 51 46.490     2013 04 20 19 54 58.509     192.0
205
 2013 04 20 20 36 22.245     2013 04 20 20 40  2.946     220.7
206
 2013 04 20 15 22 46.554     2013 04 20 15 25 33.312     166.8
207
 2013 04 20 13 36 13.110     2013 04 20 13 39   .378     167.3
208
 2013 04 20 18 27 15.600     2013 04 20 18 30 22.908     187.3
209
 2013 04 20 08 01 48.423     2013 04 20 08 05 21.618     213.2
 2013 04 20 23 22 58.774     2013 04 20 23 23  2.980       4.2
210
211
 2013 04 20 16 25 35.491     2013 04 20 16 28 37.539     182.0
 2013 04 20 21 20 42.966     2013 04 20 21 23 22.420     159.5
212
 2013 04 20 07 37 21.428     2013 04 20 07 39 59.605     158.2
213
 2013 04 20 00 53 48.010     2013 04 20 00 56 42.057     174.0
 2013 04 20 17 56 36.301     2013 04 20 17 59 36.744     180.4
214
 2013 04 20 05 57 14.385     2013 04 20 05 59 50.632     156.2
215
 2013 04 20 04 25  5.687     2013 04 20 04 27 58.795     173.1
 2013 04 20 14 27  4.487     2013 04 20 14 29 46.932     162.4
216
 2013 04 20 21 40 59.213     2013 04 20 21 42 42.323     103.1
217
 2013 04 20 21 31 44.516     2013 04 20 21 32  5.598      21.1
218
 2013 04 20 10 06 23.002     2013 04 20 10 08 59.991     157.0
 2013 04 20 15 00 45.830     2013 04 20 15 04 33.192     227.4
 2013 04 20 16 38 42.103     2013 04 20 16 42 18.402     216.3
219
 2013 04 20 20 05 15.275     2013 04 20 20 05 45.052      29.8
220
 2013 04 20 00 14  5.855     2013 04 20 00 16 53.579     167.7
221
222
 2013 04 20 04 53  1.867     2013 04 20 04 56 24.661     202.8
 2013 04 20 20 16 32.196     2013 04 20 20 19 45.060     192.9
223
 2013 04 20 16 09 39.941     2013 04 20 16 12 10.293     150.4
224
225
 2013 04 20 07 15 30.513     2013 04 20 07 19 18.658     228.1
 2013 04 20 22 36  1.920     2013 04 20 22 38 39.739     157.8
226
227
 2013 04 20 13 58  9.718     2013 04 20 14 01  7.819     178.1
 2013 04 20 22 12 42.865     2013 04 20 22 15 20.157     157.3
228
 2013 04 20 05 48 10.634     2013 04 20 05 51 39.650     209.0
229
 2013 04 20 11 22 51.611     2013 04 20 11 25 28.161     156.5
 2013 04 20 23 13 12.425     2013 04 20 23 16 37.432     205.0
230
 2013 04 20 00 25 10.510     2013 04 20 00 28   .324     169.8
 2013 04 20 12 08 52.129     2013 04 20 12 09 11.796      19.7
231
 2013 04 20 23 07  3.552     2013 04 20 23 10 19.728     196.2
232
 2013 04 20 00 17  3.199     2013 04 20 00 19 36.555     153.4
 2013 04 20 13 51 56.860     2013 04 20 13 54 47.363     170.5
233
 2013 04 20 09 09 47.707     2013 04 20 09 13 12.078     204.4
 2013 04 20 19 09 53.059     2013 04 20 19 13 17.825     204.8
234
 2013 04 20 08 08 45.812     2013 04 20 08 11 21.338     155.5
 2013 04 20 21 45  7.788     2013 04 20 21 47 45.137     157.3
235
236
 2013 04 20 06 08  4.466     2013 04 20 06 11 54.239     229.8
 2013 04 20 12 44 11.237     2013 04 20 12 47  4.710     173.5
237
 2013 04 20 02 46 17.159     2013 04 20 02 49  6.901     169.7
 2013 04 20 14 31 18.539     2013 04 20 14 34 38.922     200.4
238
 2013 04 20 09 45 25.482     2013 04 20 09 48 23.357     177.9
239
 2013 04 20 14 29 22.164     2013 04 20 14 32 37.747     195.6
240
 2013 04 20 00 18 45.849     2013 04 20 00 21 54.209     188.4
241
 2013 04 20 03 47 49.715     2013 04 20 03 50 42.795     173.1
 2013 04 20 10 21 58.455     2013 04 20 10 24 46.222     167.8
242
 2013 04 20 05 03 46.501     2013 04 20 05 06 14.088     147.6
 2013 04 20 16 56 25.809     2013 04 20 17 00  1.519     215.7
243
 2013 04 20 15 23   .510     2013 04 20 15 25 37.329     156.8
244
 2013 04 20 14 30 19.305     2013 04 20 14 32 52.455     153.1
245
 2013 04 20 20 54 39.011     2013 04 20 20 57 17.060     158.0
246
 2013 04 20 00 18 34.923     2013 04 20 00 21 15.227     160.3
247
 2013 04 20 14 42 52.659     2013 04 20 14 45 30.727     158.1
248
 2013 04 20 09 13 39.561     2013 04 20 09 16 35.979     176.4
 2013 04 20 17 29 18.402     2013 04 20 17 32 23.922     185.5
249
 2013 04 20 08 28 26.688     2013 04 20 08 31 11.938     165.3
 2013 04 20 16 42 27.409     2013 04 20 16 44 22.263     114.9
250
 2013 04 20 03 47 48.548     2013 04 20 03 50 41.118     172.6
 2013 04 20 10 20 44.077     2013 04 20 10 23 39.064     175.0
251
 2013 04 20 01 10 50.515     2013 04 20 01 13 26.754     156.2
 2013 04 20 12 58  3.708     2013 04 20 13 00 38.423     154.7
252
 2013 04 20 03 43 15.130     2013 04 20 03 46  5.505     170.4
 2013 04 20 12 00  1.705     2013 04 20 12 02 44.676     163.0
253
 2013 04 20 06 27 32.959     2013 04 20 06 30 18.133     165.2
 2013 04 20 21 52 32.504     2013 04 20 21 53 10.634      38.1
254
 2013 04 20 00 27 53.382     2013 04 20 00 28 31.725      38.3
 2013 04 20 12 08 29.260     2013 04 20 12 11 56.824     207.6
255
 2013 04 20 17 36 58.771     2013 04 20 17 39 41.585     162.8
256
 2013 04 20 02 57 45.477     2013 04 20 03 00 45.578     180.1
 2013 04 20 11 10 49.194     2013 04 20 11 14 20.937     211.7
257
 2013 04 20 00 08 35.006     2013 04 20 00 11 10.245     155.2
 2013 04 20 17 10  9.053     2013 04 20 17 13 35.121     206.1
 2013 04 20 23 45 26.576     2013 04 20 23 48   .306     153.7
258
 2013 04 20 14 03 58.022     2013 04 20 14 06 44.766     166.7
 2013 04 20 18 58 47.281     2013 04 20 19 01 24.508     157.2
259
 2013 04 20 13 08 53.593     2013 04 20 13 11 34.744     161.2
260
 2013 04 20 09 41 20.322     2013 04 20 09 44 27.080     186.8
261
 2013 04 20 09 56 48.763     2013 04 20 09 59 35.964     167.2
 2013 04 20 19 57 11.827     2013 04 20 19 59 55.299     163.5
262
263
 2013 04 20 10 51 16.416     2013 04 20 10 54 51.322     214.9
 2013 04 20 17 25 10.407     2013 04 20 17 28  5.338     174.9
264
 2013 04 20 23 03 16.053     2013 04 20 23 06 36.605     200.6
265
 2013 04 20 00 19 25.250     2013 04 20 00 22  6.273     161.0
266
 2013 04 20 17 45  8.402     2013 04 20 17 48 31.449     203.0
267
 2013 04 20 05 02 13.338     2013 04 20 05 02 17.923       4.6
268
 2013 04 20 20 50 40.227     2013 04 20 20 51 24.010      43.8
269
 2013 04 20 21 27 48.942     2013 04 20 21 30 47.199     178.3
270
 2013 04 20 08 20 39.135     2013 04 20 08 23 25.298     166.2
 2013 04 20 18 25 39.361     2013 04 20 18 25 49.699      10.3
271
 2013 04 20 08 13 11.415     2013 04 20 08 16 49.764     218.3
272
 2013 04 20 01 12 29.296     2013 04 20 01 15 11.216     161.9
273
274
 2013 04 20 22 27 38.821     2013 04 20 22 30 21.926     163.1
275
 2013 04 20 11 27 31.896     2013 04 20 11 30 17.736     165.8
276
277
 2013 04 20 14 03 28.835     2013 04 20 14 06  5.827     157.0
 2013 04 20 18 58  7.724     2013 04 20 19 01   .999     173.3
278
 2013 04 20 13 40 15.925     2013 04 20 13 40 18.934       3.0
279
 2013 04 20 00 27 43.026     2013 04 20 00 30 39.077     176.1
 2013 04 20 10 34 22.694     2013 04 20 10 34 51.648      29.0
280
 2013 04 20 20 41 16.095     2013 04 20 20 44 22.299     186.2
281
282
 2013 04 20 02 36 27.705     2013 04 20 02 39  5.891     158.2
 2013 04 20 16 14 39.419     2013 04 20 16 18 14.350     214.9
283
 2013 04 20 01 02 24.478     2013 04 20 01 05 59.542     215.1
 2013 04 20 14 41 11.462     2013 04 20 14 43 42.786     151.3
284
 2013 04 20 04 58 56.994     2013 04 20 05 01 40.616     163.6
 2013 04 20 18 36 41.220     2013 04 20 18 39 22.589     161.4
285
 2013 04 20 09 13 58.709     2013 04 20 09 17  6.790     188.1
 2013 04 20 17 30 57.214     2013 04 20 17 33 30.642     153.4
286
 2013 04 20 04 26  3.779     2013 04 20 04 26 15.447      11.7
287
288
 2013 04 20 12 44 41.127     2013 04 20 12 47 15.311     154.2
289
 2013 04 20 02 08 20.023     2013 04 20 02 10 52.205     152.2
 2013 04 20 10 24 39.956     2013 04 20 10 28 10.891     210.9
290
 2013 04 20 08 52 44.800     2013 04 20 08 56 12.464     207.7
291
292
 2013 04 20 05 04 17.786     2013 04 20 05 07  5.250     167.5
 2013 04 20 16 58 59.813     2013 04 20 16 59 35.126      35.3
293
 2013 04 20 00 59 53.878     2013 04 20 01 02 54.224     180.3
294
 2013 04 20 07 16 45.738     2013 04 20 07 20 10.297     204.6
 2013 04 20 22 37 38.915     2013 04 20 22 41 12.238     213.3
295
 2013 04 20 18 32 59.287     2013 04 20 18 35 45.360     166.1
296
 2013 04 20 22 38 38.226     2013 04 20 22 41 33.341     175.1
297
 2013 04 20 08 04 48.442     2013 04 20 08 07 20.744     152.3
 2013 04 20 23 23 44.356     2013 04 20 23 25 37.313     113.0
298
 2013 04 20 04 22 12.724     2013 04 20 04 25 53.749     221.0
299
 2013 04 20 08 20 42.724     2013 04 20 08 21 11.162      28.4
 2013 04 20 20 00 27.605     2013 04 20 20 02  5.120      97.5
300
 2013 04 20 03 47 27.267     2013 04 20 03 50 29.125     181.9
 2013 04 20 10 20 39.651     2013 04 20 10 23 22.029     162.4
301
 2013 04 20 07 22 11.464     2013 04 20 07 24 58.919     167.5
 2013 04 20 20 57 24.229     2013 04 20 21 00 45.558     201.3
302
 2013 04 20 01 23  9.068     2013 04 20 01 23 29.653      20.6
303
304
 2013 04 20 09 39  6.390     2013 04 20 09 42 17.214     190.8
305
 2013 04 20 14 46 21.938     2013 04 20 14 49 25.912     184.0
 2013 04 20 22 59  2.073     2013 04 20 23 02 50.334     228.3
306
 2013 04 20 20 59 57.593     2013 04 20 21 02 38.976     161.4
307
308
 2013 04 20 06 27 19.800     2013 04 20 06 30 31.400     191.6
 2013 04 20 21 50 42.994     2013 04 20 21 54 19.578     216.6
309
310
 2013 04 20 13 14 30.569     2013 04 20 13 17 26.633     176.1
 2013 04 20 19 48 50.479     2013 04 20 19 51 33.839     163.4
311
312
 2013 04 20 10 22 47.904     2013 04 20 10 26  1.955     194.1
313
 2013 04 20 04 51 55.032     2013 04 20 04 54 31.275     156.2
 2013 04 20 21 53  9.496     2013 04 20 21 56 34.360     204.9
314
 2013 04 20 15 23 29.851     2013 04 20 15 26  7.209     157.4
315
 2013 04 20 02 42 59.830     2013 04 20 02 44  9.616      69.8
 2013 04 20 14 34 49.498     2013 04 20 14 37 23.522     154.0
316
317
 2013 04 20 17 08 37.892     2013 04 20 17 11 23.368     165.5
318
 2013 04 20 09 53 51.561     2013 04 20 09 56 38.165     166.6
319
 2013 04 20 02 35 35.232     2013 04 20 02 38 31.907     176.7
320
 2013 04 20 12 28  1.473     2013 04 20 12 30 49.506     168.0
 2013 04 20 19 01 11.829     2013 04 20 19 04 38.779     206.9
321
 2013 04 20 01 58  2.001     2013 04 20 01 58 13.619      11.6
 2013 04 20 13 44  4.229     2013 04 20 13 46 39.720     155.5
322
 2013 04 20 16 05 44.263     2013 04 20 16 06 43.643      59.4
323
 2013 04 20 07 43 44.843     2013 04 20 07 46 48.103     183.3
 2013 04 20 14 18 21.457     2013 04 20 14 20 59.252     157.8
324
 2013 04 20 10 31 10.203     2013 04 20 10 31 15.314       5.1
325
 2013 04 20 02 35 22.096     2013 04 20 02 38 45.097     203.0
326
 2013 04 20 00 26 41.695     2013 04 20 00 29 57.394     195.7
327
 2013 04 20 10 44  3.124     2013 04 20 10 46 51.836     168.7
 2013 04 20 20 43 30.678     2013 04 20 20 46  1.839     151.2
328
 2013 04 20 12 05 43.182     2013 04 20 12 06 13.696      30.5
329
 2013 04 20 13 03 30.388     2013 04 20 13 06 35.343     185.0
330
 2013 04 20 19 26 38.496     2013 04 20 19 29 30.958     172.5
331
 2013 04 20 18 18 54.692     2013 04 20 18 21 29.118     154.4
332
 2013 04 20 21 34  4.018     2013 04 20 21 34 30.452      26.4
333
 2013 04 20 07 40   .425     2013 04 20 07 42 35.510     155.1
 2013 04 20 15 55 35.852     2013 04 20 15 58  8.913     153.1
334
 2013 04 20 16 20 54.699     2013 04 20 16 24 35.501     220.8
335
 2013 04 20 05 01 51.909     2013 04 20 05 04 22.193     150.3
336
 2013 04 20 00 39 36.701     2013 04 20 00 42 41.595     184.9
 2013 04 20 05 38 47.347     2013 04 20 05 38 55.498       8.2
 2013 04 20 07 12 49.106     2013 04 20 07 16 37.763     228.7
337
 2013 04 20 01 06 18.926     2013 04 20 01 08 54.827     155.9
338
 2013 04 20 05 48  5.751     2013 04 20 05 50 41.883     156.1
 2013 04 20 19 22 27.283     2013 04 20 19 25 59.072     211.8
339
 2013 04 20 08 00 57.793     2013 04 20 08 01 17.455      19.7
 2013 04 20 23 29 10.884     2013 04 20 23 29 39.485      28.6
340
 2013 04 20 13 04 11.668     2013 04 20 13 06 42.327     150.7
 2013 04 20 23 05 49.800     2013 04 20 23 09 34.331     224.5
341
 2013 04 20 16 25 31.572     2013 04 20 16 28 52.379     200.8
 2013 04 20 21 20 57.674     2013 04 20 21 23 37.836     160.2
342
 2013 04 20 19 11 12.359     2013 04 20 19 14 16.523     184.2
343
 2013 04 20 10 36 33.631     2013 04 20 10 39 43.899     190.3
 2013 04 20 22 24 30.947     2013 04 20 22 27 23.331     172.4
344
 2013 04 20 09 43  8.671     2013 04 20 09 46  6.960     178.3
 2013 04 20 23 18 36.050     2013 04 20 23 21  9.958     153.9
345
 2013 04 20 03 43 31.391     2013 04 20 03 46  3.788     152.4
 2013 04 20 11 59 24.417     2013 04 20 12 02  7.173     162.8
346
 2013 04 20 04 13 18.182     2013 04 20 04 16 33.736     195.6
 2013 04 20 17 48 25.673     2013 04 20 17 48 49.900      24.2
347
 2013 04 20 06 03 34.491     2013 04 20 06 06 13.567     159.1
348
 2013 04 20 19 26 34.455     2013 04 20 19 29 38.255     183.8
349
 2013 04 20 05 51  1.036     2013 04 20 05 53 56.908     175.9
350
 2013 04 20 02 09 19.703     2013 04 20 02 12 57.830     218.1
 2013 04 20 10 25 53.532     2013 04 20 10 28 48.783     175.3
351
 2013 04 20 14 46 58.065     2013 04 20 14 47 36.302      38.2
 2013 04 20 21 20 54.443     2013 04 20 21 24 11.607     197.2
352
 2013 04 20 01 05 17.508     2013 04 20 01 07 58.500     161.0
 2013 04 20 14 37 59.044     2013 04 20 14 38 20.008      21.0
353
 2013 04 20 06 36 51.260     2013 04 20 06 39 34.604     163.3
354
355
356
 2013 04 20 08 27  1.052     2013 04 20 08 30 20.401     199.3
 2013 04 20 16 43 44.860     2013 04 20 16 46 23.507     158.6
357
 2013 04 20 05 55 59.760     2013 04 20 05 58 50.706     170.9
358
 2013 04 20 07 30 37.877     2013 04 20 07 33 51.209     193.3
359
 2013 04 20 07 43 30.633     2013 04 20 07 47 16.013     225.4
 2013 04 20 09 21 27.386     2013 04 20 09 24 53.242     205.9
 2013 04 20 12 37 51.087     2013 04 20 12 38 24.619      33.5
 2013 04 20 14 16 17.189     2013 04 20 14 19 12.906     175.7
360
 2013 04 20 04 36 32.894     2013 04 20 04 36 55.543      22.6
 2013 04 20 06 10 43.895     2013 04 20 06 11 41.530      57.6
 2013 04 20 11 06 47.444     2013 04 20 11 10  2.478     195.0
361
 2013 04 20 02 57 30.009     2013 04 20 03 00 40.265     190.3
 2013 04 20 11 10 50.806     2013 04 20 11 14  5.864     195.1
362
363
 2013 04 20 01 23 36.150     2013 04 20 01 24 39.331      63.2
364
 2013 04 20 18 32 38.482     2013 04 20 18 35 29.992     171.5
365
 2013 04 20 01 11 30.085     2013 04 20 01 14 27.888     177.8
 2013 04 20 12 57 47.948     2013 04 20 12 58  9.829      21.9
366
 2013 04 20 11 18 32.304     2013 04 20 11 21 34.881     182.6
367
 2013 04 20 00 40  9.645     2013 04 20 00 43  4.286     174.6
 2013 04 20 05 35 13.988     2013 04 20 05 38 35.975     202.0
368
 2013 04 20 04 14 59.776     2013 04 20 04 17 33.353     153.6
369
 2013 04 20 03 14 59.179     2013 04 20 03 17 38.842     159.7
 2013 04 20 20 21 34.156     2013 04 20 20 22  3.385      29.2
 2013 04 20 21 55 58.169     2013 04 20 21 59 41.816     223.6
370
 2013 04 20 00 16 30.257     2013 04 20 00 16 56.918      26.7
 2013 04 20 13 52 53.315     2013 04 20 13 53 43.112      49.8
371
 2013 04 20 09 50 18.297     2013 04 20 09 53 57.118     218.8
 2013 04 20 21 38  6.131     2013 04 20 21 39  6.938      60.8
372
373
 2013 04 20 11 30 32.502     2013 04 20 11 33 56.155     203.7
 2013 04 20 21 30 13.594     2013 04 20 21 33  6.067     172.5
374
 2013 04 20 00 38 14.523     2013 04 20 00 41 12.867     178.3
 2013 04 20 07 11 47.719     2013 04 20 07 14 23.470     155.8
375
 2013 04 20 15 23  6.361     2013 04 20 15 26 48.565     222.2
376
 2013 04 20 05 21 39.384     2013 04 20 05 24 18.853     159.5
 2013 04 20 11 56  8.620     2013 04 20 11 58 47.260     158.6
377
 2013 04 20 04 33 26.993     2013 04 20 04 37 16.045     229.1
 2013 04 20 06 11 13.674     2013 04 20 06 12 10.495      56.8
 2013 04 20 11 07 15.807     2013 04 20 11 10  1.058     165.3
378
 2013 04 20 04 25  4.286     2013 04 20 04 25 18.371      14.1
 2013 04 20 14 27 41.157     2013 04 20 14 30 21.616     160.5
379
 2013 04 20 16 15 56.160     2013 04 20 16 17  7.974      71.8
380
381
 2013 04 20 09 14  4.707     2013 04 20 09 17 31.884     207.2
 2013 04 20 17 29  2.042     2013 04 20 17 31 37.724     155.7
382
 2013 04 20 01 22 16.810     2013 04 20 01 24 52.400     155.6
 2013 04 20 09 37 39.088     2013 04 20 09 40 11.870     152.8
383
 2013 04 20 00 55 17.336     2013 04 20 00 58  6.419     169.1
 2013 04 20 17 56 51.450     2013 04 20 17 59 51.750     180.3
384
 2013 04 20 06 52 17.846     2013 04 20 06 55 19.272     181.4
 2013 04 20 15 07 34.415     2013 04 20 15 10 19.254     164.8
385
 2013 04 20 17 08 17.951     2013 04 20 17 11 10.694     172.7
386
 2013 04 20 05 08 48.143     2013 04 20 05 10  4.600      76.5
 2013 04 20 16 53 15.533     2013 04 20 16 55 54.279     158.7
387
 2013 04 20 06 30 55.686     2013 04 20 06 33 28.276     152.6
388
 2013 04 20 00 38 30.808     2013 04 20 00 41 15.719     164.9
 2013 04 20 07 12 56.177     2013 04 20 07 15 31.803     155.6
389
 2013 04 20 04 15  9.257     2013 04 20 04 18 47.684     218.4
390
 2013 04 20 00 57 48.669     2013 04 20 01 01   .144     191.5
 2013 04 20 16 18 35.334     2013 04 20 16 21 15.432     160.1
391
 2013 04 20 16 44 25.025     2013 04 20 16 47 30.136     185.1
392
 2013 04 20 04 12 21.770     2013 04 20 04 15 47.526     205.8
 2013 04 20 17 49 24.453     2013 04 20 17 52 23.434     179.0
393
 2013 04 20 13 03 25.490     2013 04 20 13 05 58.427     152.9
394
 2013 04 20 12 15 40.962     2013 04 20 12 19 11.227     210.3
395
396
 2013 04 20 04 54  2.112     2013 04 20 04 57 20.468     198.4
 2013 04 20 20 16 37.117     2013 04 20 20 19 12.333     155.2
397
 2013 04 20 16 49 39.856     2013 04 20 16 52 13.257     153.4
398
399
 2013 04 20 05 22 50.080     2013 04 20 05 25 28.905     158.8
 2013 04 20 10 17  9.869     2013 04 20 10 17 46.852      37.0
 2013 04 20 11 55 18.397     2013 04 20 11 58 43.449     205.1
400
 2013 04 20 02 07 30.870     2013 04 20 02 10 18.970     168.1
401
 2013 04 20 19 18 49.595     2013 04 20 19 21 37.627     168.0
402
 2013 04 20 05 41 16.448     2013 04 20 05 45  4.815     228.4
 2013 04 20 21 04  1.839     2013 04 20 21 06 42.771     160.9
403
 2013 04 20 03 21 31.452     2013 04 20 03 24  7.362     155.9
 2013 04 20 18 39 55.246     2013 04 20 18 40 52.793      57.5
404
 2013 04 20 03 18 55.353     2013 04 20 03 22 41.444     226.1
 2013 04 20 18 39 45.257     2013 04 20 18 42 50.126     184.9
405
406
 2013 04 20 09 08 59.960     2013 04 20 09 09 55.675      55.7
407
 2013 04 20 05 42 43.224     2013 04 20 05 45 20.936     157.7
 2013 04 20 21 02 28.842     2013 04 20 21 05 51.696     202.9
408
 2013 04 20 22 27 40.481     2013 04 20 22 30 54.721     194.2
409
 2013 04 20 06 44 18.107     2013 04 20 06 47  8.604     170.5
410
 2013 04 20 19 17 30.069     2013 04 20 19 18 20.947      50.9
411
 2013 04 20 08 09 26.158     2013 04 20 08 11 58.844     152.7
 2013 04 20 21 44 32.402     2013 04 20 21 47 36.849     184.4
412
 2013 04 20 10 02  6.790     2013 04 20 10 02  8.198       1.4
 2013 04 20 18 15 31.278     2013 04 20 18 18 34.790     183.5
413
 2013 04 20 07 19  9.612     2013 04 20 07 22  7.743     178.1
414
 2013 04 20 00 11  3.166     2013 04 20 00 14  4.451     181.3
 2013 04 20 15 32 55.095     2013 04 20 15 35 34.314     159.2
415
 2013 04 20 08 31 23.682     2013 04 20 08 34 10.581     166.9
 2013 04 20 15 05 13.090     2013 04 20 15 08  8.086     175.0
416
 2013 04 20 05 14 30.630     2013 04 20 05 15 12.031      41.4
417
 2013 04 20 04 25 52.525     2013 04 20 04 28 26.772     154.2
 2013 04 20 14 26 24.411     2013 04 20 14 28 56.364     152.0
418
 2013 04 20 00 13 37.212     2013 04 20 00 13 40.644       3.4
 2013 04 20 13 54 24.656     2013 04 20 13 57 48.670     204.0
419
 2013 04 20 04 00  3.573     2013 04 20 04 03 29.689     206.1
 2013 04 20 05 37 27.041     2013 04 20 05 37 34.362       7.3
 2013 04 20 22 42 21.755     2013 04 20 22 44 56.496     154.7
420
421
 2013 04 20 10 45 36.502     2013 04 20 10 49 14.589     218.1
 2013 04 20 20 41 20.140     2013 04 20 20 41 40.008      19.9
422
 2013 04 20 16 44 36.618     2013 04 20 16 47 27.395     170.8
423
 2013 04 20 01 09 23.309     2013 04 20 01 12 15.395     172.1
 2013 04 20 12 58  2.415     2013 04 20 13 01 17.149     194.7
424
 2013 04 20 07 16 47.241     2013 04 20 07 19 27.439     160.2
 2013 04 20 22 37 19.452     2013 04 20 22 40 15.376     175.9
425
 2013 04 20 04 08 45.681     2013 04 20 04 12  6.808     201.1
426
 2013 04 20 13 32   .324     2013 04 20 13 35 39.911     219.6
427
 2013 04 20 08 11 20.406     2013 04 20 08 13 26.853     126.4
428
 2013 04 20 01 23  5.775     2013 04 20 01 26  6.676     180.9
 2013 04 20 09 37 44.581     2013 04 20 09 41 22.244     217.7
429
 2013 04 20 05 12 18.896     2013 04 20 05 14 49.856     151.0
 2013 04 20 15 13 25.565     2013 04 20 15 16 40.242     194.7
430
 2013 04 20 12 48 23.360     2013 04 20 12 49 24.570      61.2
431
 2013 04 20 20 47 13.334     2013 04 20 20 49 52.822     159.5
432
 2013 04 20 14 23 47.540     2013 04 20 14 26 19.481     151.9
433
 2013 04 20 01 13 47.634     2013 04 20 01 16 37.303     169.7
434
 2013 04 20 14 45 19.310     2013 04 20 14 48 34.410     195.1
 2013 04 20 22 59 36.988     2013 04 20 23 02 17.778     160.8
435
 2013 04 20 17 27 54.073     2013 04 20 17 31 40.909     226.8
436
 2013 04 20 16 57 35.718     2013 04 20 17 00 56.565     200.8
437
 2013 04 20 01 41 22.609     2013 04 20 01 43 57.610     155.0
 2013 04 20 18 44 36.944     2013 04 20 18 47 34.559     177.6
438
 2013 04 20 08 05 34.206     2013 04 20 08 08 25.359     171.2
439
 2013 04 20 06 02 50.512     2013 04 20 06 05 34.450     163.9
440
 2013 04 20 06 54 59.212     2013 04 20 06 58 44.750     225.5
 2013 04 20 13 31  7.037     2013 04 20 13 34 25.588     198.6
441
442
 2013 04 20 01 50 34.431     2013 04 20 01 53 25.069     170.6
 2013 04 20 15 27 39.980     2013 04 20 15 30 16.322     156.3
443
 2013 04 20 00 33 19.455     2013 04 20 00 33 20.302        .8
 2013 04 20 10 28 26.255     2013 04 20 10 31 15.213     169.0
444
 2013 04 20 10 05 33.453     2013 04 20 10 08 19.591     166.1
 2013 04 20 16 39 45.004     2013 04 20 16 42 25.497     160.5
445
 2013 04 20 14 23  7.848     2013 04 20 14 23 23.846      16.0
446
 2013 04 20 07 38  2.001     2013 04 20 07 41 16.818     194.8
447
 2013 04 20 03 45 44.320     2013 04 20 03 49  5.704     201.4
 2013 04 20 10 19 44.261     2013 04 20 10 23 23.565     219.3
448
 2013 04 20 16 16  8.778     2013 04 20 16 18 52.072     163.3
449
 2013 04 20 14 45  7.371     2013 04 20 14 47 56.054     168.7
 2013 04 20 23 01 12.077     2013 04 20 23 03 48.587     156.5
450
 2013 04 20 08 30 41.747     2013 04 20 08 33 15.620     153.9
 2013 04 20 15 04 45.782     2013 04 20 15 07 22.287     156.5
451
452
 2013 04 20 17 39 21.039     2013 04 20 17 42 20.148     179.1
453
 2013 04 20 01 47 52.356     2013 04 20 01 47 58.647       6.3
454
 2013 04 20 05 03 58.175     2013 04 20 05 06 31.306     153.1
455
 2013 04 20 10 51 43.285     2013 04 20 10 54 19.305     156.0
 2013 04 20 17 26  4.509     2013 04 20 17 29 11.721     187.2
456
 2013 04 20 10 38 14.937     2013 04 20 10 41 11.129     176.2
 2013 04 20 22 23 53.371     2013 04 20 22 26 49.785     176.4
457
 2013 04 20 07 22 50.313     2013 04 20 07 25 25.133     154.8
 2013 04 20 20 56 23.732     2013 04 20 21 00  2.680     218.9
458
 2013 04 20 15 05 52.861     2013 04 20 15 07  4.267      71.4
459
 2013 04 20 12 02 43.919     2013 04 20 12 06  8.793     204.9
460
 2013 04 20 21 39 49.864     2013 04 20 21 43 33.194     223.3
461
 2013 04 20 09 02 36.020     2013 04 20 09 05 44.587     188.6
 2013 04 20 20 49 59.312     2013 04 20 20 52 32.578     153.3
462
 2013 04 20 22 15 10.294     2013 04 20 22 18 50.635     220.3
463
 2013 04 20 09 10 16.665     2013 04 20 09 13 29.669     193.0
 2013 04 20 19 08 10.142     2013 04 20 19 11  2.083     171.9
464
 2013 04 20 08 04 21.048     2013 04 20 08 05 29.016      68.0
465
 2013 04 20 07 14 20.519     2013 04 20 07 17 27.600     187.1
 2013 04 20 22 41   .436     2013 04 20 22 41 40.138      39.7
466
 2013 04 20 02 37  9.074     2013 04 20 02 40  5.663     176.6
 2013 04 20 16 15 10.785     2013 04 20 16 17 46.156     155.4
467
 2013 04 20 08 24 57.656     2013 04 20 08 27 31.530     153.9
468
 2013 04 20 02 44 17.592     2013 04 20 02 44 29.217      11.6
 2013 04 20 14 33 55.306     2013 04 20 14 37 11.048     195.7
469
 2013 04 20 22 29 26.298     2013 04 20 22 32 19.583     173.3
470
 2013 04 20 19 20 47.354     2013 04 20 19 23 19.543     152.2
471
 2013 04 20 23 02 19.806     2013 04 20 23 04 57.711     157.9
472
 2013 04 20 04 24 51.748     2013 04 20 04 28 31.248     219.5
 2013 04 20 14 27 39.853     2013 04 20 14 30 10.915     151.1
473
 2013 04 20 09 08  9.891     2013 04 20 09 10 43.586     153.7
 2013 04 20 19 09 43.848     2013 04 20 19 13 14.249     210.4
474
 2013 04 20 06 46 52.847     2013 04 20 06 48 28.683      95.8
 2013 04 20 16 49 13.322     2013 04 20 16 51 50.868     157.5
475
476
 2013 04 20 09 57 53.701     2013 04 20 10 00 39.635     165.9
 2013 04 20 19 56  8.537     2013 04 20 19 57 12.569      64.0
477
478
 2013 04 20 02 12 52.613     2013 04 20 02 16 34.820     222.2
 2013 04 20 03 50 47.634     2013 04 20 03 54 14.103     206.5
 2013 04 20 07 07 11.443     2013 04 20 07 07 41.746      30.3
 2013 04 20 08 45 37.835     2013 04 20 08 48 34.757     176.9
479
 2013 04 20 12 07 47.841     2013 04 20 12 10 23.950     156.1
480
 2013 04 20 01 11 55.857     2013 04 20 01 12 27.105      31.2
481
 2013 04 20 02 57  4.356     2013 04 20 02 59 49.020     164.7
 2013 04 20 11 12 26.936     2013 04 20 11 15 14.286     167.4
482
 2013 04 20 02 43 51.058     2013 04 20 02 46 44.224     173.2
 2013 04 20 14 33 57.458     2013 04 20 14 36 33.977     156.5
483
 2013 04 20 00 29 45.423     2013 04 20 00 32 22.329     156.9
 2013 04 20 10 30 24.793     2013 04 20 10 32 58.595     153.8
484
 2013 04 20 05 23 24.355     2013 04 20 05 26  3.370     159.0
 2013 04 20 10 18  8.136     2013 04 20 10 21 39.940     211.8
485
486
 2013 04 20 12 26  9.860     2013 04 20 12 26 18.065       8.2
 2013 04 20 14 04  9.724     2013 04 20 14 07 43.476     213.8
 2013 04 20 18 59 38.842     2013 04 20 19 02 13.372     154.5
487
 2013 04 20 14 47 44.499     2013 04 20 14 50 34.344     169.8
 2013 04 20 21 22 47.067     2013 04 20 21 26  1.970     194.9
488
 2013 04 20 03 45  5.955     2013 04 20 03 47 39.089     153.1
 2013 04 20 11 58 44.209     2013 04 20 12 02 22.310     218.1
489
 2013 04 20 02 57 32.319     2013 04 20 02 57 50.369      18.1
490
 2013 04 20 20 06 36.336     2013 04 20 20 09 52.961     196.6
491
 2013 04 20 17 31  7.060     2013 04 20 17 31 44.360      37.3
492
 2013 04 20 12 26 22.538     2013 04 20 12 27  3.959      41.4
 2013 04 20 20 37 34.441     2013 04 20 20 40  7.788     153.3
493
 2013 04 20 12 15 26.666     2013 04 20 12 18 43.259     196.6
494
 2013 04 20 06 56 18.627     2013 04 20 06 56 37.019      18.4
 2013 04 20 13 31 43.431     2013 04 20 13 34 33.118     169.7
495
 2013 04 20 00 28  8.962     2013 04 20 00 30 50.591     161.6
 2013 04 20 10 30 33.483     2013 04 20 10 31 10.880      37.4
496
497
 2013 04 20 14 29 27.418     2013 04 20 14 32 47.109     199.7
498
 2013 04 20 02 10 30.966     2013 04 20 02 11 41.752      70.8
499
500
501
 2013 04 20 13 15 18.052     2013 04 20 13 18 15.414     177.4
 2013 04 20 19 48 29.704     2013 04 20 19 52  9.850     220.1
502
 2013 04 20 21 24 18.925     2013 04 20 21 26 54.676     155.8
503
 2013 04 20 19 49 23.719     2013 04 20 19 52 33.320     189.6
504
505
 2013 04 20 11 30 31.332     2013 04 20 11 33 30.143     178.8
 2013 04 20 21 32 11.313     2013 04 20 21 34 45.090     153.8
506
 2013 04 20 09 51 26.884     2013 04 20 09 54 41.674     194.8
 2013 04 20 21 35 50.804     2013 04 20 21 39 16.453     205.6
507
508
 2013 04 20 05 44 28.449     2013 04 20 05 45  5.270      36.8
509
 2013 04 20 20 37  7.290     2013 04 20 20 40 32.208     204.9
510
 2013 04 20 08 31 20.293     2013 04 20 08 34  7.240     166.9
 2013 04 20 15 04 12.591     2013 04 20 15 07 12.040     179.4
511
 2013 04 20 09 59 58.350     2013 04 20 10 03  4.996     186.6
512
513
514
 2013 04 20 10 05 52.438     2013 04 20 10 09  7.076     194.6
 2013 04 20 16 40  1.002     2013 04 20 16 43  8.901     187.9
515
 2013 04 20 20 47 16.367     2013 04 20 20 49 55.830     159.5
516
 2013 04 20 05 05 21.871     2013 04 20 05 08  5.457     163.6
 2013 04 20 16 55 32.914     2013 04 20 16 58 25.963     173.0
517
 2013 04 20 06 08 32.328     2013 04 20 06 09 14.493      42.2
 2013 04 20 12 44 32.193     2013 04 20 12 47  5.917     153.7
518
 2013 04 20 01 43 18.754     2013 04 20 01 47   .941     222.2
 2013 04 20 17 11  8.557     2013 04 20 17 11 34.844      26.3
519
520
 2013 04 20 22 16 43.359     2013 04 20 22 19 34.979     171.6
521
 2013 04 20 05 04 26.265     2013 04 20 05 07 38.546     192.3
 2013 04 20 16 56  4.037     2013 04 20 16 59 22.733     198.7
522
523
 2013 04 20 22 35 19.462     2013 04 20 22 38  1.362     161.9
524
 2013 04 20 11 19 42.761     2013 04 20 11 23 14.676     211.9
525
526
 2013 04 20 03 48 24.768     2013 04 20 03 51 41.037     196.3
 2013 04 20 10 21 56.102     2013 04 20 10 25 39.369     223.3
527
 2013 04 20 15 57 44.272     2013 04 20 16 00 27.593     163.3
528
 2013 04 20 20 53 24.626     2013 04 20 20 56 49.741     205.1
529
 2013 04 20 10 01  8.868     2013 04 20 10 04  6.664     177.8
 2013 04 20 18 16 32.266     2013 04 20 18 19 21.964     169.7
530
531
532
 2013 04 20 18 30 51.037     2013 04 20 18 33 52.999     182.0
533
 2013 04 20 23 15 14.368     2013 04 20 23 18 12.533     178.2
534
 2013 04 20 08 52 54.825     2013 04 20 08 55 40.233     165.4
535
 2013 04 20 03 23  5.374     2013 04 20 03 26  7.400     182.0
 2013 04 20 17 02 24.742     2013 04 20 17 02 26.900       2.2
536
 2013 04 20 02 10 34.838     2013 04 20 02 13 58.568     203.7
 2013 04 20 10 22 59.535     2013 04 20 10 24 16.015      76.5
537
 2013 04 20 07 35   .960     2013 04 20 07 37 51.654     170.7
 2013 04 20 17 35 36.452     2013 04 20 17 38 14.373     157.9
538
 2013 04 20 11 57 18.939     2013 04 20 12 00 15.003     176.1
539
 2013 04 20 12 44 49.933     2013 04 20 12 47 23.350     153.4
540
 2013 04 20 04 31 38.507     2013 04 20 04 32  9.834      31.3
 2013 04 20 12 47  8.969     2013 04 20 12 47 25.271      16.3
541
542
 2013 04 20 02 59 41.070     2013 04 20 03 02 17.021     156.0
 2013 04 20 09 34  6.343     2013 04 20 09 36 55.935     169.6
543
 2013 04 20 08 05 12.039     2013 04 20 08 07 44.073     152.0
544
 2013 04 20 01 53 26.229     2013 04 20 01 53 39.736      13.5
545
 2013 04 20 23 14 50.009     2013 04 20 23 18 12.998     203.0
546
 2013 04 20 04 24 47.505     2013 04 20 04 25 39.569      52.1
 2013 04 20 14 27 48.872     2013 04 20 14 30 19.583     150.7
547
 2013 04 20 07 41  4.749     2013 04 20 07 44 11.286     186.5
 2013 04 20 15 54  9.364     2013 04 20 15 57 37.993     208.6
548
 2013 04 20 06 53 39.350     2013 04 20 06 57 16.582     217.2
 2013 04 20 15 06 27.567     2013 04 20 15 09 59.939     212.4
549
 2013 04 20 00 09 34.985     2013 04 20 00 12 35.563     180.6
 2013 04 20 15 34 34.257     2013 04 20 15 35  4.294      30.0
550
 2013 04 20 16 57 18.286     2013 04 20 16 57 37.429      19.1
551
 2013 04 20 13 08 46.684     2013 04 20 13 12 16.271     209.6
 2013 04 20 21 27  1.330     2013 04 20 21 30 43.125     221.8
552
 2013 04 20 11 34 59.783     2013 04 20 11 38 15.713     195.9
 2013 04 20 19 52 39.109     2013 04 20 19 55 37.774     178.7
553
 2013 04 20 07 39 35.503     2013 04 20 07 40 37.619      62.1
 2013 04 20 15 56 52.160     2013 04 20 15 59 34.618     162.5
554
 2013 04 20 09 12  9.969     2013 04 20 09 14 58.779     168.8
555
 2013 04 20 21 24   .659     2013 04 20 21 27  3.058     182.4
556
 2013 04 20 00 09 15.539     2013 04 20 00 11 51.597     156.1
557
 2013 04 20 21 24  5.290     2013 04 20 21 27 21.321     196.0
558
 2013 04 20 12 16 39.264     2013 04 20 12 17 43.724      64.5
 2013 04 20 22 20 15.169     2013 04 20 22 22 53.431     158.3
559
 2013 04 20 19 07 44.088     2013 04 20 19 11  2.587     198.5
560
 2013 04 20 10 51  7.110     2013 04 20 10 51 20.550      13.4
 2013 04 20 19 02 39.421     2013 04 20 19 06 25.415     226.0
561
 2013 04 20 14 28 11.981     2013 04 20 14 31 10.476     178.5
562
 2013 04 20 10 54 42.691     2013 04 20 10 54 45.253       2.6
 2013 04 20 12 28 31.362     2013 04 20 12 29 51.822      80.5
 2013 04 20 17 24 31.774     2013 04 20 17 27 53.297     201.5
563
 2013 04 20 09 48 49.687     2013 04 20 09 49  4.225      14.5
 2013 04 20 21 39 33.030     2013 04 20 21 42 16.518     163.5
564
 2013 04 20 20 07  8.075     2013 04 20 20 10  9.070     181.0
565
 2013 04 20 00 52 32.700     2013 04 20 00 56  7.073     214.4
 2013 04 20 19 33 20.306     2013 04 20 19 34 25.729      65.4
566
 2013 04 20 14 42 30.694     2013 04 20 14 42 57.538      26.8
567
 2013 04 20 16 22 30.753     2013 04 20 16 25 33.189     182.4
 2013 04 20 22 57 42.516     2013 04 20 23 00 31.497     169.0
568
 2013 04 20 14 02 58.017     2013 04 20 14 05 38.305     160.3
 2013 04 20 18 57 23.883     2013 04 20 19 00 34.494     190.6
569
 2013 04 20 09 12 13.601     2013 04 20 09 15 30.241     196.6
570
 2013 04 20 21 34 21.238     2013 04 20 21 37 20.924     179.7
571
 2013 04 20 01 59 22.215     2013 04 20 02 02 19.111     176.9
572
 2013 04 20 11 21 16.296     2013 04 20 11 23 50.367     154.1
573
 2013 04 20 12 20 30.891     2013 04 20 12 24  1.374     210.5
574
 2013 04 20 16 50  3.145     2013 04 20 16 52 57.757     174.6
575
 2013 04 20 19 06 29.027     2013 04 20 19 07  2.546      33.5
576
 2013 04 20 05 20 15.401     2013 04 20 05 21  9.796      54.4
 2013 04 20 13 32 25.576     2013 04 20 13 35 22.990     177.4
577
 2013 04 20 01 24 21.884     2013 04 20 01 26 59.672     157.8
 2013 04 20 08 02 33.521     2013 04 20 08 03  5.007      31.5
578
 2013 04 20 11 27 42.381     2013 04 20 11 27 43.695       1.3
579
 2013 04 20 13 54 14.289     2013 04 20 13 54 47.727      33.4
580
 2013 04 20 04 36 10.796     2013 04 20 04 38 51.424     160.6
 2013 04 20 09 30 36.428     2013 04 20 09 33 45.999     189.6
581
 2013 04 20 17 28 26.795     2013 04 20 17 31  7.994     161.2
582
 2013 04 20 00 19 58.202     2013 04 20 00 23 37.799     219.6
583
 2013 04 20 11 39 32.264     2013 04 20 11 42 44.180     191.9
 2013 04 20 18 12 52.482     2013 04 20 18 15 30.525     158.0
584
585
 2013 04 20 13 13 54.248     2013 04 20 13 15 28.787      94.5
 2013 04 20 19 49 30.872     2013 04 20 19 52  7.405     156.5
586
 2013 04 20 05 20 13.245     2013 04 20 05 22 59.365     166.1
587
 2013 04 20 06 08  2.563     2013 04 20 06 10 46.486     163.9
 2013 04 20 12 42 14.430     2013 04 20 12 45 35.980     201.6
588
 2013 04 20 04 00 34.501     2013 04 20 04 03 31.008     176.5
 2013 04 20 22 42 49.577     2013 04 20 22 45 24.103     154.5
589
590
 2013 04 20 03 34 29.825     2013 04 20 03 37 39.178     189.4
591
 2013 04 20 00 39 12.903     2013 04 20 00 42 12.822     179.9
 2013 04 20 07 13   .180     2013 04 20 07 16 11.076     190.9
592
 2013 04 20 20 50 20.807     2013 04 20 20 50 40.042      19.2
593
 2013 04 20 15 35 37.946     2013 04 20 15 38 34.423     176.5
 2013 04 20 22 10 31.981     2013 04 20 22 13  8.411     156.4
594
 2013 04 20 10 51 37.861     2013 04 20 10 54 15.363     157.5
 2013 04 20 17 25 55.874     2013 04 20 17 29  8.223     192.3
595
596
 2013 04 20 16 04  7.870     2013 04 20 16 06 41.727     153.9
597
598
 2013 04 20 03 46 43.272     2013 04 20 03 47 31.086      47.8
 2013 04 20 11 57 58.728     2013 04 20 12 00 34.779     156.1
599
 2013 04 20 00 58 17.015     2013 04 20 01 01 31.207     194.2
 2013 04 20 16 18 31.266     2013 04 20 16 21  3.956     152.7
600
 2013 04 20 12 28 24.890     2013 04 20 12 31  1.180     156.3
 2013 04 20 17 22 54.777     2013 04 20 17 26 21.967     207.2
 2013 04 20 19 00 23.308     2013 04 20 19 00 48.834      25.5
601
 2013 04 20 09 48 36.451     2013 04 20 09 51 50.237     193.8
 2013 04 20 21 37  6.359     2013 04 20 21 40 51.347     225.0
602
603
 2013 04 20 09 48 51.347     2013 04 20 09 51 43.760     172.4
 2013 04 20 21 39  5.462     2013 04 20 21 41 47.464     162.0
604
 2013 04 20 08 06 43.426     2013 04 20 08 09 15.769     152.3
605
 2013 04 20 02 04 22.144     2013 04 20 02 06 53.581     151.4
 2013 04 20 12 04 37.242     2013 04 20 12 07 11.086     153.8
606
607
 2013 04 20 07 37  7.935     2013 04 20 07 37 23.121      15.2
608
 2013 04 20 04 08 55.037     2013 04 20 04 12 36.412     221.4
609
 2013 04 20 04 00 40.468     2013 04 20 04 01 12.551      32.1
 2013 04 20 05 38 23.771     2013 04 20 05 38 33.199       9.4
 2013 04 20 22 42  9.700     2013 04 20 22 45 20.897     191.2
610
 2013 04 20 09 13 50.872     2013 04 20 09 16 29.646     158.8
 2013 04 20 17 30 19.875     2013 04 20 17 33 11.332     171.5
611
 2013 04 20 02 50 47.550     2013 04 20 02 51 26.835      39.3
612
 2013 04 20 10 46 57.355     2013 04 20 10 49 34.911     157.6
613
 2013 04 20 17 50 25.030     2013 04 20 17 53  4.790     159.8
614
 2013 04 20 03 30 46.383     2013 04 20 03 34 11.973     205.6
 2013 04 20 15 21 39.650     2013 04 20 15 24 13.997     154.3
615
 2013 04 20 08 07 27.479     2013 04 20 08 09 58.902     151.4
 2013 04 20 21 45  5.650     2013 04 20 21 48 27.765     202.1
616
 2013 04 20 09 53   .461     2013 04 20 09 56 23.967     203.5
617
 2013 04 20 15 21  7.747     2013 04 20 15 24 35.612     207.9
618
 2013 04 20 18 35 16.664     2013 04 20 18 36  5.473      48.8
619
 2013 04 20 23 07 35.109     2013 04 20 23 10 39.407     184.3
620
 2013 04 20 03 14  1.324     2013 04 20 03 16 43.419     162.1
 2013 04 20 21 56   .571     2013 04 20 21 58 43.718     163.1
621
 2013 04 20 11 32 46.035     2013 04 20 11 35 17.545     151.5
 2013 04 20 21 29 59.223     2013 04 20 21 30 36.985      37.8
622
 2013 04 20 05 13 10.265     2013 04 20 05 15 48.339     158.1
 2013 04 20 15 13  6.489     2013 04 20 15 15 43.029     156.5
623
 2013 04 20 10 38   .696     2013 04 20 10 38 34.144      33.4
624
 2013 04 20 05 02  9.434     2013 04 20 05 05 46.047     216.6
625
 2013 04 20 21 04 19.999     2013 04 20 21 07 23.713     183.7
626
627
 2013 04 20 23 26 12.630     2013 04 20 23 28 48.069     155.4
628
 2013 04 20 23 03 32.559     2013 04 20 23 06 25.161     172.6
629
 2013 04 20 06 54 20.881     2013 04 20 06 57 10.622     169.7
 2013 04 20 15 06 42.030     2013 04 20 15 06 47.733       5.7
630
 2013 04 20 06 37 48.500     2013 04 20 06 41 20.610     212.1
631
 2013 04 20 03 33  1.490     2013 04 20 03 35 52.764     171.3
 2013 04 20 15 19 42.885     2013 04 20 15 23 24.963     222.1
632
633
 2013 04 20 10 45 43.873     2013 04 20 10 45 55.231      11.4
634
 2013 04 20 08 27 32.043     2013 04 20 08 30  4.697     152.7
 2013 04 20 16 42 45.538     2013 04 20 16 45 23.012     157.5
635
 2013 04 20 08 17   .226     2013 04 20 08 20 18.241     198.0
 2013 04 20 20 01 18.471     2013 04 20 20 04 45.853     207.4
636
 2013 04 20 01 56 29.172     2013 04 20 01 59 41.995     192.8
 2013 04 20 13 47  1.099     2013 04 20 13 49 35.709     154.6
637
 2013 04 20 03 47 49.523     2013 04 20 03 51 31.098     221.6
 2013 04 20 10 22 27.241     2013 04 20 10 25 35.175     187.9
638
 2013 04 20 07 21  6.768     2013 04 20 07 23 50.428     163.7
 2013 04 20 20 57 20.130     2013 04 20 20 59 56.863     156.7
639
640
641
 2013 04 20 02 11  8.104     2013 04 20 02 13 41.629     153.5
642
 2013 04 20 10 04 38.158     2013 04 20 10 07 49.247     191.1
 2013 04 20 16 39 59.279     2013 04 20 16 42 45.928     166.6
643
 2013 04 20 01 13  8.741     2013 04 20 01 16 54.259     225.5
644
 2013 04 20 06 08 35.133     2013 04 20 06 12 14.897     219.8
 2013 04 20 07 46 21.746     2013 04 20 07 50  9.174     227.4
 2013 04 20 12 41 58.986     2013 04 20 12 44 34.287     155.3
645
 2013 04 20 20 59 30.293     2013 04 20 21 02  1.665     151.4
646
 2013 04 20 09 09  7.914     2013 04 20 09 12  4.341     176.4
 2013 04 20 19 10 20.316     2013 04 20 19 12 52.103     151.8
647
 2013 04 20 00 54 18.648     2013 04 20 00 54 34.164      15.5
 2013 04 20 17 58 57.662     2013 04 20 18 01 33.464     155.8
 2013 04 20 22 53 33.720     2013 04 20 22 57 16.922     223.2
648
 2013 04 20 12 05 36.051     2013 04 20 12 05 44.508       8.5
649
650
651
 2013 04 20 09 58 44.907     2013 04 20 10 02 13.535     208.6
652
 2013 04 20 09 59 29.592     2013 04 20 10 02 17.143     167.6
653
 2013 04 20 06 51 37.665     2013 04 20 06 54 12.355     154.7
 2013 04 20 15 08 17.763     2013 04 20 15 11 51.857     214.1
654
 2013 04 20 09 03 21.524     2013 04 20 09 06  1.253     159.7
 2013 04 20 20 50 37.164     2013 04 20 20 53 36.962     179.8
655
656
 2013 04 20 02 54 13.439     2013 04 20 02 56 59.192     165.8
657
 2013 04 20 10 44  4.184     2013 04 20 10 47  1.596     177.4
 2013 04 20 20 43 20.101     2013 04 20 20 45 51.321     151.2
658
 2013 04 20 04 23 23.888     2013 04 20 04 26 18.212     174.3
659
 2013 04 20 12 26 24.934     2013 04 20 12 29  1.590     156.7
 2013 04 20 19 00 55.434     2013 04 20 19 03 48.738     173.3
660
661
 2013 04 20 07 30 25.556     2013 04 20 07 30 42.075      16.5
662
 2013 04 20 18 26  9.847     2013 04 20 18 28 51.490     161.6
663
 2013 04 20 00 53 42.776     2013 04 20 00 56 33.373     170.6
 2013 04 20 17 57 32.253     2013 04 20 18 00 51.626     199.4
 2013 04 20 19 35  6.803     2013 04 20 19 36  3.805      57.0
664
 2013 04 20 16 49 57.933     2013 04 20 16 52 31.835     153.9
665
 2013 04 20 09 51 45.277     2013 04 20 09 52 21.863      36.6
666
667
 2013 04 20 15 24 45.115     2013 04 20 15 24 51.863       6.7
668
 2013 04 20 06 03 49.338     2013 04 20 06 06 28.092     158.8
669
 2013 04 20 18 19 48.245     2013 04 20 18 23  6.938     198.7
670
 2013 04 20 09 13 10.758     2013 04 20 09 16 11.482     180.7
 2013 04 20 17 28 59.834     2013 04 20 17 32 43.950     224.1
671
 2013 04 20 04 29 13.712     2013 04 20 04 32 20.908     187.2
672
673
 2013 04 20 08 58 10.108     2013 04 20 09 00 43.864     153.8
674
 2013 04 20 01 59 18.274     2013 04 20 02 02 50.540     212.3
 2013 04 20 13 43  2.368     2013 04 20 13 46 43.699     221.3
675
676
 2013 04 20 13 16 28.021     2013 04 20 13 19 52.452     204.4
 2013 04 20 18 11 59.580     2013 04 20 18 14 43.635     164.1
677
 2013 04 20 08 14  3.255     2013 04 20 08 16 43.775     160.5
 2013 04 20 20 05 35.701     2013 04 20 20 07  4.842      89.1
678
 2013 04 20 12 13 37.522     2013 04 20 12 16 13.550     156.0
679
 2013 04 20 00 08 37.275     2013 04 20 00 11 37.246     180.0
 2013 04 20 17 10 34.610     2013 04 20 17 14 17.208     222.6
 2013 04 20 23 45 32.932     2013 04 20 23 48 23.980     171.0
680
 2013 04 20 13 02 22.867     2013 04 20 13 05 32.808     189.9
681
 2013 04 20 10 00  9.456     2013 04 20 10 02 42.272     152.8
682
 2013 04 20 10 37  3.023     2013 04 20 10 39 36.421     153.4
 2013 04 20 22 25 20.270     2013 04 20 22 27 50.944     150.7
683
 2013 04 20 12 25  9.991     2013 04 20 12 28  1.697     171.7
684
 2013 04 20 01 27 59.610     2013 04 20 01 31 35.653     216.0
 2013 04 20 06 23 41.360     2013 04 20 06 26 23.291     161.9
685
 2013 04 20 05 01 17.661     2013 04 20 05 04 45.324     207.7
686
 2013 04 20 09 07 13.564     2013 04 20 09 09 47.516     154.0
687
 2013 04 20 10 47 21.195     2013 04 20 10 50   .141     158.9
688
 2013 04 20 02 32 56.616     2013 04 20 02 35 31.949     155.3
 2013 04 20 17 53 58.511     2013 04 20 17 56 32.427     153.9
689
 2013 04 20 04 57 27.512     2013 04 20 04 59 59.708     152.2
690
691
 2013 04 20 00 38  7.423     2013 04 20 00 41 28.491     201.1
 2013 04 20 02 15 39.941     2013 04 20 02 16   .053      20.1
 2013 04 20 07 11 30.068     2013 04 20 07 14  6.976     156.9
692
 2013 04 20 04 24 11.671     2013 04 20 04 26 54.976     163.3
693
 2013 04 20 16 02 59.028     2013 04 20 16 06  5.326     186.3
694
 2013 04 20 08 28   .414     2013 04 20 08 31 40.697     220.3
 2013 04 20 16 40 58.669     2013 04 20 16 44 22.850     204.2
695
 2013 04 20 01 42 23.236     2013 04 20 01 45 30.533     187.3
 2013 04 20 18 43 47.198     2013 04 20 18 46 50.352     183.2
696
 2013 04 20 21 27 49.068     2013 04 20 21 30 23.552     154.5
697
 2013 04 20 10 52 20.125     2013 04 20 10 54 55.698     155.6
 2013 04 20 17 26 30.522     2013 04 20 17 29  7.007     156.5
698
 2013 04 20 14 01 35.171     2013 04 20 14 04 56.413     201.2
 2013 04 20 15 39 13.214     2013 04 20 15 43  2.693     229.5
 2013 04 20 18 59 59.444     2013 04 20 19 00   .147        .7
 2013 04 20 20 34 25.561     2013 04 20 20 37 19.638     174.1
699
 2013 04 20 06 54 12.710     2013 04 20 06 57 40.384     207.7
700
701
 2013 04 20 13 50 53.595     2013 04 20 13 53 45.296     171.7
702
703
 2013 04 20 20 53 11.723     2013 04 20 20 56 44.366     212.6
704
 2013 04 20 11 18 32.383     2013 04 20 11 19 12.098      39.7
705
706
 2013 04 20 04 15 30.786     2013 04 20 04 16 49.338      78.6
707
 2013 04 20 05 38 42.706     2013 04 20 05 42 16.569     213.9
 2013 04 20 22 41 45.727     2013 04 20 22 45  2.009     196.3
708
 2013 04 20 21 29 27.242     2013 04 20 21 33  1.178     213.9
709
 2013 04 20 10 04 47.354     2013 04 20 10 07 37.073     169.7
 2013 04 20 16 38 38.879     2013 04 20 16 41 19.511     160.6
710
 2013 04 20 14 43 27.168     2013 04 20 14 46 22.990     175.8
 2013 04 20 23 03 51.840     2013 04 20 23 04 54.000      62.2
711
712
 2013 04 20 12 13 13.324     2013 04 20 12 14 58.185     104.9
713
 2013 04 20 19 20  6.330     2013 04 20 19 23 19.292     193.0
714
 2013 04 20 08 16 20.721     2013 04 20 08 19 30.160     189.4
 2013 04 20 20 03  9.359     2013 04 20 20 03 49.565      40.2
715
 2013 04 20 09 02 18.998     2013 04 20 09 03 13.328      54.3
716
 2013 04 20 10 49  8.397     2013 04 20 10 52 17.884     189.5
 2013 04 20 19 03 37.625     2013 04 20 19 06 14.243     156.6
717
 2013 04 20 06 51  2.798     2013 04 20 06 53 35.333     152.5
718
 2013 04 20 16 40 53.906     2013 04 20 16 43 29.985     156.1
719
720
 2013 04 20 00 37 18.770     2013 04 20 00 40  2.828     164.1
 2013 04 20 07 12 15.039     2013 04 20 07 15 53.660     218.6
721
 2013 04 20 18 38 21.920     2013 04 20 18 41   .903     159.0
722
 2013 04 20 02 50 12.946     2013 04 20 02 53 15.374     182.4
 2013 04 20 12 53 28.697     2013 04 20 12 54 42.090      73.4
723
 2013 04 20 01 16 37.989     2013 04 20 01 20 11.412     213.4
 2013 04 20 11 18 19.137     2013 04 20 11 21   .342     161.2
724
 2013 04 20 04 30 39.588     2013 04 20 04 33 55.478     195.9
 2013 04 20 12 45 46.177     2013 04 20 12 48 24.312     158.1
725
 2013 04 20 11 40 44.992     2013 04 20 11 43 22.541     157.5
 2013 04 20 18 13 43.553     2013 04 20 18 17  6.240     202.7
726
 2013 04 20 18 39 12.270     2013 04 20 18 42 11.732     179.5
727
 2013 04 20 08 29 21.578     2013 04 20 08 31 58.769     157.2
 2013 04 20 15 07  9.442     2013 04 20 15 07 41.841      32.4
728
 2013 04 20 09 42 58.762     2013 04 20 09 46  9.620     190.9
 2013 04 20 23 18 27.114     2013 04 20 23 21  2.811     155.7
729
 2013 04 20 01 25 45.346     2013 04 20 01 26 18.623      33.3
 2013 04 20 08 01  6.441     2013 04 20 08 03 56.384     169.9
730
 2013 04 20 07 21 11.742     2013 04 20 07 24 32.151     200.4
 2013 04 20 20 58 25.044     2013 04 20 21 01 14.407     169.4
731
 2013 04 20 15 34 19.530     2013 04 20 15 35  4.888      45.4
 2013 04 20 17 12  4.609     2013 04 20 17 12 22.692      18.1
 2013 04 20 22 08 15.844     2013 04 20 22 11 22.599     186.8
732
 2013 04 20 11 26  6.723     2013 04 20 11 29 27.786     201.1
 2013 04 20 23 09 59.445     2013 04 20 23 13 40.562     221.1
733
 2013 04 20 13 09 15.091     2013 04 20 13 11 59.015     163.9
 2013 04 20 21 26 21.010     2013 04 20 21 30  5.637     224.6
734
 2013 04 20 06 50 31.211     2013 04 20 06 53 35.626     184.4
735
 2013 04 20 05 56  3.466     2013 04 20 05 58 51.111     167.6
736
737
 2013 04 20 07 41 15.588     2013 04 20 07 44 15.379     179.8
 2013 04 20 15 54  7.517     2013 04 20 15 57 48.913     221.4
738
 2013 04 20 09 55  5.759     2013 04 20 09 55 18.911      13.2
 2013 04 20 21 35 19.298     2013 04 20 21 38 37.920     198.6
739
 2013 04 20 11 27  5.042     2013 04 20 11 29 55.624     170.6
740
 2013 04 20 08 09 56.818     2013 04 20 08 12 56.832     180.0
741
 2013 04 20 17 03 31.365     2013 04 20 17 06 34.258     182.9
742
 2013 04 20 06 10 34.314     2013 04 20 06 11 55.883      81.6
 2013 04 20 11 06 33.920     2013 04 20 11 10  2.469     208.5
743
 2013 04 20 04 33  7.064     2013 04 20 04 35 58.016     171.0
 2013 04 20 11 07 16.542     2013 04 20 11 07 19.693       3.2
744
 2013 04 20 17 51 50.764     2013 04 20 17 54 39.102     168.3
745
 2013 04 20 06 05 54.526     2013 04 20 06 08 42.068     167.5
 2013 04 20 14 20 34.169     2013 04 20 14 23 11.994     157.8
746
 2013 04 20 02 03 21.595     2013 04 20 02 05 56.864     155.3
 2013 04 20 12 04 14.700     2013 04 20 12 07 35.326     200.6
747
 2013 04 20 06 46 18.616     2013 04 20 06 48 52.736     154.1
 2013 04 20 16 48 14.177     2013 04 20 16 51 49.980     215.8
748
 2013 04 20 20 55 10.069     2013 04 20 20 58 34.913     204.8
749
 2013 04 20 08 23  4.363     2013 04 20 08 26  5.359     181.0
 2013 04 20 18 22  5.308     2013 04 20 18 25 49.893     224.6
750
 2013 04 20 02 37 10.534     2013 04 20 02 39 50.481     159.9
 2013 04 20 16 14  3.218     2013 04 20 16 17  5.538     182.3
751
 2013 04 20 08 10 16.770     2013 04 20 08 13 20.977     184.2
 2013 04 20 21 42 43.135     2013 04 20 21 44 10.434      87.3
752
753
 2013 04 20 14 40 44.685     2013 04 20 14 42  3.782      79.1
754
755
 2013 04 20 19 23 55.830     2013 04 20 19 25  1.931      66.1
756
 2013 04 20 23 10 24.368     2013 04 20 23 13 15.557     171.2
757
 2013 04 20 15 09 35.739     2013 04 20 15 09 39.701       4.0
758
 2013 04 20 04 35 34.021     2013 04 20 04 38 14.704     160.7
 2013 04 20 11 08 46.895     2013 04 20 11 11 59.626     192.7
759
 2013 04 20 16 17   .583     2013 04 20 16 19 38.158     157.6
760
 2013 04 20 02 30 56.651     2013 04 20 02 33 34.439     157.8
761
 2013 04 20 16 51 23.357     2013 04 20 16 54  7.906     164.5
762
763
 2013 04 20 00 24 47.628     2013 04 20 00 24 50.212       2.6
764
 2013 04 20 13 54  6.855     2013 04 20 13 54 23.803      16.9
765
766
 2013 04 20 08 52 53.576     2013 04 20 08 55 31.180     157.6
767
 2013 04 20 14 36 47.241     2013 04 20 14 39 46.170     178.9
768
769
 2013 04 20 23 08 26.154     2013 04 20 23 11   .518     154.4
770
 2013 04 20 03 33 39.253     2013 04 20 03 36 14.221     155.0
 2013 04 20 15 18 57.647     2013 04 20 15 19 20.442      22.8
771
 2013 04 20 05 10 56.909     2013 04 20 05 13 43.692     166.8
772
773
 2013 04 20 13 57 58.876     2013 04 20 14 00 40.072     161.2
 2013 04 20 22 13  8.223     2013 04 20 22 15 41.126     152.9
774
 2013 04 20 05 47 11.870     2013 04 20 05 50  2.647     170.8
 2013 04 20 19 23 27.411     2013 04 20 19 26 18.006     170.6
775
 2013 04 20 04 05 45.745     2013 04 20 04 08 25.468     159.7
 2013 04 20 19 31 21.771     2013 04 20 19 32 11.131      49.4
776
 2013 04 20 05 37 20.508     2013 04 20 05 39 59.952     159.4
 2013 04 20 22 40 47.859     2013 04 20 22 43 53.865     186.0
777
 2013 04 20 22 22 42.264     2013 04 20 22 25 26.788     164.5
778
 2013 04 20 04 55 31.981     2013 04 20 04 58 19.602     167.6
 2013 04 20 20 15 25.260     2013 04 20 20 19  4.284     219.0
779
 2013 04 20 09 00 38.365     2013 04 20 09 03 12.912     154.5
780
 2013 04 20 13 50 27.677     2013 04 20 13 53  6.106     158.4
781
 2013 04 20 00 24 29.428     2013 04 20 00 25 56.301      86.9
 2013 04 20 12 09 56.528     2013 04 20 12 13 10.095     193.6
782
 2013 04 20 02 01 21.680     2013 04 20 02 03 51.758     150.1
783
 2013 04 20 04 55 20.803     2013 04 20 04 57 57.774     157.0
 2013 04 20 20 14 56.260     2013 04 20 20 17 59.524     183.3
784
 2013 04 20 05 21 24.309     2013 04 20 05 22 19.077      54.8
 2013 04 20 13 32 18.692     2013 04 20 13 35  5.167     166.5
785
 2013 04 20 09 39 39.794     2013 04 20 09 42 27.611     167.8
786
 2013 04 20 18 20 32.305     2013 04 20 18 23 13.718     161.4
787
788
 2013 04 20 06 27 56.927     2013 04 20 06 30 36.020     159.1
 2013 04 20 21 49 30.922     2013 04 20 21 52 57.803     206.9
789
 2013 04 20 05 17 58.799     2013 04 20 05 21 16.509     197.7
 2013 04 20 13 34 50.389     2013 04 20 13 37 26.351     156.0
790
 2013 04 20 04 49 28.000     2013 04 20 04 52 12.832     164.8
 2013 04 20 21 52 23.948     2013 04 20 21 52 41.130      17.2
 2013 04 20 23 30 15.434     2013 04 20 23 31 39.849      84.4
791
 2013 04 20 14 48 46.572     2013 04 20 14 51 24.247     157.7
 2013 04 20 21 22 56.423     2013 04 20 21 25 32.222     155.8
792
 2013 04 20 02 33  4.685     2013 04 20 02 33  7.831       3.1
 2013 04 20 17 52 13.878     2013 04 20 17 55  7.920     174.0
793
 2013 04 20 06 23 47.687     2013 04 20 06 26 51.204     183.5
 2013 04 20 23 26 36.220     2013 04 20 23 27 42.251      66.0
794
 2013 04 20 15 29  9.725     2013 04 20 15 32 52.837     223.1
795
 2013 04 20 12 20  9.260     2013 04 20 12 20 18.559       9.3
796
 2013 04 20 15 11  4.011     2013 04 20 15 13 38.232     154.2
797
 2013 04 20 09 15 13.159     2013 04 20 09 15 38.243      25.1
798
 2013 04 20 02 31 48.419     2013 04 20 02 31 51.561       3.1
 2013 04 20 17 55 27.638     2013 04 20 17 58  1.398     153.8
799
 2013 04 20 10 46 26.760     2013 04 20 10 49 44.696     197.9
800
 2013 04 20 12 22 22.100     2013 04 20 12 25 55.756     213.7
 2013 04 20 20 40 11.102     2013 04 20 20 42 52.014     160.9
801
802
 2013 04 20 12 05 29.641     2013 04 20 12 08 52.554     202.9
803
804
 2013 04 20 02 30 17.812     2013 04 20 02 33 12.348     174.5
 2013 04 20 19 32  9.618     2013 04 20 19 35 48.387     218.8
805
 2013 04 20 01 18 17.963     2013 04 20 01 18 30.317      12.4
806
 2013 04 20 02 55 56.258     2013 04 20 02 58 52.703     176.4
 2013 04 20 11 11 29.865     2013 04 20 11 14 25.790     175.9
807
 2013 04 20 11 26 21.057     2013 04 20 11 29 20.381     179.3
 2013 04 20 23 10  3.882     2013 04 20 23 10 48.747      44.9
808
 2013 04 20 12 25 32.703     2013 04 20 12 29 17.873     225.2
 2013 04 20 14 03 12.907     2013 04 20 14 03 16.273       3.4
 2013 04 20 18 59 28.048     2013 04 20 19 02 29.089     181.0
809
 2013 04 20 01 05 16.454     2013 04 20 01 09  1.234     224.8
 2013 04 20 14 36 51.964     2013 04 20 14 36 53.473       1.5
810
 2013 04 20 01 12  7.758     2013 04 20 01 15 30.392     202.6
811
 2013 04 20 06 32  1.663     2013 04 20 06 34 33.110     151.4
812
 2013 04 20 05 19  2.338     2013 04 20 05 21 38.169     155.8
 2013 04 20 13 33 21.535     2013 04 20 13 36 16.965     175.4
813
 2013 04 20 14 44 39.975     2013 04 20 14 47 49.156     189.2
 2013 04 20 22 59 48.479     2013 04 20 23 02 29.969     161.5
814
 2013 04 20 21 34 46.366     2013 04 20 21 38  2.541     196.2
815
816
 2013 04 20 01 55 42.558     2013 04 20 01 59  6.761     204.2
817
 2013 04 20 09 07  6.824     2013 04 20 09 09 43.500     156.7
818
 2013 04 20 09 19 48.371     2013 04 20 09 22 24.349     156.0
 2013 04 20 14 14 21.180     2013 04 20 14 17 26.496     185.3
819
 2013 04 20 12 07 11.310     2013 04 20 12 09 44.723     153.4
820
 2013 04 20 15 10 36.709     2013 04 20 15 13 11.914     155.2
821
 2013 04 20 19 53 44.514     2013 04 20 19 57 12.060     207.5
822
823
 2013 04 20 01 09 18.136     2013 04 20 01 12  5.214     167.1
 2013 04 20 12 59 23.810     2013 04 20 13 02  7.554     163.7
824
 2013 04 20 05 13 26.136     2013 04 20 05 17  2.109     216.0
 2013 04 20 15 12  2.335     2013 04 20 15 14 36.893     154.6
825
 2013 04 20 21 33 39.570     2013 04 20 21 37 24.641     225.1
826
 2013 04 20 05 54 31.848     2013 04 20 05 57 25.340     173.5
 2013 04 20 17 40 49.778     2013 04 20 17 43 31.095     161.3
827
 2013 04 20 01 27 39.063     2013 04 20 01 31  2.943     203.9
 2013 04 20 06 23 12.741     2013 04 20 06 26 13.714     181.0
828
 2013 04 20 02 38 45.764     2013 04 20 02 39 16.268      30.5
829
830
 2013 04 20 08 52  1.827     2013 04 20 08 52 22.208      20.4
831
 2013 04 20 05 00 41.894     2013 04 20 05 03 53.732     191.8
 2013 04 20 18 34 20.510     2013 04 20 18 37 23.822     183.3
832
 2013 04 20 15 35 46.509     2013 04 20 15 35 51.461       5.0
 2013 04 20 22 11 24.492     2013 04 20 22 14  8.752     164.3
833
 2013 04 20 07 30 52.276     2013 04 20 07 32 44.477     112.2
834
 2013 04 20 03 43 25.062     2013 04 20 03 46 14.583     169.5
 2013 04 20 11 58 49.616     2013 04 20 12 01 35.150     165.5
835
 2013 04 20 03 44 47.999     2013 04 20 03 47 50.928     182.9
 2013 04 20 11 59 24.004     2013 04 20 12 03  9.404     225.4
836
 2013 04 20 00 11 33.446     2013 04 20 00 14  6.416     153.0
 2013 04 20 15 32 10.598     2013 04 20 15 34 54.736     164.1
837
 2013 04 20 01 19 25.634     2013 04 20 01 19 42.344      16.7
 2013 04 20 11 15 35.414     2013 04 20 11 15 52.002      16.6
838
 2013 04 20 08 14 53.964     2013 04 20 08 18 13.331     199.4
 2013 04 20 20 02 36.572     2013 04 20 20 05 30.590     174.0
839
 2013 04 20 23 15 55.131     2013 04 20 23 18 38.106     163.0
840
 2013 04 20 07 29 38.326     2013 04 20 07 32 47.939     189.6
841
842
 2013 04 20 01 41   .092     2013 04 20 01 43 36.966     156.9
 2013 04 20 18 44  1.828     2013 04 20 18 47 23.225     201.4
843
 2013 04 20 09 57 46.579     2013 04 20 10 01 11.998     205.4
844
 2013 04 20 09 54   .041     2013 04 20 09 56 30.928     150.9
845
 2013 04 20 07 36  1.362     2013 04 20 07 38 35.455     154.1
 2013 04 20 17 34 26.117     2013 04 20 17 37 35.902     189.8
846
 2013 04 20 12 22 21.936     2013 04 20 12 25  2.792     160.9
 2013 04 20 20 38 24.550     2013 04 20 20 41 54.131     209.6
847
 2013 04 20 06 07 39.243     2013 04 20 06 10 44.164     184.9
 2013 04 20 12 43  4.032     2013 04 20 12 43 11.259       7.2
848
 2013 04 20 12 27 30.719     2013 04 20 12 30 10.304     159.6
 2013 04 20 19 01 14.364     2013 04 20 19 04  1.588     167.2
849
 2013 04 20 03 17 34.200     2013 04 20 03 20 12.215     158.0
 2013 04 20 20 19  9.302     2013 04 20 20 22 40.877     211.6
850
 2013 04 20 13 07 50.450     2013 04 20 13 10 25.260     154.8
851
 2013 04 20 09 59 42.939     2013 04 20 10 02 15.651     152.7
852
 2013 04 20 05 04 35.277     2013 04 20 05 07 10.971     155.7
853
 2013 04 20 00 33 23.383     2013 04 20 00 35 56.508     153.1
 2013 04 20 08 54 14.524     2013 04 20 08 54 19.236       4.7
854
 2013 04 20 11 35 21.862     2013 04 20 11 38 33.706     191.8
 2013 04 20 19 52 40.706     2013 04 20 19 55 22.657     162.0
855
 2013 04 20 16 56  2.638     2013 04 20 16 56 28.595      26.0
856
 2013 04 20 03 39 52.823     2013 04 20 03 42 43.582     170.8
 2013 04 20 13 37 38.583     2013 04 20 13 40 44.465     185.9
857
 2013 04 20 23 15 28.751     2013 04 20 23 18 17.101     168.3
858
859
 2013 04 20 10 35 23.705     2013 04 20 10 38 52.798     209.1
 2013 04 20 22 26 54.014     2013 04 20 22 29 37.797     163.8
860
 2013 04 20 04 06 31.560     2013 04 20 04 09 39.210     187.6
 2013 04 20 19 27 31.128     2013 04 20 19 30 22.958     171.8
861
 2013 04 20 07 39 23.973     2013 04 20 07 42 48.013     204.0
 2013 04 20 15 54 34.876     2013 04 20 15 57 18.445     163.6
862
863
 2013 04 20 09 16 47.876     2013 04 20 09 19 25.902     158.0
 2013 04 20 15 51 30.679     2013 04 20 15 52 25.320      54.6
864
 2013 04 20 07 41 22.192     2013 04 20 07 44  7.729     165.5
 2013 04 20 15 54 21.106     2013 04 20 15 58  5.982     224.9
865
866
 2013 04 20 06 00 28.073     2013 04 20 06 03 24.879     176.8
 2013 04 20 16 00  1.264     2013 04 20 16 02 33.970     152.7
867
 2013 04 20 12 01 53.867     2013 04 20 12 05 38.496     224.6
868
 2013 04 20 16 04  8.821     2013 04 20 16 07 25.288     196.5
869
 2013 04 20 09 55 17.790     2013 04 20 09 57 48.286     150.5
 2013 04 20 19 56 48.533     2013 04 20 20 00 33.408     224.9
870
 2013 04 20 11 24 40.051     2013 04 20 11 24 59.916      19.9
 2013 04 20 23 12 34.975     2013 04 20 23 12 37.737       2.8
871
 2013 04 20 08 27  5.432     2013 04 20 08 29 38.417     153.0
 2013 04 20 16 42 56.305     2013 04 20 16 45 33.083     156.8
872
 2013 04 20 01 20 40.176     2013 04 20 01 23 14.832     154.7
 2013 04 20 09 41 25.253     2013 04 20 09 41 25.907        .7
873
 2013 04 20 03 28 11.255     2013 04 20 03 30 41.293     150.0
874
 2013 04 20 08 54 19.590     2013 04 20 08 56 53.681     154.1
 2013 04 20 22 32 11.855     2013 04 20 22 32 17.308       5.5
875
876
 2013 04 20 09 17 45.576     2013 04 20 09 21 32.908     227.3
 2013 04 20 15 53 20.883     2013 04 20 15 55 55.257     154.4
877
 2013 04 20 18 26 48.252     2013 04 20 18 30  7.814     199.6
878
 2013 04 20 23 22 26.405     2013 04 20 23 25 17.869     171.5
879
 2013 04 20 03 35  1.449     2013 04 20 03 38 29.384     207.9
880
 2013 04 20 07 35 12.253     2013 04 20 07 38 27.249     195.0
 2013 04 20 17 34  5.113     2013 04 20 17 36 36.990     151.9
881
 2013 04 20 01 52  3.998     2013 04 20 01 54 35.056     151.1
 2013 04 20 15 26  7.839     2013 04 20 15 29 44.313     216.5
882
 2013 04 20 00 58 45.373     2013 04 20 01 01 53.351     188.0
 2013 04 20 16 18 24.306     2013 04 20 16 21 10.579     166.3
883
 2013 04 20 15 56 45.980     2013 04 20 16 00  4.607     198.6
884
 2013 04 20 11 33 32.021     2013 04 20 11 37  9.907     217.9
885
 2013 04 20 04 53  9.895     2013 04 20 04 53 43.651      33.8
 2013 04 20 21 52 11.431     2013 04 20 21 54 53.751     162.3
886
 2013 04 20 07 18 46.864     2013 04 20 07 22 17.426     210.6
887
 2013 04 20 00 07 33.066     2013 04 20 00 08 38.510      65.4
 2013 04 20 17 11 33.670     2013 04 20 17 14 22.573     168.9
 2013 04 20 22 10 19.416     2013 04 20 22 10 31.684      12.3
 2013 04 20 23 44 31.255     2013 04 20 23 48 11.517     220.3
888
 2013 04 20 21 47 33.448     2013 04 20 21 50 49.396     195.9
889
 2013 04 20 06 35 48.229     2013 04 20 06 38 25.044     156.8
890
 2013 04 20 11 29 16.881     2013 04 20 11 32  1.407     164.5
 2013 04 20 21 34 36.397     2013 04 20 21 35 45.841      69.4
891
 2013 04 20 16 09 33.139     2013 04 20 16 12 40.304     187.2
892
 2013 04 20 06 48 54.342     2013 04 20 06 51 47.147     172.8
 2013 04 20 16 47 17.194     2013 04 20 16 48   .395      43.2
893
 2013 04 20 07 21 36.535     2013 04 20 07 24 13.326     156.8
 2013 04 20 20 57 22.762     2013 04 20 20 59 54.444     151.7
894
 2013 04 20 06 50 28.035     2013 04 20 06 53  9.938     161.9
895
 2013 04 20 12 20 36.702     2013 04 20 12 23 32.452     175.7
896
 2013 04 20 09 50 21.228     2013 04 20 09 52 51.854     150.6
 2013 04 20 21 37 56.704     2013 04 20 21 40 38.206     161.5
897
 2013 04 20 04 50 38.849     2013 04 20 04 53 13.049     154.2
 2013 04 20 21 53 39.450     2013 04 20 21 56 20.437     161.0
898
 2013 04 20 12 23 12.487     2013 04 20 12 26 33.964     201.5
 2013 04 20 20 38  1.405     2013 04 20 20 40 34.704     153.3
899
 2013 04 20 01 04 12.547     2013 04 20 01 07 51.469     218.9
900
 2013 04 20 18 38 19.703     2013 04 20 18 41 23.031     183.3
901
 2013 04 20 22 14 38.977     2013 04 20 22 18 19.541     220.6
902
 2013 04 20 07 33 59.452     2013 04 20 07 36 53.843     174.4
 2013 04 20 17 36  1.907     2013 04 20 17 38 44.922     163.0
903
 2013 04 20 04 52 33.597     2013 04 20 04 54   .702      87.1
 2013 04 20 20 16 44.330     2013 04 20 20 20 12.851     208.5
904
 2013 04 20 04 31 54.711     2013 04 20 04 34 33.900     159.2
 2013 04 20 12 46 32.903     2013 04 20 12 49 39.383     186.5
905
 2013 04 20 00 26  3.377     2013 04 20 00 28 33.448     150.1
906
 2013 04 20 12 15 25.113     2013 04 20 12 17 59.195     154.1
907
 2013 04 20 09 17 15.382     2013 04 20 09 20 30.972     195.6
 2013 04 20 15 51  4.497     2013 04 20 15 53 46.295     161.8
908
 2013 04 20 19 26 24.126     2013 04 20 19 29 14.345     170.2
909
 2013 04 20 01 24 22.590     2013 04 20 01 26 59.589     157.0
 2013 04 20 07 58 44.629     2013 04 20 07 58 58.797      14.2
910
 2013 04 20 14 22 18.433     2013 04 20 14 25 49.769     211.3
911
 2013 04 20 01 13 44.725     2013 04 20 01 16 40.989     176.3
912
 2013 04 20 06 54 27.858     2013 04 20 06 57  6.333     158.5
913
 2013 04 20 06 08 33.772     2013 04 20 06 11 34.477     180.7
 2013 04 20 12 43 41.855     2013 04 20 12 46 27.232     165.4
914
 2013 04 20 07 44 37.003     2013 04 20 07 47 12.871     155.9
 2013 04 20 12 43  3.606     2013 04 20 12 43 11.747       8.1
 2013 04 20 14 17 20.946     2013 04 20 14 20 43.614     202.7
915
 2013 04 20 14 19  4.589     2013 04 20 14 22 12.712     188.1
916
 2013 04 20 10 02  4.054     2013 04 20 10 04 37.288     153.2
 2013 04 20 18 17  6.175     2013 04 20 18 19 45.075     158.9
917
 2013 04 20 21 39 36.240     2013 04 20 21 41 56.627     140.4
918
 2013 04 20 14 26 30.055     2013 04 20 14 26 56.133      26.1
919
 2013 04 20 12 53 48.651     2013 04 20 12 57  8.820     200.2
920
 2013 04 20 08 02 57.428     2013 04 20 08 06 39.371     221.9
 2013 04 20 23 23 18.955     2013 04 20 23 25 55.423     156.5
921
 2013 04 20 18 38   .316     2013 04 20 18 41 23.800     203.5
922
923
 2013 04 20 00 16 46.407     2013 04 20 00 19 55.576     189.2
 2013 04 20 13 52 42.396     2013 04 20 13 56  7.782     205.4
924
 2013 04 20 07 30 20.037     2013 04 20 07 32 57.830     157.8
925
 2013 04 20 00 09 42.018     2013 04 20 00 13  6.552     204.5
 2013 04 20 15 33 11.891     2013 04 20 15 36 18.319     186.4
926
 2013 04 20 04 25 36.264     2013 04 20 04 28 14.010     157.7
 2013 04 20 14 26  4.058     2013 04 20 14 28 48.038     164.0
927
 2013 04 20 09 12 47.882     2013 04 20 09 15 31.673     163.8
928
 2013 04 20 08 32 17.200     2013 04 20 08 35 59.737     222.5
 2013 04 20 13 28  6.137     2013 04 20 13 31 35.653     209.5
929
 2013 04 20 02 54 18.055     2013 04 20 02 56 52.839     154.8
930
 2013 04 20 01 42  8.665     2013 04 20 01 44 43.754     155.1
 2013 04 20 18 44 54.344     2013 04 20 18 47 30.667     156.3
931
 2013 04 20 07 42 51.189     2013 04 20 07 43 13.912      22.7
 2013 04 20 15 54  7.655     2013 04 20 15 56 51.207     163.6
932
 2013 04 20 13 12 44.650     2013 04 20 13 12 51.712       7.1
 2013 04 20 21 27 31.947     2013 04 20 21 28 14.611      42.7
933
 2013 04 20 09 02 42.202     2013 04 20 09 05 23.556     161.4
 2013 04 20 20 51 11.492     2013 04 20 20 53 45.217     153.7
934
 2013 04 20 01 19 26.367     2013 04 20 01 22  2.429     156.1
935
 2013 04 20 16 21 32.371     2013 04 20 16 25   .493     208.1
 2013 04 20 22 55 30.789     2013 04 20 22 58 57.198     206.4
936
 2013 04 20 00 15 16.291     2013 04 20 00 17 50.097     153.8
 2013 04 20 13 52 26.219     2013 04 20 13 55 46.368     200.1
937
938
 2013 04 20 06 28 50.729     2013 04 20 06 32 14.532     203.8
 2013 04 20 21 49  1.128     2013 04 20 21 51 35.867     154.7
939
 2013 04 20 08 05 47.922     2013 04 20 08 08 21.480     153.6
940
 2013 04 20 15 35 13.412     2013 04 20 15 37 54.489     161.1
 2013 04 20 22 09 57.527     2013 04 20 22 12 57.921     180.4
941
942
 2013 04 20 01 17 37.299     2013 04 20 01 20 37.579     180.3
 2013 04 20 11 16 18.361     2013 04 20 11 18 55.049     156.7
943
 2013 04 20 23 09 58.240     2013 04 20 23 13 26.012     207.8
944
 2013 04 20 03 19 47.196     2013 04 20 03 22 24.407     157.2
 2013 04 20 18 41 29.059     2013 04 20 18 44  6.102     157.0
945
 2013 04 20 07 24 50.232     2013 04 20 07 28  7.579     197.3
946
 2013 04 20 06 00  5.795     2013 04 20 06 02 41.072     155.3
 2013 04 20 16 01   .562     2013 04 20 16 03 36.727     156.2
947
 2013 04 20 13 14  1.636     2013 04 20 13 16 39.664     158.0
 2013 04 20 19 47 54.531     2013 04 20 19 50 31.017     156.5
948
 2013 04 20 10 35 29.839     2013 04 20 10 38 38.857     189.0
949
 2013 04 20 18 31 39.090     2013 04 20 18 34 53.595     194.5
950
951
 2013 04 20 03 34 44.794     2013 04 20 03 37 24.539     159.7
952
 2013 04 20 09 12  8.252     2013 04 20 09 15  2.502     174.2
953
954
 2013 04 20 13 10  8.931     2013 04 20 13 12 45.742     156.8
 2013 04 20 21 26 30.059     2013 04 20 21 29 15.856     165.8
955
 2013 04 20 05 19 37.624     2013 04 20 05 22 20.329     162.7
 2013 04 20 13 32 39.621     2013 04 20 13 36 22.791     223.2
956
 2013 04 20 01 25 21.343     2013 04 20 01 25 56.616      35.3
 2013 04 20 08 01 10.551     2013 04 20 08 03 45.362     154.8
957
 2013 04 20 07 16 36.035     2013 04 20 07 19 38.832     182.8
 2013 04 20 22 37 42.058     2013 04 20 22 40 43.655     181.6
958
 2013 04 20 05 08 38.957     2013 04 20 05 11 57.095     198.1
959
960
 2013 04 20 08 02 58.161     2013 04 20 08 05 30.947     152.8
 2013 04 20 23 24 31.841     2013 04 20 23 27 19.909     168.1
961
 2013 04 20 02 04 12.739     2013 04 20 02 06 43.487     150.7
 2013 04 20 12 04 34.425     2013 04 20 12 07  9.486     155.1
962
 2013 04 20 17 32 38.991     2013 04 20 17 35 23.564     164.6
963
964
965
 2013 04 20 09 05  4.734     2013 04 20 09 08 19.312     194.6
966
967
 2013 04 20 19 12 15.216     2013 04 20 19 15 42.523     207.3
968
 2013 04 20 01 58 44.088     2013 04 20 02 01 25.814     161.7
 2013 04 20 13 44 29.747     2013 04 20 13 47 31.916     182.2
969
970
 2013 04 20 08 30 25.427     2013 04 20 08 32 59.345     153.9
 2013 04 20 15 04 37.999     2013 04 20 15 07 22.158     164.2
971
 2013 04 20 05 55 31.783     2013 04 20 05 58 13.605     161.8
 2013 04 20 17 40  2.928     2013 04 20 17 41 21.143      78.2
972
973
 2013 04 20 16 48 58.610     2013 04 20 16 49 36.923      38.3
974
 2013 04 20 01 54 45.853     2013 04 20 01 57 28.155     162.3
975
 2013 04 20 13 08  3.440     2013 04 20 13 11 13.070     189.6
976
 2013 04 20 13 04 33.325     2013 04 20 13 06  6.323      93.0
 2013 04 20 23 07 11.410     2013 04 20 23 09 45.618     154.2
977
 2013 04 20 23 21 34.190     2013 04 20 23 24 11.087     156.9
978
 2013 04 20 03 29   .334     2013 04 20 03 32 35.720     215.4
 2013 04 20 15 25 33.146     2013 04 20 15 25 56.132      23.0
979
 2013 04 20 02 52 34.225     2013 04 20 02 55 20.574     166.3
 2013 04 20 12 50 40.035     2013 04 20 12 53 38.822     178.8
980
 2013 04 20 00 50 33.054     2013 04 20 00 54 13.938     220.9
 2013 04 20 02 28 23.151     2013 04 20 02 32  3.096     219.9
 2013 04 20 19 33   .649     2013 04 20 19 35 44.682     164.0
981
 2013 04 20 13 42 29.794     2013 04 20 13 45 18.679     168.9
982
 2013 04 20 03 37 26.948     2013 04 20 03 40  1.488     154.5
 2013 04 20 13 39 20.404     2013 04 20 13 42 49.845     209.4
983
 2013 04 20 10 00 30.300     2013 04 20 10 03 50.442     200.1
 2013 04 20 18 18 14.694     2013 04 20 18 21 12.220     177.5
984
 2013 04 20 07 44 22.769     2013 04 20 07 47 30.512     187.7
 2013 04 20 14 18 11.194     2013 04 20 14 21 27.597     196.4
985
 2013 04 20 09 19 32.770     2013 04 20 09 22 18.557     165.8
 2013 04 20 14 14 24.870     2013 04 20 14 18  1.606     216.7
 2013 04 20 15 51 55.302     2013 04 20 15 51 55.975        .7
986
 2013 04 20 11 41 24.088     2013 04 20 11 44 14.074     170.0
 2013 04 20 16 36 23.289     2013 04 20 16 39 46.749     203.5
987
 2013 04 20 08 21 45.385     2013 04 20 08 24 27.407     162.0
 2013 04 20 18 21 58.649     2013 04 20 18 24 47.521     168.9
988
989
 2013 04 20 06 08 17.176     2013 04 20 06 11 48.416     211.2
 2013 04 20 07 45 51.952     2013 04 20 07 46   .899       8.9
 2013 04 20 12 42   .338     2013 04 20 12 44 38.238     157.9
990
 2013 04 20 03 36 34.439     2013 04 20 03 39  7.487     153.0
991
 2013 04 20 02 59  3.476     2013 04 20 03 02 24.569     201.1
 2013 04 20 09 32 59.146     2013 04 20 09 35 55.644     176.5
992
 2013 04 20 10 33 31.297     2013 04 20 10 36 49.850     198.6
993
 2013 04 20 01 42 56.897     2013 04 20 01 46  1.722     184.8
 2013 04 20 18 45 11.035     2013 04 20 18 48 43.382     212.3
994
 2013 04 20 09 39 55.859     2013 04 20 09 43 31.520     215.7
995
996
 2013 04 20 00 10  8.240     2013 04 20 00 13 14.192     186.0
 2013 04 20 15 33  2.565     2013 04 20 15 35 54.023     171.5
997
 2013 04 20 01 59 15.732     2013 04 20 02 02 54.728     219.0
 2013 04 20 13 42 59.144     2013 04 20 13 46 38.157     219.0
998
 2013 04 20 02 30 23.213     2013 04 20 02 32 58.711     155.5
 2013 04 20 19 31 31.236     2013 04 20 19 35 10.535     219.3
999
 2013 04 20 17 48 26.483     2013 04 20 17 49 10.728      44.2
