0 1.5636 -127.8670 9 28 8
2  45.0 45.0 0.00
1 5.4420 112.6851 4 29 9
2  45.0 45.0 0.00
2 -42.7516 -163.8517 2 21 9
2  45.0 45.0 0.00
3 -33.0710 12.5997 10 25 7
2  45.0 45.0 0.00
4 19.8352 -47.7027 6 24 6
2  45.0 45.0 0.00
5 -7.1545 -171.0232 1 20 7
2  45.0 45.0 0.00
6 14.2733 -109.7055 1 29 5
2  45.0 45.0 0.00
7 -22.5795 77.7216 2 28 7
2  45.0 45.0 0.00
8 -15.8050 150.7683 5 26 7
2  45.0 45.0 0.00
9 -28.4514 20.3315 1 24 7
2  45.0 45.0 0.00
10 24.4713 -52.7499 5 27 8
2  45.0 45.0 0.00
11 -37.3906 0.1328 2 23 7
2  45.0 45.0 0.00
12 2.7989 -12.9313 10 22 9
2  45.0 45.0 0.00
13 42.5506 -145.8719 6 19 8
2  45.0 45.0 0.00
14 -2.9557 55.6633 7 17 5
2  45.0 45.0 0.00
15 28.4423 31.7710 2 17 6
2  45.0 45.0 0.00
16 39.8590 -46.6334 9 26 9
2  45.0 45.0 0.00
17 -23.1947 -43.0269 4 18 5
2  45.0 45.0 0.00
18 30.3814 -116.4121 1 19 7
2  45.0 45.0 0.00
19 41.0026 -24.5753 9 28 9
2  45.0 45.0 0.00
20 -38.5003 -78.1070 2 29 9
2  45.0 45.0 0.00
21 -44.9184 -110.6825 1 25 7
2  45.0 45.0 0.00
22 6.2546 -56.1519 4 18 8
2  45.0 45.0 0.00
23 -36.4702 60.4890 1 22 7
2  45.0 45.0 0.00
24 2.2196 129.0216 3 18 8
2  45.0 45.0 0.00
25 -21.6788 -55.2594 9 23 6
2  45.0 45.0 0.00
26 -17.3217 63.0064 3 18 5
2  45.0 45.0 0.00
27 9.8572 -30.6440 7 27 9
2  45.0 45.0 0.00
28 -43.6049 58.0616 3 25 8
2  45.0 45.0 0.00
29 -6.0850 151.4360 5 23 7
2  45.0 45.0 0.00
30 -29.8081 151.8777 8 20 8
2  45.0 45.0 0.00
31 -23.4900 -163.9312 7 19 5
2  45.0 45.0 0.00
32 24.3524 40.2211 8 22 6
2  45.0 45.0 0.00
33 40.7027 -133.6178 1 17 5
2  45.0 45.0 0.00
34 25.5528 109.4994 5 23 6
2  45.0 45.0 0.00
35 38.1237 -116.7998 2 23 6
2  45.0 45.0 0.00
36 -13.2683 104.5198 4 15 7
2  45.0 45.0 0.00
37 -9.0412 -69.6123 1 23 7
2  45.0 45.0 0.00
38 5.1258 -130.7807 5 26 6
2  45.0 45.0 0.00
39 -2.4478 -122.3504 6 21 8
2  45.0 45.0 0.00
40 -19.7420 94.9570 6 22 5
2  45.0 45.0 0.00
41 -9.0496 -40.8413 10 16 7
2  45.0 45.0 0.00
42 -42.0989 -8.4270 9 15 8
2  45.0 45.0 0.00
43 46.5771 19.9748 4 15 6
2  45.0 45.0 0.00
44 8.1997 32.0639 7 25 8
2  45.0 45.0 0.00
45 11.0604 -166.1646 10 19 8
2  45.0 45.0 0.00
46 21.1490 98.2892 8 28 8
2  45.0 45.0 0.00
47 11.7722 -71.0665 1 29 7
2  45.0 45.0 0.00
48 -50.0157 -94.2543 7 15 8
2  45.0 45.0 0.00
49 -45.3929 -153.5272 4 15 9
2  45.0 45.0 0.00
50 44.6708 -124.0344 6 17 5
2  45.0 45.0 0.00
51 23.8170 -164.6204 1 27 5
2  45.0 45.0 0.00
52 -13.1233 -137.3264 4 19 8
2  45.0 45.0 0.00
53 -18.0397 18.2915 2 21 8
2  45.0 45.0 0.00
54 14.5023 22.0695 8 22 7
2  45.0 45.0 0.00
55 -17.0477 17.1299 6 16 6
2  45.0 45.0 0.00
56 3.2656 172.5663 9 19 6
2  45.0 45.0 0.00
57 4.6703 34.6791 8 28 8
2  45.0 45.0 0.00
58 7.2437 -7.8629 4 27 5
2  45.0 45.0 0.00
59 43.4193 163.6176 3 18 7
2  45.0 45.0 0.00
60 2.2213 52.8686 10 21 6
2  45.0 45.0 0.00
61 -14.8275 60.0213 10 23 7
2  45.0 45.0 0.00
62 -34.2268 163.4094 7 21 6
2  45.0 45.0 0.00
63 -10.9345 102.7656 9 16 5
2  45.0 45.0 0.00
64 24.7493 55.4044 6 26 6
2  45.0 45.0 0.00
65 -36.1825 77.4047 2 20 6
2  45.0 45.0 0.00
66 -12.2240 -70.4962 7 23 6
2  45.0 45.0 0.00
67 40.6988 17.7131 4 16 6
2  45.0 45.0 0.00
68 39.9973 -177.9740 5 21 9
2  45.0 45.0 0.00
69 12.1287 -174.6917 2 23 6
2  45.0 45.0 0.00
70 -39.8395 136.7271 9 18 9
2  45.0 45.0 0.00
71 38.9077 128.0064 3 17 5
2  45.0 45.0 0.00
72 15.3811 -65.6080 8 19 8
2  45.0 45.0 0.00
73 39.5304 -38.4212 3 16 9
2  45.0 45.0 0.00
74 36.8500 59.7592 10 27 8
2  45.0 45.0 0.00
75 24.1527 -107.7732 7 27 5
2  45.0 45.0 0.00
76 -37.7455 -117.2848 6 15 7
2  45.0 45.0 0.00
77 0.5175 -151.1787 6 23 5
2  45.0 45.0 0.00
78 -49.9920 -37.8152 5 15 7
2  45.0 45.0 0.00
79 6.3152 85.4162 8 25 8
2  45.0 45.0 0.00
80 -29.5584 158.3584 4 23 6
2  45.0 45.0 0.00
81 -4.4353 -152.9492 1 24 6
2  45.0 45.0 0.00
82 17.6409 -166.4117 6 15 7
2  45.0 45.0 0.00
83 -3.0850 -85.2562 7 27 6
2  45.0 45.0 0.00
84 31.0441 108.2816 8 28 7
2  45.0 45.0 0.00
85 -5.0155 38.5800 10 19 9
2  45.0 45.0 0.00
86 52.0024 5.5358 2 16 8
2  45.0 45.0 0.00
87 -31.3733 42.2796 4 25 7
2  45.0 45.0 0.00
88 -7.4475 -15.6397 1 19 8
2  45.0 45.0 0.00
89 52.0070 -57.3520 8 23 9
2  45.0 45.0 0.00
90 -21.5815 152.8002 4 22 9
2  45.0 45.0 0.00
91 -8.4413 -174.7475 6 15 6
2  45.0 45.0 0.00
92 37.2051 93.6811 6 26 5
2  45.0 45.0 0.00
93 -36.9891 149.8009 6 18 6
2  45.0 45.0 0.00
94 37.4660 14.9652 5 20 5
2  45.0 45.0 0.00
95 -17.3509 -2.2484 4 19 8
2  45.0 45.0 0.00
96 -41.1286 -154.6544 10 21 7
2  45.0 45.0 0.00
97 -45.9887 -163.1955 9 17 6
2  45.0 45.0 0.00
98 -32.9198 32.5164 9 19 9
2  45.0 45.0 0.00
99 17.9686 57.6370 3 17 5
2  45.0 45.0 0.00
100 -45.1011 -149.9765 7 19 7
2  45.0 45.0 0.00
101 27.0120 17.2791 5 20 7
2  45.0 45.0 0.00
102 45.2207 81.9839 2 19 7
2  45.0 45.0 0.00
103 29.7422 -72.4816 5 19 6
2  45.0 45.0 0.00
104 -41.9370 78.5883 5 29 6
2  45.0 45.0 0.00
105 -25.1083 -100.8394 3 22 9
2  45.0 45.0 0.00
106 18.6782 -54.3295 7 17 5
2  45.0 45.0 0.00
107 -49.9688 85.7866 9 15 5
2  45.0 45.0 0.00
108 1.9235 72.4426 1 24 5
2  45.0 45.0 0.00
109 -4.0596 -70.2437 10 27 7
2  45.0 45.0 0.00
110 -13.6896 -40.3101 5 27 8
2  45.0 45.0 0.00
111 -15.2409 -139.3350 6 15 5
2  45.0 45.0 0.00
112 3.7036 -165.0798 2 21 9
2  45.0 45.0 0.00
113 8.2177 21.1581 5 17 7
2  45.0 45.0 0.00
114 -48.5172 -87.0882 5 17 6
2  45.0 45.0 0.00
115 -10.2673 -143.3987 10 27 6
2  45.0 45.0 0.00
116 48.5746 -51.9382 8 16 7
2  45.0 45.0 0.00
117 -22.4527 14.4243 4 22 7
2  45.0 45.0 0.00
118 44.0576 76.9653 6 27 9
2  45.0 45.0 0.00
119 -2.4697 -94.7830 6 25 8
2  45.0 45.0 0.00
120 42.7106 -135.2929 4 19 9
2  45.0 45.0 0.00
121 -41.0469 -111.1995 5 23 8
2  45.0 45.0 0.00
122 -26.0180 -88.0012 2 25 6
2  45.0 45.0 0.00
123 -34.0035 162.1091 3 15 8
2  45.0 45.0 0.00
124 -49.0294 -160.8079 3 24 5
2  45.0 45.0 0.00
125 -18.1792 -37.5923 6 19 8
2  45.0 45.0 0.00
126 -35.3590 -38.4839 5 18 9
2  45.0 45.0 0.00
127 35.4108 -150.7728 9 16 9
2  45.0 45.0 0.00
128 -42.7106 178.1379 2 26 7
2  45.0 45.0 0.00
129 16.9691 -170.4764 3 21 8
2  45.0 45.0 0.00
130 2.7982 -111.0944 4 16 7
2  45.0 45.0 0.00
131 37.0596 5.6487 4 17 7
2  45.0 45.0 0.00
132 23.0219 137.9771 1 27 6
2  45.0 45.0 0.00
133 38.3134 -175.1135 10 26 7
2  45.0 45.0 0.00
134 -42.6092 125.5256 4 15 7
2  45.0 45.0 0.00
135 -48.4812 -80.9643 2 17 9
2  45.0 45.0 0.00
136 -20.9834 154.7649 9 24 6
2  45.0 45.0 0.00
137 50.3521 -75.4837 10 27 7
2  45.0 45.0 0.00
138 -19.2524 138.4535 1 24 9
2  45.0 45.0 0.00
139 -30.3372 -116.4854 5 22 7
2  45.0 45.0 0.00
140 15.5303 -77.9872 4 29 6
2  45.0 45.0 0.00
141 18.8379 -127.4890 3 25 6
2  45.0 45.0 0.00
142 7.8991 -54.0090 4 20 8
2  45.0 45.0 0.00
143 30.4523 -94.8018 8 21 6
2  45.0 45.0 0.00
144 7.5391 -116.0647 10 17 7
2  45.0 45.0 0.00
145 -30.3761 -98.5204 1 17 9
2  45.0 45.0 0.00
146 38.8173 95.2514 9 25 7
2  45.0 45.0 0.00
147 -51.0205 173.7972 3 20 5
2  45.0 45.0 0.00
148 34.8905 37.3807 3 23 6
2  45.0 45.0 0.00
149 49.6503 3.1746 5 29 5
2  45.0 45.0 0.00
150 50.5767 81.7742 7 17 7
2  45.0 45.0 0.00
151 -3.2951 -133.5308 9 21 5
2  45.0 45.0 0.00
152 -5.1533 -176.7048 1 26 6
2  45.0 45.0 0.00
153 32.8528 59.0566 5 29 7
2  45.0 45.0 0.00
154 32.2786 128.7055 8 20 5
2  45.0 45.0 0.00
155 49.5326 48.6977 2 28 5
2  45.0 45.0 0.00
156 21.6891 -96.0886 2 15 6
2  45.0 45.0 0.00
157 -38.2606 31.9048 10 17 8
2  45.0 45.0 0.00
158 41.2969 9.1811 8 17 5
2  45.0 45.0 0.00
159 33.9203 130.0757 9 17 9
2  45.0 45.0 0.00
160 -20.7386 20.9451 7 23 6
2  45.0 45.0 0.00
161 -40.3199 -40.5741 9 16 6
2  45.0 45.0 0.00
162 35.3661 -89.7241 9 21 5
2  45.0 45.0 0.00
163 -29.8606 177.2558 4 22 7
2  45.0 45.0 0.00
164 -29.5414 -10.8249 4 20 8
2  45.0 45.0 0.00
165 -23.4247 61.3553 9 19 6
2  45.0 45.0 0.00
166 -41.7675 -4.3056 4 15 6
2  45.0 45.0 0.00
167 -37.4780 59.5059 9 25 6
2  45.0 45.0 0.00
168 26.6862 -2.9605 9 27 8
2  45.0 45.0 0.00
169 14.7157 -142.5799 10 16 8
2  45.0 45.0 0.00
170 34.7283 -44.0095 6 25 7
2  45.0 45.0 0.00
171 35.4487 -105.0759 5 28 7
2  45.0 45.0 0.00
172 -5.3856 -140.1854 7 27 9
2  45.0 45.0 0.00
173 -16.3661 -107.3512 8 15 6
2  45.0 45.0 0.00
174 5.6183 -62.8865 2 16 8
2  45.0 45.0 0.00
175 24.3303 39.1725 6 24 8
2  45.0 45.0 0.00
176 -34.4428 24.6275 3 23 8
2  45.0 45.0 0.00
177 24.1909 113.2157 6 22 9
2  45.0 45.0 0.00
178 46.4610 103.7569 10 17 8
2  45.0 45.0 0.00
179 14.9630 61.1970 4 28 9
2  45.0 45.0 0.00
180 -6.6753 -153.4067 6 27 7
2  45.0 45.0 0.00
181 0.2449 -81.8603 1 15 9
2  45.0 45.0 0.00
182 -29.0854 36.4946 7 16 6
2  45.0 45.0 0.00
183 40.3629 19.9466 5 16 7
2  45.0 45.0 0.00
184 3.2982 62.8616 1 15 6
2  45.0 45.0 0.00
185 28.0676 -134.1574 3 19 6
2  45.0 45.0 0.00
186 -46.6888 87.0754 10 24 6
2  45.0 45.0 0.00
187 -42.2730 89.5690 9 15 8
2  45.0 45.0 0.00
188 -4.7058 112.6165 1 23 6
2  45.0 45.0 0.00
189 -17.2847 72.2697 8 29 6
2  45.0 45.0 0.00
190 -43.9102 13.5058 5 20 9
2  45.0 45.0 0.00
191 27.8154 -175.5494 1 22 6
2  45.0 45.0 0.00
192 -13.2532 159.9828 3 25 5
2  45.0 45.0 0.00
193 -1.7242 175.1877 7 27 7
2  45.0 45.0 0.00
194 -39.0101 9.5441 4 22 7
2  45.0 45.0 0.00
195 23.1389 -139.1796 6 26 7
2  45.0 45.0 0.00
196 -46.2118 -123.6046 10 29 9
2  45.0 45.0 0.00
197 2.3345 -51.1444 9 24 6
2  45.0 45.0 0.00
198 -43.5835 -92.3815 1 26 6
2  45.0 45.0 0.00
199 1.1881 -133.0391 7 22 8
2  45.0 45.0 0.00
200 -15.8677 125.0665 3 23 5
2  45.0 45.0 0.00
201 6.2796 -157.8248 4 28 7
2  45.0 45.0 0.00
202 15.7961 -98.6267 4 29 6
2  45.0 45.0 0.00
203 -29.8586 168.0034 3 27 6
2  45.0 45.0 0.00
204 -39.6651 -57.3079 2 24 6
2  45.0 45.0 0.00
205 41.1911 96.1214 3 16 9
2  45.0 45.0 0.00
206 9.3115 37.2492 1 17 6
2  45.0 45.0 0.00
207 -30.0369 39.0533 6 29 7
2  45.0 45.0 0.00
208 -4.1949 -18.6836 3 18 9
2  45.0 45.0 0.00
209 38.4566 -68.5656 4 21 5
2  45.0 45.0 0.00
210 4.7205 -73.6054 5 19 7
2  45.0 45.0 0.00
211 -51.9937 -106.6292 2 17 8
2  45.0 45.0 0.00
212 30.9772 170.7383 5 16 6
2  45.0 45.0 0.00
213 -48.1717 -150.8232 8 24 8
2  45.0 45.0 0.00
214 11.6424 -174.8838 10 19 9
2  45.0 45.0 0.00
215 18.8362 -145.2855 7 26 9
2  45.0 45.0 0.00
216 8.3798 -51.5099 4 28 7
2  45.0 45.0 0.00
217 -22.0158 -66.2572 6 24 5
2  45.0 45.0 0.00
218 -51.6406 -21.4351 6 17 5
2  45.0 45.0 0.00
219 -1.4678 -43.7497 5 28 5
2  45.0 45.0 0.00
220 29.8656 67.8189 4 24 5
2  45.0 45.0 0.00
221 3.2140 168.5762 9 20 9
2  45.0 45.0 0.00
222 43.7848 -13.0091 5 17 7
2  45.0 45.0 0.00
223 -6.8560 -154.2172 9 24 9
2  45.0 45.0 0.00
224 24.3373 -12.3950 5 21 6
2  45.0 45.0 0.00
225 -35.0462 126.2167 10 19 7
2  45.0 45.0 0.00
226 -21.2819 -109.0033 2 23 8
2  45.0 45.0 0.00
227 41.4109 81.5715 6 25 8
2  45.0 45.0 0.00
228 -18.6521 173.2233 10 26 8
2  45.0 45.0 0.00
229 5.1899 -86.6740 7 26 5
2  45.0 45.0 0.00
230 -9.0594 84.0430 1 15 8
2  45.0 45.0 0.00
231 -19.4848 -91.1371 7 21 6
2  45.0 45.0 0.00
232 19.0502 71.0583 7 27 8
2  45.0 45.0 0.00
233 22.8803 147.3592 2 23 9
2  45.0 45.0 0.00
234 22.1258 -48.1161 10 15 9
2  45.0 45.0 0.00
235 26.3327 82.1550 2 25 7
2  45.0 45.0 0.00
236 43.4745 -143.1925 5 16 7
2  45.0 45.0 0.00
237 6.9721 -132.6877 8 26 5
2  45.0 45.0 0.00
238 15.2457 -66.2954 3 22 9
2  45.0 45.0 0.00
239 13.4251 -136.1814 4 15 7
2  45.0 45.0 0.00
240 14.8008 78.1303 10 28 6
2  45.0 45.0 0.00
241 -47.8919 74.6207 4 18 8
2  45.0 45.0 0.00
242 9.3251 10.6293 9 27 8
2  45.0 45.0 0.00
243 8.2124 39.8535 8 21 9
2  45.0 45.0 0.00
244 8.9494 -138.8628 6 22 7
2  45.0 45.0 0.00
245 -11.3539 138.2338 4 15 7
2  45.0 45.0 0.00
246 13.4305 73.3389 5 17 8
2  45.0 45.0 0.00
247 -32.5305 -116.1785 8 28 5
2  45.0 45.0 0.00
248 38.0005 150.3503 8 17 5
2  45.0 45.0 0.00
249 -40.8840 -8.0683 7 25 6
2  45.0 45.0 0.00
250 -51.3095 70.3718 8 15 9
2  45.0 45.0 0.00
251 2.6882 -109.5738 4 20 9
2  45.0 45.0 0.00
252 -35.5941 58.8848 10 24 5
2  45.0 45.0 0.00
253 40.7309 -43.0973 3 17 5
2  45.0 45.0 0.00
254 -10.5795 81.6150 6 19 6
2  45.0 45.0 0.00
255 17.6796 171.6399 8 20 9
2  45.0 45.0 0.00
256 44.0217 -108.3495 3 26 9
2  45.0 45.0 0.00
257 45.7100 50.9006 5 17 6
2  45.0 45.0 0.00
258 52.7329 108.0168 3 15 5
2  45.0 45.0 0.00
259 -32.3378 -88.5014 6 29 9
2  45.0 45.0 0.00
260 24.8058 -78.9985 9 25 8
2  45.0 45.0 0.00
261 -22.3406 -47.1294 4 27 6
2  45.0 45.0 0.00
262 5.1497 117.0943 7 22 8
2  45.0 45.0 0.00
263 49.3088 135.3860 1 27 8
2  45.0 45.0 0.00
264 -27.2565 -104.8531 4 28 8
2  45.0 45.0 0.00
265 10.6156 74.7741 6 17 8
2  45.0 45.0 0.00
266 -9.2616 -172.2231 6 21 5
2  45.0 45.0 0.00
267 14.2824 9.2192 5 15 7
2  45.0 45.0 0.00
268 6.5870 121.9327 2 28 8
2  45.0 45.0 0.00
269 -34.7449 -78.1780 8 20 5
2  45.0 45.0 0.00
270 -19.2015 -29.9635 6 18 7
2  45.0 45.0 0.00
271 2.6792 -43.9431 6 28 5
2  45.0 45.0 0.00
272 8.6426 -107.2581 8 16 8
2  45.0 45.0 0.00
273 2.8599 -49.3719 3 21 5
2  45.0 45.0 0.00
274 -6.4057 112.1939 4 20 7
2  45.0 45.0 0.00
275 -10.1589 -78.1166 8 19 5
2  45.0 45.0 0.00
276 -19.3653 -61.0890 4 15 5
2  45.0 45.0 0.00
277 52.5610 104.1994 3 27 7
2  45.0 45.0 0.00
278 -25.7788 37.1542 10 28 8
2  45.0 45.0 0.00
279 -14.8315 92.6418 6 18 6
2  45.0 45.0 0.00
280 32.7924 115.9969 2 18 8
2  45.0 45.0 0.00
281 0.7636 -150.6872 2 25 9
2  45.0 45.0 0.00
282 -27.3198 -147.7150 2 28 9
2  45.0 45.0 0.00
283 -26.3701 -119.0795 5 28 7
2  45.0 45.0 0.00
284 25.1789 -1.2375 3 29 5
2  45.0 45.0 0.00
285 35.6544 156.4710 2 23 9
2  45.0 45.0 0.00
286 15.5632 -156.1925 4 29 9
2  45.0 45.0 0.00
287 -0.5200 -142.1486 6 19 5
2  45.0 45.0 0.00
288 43.9300 -140.3153 8 15 6
2  45.0 45.0 0.00
289 -35.2850 79.1597 8 15 6
2  45.0 45.0 0.00
290 -32.7692 116.6986 4 25 5
2  45.0 45.0 0.00
291 -19.8432 128.7322 5 15 8
2  45.0 45.0 0.00
292 7.6916 8.7295 3 25 7
2  45.0 45.0 0.00
293 -34.3298 -126.5819 6 15 6
2  45.0 45.0 0.00
294 -37.5152 136.8475 10 28 8
2  45.0 45.0 0.00
295 13.4940 -8.3968 4 24 7
2  45.0 45.0 0.00
296 -40.6537 137.3782 10 17 8
2  45.0 45.0 0.00
297 34.2020 -57.5984 2 27 7
2  45.0 45.0 0.00
298 14.5756 -155.4796 3 25 8
2  45.0 45.0 0.00
299 -11.6404 -37.6373 2 23 9
2  45.0 45.0 0.00
300 -51.0136 68.6527 6 26 7
2  45.0 45.0 0.00
301 -20.0631 146.0185 2 29 8
2  45.0 45.0 0.00
302 35.6292 -96.2833 9 23 8
2  45.0 45.0 0.00
303 20.2414 -58.0806 2 16 6
2  45.0 45.0 0.00
304 35.6297 -78.3025 7 24 5
2  45.0 45.0 0.00
305 -44.7351 -107.5869 3 18 8
2  45.0 45.0 0.00
306 -28.4239 148.8851 10 26 9
2  45.0 45.0 0.00
307 -7.8681 -144.5530 10 25 7
2  45.0 45.0 0.00
308 44.2077 -38.2582 9 17 7
2  45.0 45.0 0.00
309 -10.0743 -0.9414 5 15 7
2  45.0 45.0 0.00
310 -47.5389 -69.1954 5 19 5
2  45.0 45.0 0.00
311 25.0421 -155.4367 8 26 5
2  45.0 45.0 0.00
312 -41.3848 73.6075 2 19 8
2  45.0 45.0 0.00
313 44.7908 -22.5045 6 24 8
2  45.0 45.0 0.00
314 9.8042 40.7494 8 24 6
2  45.0 45.0 0.00
315 -6.1054 -131.4394 8 15 8
2  45.0 45.0 0.00
316 8.5421 -120.3280 9 24 5
2  45.0 45.0 0.00
317 44.9503 39.0512 10 24 6
2  45.0 45.0 0.00
318 -15.1006 -56.1834 3 23 6
2  45.0 45.0 0.00
319 -30.4656 -147.9737 8 20 9
2  45.0 45.0 0.00
320 49.5520 125.0151 5 20 8
2  45.0 45.0 0.00
321 -6.5373 56.1713 9 29 6
2  45.0 45.0 0.00
322 10.7437 -168.3495 3 16 6
2  45.0 45.0 0.00
323 47.0451 -165.5976 6 16 9
2  45.0 45.0 0.00
324 -19.7076 102.7715 7 21 7
2  45.0 45.0 0.00
325 -26.6529 -153.4114 4 19 7
2  45.0 45.0 0.00
326 -15.5354 85.9115 6 15 5
2  45.0 45.0 0.00
327 24.7321 117.4251 10 28 6
2  45.0 45.0 0.00
328 -24.5890 62.4057 5 19 9
2  45.0 45.0 0.00
329 -18.5310 -103.3688 7 18 8
2  45.0 45.0 0.00
330 -34.7063 172.1981 9 23 6
2  45.0 45.0 0.00
331 -33.7085 -33.0548 2 27 6
2  45.0 45.0 0.00
332 -14.3662 -62.3066 7 20 9
2  45.0 45.0 0.00
333 38.4475 178.1391 10 29 7
2  45.0 45.0 0.00
334 -40.5301 -123.3818 8 26 6
2  45.0 45.0 0.00
335 14.9174 2.3866 4 22 9
2  45.0 45.0 0.00
336 -49.2165 126.5910 1 23 8
2  45.0 45.0 0.00
337 -13.2381 -115.7988 4 25 9
2  45.0 45.0 0.00
338 -18.5351 169.5217 8 22 8
2  45.0 45.0 0.00
339 46.7568 -61.2993 2 21 5
2  45.0 45.0 0.00
340 -17.9831 -99.8457 8 27 9
2  45.0 45.0 0.00
341 -51.3773 -105.5031 8 18 9
2  45.0 45.0 0.00
342 18.5888 148.6691 6 29 6
2  45.0 45.0 0.00
343 1.3598 103.6125 6 23 7
2  45.0 45.0 0.00
344 19.5438 -75.0848 6 15 8
2  45.0 45.0 0.00
345 -37.4448 57.1851 5 15 6
2  45.0 45.0 0.00
346 -20.0334 -164.2851 5 21 5
2  45.0 45.0 0.00
347 33.1825 -163.7995 8 23 5
2  45.0 45.0 0.00
348 -35.1733 171.6790 4 26 7
2  45.0 45.0 0.00
349 -9.3099 176.2995 1 17 5
2  45.0 45.0 0.00
350 -36.7513 87.4641 6 15 7
2  45.0 45.0 0.00
351 -48.8748 -106.2817 1 16 7
2  45.0 45.0 0.00
352 -15.2151 -119.3567 6 29 7
2  45.0 45.0 0.00
353 13.9616 -18.7545 3 27 7
2  45.0 45.0 0.00
354 -3.4103 -93.8340 8 23 5
2  45.0 45.0 0.00
355 21.9939 9.3551 4 23 8
2  45.0 45.0 0.00
356 -36.3552 -9.9026 1 28 8
2  45.0 45.0 0.00
357 7.2133 -175.7406 4 29 5
2  45.0 45.0 0.00
358 11.4765 156.3795 8 15 7
2  45.0 45.0 0.00
359 52.9706 -172.1970 1 19 6
2  45.0 45.0 0.00
360 49.2123 -131.3277 5 24 7
2  45.0 45.0 0.00
361 43.8776 -109.4255 2 29 5
2  45.0 45.0 0.00
362 1.3707 47.3182 4 21 7
2  45.0 45.0 0.00
363 40.7007 -74.7926 5 19 5
2  45.0 45.0 0.00
364 12.7074 -9.2268 7 26 9
2  45.0 45.0 0.00
365 3.5446 -105.3583 2 16 5
2  45.0 45.0 0.00
366 19.6964 -92.3685 4 20 6
2  45.0 45.0 0.00
367 -50.6865 128.2749 1 22 7
2  45.0 45.0 0.00
368 -13.5669 -164.9652 4 27 8
2  45.0 45.0 0.00
369 50.5439 -8.7784 2 23 5
2  45.0 45.0 0.00
370 21.9929 76.6497 2 16 7
2  45.0 45.0 0.00
371 -1.0710 -56.0703 8 26 6
2  45.0 45.0 0.00
372 21.8997 -137.2603 6 28 8
2  45.0 45.0 0.00
373 -24.4319 -77.0889 7 18 6
2  45.0 45.0 0.00
374 -50.0692 115.4542 4 26 8
2  45.0 45.0 0.00
375 8.2805 43.8948 3 16 8
2  45.0 45.0 0.00
376 -46.8707 46.7092 2 15 9
2  45.0 45.0 0.00
377 50.1273 -128.8988 7 26 7
2  45.0 45.0 0.00
378 18.8231 -141.3524 7 18 9
2  45.0 45.0 0.00
379 -26.1514 -136.6186 7 16 5
2  45.0 45.0 0.00
380 20.2423 -87.7625 10 18 8
2  45.0 45.0 0.00
381 40.9980 150.7136 2 19 6
2  45.0 45.0 0.00
382 39.0044 -85.9428 3 16 5
2  45.0 45.0 0.00
383 -44.8535 -144.8031 6 15 5
2  45.0 45.0 0.00
384 -39.4784 6.9524 7 26 8
2  45.0 45.0 0.00
385 44.5513 37.6258 8 28 5
2  45.0 45.0 0.00
386 -4.4929 7.1527 1 15 8
2  45.0 45.0 0.00
387 31.9705 -32.8261 5 20 9
2  45.0 45.0 0.00
388 -47.2495 120.1395 8 21 6
2  45.0 45.0 0.00
389 -8.8715 -167.1995 8 17 6
2  45.0 45.0 0.00
390 -36.5150 -137.1313 7 15 6
2  45.0 45.0 0.00
391 -34.8048 -5.9049 8 22 9
2  45.0 45.0 0.00
392 -23.0807 -165.4731 2 17 6
2  45.0 45.0 0.00
393 -16.1016 -102.0661 8 19 8
2  45.0 45.0 0.00
394 17.8119 87.0407 8 17 6
2  45.0 45.0 0.00
395 -21.8528 -160.1790 7 23 5
2  45.0 45.0 0.00
396 40.7822 -10.3773 3 22 7
2  45.0 45.0 0.00
397 -17.1153 1.7821 9 25 9
2  45.0 45.0 0.00
398 -19.2908 157.2039 4 21 8
2  45.0 45.0 0.00
399 -51.5269 49.4977 5 17 7
2  45.0 45.0 0.00
400 -31.8187 79.3422 4 22 8
2  45.0 45.0 0.00
401 -9.1436 157.0197 10 25 8
2  45.0 45.0 0.00
402 -40.6410 159.5850 5 21 8
2  45.0 45.0 0.00
403 32.9748 13.4389 3 25 7
2  45.0 45.0 0.00
404 36.3736 4.6823 5 20 6
2  45.0 45.0 0.00
405 24.5241 -58.7069 5 23 9
2  45.0 45.0 0.00
406 16.5729 133.0795 7 15 8
2  45.0 45.0 0.00
407 -35.5797 158.0932 1 28 7
2  45.0 45.0 0.00
408 -10.3489 108.2567 5 15 7
2  45.0 45.0 0.00
409 -13.2798 -9.5646 2 26 6
2  45.0 45.0 0.00
410 -2.4839 161.5947 7 26 5
2  45.0 45.0 0.00
411 19.8026 -47.1963 6 18 6
2  45.0 45.0 0.00
412 -44.8577 -39.3365 3 28 5
2  45.0 45.0 0.00
413 -26.8255 136.2390 9 27 7
2  45.0 45.0 0.00
414 39.4252 61.3778 2 16 9
2  45.0 45.0 0.00
415 -48.5020 2.9551 1 28 5
2  45.0 45.0 0.00
416 -25.6596 30.8465 1 18 5
2  45.0 45.0 0.00
417 21.9922 -145.7223 2 15 5
2  45.0 45.0 0.00
418 31.3170 71.4803 5 24 6
2  45.0 45.0 0.00
419 -51.7665 148.6629 4 29 8
2  45.0 45.0 0.00
420 -0.3946 45.8196 10 17 6
2  45.0 45.0 0.00
421 32.4438 119.3425 9 27 5
2  45.0 45.0 0.00
422 -34.0675 -6.5013 6 17 5
2  45.0 45.0 0.00
423 -0.9402 -112.8647 10 26 9
2  45.0 45.0 0.00
424 -36.9184 133.4612 2 26 5
2  45.0 45.0 0.00
425 -34.6218 -173.2442 4 26 7
2  45.0 45.0 0.00
426 -39.2749 26.4079 1 18 5
2  45.0 45.0 0.00
427 13.8490 -39.4702 6 29 6
2  45.0 45.0 0.00
428 39.8525 -80.0884 4 29 7
2  45.0 45.0 0.00
429 -19.7687 20.2015 3 22 7
2  45.0 45.0 0.00
430 34.4659 -122.9230 9 15 7
2  45.0 45.0 0.00
431 13.3085 125.8411 8 15 9
2  45.0 45.0 0.00
432 30.4546 -151.0573 7 18 5
2  45.0 45.0 0.00
433 11.1568 -101.9737 4 29 8
2  45.0 45.0 0.00
434 -42.3185 -111.0667 4 21 7
2  45.0 45.0 0.00
435 39.6632 145.5086 3 18 9
2  45.0 45.0 0.00
436 12.4299 12.8840 1 19 8
2  45.0 45.0 0.00
437 49.9191 20.2608 2 26 6
2  45.0 45.0 0.00
438 29.7958 -57.5742 10 16 8
2  45.0 45.0 0.00
439 31.3305 -165.8696 6 28 5
2  45.0 45.0 0.00
440 -42.7431 23.5685 7 27 5
2  45.0 45.0 0.00
441 14.1689 81.4721 8 21 6
2  45.0 45.0 0.00
442 23.4643 48.2606 10 17 9
2  45.0 45.0 0.00
443 -26.3391 89.4508 1 23 9
2  45.0 45.0 0.00
444 -47.8088 -22.3241 5 24 8
2  45.0 45.0 0.00
445 27.6339 -155.0842 6 26 5
2  45.0 45.0 0.00
446 35.5026 170.8275 5 15 6
2  45.0 45.0 0.00
447 -47.5097 61.7335 10 18 9
2  45.0 45.0 0.00
448 -27.0699 -140.0801 6 23 7
2  45.0 45.0 0.00
449 -37.4143 -107.0832 3 19 8
2  45.0 45.0 0.00
450 -48.0078 -2.1102 4 16 8
2  45.0 45.0 0.00
451 16.8301 155.5102 6 17 7
2  45.0 45.0 0.00
452 6.8325 172.2376 1 21 8
2  45.0 45.0 0.00
453 26.1651 37.4525 1 27 9
2  45.0 45.0 0.00
454 8.4839 6.9570 10 24 6
2  45.0 45.0 0.00
455 46.4370 139.0851 2 17 7
2  45.0 45.0 0.00
456 6.1640 106.8019 4 16 8
2  45.0 45.0 0.00
457 -16.8761 144.9182 5 18 8
2  45.0 45.0 0.00
458 -40.2988 0.4743 3 24 9
2  45.0 45.0 0.00
459 -24.7843 64.2223 10 26 6
2  45.0 45.0 0.00
460 4.5581 -53.7244 5 20 8
2  45.0 45.0 0.00
461 2.9437 128.4227 8 26 8
2  45.0 45.0 0.00
462 28.8773 84.6602 7 25 5
2  45.0 45.0 0.00
463 28.3853 141.9782 5 25 6
2  45.0 45.0 0.00
464 36.4948 -52.6727 8 17 8
2  45.0 45.0 0.00
465 -44.6558 128.7447 9 26 6
2  45.0 45.0 0.00
466 -25.4729 -144.7034 9 27 5
2  45.0 45.0 0.00
467 -31.0172 -18.8542 9 20 9
2  45.0 45.0 0.00
468 -1.6894 -128.5985 9 24 5
2  45.0 45.0 0.00
469 -12.2265 115.9665 5 22 7
2  45.0 45.0 0.00
470 -13.5890 162.5512 3 21 8
2  45.0 45.0 0.00
471 -32.9328 -105.5940 7 25 9
2  45.0 45.0 0.00
472 18.0356 -143.1869 7 21 8
2  45.0 45.0 0.00
473 18.4844 140.2275 4 24 6
2  45.0 45.0 0.00
474 -19.0632 1.9444 3 26 7
2  45.0 45.0 0.00
475 21.3599 79.8603 3 16 5
2  45.0 45.0 0.00
476 -25.8015 -44.9701 5 20 5
2  45.0 45.0 0.00
477 -20.3353 56.3079 6 18 7
2  45.0 45.0 0.00
478 -52.9256 91.6604 7 23 6
2  45.0 45.0 0.00
479 -12.5289 77.1032 3 28 8
2  45.0 45.0 0.00
480 -0.5157 -116.0673 9 17 5
2  45.0 45.0 0.00
481 38.8384 -106.8966 9 29 6
2  45.0 45.0 0.00
482 -3.4472 -133.0782 10 22 6
2  45.0 45.0 0.00
483 -21.7232 95.0790 4 19 6
2  45.0 45.0 0.00
484 -51.0951 54.1057 1 18 8
2  45.0 45.0 0.00
485 6.9479 166.5235 3 21 6
2  45.0 45.0 0.00
486 51.6573 112.8534 9 20 6
2  45.0 45.0 0.00
487 -44.6261 -98.4910 10 17 6
2  45.0 45.0 0.00
488 -41.8601 62.1139 7 28 7
2  45.0 45.0 0.00
489 39.2585 -99.8675 2 17 9
2  45.0 45.0 0.00
490 12.4757 -34.7481 10 25 8
2  45.0 45.0 0.00
491 36.5531 164.0401 9 22 9
2  45.0 45.0 0.00
492 42.8065 102.4142 4 26 7
2  45.0 45.0 0.00
493 16.3238 86.9250 10 17 7
2  45.0 45.0 0.00
494 -45.7231 29.8975 4 16 7
2  45.0 45.0 0.00
495 -16.3843 92.4507 10 25 7
2  45.0 45.0 0.00
496 -16.6466 108.5783 4 22 6
2  45.0 45.0 0.00
497 8.8887 -142.0432 3 26 7
2  45.0 45.0 0.00
498 -39.9268 92.0313 2 19 9
2  45.0 45.0 0.00
499 -19.0154 153.9623 8 21 7
2  45.0 45.0 0.00
500 -39.3360 -168.8737 6 26 8
2  45.0 45.0 0.00
501 -49.3275 -65.6667 9 17 8
2  45.0 45.0 0.00
502 -43.6685 -91.5011 5 29 7
2  45.0 45.0 0.00
503 -42.1638 -70.6089 10 21 6
2  45.0 45.0 0.00
504 5.1476 168.4545 4 24 6
2  45.0 45.0 0.00
505 -19.8212 -71.8018 2 17 8
2  45.0 45.0 0.00
506 -8.7176 -61.1323 7 16 9
2  45.0 45.0 0.00
507 -19.9227 -160.7796 3 27 7
2  45.0 45.0 0.00
508 -24.7761 158.7252 3 16 5
2  45.0 45.0 0.00
509 40.0152 98.7385 1 26 9
2  45.0 45.0 0.00
510 -51.2250 -0.6762 7 18 6
2  45.0 45.0 0.00
511 -35.9366 -44.3248 10 21 7
2  45.0 45.0 0.00
512 24.8141 -133.5700 6 20 5
2  45.0 45.0 0.00
513 27.3316 -135.0411 1 15 6
2  45.0 45.0 0.00
514 -47.8231 -18.6185 7 29 9
2  45.0 45.0 0.00
515 11.4118 123.3828 1 23 6
2  45.0 45.0 0.00
516 4.1058 10.2416 4 19 5
2  45.0 45.0 0.00
517 44.4815 -140.6679 7 28 9
2  45.0 45.0 0.00
518 46.1285 33.7040 1 21 9
2  45.0 45.0 0.00
519 -38.4472 24.0938 5 16 5
2  45.0 45.0 0.00
520 26.7773 89.2118 3 22 6
2  45.0 45.0 0.00
521 7.2571 10.3828 7 18 5
2  45.0 45.0 0.00
522 -19.2659 109.1679 4 18 5
2  45.0 45.0 0.00
523 -31.2015 127.0887 1 18 6
2  45.0 45.0 0.00
524 15.7505 -88.7421 2 15 5
2  45.0 45.0 0.00
525 -4.7471 -169.8680 8 15 7
2  45.0 45.0 0.00
526 -48.6825 79.0014 10 22 9
2  45.0 45.0 0.00
527 30.8379 -177.3060 6 15 7
2  45.0 45.0 0.00
528 -11.5757 132.2916 1 25 7
2  45.0 45.0 0.00
529 -39.0154 -41.0248 8 19 9
2  45.0 45.0 0.00
530 -22.8678 -60.2000 3 26 9
2  45.0 45.0 0.00
531 -0.0931 68.5144 7 20 7
2  45.0 45.0 0.00
532 4.2738 -7.9933 2 26 6
2  45.0 45.0 0.00
533 10.4725 -82.6136 4 18 7
2  45.0 45.0 0.00
534 -31.9947 114.1940 3 25 6
2  45.0 45.0 0.00
535 29.7980 21.0883 8 22 6
2  45.0 45.0 0.00
536 -45.6675 83.2901 7 17 5
2  45.0 45.0 0.00
537 22.0431 168.6303 7 24 6
2  45.0 45.0 0.00
538 -42.3358 50.1730 1 22 6
2  45.0 45.0 0.00
539 43.7779 -139.5312 6 21 6
2  45.0 45.0 0.00
540 38.3097 -125.1955 2 25 8
2  45.0 45.0 0.00
541 -3.4916 49.1633 1 21 5
2  45.0 45.0 0.00
542 46.6975 -99.5330 9 29 9
2  45.0 45.0 0.00
543 32.7495 -56.9932 1 23 7
2  45.0 45.0 0.00
544 13.8203 57.1816 7 28 7
2  45.0 45.0 0.00
545 6.2322 -77.7064 2 19 8
2  45.0 45.0 0.00
546 17.8822 -142.4329 9 18 5
2  45.0 45.0 0.00
547 44.1956 179.4446 8 21 5
2  45.0 45.0 0.00
548 -45.4327 10.2359 2 21 7
2  45.0 45.0 0.00
549 39.9711 51.8650 2 24 6
2  45.0 45.0 0.00
550 7.5593 20.6186 8 27 8
2  45.0 45.0 0.00
551 -31.5271 -85.5453 6 18 7
2  45.0 45.0 0.00
552 -33.6114 -60.6192 6 24 6
2  45.0 45.0 0.00
553 35.6361 -176.4464 2 27 5
2  45.0 45.0 0.00
554 32.9130 146.9269 2 21 7
2  45.0 45.0 0.00
555 -42.1936 -93.9088 6 20 6
2  45.0 45.0 0.00
556 43.9608 53.4299 3 29 5
2  45.0 45.0 0.00
557 -41.1889 -93.8530 3 23 8
2  45.0 45.0 0.00
558 16.3839 96.8684 6 27 7
2  45.0 45.0 0.00
559 25.4162 136.2995 1 15 6
2  45.0 45.0 0.00
560 38.9248 122.5232 3 22 5
2  45.0 45.0 0.00
561 17.2975 -139.1647 10 21 5
2  45.0 45.0 0.00
562 49.1239 132.3890 5 27 6
2  45.0 45.0 0.00
563 3.6565 -57.4474 7 23 5
2  45.0 45.0 0.00
564 10.2706 -28.8787 1 17 8
2  45.0 45.0 0.00
565 -48.6094 -156.4712 6 27 7
2  45.0 45.0 0.00
566 -29.3262 -109.6676 9 16 5
2  45.0 45.0 0.00
567 -45.1155 -120.2461 4 27 5
2  45.0 45.0 0.00
568 52.7874 100.4229 6 22 5
2  45.0 45.0 0.00
569 30.4027 152.4296 6 22 9
2  45.0 45.0 0.00
570 -10.6687 -69.4731 5 28 6
2  45.0 45.0 0.00
571 -5.5720 63.8377 7 28 8
2  45.0 45.0 0.00
572 10.3696 -89.6215 9 15 6
2  45.0 45.0 0.00
573 28.4149 103.8025 3 26 9
2  45.0 45.0 0.00
574 -13.9377 0.8771 6 20 7
2  45.0 45.0 0.00
575 33.7017 142.2175 1 29 5
2  45.0 45.0 0.00
576 -40.4914 28.3252 8 28 9
2  45.0 45.0 0.00
577 44.1297 -78.2045 5 27 7
2  45.0 45.0 0.00
578 -10.9121 -73.6565 10 17 6
2  45.0 45.0 0.00
579 26.1759 79.8376 10 19 9
2  45.0 45.0 0.00
580 52.8387 -115.9752 9 22 7
2  45.0 45.0 0.00
581 42.0730 148.4040 1 20 5
2  45.0 45.0 0.00
582 5.5528 74.1997 9 27 9
2  45.0 45.0 0.00
583 -50.9706 -52.1909 8 16 9
2  45.0 45.0 0.00
584 -1.5582 164.0036 4 19 5
2  45.0 45.0 0.00
585 -45.2500 -67.8040 2 16 7
2  45.0 45.0 0.00
586 -42.8061 42.2091 4 15 6
2  45.0 45.0 0.00
587 46.6568 -150.9738 8 22 9
2  45.0 45.0 0.00
588 -52.5670 151.1170 6 24 7
2  45.0 45.0 0.00
589 20.2402 -14.8876 4 18 7
2  45.0 45.0 0.00
590 -11.4567 36.2524 10 21 8
2  45.0 45.0 0.00
591 -48.4513 124.4318 4 21 6
2  45.0 45.0 0.00
592 9.0375 120.3283 1 26 9
2  45.0 45.0 0.00
593 46.1246 72.4015 8 24 6
2  45.0 45.0 0.00
594 46.4828 138.4653 9 19 6
2  45.0 45.0 0.00
595 6.9462 -72.4215 4 26 8
2  45.0 45.0 0.00
596 12.1336 -162.3943 5 22 8
2  45.0 45.0 0.00
597 -0.4804 -119.7708 10 20 9
2  45.0 45.0 0.00
598 -42.9814 54.4183 7 17 9
2  45.0 45.0 0.00
599 -34.9970 -135.8494 10 27 8
2  45.0 45.0 0.00
600 51.9220 124.4777 5 15 8
2  45.0 45.0 0.00
601 0.7729 -65.8073 1 17 6
2  45.0 45.0 0.00
602 25.8728 -159.1130 8 25 9
2  45.0 45.0 0.00
603 3.8536 -60.8208 5 17 9
2  45.0 45.0 0.00
604 28.3904 -52.8895 3 25 7
2  45.0 45.0 0.00
605 -22.5404 70.6255 8 22 6
2  45.0 45.0 0.00
606 -6.0537 -1.9872 2 15 6
2  45.0 45.0 0.00
607 28.4818 177.6548 5 25 7
2  45.0 45.0 0.00
608 -34.1038 -171.6991 5 29 5
2  45.0 45.0 0.00
609 -49.1315 152.1463 10 20 7
2  45.0 45.0 0.00
610 35.9114 153.6423 5 28 7
2  45.0 45.0 0.00
611 14.4950 -132.4358 7 22 5
2  45.0 45.0 0.00
612 32.9776 124.5049 8 26 6
2  45.0 45.0 0.00
613 -26.5420 -164.7525 4 21 6
2  45.0 45.0 0.00
614 4.5442 36.2933 7 24 7
2  45.0 45.0 0.00
615 25.9463 -51.5357 1 23 7
2  45.0 45.0 0.00
616 -14.3390 -58.6916 7 16 9
2  45.0 45.0 0.00
617 1.7072 39.8825 3 22 8
2  45.0 45.0 0.00
618 14.4768 -11.6599 9 24 9
2  45.0 45.0 0.00
619 -17.7635 -90.8595 7 26 9
2  45.0 45.0 0.00
620 52.3790 -13.4953 7 29 8
2  45.0 45.0 0.00
621 -27.7750 -69.7960 9 20 6
2  45.0 45.0 0.00
622 -23.3306 21.0877 10 28 6
2  45.0 45.0 0.00
623 -2.7410 99.2437 4 27 9
2  45.0 45.0 0.00
624 14.7148 7.7390 9 27 7
2  45.0 45.0 0.00
625 -45.0226 157.0326 1 26 9
2  45.0 45.0 0.00
626 -0.3006 27.7431 8 26 9
2  45.0 45.0 0.00
627 42.6346 -56.1287 7 19 5
2  45.0 45.0 0.00
628 -30.7418 -99.6116 1 16 8
2  45.0 45.0 0.00
629 -44.7323 13.5288 6 19 7
2  45.0 45.0 0.00
630 6.0147 -21.4476 2 27 5
2  45.0 45.0 0.00
631 -2.8997 38.2082 1 21 8
2  45.0 45.0 0.00
632 -21.0124 7.8953 8 22 8
2  45.0 45.0 0.00
633 21.5006 111.2041 5 15 8
2  45.0 45.0 0.00
634 -39.2142 -12.8053 5 25 9
2  45.0 45.0 0.00
635 -8.9551 -37.2369 6 17 9
2  45.0 45.0 0.00
636 3.9939 59.8976 10 19 8
2  45.0 45.0 0.00
637 -46.9855 78.1902 3 25 9
2  45.0 45.0 0.00
638 -21.6156 140.8999 3 23 6
2  45.0 45.0 0.00
639 19.9335 78.7310 8 22 6
2  45.0 45.0 0.00
640 -24.4758 6.9449 9 23 9
2  45.0 45.0 0.00
641 -43.2149 87.7739 1 29 7
2  45.0 45.0 0.00
642 -44.9355 -23.9088 7 21 9
2  45.0 45.0 0.00
643 14.3511 -107.9229 3 26 7
2  45.0 45.0 0.00
644 51.4779 -150.1326 4 17 7
2  45.0 45.0 0.00
645 -27.7014 146.3096 2 20 5
2  45.0 45.0 0.00
646 20.8630 144.3922 10 28 5
2  45.0 45.0 0.00
647 -51.0510 -138.7204 7 19 8
2  45.0 45.0 0.00
648 -19.8301 78.7188 2 19 6
2  45.0 45.0 0.00
649 38.4242 -24.2562 2 25 5
2  45.0 45.0 0.00
650 -1.2892 164.8018 2 16 9
2  45.0 45.0 0.00
651 -33.2701 -47.7124 9 15 9
2  45.0 45.0 0.00
652 -33.2949 -44.8649 8 28 7
2  45.0 45.0 0.00
653 -34.4510 7.9669 10 19 5
2  45.0 45.0 0.00
654 2.1966 132.9071 3 15 6
2  45.0 45.0 0.00
655 -24.7004 104.6257 1 28 6
2  45.0 45.0 0.00
656 32.4407 -117.3806 4 19 9
2  45.0 45.0 0.00
657 25.3380 117.1261 5 15 6
2  45.0 45.0 0.00
658 15.9977 -152.2781 5 22 9
2  45.0 45.0 0.00
659 46.3802 116.8794 10 26 6
2  45.0 45.0 0.00
660 -16.9216 -135.2268 10 23 9
2  45.0 45.0 0.00
661 12.5770 155.3121 7 26 9
2  45.0 45.0 0.00
662 -11.0765 -17.1580 6 24 7
2  45.0 45.0 0.00
663 -51.7328 -147.4694 10 28 5
2  45.0 45.0 0.00
664 -15.9381 2.0749 2 15 8
2  45.0 45.0 0.00
665 -5.9660 -52.8687 6 15 6
2  45.0 45.0 0.00
666 -6.1149 -169.2746 2 24 7
2  45.0 45.0 0.00
667 19.2575 39.0295 10 21 6
2  45.0 45.0 0.00
668 32.6072 -161.3030 8 17 8
2  45.0 45.0 0.00
669 -31.9503 -26.8432 1 15 9
2  45.0 45.0 0.00
670 36.8017 148.9622 10 24 5
2  45.0 45.0 0.00
671 35.4675 -140.8107 7 28 6
2  45.0 45.0 0.00
672 -24.8561 132.8928 2 21 8
2  45.0 45.0 0.00
673 -14.2345 122.7490 2 18 7
2  45.0 45.0 0.00
674 -10.2249 58.4739 3 22 6
2  45.0 45.0 0.00
675 -21.4433 -60.6924 4 19 8
2  45.0 45.0 0.00
676 -51.0621 -58.0070 4 15 7
2  45.0 45.0 0.00
677 3.0240 -40.9652 3 22 9
2  45.0 45.0 0.00
678 7.7184 85.4530 2 17 6
2  45.0 45.0 0.00
679 46.4777 53.7602 6 21 7
2  45.0 45.0 0.00
680 -15.0930 -105.4865 8 22 8
2  45.0 45.0 0.00
681 -33.4156 -41.2825 6 19 8
2  45.0 45.0 0.00
682 0.3380 106.3049 4 18 9
2  45.0 45.0 0.00
683 45.2238 110.3513 2 29 7
2  45.0 45.0 0.00
684 50.8275 -57.7972 7 20 6
2  45.0 45.0 0.00
685 17.6140 5.8105 8 19 8
2  45.0 45.0 0.00
686 15.7273 138.0750 5 26 9
2  45.0 45.0 0.00
687 32.9978 127.2661 1 20 9
2  45.0 45.0 0.00
688 -37.8206 -156.8634 1 26 7
2  45.0 45.0 0.00
689 29.4175 -5.8157 7 18 5
2  45.0 45.0 0.00
690 -39.0146 71.2745 7 29 9
2  45.0 45.0 0.00
691 -51.0749 114.5916 8 16 5
2  45.0 45.0 0.00
692 17.8735 -150.3662 9 22 6
2  45.0 45.0 0.00
693 12.6826 -167.3348 7 20 9
2  45.0 45.0 0.00
694 -45.2490 -14.1027 4 15 6
2  45.0 45.0 0.00
695 44.0150 22.1393 5 27 8
2  45.0 45.0 0.00
696 -33.6736 -81.1247 10 18 5
2  45.0 45.0 0.00
697 47.7409 141.7738 4 27 5
2  45.0 45.0 0.00
698 52.2569 93.1797 1 20 5
2  45.0 45.0 0.00
699 -46.5461 12.1966 5 22 9
2  45.0 45.0 0.00
700 25.6883 -130.8255 1 20 8
2  45.0 45.0 0.00
701 18.1378 65.4727 6 24 7
2  45.0 45.0 0.00
702 -4.5937 163.3646 9 20 5
2  45.0 45.0 0.00
703 -11.2398 131.7811 7 20 9
2  45.0 45.0 0.00
704 23.9381 -104.9142 8 17 9
2  45.0 45.0 0.00
705 -19.6852 -136.0456 4 28 9
2  45.0 45.0 0.00
706 -12.5762 -158.6568 5 29 8
2  45.0 45.0 0.00
707 -48.1528 150.7443 2 21 8
2  45.0 45.0 0.00
708 -24.5372 -79.6861 7 20 6
2  45.0 45.0 0.00
709 -48.8448 -28.8890 6 18 7
2  45.0 45.0 0.00
710 -32.3483 -111.0289 1 23 5
2  45.0 45.0 0.00
711 3.5797 166.9960 3 22 7
2  45.0 45.0 0.00
712 5.1957 90.4090 3 24 5
2  45.0 45.0 0.00
713 -10.8781 164.2193 5 23 9
2  45.0 45.0 0.00
714 -2.6256 -32.7027 7 25 6
2  45.0 45.0 0.00
715 -5.5988 121.9348 5 27 6
2  45.0 45.0 0.00
716 41.8210 128.8546 3 22 9
2  45.0 45.0 0.00
717 -32.8844 6.0963 3 27 7
2  45.0 45.0 0.00
718 -44.3238 -18.9689 7 15 7
2  45.0 45.0 0.00
719 1.8424 44.3077 1 19 9
2  45.0 45.0 0.00
720 -44.1983 115.5100 2 20 8
2  45.0 45.0 0.00
721 30.2808 2.5403 6 18 8
2  45.0 45.0 0.00
722 20.6767 -126.2938 9 16 5
2  45.0 45.0 0.00
723 20.2552 -94.2259 4 25 9
2  45.0 45.0 0.00
724 40.3269 -137.3182 3 17 6
2  45.0 45.0 0.00
725 -50.0403 -44.2031 6 18 6
2  45.0 45.0 0.00
726 34.3550 3.4992 10 28 5
2  45.0 45.0 0.00
727 -45.1903 -7.8263 3 25 6
2  45.0 45.0 0.00
728 19.3677 -75.7192 5 16 8
2  45.0 45.0 0.00
729 45.8627 -66.2520 10 28 5
2  45.0 45.0 0.00
730 -23.4133 146.1949 5 22 8
2  45.0 45.0 0.00
731 49.2343 62.1258 3 17 6
2  45.0 45.0 0.00
732 -9.7038 -84.8713 6 15 9
2  45.0 45.0 0.00
733 -33.3536 -87.3491 1 29 9
2  45.0 45.0 0.00
734 -30.4404 7.7211 3 19 6
2  45.0 45.0 0.00
735 9.6220 -179.0558 6 23 6
2  45.0 45.0 0.00
736 22.4673 -8.9940 7 16 9
2  45.0 45.0 0.00
737 44.3088 -179.7963 7 18 9
2  45.0 45.0 0.00
738 -10.4829 -62.3553 3 21 9
2  45.0 45.0 0.00
739 -8.6425 -78.5752 1 19 7
2  45.0 45.0 0.00
740 18.5821 -44.0372 8 29 9
2  45.0 45.0 0.00
741 27.3133 29.4980 2 16 5
2  45.0 45.0 0.00
742 48.9562 -132.3075 7 28 8
2  45.0 45.0 0.00
743 45.9444 -129.0053 9 17 5
2  45.0 45.0 0.00
744 -33.4136 -164.5069 2 15 8
2  45.0 45.0 0.00
745 40.9197 -158.1309 9 21 6
2  45.0 45.0 0.00
746 -20.2420 67.4560 2 29 7
2  45.0 45.0 0.00
747 -17.5662 -3.4567 10 18 8
2  45.0 45.0 0.00
748 -17.3768 135.3135 9 16 6
2  45.0 45.0 0.00
749 -24.5257 -20.7764 3 27 5
2  45.0 45.0 0.00
750 -23.6576 -148.1527 1 17 7
2  45.0 45.0 0.00
751 14.0203 -48.2975 6 19 5
2  45.0 45.0 0.00
752 20.8740 -132.2086 4 26 9
2  45.0 45.0 0.00
753 -23.9058 -114.3782 4 20 8
2  45.0 45.0 0.00
754 -6.0378 140.9197 5 23 6
2  45.0 45.0 0.00
755 -20.2559 159.6729 8 26 6
2  45.0 45.0 0.00
756 -5.9628 -90.4024 6 20 6
2  45.0 45.0 0.00
757 -29.6193 11.1497 9 21 9
2  45.0 45.0 0.00
758 49.6547 -116.7617 3 18 6
2  45.0 45.0 0.00
759 -31.4487 -140.8625 2 16 9
2  45.0 45.0 0.00
760 -43.8477 -162.4100 1 16 7
2  45.0 45.0 0.00
761 -12.1506 6.4849 7 28 8
2  45.0 45.0 0.00
762 20.0055 37.6724 3 28 7
2  45.0 45.0 0.00
763 -5.5075 90.9536 9 22 5
2  45.0 45.0 0.00
764 25.8112 79.8081 2 22 7
2  45.0 45.0 0.00
765 -24.6579 60.0828 6 18 5
2  45.0 45.0 0.00
766 -31.7797 113.2785 6 28 6
2  45.0 45.0 0.00
767 -11.1420 -124.6052 5 26 8
2  45.0 45.0 0.00
768 21.4713 53.7199 5 26 8
2  45.0 45.0 0.00
769 -14.4377 -91.8133 7 26 7
2  45.0 45.0 0.00
770 -5.2295 38.0222 8 15 8
2  45.0 45.0 0.00
771 -14.3467 19.9433 3 25 5
2  45.0 45.0 0.00
772 23.1584 -84.7531 4 26 5
2  45.0 45.0 0.00
773 39.6513 81.8313 1 23 9
2  45.0 45.0 0.00
774 -21.8182 169.2038 5 28 8
2  45.0 45.0 0.00
775 -43.0063 175.1300 5 28 9
2  45.0 45.0 0.00
776 -50.6240 140.3686 2 26 6
2  45.0 45.0 0.00
777 10.0249 104.0516 2 17 5
2  45.0 45.0 0.00
778 35.9858 -8.6347 2 25 6
2  45.0 45.0 0.00
779 -6.5736 127.7541 8 23 7
2  45.0 45.0 0.00
780 14.4675 67.2949 8 27 9
2  45.0 45.0 0.00
781 -2.0506 77.8084 5 21 6
2  45.0 45.0 0.00
782 -12.9128 64.6894 2 28 9
2  45.0 45.0 0.00
783 34.8276 -12.2084 4 21 5
2  45.0 45.0 0.00
784 -43.9861 31.5444 5 21 9
2  45.0 45.0 0.00
785 33.7242 -78.5999 7 24 9
2  45.0 45.0 0.00
786 -27.6228 -30.3404 1 20 5
2  45.0 45.0 0.00
787 -17.4386 -155.2553 6 27 9
2  45.0 45.0 0.00
788 40.1146 -41.5322 7 27 9
2  45.0 45.0 0.00
789 -36.0617 37.5568 8 26 9
2  45.0 45.0 0.00
790 50.0211 -32.8650 10 22 5
2  45.0 45.0 0.00
791 -47.8206 -95.8703 7 29 6
2  45.0 45.0 0.00
792 -31.9073 -159.4071 7 23 6
2  45.0 45.0 0.00
793 49.0208 -57.6967 10 27 7
2  45.0 45.0 0.00
794 27.5417 55.9366 1 23 7
2  45.0 45.0 0.00
795 21.2428 87.0981 7 22 5
2  45.0 45.0 0.00
796 -30.3341 17.3668 5 26 9
2  45.0 45.0 0.00
797 35.0541 143.7084 1 19 7
2  45.0 45.0 0.00
798 -42.2102 -152.5458 5 21 6
2  45.0 45.0 0.00
799 34.0511 121.6540 5 23 9
2  45.0 45.0 0.00
800 33.9268 108.6814 8 19 9
2  45.0 45.0 0.00
801 -19.4491 131.6459 2 16 7
2  45.0 45.0 0.00
802 -20.4661 76.1991 10 28 9
2  45.0 45.0 0.00
803 15.9792 -83.4580 5 24 6
2  45.0 45.0 0.00
804 -46.2934 -162.6935 2 20 9
2  45.0 45.0 0.00
805 19.4579 -106.2851 10 19 9
2  45.0 45.0 0.00
806 38.4225 -113.5464 8 22 6
2  45.0 45.0 0.00
807 -9.3348 -83.9370 7 29 8
2  45.0 45.0 0.00
808 49.2917 110.6237 8 27 7
2  45.0 45.0 0.00
809 -11.6466 -121.1146 2 23 9
2  45.0 45.0 0.00
810 5.6249 -102.9809 8 19 9
2  45.0 45.0 0.00
811 28.8310 -29.9352 8 19 9
2  45.0 45.0 0.00
812 -41.1541 35.6051 5 16 8
2  45.0 45.0 0.00
813 -40.0330 -112.8027 1 24 6
2  45.0 45.0 0.00
814 -12.3060 -63.4039 1 28 7
2  45.0 45.0 0.00
815 -25.8659 -109.5411 2 28 9
2  45.0 45.0 0.00
816 2.1195 52.6863 6 21 6
2  45.0 45.0 0.00
817 15.7446 137.4546 3 24 7
2  45.0 45.0 0.00
818 52.4795 174.0383 9 15 6
2  45.0 45.0 0.00
819 -14.1920 75.3884 7 18 6
2  45.0 45.0 0.00
820 -31.4324 15.9124 1 19 9
2  45.0 45.0 0.00
821 -28.7062 -58.4900 4 26 8
2  45.0 45.0 0.00
822 8.0847 -0.8224 5 21 6
2  45.0 45.0 0.00
823 -3.6673 -109.6906 10 28 7
2  45.0 45.0 0.00
824 -27.5058 19.8706 5 15 6
2  45.0 45.0 0.00
825 -10.5507 -71.6595 1 24 9
2  45.0 45.0 0.00
826 4.9364 178.1655 8 23 9
2  45.0 45.0 0.00
827 50.4341 -60.3666 4 23 9
2  45.0 45.0 0.00
828 -20.0333 -138.1086 1 28 5
2  45.0 45.0 0.00
829 -0.2784 18.3349 3 24 6
2  45.0 45.0 0.00
830 -34.8942 117.2546 2 26 9
2  45.0 45.0 0.00
831 15.7168 -1.8136 8 29 9
2  45.0 45.0 0.00
832 45.3936 78.1573 10 27 9
2  45.0 45.0 0.00
833 8.6249 163.9820 10 24 5
2  45.0 45.0 0.00
834 -38.8927 55.3525 10 15 7
2  45.0 45.0 0.00
835 -39.8405 64.3706 2 29 5
2  45.0 45.0 0.00
836 37.0507 59.8061 6 20 8
2  45.0 45.0 0.00
837 23.4114 -104.0651 7 24 5
2  45.0 45.0 0.00
838 -2.0318 -40.7447 7 25 9
2  45.0 45.0 0.00
839 9.9537 -78.2144 1 28 5
2  45.0 45.0 0.00
840 4.4380 160.0337 8 23 6
2  45.0 45.0 0.00
841 1.8075 93.6799 1 20 9
2  45.0 45.0 0.00
842 49.7632 17.5122 7 28 6
2  45.0 45.0 0.00
843 -25.2160 -42.8104 2 15 6
2  45.0 45.0 0.00
844 -13.7337 -54.0877 2 23 6
2  45.0 45.0 0.00
845 26.1044 168.5604 6 18 6
2  45.0 45.0 0.00
846 36.1893 102.6500 6 26 6
2  45.0 45.0 0.00
847 42.9297 -147.7279 10 15 8
2  45.0 45.0 0.00
848 48.8279 121.7830 1 26 6
2  45.0 45.0 0.00
849 45.8118 3.7088 8 20 8
2  45.0 45.0 0.00
850 -30.4411 -93.2963 9 22 9
2  45.0 45.0 0.00
851 -32.6362 -43.2002 4 17 8
2  45.0 45.0 0.00
852 5.1759 6.2898 3 15 6
2  45.0 45.0 0.00
853 -33.4615 102.4599 9 22 6
2  45.0 45.0 0.00
854 -34.7184 -59.8787 3 18 6
2  45.0 45.0 0.00
855 3.4080 18.3653 3 17 8
2  45.0 45.0 0.00
856 -27.9877 46.8133 6 23 7
2  45.0 45.0 0.00
857 10.6599 -81.8473 4 26 5
2  45.0 45.0 0.00
858 2.6498 140.3954 8 19 7
2  45.0 45.0 0.00
859 -6.0241 107.8925 6 22 7
2  45.0 45.0 0.00
860 -37.3570 174.4428 6 29 7
2  45.0 45.0 0.00
861 40.1899 174.1242 7 18 8
2  45.0 45.0 0.00
862 14.9563 -109.0088 9 23 5
2  45.0 45.0 0.00
863 44.3920 162.5424 1 22 9
2  45.0 45.0 0.00
864 43.6380 -178.8903 3 22 8
2  45.0 45.0 0.00
865 -23.0570 -158.4337 8 25 8
2  45.0 45.0 0.00
866 24.6396 -171.4576 8 24 5
2  45.0 45.0 0.00
867 -26.3514 62.0643 5 16 9
2  45.0 45.0 0.00
868 12.3900 -159.5388 5 15 5
2  45.0 45.0 0.00
869 -18.2532 -52.1601 2 16 7
2  45.0 45.0 0.00
870 -0.8838 -79.1933 7 23 6
2  45.0 45.0 0.00
871 -37.6837 -13.7366 7 20 8
2  45.0 45.0 0.00
872 33.8398 -89.8180 4 21 9
2  45.0 45.0 0.00
873 12.4410 27.8729 1 20 8
2  45.0 45.0 0.00
874 -26.8825 115.6947 8 24 7
2  45.0 45.0 0.00
875 37.6133 167.3729 7 20 7
2  45.0 45.0 0.00
876 45.3013 171.7255 4 18 5
2  45.0 45.0 0.00
877 -5.0424 -19.7393 4 19 7
2  45.0 45.0 0.00
878 30.6933 -64.5736 3 21 7
2  45.0 45.0 0.00
879 -14.1636 36.7368 7 16 5
2  45.0 45.0 0.00
880 26.5398 164.6269 6 19 8
2  45.0 45.0 0.00
881 18.0506 49.1577 4 16 8
2  45.0 45.0 0.00
882 -33.9658 -134.4490 8 28 6
2  45.0 45.0 0.00
883 36.2762 -174.0408 5 19 8
2  45.0 45.0 0.00
884 -34.7468 -71.0863 7 28 7
2  45.0 45.0 0.00
885 45.1308 -31.9969 10 16 9
2  45.0 45.0 0.00
886 -26.2037 134.7014 3 18 9
2  45.0 45.0 0.00
887 49.8278 53.9271 7 22 8
2  45.0 45.0 0.00
888 33.4834 -46.1691 7 22 8
2  45.0 45.0 0.00
889 17.2811 -21.1922 2 16 5
2  45.0 45.0 0.00
890 -15.9182 -75.0943 8 21 7
2  45.0 45.0 0.00
891 -5.5292 -151.0181 4 27 8
2  45.0 45.0 0.00
892 -25.5281 3.2707 5 17 7
2  45.0 45.0 0.00
893 -20.6278 142.3677 6 28 8
2  45.0 45.0 0.00
894 -32.6023 3.0432 5 23 5
2  45.0 45.0 0.00
895 31.8474 97.6615 9 16 6
2  45.0 45.0 0.00
896 -1.6293 -60.2680 4 15 5
2  45.0 45.0 0.00
897 48.9074 -26.4546 9 26 8
2  45.0 45.0 0.00
898 41.2942 103.5170 2 26 6
2  45.0 45.0 0.00
899 -20.4796 -115.5085 4 15 6
2  45.0 45.0 0.00
900 28.3617 6.3692 9 20 8
2  45.0 45.0 0.00
901 36.1857 91.5950 6 21 8
2  45.0 45.0 0.00
902 18.7149 166.8735 6 22 7
2  45.0 45.0 0.00
903 45.2175 -12.6756 10 16 8
2  45.0 45.0 0.00
904 40.1616 -130.3494 6 19 7
2  45.0 45.0 0.00
905 -10.0824 87.2626 6 18 8
2  45.0 45.0 0.00
906 12.8582 89.5616 6 27 7
2  45.0 45.0 0.00
907 49.4954 161.2809 6 21 7
2  45.0 45.0 0.00
908 -31.0622 175.6590 1 16 5
2  45.0 45.0 0.00
909 45.1593 -79.5145 6 20 6
2  45.0 45.0 0.00
910 36.2526 -149.3169 5 20 8
2  45.0 45.0 0.00
911 13.7424 -105.7368 10 28 5
2  45.0 45.0 0.00
912 -42.5083 16.7064 2 27 5
2  45.0 45.0 0.00
913 45.3440 -144.7229 10 29 9
2  45.0 45.0 0.00
914 50.7292 -165.2762 10 23 7
2  45.0 45.0 0.00
915 41.4398 -165.9458 4 18 9
2  45.0 45.0 0.00
916 -39.6698 -36.8636 7 27 5
2  45.0 45.0 0.00
917 3.8238 -54.0025 7 17 8
2  45.0 45.0 0.00
918 27.6290 -155.7290 10 20 6
2  45.0 45.0 0.00
919 17.0187 -113.9027 10 29 5
2  45.0 45.0 0.00
920 34.7721 -65.2337 6 22 6
2  45.0 45.0 0.00
921 31.9173 0.1215 5 27 6
2  45.0 45.0 0.00
922 9.6042 166.8031 1 28 7
2  45.0 45.0 0.00
923 21.3460 74.6081 1 24 7
2  45.0 45.0 0.00
924 8.2447 157.2682 4 20 9
2  45.0 45.0 0.00
925 43.5827 59.1187 3 18 8
2  45.0 45.0 0.00
926 21.9778 -147.3205 7 16 7
2  45.0 45.0 0.00
927 32.5379 151.5064 9 21 8
2  45.0 45.0 0.00
928 -49.2120 11.2474 9 26 7
2  45.0 45.0 0.00
929 31.5147 -116.1170 4 29 6
2  45.0 45.0 0.00
930 48.0507 23.4836 3 21 8
2  45.0 45.0 0.00
931 41.4654 172.6907 1 22 5
2  45.0 45.0 0.00
932 -38.4899 -93.7195 6 17 8
2  45.0 45.0 0.00
933 -0.0181 131.9720 4 22 7
2  45.0 45.0 0.00
934 29.7358 -92.2340 3 28 8
2  45.0 45.0 0.00
935 -48.0670 -129.5715 4 26 8
2  45.0 45.0 0.00
936 24.7727 67.5298 5 29 6
2  45.0 45.0 0.00
937 -37.9368 45.7497 8 20 6
2  45.0 45.0 0.00
938 34.6901 -40.1133 10 19 5
2  45.0 45.0 0.00
939 31.3832 -54.7781 8 16 6
2  45.0 45.0 0.00
940 45.6563 69.2965 9 20 5
2  45.0 45.0 0.00
941 22.2085 58.7293 5 27 7
2  45.0 45.0 0.00
942 26.6170 -98.6708 10 28 8
2  45.0 45.0 0.00
943 -5.3736 -92.0937 9 26 9
2  45.0 45.0 0.00
944 39.5111 10.7393 2 16 8
2  45.0 45.0 0.00
945 -11.4531 152.4801 5 26 9
2  45.0 45.0 0.00
946 21.0621 -169.8613 6 22 8
2  45.0 45.0 0.00
947 -48.6312 -74.9282 6 29 9
2  45.0 45.0 0.00
948 -2.2293 101.8863 1 28 7
2  45.0 45.0 0.00
949 10.7432 -11.5908 2 24 6
2  45.0 45.0 0.00
950 5.4997 20.3276 3 17 5
2  45.0 45.0 0.00
951 -10.5058 37.6917 10 26 7
2  45.0 45.0 0.00
952 30.3116 150.7627 1 29 9
2  45.0 45.0 0.00
953 23.6317 82.3935 3 17 6
2  45.0 45.0 0.00
954 -36.3114 -85.7487 8 27 9
2  45.0 45.0 0.00
955 -43.4887 36.9392 8 24 7
2  45.0 45.0 0.00
956 44.9598 -67.9184 9 21 8
2  45.0 45.0 0.00
957 -37.9232 134.9706 1 21 9
2  45.0 45.0 0.00
958 -6.7293 17.6854 2 20 9
2  45.0 45.0 0.00
959 6.3794 118.9906 3 16 5
2  45.0 45.0 0.00
960 39.4829 -62.8558 5 21 7
2  45.0 45.0 0.00
961 -22.2521 69.9603 2 18 6
2  45.0 45.0 0.00
962 31.6176 163.0024 9 18 8
2  45.0 45.0 0.00
963 -2.6902 2.6456 2 20 9
2  45.0 45.0 0.00
964 36.8903 -71.2465 2 19 5
2  45.0 45.0 0.00
965 11.4812 132.3836 4 15 8
2  45.0 45.0 0.00
966 -25.5249 10.9904 2 22 5
2  45.0 45.0 0.00
967 10.4673 144.9612 10 27 7
2  45.0 45.0 0.00
968 -5.5227 58.9214 8 15 9
2  45.0 45.0 0.00
969 -1.7245 -78.2919 4 24 8
2  45.0 45.0 0.00
970 -47.3995 -3.2862 8 18 5
2  45.0 45.0 0.00
971 7.4610 -179.6493 7 19 6
2  45.0 45.0 0.00
972 -8.2318 68.6189 6 22 6
2  45.0 45.0 0.00
973 -24.6184 -9.3057 7 18 9
2  45.0 45.0 0.00
974 7.6268 52.2773 6 27 5
2  45.0 45.0 0.00
975 -33.4587 -94.2923 7 20 8
2  45.0 45.0 0.00
976 -18.4662 -94.1424 9 19 9
2  45.0 45.0 0.00
977 28.4428 -68.0105 1 21 7
2  45.0 45.0 0.00
978 10.3641 33.8290 4 24 9
2  45.0 45.0 0.00
979 27.2729 -121.0670 3 27 6
2  45.0 45.0 0.00
980 -51.9845 -166.2637 1 27 5
2  45.0 45.0 0.00
981 -9.7923 51.3852 2 16 6
2  45.0 45.0 0.00
982 -17.7751 44.5902 5 22 6
2  45.0 45.0 0.00
983 -33.5120 -36.5044 2 23 5
2  45.0 45.0 0.00
984 48.4069 -162.5633 9 27 7
2  45.0 45.0 0.00
985 50.6660 174.7029 10 28 9
2  45.0 45.0 0.00
986 -50.8112 -39.7793 10 15 8
2  45.0 45.0 0.00
987 -22.5108 -27.6797 9 16 8
2  45.0 45.0 0.00
988 -39.6873 -96.5402 7 15 9
2  45.0 45.0 0.00
989 50.2347 -151.2237 1 19 8
2  45.0 45.0 0.00
990 -14.9786 42.8110 2 25 7
2  45.0 45.0 0.00
991 48.8814 -104.3460 1 20 6
2  45.0 45.0 0.00
992 -8.2326 98.3269 3 18 7
2  45.0 45.0 0.00
993 46.9377 29.7360 5 26 7
2  45.0 45.0 0.00
994 27.6381 -82.6675 9 26 7
2  45.0 45.0 0.00
995 23.8326 -178.8568 8 27 6
2  45.0 45.0 0.00
996 42.1930 59.1104 10 16 8
2  45.0 45.0 0.00
997 -10.4167 58.2775 6 23 8
2  45.0 45.0 0.00
998 -44.7867 -165.2417 9 28 7
2  45.0 45.0 0.00
999 -15.6391 -179.0320 3 23 7
2  45.0 45.0 0.00
