s5
0
 2013 04 20 11 50 42.428     2013 04 20 11 54 30.513     228.1
 2013 04 20 18 27  8.661     2013 04 20 18 29 54.988     166.3
1
2
 2013 04 20 23 15 21.300     2013 04 20 23 18 18.736     177.4
3
 2013 04 20 11 44 18.974     2013 04 20 11 47 29.850     190.9
4
 2013 04 20 11 47 49.492     2013 04 20 11 51  5.408     195.9
 2013 04 20 20 03 14.013     2013 04 20 20 05 50.413     156.4
5
6
7
 2013 04 20 10 03  6.154     2013 04 20 10 06 23.824     197.7
8
 2013 04 20 11 49 52.685     2013 04 20 11 53 32.069     219.4
 2013 04 20 18 24 19.524     2013 04 20 18 27 46.326     206.8
9
 2013 04 20 13 23  7.476     2013 04 20 13 26  8.929     181.5
 2013 04 20 21 37 44.560     2013 04 20 21 40 39.096     174.5
10
 2013 04 20 20 08 37.927     2013 04 20 20 09 30.887      53.0
11
 2013 04 20 10 04 53.917     2013 04 20 10 05   .920       7.0
12
 2013 04 20 10 06 31.464     2013 04 20 10 09  5.952     154.5
13
 2013 04 20 13 25 22.388     2013 04 20 13 28 12.271     169.9
 2013 04 20 20 00 46.845     2013 04 20 20 03 50.390     183.5
14
 2013 04 20 21 40  4.687     2013 04 20 21 41 36.867      92.2
15
 2013 04 20 13 28 23.639     2013 04 20 13 31  4.025     160.4
 2013 04 20 18 23 24.055     2013 04 20 18 26  9.896     165.8
16
 2013 04 20 13 15 58.550     2013 04 20 13 19 27.878     209.3
 2013 04 20 23 20  4.044     2013 04 20 23 21  4.941      60.9
17
 2013 04 20 13 21  9.613     2013 04 20 13 24 32.965     203.4
 2013 04 20 21 37 22.864     2013 04 20 21 41  4.005     221.1
18
19
 2013 04 20 11 37 48.307     2013 04 20 11 40 25.172     156.9
 2013 04 20 23 23 49.006     2013 04 20 23 24   .446      11.4
20
 2013 04 20 10 05 22.541     2013 04 20 10 09  8.649     226.1
21
22
 2013 04 20 10 08 54.763     2013 04 20 10 11 45.457     170.7
 2013 04 20 20 08 24.424     2013 04 20 20 11  6.530     162.1
23
 2013 04 20 11 39 35.101     2013 04 20 11 43  4.883     209.8
24
 2013 04 20 21 40 17.779     2013 04 20 21 43 44.384     206.6
25
 2013 04 20 10 10 23.611     2013 04 20 10 13   .076     156.5
26
 2013 04 20 11 46  4.042     2013 04 20 11 48 55.927     171.9
27
 2013 04 20 13 19 13.366     2013 04 20 13 20  2.899      49.5
 2013 04 20 23 15 23.892     2013 04 20 23 15 31.423       7.5
28
 2013 04 20 11 49 40.194     2013 04 20 11 52 33.184     173.0
29
 2013 04 20 23 21 15.553     2013 04 20 23 24  5.913     170.4
30
31
 2013 04 20 14 59 53.314     2013 04 20 15 02 57.912     184.6
 2013 04 20 21 35 37.199     2013 04 20 21 38 38.183     181.0
32
 2013 04 20 10 03 40.781     2013 04 20 10 06 50.681     189.9
33
 2013 04 20 11 51 27.335     2013 04 20 11 54 48.087     200.8
 2013 04 20 18 26 59.003     2013 04 20 18 29 36.886     157.9
34
 2013 04 20 11 39  7.593     2013 04 20 11 42   .004     172.4
35
 2013 04 20 13 24 35.769     2013 04 20 13 27 25.044     169.3
 2013 04 20 20 04 13.440     2013 04 20 20 04 19.686       6.2
36
 2013 04 20 13 16 17.720     2013 04 20 13 19 42.156     204.4
 2013 04 20 23 19 41.483     2013 04 20 23 22 19.446     158.0
37
 2013 04 20 11 48  8.656     2013 04 20 11 50 58.347     169.7
 2013 04 20 20 04 34.587     2013 04 20 20 07 15.923     161.3
38
 2013 04 20 13 18  6.054     2013 04 20 13 21 14.260     188.2
 2013 04 20 23 17 11.528     2013 04 20 23 19 56.294     164.8
39
 2013 04 20 11 50 27.907     2013 04 20 11 50 31.875       4.0
 2013 04 20 13 28 32.861     2013 04 20 13 32 14.737     221.9
 2013 04 20 18 24 35.214     2013 04 20 18 27 15.151     159.9
40
 2013 04 20 13 14 42.560     2013 04 20 13 17 33.034     170.5
41
 2013 04 20 11 40 57.605     2013 04 20 11 43 39.009     161.4
 2013 04 20 21 48 12.111     2013 04 20 21 48 22.241      10.1
42
43
 2013 04 20 15 00 57.226     2013 04 20 15 03 37.503     160.3
 2013 04 20 21 34 56.117     2013 04 20 21 37 38.242     162.1
44
 2013 04 20 10 04 17.488     2013 04 20 10 07 46.656     209.2
45
 2013 04 20 11 36 44.007     2013 04 20 11 39 46.329     182.3
 2013 04 20 23 24  4.544     2013 04 20 23 26 43.161     158.6
46
 2013 04 20 13 11 44.823     2013 04 20 13 11 50.221       5.4
47
48
 2013 04 20 21 46  9.615     2013 04 20 21 48 48.374     158.8
49
 2013 04 20 14 59 55.572     2013 04 20 15 02 41.442     165.9
 2013 04 20 21 35 14.118     2013 04 20 21 38 20.554     186.4
50
 2013 04 20 13 25 21.716     2013 04 20 13 28 10.621     168.9
 2013 04 20 20 00 44.949     2013 04 20 20 03 49.674     184.7
51
 2013 04 20 10 08 17.242     2013 04 20 10 10 51.826     154.6
 2013 04 20 20 09 18.035     2013 04 20 20 11 52.643     154.6
52
 2013 04 20 13 26 58.911     2013 04 20 13 29 38.068     159.2
 2013 04 20 20 00 13.471     2013 04 20 20 03 28.793     195.3
53
54
 2013 04 20 23 14 47.683     2013 04 20 23 18 22.781     215.1
55
 2013 04 20 23 16  5.697     2013 04 20 23 18 40.995     155.3
56
 2013 04 20 13 25 29.469     2013 04 20 13 28 51.235     201.8
 2013 04 20 19 59 36.416     2013 04 20 20 02 15.092     158.7
57
 2013 04 20 11 43 33.917     2013 04 20 11 47  5.104     211.2
 2013 04 20 21 42 13.636     2013 04 20 21 45  2.671     169.0
58
 2013 04 20 11 43 10.276     2013 04 20 11 46 24.064     193.8
 2013 04 20 21 44 10.188     2013 04 20 21 47 20.677     190.5
59
 2013 04 20 11 49 11.145     2013 04 20 11 49 33.725      22.6
60
 2013 04 20 13 18 48.884     2013 04 20 13 18 58.134       9.2
 2013 04 20 23 15 47.906     2013 04 20 23 19 26.823     218.9
61
 2013 04 20 13 24 19.068     2013 04 20 13 27 27.644     188.6
62
63
 2013 04 20 13 21 26.201     2013 04 20 13 21 53.062      26.9
 2013 04 20 23 16 33.002     2013 04 20 23 19 13.281     160.3
64
 2013 04 20 13 26  2.534     2013 04 20 13 27 38.868      96.3
 2013 04 20 20 01 54.409     2013 04 20 20 04 39.603     165.2
65
 2013 04 20 11 38  9.321     2013 04 20 11 41 14.612     185.3
66
 2013 04 20 11 52 47.917     2013 04 20 11 55 38.084     170.2
 2013 04 20 13 30 13.570     2013 04 20 13 30 36.129      22.6
 2013 04 20 16 47 30.711     2013 04 20 16 50 50.712     200.0
 2013 04 20 18 25   .733     2013 04 20 18 25 46.074      45.3
67
 2013 04 20 13 25 33.573     2013 04 20 13 28 59.255     205.7
 2013 04 20 20 01 31.546     2013 04 20 20 04 13.253     161.7
68
 2013 04 20 11 36 52.816     2013 04 20 11 40  3.498     190.7
 2013 04 20 23 23 49.467     2013 04 20 23 26 32.848     163.4
69
 2013 04 20 21 46 12.642     2013 04 20 21 46 33.986      21.3
70
 2013 04 20 13 23  3.874     2013 04 20 13 23  6.427       2.6
 2013 04 20 23 15 26.094     2013 04 20 23 19 14.554     228.5
71
 2013 04 20 15 02 19.767     2013 04 20 15 05  8.987     169.2
 2013 04 20 19 57 35.467     2013 04 20 20 01  2.749     207.3
72
73
74
 2013 04 20 15 01 26.350     2013 04 20 15 04 12.682     166.3
 2013 04 20 19 59 55.904     2013 04 20 20 00 13.877      18.0
 2013 04 20 21 34 34.193     2013 04 20 21 37 47.723     193.5
75
 2013 04 20 11 44 51.641     2013 04 20 11 47 48.756     177.1
76
 2013 04 20 20 06 16.073     2013 04 20 20 09 24.650     188.6
77
 2013 04 20 11 52  2.988     2013 04 20 11 55  5.642     182.7
 2013 04 20 18 26 39.158     2013 04 20 18 29 35.246     176.1
78
 2013 04 20 20 05 53.290     2013 04 20 20 08 41.884     168.6
79
 2013 04 20 11 50 11.370     2013 04 20 11 54  3.218     231.8
 2013 04 20 18 26 51.699     2013 04 20 18 30  9.475     197.8
80
 2013 04 20 14 59 31.418     2013 04 20 15 02 10.409     159.0
 2013 04 20 21 34 39.849     2013 04 20 21 38 23.041     223.2
81
82
 2013 04 20 13 18  2.069     2013 04 20 13 19 18.798      76.7
83
 2013 04 20 21 40 40.521     2013 04 20 21 43 16.188     155.7
84
 2013 04 20 10 08 13.387     2013 04 20 10 10 48.664     155.3
 2013 04 20 20 09 26.335     2013 04 20 20 12   .921     154.6
85
 2013 04 20 11 38 55.334     2013 04 20 11 42 22.536     207.2
86
 2013 04 20 11 45 37.663     2013 04 20 11 48 51.378     193.7
87
88
 2013 04 20 13 20  7.948     2013 04 20 13 23   .748     172.8
89
 2013 04 20 11 42 28.603     2013 04 20 11 45 10.219     161.6
 2013 04 20 21 44 20.447     2013 04 20 21 46 56.784     156.3
90
91
 2013 04 20 11 51   .141     2013 04 20 11 53 59.094     179.0
 2013 04 20 18 25 17.985     2013 04 20 18 28   .148     162.2
92
 2013 04 20 11 40 41.404     2013 04 20 11 41   .986      19.6
 2013 04 20 23 22 58.675     2013 04 20 23 25 46.157     167.5
93
 2013 04 20 20 02 14.393     2013 04 20 20 05  4.379     170.0
94
 2013 04 20 23 20 10.070     2013 04 20 23 23 34.066     204.0
95
 2013 04 20 10 05 37.714     2013 04 20 10 07 15.838      98.1
 2013 04 20 20 10 46.892     2013 04 20 20 11 24.806      37.9
96
 2013 04 20 13 22 38.478     2013 04 20 13 25 46.246     187.8
 2013 04 20 21 39 22.713     2013 04 20 21 42  9.007     166.3
97
 2013 04 20 10 05 34.921     2013 04 20 10 08 21.471     166.5
98
 2013 04 20 13 19 48.113     2013 04 20 13 23 33.189     225.1
99
 2013 04 20 10 07 25.789     2013 04 20 10 08 15.537      49.7
 2013 04 20 20 10 38.536     2013 04 20 20 13 20.232     161.7
100
 2013 04 20 11 47 20.265     2013 04 20 11 50 12.551     172.3
 2013 04 20 20 03 31.710     2013 04 20 20 06 28.684     177.0
101
 2013 04 20 21 47 20.204     2013 04 20 21 49 54.827     154.6
102
 2013 04 20 23 23 15.523     2013 04 20 23 26 36.096     200.6
103
 2013 04 20 11 48  1.281     2013 04 20 11 50 49.388     168.1
 2013 04 20 20 03 40.091     2013 04 20 20 06 16.297     156.2
104
105
 2013 04 20 21 47 47.752     2013 04 20 21 50 56.633     188.9
106
 2013 04 20 20 11 33.631     2013 04 20 20 14 15.124     161.5
107
 2013 04 20 10 02 51.642     2013 04 20 10 05 25.304     153.7
 2013 04 20 21 49 33.073     2013 04 20 21 52 57.511     204.4
108
 2013 04 20 20 05 48.145     2013 04 20 20 08 39.474     171.3
109
 2013 04 20 10 07 37.592     2013 04 20 10 10 59.898     202.3
 2013 04 20 20 08 14.923     2013 04 20 20 11 14.488     179.6
110
 2013 04 20 21 40 24.129     2013 04 20 21 43 27.443     183.3
111
 2013 04 20 21 40 25.357     2013 04 20 21 43   .831     155.5
112
 2013 04 20 20 06 35.473     2013 04 20 20 10 12.002     216.5
113
114
 2013 04 20 13 28  8.862     2013 04 20 13 30 47.039     158.2
 2013 04 20 18 23  5.411     2013 04 20 18 26   .107     174.7
115
 2013 04 20 10 08   .170     2013 04 20 10 08  5.051       4.9
116
 2013 04 20 13 15 35.864     2013 04 20 13 18 29.306     173.4
117
 2013 04 20 14 59 12.292     2013 04 20 15 02 57.346     225.1
 2013 04 20 21 35 47.117     2013 04 20 21 39 20.061     212.9
118
119
 2013 04 20 13 23 28.402     2013 04 20 13 27 14.372     226.0
 2013 04 20 21 36 41.095     2013 04 20 21 40 22.747     221.7
120
 2013 04 20 10 05 59.464     2013 04 20 10 06 21.542      22.1
121
 2013 04 20 11 51 54.100     2013 04 20 11 54 50.391     176.3
 2013 04 20 18 25 21.343     2013 04 20 18 28 15.649     174.3
122
 2013 04 20 15 00 44.474     2013 04 20 15 03 27.618     163.1
 2013 04 20 21 35 30.165     2013 04 20 21 38  7.358     157.2
123
124
 2013 04 20 13 26 55.103     2013 04 20 13 29 38.300     163.2
 2013 04 20 20 00 46.051     2013 04 20 20 03 54.314     188.3
125
 2013 04 20 20 12 58.012     2013 04 20 20 16 28.252     210.2
126
 2013 04 20 11 52  9.103     2013 04 20 11 55  2.399     173.3
 2013 04 20 18 26 28.998     2013 04 20 18 29 27.755     178.8
127
 2013 04 20 13 19 47.884     2013 04 20 13 22 49.766     181.9
128
 2013 04 20 13 26 19.049     2013 04 20 13 29 29.052     190.0
 2013 04 20 20 01 23.824     2013 04 20 20 04  7.443     163.6
129
 2013 04 20 21 40 39.723     2013 04 20 21 44 12.449     212.7
130
 2013 04 20 10 06  7.633     2013 04 20 10 06 49.410      41.8
 2013 04 20 21 48  2.268     2013 04 20 21 51 15.519     193.3
131
 2013 04 20 13 23 33.054     2013 04 20 13 26 19.129     166.1
 2013 04 20 21 38 30.556     2013 04 20 21 42  1.695     211.1
132
 2013 04 20 11 51 42.294     2013 04 20 11 55  2.895     200.6
 2013 04 20 13 29 25.102     2013 04 20 13 33 18.978     233.9
 2013 04 20 16 50 22.847     2013 04 20 16 50 30.544       7.7
 2013 04 20 18 24 59.695     2013 04 20 18 27 57.025     177.3
133
 2013 04 20 13 26 20.061     2013 04 20 13 29  2.516     162.5
 2013 04 20 20 00 54.837     2013 04 20 20 03 34.152     159.3
134
 2013 04 20 11 38 49.795     2013 04 20 11 42 30.635     220.8
135
 2013 04 20 11 42 20.536     2013 04 20 11 45 11.401     170.9
 2013 04 20 21 44 33.404     2013 04 20 21 47  9.091     155.7
136
 2013 04 20 11 48 42.697     2013 04 20 11 52  2.065     199.4
 2013 04 20 20 04 22.592     2013 04 20 20 08  2.880     220.3
137
 2013 04 20 13 14 38.039     2013 04 20 13 17 13.675     155.6
138
139
 2013 04 20 15 00 24.757     2013 04 20 15 04 16.226     231.5
 2013 04 20 16 38 29.623     2013 04 20 16 41 58.424     208.8
 2013 04 20 19 59  8.527     2013 04 20 19 59 16.266       7.7
 2013 04 20 21 33 50.065     2013 04 20 21 36 40.266     170.2
140
 2013 04 20 13 27  2.198     2013 04 20 13 29 43.925     161.7
 2013 04 20 18 21 43.260     2013 04 20 18 22   .762      17.5
 2013 04 20 20 00  4.186     2013 04 20 20 03 26.769     202.6
141
 2013 04 20 13 24  6.980     2013 04 20 13 26 43.744     156.8
 2013 04 20 21 37 42.331     2013 04 20 21 37 58.220      15.9
142
 2013 04 20 23 21 15.010     2013 04 20 23 22 53.929      98.9
143
 2013 04 20 23 21 21.624     2013 04 20 23 24 12.900     171.3
144
 2013 04 20 14 59 55.552     2013 04 20 15 02 38.499     162.9
 2013 04 20 21 34 32.841     2013 04 20 21 37 34.710     181.9
145
 2013 04 20 13 16  9.289     2013 04 20 13 16 56.535      47.2
 2013 04 20 23 20  1.312     2013 04 20 23 22 35.281     154.0
146
 2013 04 20 11 41 33.200     2013 04 20 11 45   .577     207.4
 2013 04 20 21 45 10.796     2013 04 20 21 47 52.678     161.9
147
 2013 04 20 21 47 39.506     2013 04 20 21 50 59.956     200.4
148
 2013 04 20 11 50 19.133     2013 04 20 11 53  2.240     163.1
 2013 04 20 18 25 37.594     2013 04 20 18 29 25.199     227.6
149
 2013 04 20 13 25 39.627     2013 04 20 13 28 53.045     193.4
 2013 04 20 20 01 22.959     2013 04 20 20 04  4.185     161.2
150
 2013 04 20 11 47 59.773     2013 04 20 11 48  1.367       1.6
 2013 04 20 20 02 35.282     2013 04 20 20 05 20.488     165.2
151
 2013 04 20 11 52 11.375     2013 04 20 11 54 52.495     161.1
 2013 04 20 18 26 12.158     2013 04 20 18 29  9.298     177.1
152
 2013 04 20 20 05 46.833     2013 04 20 20 06 12.640      25.8
153
 2013 04 20 14 57 18.375     2013 04 20 14 58 40.082      81.7
 2013 04 20 23 14  4.858     2013 04 20 23 17 30.618     205.8
154
 2013 04 20 13 18  8.757     2013 04 20 13 21  9.162     180.4
 2013 04 20 23 17 17.712     2013 04 20 23 20  3.692     166.0
155
156
 2013 04 20 13 21 54.347     2013 04 20 13 25 21.270     206.9
 2013 04 20 21 37 39.387     2013 04 20 21 40 26.079     166.7
157
 2013 04 20 21 40 15.897     2013 04 20 21 42 54.638     158.7
158
 2013 04 20 10 05 29.169     2013 04 20 10 08 31.661     182.5
159
 2013 04 20 13 26 44.981     2013 04 20 13 29 23.673     158.7
 2013 04 20 20 00 40.108     2013 04 20 20 03 36.219     176.1
160
 2013 04 20 13 25  4.841     2013 04 20 13 28  8.567     183.7
 2013 04 20 20 00 51.501     2013 04 20 20 04 10.554     199.1
161
 2013 04 20 11 48 23.670     2013 04 20 11 51 10.008     166.3
 2013 04 20 20 04 23.544     2013 04 20 20 07 13.692     170.1
162
 2013 04 20 15 03  6.195     2013 04 20 15 06 17.463     191.3
 2013 04 20 19 58 42.117     2013 04 20 20 01 24.549     162.4
163
 2013 04 20 11 41 43.280     2013 04 20 11 45 15.781     212.5
 2013 04 20 21 42 36.561     2013 04 20 21 46  6.716     210.2
164
 2013 04 20 11 39 56.583     2013 04 20 11 40 47.437      50.9
165
 2013 04 20 13 22 32.803     2013 04 20 13 23 16.261      43.5
166
 2013 04 20 11 44 10.382     2013 04 20 11 46 46.251     155.9
 2013 04 20 21 42 57.307     2013 04 20 21 46 32.588     215.3
167
 2013 04 20 21 46  3.073     2013 04 20 21 48 37.690     154.6
168
 2013 04 20 13 26 30.652     2013 04 20 13 26 32.322       1.7
 2013 04 20 20 01 50.926     2013 04 20 20 05 16.066     205.1
169
 2013 04 20 11 50 17.296     2013 04 20 11 52 55.179     157.9
 2013 04 20 18 25 22.436     2013 04 20 18 29 14.857     232.4
170
 2013 04 20 21 40 45.597     2013 04 20 21 44 24.812     219.2
171
 2013 04 20 13 16 53.690     2013 04 20 13 17 13.624      19.9
 2013 04 20 23 17  2.317     2013 04 20 23 19 50.351     168.0
172
 2013 04 20 10 11 11.654     2013 04 20 10 13 55.806     164.2
173
 2013 04 20 20 10 53.800     2013 04 20 20 11 15.783      22.0
174
 2013 04 20 13 24   .133     2013 04 20 13 26 48.283     168.2
 2013 04 20 21 37 18.149     2013 04 20 21 38 16.573      58.4
175
 2013 04 20 20 06   .257     2013 04 20 20 06 36.106      35.8
176
 2013 04 20 13 24 25.393     2013 04 20 13 24 53.138      27.7
 2013 04 20 20 01 24.094     2013 04 20 20 05  1.236     217.1
177
 2013 04 20 13 13 20.761     2013 04 20 13 16  1.024     160.3
178
 2013 04 20 13 14 49.264     2013 04 20 13 18 31.922     222.7
 2013 04 20 23 22 19.023     2013 04 20 23 23 41.229      82.2
179
 2013 04 20 13 26 15.208     2013 04 20 13 29 23.902     188.7
 2013 04 20 20 01 23.422     2013 04 20 20 04  4.608     161.2
180
 2013 04 20 10 03 14.068     2013 04 20 10 05 56.009     161.9
181
 2013 04 20 20 14 11.821     2013 04 20 20 15 32.293      80.5
182
 2013 04 20 11 47 39.273     2013 04 20 11 47 43.655       4.4
 2013 04 20 21 41 39.602     2013 04 20 21 44 32.407     172.8
183
 2013 04 20 10 03 17.613     2013 04 20 10 05 52.017     154.4
 2013 04 20 21 49   .842     2013 04 20 21 50  6.188      65.3
184
 2013 04 20 10 08 45.753     2013 04 20 10 11 26.007     160.3
 2013 04 20 20 09 16.959     2013 04 20 20 12  5.590     168.6
185
 2013 04 20 13 22  3.507     2013 04 20 13 24 55.174     171.7
 2013 04 20 21 38  9.055     2013 04 20 21 40 58.047     169.0
186
187
 2013 04 20 13 25 57.063     2013 04 20 13 29 44.751     227.7
 2013 04 20 15 04   .000     2013 04 20 15 07 29.758     209.8
 2013 04 20 18 20 36.640     2013 04 20 18 20 44.486       7.8
 2013 04 20 19 59 16.905     2013 04 20 20 02 10.886     174.0
188
 2013 04 20 23 23 15.236     2013 04 20 23 24  9.155      53.9
189
 2013 04 20 11 48 33.196     2013 04 20 11 51 11.978     158.8
 2013 04 20 20 04  7.673     2013 04 20 20 07   .763     173.1
190
 2013 04 20 10 03  7.773     2013 04 20 10 06 36.086     208.3
 2013 04 20 21 48 10.729     2013 04 20 21 51 41.987     211.3
191
 2013 04 20 23 21 24.921     2013 04 20 23 21 45.102      20.2
192
 2013 04 20 13 26 24.233     2013 04 20 13 29 50.324     206.1
 2013 04 20 20 01 32.827     2013 04 20 20 04 25.422     172.6
193
 2013 04 20 11 43 27.177     2013 04 20 11 46 13.010     165.8
 2013 04 20 21 43 48.819     2013 04 20 21 46 49.670     180.9
194
 2013 04 20 11 46 33.084     2013 04 20 11 49 17.959     164.9
 2013 04 20 20 04 12.807     2013 04 20 20 08  2.708     229.9
195
 2013 04 20 11 40 16.998     2013 04 20 11 43 39.834     202.8
196
 2013 04 20 13 26 40.715     2013 04 20 13 29 29.069     168.4
 2013 04 20 20 00  1.880     2013 04 20 20 03  3.493     181.6
197
 2013 04 20 13 16 29.694     2013 04 20 13 19  4.345     154.7
 2013 04 20 23 18 36.500     2013 04 20 23 21 46.252     189.8
198
 2013 04 20 13 25 16.069     2013 04 20 13 28  5.493     169.4
 2013 04 20 20 00 41.612     2013 04 20 20 03 53.001     191.4
199
 2013 04 20 13 20 33.103     2013 04 20 13 21   .512      27.4
 2013 04 20 21 40  2.505     2013 04 20 21 43 23.572     201.1
200
 2013 04 20 10 05  7.371     2013 04 20 10 07 43.279     155.9
201
 2013 04 20 11 43 10.299     2013 04 20 11 46 10.590     180.3
 2013 04 20 21 42 58.644     2013 04 20 21 45 33.931     155.3
202
 2013 04 20 14 57 50.347     2013 04 20 14 58 51.644      61.3
203
 2013 04 20 11 42  4.086     2013 04 20 11 44 41.942     157.9
 2013 04 20 21 43 39.632     2013 04 20 21 46 48.410     188.8
204
 2013 04 20 13 16 46.902     2013 04 20 13 20 26.248     219.3
 2013 04 20 23 19 34.931     2013 04 20 23 22 14.707     159.8
205
 2013 04 20 21 47 21.248     2013 04 20 21 50 24.561     183.3
206
 2013 04 20 13 26 58.376     2013 04 20 13 29 37.674     159.3
 2013 04 20 20 00 13.225     2013 04 20 20 03 28.019     194.8
207
 2013 04 20 21 47 28.153     2013 04 20 21 50  7.207     159.1
208
 2013 04 20 11 50 42.774     2013 04 20 11 53 35.461     172.7
 2013 04 20 18 26 12.781     2013 04 20 18 29 21.435     188.7
209
 2013 04 20 11 48 58.484     2013 04 20 11 51 39.509     161.0
 2013 04 20 20 03 21.455     2013 04 20 20 06 38.011     196.6
210
 2013 04 20 23 25  5.526     2013 04 20 23 25 26.759      21.2
211
212
 2013 04 20 14 59 45.120     2013 04 20 15 02 24.395     159.3
 2013 04 20 21 34 30.627     2013 04 20 21 37 48.874     198.2
213
 2013 04 20 21 47 17.892     2013 04 20 21 49 55.786     157.9
214
 2013 04 20 11 50 32.386     2013 04 20 11 50 48.402      16.0
 2013 04 20 20 02 28.859     2013 04 20 20 05 41.022     192.2
215
216
 2013 04 20 13 16 46.565     2013 04 20 13 19 33.232     166.7
 2013 04 20 23 17 58.915     2013 04 20 23 21  1.146     182.2
217
 2013 04 20 14 59  3.436     2013 04 20 15 01 42.464     159.0
218
 2013 04 20 13 13  3.397     2013 04 20 13 16 29.587     206.2
219
 2013 04 20 20 02 18.779     2013 04 20 20 04 59.840     161.1
220
 2013 04 20 10 04 25.081     2013 04 20 10 07 23.986     178.9
221
 2013 04 20 11 44 54.379     2013 04 20 11 46 45.245     110.9
222
 2013 04 20 21 40  4.528     2013 04 20 21 43 52.690     228.2
223
 2013 04 20 13 24 38.301     2013 04 20 13 27 34.858     176.6
 2013 04 20 20 03 46.234     2013 04 20 20 04 23.581      37.3
224
 2013 04 20 23 22 31.213     2013 04 20 23 25  5.959     154.7
225
226
 2013 04 20 11 49 11.865     2013 04 20 11 52 19.876     188.0
 2013 04 20 20 02 31.117     2013 04 20 20 06 18.310     227.2
227
 2013 04 20 20 06  6.323     2013 04 20 20 09 16.615     190.3
228
 2013 04 20 10 04 24.823     2013 04 20 10 06 58.643     153.8
229
 2013 04 20 23 15  9.601     2013 04 20 23 15 58.513      48.9
230
 2013 04 20 11 42 16.554     2013 04 20 11 43 18.525      62.0
 2013 04 20 21 44 59.832     2013 04 20 21 47 51.884     172.1
231
 2013 04 20 13 25 10.034     2013 04 20 13 28 39.303     209.3
 2013 04 20 19 59 25.595     2013 04 20 20 02 11.540     165.9
232
 2013 04 20 13 19 22.302     2013 04 20 13 22 58.722     216.4
233
 2013 04 20 15 00  7.363     2013 04 20 15 03  2.412     175.0
 2013 04 20 21 34 28.633     2013 04 20 21 37 13.011     164.4
234
 2013 04 20 11 52 35.423     2013 04 20 11 55 14.246     158.8
 2013 04 20 16 51 40.020     2013 04 20 16 51 43.158       3.1
 2013 04 20 18 25 54.146     2013 04 20 18 29 20.630     206.5
235
236
 2013 04 20 23 15 28.032     2013 04 20 23 19  9.988     222.0
237
 2013 04 20 13 14 51.375     2013 04 20 13 17 38.580     167.2
238
 2013 04 20 21 46 56.323     2013 04 20 21 47 16.252      19.9
239
 2013 04 20 10 02 33.181     2013 04 20 10 05 11.060     157.9
 2013 04 20 21 50  2.236     2013 04 20 21 53 21.845     199.6
240
 2013 04 20 13 20  9.443     2013 04 20 13 22 46.091     156.6
241
 2013 04 20 10 07 51.189     2013 04 20 10 11 22.494     211.3
 2013 04 20 20 10 16.097     2013 04 20 20 12 59.433     163.3
242
 2013 04 20 10 11 47.111     2013 04 20 10 14 59.805     192.7
 2013 04 20 18 32  3.103     2013 04 20 18 32 21.463      18.4
243
 2013 04 20 13 18 31.627     2013 04 20 13 21 28.999     177.4
 2013 04 20 23 17  1.749     2013 04 20 23 20  7.806     186.1
244
 2013 04 20 13 26 37.617     2013 04 20 13 29 24.809     167.2
 2013 04 20 20 00 58.612     2013 04 20 20 03 49.804     171.2
245
 2013 04 20 20 11 14.497     2013 04 20 20 13 59.099     164.6
246
 2013 04 20 11 46 23.482     2013 04 20 11 46 41.696      18.2
 2013 04 20 20 05 39.983     2013 04 20 20 08 31.063     171.1
247
 2013 04 20 13 16 52.991     2013 04 20 13 19 55.287     182.3
 2013 04 20 23 17 41.447     2013 04 20 23 20 37.061     175.6
248
 2013 04 20 11 39 54.166     2013 04 20 11 43 34.631     220.5
249
 2013 04 20 13 14 33.976     2013 04 20 13 17  7.914     153.9
250
 2013 04 20 13 26 25.531     2013 04 20 13 29 34.317     188.8
 2013 04 20 20 01 21.516     2013 04 20 20 04  9.321     167.8
251
 2013 04 20 11 51 42.560     2013 04 20 11 55 13.281     210.7
 2013 04 20 13 29 34.695     2013 04 20 13 33 14.546     219.9
 2013 04 20 16 46 21.326     2013 04 20 16 47 18.780      57.5
 2013 04 20 18 24 49.988     2013 04 20 18 27 54.046     184.1
252
 2013 04 20 11 43 11.056     2013 04 20 11 46 23.802     192.7
 2013 04 20 21 44  9.383     2013 04 20 21 47 19.752     190.4
253
 2013 04 20 13 27 11.398     2013 04 20 13 30 30.592     199.2
 2013 04 20 20 01  4.761     2013 04 20 20 04 55.775     231.0
254
 2013 04 20 10 07 45.046     2013 04 20 10 11 25.323     220.3
 2013 04 20 20 08  1.590     2013 04 20 20 10 51.578     170.0
255
 2013 04 20 10 10 26.223     2013 04 20 10 13  4.269     158.0
256
 2013 04 20 23 21 15.743     2013 04 20 23 25   .759     225.0
257
 2013 04 20 15 01 17.597     2013 04 20 15 04 27.001     189.4
 2013 04 20 16 38 55.219     2013 04 20 16 42 50.649     235.4
 2013 04 20 19 55 56.266     2013 04 20 19 59 43.148     226.9
 2013 04 20 21 34  7.384     2013 04 20 21 37 28.692     201.3
258
 2013 04 20 11 45  2.542     2013 04 20 11 47 44.947     162.4
259
 2013 04 20 11 46 57.376     2013 04 20 11 50 10.671     193.3
 2013 04 20 20 03  6.065     2013 04 20 20 06 21.253     195.2
260
 2013 04 20 13 18 47.908     2013 04 20 13 22  7.281     199.4
 2013 04 20 23 16 22.381     2013 04 20 23 19 50.907     208.5
261
262
263
 2013 04 20 10 04 15.344     2013 04 20 10 07 26.539     191.2
264
 2013 04 20 11 49 27.681     2013 04 20 11 52  4.370     156.7
 2013 04 20 20 03 11.272     2013 04 20 20 04   .151      48.9
265
 2013 04 20 11 49  2.351     2013 04 20 11 52 18.766     196.4
 2013 04 20 20 02 30.371     2013 04 20 20 06  7.632     217.3
266
 2013 04 20 15 01  9.882     2013 04 20 15 03 52.069     162.2
 2013 04 20 21 35 25.913     2013 04 20 21 38 14.245     168.3
267
268
269
 2013 04 20 13 18 55.718     2013 04 20 13 22 14.902     199.2
270
 2013 04 20 14 59 59.830     2013 04 20 15 02 36.951     157.1
 2013 04 20 21 34 52.981     2013 04 20 21 37 56.273     183.3
271
 2013 04 20 13 21 43.460     2013 04 20 13 22 24.859      41.4
 2013 04 20 21 37 21.908     2013 04 20 21 40  9.295     167.4
272
273
 2013 04 20 15 00 31.301     2013 04 20 15 03 47.666     196.4
 2013 04 20 21 36  3.813     2013 04 20 21 38 40.787     157.0
274
 2013 04 20 11 45 43.352     2013 04 20 11 48 43.930     180.6
275
 2013 04 20 23 14 36.005     2013 04 20 23 17 51.086     195.1
276
 2013 04 20 13 21 21.163     2013 04 20 13 21 24.338       3.2
 2013 04 20 21 40 19.753     2013 04 20 21 42 55.986     156.2
277
 2013 04 20 11 51  6.302     2013 04 20 11 54 28.635     202.3
 2013 04 20 18 26 56.954     2013 04 20 18 29 36.118     159.2
278
 2013 04 20 15 00 21.108     2013 04 20 15 02 58.469     157.4
 2013 04 20 21 35  7.112     2013 04 20 21 37 51.355     164.2
279
 2013 04 20 10 08 18.950     2013 04 20 10 11 18.221     179.3
 2013 04 20 20 09 47.906     2013 04 20 20 12 31.628     163.7
280
281
 2013 04 20 11 41  2.283     2013 04 20 11 43 42.055     159.8
282
283
 2013 04 20 11 51 39.974     2013 04 20 11 54 29.673     169.7
 2013 04 20 18 25 32.805     2013 04 20 18 28 13.943     161.1
284
 2013 04 20 13 27 12.443     2013 04 20 13 27 56.182      43.7
 2013 04 20 18 23 35.338     2013 04 20 18 23 58.106      22.8
285
 2013 04 20 13 19  3.213     2013 04 20 13 21 52.934     169.7
 2013 04 20 23 16 38.552     2013 04 20 23 20 23.838     225.3
286
 2013 04 20 11 48 21.232     2013 04 20 11 51 38.041     196.8
 2013 04 20 20 04 40.465     2013 04 20 20 07 49.168     188.7
287
 2013 04 20 10 07  4.602     2013 04 20 10 08 31.201      86.6
 2013 04 20 20 10 48.426     2013 04 20 20 13 22.391     154.0
288
 2013 04 20 13 18  3.198     2013 04 20 13 21 41.536     218.3
 2013 04 20 23 18 22.664     2013 04 20 23 19  3.123      40.5
289
 2013 04 20 20 02 27.269     2013 04 20 20 05 11.585     164.3
290
 2013 04 20 20 07 29.043     2013 04 20 20 10 17.089     168.0
291
 2013 04 20 23 15 45.906     2013 04 20 23 18 48.639     182.7
292
 2013 04 20 11 40 16.757     2013 04 20 11 41 32.530      75.8
 2013 04 20 23 22 25.406     2013 04 20 23 25 56.701     211.3
293
 2013 04 20 13 25 23.797     2013 04 20 13 28 36.754     193.0
 2013 04 20 19 59 39.308     2013 04 20 20 02 22.665     163.4
294
 2013 04 20 13 28 54.340     2013 04 20 13 32 11.815     197.5
 2013 04 20 18 24 25.992     2013 04 20 18 27  3.782     157.8
295
 2013 04 20 13 21  2.428     2013 04 20 13 24 30.167     207.7
 2013 04 20 21 37 16.351     2013 04 20 21 41  6.145     229.8
296
 2013 04 20 15 02  6.151     2013 04 20 15 05 58.882     232.7
 2013 04 20 19 58 22.528     2013 04 20 20 01 57.895     215.4
297
 2013 04 20 13 27 11.726     2013 04 20 13 27 34.782      23.1
 2013 04 20 21 36 20.751     2013 04 20 21 40 12.674     231.9
298
 2013 04 20 11 39 51.759     2013 04 20 11 42 42.760     171.0
299
