s3
0
 2013 04 20 10 39 19.758     2013 04 20 10 39 57.876      38.1
 2013 04 20 18 51 15.855     2013 04 20 18 54  4.085     168.2
1
 2013 04 20 10 30 25.345     2013 04 20 10 33  5.404     160.1
 2013 04 20 20 32 32.370     2013 04 20 20 35 18.674     166.3
2
 2013 04 20 13 42 25.894     2013 04 20 13 45 55.620     209.7
3
4
 2013 04 20 12 11 36.341     2013 04 20 12 14 12.767     156.4
 2013 04 20 20 27  9.065     2013 04 20 20 30 29.574     200.5
5
 2013 04 20 13 43 53.928     2013 04 20 13 47  4.416     190.5
 2013 04 20 22 01  6.674     2013 04 20 22 02 17.037      70.4
6
 2013 04 20 10 30 20.633     2013 04 20 10 33 34.183     193.6
 2013 04 20 20 31 52.817     2013 04 20 20 34 41.921     169.1
7
8
 2013 04 20 12 13 44.472     2013 04 20 12 16 29.310     164.8
 2013 04 20 18 48 50.948     2013 04 20 18 51 35.835     164.9
9
 2013 04 20 13 46 56.353     2013 04 20 13 49 35.200     158.8
10
 2013 04 20 20 30 33.927     2013 04 20 20 33 13.716     159.8
11
 2013 04 20 20 36 11.475     2013 04 20 20 38 51.528     160.1
12
 2013 04 20 10 29 11.389     2013 04 20 10 30  4.147      52.8
 2013 04 20 20 34 27.916     2013 04 20 20 37  7.250     159.3
13
 2013 04 20 13 48 35.241     2013 04 20 13 52 22.591     227.3
 2013 04 20 20 25 18.666     2013 04 20 20 27 57.262     158.6
14
 2013 04 20 12 08 26.271     2013 04 20 12 11 54.652     208.4
15
 2013 04 20 13 51 50.864     2013 04 20 13 54 54.660     183.8
 2013 04 20 18 47 34.334     2013 04 20 18 50 14.279     159.9
16
 2013 04 20 00 01 31.606     2013 04 20 00 04  8.845     157.2
 2013 04 20 13 40  4.846     2013 04 20 13 42 42.335     157.5
 2013 04 20 23 42 31.133     2013 04 20 23 45  8.416     157.3
17
 2013 04 20 13 45 10.884     2013 04 20 13 47 46.939     156.1
 2013 04 20 22 02 25.446     2013 04 20 22 05  5.166     159.7
18
 2013 04 20 00 05  7.308     2013 04 20 00 07 46.912     159.6
19
20
 2013 04 20 10 29 18.614     2013 04 20 10 31 53.538     154.9
 2013 04 20 20 32 51.103     2013 04 20 20 36 40.148     229.0
21
 2013 04 20 20 37 14.370     2013 04 20 20 40 26.140     191.8
22
 2013 04 20 10 32 11.974     2013 04 20 10 35  9.439     177.5
23
 2013 04 20 12 03 31.819     2013 04 20 12 06 10.211     158.4
24
 2013 04 20 12 08  5.138     2013 04 20 12 11 42.907     217.8
25
 2013 04 20 10 33 21.744     2013 04 20 10 36 44.430     202.7
26
 2013 04 20 12 09 34.517     2013 04 20 12 12 24.407     169.9
 2013 04 20 20 28  2.744     2013 04 20 20 31 14.670     191.9
27
 2013 04 20 13 43 27.888     2013 04 20 13 46  4.844     157.0
28
 2013 04 20 12 12 38.038     2013 04 20 12 13 29.696      51.7
 2013 04 20 18 50 10.207     2013 04 20 18 53 39.088     208.9
29
 2013 04 20 12 04 48.589     2013 04 20 12 05 23.261      34.7
30
 2013 04 20 10 34 43.824     2013 04 20 10 37 45.226     181.4
 2013 04 20 18 51 55.254     2013 04 20 18 55 27.309     212.1
31
 2013 04 20 15 23 12.232     2013 04 20 15 23 23.724      11.5
 2013 04 20 22 00 17.319     2013 04 20 22 02 56.684     159.4
32
33
 2013 04 20 18 50 41.900     2013 04 20 18 54  5.387     203.5
34
 2013 04 20 22 13 30.448     2013 04 20 22 13 56.592      26.1
35
 2013 04 20 13 47 46.047     2013 04 20 13 51 38.541     232.5
 2013 04 20 20 25  3.934     2013 04 20 20 28  6.908     183.0
36
 2013 04 20 00 02 54.800     2013 04 20 00 06 30.531     215.7
 2013 04 20 23 43 54.532     2013 04 20 23 47 29.908     215.4
37
 2013 04 20 12 11  2.266     2013 04 20 12 11 29.767      27.5
 2013 04 20 20 28 11.268     2013 04 20 20 29 15.360      64.1
38
 2013 04 20 13 41 58.354     2013 04 20 13 44 42.011     163.7
39
 2013 04 20 12 14 21.644     2013 04 20 12 17 22.032     180.4
 2013 04 20 18 48 37.531     2013 04 20 18 51 26.036     168.5
40
 2013 04 20 00 02 12.573     2013 04 20 00 05 51.791     219.2
 2013 04 20 13 38 16.492     2013 04 20 13 41 22.808     186.3
 2013 04 20 23 43 11.908     2013 04 20 23 46 51.539     219.6
41
 2013 04 20 22 09 31.305     2013 04 20 22 12  9.315     158.0
42
43
 2013 04 20 15 24 41.326     2013 04 20 15 27 29.148     167.8
 2013 04 20 21 58 56.493     2013 04 20 22 02 27.171     210.7
44
 2013 04 20 20 35 38.756     2013 04 20 20 39 26.475     227.7
45
 2013 04 20 12 00 18.858     2013 04 20 12 03 15.447     176.6
46
47
 2013 04 20 12 02 56.407     2013 04 20 12 06 26.720     210.3
48
 2013 04 20 22 10 13.977     2013 04 20 22 13 48.445     214.5
49
 2013 04 20 15 23 19.852     2013 04 20 15 26 59.769     219.9
 2013 04 20 21 59 57.785     2013 04 20 22 02 36.097     158.3
50
 2013 04 20 13 48 34.885     2013 04 20 13 52 20.460     225.6
 2013 04 20 20 25 17.510     2013 04 20 20 27 55.952     158.4
51
 2013 04 20 10 31  4.264     2013 04 20 10 34 49.389     225.1
 2013 04 20 20 33  1.798     2013 04 20 20 36 49.859     228.1
52
 2013 04 20 13 50 32.130     2013 04 20 13 53 20.391     168.3
 2013 04 20 18 46 16.502     2013 04 20 18 49 46.622     210.1
53
54
 2013 04 20 13 42 56.877     2013 04 20 13 46 30.974     214.1
55
 2013 04 20 00 00   .000     2013 04 20 00 02 58.530     178.5
 2013 04 20 13 41 50.781     2013 04 20 13 44 57.437     186.7
 2013 04 20 23 40  6.672     2013 04 20 23 43 57.914     231.2
56
 2013 04 20 13 49 24.952     2013 04 20 13 52  5.420     160.5
 2013 04 20 20 23 45.456     2013 04 20 20 26 38.939     173.5
57
 2013 04 20 12 07 30.682     2013 04 20 12 10  6.500     155.8
58
59
 2013 04 20 12 09 33.915     2013 04 20 12 12 18.206     164.3
 2013 04 20 20 26 59.107     2013 04 20 20 30 29.618     210.5
60
 2013 04 20 13 43  5.367     2013 04 20 13 45 42.595     157.2
61
 2013 04 20 20 25 17.575     2013 04 20 20 28 29.841     192.3
62
63
 2013 04 20 13 42  8.645     2013 04 20 13 44 47.439     158.8
 2013 04 20 23 40 21.887     2013 04 20 23 40 24.091       2.2
64
 2013 04 20 12 11 40.155     2013 04 20 12 15 16.992     216.8
 2013 04 20 20 25 36.605     2013 04 20 20 29 27.057     230.5
65
66
 2013 04 20 12 16 19.934     2013 04 20 12 18 57.955     158.0
 2013 04 20 17 11 45.556     2013 04 20 17 14 35.785     170.2
67
 2013 04 20 20 25 43.087     2013 04 20 20 28 36.912     173.8
68
 2013 04 20 12 00 35.143     2013 04 20 12 03 25.004     169.9
69
 2013 04 20 22 11 21.753     2013 04 20 22 13 59.957     158.2
70
 2013 04 20 13 43 13.918     2013 04 20 13 45 57.912     164.0
71
 2013 04 20 15 25 51.180     2013 04 20 15 29 18.564     207.4
 2013 04 20 20 22 14.780     2013 04 20 20 25  4.478     169.7
72
73
 2013 04 20 12 03 51.570     2013 04 20 12 04 26.141      34.6
 2013 04 20 22 09 17.452     2013 04 20 22 10  3.151      45.7
74
 2013 04 20 15 25 16.193     2013 04 20 15 27 56.347     160.2
 2013 04 20 20 20 48.543     2013 04 20 20 24 15.046     206.5
75
 2013 04 20 12 08 25.853     2013 04 20 12 11 14.087     168.2
76
 2013 04 20 10 35  1.937     2013 04 20 10 35 18.179      16.2
 2013 04 20 20 30 49.071     2013 04 20 20 33 34.007     164.9
77
 2013 04 20 12 15  7.624     2013 04 20 12 16 31.036      83.4
 2013 04 20 18 50  7.724     2013 04 20 18 50 47.037      39.3
78
 2013 04 20 20 30  7.739     2013 04 20 20 33  7.348     179.6
79
 2013 04 20 10 39 19.908     2013 04 20 10 39 32.172      12.3
 2013 04 20 18 51 21.766     2013 04 20 18 53 59.961     158.2
80
 2013 04 20 15 22 59.466     2013 04 20 15 26 23.459     204.0
 2013 04 20 21 59 39.516     2013 04 20 22 02 26.574     167.1
81
 2013 04 20 22 05 23.842     2013 04 20 22 08 45.572     201.7
82
83
 2013 04 20 22 04 33.246     2013 04 20 22 08 20.095     226.8
84
 2013 04 20 10 30 55.008     2013 04 20 10 32  1.546      66.5
 2013 04 20 20 33 10.008     2013 04 20 20 36 58.399     228.4
85
 2013 04 20 12 02 50.364     2013 04 20 12 05 30.091     159.7
86
 2013 04 20 12 09 24.042     2013 04 20 12 12  2.121     158.1
 2013 04 20 20 27 33.556     2013 04 20 20 31 12.871     219.3
87
 2013 04 20 22 05 14.553     2013 04 20 22 08 25.731     191.2
88
 2013 04 20 13 43 48.763     2013 04 20 13 46 39.486     170.7
 2013 04 20 22 02 32.586     2013 04 20 22 06 26.018     233.4
89
 2013 04 20 22 08 20.414     2013 04 20 22 11 59.018     218.6
90
 2013 04 20 12 05 14.328     2013 04 20 12 07 57.786     163.5
 2013 04 20 22 07  9.613     2013 04 20 22 09 53.466     163.9
91
 2013 04 20 12 14 37.120     2013 04 20 12 17 14.514     157.4
 2013 04 20 18 49 22.585     2013 04 20 18 52  9.849     167.3
92
 2013 04 20 12 01 11.001     2013 04 20 12 03 45.987     155.0
93
 2013 04 20 12 11 59.706     2013 04 20 12 15  5.436     185.7
 2013 04 20 20 25 52.105     2013 04 20 20 26 42.940      50.8
94
95
 2013 04 20 20 35 45.432     2013 04 20 20 38 23.343     157.9
96
 2013 04 20 22 03  3.871     2013 04 20 22 03 11.941       8.1
97
 2013 04 20 10 28 44.667     2013 04 20 10 31 55.214     190.5
 2013 04 20 20 33 47.776     2013 04 20 20 37 27.681     219.9
98
 2013 04 20 13 43 59.937     2013 04 20 13 46 36.627     156.7
 2013 04 20 22 01 48.454     2013 04 20 22 02   .505      12.1
99
100
 2013 04 20 12 10 52.070     2013 04 20 12 13 38.323     166.3
 2013 04 20 20 27 57.145     2013 04 20 20 30 42.494     165.3
101
 2013 04 20 10 28 40.260     2013 04 20 10 29 40.839      60.6
 2013 04 20 22 11 13.917     2013 04 20 22 13 27.480     133.6
102
 2013 04 20 00 07 15.173     2013 04 20 00 10  5.057     169.9
 2013 04 20 11 59 26.894     2013 04 20 12 02  8.790     161.9
103
 2013 04 20 12 11 29.912     2013 04 20 12 14 18.247     168.3
 2013 04 20 20 27 32.124     2013 04 20 20 30 58.559     206.4
104
 2013 04 20 00 05 25.372     2013 04 20 00 09  2.575     217.2
105
 2013 04 20 10 26 55.722     2013 04 20 10 29 34.745     159.0
106
 2013 04 20 20 35 33.109     2013 04 20 20 39   .056     206.9
107
 2013 04 20 10 25 33.471     2013 04 20 10 26 51.056      77.6
108
 2013 04 20 10 36 52.127     2013 04 20 10 36 53.900       1.8
109
 2013 04 20 10 31 19.468     2013 04 20 10 33 57.974     158.5
 2013 04 20 20 32 38.569     2013 04 20 20 35 33.841     175.3
110
 2013 04 20 12 07 40.800     2013 04 20 12 07 46.602       5.8
111
 2013 04 20 22 04 21.560     2013 04 20 22 08  1.331     219.8
112
 2013 04 20 10 30 55.249     2013 04 20 10 34 28.262     213.0
 2013 04 20 20 31 27.299     2013 04 20 20 34  4.968     157.7
113
 2013 04 20 00 05  2.353     2013 04 20 00 05 28.415      26.1
114
 2013 04 20 13 51 38.056     2013 04 20 13 54 34.629     176.6
 2013 04 20 18 47 21.667     2013 04 20 18 50   .282     158.6
115
 2013 04 20 10 28   .691     2013 04 20 10 30 36.999     156.3
116
 2013 04 20 00 02 12.144     2013 04 20 00 04 58.085     165.9
 2013 04 20 13 39 13.641     2013 04 20 13 42 14.606     181.0
 2013 04 20 23 43 11.589     2013 04 20 23 45 57.732     166.1
117
 2013 04 20 22 00 44.467     2013 04 20 22 03 25.135     160.7
118
 2013 04 20 10 34 21.474     2013 04 20 10 37 12.765     171.3
 2013 04 20 18 55 40.239     2013 04 20 18 56  2.487      22.2
119
 2013 04 20 13 47 34.111     2013 04 20 13 50 18.578     164.5
 2013 04 20 20 22 55.667     2013 04 20 20 26 46.054     230.4
120
 2013 04 20 10 29 57.070     2013 04 20 10 32 31.845     154.8
 2013 04 20 20 32 54.430     2013 04 20 20 35 58.599     184.2
121
 2013 04 20 12 15 29.395     2013 04 20 12 18  6.871     157.5
 2013 04 20 17 10 51.974     2013 04 20 17 14 39.132     227.2
 2013 04 20 18 48 55.697     2013 04 20 18 52 47.761     232.1
122
 2013 04 20 15 24 12.996     2013 04 20 15 27 40.264     207.3
 2013 04 20 21 59 38.192     2013 04 20 22 02 51.305     193.1
123
 2013 04 20 20 31   .781     2013 04 20 20 34  6.520     185.7
124
 2013 04 20 13 50 16.162     2013 04 20 13 53 37.506     201.3
 2013 04 20 18 46 32.833     2013 04 20 18 50 23.014     230.2
125
 2013 04 20 08 49 48.552     2013 04 20 08 50   .902      12.3
 2013 04 20 20 37 44.900     2013 04 20 20 40 28.517     163.6
126
 2013 04 20 12 15 15.937     2013 04 20 12 18 57.855     221.9
 2013 04 20 17 15 32.594     2013 04 20 17 15 58.359      25.8
 2013 04 20 18 49 57.042     2013 04 20 18 50 24.098      27.1
127
 2013 04 20 22 03 58.038     2013 04 20 22 07 43.420     225.4
128
 2013 04 20 13 49 31.397     2013 04 20 13 49 48.156      16.8
 2013 04 20 20 25  9.186     2013 04 20 20 28 51.623     222.4
129
 2013 04 20 22 05 39.348     2013 04 20 22 08 17.286     157.9
130
 2013 04 20 10 26 52.882     2013 04 20 10 29 27.517     154.6
131
 2013 04 20 13 46 41.071     2013 04 20 13 48 23.585     102.5
132
 2013 04 20 12 15 25.847     2013 04 20 12 18  8.009     162.2
 2013 04 20 17 10 40.001     2013 04 20 17 14 14.203     214.2
 2013 04 20 18 48 34.131     2013 04 20 18 52 28.357     234.2
133
 2013 04 20 13 49 39.665     2013 04 20 13 53  3.557     203.9
 2013 04 20 20 24 46.977     2013 04 20 20 28 12.439     205.5
134
 2013 04 20 12 02 53.351     2013 04 20 12 05 29.343     156.0
135
 2013 04 20 22 08 31.342     2013 04 20 22 12 13.481     222.1
136
137
 2013 04 20 00 02 39.991     2013 04 20 00 06 18.934     218.9
 2013 04 20 13 37 48.700     2013 04 20 13 41 28.127     219.4
 2013 04 20 23 43 39.325     2013 04 20 23 47 18.685     219.4
138
 2013 04 20 20 36 36.812     2013 04 20 20 39 15.398     158.6
139
 2013 04 20 15 24 35.016     2013 04 20 15 27 31.975     177.0
 2013 04 20 17 02 13.836     2013 04 20 17 02 45.979      32.1
 2013 04 20 20 19 44.824     2013 04 20 20 23 21.478     216.7
 2013 04 20 21 57 48.661     2013 04 20 22 01 28.550     219.9
140
 2013 04 20 13 50 38.472     2013 04 20 13 53 22.116     163.6
 2013 04 20 18 46 17.199     2013 04 20 18 49 37.761     200.6
141
 2013 04 20 13 47 27.829     2013 04 20 13 50 43.223     195.4
 2013 04 20 20 24 11.623     2013 04 20 20 28  2.202     230.6
142
 2013 04 20 12 02 18.691     2013 04 20 12 05 17.361     178.7
143
 2013 04 20 00 04 53.754     2013 04 20 00 08  7.594     193.8
144
 2013 04 20 15 23 41.608     2013 04 20 15 26 28.398     166.8
 2013 04 20 21 59 13.721     2013 04 20 22 01 52.177     158.5
145
 2013 04 20 00 02 57.589     2013 04 20 00 03 44.508      46.9
 2013 04 20 23 43 57.349     2013 04 20 23 44 46.016      48.7
146
 2013 04 20 22 09 21.140     2013 04 20 22 12 46.081     204.9
147
 2013 04 20 10 27  5.455     2013 04 20 10 29 43.433     158.0
148
 2013 04 20 12 13 23.624     2013 04 20 12 16 59.772     216.1
 2013 04 20 18 50 18.515     2013 04 20 18 53  7.577     169.1
149
 2013 04 20 20 25 33.988     2013 04 20 20 28 28.122     174.1
150
 2013 04 20 12 12   .411     2013 04 20 12 14 48.562     168.2
 2013 04 20 20 26 15.043     2013 04 20 20 27 57.334     102.3
151
 2013 04 20 12 15 23.325     2013 04 20 12 18 40.146     196.8
 2013 04 20 17 11 33.739     2013 04 20 17 11 44.226      10.5
 2013 04 20 18 49 41.967     2013 04 20 18 50 29.468      47.5
152
 2013 04 20 10 33 56.538     2013 04 20 10 36 54.982     178.4
153
154
 2013 04 20 13 41 54.867     2013 04 20 13 44 43.703     168.8
155
 2013 04 20 08 52 47.446     2013 04 20 08 53  1.636      14.2
 2013 04 20 20 37 56.642     2013 04 20 20 40 42.562     165.9
156
 2013 04 20 13 45 56.591     2013 04 20 13 48 32.954     156.4
 2013 04 20 22 02  5.035     2013 04 20 22 04 57.969     172.9
157
 2013 04 20 22 04  2.133     2013 04 20 22 05  4.788      62.7
158
 2013 04 20 20 35 19.962     2013 04 20 20 38 14.681     174.7
159
 2013 04 20 13 50  9.297     2013 04 20 13 53 18.152     188.9
 2013 04 20 18 46 12.148     2013 04 20 18 46 30.838      18.7
 2013 04 20 20 24 20.515     2013 04 20 20 25 18.546      58.0
160
 2013 04 20 13 48 13.137     2013 04 20 13 48 24.107      11.0
 2013 04 20 20 25 31.987     2013 04 20 20 28 10.700     158.7
161
 2013 04 20 12 11 19.712     2013 04 20 12 12 26.038      66.3
162
 2013 04 20 13 48 39.518     2013 04 20 13 52 11.492     212.0
 2013 04 20 15 26 37.411     2013 04 20 15 30 29.924     232.5
 2013 04 20 20 22 58.398     2013 04 20 20 25 42.277     163.9
163
 2013 04 20 12 05 41.375     2013 04 20 12 08 17.755     156.4
 2013 04 20 22 07 34.372     2013 04 20 22 10 14.180     159.8
164
 2013 04 20 12 04  3.378     2013 04 20 12 06 38.296     154.9
 2013 04 20 22 07 35.009     2013 04 20 22 11 22.997     228.0
165
 2013 04 20 13 43 32.567     2013 04 20 13 46 12.555     160.0
166
 2013 04 20 12 07  4.182     2013 04 20 12 08 37.815      93.6
167
 2013 04 20 22 09 56.739     2013 04 20 22 13 47.880     231.1
168
 2013 04 20 12 12 29.167     2013 04 20 12 15 38.001     188.8
 2013 04 20 18 47 41.266     2013 04 20 18 48 18.176      36.9
169
 2013 04 20 12 13 27.084     2013 04 20 12 16 45.647     198.6
 2013 04 20 18 50  4.356     2013 04 20 18 52 56.662     172.3
170
 2013 04 20 12 09  7.182     2013 04 20 12 09 35.610      28.4
 2013 04 20 22 05 48.974     2013 04 20 22 08 26.438     157.5
171
 2013 04 20 00 00 33.763     2013 04 20 00 03 41.809     188.0
 2013 04 20 13 41 10.973     2013 04 20 13 43 46.203     155.2
 2013 04 20 23 41 33.447     2013 04 20 23 44 41.233     187.8
172
 2013 04 20 10 34 23.837     2013 04 20 10 37 23.754     179.9
 2013 04 20 18 53 19.723     2013 04 20 18 56 58.544     218.8
173
 2013 04 20 10 30 41.358     2013 04 20 10 33 30.371     169.0
 2013 04 20 20 32 15.459     2013 04 20 20 34 54.910     159.5
174
 2013 04 20 13 47 39.887     2013 04 20 13 50 24.676     164.8
 2013 04 20 20 23 42.095     2013 04 20 20 27 32.208     230.1
175
 2013 04 20 10 33 55.364     2013 04 20 10 36 44.153     168.8
176
 2013 04 20 12 13  2.268     2013 04 20 12 13 56.477      54.2
 2013 04 20 20 26 13.256     2013 04 20 20 28 54.780     161.5
177
178
 2013 04 20 00 04 10.517     2013 04 20 00 06 48.056     157.5
 2013 04 20 23 45 10.073     2013 04 20 23 47 47.602     157.5
179
 2013 04 20 13 49 27.452     2013 04 20 13 49 48.350      20.9
 2013 04 20 20 25 11.279     2013 04 20 20 28 46.886     215.6
180
181
 2013 04 20 20 36 40.989     2013 04 20 20 39 18.612     157.6
182
 2013 04 20 12 07 42.955     2013 04 20 12 10 25.167     162.2
183
 2013 04 20 10 26  3.670     2013 04 20 10 29 50.703     227.0
184
 2013 04 20 10 31 20.809     2013 04 20 10 31 23.611       2.8
185
 2013 04 20 13 45 44.843     2013 04 20 13 48 31.542     166.7
 2013 04 20 22 02 36.646     2013 04 20 22 05 28.749     172.1
186
 2013 04 20 00 06 11.064     2013 04 20 00 09  2.938     171.9
187
 2013 04 20 13 49 56.348     2013 04 20 13 52 51.653     175.3
 2013 04 20 15 27 34.567     2013 04 20 15 28  6.342      31.8
 2013 04 20 18 45  6.921     2013 04 20 18 48 38.587     211.7
 2013 04 20 20 23  3.704     2013 04 20 20 26 50.226     226.5
188
 2013 04 20 00 04 36.017     2013 04 20 00 07 13.200     157.2
 2013 04 20 23 45 35.562     2013 04 20 23 48 12.757     157.2
189
 2013 04 20 12 11 35.740     2013 04 20 12 15 11.930     216.2
190
 2013 04 20 10 26 53.603     2013 04 20 10 29 33.286     159.7
191
 2013 04 20 00 05 44.351     2013 04 20 00 08 22.980     158.6
192
 2013 04 20 12 15  2.623     2013 04 20 12 15 41.514      38.9
 2013 04 20 20 25 11.611     2013 04 20 20 26  4.939      53.3
193
194
 2013 04 20 12 09 23.789     2013 04 20 12 09 46.639      22.9
 2013 04 20 20 29 10.398     2013 04 20 20 31 49.928     159.5
195
 2013 04 20 12 04  9.123     2013 04 20 12 06 49.500     160.4
 2013 04 20 22 07 57.359     2013 04 20 22 11 24.046     206.7
196
 2013 04 20 13 50 21.810     2013 04 20 13 53  1.132     159.3
 2013 04 20 18 45 51.264     2013 04 20 18 49 31.114     219.9
 2013 04 20 20 23 42.538     2013 04 20 20 24 22.509      40.0
197
 2013 04 20 00 02 28.651     2013 04 20 00 05 20.017     171.4
 2013 04 20 13 39 30.608     2013 04 20 13 40 30.071      59.5
 2013 04 20 23 43 28.297     2013 04 20 23 46 19.475     171.2
198
 2013 04 20 13 48 28.708     2013 04 20 13 52 16.042     227.3
 2013 04 20 20 25 18.034     2013 04 20 20 27 56.251     158.2
199
 2013 04 20 22 04 54.882     2013 04 20 22 07 34.362     159.5
200
 2013 04 20 10 27 40.198     2013 04 20 10 27 44.100       3.9
 2013 04 20 20 34 33.722     2013 04 20 20 34 47.517      13.8
201
 2013 04 20 12 06 46.167     2013 04 20 12 09 35.519     169.4
 2013 04 20 22 06 44.734     2013 04 20 22 07 42.793      58.1
202
 2013 04 20 22 03 50.656     2013 04 20 22 04 16.635      26.0
203
 2013 04 20 12 05 12.050     2013 04 20 12 08 37.890     205.8
 2013 04 20 22 08 20.916     2013 04 20 22 11 11.611     170.7
204
205
 2013 04 20 10 28 38.126     2013 04 20 10 29  3.044      24.9
 2013 04 20 22 11 55.847     2013 04 20 22 14 56.481     180.6
206
 2013 04 20 13 50 31.795     2013 04 20 13 53 19.734     167.9
 2013 04 20 18 46 15.721     2013 04 20 18 49 46.235     210.5
207
 2013 04 20 10 25 30.414     2013 04 20 10 25 32.077       1.7
 2013 04 20 22 11 32.622     2013 04 20 22 15  8.422     215.8
208
 2013 04 20 12 13 44.524     2013 04 20 12 17 37.199     232.7
 2013 04 20 18 50 37.640     2013 04 20 18 53 15.813     158.2
209
 2013 04 20 12 12 20.381     2013 04 20 12 15 15.602     175.2
210
 2013 04 20 00 05 49.272     2013 04 20 00 08 26.341     157.1
211
212
 2013 04 20 15 23 26.395     2013 04 20 15 26 20.436     174.0
 2013 04 20 21 59 20.163     2013 04 20 22 01 59.800     159.6
213
 2013 04 20 10 29  6.795     2013 04 20 10 29 37.213      30.4
 2013 04 20 22 11 20.146     2013 04 20 22 14 58.996     218.8
214
 2013 04 20 12 10 44.046     2013 04 20 12 13 33.092     169.0
 2013 04 20 20 27  5.956     2013 04 20 20 29 44.422     158.5
215
 2013 04 20 12 05  5.582     2013 04 20 12 08 31.802     206.2
 2013 04 20 22 06 26.063     2013 04 20 22 09 13.068     167.0
216
 2013 04 20 00 01 44.693     2013 04 20 00 04 40.328     175.6
 2013 04 20 13 40 17.712     2013 04 20 13 43 25.041     187.3
 2013 04 20 23 42 44.352     2013 04 20 23 45 39.775     175.4
217
 2013 04 20 15 22 29.877     2013 04 20 15 25 57.638     207.8
 2013 04 20 21 59 24.384     2013 04 20 22 02 40.346     196.0
218
 2013 04 20 00 08 17.461     2013 04 20 00 08 21.430       4.0
219
 2013 04 20 12 11  8.955     2013 04 20 12 14 21.124     192.2
 2013 04 20 20 26 28.141     2013 04 20 20 29 26.054     177.9
220
 2013 04 20 10 27 47.570     2013 04 20 10 30 44.765     177.2
221
 2013 04 20 20 29 57.222     2013 04 20 20 33 21.842     204.6
222
 2013 04 20 12 08 21.778     2013 04 20 12 11 55.225     213.4
223
 2013 04 20 13 47 46.433     2013 04 20 13 48 23.189      36.8
 2013 04 20 20 25 15.132     2013 04 20 20 28 11.944     176.8
224
 2013 04 20 12 00 54.277     2013 04 20 12 03 55.322     181.0
225
 2013 04 20 10 34 24.538     2013 04 20 10 37 59.640     215.1
 2013 04 20 18 51 25.247     2013 04 20 18 55  7.703     222.5
226
 2013 04 20 12 12 54.118     2013 04 20 12 15 30.991     156.9
 2013 04 20 18 48 35.340     2013 04 20 18 49 57.247      81.9
227
 2013 04 20 10 33 10.270     2013 04 20 10 36 35.589     205.3
228
 2013 04 20 10 27  3.549     2013 04 20 10 27 49.963      46.4
229
 2013 04 20 13 43 22.079     2013 04 20 13 46 11.361     169.3
230
231
 2013 04 20 13 49  8.072     2013 04 20 13 51 50.509     162.4
 2013 04 20 20 23 44.825     2013 04 20 20 26 27.500     162.7
232
 2013 04 20 13 43 30.964     2013 04 20 13 46  6.537     155.6
233
 2013 04 20 15 24  2.405     2013 04 20 15 26 40.678     158.3
 2013 04 20 21 58 55.712     2013 04 20 22 01 41.090     165.4
234
 2013 04 20 12 15 50.809     2013 04 20 12 18 57.076     186.3
 2013 04 20 17 11 55.510     2013 04 20 17 15 21.884     206.4
235
236
 2013 04 20 13 43  9.519     2013 04 20 13 45 55.403     165.9
237
 2013 04 20 00 02 18.701     2013 04 20 00 05 46.323     207.6
 2013 04 20 13 38 21.556     2013 04 20 13 41 32.267     190.7
 2013 04 20 23 43 18.050     2013 04 20 23 46 46.059     208.0
238
 2013 04 20 10 27 42.265     2013 04 20 10 30 20.967     158.7
239
240
 2013 04 20 13 43 28.370     2013 04 20 13 46 49.661     201.3
 2013 04 20 22 02 59.837     2013 04 20 22 06 53.075     233.2
241
242
 2013 04 20 10 35 22.787     2013 04 20 10 38   .286     157.5
 2013 04 20 18 53  4.386     2013 04 20 18 55 54.061     169.7
243
 2013 04 20 13 42 15.350     2013 04 20 13 45  5.859     170.5
244
 2013 04 20 13 49 55.891     2013 04 20 13 53 28.016     212.1
 2013 04 20 20 24 40.292     2013 04 20 20 26 30.514     110.2
245
 2013 04 20 20 35 18.796     2013 04 20 20 38 39.138     200.3
246
 2013 04 20 20 29 57.484     2013 04 20 20 32 53.616     176.1
247
 2013 04 20 00 01 20.878     2013 04 20 00 04 21.834     181.0
 2013 04 20 13 40 39.979     2013 04 20 13 43 29.875     169.9
 2013 04 20 23 42 20.549     2013 04 20 23 45 21.269     180.7
248
 2013 04 20 12 03 57.255     2013 04 20 12 06 32.958     155.7
 2013 04 20 22 07 39.153     2013 04 20 22 08 20.594      41.4
249
 2013 04 20 00 02 50.678     2013 04 20 00 06 29.799     219.1
 2013 04 20 13 37 36.607     2013 04 20 13 38 56.838      80.2
 2013 04 20 23 43 50.011     2013 04 20 23 47 29.551     219.5
250
 2013 04 20 13 49 38.462     2013 04 20 13 50  4.345      25.9
 2013 04 20 20 25  3.819     2013 04 20 20 28 55.714     231.9
251
 2013 04 20 12 15 28.183     2013 04 20 12 18 15.135     167.0
 2013 04 20 17 10 41.173     2013 04 20 17 14  4.057     202.9
 2013 04 20 18 48 22.551     2013 04 20 18 49 11.681      49.1
252
253
 2013 04 20 12 12 27.218     2013 04 20 12 13 20.930      53.7
 2013 04 20 13 50 26.588     2013 04 20 13 50 30.437       3.8
 2013 04 20 18 47 32.623     2013 04 20 18 50 53.666     201.0
254
 2013 04 20 10 31 37.028     2013 04 20 10 34 12.158     155.1
 2013 04 20 20 32 15.342     2013 04 20 20 35 19.769     184.4
255
 2013 04 20 10 33 28.179     2013 04 20 10 36 44.272     196.1
256
 2013 04 20 12 02 15.365     2013 04 20 12 05 16.984     181.6
257
 2013 04 20 15 25 17.641     2013 04 20 15 27 56.725     159.1
 2013 04 20 20 20 35.938     2013 04 20 20 23 46.831     190.9
258
 2013 04 20 12 07 50.252     2013 04 20 12 08  1.387      11.1
259
 2013 04 20 12 10 43.272     2013 04 20 12 13 20.343     157.1
 2013 04 20 20 27 45.006     2013 04 20 20 30 23.443     158.4
260
 2013 04 20 13 42 47.846     2013 04 20 13 45 25.796     158.0
261
 2013 04 20 20 37 45.180     2013 04 20 20 40 31.575     166.4
262
263
 2013 04 20 20 39  8.128     2013 04 20 20 39 32.149      24.0
264
 2013 04 20 12 12 39.760     2013 04 20 12 15 52.160     192.4
 2013 04 20 18 49 20.398     2013 04 20 18 49 48.011      27.6
265
 2013 04 20 12 12 48.476     2013 04 20 12 15 25.232     156.8
 2013 04 20 18 48 24.293     2013 04 20 18 48 29.804       5.5
266
 2013 04 20 15 24 40.391     2013 04 20 15 28  2.035     201.6
 2013 04 20 21 59 19.508     2013 04 20 22 03  8.955     229.4
267
 2013 04 20 22 11 10.212     2013 04 20 22 14 14.655     184.4
268
 2013 04 20 00 06  6.077     2013 04 20 00 08 52.198     166.1
269
270
 2013 04 20 15 23 34.182     2013 04 20 15 26 41.687     187.5
 2013 04 20 21 59 34.732     2013 04 20 22 02 13.182     158.4
271
 2013 04 20 13 45 54.704     2013 04 20 13 48 37.056     162.4
 2013 04 20 22 01 48.726     2013 04 20 22 04 39.935     171.2
272
 2013 04 20 10 31  8.252     2013 04 20 10 32  4.726      56.5
273
 2013 04 20 22 00 10.750     2013 04 20 22 03 26.313     195.6
274
 2013 04 20 12 09 20.858     2013 04 20 12 12  4.724     163.9
 2013 04 20 20 27 45.924     2013 04 20 20 31 22.485     216.6
275
 2013 04 20 13 46 40.610     2013 04 20 13 46 45.362       4.8
276
 2013 04 20 22 04 22.602     2013 04 20 22 07 50.546     207.9
277
 2013 04 20 18 50 54.302     2013 04 20 18 53 53.046     178.7
278
 2013 04 20 15 23 55.349     2013 04 20 15 27  3.259     187.9
 2013 04 20 21 59 33.249     2013 04 20 22 02 20.649     167.4
279
280
 2013 04 20 12 03 20.904     2013 04 20 12 06 22.332     181.4
281
 2013 04 20 12 04 12.791     2013 04 20 12 07 35.579     202.8
 2013 04 20 22 08 46.882     2013 04 20 22 11 31.770     164.9
282
 2013 04 20 13 43 58.565     2013 04 20 13 44 51.380      52.8
 2013 04 20 22 00 49.222     2013 04 20 22 04 13.620     204.4
283
 2013 04 20 12 15 11.813     2013 04 20 12 17 51.040     159.2
 2013 04 20 18 49 15.491     2013 04 20 18 52 40.520     205.0
284
 2013 04 20 12 13  7.483     2013 04 20 12 16 13.448     186.0
 2013 04 20 18 48 14.858     2013 04 20 18 51 20.956     186.1
285
 2013 04 20 13 42 40.021     2013 04 20 13 45 37.055     177.0
286
287
 2013 04 20 20 34 27.102     2013 04 20 20 35 41.613      74.5
288
289
 2013 04 20 12 11  7.824     2013 04 20 12 14  8.817     181.0
 2013 04 20 20 26 41.015     2013 04 20 20 29 34.303     173.3
290
 2013 04 20 10 31 46.392     2013 04 20 10 34 31.849     165.5
 2013 04 20 20 31 41.029     2013 04 20 20 34 46.354     185.3
291
 2013 04 20 13 42 37.508     2013 04 20 13 45 33.850     176.3
292
 2013 04 20 12 01 49.917     2013 04 20 12 04 24.653     154.7
293
 2013 04 20 13 49 16.730     2013 04 20 13 51 54.681     158.0
 2013 04 20 20 23 55.564     2013 04 20 20 26 41.044     165.5
294
 2013 04 20 12 14 26.775     2013 04 20 12 17 43.395     196.6
 2013 04 20 13 52 16.859     2013 04 20 13 53 55.250      98.4
 2013 04 20 17 13 18.063     2013 04 20 17 13 41.681      23.6
 2013 04 20 18 48 19.039     2013 04 20 18 51 21.351     182.3
295
 2013 04 20 13 45  5.815     2013 04 20 13 47 41.786     156.0
 2013 04 20 22 02 22.500     2013 04 20 22 05  4.481     162.0
296
 2013 04 20 13 48  5.428     2013 04 20 13 51 14.511     189.1
 2013 04 20 20 23  5.992     2013 04 20 20 25 56.404     170.4
297
 2013 04 20 13 47 36.162     2013 04 20 13 50 32.674     176.5
 2013 04 20 20 22 50.442     2013 04 20 20 26 25.139     214.7
298
 2013 04 20 12 03 16.311     2013 04 20 12 06 21.757     185.4
 2013 04 20 22 11 29.627     2013 04 20 22 12 25.753      56.1
299
 2013 04 20 00 04 52.178     2013 04 20 00 07 58.707     186.5
