s2
0
 2013 04 20 10 42 10.018     2013 04 20 10 45 50.281     220.3
 2013 04 20 18 56 25.515     2013 04 20 18 59 23.737     178.2
1
 2013 04 20 10 36 34.402     2013 04 20 10 39  8.412     154.0
 2013 04 20 20 37 42.966     2013 04 20 20 40 18.803     155.8
2
 2013 04 20 13 48 22.341     2013 04 20 13 51 28.936     186.6
3
4
 2013 04 20 12 17 29.957     2013 04 20 12 20 10.258     160.3
 2013 04 20 20 32  4.267     2013 04 20 20 35 42.901     218.6
5
 2013 04 20 13 49 47.620     2013 04 20 13 52 40.429     172.8
 2013 04 20 22 06 13.268     2013 04 20 22 09 46.597     213.3
6
 2013 04 20 10 36 37.980     2013 04 20 10 39 28.210     170.2
 2013 04 20 20 37  4.195     2013 04 20 20 39 41.374     157.2
7
8
 2013 04 20 12 19 42.233     2013 04 20 12 22 21.318     159.1
 2013 04 20 18 54  8.959     2013 04 20 18 56 48.372     159.4
9
 2013 04 20 13 52 38.383     2013 04 20 13 55 24.272     165.9
10
 2013 04 20 20 35 41.249     2013 04 20 20 38 16.922     155.7
11
 2013 04 20 20 41 19.369     2013 04 20 20 43 53.797     154.4
12
 2013 04 20 20 39 35.282     2013 04 20 20 42 10.257     155.0
13
 2013 04 20 13 54 13.219     2013 04 20 13 54 51.729      38.5
 2013 04 20 20 30 22.190     2013 04 20 20 33  3.381     161.2
14
 2013 04 20 12 14 32.418     2013 04 20 12 17 38.265     185.8
15
 2013 04 20 13 57 32.846     2013 04 20 14 00 44.459     191.6
 2013 04 20 18 52 47.601     2013 04 20 18 55 30.335     162.7
16
 2013 04 20 00 08 46.222     2013 04 20 00 11 27.958     161.7
 2013 04 20 13 45 45.087     2013 04 20 13 48 34.244     169.2
17
 2013 04 20 13 50 54.422     2013 04 20 13 53 34.431     160.0
 2013 04 20 22 07 22.137     2013 04 20 22 09 58.601     156.5
18
 2013 04 20 00 12 25.697     2013 04 20 00 15  2.215     156.5
19
20
 2013 04 20 10 35 21.057     2013 04 20 10 38  3.808     162.8
 2013 04 20 20 38 11.255     2013 04 20 20 41 31.546     200.3
21
 2013 04 20 20 42 31.092     2013 04 20 20 45 19.571     168.5
22
 2013 04 20 10 38  7.150     2013 04 20 10 41 27.445     200.3
23
 2013 04 20 12 09 21.066     2013 04 20 12 12 13.684     172.6
 2013 04 20 22 12 52.883     2013 04 20 22 13  5.484      12.6
24
 2013 04 20 12 14 12.205     2013 04 20 12 17 25.538     193.3
25
 2013 04 20 10 39 15.201     2013 04 20 10 41 39.213     144.0
26
 2013 04 20 12 15 22.458     2013 04 20 12 18 28.821     186.4
 2013 04 20 20 33 17.129     2013 04 20 20 36 11.722     174.6
27
 2013 04 20 13 49 13.953     2013 04 20 13 51 49.779     155.8
28
 2013 04 20 18 55 34.710     2013 04 20 18 58 46.623     191.9
29
 2013 04 20 12 07 32.338     2013 04 20 12 11  1.586     209.2
30
 2013 04 20 10 40 56.791     2013 04 20 10 43 42.548     165.8
 2013 04 20 18 57 21.284     2013 04 20 19 00 33.421     192.1
31
 2013 04 20 22 05 10.131     2013 04 20 22 07 53.226     163.1
32
33
 2013 04 20 10 42 36.215     2013 04 20 10 42 49.026      12.8
 2013 04 20 18 55 47.646     2013 04 20 18 59 27.929     220.3
34
 2013 04 20 22 14 55.654     2013 04 20 22 18 35.850     220.2
35
 2013 04 20 13 53 23.105     2013 04 20 13 53 35.985      12.9
 2013 04 20 20 30 15.571     2013 04 20 20 33  6.386     170.8
36
 2013 04 20 00 09 51.294     2013 04 20 00 09 53.796       2.5
37
38
 2013 04 20 13 47 36.710     2013 04 20 13 50 35.803     179.1
39
 2013 04 20 12 20 21.033     2013 04 20 12 23 11.602     170.6
 2013 04 20 18 53 48.220     2013 04 20 18 56 44.242     176.0
40
 2013 04 20 00 09 48.588     2013 04 20 00 12 50.906     182.3
 2013 04 20 13 43 49.632     2013 04 20 13 47 22.684     213.1
41
 2013 04 20 22 14 27.406     2013 04 20 22 17  3.237     155.8
42
43
 2013 04 20 15 30 12.936     2013 04 20 15 33  8.539     175.6
 2013 04 20 20 29 23.244     2013 04 20 20 29 41.217      18.0
 2013 04 20 22 03 42.896     2013 04 20 22 07 28.341     225.4
44
 2013 04 20 20 40 59.342     2013 04 20 20 44 16.704     197.4
45
 2013 04 20 12 06  2.564     2013 04 20 12 09 25.006     202.4
46
47
 2013 04 20 12 09  6.523     2013 04 20 12 12  8.262     181.7
48
 2013 04 20 22 14 55.500     2013 04 20 22 15 41.512      46.0
49
 2013 04 20 15 28 48.046     2013 04 20 15 30 15.498      87.5
 2013 04 20 22 04 51.735     2013 04 20 22 07 31.649     159.9
50
 2013 04 20 13 54 12.883     2013 04 20 13 54 59.643      46.8
 2013 04 20 20 30 21.237     2013 04 20 20 33  1.900     160.7
51
 2013 04 20 20 37 52.604     2013 04 20 20 37 55.460       2.9
52
 2013 04 20 13 56 14.050     2013 04 20 13 59  9.701     175.7
 2013 04 20 18 51 37.860     2013 04 20 18 54 57.145     199.3
53
 2013 04 20 12 11 34.253     2013 04 20 12 12 52.084      77.8
54
 2013 04 20 13 48 53.209     2013 04 20 13 52  4.148     190.9
55
 2013 04 20 13 47 45.316     2013 04 20 13 50 33.293     168.0
 2013 04 20 23 44 38.808     2013 04 20 23 44 42.871       4.1
56
 2013 04 20 13 55 11.246     2013 04 20 13 57 48.843     157.6
 2013 04 20 20 28 45.240     2013 04 20 20 31 47.729     182.5
57
 2013 04 20 12 13 22.954     2013 04 20 12 16  6.149     163.2
58
59
 2013 04 20 12 15 33.144     2013 04 20 12 18  9.616     156.5
 2013 04 20 20 32 14.817     2013 04 20 20 35 25.731     190.9
60
 2013 04 20 13 48 51.735     2013 04 20 13 51 27.269     155.5
61
 2013 04 20 20 30 30.447     2013 04 20 20 33 28.346     177.9
62
63
 2013 04 20 13 47 56.226     2013 04 20 13 50 30.982     154.8
64
 2013 04 20 12 17 43.882     2013 04 20 12 21  1.804     197.9
 2013 04 20 20 30 30.799     2013 04 20 20 30 51.469      20.7
65
66
 2013 04 20 12 22 14.037     2013 04 20 12 24 54.397     160.4
 2013 04 20 17 17 13.838     2013 04 20 17 19 58.351     164.5
67
 2013 04 20 12 19 54.981     2013 04 20 12 20 43.527      48.5
 2013 04 20 20 30 41.940     2013 04 20 20 33 46.936     185.0
68
 2013 04 20 12 06 20.225     2013 04 20 12 09 33.104     192.9
69
 2013 04 20 22 16 13.436     2013 04 20 22 18 57.933     164.5
70
 2013 04 20 13 49  3.274     2013 04 20 13 51 39.204     155.9
71
 2013 04 20 13 57  7.558     2013 04 20 13 57 22.487      14.9
 2013 04 20 15 31 22.037     2013 04 20 15 34 59.976     217.9
 2013 04 20 20 27 23.070     2013 04 20 20 30  6.615     163.5
72
73
 2013 04 20 12 10  2.724     2013 04 20 12 13 21.430     198.7
 2013 04 20 22 11  7.108     2013 04 20 22 14 44.704     217.6
74
 2013 04 20 15 30 49.257     2013 04 20 15 33 33.720     164.5
 2013 04 20 20 25 59.233     2013 04 20 20 29 15.855     196.6
75
 2013 04 20 12 14 13.513     2013 04 20 12 17 18.874     185.4
76
 2013 04 20 10 37 28.921     2013 04 20 10 41  7.298     218.4
 2013 04 20 20 35 48.125     2013 04 20 20 38 44.768     176.6
77
 2013 04 20 10 46 57.693     2013 04 20 10 47 10.171      12.5
 2013 04 20 12 20 56.835     2013 04 20 12 21  6.937      10.1
 2013 04 20 17 17 26.385     2013 04 20 17 17 38.927      12.5
78
 2013 04 20 20 35  3.930     2013 04 20 20 38 20.568     196.6
79
 2013 04 20 10 41 37.368     2013 04 20 10 45 23.811     226.4
 2013 04 20 18 56 36.857     2013 04 20 18 59 15.078     158.2
80
 2013 04 20 15 28 27.726     2013 04 20 15 32  7.567     219.8
 2013 04 20 22 04 38.154     2013 04 20 22 07 18.244     160.1
81
 2013 04 20 22 10 30.201     2013 04 20 22 13 30.448     180.2
82
83
 2013 04 20 12 12 59.958     2013 04 20 12 16 46.638     226.7
 2013 04 20 22 09 15.628     2013 04 20 22 09 32.858      17.2
84
 2013 04 20 20 38   .755     2013 04 20 20 38  2.471       1.7
85
 2013 04 20 12 08 38.847     2013 04 20 12 11 34.450     175.6
86
 2013 04 20 12 15 15.240     2013 04 20 12 18  2.717     167.5
 2013 04 20 20 32 50.362     2013 04 20 20 36  8.046     197.7
87
 2013 04 20 22 10 19.560     2013 04 20 22 13 11.799     172.2
88
 2013 04 20 13 49 26.424     2013 04 20 13 52 33.985     187.6
 2013 04 20 22 07 40.104     2013 04 20 22 11 10.423     210.3
89
 2013 04 20 22 13  2.020     2013 04 20 22 13 35.861      33.8
90
 2013 04 20 12 11 14.728     2013 04 20 12 13 49.071     154.3
 2013 04 20 22 12  9.097     2013 04 20 22 14 44.385     155.3
91
 2013 04 20 12 20 31.036     2013 04 20 12 23 11.294     160.3
 2013 04 20 18 54 33.202     2013 04 20 18 57 28.295     175.1
92
 2013 04 20 12 07  6.301     2013 04 20 12 09 43.455     157.2
93
 2013 04 20 12 18  1.224     2013 04 20 12 20 53.210     172.0
94
 2013 04 20 12 12  6.552     2013 04 20 12 12 12.748       6.2
95
 2013 04 20 20 40 47.401     2013 04 20 20 43 31.409     164.0
96
97
 2013 04 20 10 34 36.736     2013 04 20 10 38 16.832     220.1
 2013 04 20 20 39  7.418     2013 04 20 20 42 19.299     191.9
98
 2013 04 20 13 49 45.634     2013 04 20 13 52 21.864     156.2
 2013 04 20 22 06 55.846     2013 04 20 22 10 32.550     216.7
99
100
 2013 04 20 12 16 41.389     2013 04 20 12 19 41.031     179.6
 2013 04 20 20 32 56.913     2013 04 20 20 35 52.218     175.3
101
 2013 04 20 10 32  7.195     2013 04 20 10 35 29.230     202.0
102
 2013 04 20 00 14 18.559     2013 04 20 00 17 34.892     196.3
 2013 04 20 12 05 27.899     2013 04 20 12 08   .750     152.9
103
 2013 04 20 12 17 19.206     2013 04 20 12 20 20.984     181.8
 2013 04 20 20 32 26.660     2013 04 20 20 36 12.533     225.9
104
 2013 04 20 00 13  1.571     2013 04 20 00 16   .498     178.9
105
 2013 04 20 10 33  4.912     2013 04 20 10 35 38.389     153.5
106
 2013 04 20 20 40 24.842     2013 04 20 20 41 46.553      81.7
107
108
 2013 04 20 10 38 58.000     2013 04 20 10 42 43.543     225.5
109
 2013 04 20 10 37 19.107     2013 04 20 10 40 10.987     171.9
 2013 04 20 20 37 34.724     2013 04 20 20 40 47.426     192.7
110
 2013 04 20 12 13 49.161     2013 04 20 12 17 17.725     208.6
111
 2013 04 20 12 16 52.293     2013 04 20 12 17  1.112       8.8
 2013 04 20 22 09  4.450     2013 04 20 22 09 48.702      44.3
112
 2013 04 20 10 37 14.314     2013 04 20 10 40 20.071     185.8
 2013 04 20 20 36 30.321     2013 04 20 20 39 12.144     161.8
113
 2013 04 20 00 12 40.582     2013 04 20 00 15 52.048     191.5
114
 2013 04 20 13 57 20.140     2013 04 20 14 00 24.061     183.9
 2013 04 20 18 52 36.625     2013 04 20 18 55 15.053     158.4
115
 2013 04 20 10 34  7.620     2013 04 20 10 36 42.777     155.2
116
 2013 04 20 00 09 34.960     2013 04 20 00 12  9.456     154.5
 2013 04 20 13 44 47.756     2013 04 20 13 48 13.362     205.6
117
 2013 04 20 13 50 30.410     2013 04 20 13 50 39.719       9.3
 2013 04 20 22 05 41.348     2013 04 20 22 08 18.303     157.0
118
 2013 04 20 10 40 32.866     2013 04 20 10 43 12.078     159.2
 2013 04 20 18 57 18.547     2013 04 20 19 01  6.655     228.1
119
 2013 04 20 13 53 21.986     2013 04 20 13 56   .433     158.4
 2013 04 20 20 28  9.581     2013 04 20 20 31 44.294     214.7
120
 2013 04 20 10 36   .537     2013 04 20 10 38 40.919     160.4
 2013 04 20 20 38  9.423     2013 04 20 20 40 54.622     165.2
121
 2013 04 20 12 21 23.637     2013 04 20 12 24  3.155     159.5
 2013 04 20 17 16 23.872     2013 04 20 17 19 59.793     215.9
 2013 04 20 18 54   .970     2013 04 20 18 54 24.166      23.2
122
 2013 04 20 15 29 42.285     2013 04 20 15 33 23.340     221.1
 2013 04 20 22 04 25.416     2013 04 20 22 07 52.147     206.7
123
 2013 04 20 10 36  9.142     2013 04 20 10 36 29.403      20.3
 2013 04 20 20 36 15.514     2013 04 20 20 39  3.008     167.5
124
 2013 04 20 13 55 56.282     2013 04 20 13 59 29.835     213.6
 2013 04 20 18 51 55.521     2013 04 20 18 55 32.703     217.2
125
 2013 04 20 08 56 23.397     2013 04 20 08 59 38.569     195.2
 2013 04 20 20 42 43.369     2013 04 20 20 45 39.762     176.4
126
 2013 04 20 12 21  5.415     2013 04 20 12 22 38.367      93.0
 2013 04 20 17 17 22.400     2013 04 20 17 18 53.085      90.7
127
 2013 04 20 22 09  5.849     2013 04 20 22 12 27.316     201.5
128
 2013 04 20 12 20 58.064     2013 04 20 12 21 26.146      28.1
 2013 04 20 20 30  4.104     2013 04 20 20 31  2.859      58.8
129
 2013 04 20 12 11 41.906     2013 04 20 12 15 27.660     225.8
 2013 04 20 22 10 32.132     2013 04 20 22 13 14.413     162.3
130
 2013 04 20 10 32 57.126     2013 04 20 10 35 36.274     159.1
131
 2013 04 20 13 52 17.011     2013 04 20 13 52 18.584       1.6
132
 2013 04 20 12 21 22.461     2013 04 20 12 24  1.089     158.6
 2013 04 20 17 16 11.052     2013 04 20 17 19 35.375     204.3
 2013 04 20 18 53 39.579     2013 04 20 18 53 56.985      17.4
133
 2013 04 20 13 55 19.148     2013 04 20 13 58 56.640     217.5
 2013 04 20 20 29 43.170     2013 04 20 20 33 24.191     221.0
134
 2013 04 20 12 08 44.217     2013 04 20 12 11 31.178     167.0
135
 2013 04 20 22 13 12.678     2013 04 20 22 13 33.851      21.2
136
137
 2013 04 20 00 10 16.095     2013 04 20 00 13 17.844     181.7
 2013 04 20 13 43 19.006     2013 04 20 13 43 26.095       7.1
138
 2013 04 20 20 41 43.531     2013 04 20 20 44 18.737     155.2
139
 2013 04 20 15 30 13.234     2013 04 20 15 33  2.324     169.1
 2013 04 20 17 07 36.463     2013 04 20 17 07 40.403       3.9
 2013 04 20 20 24 55.083     2013 04 20 20 28 22.914     207.8
 2013 04 20 22 02 35.317     2013 04 20 22 06 29.061     233.7
140
 2013 04 20 13 56 20.998     2013 04 20 13 59 10.542     169.5
 2013 04 20 18 51 37.972     2013 04 20 18 54 48.614     190.6
141
 2013 04 20 13 53  5.653     2013 04 20 13 56 37.907     212.3
 2013 04 20 20 29 26.663     2013 04 20 20 32 59.357     212.7
142
 2013 04 20 12 08 24.390     2013 04 20 12 11  3.825     159.4
143
 2013 04 20 00 11 52.311     2013 04 20 00 13 33.726     101.4
144
 2013 04 20 15 29 12.781     2013 04 20 15 32  8.285     175.5
 2013 04 20 22 04  7.633     2013 04 20 22 06 47.667     160.0
145
146
 2013 04 20 22 14  3.539     2013 04 20 22 15 55.464     111.9
147
 2013 04 20 10 33 13.917     2013 04 20 10 35 47.798     153.9
148
 2013 04 20 12 19 11.241     2013 04 20 12 21   .871     109.6
 2013 04 20 18 55 38.051     2013 04 20 18 58 18.930     160.9
149
 2013 04 20 20 30 32.859     2013 04 20 20 33 38.093     185.2
150
 2013 04 20 12 17 59.570     2013 04 20 12 20 39.334     159.8
 2013 04 20 20 31  8.548     2013 04 20 20 31  9.414        .9
151
 2013 04 20 12 21 13.387     2013 04 20 12 24 42.699     209.3
 2013 04 20 17 17  7.193     2013 04 20 17 20 58.123     230.9
152
 2013 04 20 10 40  9.511     2013 04 20 10 42 52.604     163.1
153
154
 2013 04 20 13 47 31.984     2013 04 20 13 50 38.918     186.9
155
 2013 04 20 08 55 26.201     2013 04 20 08 58 58.671     212.5
 2013 04 20 20 43  7.349     2013 04 20 20 45 41.700     154.4
156
 2013 04 20 13 51 41.272     2013 04 20 13 54 18.992     157.7
 2013 04 20 22 06 53.498     2013 04 20 22 09 58.472     185.0
157
158
 2013 04 20 20 40 33.337     2013 04 20 20 43 11.819     158.5
159
 2013 04 20 13 55 49.683     2013 04 20 13 59  9.842     200.2
 2013 04 20 18 51 35.091     2013 04 20 18 55 25.129     230.0
160
 2013 04 20 20 30 37.595     2013 04 20 20 33 15.107     157.5
161
162
 2013 04 20 13 54 30.584     2013 04 20 13 57 48.320     197.7
 2013 04 20 15 32  8.986     2013 04 20 15 32 59.094      50.1
 2013 04 20 20 28   .210     2013 04 20 20 30 49.355     169.1
163
 2013 04 20 12 11 32.428     2013 04 20 12 14 19.012     166.6
 2013 04 20 22 12 25.257     2013 04 20 22 15 13.130     167.9
164
 2013 04 20 12 09 55.955     2013 04 20 12 12 38.159     162.2
 2013 04 20 22 12 44.549     2013 04 20 22 16  4.701     200.2
165
 2013 04 20 13 49 20.348     2013 04 20 13 51 55.542     155.2
166
167
168
 2013 04 20 12 18 30.591     2013 04 20 12 21 25.652     175.1
 2013 04 20 18 53  5.539     2013 04 20 18 56 48.959     223.4
169
 2013 04 20 12 19 15.298     2013 04 20 12 22 50.264     215.0
 2013 04 20 18 55 24.456     2013 04 20 18 58  7.561     163.1
170
 2013 04 20 12 11 40.016     2013 04 20 12 15 15.074     215.1
 2013 04 20 22 10 42.619     2013 04 20 22 13 22.784     160.2
171
 2013 04 20 00 07 34.533     2013 04 20 00 11 13.614     219.1
 2013 04 20 13 46 55.546     2013 04 20 13 49 33.235     157.7
172
 2013 04 20 10 40 19.942     2013 04 20 10 43 40.664     200.7
 2013 04 20 18 58 47.256     2013 04 20 19 02  3.264     196.0
173
 2013 04 20 10 36 53.735     2013 04 20 10 39 29.732     156.0
 2013 04 20 20 37 22.756     2013 04 20 20 39 58.124     155.4
174
 2013 04 20 13 53 20.657     2013 04 20 13 56 15.297     174.6
 2013 04 20 20 28 56.683     2013 04 20 20 32 29.792     213.1
175
 2013 04 20 10 40  6.372     2013 04 20 10 42 44.048     157.7
176
 2013 04 20 12 16  2.663     2013 04 20 12 19 38.790     216.1
 2013 04 20 20 31 20.705     2013 04 20 20 33 57.691     157.0
177
 2013 04 20 00 14 54.918     2013 04 20 00 14 58.554       3.6
178
 2013 04 20 00 11 21.713     2013 04 20 00 14 10.435     168.7
179
 2013 04 20 12 21  7.029     2013 04 20 12 21 23.616      16.6
 2013 04 20 20 30  6.567     2013 04 20 20 32 17.417     130.8
180
181
 2013 04 20 20 41 43.308     2013 04 20 20 44 26.232     162.9
182
 2013 04 20 12 13 42.111     2013 04 20 12 16 17.162     155.1
183
184
185
 2013 04 20 13 51 24.230     2013 04 20 13 54 23.902     179.7
 2013 04 20 22 07 25.060     2013 04 20 22 10 29.398     184.3
186
 2013 04 20 00 13 36.691     2013 04 20 00 16 10.926     154.2
 2013 04 20 12 07 14.958     2013 04 20 12 08 15.610      60.7
187
 2013 04 20 13 55 44.575     2013 04 20 13 58 32.246     167.7
 2013 04 20 15 33  7.331     2013 04 20 15 33 10.798       3.5
 2013 04 20 18 50 27.301     2013 04 20 18 53 50.065     202.8
 2013 04 20 20 27 59.876     2013 04 20 20 28 54.684      54.8
188
 2013 04 20 00 11 48.122     2013 04 20 00 14 34.675     166.6
189
 2013 04 20 12 17 21.626     2013 04 20 12 18 31.301      69.7
190
 2013 04 20 10 32 51.819     2013 04 20 10 35 48.302     176.5
191
 2013 04 20 00 12 53.821     2013 04 20 00 15 46.935     173.1
 2013 04 20 12 08 53.118     2013 04 20 12 09 16.698      23.6
192
 2013 04 20 12 17 42.227     2013 04 20 12 21 24.903     222.7
 2013 04 20 18 56 25.377     2013 04 20 18 56 26.527       1.2
193
194
 2013 04 20 20 34 17.326     2013 04 20 20 36 53.453     156.1
195
 2013 04 20 12 09 57.541     2013 04 20 12 12 53.796     176.3
 2013 04 20 22 13  5.094     2013 04 20 22 16  7.271     182.2
196
 2013 04 20 13 56  5.080     2013 04 20 13 58 48.481     163.4
 2013 04 20 18 51 12.759     2013 04 20 18 54 41.721     209.0
197
 2013 04 20 00 09 32.257     2013 04 20 00 12 49.576     197.3
198
 2013 04 20 13 54  6.574     2013 04 20 13 54 44.140      37.6
 2013 04 20 20 30 22.756     2013 04 20 20 33  1.373     158.6
199
 2013 04 20 22 09 46.501     2013 04 20 22 12 32.502     166.0
200
 2013 04 20 20 39 54.743     2013 04 20 20 43 19.117     204.4
201
 2013 04 20 12 12 32.846     2013 04 20 12 15 41.529     188.7
202
 2013 04 20 13 52 51.956     2013 04 20 13 53 16.104      24.1
 2013 04 20 22 05 12.093     2013 04 20 22 09  2.210     230.1
203
 2013 04 20 12 10 53.821     2013 04 20 12 11 59.167      65.3
 2013 04 20 22 13  7.997     2013 04 20 22 16 14.139     186.1
204
205
 2013 04 20 10 31 20.403     2013 04 20 10 34 50.662     210.3
 2013 04 20 22 16 40.635     2013 04 20 22 20  1.132     200.5
206
 2013 04 20 13 56 13.744     2013 04 20 13 59  8.999     175.3
 2013 04 20 18 51 37.089     2013 04 20 18 54 56.756     199.7
207
 2013 04 20 10 31 54.414     2013 04 20 10 35 12.042     197.6
 2013 04 20 22 16 13.908     2013 04 20 22 16 52.673      38.8
208
 2013 04 20 12 19 32.219     2013 04 20 12 19 47.605      15.4
 2013 04 20 18 55 52.019     2013 04 20 18 58 31.441     159.4
209
 2013 04 20 12 18  9.280     2013 04 20 12 21 18.901     189.6
210
 2013 04 20 00 13  2.732     2013 04 20 00 15 46.368     163.6
 2013 04 20 12 08 52.702     2013 04 20 12 09  6.294      13.6
211
 2013 04 20 00 16 12.448     2013 04 20 00 16 32.115      19.7
212
 2013 04 20 15 28 56.615     2013 04 20 15 32  1.618     185.0
 2013 04 20 22 04 16.215     2013 04 20 22 06 53.557     157.3
213
 2013 04 20 10 31 56.073     2013 04 20 10 35 25.001     208.9
 2013 04 20 22 16  1.245     2013 04 20 22 16 29.071      27.8
214
 2013 04 20 12 16 43.972     2013 04 20 12 19 23.337     159.4
 2013 04 20 20 32  9.131     2013 04 20 20 34 51.078     161.9
215
 2013 04 20 12 11 13.993     2013 04 20 12 14 14.341     180.3
 2013 04 20 22 11 26.552     2013 04 20 22 14  3.104     156.6
216
 2013 04 20 00 08 47.406     2013 04 20 00 12 10.612     203.2
 2013 04 20 13 45 51.490     2013 04 20 13 49 24.191     212.7
217
 2013 04 20 15 27 57.584     2013 04 20 15 31 42.434     224.9
 2013 04 20 22 04 26.913     2013 04 20 22 07 28.994     182.1
218
 2013 04 20 00 11 41.030     2013 04 20 00 15 15.654     214.6
219
 2013 04 20 12 17 11.673     2013 04 20 12 20  7.726     176.1
 2013 04 20 20 31 26.057     2013 04 20 20 34 37.019     191.0
220
 2013 04 20 10 33 41.176     2013 04 20 10 37  4.653     203.5
221
 2013 04 20 20 35 14.010     2013 04 20 20 38 16.672     182.7
222
 2013 04 20 12 14 28.337     2013 04 20 12 17 38.351     190.0
223
 2013 04 20 20 30 25.975     2013 04 20 20 33 12.038     166.1
224
 2013 04 20 12 07   .957     2013 04 20 12 09 41.166     160.2
225
 2013 04 20 10 40 40.904     2013 04 20 10 43 52.848     191.9
 2013 04 20 18 56 51.745     2013 04 20 19 00 13.558     201.8
226
 2013 04 20 12 18 47.786     2013 04 20 12 21 28.250     160.5
 2013 04 20 18 54   .280     2013 04 20 18 57 38.540     218.3
227
 2013 04 20 10 39 26.974     2013 04 20 10 42 29.090     182.1
228
229
 2013 04 20 13 49 12.796     2013 04 20 13 51 51.069     158.3
230
231
 2013 04 20 13 54 54.938     2013 04 20 13 57 33.245     158.3
 2013 04 20 20 28 46.714     2013 04 20 20 31 34.678     168.0
232
 2013 04 20 13 49 15.010     2013 04 20 13 51 53.726     158.7
233
 2013 04 20 15 29 35.609     2013 04 20 15 32 17.866     162.3
 2013 04 20 22 03 46.798     2013 04 20 22 06 38.793     172.0
234
 2013 04 20 12 21 41.640     2013 04 20 12 24 58.480     196.8
 2013 04 20 17 17 27.268     2013 04 20 17 20 42.210     194.9
235
 2013 04 20 12 11 34.252     2013 04 20 12 12 49.507      75.3
236
 2013 04 20 13 48 59.460     2013 04 20 13 51 36.054     156.6
237
 2013 04 20 00 09 53.022     2013 04 20 00 12 46.950     173.9
 2013 04 20 13 43 54.240     2013 04 20 13 47 32.667     218.4
238
 2013 04 20 10 33 51.118     2013 04 20 10 36 24.802     153.7
239
240
 2013 04 20 13 49  2.811     2013 04 20 13 52 48.227     225.4
 2013 04 20 22 08  7.632     2013 04 20 22 11 37.176     209.5
241
242
 2013 04 20 10 41 24.569     2013 04 20 10 44 10.367     165.8
 2013 04 20 18 58 25.070     2013 04 20 19 01  4.481     159.4
243
 2013 04 20 13 47 52.297     2013 04 20 13 51  1.254     189.0
244
 2013 04 20 13 55 35.475     2013 04 20 13 59 21.205     225.7
 2013 04 20 18 51 41.778     2013 04 20 18 51 45.502       3.7
 2013 04 20 20 29 34.866     2013 04 20 20 29 42.917       8.1
245
 2013 04 20 20 40 11.147     2013 04 20 20 43 56.459     225.3
246
 2013 04 20 20 34 54.285     2013 04 20 20 38  6.270     192.0
247
 2013 04 20 00 08 22.577     2013 04 20 00 11 52.979     210.4
 2013 04 20 13 46 16.393     2013 04 20 13 49 25.961     189.6
248
 2013 04 20 12 09 48.568     2013 04 20 12 12 34.177     165.6
 2013 04 20 22 12 49.088     2013 04 20 22 16 13.561     204.5
249
 2013 04 20 00 10 26.851     2013 04 20 00 13 28.597     181.7
250
 2013 04 20 12 21  1.696     2013 04 20 12 21 31.919      30.2
 2013 04 20 20 29 58.304     2013 04 20 20 30 16.685      18.4
251
 2013 04 20 12 21 25.566     2013 04 20 12 24  7.129     161.6
 2013 04 20 17 16 11.610     2013 04 20 17 19 25.535     193.9
252
253
 2013 04 20 12 18 30.640     2013 04 20 12 22  5.479     214.8
 2013 04 20 18 52 54.458     2013 04 20 18 56  3.546     189.1
254
 2013 04 20 10 37 39.981     2013 04 20 10 40 21.503     161.5
 2013 04 20 20 37 10.169     2013 04 20 20 40 34.529     204.4
255
 2013 04 20 10 39 22.167     2013 04 20 10 43  3.819     221.7
256
 2013 04 20 12 08 21.707     2013 04 20 12 11  2.791     161.1
257
 2013 04 20 15 30 53.136     2013 04 20 15 33 30.737     157.6
 2013 04 20 20 25 45.461     2013 04 20 20 28 48.364     182.9
258
 2013 04 20 20 37  5.192     2013 04 20 20 37 57.330      52.1
259
 2013 04 20 12 16 35.678     2013 04 20 12 19 19.377     163.7
 2013 04 20 20 32 48.030     2013 04 20 20 35 30.310     162.3
260
 2013 04 20 13 48 28.646     2013 04 20 13 51 16.740     168.1
261
 2013 04 20 08 55 23.551     2013 04 20 08 55 41.326      17.8
 2013 04 20 20 42 56.077     2013 04 20 20 45 30.577     154.5
262
 2013 04 20 00 15 41.710     2013 04 20 00 16 17.167      35.5
263
 2013 04 20 20 40 41.093     2013 04 20 20 44 20.920     219.8
264
 2013 04 20 12 18 27.579     2013 04 20 12 21 57.066     209.5
 2013 04 20 18 54 46.244     2013 04 20 18 58 26.621     220.4
265
 2013 04 20 12 18 43.182     2013 04 20 12 21 21.238     158.1
 2013 04 20 18 53 49.500     2013 04 20 18 57 35.778     226.3
266
 2013 04 20 15 30 10.232     2013 04 20 15 33 44.375     214.1
 2013 04 20 20 29 44.630     2013 04 20 20 30 13.594      29.0
 2013 04 20 22 04  4.656     2013 04 20 22 04 36.727      32.1
267
 2013 04 20 22 16 15.351     2013 04 20 22 18 59.581     164.2
268
 2013 04 20 00 13 29.021     2013 04 20 00 16  2.847     153.8
 2013 04 20 12 07 47.025     2013 04 20 12 08 28.591      41.6
269
270
 2013 04 20 15 29  3.586     2013 04 20 15 32 24.136     200.5
 2013 04 20 22 04 28.552     2013 04 20 22 07  8.792     160.2
271
 2013 04 20 13 51 42.621     2013 04 20 13 54 19.297     156.7
 2013 04 20 22 06 37.596     2013 04 20 22 09 40.041     182.4
272
 2013 04 20 10 34 28.937     2013 04 20 10 37 53.478     204.5
273
 2013 04 20 13 55  8.107     2013 04 20 13 55 40.003      31.9
 2013 04 20 22 04 57.475     2013 04 20 22 08 27.705     210.2
274
 2013 04 20 12 15  9.948     2013 04 20 12 18  7.775     177.8
 2013 04 20 20 33  2.639     2013 04 20 20 36 17.695     195.1
275
 2013 04 20 13 48 29.255     2013 04 20 13 52 15.850     226.6
276
 2013 04 20 22 09  6.290     2013 04 20 22 12 55.575     229.3
277
 2013 04 20 10 45 35.715     2013 04 20 10 46 16.105      40.4
 2013 04 20 18 56  2.359     2013 04 20 18 59 13.895     191.5
278
 2013 04 20 15 29 25.013     2013 04 20 15 32 45.430     200.4
 2013 04 20 22 04 23.685     2013 04 20 22 07 18.997     175.3
279
280
 2013 04 20 12 09 26.780     2013 04 20 12 12  8.297     161.5
281
 2013 04 20 12 09 54.326     2013 04 20 12 11 11.506      77.2
 2013 04 20 22 13 46.953     2013 04 20 22 16 21.990     155.0
282
 2013 04 20 13 49 54.852     2013 04 20 13 53 22.618     207.8
 2013 04 20 22 05 53.433     2013 04 20 22 09   .824     187.4
283
 2013 04 20 12 21  4.988     2013 04 20 12 23 48.777     163.8
 2013 04 20 17 19 46.969     2013 04 20 17 20 16.080      29.1
 2013 04 20 18 54 22.057     2013 04 20 18 58  1.903     219.8
284
 2013 04 20 12 19  8.201     2013 04 20 12 22  1.749     173.5
 2013 04 20 18 53 35.885     2013 04 20 18 56 31.263     175.4
285
 2013 04 20 13 48 16.154     2013 04 20 13 51 33.404     197.3
286
287
288
289
 2013 04 20 12 17  9.421     2013 04 20 12 19 56.875     167.5
 2013 04 20 20 31 39.546     2013 04 20 20 34 44.818     185.3
290
 2013 04 20 10 37 57.275     2013 04 20 10 40 32.525     155.3
 2013 04 20 20 36 35.907     2013 04 20 20 40   .990     205.1
291
 2013 04 20 13 48 30.008     2013 04 20 13 51 11.761     161.8
292
 2013 04 20 12 07 42.653     2013 04 20 12 10 24.673     162.0
293
 2013 04 20 13 55  2.087     2013 04 20 13 57 39.347     157.3
 2013 04 20 20 28 56.677     2013 04 20 20 31 48.861     172.2
294
 2013 04 20 12 20 27.072     2013 04 20 12 23 31.490     184.4
 2013 04 20 13 57 58.919     2013 04 20 13 58 32.534      33.6
 2013 04 20 17 15  3.793     2013 04 20 17 15 50.439      46.6
 2013 04 20 18 53 28.061     2013 04 20 18 56 40.677     192.6
295
 2013 04 20 13 50 49.909     2013 04 20 13 53 28.649     158.7
 2013 04 20 22 07 20.324     2013 04 20 22 09 56.926     156.6
296
 2013 04 20 13 53 55.954     2013 04 20 13 56 52.659     176.7
 2013 04 20 20 28 14.777     2013 04 20 20 30 58.150     163.4
297
 2013 04 20 13 53 25.911     2013 04 20 13 56 12.125     166.2
 2013 04 20 20 28  3.362     2013 04 20 20 31 24.023     200.7
298
 2013 04 20 12 08 59.200     2013 04 20 12 12 32.184     213.0
 2013 04 20 22 13 32.960     2013 04 20 22 17  6.122     213.2
299
 2013 04 20 00 12 22.553     2013 04 20 00 15  2.422     159.9
