s4
0
 2013 04 20 18 41 36.592     2013 04 20 18 44 13.679     157.1
1
 2013 04 20 10 20 21.921     2013 04 20 10 23 34.450     192.5
 2013 04 20 20 22 28.942     2013 04 20 20 25 47.231     198.3
2
 2013 04 20 13 36 30.770     2013 04 20 13 36 34.737       4.0
 2013 04 20 23 29 43.956     2013 04 20 23 30 50.754      66.8
3
 2013 04 20 11 57 31.194     2013 04 20 11 57 41.361      10.2
4
 2013 04 20 12 01 46.716     2013 04 20 12 04 30.874     164.2
 2013 04 20 20 17 39.190     2013 04 20 20 20 30.744     171.6
5
 2013 04 20 13 33 48.597     2013 04 20 13 37 39.726     231.1
6
 2013 04 20 10 23 25.078     2013 04 20 10 24 12.980      47.9
 2013 04 20 20 21 48.742     2013 04 20 20 25 11.183     202.4
7
8
 2013 04 20 12 03 50.769     2013 04 20 12 06 53.967     183.2
 2013 04 20 18 38 58.730     2013 04 20 18 41 56.634     177.9
9
 2013 04 20 13 37 10.319     2013 04 20 13 39 49.665     159.3
 2013 04 20 21 52  3.672     2013 04 20 21 55 42.997     219.3
10
 2013 04 20 20 20 36.926     2013 04 20 20 23 37.096     180.2
11
 2013 04 20 20 26  9.889     2013 04 20 20 29 17.593     187.7
12
 2013 04 20 10 19 46.665     2013 04 20 10 22 58.580     191.9
 2013 04 20 20 24 28.039     2013 04 20 20 27 32.108     184.1
13
 2013 04 20 13 39  1.032     2013 04 20 13 42 22.088     201.1
 2013 04 20 20 15 32.649     2013 04 20 20 18 13.012     160.4
14
 2013 04 20 12 02 19.833     2013 04 20 12 02 32.810      13.0
15
 2013 04 20 13 42 10.438     2013 04 20 13 45  3.030     172.6
 2013 04 20 18 37 50.873     2013 04 20 18 40 28.847     158.0
16
 2013 04 20 13 30 15.013     2013 04 20 13 32 57.435     162.4
 2013 04 20 23 32 36.522     2013 04 20 23 35 29.229     172.7
17
 2013 04 20 13 35 20.203     2013 04 20 13 38  5.805     165.6
 2013 04 20 21 52 31.843     2013 04 20 21 55 26.676     174.8
18
 2013 04 20 23 36  5.537     2013 04 20 23 39 12.619     187.1
19
 2013 04 20 11 51  5.796     2013 04 20 11 54 35.525     209.7
20
 2013 04 20 10 19 23.461     2013 04 20 10 22 13.159     169.7
21
 2013 04 20 20 30 20.841     2013 04 20 20 31  3.694      42.9
22
 2013 04 20 10 22 33.819     2013 04 20 10 25 12.218     158.4
 2013 04 20 20 22 31.597     2013 04 20 20 26  6.284     214.7
23
 2013 04 20 11 53 42.199     2013 04 20 11 56 24.031     161.8
24
25
 2013 04 20 10 23 49.624     2013 04 20 10 26 40.744     171.1
26
 2013 04 20 11 59 53.654     2013 04 20 12 02 31.465     157.8
 2013 04 20 20 17 57.284     2013 04 20 20 21 45.465     228.2
27
 2013 04 20 13 33 31.516     2013 04 20 13 36 29.046     177.5
28
 2013 04 20 12 03  5.937     2013 04 20 12 06 36.162     210.2
 2013 04 20 18 40  7.196     2013 04 20 18 40 16.548       9.4
29
 2013 04 20 23 35 34.312     2013 04 20 23 36 16.025      41.7
30
 2013 04 20 10 24 39.947     2013 04 20 10 28 18.488     218.5
 2013 04 20 18 45 36.089     2013 04 20 18 45 58.404      22.3
31
 2013 04 20 15 13 39.192     2013 04 20 15 17 22.196     223.0
 2013 04 20 21 50 32.531     2013 04 20 21 53 11.521     159.0
32
33
 2013 04 20 12 04 53.414     2013 04 20 12 06 18.335      84.9
 2013 04 20 18 41 11.374     2013 04 20 18 44  8.195     176.8
34
 2013 04 20 11 52 17.212     2013 04 20 11 53 18.294      61.1
35
 2013 04 20 13 38 13.114     2013 04 20 13 41 36.393     203.3
 2013 04 20 20 15  4.797     2013 04 20 20 18 32.921     208.1
36
 2013 04 20 23 34 30.019     2013 04 20 23 37 21.395     171.4
37
 2013 04 20 12 01 32.429     2013 04 20 12 05  3.496     211.1
 2013 04 20 20 18 47.987     2013 04 20 20 22  7.163     199.2
38
 2013 04 20 13 32 14.173     2013 04 20 13 34 51.947     157.8
 2013 04 20 23 31 37.035     2013 04 20 23 35 18.111     221.1
39
 2013 04 20 12 04 26.423     2013 04 20 12 07 49.599     203.2
 2013 04 20 13 42 14.675     2013 04 20 13 42 39.488      24.8
 2013 04 20 18 38 58.183     2013 04 20 18 41 37.070     158.9
40
 2013 04 20 13 28 41.609     2013 04 20 13 31 21.413     159.8
41
 2013 04 20 11 54 14.185     2013 04 20 11 57 51.407     217.2
 2013 04 20 21 59 33.274     2013 04 20 22 02 32.573     179.3
42
43
 2013 04 20 15 14 59.652     2013 04 20 15 17 39.673     160.0
 2013 04 20 21 49 26.240     2013 04 20 21 52 31.168     184.9
44
45
 2013 04 20 00 00   .000     2013 04 20 00 01  9.180      69.2
 2013 04 20 11 50 39.998     2013 04 20 11 53 17.210     157.2
 2013 04 20 23 38 29.268     2013 04 20 23 42 10.409     221.1
46
47
48
 2013 04 20 22 00 49.213     2013 04 20 22 03 39.290     170.1
49
 2013 04 20 15 13 45.357     2013 04 20 15 17   .088     194.7
 2013 04 20 21 50 11.094     2013 04 20 21 52 52.624     161.5
50
 2013 04 20 13 39   .597     2013 04 20 13 42 20.105     199.5
 2013 04 20 20 15 31.135     2013 04 20 20 18 12.003     160.9
51
 2013 04 20 10 21 36.730     2013 04 20 10 24 39.902     183.2
 2013 04 20 20 23 39.093     2013 04 20 20 26 40.152     181.1
52
 2013 04 20 13 40 50.305     2013 04 20 13 43 30.948     160.6
 2013 04 20 18 36 20.554     2013 04 20 18 40  9.049     228.5
 2013 04 20 20 14 23.596     2013 04 20 20 16  2.318      98.7
53
54
55
 2013 04 20 13 31 42.627     2013 04 20 13 35 33.938     231.3
 2013 04 20 23 30 43.831     2013 04 20 23 33 50.603     186.8
56
 2013 04 20 13 39 34.099     2013 04 20 13 42 27.333     173.2
 2013 04 20 20 14  7.878     2013 04 20 20 16 48.605     160.7
57
 2013 04 20 11 57 38.962     2013 04 20 12 00 24.547     165.6
 2013 04 20 21 56 27.661     2013 04 20 22 00 15.061     227.4
58
59
 2013 04 20 11 59 34.218     2013 04 20 12 02 46.651     192.4
 2013 04 20 20 20 35.853     2013 04 20 20 21  1.143      25.3
60
 2013 04 20 13 33  8.196     2013 04 20 13 36  7.433     179.2
61
 2013 04 20 13 37 52.319     2013 04 20 13 41 44.732     232.4
 2013 04 20 20 15 16.382     2013 04 20 20 18 57.310     220.9
62
63
 2013 04 20 13 32  8.922     2013 04 20 13 35 14.460     185.5
 2013 04 20 23 31  2.565     2013 04 20 23 34 30.923     208.4
64
 2013 04 20 12 05 40.883     2013 04 20 12 05 52.133      11.2
 2013 04 20 20 16  9.940     2013 04 20 20 19 26.929     197.0
65
66
 2013 04 20 12 06 34.177     2013 04 20 12 09 13.768     159.6
 2013 04 20 17 01 54.579     2013 04 20 17 04 55.412     180.8
67
 2013 04 20 13 39  8.229     2013 04 20 13 39 45.219      37.0
 2013 04 20 20 16  6.066     2013 04 20 20 18 45.007     158.9
68
 2013 04 20 00 00 58.441     2013 04 20 00 01  2.216       3.8
 2013 04 20 11 50 53.021     2013 04 20 11 53 30.143     157.1
 2013 04 20 23 38 10.760     2013 04 20 23 39 44.060      93.3
69
 2013 04 20 22 01 30.839     2013 04 20 22 04 15.875     165.0
70
 2013 04 20 13 33 12.926     2013 04 20 13 36 27.216     194.3
71
 2013 04 20 15 16 13.016     2013 04 20 15 19 23.575     190.6
 2013 04 20 20 12 22.835     2013 04 20 20 15 25.265     182.4
72
73
74
 2013 04 20 15 15 31.968     2013 04 20 15 18 10.429     158.5
 2013 04 20 20 10 53.432     2013 04 20 20 14 37.111     223.7
 2013 04 20 21 48 55.060     2013 04 20 21 52 46.824     231.8
75
 2013 04 20 11 58 44.189     2013 04 20 12 01 21.558     157.4
76
 2013 04 20 20 21  7.253     2013 04 20 20 23 43.535     156.3
77
 2013 04 20 12 05 31.912     2013 04 20 12 09  5.399     213.5
 2013 04 20 18 40 41.756     2013 04 20 18 44 13.846     212.1
78
 2013 04 20 20 20 33.139     2013 04 20 20 23 10.661     157.5
79
 2013 04 20 18 41 32.294     2013 04 20 18 44 18.081     165.8
80
 2013 04 20 15 13 24.146     2013 04 20 15 16 25.180     181.0
 2013 04 20 21 49 44.948     2013 04 20 21 52 49.422     184.5
81
 2013 04 20 21 58 51.185     2013 04 20 21 59 20.563      29.4
82
83
 2013 04 20 21 55  9.272     2013 04 20 21 58 14.267     185.0
84
 2013 04 20 10 21 29.035     2013 04 20 10 24 40.934     191.9
 2013 04 20 20 23 47.386     2013 04 20 20 26 48.513     181.1
85
 2013 04 20 11 53  1.821     2013 04 20 11 55 42.515     160.7
86
 2013 04 20 11 59 36.233     2013 04 20 12 02 16.901     160.7
87
 2013 04 20 21 55  5.994     2013 04 20 21 55 29.229      23.2
88
 2013 04 20 13 34  8.324     2013 04 20 13 36 46.098     157.8
89
 2013 04 20 11 55 46.928     2013 04 20 11 59 21.019     214.1
 2013 04 20 21 58 56.314     2013 04 20 22 01 50.452     174.1
90
 2013 04 20 11 55  9.337     2013 04 20 11 58 28.808     199.5
 2013 04 20 21 57  7.740     2013 04 20 22 00 20.872     193.1
91
 2013 04 20 12 04 50.121     2013 04 20 12 07 31.133     161.0
 2013 04 20 18 39 42.866     2013 04 20 18 42 20.793     157.9
92
 2013 04 20 11 51 10.319     2013 04 20 11 54 10.170     179.9
 2013 04 20 23 37 17.966     2013 04 20 23 38 10.847      52.9
93
 2013 04 20 12 01 59.761     2013 04 20 12 05 36.783     217.0
 2013 04 20 20 16 27.082     2013 04 20 20 19 54.215     207.1
94
95
 2013 04 20 20 25 54.106     2013 04 20 20 28 39.716     165.6
96
 2013 04 20 13 36  8.258     2013 04 20 13 37 29.156      80.9
 2013 04 20 21 53 42.440     2013 04 20 21 57 13.932     211.5
97
 2013 04 20 10 19 10.868     2013 04 20 10 21 52.207     161.3
98
 2013 04 20 13 34  4.630     2013 04 20 13 36 59.995     175.4
99
 2013 04 20 20 24 43.592     2013 04 20 20 28 23.622     220.0
100
 2013 04 20 12 01  9.789     2013 04 20 12 03 47.547     157.8
 2013 04 20 20 18 16.294     2013 04 20 20 20 52.643     156.3
101
 2013 04 20 22 01 52.350     2013 04 20 22 04 53.394     181.0
102
 2013 04 20 00 00   .000     2013 04 20 00 00  8.395       8.4
 2013 04 20 11 49 18.543     2013 04 20 11 52 39.928     201.4
 2013 04 20 23 38 34.277     2013 04 20 23 41  9.768     155.5
103
 2013 04 20 12 01 48.498     2013 04 20 12 04 26.720     158.2
 2013 04 20 20 18  3.543     2013 04 20 20 20 58.347     174.8
104
105
 2013 04 20 10 16 50.080     2013 04 20 10 20  4.015     193.9
106
 2013 04 20 20 26  6.594     2013 04 20 20 28 52.382     165.8
107
 2013 04 20 10 16  9.165     2013 04 20 10 19 14.716     185.6
108
 2013 04 20 20 19 54.089     2013 04 20 20 23 38.117     224.0
109
 2013 04 20 10 21 30.781     2013 04 20 10 24 11.759     161.0
 2013 04 20 20 23  2.036     2013 04 20 20 25 37.477     155.4
110
 2013 04 20 21 54 35.837     2013 04 20 21 55 13.275      37.4
111
 2013 04 20 21 54 56.416     2013 04 20 21 57 56.700     180.3
112
 2013 04 20 20 21 36.926     2013 04 20 20 24 22.056     165.1
113
114
 2013 04 20 13 41 57.090     2013 04 20 13 44 43.956     166.9
 2013 04 20 18 37 35.406     2013 04 20 18 40 16.934     161.5
115
 2013 04 20 10 17 58.349     2013 04 20 10 21  3.439     185.1
116
 2013 04 20 13 29 36.947     2013 04 20 13 32 15.414     158.5
 2013 04 20 23 33  7.447     2013 04 20 23 36 27.096     199.6
117
 2013 04 20 21 50 51.953     2013 04 20 21 53 46.189     174.2
118
 2013 04 20 10 24 18.912     2013 04 20 10 27 43.991     205.1
119
 2013 04 20 13 37 39.288     2013 04 20 13 40 44.138     184.8
120
 2013 04 20 10 20   .785     2013 04 20 10 22 52.990     172.2
 2013 04 20 20 22 44.700     2013 04 20 20 26 32.588     227.9
121
 2013 04 20 12 05 42.645     2013 04 20 12 08 23.616     161.0
 2013 04 20 17 00 55.770     2013 04 20 17 01  5.603       9.8
 2013 04 20 18 39 27.042     2013 04 20 18 42 50.755     203.7
122
 2013 04 20 15 14 36.713     2013 04 20 15 17 43.091     186.4
 2013 04 20 21 50  5.735     2013 04 20 21 52 56.428     170.7
123
 2013 04 20 20 20 52.656     2013 04 20 20 24 39.325     226.7
124
 2013 04 20 13 40 38.523     2013 04 20 13 43 41.877     183.4
 2013 04 20 18 40 35.417     2013 04 20 18 40 46.714      11.3
 2013 04 20 20 14 56.381     2013 04 20 20 18 44.366     228.0
125
 2013 04 20 20 27 59.992     2013 04 20 20 30 37.989     158.0
126
 2013 04 20 12 05 39.559     2013 04 20 12 08 59.784     200.2
 2013 04 20 18 40 31.158     2013 04 20 18 44  6.503     215.3
127
 2013 04 20 13 33 13.163     2013 04 20 13 34 14.539      61.4
128
 2013 04 20 13 39 56.592     2013 04 20 13 43 41.294     224.7
 2013 04 20 20 15 41.167     2013 04 20 20 18 52.941     191.8
129
 2013 04 20 21 55 50.031     2013 04 20 21 58 33.836     163.8
130
 2013 04 20 10 16 53.719     2013 04 20 10 19 50.134     176.4
131
 2013 04 20 13 37  9.524     2013 04 20 13 40 31.403     201.9
132
 2013 04 20 12 05 35.243     2013 04 20 12 08 29.923     174.7
 2013 04 20 17 00 45.231     2013 04 20 17 04 35.234     230.0
 2013 04 20 18 39  5.256     2013 04 20 18 42 31.866     206.6
133
 2013 04 20 13 40  2.840     2013 04 20 13 43  6.872     184.0
 2013 04 20 20 15 16.384     2013 04 20 20 18 16.026     179.6
134
 2013 04 20 11 53   .379     2013 04 20 11 55 46.367     166.0
135
 2013 04 20 11 55 34.410     2013 04 20 11 57 43.503     129.1
 2013 04 20 21 59  7.905     2013 04 20 22 02  4.149     176.2
136
 2013 04 20 12 02  2.597     2013 04 20 12 02 30.666      28.1
137
 2013 04 20 13 28 21.586     2013 04 20 13 31 18.257     176.7
138
 2013 04 20 20 26 36.854     2013 04 20 20 29 39.825     183.0
139
 2013 04 20 15 14 41.652     2013 04 20 15 17 58.258     196.6
 2013 04 20 16 52 33.771     2013 04 20 16 56 25.184     231.4
 2013 04 20 20 09 50.833     2013 04 20 20 13 42.180     231.3
 2013 04 20 21 48 18.344     2013 04 20 21 51 33.612     195.3
140
 2013 04 20 13 40 55.438     2013 04 20 13 43 34.346     158.9
 2013 04 20 18 36 22.189     2013 04 20 18 39 59.738     217.5
 2013 04 20 20 14 13.421     2013 04 20 20 14 56.440      43.0
141
 2013 04 20 13 37 52.076     2013 04 20 13 40 45.292     173.2
142
 2013 04 20 11 52  6.100     2013 04 20 11 55 54.459     228.4
143
 2013 04 20 23 36 23.517     2013 04 20 23 39  2.667     159.1
144
 2013 04 20 15 13 59.792     2013 04 20 15 16 38.845     159.1
 2013 04 20 21 49 27.668     2013 04 20 21 52  8.433     160.8
145
 2013 04 20 23 34 37.543     2013 04 20 23 37 49.070     191.5
146
 2013 04 20 21 59 54.263     2013 04 20 22 02 39.544     165.3
147
 2013 04 20 10 17   .760     2013 04 20 10 20 11.816     191.1
148
 2013 04 20 12 03 49.186     2013 04 20 12 06 59.608     190.4
 2013 04 20 18 40 22.844     2013 04 20 18 43 30.852     188.0
149
 2013 04 20 13 39 15.381     2013 04 20 13 43  7.534     232.2
 2013 04 20 20 15 57.044     2013 04 20 20 18 36.242     159.2
150
 2013 04 20 12 02  3.239     2013 04 20 12 05 16.124     192.9
 2013 04 20 20 16 49.583     2013 04 20 20 20  9.360     199.8
151
 2013 04 20 12 05 45.393     2013 04 20 12 08 44.768     179.4
 2013 04 20 18 40 15.334     2013 04 20 18 43 47.027     211.7
152
 2013 04 20 10 23 51.875     2013 04 20 10 27 28.368     216.5
153
154
 2013 04 20 13 32 13.436     2013 04 20 13 34 50.619     157.2
 2013 04 20 23 31 42.395     2013 04 20 23 35 26.341     223.9
155
 2013 04 20 20 27 50.370     2013 04 20 20 31 12.843     202.5
156
 2013 04 20 13 36  4.840     2013 04 20 13 38 53.541     168.7
 2013 04 20 21 52 27.951     2013 04 20 21 55  5.366     157.4
157
 2013 04 20 21 54 39.760     2013 04 20 21 57 56.733     197.0
158
 2013 04 20 10 18 27.168     2013 04 20 10 18 43.024      15.9
 2013 04 20 20 25 11.062     2013 04 20 20 28 47.689     216.6
159
 2013 04 20 13 40 30.732     2013 04 20 13 43 24.045     173.3
 2013 04 20 20 14 53.704     2013 04 20 20 18 23.867     210.2
160
 2013 04 20 13 38 40.357     2013 04 20 13 42 22.801     222.4
 2013 04 20 20 15 42.094     2013 04 20 20 18 29.550     167.5
161
 2013 04 20 12 01 49.036     2013 04 20 12 05 13.165     204.1
 2013 04 20 20 18 32.299     2013 04 20 20 22  8.670     216.4
162
 2013 04 20 13 38 41.806     2013 04 20 13 39   .106      18.3
 2013 04 20 15 16 58.725     2013 04 20 15 20 34.459     215.7
 2013 04 20 20 13 17.299     2013 04 20 20 15 55.034     157.7
163
 2013 04 20 11 55 50.066     2013 04 20 11 58 34.368     164.3
 2013 04 20 21 57 47.366     2013 04 20 22 00 27.778     160.4
164
 2013 04 20 11 54  8.230     2013 04 20 11 56 58.131     169.9
165
 2013 04 20 13 33 33.894     2013 04 20 13 36 39.431     185.5
166
 2013 04 20 11 57 36.948     2013 04 20 12 00 47.948     191.0
167
 2013 04 20 22 00 34.951     2013 04 20 22 03 35.954     181.0
168
 2013 04 20 12 02 29.812     2013 04 20 12 06  9.197     219.4
 2013 04 20 20 15 55.762     2013 04 20 20 15 58.105       2.3
169
 2013 04 20 12 03 51.048     2013 04 20 12 06 47.832     176.8
 2013 04 20 18 40  8.013     2013 04 20 18 43 20.445     192.4
170
 2013 04 20 21 55 57.895     2013 04 20 21 58 44.528     166.6
171
 2013 04 20 13 31 14.685     2013 04 20 13 34  8.816     174.1
 2013 04 20 23 32  1.887     2013 04 20 23 34 40.944     159.1
172
 2013 04 20 10 24 46.279     2013 04 20 10 27 26.660     160.4
173
 2013 04 20 10 20 34.404     2013 04 20 10 24  3.475     209.1
 2013 04 20 20 22 17.173     2013 04 20 20 25 18.927     181.8
174
 2013 04 20 13 37 57.264     2013 04 20 13 40 35.398     158.1
175
 2013 04 20 10 23 52.799     2013 04 20 10 27 14.975     202.2
176
 2013 04 20 20 16 19.736     2013 04 20 20 19 16.404     176.7
177
 2013 04 20 13 26 45.722     2013 04 20 13 30 24.902     219.2
178
 2013 04 20 23 35 18.093     2013 04 20 23 38  5.050     167.0
179
 2013 04 20 13 39 52.727     2013 04 20 13 43 36.097     223.4
 2013 04 20 20 15 42.437     2013 04 20 20 18 48.798     186.4
180
 2013 04 20 10 16 17.631     2013 04 20 10 20   .056     222.4
181
 2013 04 20 20 26 48.558     2013 04 20 20 29 35.769     167.2
182
 2013 04 20 11 57 41.560     2013 04 20 12 00 54.061     192.5
 2013 04 20 21 55 52.818     2013 04 20 21 57 34.612     101.8
183
 2013 04 20 10 16 38.103     2013 04 20 10 19 38.514     180.4
184
 2013 04 20 10 21 56.320     2013 04 20 10 25 23.973     207.7
 2013 04 20 20 23 19.427     2013 04 20 20 25  8.546     109.1
185
 2013 04 20 13 36  2.879     2013 04 20 13 38 40.702     157.8
 2013 04 20 21 52 59.232     2013 04 20 21 55 36.127     156.9
186
 2013 04 20 23 37  1.749     2013 04 20 23 40 35.702     214.0
187
 2013 04 20 13 40  3.188     2013 04 20 13 43 17.414     194.2
 2013 04 20 15 17 54.245     2013 04 20 15 21 46.022     231.8
 2013 04 20 18 35 13.023     2013 04 20 18 38 59.178     226.2
 2013 04 20 20 13 33.935     2013 04 20 20 16 54.763     200.8
188
 2013 04 20 23 35 42.108     2013 04 20 23 38 31.493     169.4
189
 2013 04 20 12 02  3.105     2013 04 20 12 05  9.513     186.4
 2013 04 20 20 18 15.718     2013 04 20 20 21 56.077     220.4
190
 2013 04 20 10 17  4.556     2013 04 20 10 19 45.576     161.0
191
 2013 04 20 23 36 53.651     2013 04 20 23 39 37.836     164.2
192
 2013 04 20 13 40   .929     2013 04 20 13 40 54.779      53.8
 2013 04 20 20 15 45.836     2013 04 20 20 19 14.364     208.5
193
 2013 04 20 11 56 44.609     2013 04 20 12 00 25.022     220.4
 2013 04 20 21 57 56.586     2013 04 20 21 58  8.480      11.9
194
 2013 04 20 11 59 55.863     2013 04 20 12 03 24.096     208.2
 2013 04 20 20 19 15.197     2013 04 20 20 22 12.160     177.0
195
 2013 04 20 11 54 21.566     2013 04 20 11 57  1.427     159.9
196
 2013 04 20 13 40 36.987     2013 04 20 13 43 15.662     158.7
 2013 04 20 18 35 55.260     2013 04 20 18 36 47.646      52.4
 2013 04 20 20 14 15.305     2013 04 20 20 17 50.590     215.3
197
 2013 04 20 13 30  5.490     2013 04 20 13 33 17.296     191.8
 2013 04 20 23 33 49.713     2013 04 20 23 36 24.771     155.1
198
 2013 04 20 13 38 54.636     2013 04 20 13 42 15.382     200.7
 2013 04 20 20 15 29.869     2013 04 20 20 18 13.764     163.9
199
 2013 04 20 21 55  8.505     2013 04 20 21 57 48.565     160.1
200
 2013 04 20 10 18 17.876     2013 04 20 10 21 40.656     202.8
201
 2013 04 20 11 57  4.804     2013 04 20 11 59 41.954     157.1
 2013 04 20 21 57 23.857     2013 04 20 22 00 36.731     192.9
202
203
 2013 04 20 11 55 41.720     2013 04 20 11 58 31.724     170.0
 2013 04 20 21 58 42.030     2013 04 20 22 01 17.177     155.1
204
 2013 04 20 23 34  1.222     2013 04 20 23 37 37.646     216.4
205
 2013 04 20 22 02 21.040     2013 04 20 22 04 56.389     155.3
206
 2013 04 20 13 40 49.899     2013 04 20 13 43 30.388     160.5
 2013 04 20 18 36 19.760     2013 04 20 18 40  8.658     228.9
 2013 04 20 20 14 23.457     2013 04 20 20 16 11.740     108.3
207
 2013 04 20 22 02  8.077     2013 04 20 22 04 58.269     170.2
208
 2013 04 20 12 04 10.588     2013 04 20 12 07 35.969     205.4
 2013 04 20 18 40 50.006     2013 04 20 18 43 32.658     162.7
209
 2013 04 20 12 02 40.991     2013 04 20 12 05 21.947     161.0
 2013 04 20 20 17 24.729     2013 04 20 20 17 38.588      13.9
210
 2013 04 20 23 36 53.032     2013 04 20 23 39 46.575     173.5
211
212
 2013 04 20 15 13 46.504     2013 04 20 15 16 28.357     161.9
 2013 04 20 21 49 30.184     2013 04 20 21 52 19.147     169.0
213
 2013 04 20 22 01 56.219     2013 04 20 22 04 48.340     172.1
214
 2013 04 20 12 00 44.674     2013 04 20 12 04  2.209     197.5
 2013 04 20 20 17 19.074     2013 04 20 20 20   .209     161.1
215
 2013 04 20 11 59 11.245     2013 04 20 11 59 12.388       1.1
 2013 04 20 21 56 23.203     2013 04 20 21 59 41.511     198.3
216
 2013 04 20 13 30 43.000     2013 04 20 13 33 24.038     161.0
 2013 04 20 23 33  8.023     2013 04 20 23 35 43.300     155.3
217
 2013 04 20 15 12 55.362     2013 04 20 15 15 58.270     182.9
 2013 04 20 21 49 23.754     2013 04 20 21 53  7.490     223.7
218
219
 2013 04 20 12 01  6.858     2013 04 20 12 04 54.400     227.5
 2013 04 20 20 16 52.577     2013 04 20 20 19 32.479     159.9
220
 2013 04 20 10 18  9.109     2013 04 20 10 20 46.420     157.3
221
 2013 04 20 20 23 33.295     2013 04 20 20 23 56.338      23.0
222
223
 2013 04 20 13 38 14.044     2013 04 20 13 41 48.456     214.4
 2013 04 20 20 15 17.074     2013 04 20 20 18 37.193     200.1
224
 2013 04 20 11 50 40.092     2013 04 20 11 51 13.991      33.9
 2013 04 20 23 37  1.496     2013 04 20 23 40 26.853     205.4
225
226
 2013 04 20 12 03  5.792     2013 04 20 12 05 48.311     162.5
227
 2013 04 20 10 26 54.501     2013 04 20 10 27 13.832      19.3
 2013 04 20 20 20  6.074     2013 04 20 20 20 11.694       5.6
228
 2013 04 20 10 17 39.837     2013 04 20 10 20 51.088     191.3
229
 2013 04 20 13 33 19.572     2013 04 20 13 36 42.565     203.0
230
 2013 04 20 21 59  9.439     2013 04 20 21 59 57.490      48.1
231
 2013 04 20 13 39 16.118     2013 04 20 13 42 13.669     177.6
 2013 04 20 20 14  3.071     2013 04 20 20 16 40.430     157.4
232
 2013 04 20 13 33 37.711     2013 04 20 13 36 27.272     169.6
233
 2013 04 20 15 14 16.709     2013 04 20 15 16 56.155     159.4
 2013 04 20 21 49 15.403     2013 04 20 21 51 52.866     157.5
234
 2013 04 20 12 06 11.529     2013 04 20 12 09  3.688     172.2
 2013 04 20 17 01 59.096     2013 04 20 17 05 44.620     225.5
 2013 04 20 18 39 51.987     2013 04 20 18 40 10.835      18.8
235
236
 2013 04 20 13 33  7.738     2013 04 20 13 36 25.564     197.8
237
 2013 04 20 13 28 48.004     2013 04 20 13 31 29.475     161.5
238
 2013 04 20 10 17 37.367     2013 04 20 10 20 49.889     192.5
239
 2013 04 20 10 15 39.405     2013 04 20 10 19 11.987     212.6
240
 2013 04 20 13 33 55.906     2013 04 20 13 36 46.991     171.1
241
 2013 04 20 20 24 20.405     2013 04 20 20 28  3.258     222.9
242
 2013 04 20 10 25 34.538     2013 04 20 10 28 15.731     161.2
 2013 04 20 18 43  4.750     2013 04 20 18 46 20.125     195.4
243
 2013 04 20 13 32 34.715     2013 04 20 13 35 12.045     157.3
244
 2013 04 20 13 40 19.270     2013 04 20 13 43 30.819     191.5
 2013 04 20 20 15 13.230     2013 04 20 20 18 37.007     203.8
245
 2013 04 20 20 25 50.653     2013 04 20 20 28 33.206     162.6
246
 2013 04 20 20 20 21.563     2013 04 20 20 22 58.233     156.7
247
 2013 04 20 13 30 58.874     2013 04 20 13 33 35.924     157.0
 2013 04 20 23 32 46.498     2013 04 20 23 35 22.856     156.4
248
 2013 04 20 11 54  4.149     2013 04 20 11 56 50.603     166.5
249
 2013 04 20 13 28 11.798     2013 04 20 13 31 18.502     186.7
250
 2013 04 20 13 40  3.426     2013 04 20 13 43 46.084     222.7
 2013 04 20 20 15 36.779     2013 04 20 20 18 56.384     199.6
251
 2013 04 20 12 05 36.512     2013 04 20 12 08 38.629     182.1
 2013 04 20 13 43 19.242     2013 04 20 13 44 20.844      61.6
 2013 04 20 17 00 47.371     2013 04 20 17 04 24.690     217.3
 2013 04 20 18 38 54.262     2013 04 20 18 42 29.565     215.3
252
253
 2013 04 20 13 40 50.337     2013 04 20 13 44 41.774     231.4
 2013 04 20 18 37 35.299     2013 04 20 18 41 17.567     222.3
254
 2013 04 20 10 21 42.918     2013 04 20 10 24 31.914     169.0
 2013 04 20 20 22 42.453     2013 04 20 20 25 20.203     157.8
255
 2013 04 20 10 23 54.768     2013 04 20 10 26 42.121     167.4
256
 2013 04 20 11 52  2.090     2013 04 20 11 52 41.589      39.5
257
 2013 04 20 15 15 28.943     2013 04 20 15 18 16.847     167.9
 2013 04 20 20 10 42.858     2013 04 20 20 14  7.774     204.9
 2013 04 20 21 48 27.930     2013 04 20 21 49 30.320      62.4
258
 2013 04 20 11 58 24.127     2013 04 20 12 01 52.356     208.2
259
 2013 04 20 12 00 54.754     2013 04 20 12 03 36.653     161.9
 2013 04 20 20 17 57.836     2013 04 20 20 20 39.212     161.4
260
 2013 04 20 13 32 59.539     2013 04 20 13 35 40.646     161.1
261
 2013 04 20 20 27 38.699     2013 04 20 20 31  2.074     203.4
262
263
264
 2013 04 20 12 03  3.528     2013 04 20 12 05 54.596     171.1
265
 2013 04 20 12 02 58.340     2013 04 20 12 05 44.684     166.3
266
 2013 04 20 15 15  3.236     2013 04 20 15 18  6.084     182.8
 2013 04 20 21 49 51.832     2013 04 20 21 53 10.728     198.9
267
 2013 04 20 22 00 58.184     2013 04 20 22 01  3.714       5.5
268
 2013 04 20 23 36 59.292     2013 04 20 23 40 22.558     203.3
269
270
 2013 04 20 15 13 56.551     2013 04 20 15 16 46.632     170.1
 2013 04 20 21 49 48.584     2013 04 20 21 52 29.398     160.8
271
 2013 04 20 13 35 58.198     2013 04 20 13 39  3.281     185.1
 2013 04 20 21 52 10.944     2013 04 20 21 54 48.090     157.1
272
273
 2013 04 20 15 14 17.467     2013 04 20 15 18 12.277     234.8
 2013 04 20 21 50 39.083     2013 04 20 21 53 30.416     171.3
274
 2013 04 20 11 59 37.173     2013 04 20 12 02 14.861     157.7
275
276
 2013 04 20 21 54 55.400     2013 04 20 21 57 47.729     172.3
277
 2013 04 20 12 04 31.456     2013 04 20 12 05 31.991      60.5
 2013 04 20 18 41 18.666     2013 04 20 18 43 59.828     161.2
278
 2013 04 20 15 14 17.528     2013 04 20 15 17  8.465     170.9
 2013 04 20 21 49 53.836     2013 04 20 21 52 31.394     157.6
279
 2013 04 20 10 21 21.372     2013 04 20 10 22 13.639      52.3
 2013 04 20 20 23 52.439     2013 04 20 20 27 34.891     222.5
280
 2013 04 20 11 53  8.704     2013 04 20 11 56 59.785     231.1
281
 2013 04 20 11 54 42.081     2013 04 20 11 57 29.620     167.5
 2013 04 20 21 58 43.075     2013 04 20 22 02   .556     197.5
282
 2013 04 20 21 50 44.974     2013 04 20 21 50 57.400      12.4
283
 2013 04 20 12 05 26.730     2013 04 20 12 08  5.475     158.7
 2013 04 20 18 39 44.060     2013 04 20 18 42 45.174     181.1
284
 2013 04 20 12 03  9.547     2013 04 20 12 06 43.434     213.9
 2013 04 20 18 38 18.383     2013 04 20 18 41 44.617     206.2
285
 2013 04 20 13 33  1.891     2013 04 20 13 35 40.630     158.7
286
 2013 04 20 12 01 40.604     2013 04 20 12 02 14.401      33.8
 2013 04 20 20 18 42.979     2013 04 20 20 19 12.551      29.6
287
 2013 04 20 20 25  6.318     2013 04 20 20 28 13.695     187.4
288
289
 2013 04 20 12 01  6.927     2013 04 20 12 04 40.357     213.4
 2013 04 20 20 17  3.921     2013 04 20 20 19 41.896     158.0
290
 2013 04 20 10 21 41.970     2013 04 20 10 25  2.985     201.0
 2013 04 20 20 22  8.441     2013 04 20 20 24 46.856     158.4
291
 2013 04 20 13 32 32.265     2013 04 20 13 36  7.621     215.4
 2013 04 20 23 30  6.305     2013 04 20 23 30 33.007      26.7
292
 2013 04 20 11 51 53.323     2013 04 20 11 54 44.946     171.6
293
 2013 04 20 13 39 27.217     2013 04 20 13 42 14.731     167.5
 2013 04 20 20 14 15.198     2013 04 20 20 16 52.801     157.6
294
 2013 04 20 12 04 30.573     2013 04 20 12 08 12.863     222.3
 2013 04 20 13 42 37.430     2013 04 20 13 46 18.158     220.7
 2013 04 20 18 38 43.144     2013 04 20 18 41 29.970     166.8
295
 2013 04 20 13 35 14.122     2013 04 20 13 38  1.759     167.6
 2013 04 20 21 52 27.057     2013 04 20 21 55 27.549     180.5
296
 2013 04 20 13 38  7.761     2013 04 20 13 41 44.738     217.0
 2013 04 20 20 13 12.703     2013 04 20 20 16 18.171     185.5
297
 2013 04 20 13 37 38.959     2013 04 20 13 41  1.489     202.5
 2013 04 20 20 12 50.683     2013 04 20 20 13 12.795      22.1
298
 2013 04 20 11 53 41.035     2013 04 20 11 56 20.479     159.4
299
 2013 04 20 23 38 21.385     2013 04 20 23 39 35.017      73.6
