s1
0
 2013 04 20 10 49 46.822     2013 04 20 10 53  1.675     194.9
 2013 04 20 19 03  7.795     2013 04 20 19 06 21.433     193.6
1
 2013 04 20 10 43 56.047     2013 04 20 10 46 39.433     163.4
 2013 04 20 20 44 27.876     2013 04 20 20 47  1.849     154.0
2
 2013 04 20 13 55 45.186     2013 04 20 13 58 30.655     165.5
3
 2013 04 20 20 44 37.307     2013 04 20 20 45 17.563      40.3
4
 2013 04 20 12 24 43.892     2013 04 20 12 27 35.103     171.2
 2013 04 20 20 38 34.818     2013 04 20 20 38 53.558      18.7
5
 2013 04 20 13 57  7.040     2013 04 20 13 59 45.518     158.5
 2013 04 20 22 13  5.509     2013 04 20 22 16 12.313     186.8
6
 2013 04 20 10 44 11.343     2013 04 20 10 46 46.609     155.3
 2013 04 20 20 43 50.595     2013 04 20 20 46 23.131     152.5
7
8
 2013 04 20 12 27  2.341     2013 04 20 12 29 38.028     155.7
 2013 04 20 19 01  2.750     2013 04 20 19 03 36.792     154.0
9
 2013 04 20 13 59 44.762     2013 04 20 14 02 43.903     179.1
10
 2013 04 20 10 44 21.797     2013 04 20 10 45   .400      38.6
 2013 04 20 20 42 23.097     2013 04 20 20 45  3.040     159.9
11
 2013 04 20 20 47 59.126     2013 04 20 20 50 41.137     162.0
12
 2013 04 20 20 46 15.056     2013 04 20 20 48 57.879     162.8
13
 2013 04 20 20 37  2.950     2013 04 20 20 39 50.574     167.6
14
 2013 04 20 12 22  1.267     2013 04 20 12 24 46.679     165.4
 2013 04 20 20 41 36.061     2013 04 20 20 42  6.251      30.2
15
 2013 04 20 12 26 36.893     2013 04 20 12 26 46.870      10.0
 2013 04 20 14 04 41.453     2013 04 20 14 08  1.587     200.1
 2013 04 20 17 24 58.624     2013 04 20 17 25  5.177       6.6
 2013 04 20 18 59 36.187     2013 04 20 19 02 22.813     166.6
16
 2013 04 20 00 16 43.155     2013 04 20 00 19 46.811     183.7
 2013 04 20 13 52 45.668     2013 04 20 13 56  1.175     195.5
17
 2013 04 20 13 58  1.281     2013 04 20 14 00 53.696     172.4
 2013 04 20 22 13 58.998     2013 04 20 22 16 37.103     158.1
18
 2013 04 20 00 20 24.198     2013 04 20 00 23 19.321     175.1
19
20
 2013 04 20 10 42 35.288     2013 04 20 10 45 42.936     187.6
 2013 04 20 20 45 11.202     2013 04 20 20 48   .493     169.3
21
 2013 04 20 09 02 41.553     2013 04 20 09 03   .862      19.3
 2013 04 20 20 49 23.450     2013 04 20 20 51 54.263     150.8
22
 2013 04 20 10 45 17.105     2013 04 20 10 46 29.382      72.3
23
 2013 04 20 12 16 26.079     2013 04 20 12 19 49.337     203.3
 2013 04 20 22 19 49.946     2013 04 20 22 23  3.829     193.9
24
 2013 04 20 12 21 42.368     2013 04 20 12 24 32.549     170.2
25
 2013 04 20 19 08 34.115     2013 04 20 19 09 41.795      67.7
26
 2013 04 20 12 22 29.883     2013 04 20 12 26  1.876     212.0
 2013 04 20 20 40 10.730     2013 04 20 20 42 47.645     156.9
27
 2013 04 20 13 56 22.437     2013 04 20 13 59  7.466     165.0
 2013 04 20 22 16 35.987     2013 04 20 22 17 26.292      50.3
28
 2013 04 20 19 02 36.710     2013 04 20 19 05 28.244     171.5
29
 2013 04 20 12 15  8.463     2013 04 20 12 18  4.652     176.2
30
 2013 04 20 10 48 27.201     2013 04 20 10 51  2.754     155.6
 2013 04 20 19 04 24.338     2013 04 20 19 07 13.658     169.3
31
 2013 04 20 14 01 52.032     2013 04 20 14 02  9.650      17.6
 2013 04 20 22 11 43.627     2013 04 20 22 14 34.606     171.0
32
 2013 04 20 20 49 59.452     2013 04 20 20 51 23.498      84.0
33
 2013 04 20 10 50 13.206     2013 04 20 10 53 44.264     211.1
 2013 04 20 19 02 26.009     2013 04 20 19 02 49.626      23.6
34
 2013 04 20 22 21 51.721     2013 04 20 22 24 55.084     183.4
35
 2013 04 20 20 37  7.248     2013 04 20 20 39 44.562     157.3
36
37
38
 2013 04 20 13 54 36.755     2013 04 20 13 58  3.382     206.6
39
 2013 04 20 12 27 43.796     2013 04 20 12 30 24.526     160.7
 2013 04 20 19 00 33.168     2013 04 20 19 03 39.472     186.3
40
 2013 04 20 00 18 10.959     2013 04 20 00 20 45.592     154.6
 2013 04 20 13 50 43.559     2013 04 20 13 50 47.533       4.0
41
 2013 04 20 22 20 59.479     2013 04 20 22 23 45.494     166.0
42
43
 2013 04 20 15 37 14.064     2013 04 20 15 40 20.050     186.0
 2013 04 20 20 32 26.277     2013 04 20 20 33 18.997      52.7
 2013 04 20 22 10  9.692     2013 04 20 22 10 26.245      16.6
44
 2013 04 20 20 47 58.966     2013 04 20 20 50 44.916     165.9
45
 2013 04 20 12 13  1.920     2013 04 20 12 13 30.111      28.2
46
 2013 04 20 00 20 41.901     2013 04 20 00 24 17.582     215.7
47
 2013 04 20 12 16 37.180     2013 04 20 12 19 16.704     159.5
48
49
 2013 04 20 22 11 26.806     2013 04 20 22 14 11.735     164.9
50
 2013 04 20 20 37  2.251     2013 04 20 20 39 48.885     166.6
51
52
 2013 04 20 14 03 22.103     2013 04 20 14 06 27.098     185.0
 2013 04 20 18 58 37.711     2013 04 20 19 01 41.892     184.2
53
 2013 04 20 12 16 37.322     2013 04 20 12 19 52.664     195.3
54
 2013 04 20 13 56 16.369     2013 04 20 13 59  5.234     168.9
55
 2013 04 20 13 55  4.251     2013 04 20 13 57 39.714     155.5
56
 2013 04 20 14 02 23.741     2013 04 20 14 05   .225     156.5
 2013 04 20 20 35 22.576     2013 04 20 20 38 37.375     194.8
57
 2013 04 20 12 20 32.919     2013 04 20 12 23 36.181     183.3
58
59
 2013 04 20 12 22 52.249     2013 04 20 12 25 28.880     156.6
 2013 04 20 20 39 11.233     2013 04 20 20 41 59.535     168.3
60
 2013 04 20 13 56   .308     2013 04 20 13 58 44.927     164.6
61
 2013 04 20 20 37 23.775     2013 04 20 20 40  5.129     161.4
62
 2013 04 20 12 16 17.460     2013 04 20 12 16 28.704      11.2
63
 2013 04 20 13 55  5.559     2013 04 20 13 57 47.968     162.4
64
 2013 04 20 12 25 11.623     2013 04 20 12 28  9.612     178.0
65
 2013 04 20 22 25 36.286     2013 04 20 22 25 58.760      22.5
66
 2013 04 20 12 29 30.950     2013 04 20 12 32 14.678     163.7
 2013 04 20 17 24 15.694     2013 04 20 17 26 52.449     156.8
67
 2013 04 20 12 24 13.370     2013 04 20 12 27 47.186     213.8
 2013 04 20 20 37 17.162     2013 04 20 20 40 38.548     201.4
68
 2013 04 20 12 13 20.709     2013 04 20 12 14 36.484      75.8
69
 2013 04 20 10 42 28.865     2013 04 20 10 42 30.962       2.1
 2013 04 20 22 22 40.081     2013 04 20 22 25 45.179     185.1
70
 2013 04 20 13 56 15.640     2013 04 20 13 58 52.564     156.9
71
 2013 04 20 14 00 34.084     2013 04 20 14 04 20.942     226.9
 2013 04 20 15 38 22.937     2013 04 20 15 42 12.886     229.9
 2013 04 20 20 34 11.916     2013 04 20 20 36 47.602     155.7
72
 2013 04 20 12 16 36.147     2013 04 20 12 20 14.621     218.5
73
 2013 04 20 12 17 36.214     2013 04 20 12 20 26.511     170.3
 2013 04 20 22 18  2.267     2013 04 20 22 21  6.259     184.0
74
 2013 04 20 15 37 52.143     2013 04 20 15 40 42.659     170.5
 2013 04 20 20 32 52.106     2013 04 20 20 35 54.564     182.5
75
 2013 04 20 12 21 20.005     2013 04 20 12 24 53.028     213.0
 2013 04 20 20 43 10.120     2013 04 20 20 43 42.688      32.6
76
 2013 04 20 10 45 10.090     2013 04 20 10 48 16.538     186.4
 2013 04 20 20 42 20.734     2013 04 20 20 45 39.207     198.5
77
 2013 04 20 10 50 35.720     2013 04 20 10 54 20.229     224.5
 2013 04 20 17 24 36.197     2013 04 20 17 28 18.304     222.1
78
 2013 04 20 10 45 22.753     2013 04 20 10 49  2.578     219.8
 2013 04 20 20 41 34.056     2013 04 20 20 45 17.076     223.0
79
 2013 04 20 10 49 15.092     2013 04 20 10 52 34.372     199.3
 2013 04 20 19 03 25.192     2013 04 20 19 06  7.841     162.6
80
 2013 04 20 15 35 24.950     2013 04 20 15 36 13.919      49.0
 2013 04 20 22 11 19.559     2013 04 20 22 13 53.109     153.5
81
 2013 04 20 12 18   .014     2013 04 20 12 21 39.460     219.4
 2013 04 20 22 17 19.289     2013 04 20 22 19 57.547     158.3
82
83
 2013 04 20 12 20 34.311     2013 04 20 12 23 49.176     194.9
84
85
 2013 04 20 12 15 42.902     2013 04 20 12 19 11.105     208.2
 2013 04 20 22 23 46.248     2013 04 20 22 23 50.823       4.6
86
 2013 04 20 12 22 25.411     2013 04 20 12 25 32.357     186.9
 2013 04 20 20 39 48.080     2013 04 20 20 42 40.607     172.5
87
 2013 04 20 12 20 57.087     2013 04 20 12 22   .699      63.6
 2013 04 20 22 17  6.532     2013 04 20 22 19 40.845     154.3
88
 2013 04 20 13 56 26.972     2013 04 20 14 00  1.043     214.1
 2013 04 20 22 14 32.907     2013 04 20 22 17 35.167     182.3
89
90
 2013 04 20 12 18 32.042     2013 04 20 12 21 11.288     159.2
 2013 04 20 22 18 46.589     2013 04 20 22 21 21.850     155.3
91
 2013 04 20 12 27 46.994     2013 04 20 12 30 33.111     166.1
 2013 04 20 19 01 17.645     2013 04 20 19 04 24.027     186.4
92
 2013 04 20 12 14 15.632     2013 04 20 12 17 14.334     178.7
93
 2013 04 20 12 25 25.551     2013 04 20 12 28  5.359     159.8
94
 2013 04 20 12 15 40.249     2013 04 20 12 19 11.439     211.2
95
 2013 04 20 20 47 20.766     2013 04 20 20 50 25.019     184.3
96
97
 2013 04 20 20 46  6.036     2013 04 20 20 48 49.147     163.1
98
 2013 04 20 13 56 54.066     2013 04 20 13 59 39.508     165.4
 2013 04 20 22 13 48.888     2013 04 20 22 16 57.375     188.5
99
100
 2013 04 20 12 23 50.779     2013 04 20 12 27 11.613     200.8
 2013 04 20 20 39 31.842     2013 04 20 20 42 44.413     192.6
101
 2013 04 20 10 39 49.201     2013 04 20 10 42 39.634     170.4
102
 2013 04 20 00 22  5.110     2013 04 20 00 22 32.506      27.4
 2013 04 20 12 12 42.679     2013 04 20 12 15 25.919     163.2
103
 2013 04 20 12 24 28.951     2013 04 20 12 27 51.137     202.2
104
 2013 04 20 00 21 22.759     2013 04 20 00 23 55.216     152.5
 2013 04 20 12 15 17.051     2013 04 20 12 15 21.557       4.5
105
 2013 04 20 10 40 24.581     2013 04 20 10 43 11.745     167.2
106
107
108
 2013 04 20 10 46 38.440     2013 04 20 10 49 52.694     194.3
109
 2013 04 20 10 44 32.085     2013 04 20 10 47 51.520     199.4
 2013 04 20 20 44  3.688     2013 04 20 20 47 45.239     221.6
110
 2013 04 20 12 21 21.329     2013 04 20 12 24 22.494     181.2
111
 2013 04 20 12 20 24.825     2013 04 20 12 24  1.627     216.8
112
 2013 04 20 10 44 51.310     2013 04 20 10 47 34.264     163.0
 2013 04 20 20 43  6.681     2013 04 20 20 46  3.227     176.5
113
 2013 04 20 00 21  5.311     2013 04 20 00 23 43.450     158.1
114
 2013 04 20 14 04 28.769     2013 04 20 14 07 40.924     192.2
 2013 04 20 18 59 27.427     2013 04 20 19 02  5.903     158.5
115
 2013 04 20 10 41 25.436     2013 04 20 10 44 18.067     172.6
116
 2013 04 20 00 17 39.356     2013 04 20 00 20 21.235     161.9
 2013 04 20 13 51 42.894     2013 04 20 13 52 15.010      32.1
117
 2013 04 20 13 57 55.600     2013 04 20 14 01 24.315     208.7
 2013 04 20 22 12 19.619     2013 04 20 22 14 55.694     156.1
118
 2013 04 20 10 48   .605     2013 04 20 10 50 35.484     154.9
 2013 04 20 19 04 25.675     2013 04 20 19 07 43.726     198.1
119
 2013 04 20 14 00 35.491     2013 04 20 14 03 11.155     155.7
 2013 04 20 20 35  5.852     2013 04 20 20 38 19.727     193.9
120
 2013 04 20 10 43 16.070     2013 04 20 10 46 18.615     182.5
 2013 04 20 20 45   .652     2013 04 20 20 47 31.655     151.0
121
 2013 04 20 12 28 40.361     2013 04 20 12 31 23.810     163.4
 2013 04 20 17 23 30.887     2013 04 20 17 26 51.014     200.1
122
 2013 04 20 15 36 41.035     2013 04 20 15 37 40.678      59.6
 2013 04 20 22 10 52.856     2013 04 20 22 14 38.011     225.2
123
 2013 04 20 10 43 52.351     2013 04 20 10 47  6.862     194.5
 2013 04 20 20 43  7.522     2013 04 20 20 45 39.735     152.2
124
 2013 04 20 14 03  2.541     2013 04 20 14 06 50.485     227.9
 2013 04 20 18 58 57.009     2013 04 20 19 02 16.305     199.3
125
 2013 04 20 09 04 11.106     2013 04 20 09 06 56.531     165.4
 2013 04 20 20 49 12.890     2013 04 20 20 52 36.902     204.0
126
 2013 04 20 10 50 31.823     2013 04 20 10 50 34.393       2.6
 2013 04 20 12 28 17.446     2013 04 20 12 28 16.818       -.6
 2013 04 20 17 24 31.677     2013 04 20 17 28  6.828     215.2
127
 2013 04 20 22 15 58.244     2013 04 20 22 18 51.922     173.7
128
 2013 04 20 12 24 50.038     2013 04 20 12 28 29.991     220.0
 2013 04 20 19 02 59.077     2013 04 20 19 03   .858       1.8
129
 2013 04 20 12 19 17.308     2013 04 20 12 22 29.747     192.4
 2013 04 20 22 17  2.334     2013 04 20 22 19 58.736     176.4
130
 2013 04 20 10 40 11.763     2013 04 20 10 43 14.893     183.1
131
 2013 04 20 20 36 24.939     2013 04 20 20 36 33.124       8.2
132
 2013 04 20 12 28 41.985     2013 04 20 12 31 17.949     156.0
 2013 04 20 17 23 17.063     2013 04 20 17 26 27.282     190.2
133
 2013 04 20 14 02 24.560     2013 04 20 14 03 55.119      90.6
 2013 04 20 20 36 15.906     2013 04 20 20 36 43.442      27.5
134
 2013 04 20 12 15 50.277     2013 04 20 12 19  5.637     195.4
135
136
 2013 04 20 19 02 28.822     2013 04 20 19 02 41.639      12.8
137
 2013 04 20 00 18 38.319     2013 04 20 00 21 12.528     154.2
138
 2013 04 20 20 48 21.757     2013 04 20 20 51  7.488     165.7
139
 2013 04 20 15 37 22.349     2013 04 20 15 40  2.850     160.5
 2013 04 20 20 31 47.792     2013 04 20 20 35  2.363     194.6
140
 2013 04 20 14 03 29.707     2013 04 20 14 06 26.928     177.2
 2013 04 20 18 58 37.045     2013 04 20 19 01 33.839     176.8
141
 2013 04 20 14 00  8.470     2013 04 20 14 01 32.864      84.4
 2013 04 20 20 36 23.851     2013 04 20 20 39 33.554     189.7
142
 2013 04 20 12 15 47.040     2013 04 20 12 18 20.813     153.8
143
 2013 04 20 12 13 42.645     2013 04 20 12 17 15.357     212.7
144
 2013 04 20 15 36 13.024     2013 04 20 15 39 20.967     187.9
 2013 04 20 22 10 43.122     2013 04 20 22 13 27.406     164.3
145
146
147
 2013 04 20 10 40 32.869     2013 04 20 10 43 21.902     169.0
148
 2013 04 20 19 02 32.857     2013 04 20 19 05  6.336     153.5
149
 2013 04 20 12 24  8.094     2013 04 20 12 27 55.571     227.5
 2013 04 20 20 37  8.186     2013 04 20 20 40 29.597     201.4
150
 2013 04 20 12 25 20.420     2013 04 20 12 27 55.763     155.3
151
 2013 04 20 12 28 25.928     2013 04 20 12 32  9.972     224.0
 2013 04 20 17 24 15.932     2013 04 20 17 27 47.898     212.0
152
 2013 04 20 10 47 39.207     2013 04 20 10 50 13.920     154.7
 2013 04 20 19 04  5.905     2013 04 20 19 04  9.349       3.4
153
 2013 04 20 13 55 56.405     2013 04 20 13 59 44.314     227.9
154
 2013 04 20 13 54 30.962     2013 04 20 13 58  7.793     216.8
155
 2013 04 20 09 03 16.966     2013 04 20 09 06 13.719     176.8
 2013 04 20 20 49 50.284     2013 04 20 20 52 25.493     155.2
156
 2013 04 20 13 58 49.845     2013 04 20 14 01 36.087     166.2
 2013 04 20 22 13 21.049     2013 04 20 22 16 44.840     203.8
157
 2013 04 20 12 20 39.068     2013 04 20 12 24 19.779     220.7
158
 2013 04 20 20 47 20.866     2013 04 20 20 49 51.800     150.9
159
 2013 04 20 14 02 56.115     2013 04 20 14 06 29.925     213.8
 2013 04 20 18 58 37.046     2013 04 20 19 02  8.694     211.6
160
 2013 04 20 12 27 28.516     2013 04 20 12 27 30.123       1.6
 2013 04 20 20 37 20.745     2013 04 20 20 40   .327     159.6
161
162
 2013 04 20 14 01 49.595     2013 04 20 14 04 51.002     181.4
 2013 04 20 20 34 40.350     2013 04 20 20 37 36.857     176.5
163
 2013 04 20 12 18 40.163     2013 04 20 12 21 51.672     191.5
 2013 04 20 22 18 52.473     2013 04 20 22 22   .142     187.7
164
 2013 04 20 12 17  4.130     2013 04 20 12 20 10.349     186.2
 2013 04 20 22 19 37.811     2013 04 20 22 22 27.360     169.5
165
 2013 04 20 13 56 30.927     2013 04 20 13 59 10.841     159.9
 2013 04 20 22 13 25.695     2013 04 20 22 13 56.572      30.9
166
167
168
 2013 04 20 12 25 55.163     2013 04 20 12 28 37.222     162.1
 2013 04 20 19 00  8.629     2013 04 20 19 03 30.891     202.3
169
 2013 04 20 12 26 25.250     2013 04 20 12 27 40.212      75.0
 2013 04 20 19 02 20.216     2013 04 20 19 04 54.214     154.0
170
 2013 04 20 12 19 14.502     2013 04 20 12 22 18.286     183.8
 2013 04 20 22 17 13.686     2013 04 20 22 20  6.318     172.6
171
 2013 04 20 13 54   .897     2013 04 20 13 56 54.777     173.9
172
 2013 04 20 10 47 31.956     2013 04 20 10 49 20.119     108.2
 2013 04 20 19 05 51.618     2013 04 20 19 08 41.998     170.4
173
 2013 04 20 10 44 19.774     2013 04 20 10 46 55.969     156.2
 2013 04 20 20 44  3.555     2013 04 20 20 46 45.056     161.5
174
 2013 04 20 14 00 26.212     2013 04 20 14 03 35.986     189.8
 2013 04 20 20 35 53.498     2013 04 20 20 39  4.477     191.0
175
 2013 04 20 10 47 33.206     2013 04 20 10 50  8.614     155.4
 2013 04 20 19 07 34.818     2013 04 20 19 08 12.565      37.7
176
 2013 04 20 12 23 33.352     2013 04 20 12 26 43.839     190.5
 2013 04 20 20 38  5.723     2013 04 20 20 40 41.299     155.6
177
 2013 04 20 00 19 17.520     2013 04 20 00 22 42.043     204.5
178
 2013 04 20 00 19 14.534     2013 04 20 00 22 33.154     198.6
179
 2013 04 20 12 24 44.239     2013 04 20 12 28 27.207     223.0
180
181
 2013 04 20 09 07 47.180     2013 04 20 09 07 57.917      10.7
 2013 04 20 20 48 16.751     2013 04 20 20 51 19.648     182.9
182
 2013 04 20 12 20 59.697     2013 04 20 12 23 38.604     158.9
183
184
185
 2013 04 20 13 58 27.424     2013 04 20 14 01 47.654     200.2
 2013 04 20 22 13 52.274     2013 04 20 22 17 16.122     203.8
186
 2013 04 20 00 21 42.452     2013 04 20 00 24 20.655     158.2
 2013 04 20 12 12   .565     2013 04 20 12 15 15.469     194.9
187
 2013 04 20 14 02 59.940     2013 04 20 14 05 39.521     159.6
 2013 04 20 18 57 26.343     2013 04 20 19 00 35.970     189.6
188
 2013 04 20 00 19 41.489     2013 04 20 00 22 56.847     195.4
189
190
 2013 04 20 10 40  1.360     2013 04 20 10 43 32.370     211.0
191
 2013 04 20 00 20 44.853     2013 04 20 00 24 11.328     206.5
 2013 04 20 12 12 51.875     2013 04 20 12 16 15.600     203.7
192
 2013 04 20 12 25 11.433     2013 04 20 12 28 30.462     199.0
 2013 04 20 18 59 14.145     2013 04 20 18 59 40.497      26.4
193
194
 2013 04 20 20 40 59.602     2013 04 20 20 43 39.280     159.7
195
 2013 04 20 12 17  2.192     2013 04 20 12 20 29.900     207.7
 2013 04 20 22 19 55.030     2013 04 20 22 22 32.880     157.8
196
 2013 04 20 14 03 14.466     2013 04 20 14 06  3.863     169.4
 2013 04 20 18 58 12.966     2013 04 20 19 01 26.504     193.5
197
 2013 04 20 00 17 20.247     2013 04 20 00 17 56.066      35.8
198
 2013 04 20 20 37  4.967     2013 04 20 20 39 47.376     162.4
199
 2013 04 20 12 23  6.571     2013 04 20 12 23 20.142      13.6
 2013 04 20 22 16 15.848     2013 04 20 22 19 17.591     181.7
200
 2013 04 20 20 46 55.482     2013 04 20 20 49 46.702     171.2
201
 2013 04 20 12 19 37.552     2013 04 20 12 23 17.770     220.2
202
 2013 04 20 13 56 36.014     2013 04 20 14 00 11.699     215.7
 2013 04 20 22 12  5.074     2013 04 20 22 15 27.811     202.7
203
 2013 04 20 22 19 31.145     2013 04 20 22 23  4.903     213.8
204
205
 2013 04 20 10 39  3.871     2013 04 20 10 41 59.736     175.9
 2013 04 20 22 23   .656     2013 04 20 22 23 44.069      43.4
206
 2013 04 20 14 03 21.823     2013 04 20 14 06 26.351     184.5
 2013 04 20 18 58 36.961     2013 04 20 19 01 41.497     184.5
207
 2013 04 20 10 39 35.725     2013 04 20 10 42 23.212     167.5
208
 2013 04 20 19 02 40.010     2013 04 20 19 05 24.487     164.5
209
 2013 04 20 12 25 19.172     2013 04 20 12 28 48.977     209.8
 2013 04 20 19 04 28.859     2013 04 20 19 05 10.928      42.1
210
 2013 04 20 00 20 56.790     2013 04 20 00 24  7.758     191.0
 2013 04 20 12 12 38.241     2013 04 20 12 16  4.898     206.7
211
 2013 04 20 00 20 56.882     2013 04 20 00 24 15.371     198.5
212
 2013 04 20 15 35 55.817     2013 04 20 15 39 15.801     200.0
 2013 04 20 22 10 54.351     2013 04 20 22 13 31.148     156.8
213
 2013 04 20 10 39 39.186     2013 04 20 10 42 34.302     175.1
214
 2013 04 20 12 24  4.933     2013 04 20 12 26 40.086     155.2
 2013 04 20 20 38 48.324     2013 04 20 20 41 39.633     171.3
215
 2013 04 20 12 18 43.536     2013 04 20 12 21 23.348     159.8
 2013 04 20 22 18  5.857     2013 04 20 22 20 38.982     153.1
216
 2013 04 20 00 16 35.087     2013 04 20 00 16 51.330      16.2
 2013 04 20 13 52 46.921     2013 04 20 13 52 59.549      12.6
217
 2013 04 20 15 34 54.074     2013 04 20 15 35 16.272      22.2
 2013 04 20 22 11 14.127     2013 04 20 22 13 59.197     165.1
218
 2013 04 20 00 20 10.308     2013 04 20 00 23  3.116     172.8
219
 2013 04 20 12 24 37.221     2013 04 20 12 27 18.779     161.6
 2013 04 20 20 37 59.854     2013 04 20 20 41 29.877     210.0
220
 2013 04 20 10 40 47.627     2013 04 20 10 41 15.688      28.1
 2013 04 20 20 49 34.939     2013 04 20 20 49 46.841      11.9
221
 2013 04 20 20 42 10.051     2013 04 20 20 44 50.002     160.0
222
 2013 04 20 12 21 57.857     2013 04 20 12 24 45.995     168.1
 2013 04 20 20 41 50.251     2013 04 20 20 42  5.522      15.3
223
 2013 04 20 20 37 16.370     2013 04 20 20 39 51.232     154.9
224
 2013 04 20 12 14 24.211     2013 04 20 12 16 57.673     153.5
225
 2013 04 20 10 48 16.713     2013 04 20 10 51  6.755     170.0
 2013 04 20 19 03 55.839     2013 04 20 19 06 53.122     177.3
226
 2013 04 20 12 26  2.557     2013 04 20 12 28 51.857     169.3
 2013 04 20 19 01  3.836     2013 04 20 19 04 19.678     195.8
227
 2013 04 20 10 47  2.073     2013 04 20 10 49 44.497     162.4
228
 2013 04 20 20 49 12.184     2013 04 20 20 50 26.380      74.2
229
 2013 04 20 13 56 27.143     2013 04 20 13 59  2.162     155.0
 2013 04 20 22 16 46.138     2013 04 20 22 17  8.905      22.8
230
231
 2013 04 20 14 02  8.025     2013 04 20 14 04 43.950     155.9
 2013 04 20 20 35 26.507     2013 04 20 20 38 22.526     176.0
232
 2013 04 20 13 56 21.325     2013 04 20 13 59 13.880     172.6
 2013 04 20 22 13 42.560     2013 04 20 22 14  9.285      26.7
233
 2013 04 20 15 36 38.126     2013 04 20 15 39 27.398     169.3
 2013 04 20 22 10 19.063     2013 04 20 22 13 21.024     182.0
234
 2013 04 20 12 28 55.064     2013 04 20 12 32 24.326     209.3
 2013 04 20 17 24 33.640     2013 04 20 17 27 33.188     179.5
235
 2013 04 20 12 16 34.378     2013 04 20 12 19 50.034     195.7
236
 2013 04 20 13 56 12.560     2013 04 20 13 58 48.610     156.1
237
 2013 04 20 00 18 12.630     2013 04 20 00 20 44.221     151.6
238
 2013 04 20 10 41 10.823     2013 04 20 10 43 58.108     167.3
239
240
 2013 04 20 22 15   .593     2013 04 20 22 18  1.632     181.0
241
242
 2013 04 20 10 48 42.020     2013 04 20 10 51 45.438     183.4
 2013 04 20 19 05 19.357     2013 04 20 19 07 51.987     152.6
243
 2013 04 20 13 54 51.334     2013 04 20 13 58 30.088     218.8
244
 2013 04 20 14 02 41.122     2013 04 20 14 03 20.575      39.5
 2013 04 20 18 58 44.717     2013 04 20 19 02 29.867     225.2
245
246
 2013 04 20 10 48 26.748     2013 04 20 10 49 13.587      46.8
 2013 04 20 20 41 25.099     2013 04 20 20 45  2.172     217.1
247
 2013 04 20 13 53 14.097     2013 04 20 13 56 56.280     222.2
248
 2013 04 20 12 16 55.558     2013 04 20 12 20  7.665     192.1
 2013 04 20 22 19 43.001     2013 04 20 22 22 35.603     172.6
249
 2013 04 20 00 18 49.078     2013 04 20 00 21 23.220     154.1
250
 2013 04 20 12 24 56.245     2013 04 20 12 28 35.877     219.6
 2013 04 20 18 58 57.330     2013 04 20 18 58 58.855       1.5
251
 2013 04 20 12 28 46.112     2013 04 20 12 31 22.564     156.5
 2013 04 20 17 23 16.826     2013 04 20 17 26 17.876     181.1
252
253
 2013 04 20 12 25 58.588     2013 04 20 12 29 12.166     193.6
 2013 04 20 18 59 54.316     2013 04 20 19 02 47.694     173.4
254
 2013 04 20 10 44 56.060     2013 04 20 10 47 58.505     182.4
 2013 04 20 20 43 38.039     2013 04 20 20 44 21.048      43.0
255
 2013 04 20 19 05 46.550     2013 04 20 19 06  5.359      18.8
256
 2013 04 20 12 15 45.318     2013 04 20 12 18 18.783     153.5
257
 2013 04 20 15 37 58.875     2013 04 20 15 40 35.676     156.8
 2013 04 20 20 32 36.865     2013 04 20 20 35 28.080     171.2
258
 2013 04 20 20 40 58.954     2013 04 20 20 44 25.333     206.4
259
 2013 04 20 12 23 47.835     2013 04 20 12 26 46.499     178.7
 2013 04 20 20 39 26.631     2013 04 20 20 42 19.389     172.8
260
 2013 04 20 13 55 31.336     2013 04 20 13 58 41.171     189.8
261
 2013 04 20 09 03 16.232     2013 04 20 09 06 24.164     187.9
 2013 04 20 20 49 39.309     2013 04 20 20 52 14.128     154.8
262
 2013 04 20 00 20 46.613     2013 04 20 00 24   .973     194.4
263
 2013 04 20 20 47 43.831     2013 04 20 20 50 46.315     182.5
264
 2013 04 20 12 25 36.749     2013 04 20 12 27 29.746     113.0
 2013 04 20 19 01 50.655     2013 04 20 19 05  6.800     196.1
265
 2013 04 20 12 25 59.024     2013 04 20 12 28 43.527     164.5
 2013 04 20 19 00 53.511     2013 04 20 19 04 16.712     203.2
266
 2013 04 20 15 37  9.680     2013 04 20 15 40 58.938     229.3
 2013 04 20 20 33  2.048     2013 04 20 20 36 50.337     228.3
267
 2013 04 20 22 22 59.551     2013 04 20 22 25 29.702     150.2
268
 2013 04 20 00 21 31.768     2013 04 20 00 24 15.586     163.8
 2013 04 20 12 12  9.144     2013 04 20 12 15 27.992     198.8
269
 2013 04 20 22 15 58.950     2013 04 20 22 16 57.313      58.4
270
 2013 04 20 15 36  2.100     2013 04 20 15 39 39.506     217.4
 2013 04 20 22 11  3.708     2013 04 20 22 13 48.804     165.1
271
 2013 04 20 13 58 55.069     2013 04 20 14 01 31.819     156.8
 2013 04 20 22 13  5.736     2013 04 20 22 16 25.896     200.2
272
 2013 04 20 10 42 10.423     2013 04 20 10 45  3.745     173.3
273
 2013 04 20 13 58 58.777     2013 04 20 14 02 37.376     218.6
 2013 04 20 22 11 24.089     2013 04 20 22 12 47.809      83.7
274
 2013 04 20 12 22 18.207     2013 04 20 12 25 39.753     201.5
 2013 04 20 20 40   .078     2013 04 20 20 42 50.423     170.3
275
 2013 04 20 13 55 56.076     2013 04 20 13 59 12.557     196.5
276
 2013 04 20 12 20 13.202     2013 04 20 12 21  9.933      56.7
277
 2013 04 20 10 49 50.656     2013 04 20 10 53 25.981     215.3
 2013 04 20 19 02 43.123     2013 04 20 19 06 12.671     209.5
278
 2013 04 20 15 36 23.935     2013 04 20 15 40   .294     216.4
 2013 04 20 22 10 54.843     2013 04 20 22 14  2.153     187.3
279
280
 2013 04 20 12 16 50.469     2013 04 20 12 19 24.039     153.6
 2013 04 20 22 21 32.531     2013 04 20 22 22 26.445      53.9
281
 2013 04 20 22 20 24.401     2013 04 20 22 22 59.228     154.8
282
 2013 04 20 13 57 18.995     2013 04 20 14 00 21.828     182.8
 2013 04 20 22 12 42.235     2013 04 20 22 15 29.356     167.1
283
 2013 04 20 12 28 20.427     2013 04 20 12 31 11.243     170.8
 2013 04 20 17 23 17.025     2013 04 20 17 27  6.746     229.7
 2013 04 20 19 01  1.996     2013 04 20 19 01 40.419      38.4
284
 2013 04 20 12 26 32.147     2013 04 20 12 29 13.780     161.6
 2013 04 20 19 00 34.205     2013 04 20 19 03 16.283     162.1
285
 2013 04 20 13 55 14.770     2013 04 20 13 59  2.833     228.1
286
287
288
289
 2013 04 20 12 24 33.161     2013 04 20 12 27 10.161     157.0
 2013 04 20 20 38 13.884     2013 04 20 20 41 37.301     203.4
290
 2013 04 20 10 45 22.178     2013 04 20 10 47 59.776     157.6
 2013 04 20 20 43  4.060     2013 04 20 20 43 47.249      43.2
291
 2013 04 20 13 55 46.377     2013 04 20 13 58 20.803     154.4
292
 2013 04 20 12 14 49.865     2013 04 20 12 17 57.825     188.0
293
 2013 04 20 14 02 13.358     2013 04 20 14 04 52.362     159.0
 2013 04 20 20 35 35.459     2013 04 20 20 38 37.488     182.0
294
 2013 04 20 12 27 51.280     2013 04 20 12 30 42.236     171.0
 2013 04 20 17 22 10.559     2013 04 20 17 25 55.763     225.2
 2013 04 20 19 00 11.251     2013 04 20 19 03 37.030     205.8
295
 2013 04 20 13 57 57.302     2013 04 20 14 00 47.297     170.0
 2013 04 20 22 13 58.702     2013 04 20 22 16 34.103     155.4
296
 2013 04 20 14 01 13.672     2013 04 20 14 03 57.741     164.1
 2013 04 20 20 35  3.768     2013 04 20 20 37 38.862     155.1
297
 2013 04 20 14 00 42.092     2013 04 20 14 03 19.491     157.4
 2013 04 20 20 34 58.299     2013 04 20 20 38   .402     182.1
298
 2013 04 20 12 15 59.148     2013 04 20 12 16  1.103       2.0
 2013 04 20 22 20 28.126     2013 04 20 22 23 26.753     178.6
299
 2013 04 20 00 20 34.880     2013 04 20 00 23  6.023     151.1
