0 44.0026 130.6604 5 22 7
2  45.0 45.0 0.00
1 22.1216 120.1638 4 29 5
2  45.0 45.0 0.00
2 33.2626 75.7384 4 16 8
2  45.0 45.0 0.00
3 26.1132 109.9006 10 18 6
2  45.0 45.0 0.00
4 41.0869 112.8047 4 15 9
2  45.0 45.0 0.00
5 36.8133 79.6725 8 28 7
2  45.0 45.0 0.00
6 24.0073 118.6767 2 23 7
2  45.0 45.0 0.00
7 4.6698 121.7147 5 17 7
2  45.0 45.0 0.00
8 48.2858 118.8672 2 29 5
2  45.0 45.0 0.00
9 42.4024 91.3493 10 16 7
2  45.0 45.0 0.00
10 28.9827 116.5211 7 23 7
2  45.0 45.0 0.00
11 10.8320 127.3657 7 25 8
2  45.0 45.0 0.00
12 16.5612 124.3922 8 20 9
2  45.0 45.0 0.00
13 45.1986 102.8028 10 23 5
2  45.0 45.0 0.00
14 35.5176 101.4797 9 27 5
2  45.0 45.0 0.00
15 52.8642 114.6878 5 15 9
2  45.0 45.0 0.00
16 21.5222 74.1901 10 22 9
2  45.0 45.0 0.00
17 37.7396 85.3677 7 15 9
2  45.0 45.0 0.00
18 9.3651 80.1788 4 22 8
2  45.0 45.0 0.00
19 5.4589 95.2661 9 16 5
2  45.0 45.0 0.00
20 17.5668 119.1765 2 28 7
2  45.0 45.0 0.00
21 5.2496 127.7623 10 20 5
2  45.0 45.0 0.00
22 26.0922 127.2104 8 28 8
2  45.0 45.0 0.00
23 15.5695 94.9108 4 21 6
2  45.0 45.0 0.00
24 34.8922 100.4657 3 24 9
2  45.0 45.0 0.00
25 29.5352 131.4238 8 16 6
2  45.0 45.0 0.00
26 34.3091 108.9407 5 28 8
2  45.0 45.0 0.00
27 33.0418 80.2724 7 29 9
2  45.0 45.0 0.00
28 42.1044 123.0650 6 15 5
2  45.0 45.0 0.00
29 14.1897 86.9688 9 27 6
2  45.0 45.0 0.00
30 37.1999 128.6847 6 27 8
2  45.0 45.0 0.00
31 44.6787 79.8996 6 15 9
2  45.0 45.0 0.00
32 6.5631 122.2861 5 15 8
2  45.0 45.0 0.00
33 46.1416 131.7692 1 18 9
2  45.0 45.0 0.00
34 9.5091 98.8032 8 21 8
2  45.0 45.0 0.00
35 43.1714 99.9672 5 22 5
2  45.0 45.0 0.00
36 17.8946 81.3575 6 25 8
2  45.0 45.0 0.00
37 37.9051 118.0324 8 16 5
2  45.0 45.0 0.00
38 27.2921 78.7994 9 17 7
2  45.0 45.0 0.00
39 51.0327 120.7943 6 21 5
2  45.0 45.0 0.00
40 15.2154 73.0005 10 27 8
2  45.0 45.0 0.00
41 15.6972 101.1881 5 17 6
2  45.0 45.0 0.00
42 22.2061 111.3804 8 15 6
2  45.0 45.0 0.00
43 49.5986 79.9939 2 19 9
2  45.0 45.0 0.00
44 8.6146 124.3042 4 16 5
2  45.0 45.0 0.00
45 4.6763 90.7912 3 28 5
2  45.0 45.0 0.00
46 3.3428 75.4979 6 20 5
2  45.0 45.0 0.00
47 17.8941 90.3854 3 15 6
2  45.0 45.0 0.00
48 14.4151 107.1312 5 27 7
2  45.0 45.0 0.00
49 45.3084 78.3614 5 27 7
2  45.0 45.0 0.00
50 45.2044 102.6646 6 23 8
2  45.0 45.0 0.00
51 22.4619 127.4607 9 25 7
2  45.0 45.0 0.00
52 50.8712 106.6833 5 15 8
2  45.0 45.0 0.00
53 20.1245 89.0515 8 29 9
2  45.0 45.0 0.00
54 35.1108 76.8372 9 15 6
2  45.0 45.0 0.00
55 30.1719 75.0029 2 24 8
2  45.0 45.0 0.00
56 50.2084 99.0241 5 22 7
2  45.0 45.0 0.00
57 28.6222 102.2884 7 24 5
2  45.0 45.0 0.00
58 22.5103 107.6268 9 24 9
2  45.0 45.0 0.00
59 36.3456 105.6815 6 15 8
2  45.0 45.0 0.00
60 31.9321 79.3189 2 28 7
2  45.0 45.0 0.00
61 42.0067 100.5958 10 17 7
2  45.0 45.0 0.00
62 20.7928 87.7415 4 15 5
2  45.0 45.0 0.00
63 29.1844 76.9513 5 21 5
2  45.0 45.0 0.00
64 45.7175 110.2316 2 27 5
2  45.0 45.0 0.00
65 6.2551 97.9180 5 18 9
2  45.0 45.0 0.00
66 52.9373 131.6922 5 29 7
2  45.0 45.0 0.00
67 44.9427 106.3098 9 28 8
2  45.0 45.0 0.00
68 5.6257 90.8060 10 16 9
2  45.0 45.0 0.00
69 10.2257 105.2480 6 24 6
2  45.0 45.0 0.00
70 33.0529 79.0456 1 29 7
2  45.0 45.0 0.00
71 50.9058 88.7697 3 26 5
2  45.0 45.0 0.00
72 21.2418 88.5193 9 20 5
2  45.0 45.0 0.00
73 21.8827 91.6466 4 22 5
2  45.0 45.0 0.00
74 51.4263 81.6456 7 26 5
2  45.0 45.0 0.00
75 30.8792 105.9375 2 15 7
2  45.0 45.0 0.00
76 29.3818 119.1082 4 27 9
2  45.0 45.0 0.00
77 47.8993 132.8439 9 20 6
2  45.0 45.0 0.00
78 31.8013 118.8105 9 26 8
2  45.0 45.0 0.00
79 42.6930 128.9631 6 29 7
2  45.0 45.0 0.00
80 44.6869 75.9648 2 22 8
2  45.0 45.0 0.00
81 25.8482 91.1191 1 27 6
2  45.0 45.0 0.00
82 23.4579 86.4180 8 18 9
2  45.0 45.0 0.00
83 32.8182 97.0167 4 23 6
2  45.0 45.0 0.00
84 22.0128 127.7261 5 18 6
2  45.0 45.0 0.00
85 13.2508 93.8323 1 15 8
2  45.0 45.0 0.00
86 34.2433 107.2008 4 23 6
2  45.0 45.0 0.00
87 26.9111 90.9986 5 17 8
2  45.0 45.0 0.00
88 32.8001 83.7381 5 15 7
2  45.0 45.0 0.00
89 20.6196 104.0399 5 29 7
2  45.0 45.0 0.00
90 22.6791 96.0938 10 26 5
2  45.0 45.0 0.00
91 49.0818 123.7541 8 17 8
2  45.0 45.0 0.00
92 8.4880 89.7034 9 18 5
2  45.0 45.0 0.00
93 44.9572 111.8930 1 27 6
2  45.0 45.0 0.00
94 17.8194 87.0009 9 26 8
2  45.0 45.0 0.00
95 13.0644 127.6813 9 24 9
2  45.0 45.0 0.00
96 37.3842 95.2482 8 23 8
2  45.0 45.0 0.00
97 14.9984 121.1164 10 23 7
2  45.0 45.0 0.00
98 34.6160 81.6665 6 23 9
2  45.0 45.0 0.00
99 18.8806 131.5451 4 29 7
2  45.0 45.0 0.00
100 38.2088 112.1708 7 24 7
2  45.0 45.0 0.00
101 11.0116 109.6435 7 29 5
2  45.0 45.0 0.00
102 3.5140 86.0478 6 19 9
2  45.0 45.0 0.00
103 39.9478 114.2582 2 23 5
2  45.0 45.0 0.00
104 4.8602 78.7027 9 18 9
2  45.0 45.0 0.00
105 10.5973 113.9463 3 27 7
2  45.0 45.0 0.00
106 14.2768 130.8449 6 17 6
2  45.0 45.0 0.00
107 4.7419 117.6545 1 15 5
2  45.0 45.0 0.00
108 34.4622 122.1972 8 20 5
2  45.0 45.0 0.00
109 23.7428 123.7390 6 24 8
2  45.0 45.0 0.00
110 34.4988 99.2169 6 27 8
2  45.0 45.0 0.00
111 33.4566 96.1914 6 27 6
2  45.0 45.0 0.00
112 26.8897 119.3586 6 22 8
2  45.0 45.0 0.00
113 5.3099 77.7697 4 15 9
2  45.0 45.0 0.00
114 52.7357 112.9365 2 22 6
2  45.0 45.0 0.00
115 13.8625 116.1156 3 18 6
2  45.0 45.0 0.00
116 18.3148 74.4710 9 15 9
2  45.0 45.0 0.00
117 42.4294 80.1643 9 22 8
2  45.0 45.0 0.00
118 35.4158 128.1103 5 25 7
2  45.0 45.0 0.00
119 45.8300 91.5417 4 25 8
2  45.0 45.0 0.00
120 19.7680 120.1916 5 26 8
2  45.0 45.0 0.00
121 51.2183 127.4890 6 22 7
2  45.0 45.0 0.00
122 47.5269 81.1672 4 23 7
2  45.0 45.0 0.00
123 25.6639 116.2465 2 24 8
2  45.0 45.0 0.00
124 49.3397 108.2417 6 20 7
2  45.0 45.0 0.00
125 6.8104 131.8304 5 15 9
2  45.0 45.0 0.00
126 48.4111 132.4568 4 23 8
2  45.0 45.0 0.00
127 28.9884 87.4435 5 20 6
2  45.0 45.0 0.00
128 47.0219 108.2011 10 15 6
2  45.0 45.0 0.00
129 28.6098 94.2917 6 17 6
2  45.0 45.0 0.00
130 9.7912 114.5854 9 29 5
2  45.0 45.0 0.00
131 40.4000 96.2322 6 19 6
2  45.0 45.0 0.00
132 52.1930 126.2133 6 23 5
2  45.0 45.0 0.00
133 47.9795 105.6959 5 26 5
2  45.0 45.0 0.00
134 13.6276 93.4051 7 19 9
2  45.0 45.0 0.00
135 20.0054 104.5403 7 16 9
2  45.0 45.0 0.00
136 39.0674 121.9233 10 25 5
2  45.0 45.0 0.00
137 13.7566 73.8498 3 22 6
2  45.0 45.0 0.00
138 9.6282 128.2805 8 17 9
2  45.0 45.0 0.00
139 52.6775 76.1845 10 29 9
2  45.0 45.0 0.00
140 51.3632 106.6465 7 16 8
2  45.0 45.0 0.00
141 42.7870 96.4470 7 17 7
2  45.0 45.0 0.00
142 14.1164 90.1036 3 20 6
2  45.0 45.0 0.00
143 11.4236 83.6197 8 20 9
2  45.0 45.0 0.00
144 47.2714 75.6905 3 23 6
2  45.0 45.0 0.00
145 17.5605 82.8311 6 22 9
2  45.0 45.0 0.00
146 17.3516 105.1381 7 18 6
2  45.0 45.0 0.00
147 11.0286 114.3202 10 16 7
2  45.0 45.0 0.00
148 44.2174 124.2803 5 16 9
2  45.0 45.0 0.00
149 45.3752 105.8305 6 28 5
2  45.0 45.0 0.00
150 43.8278 112.5403 8 17 8
2  45.0 45.0 0.00
151 49.1212 131.2304 8 27 5
2  45.0 45.0 0.00
152 34.5944 126.8175 4 19 8
2  45.0 45.0 0.00
153 37.3347 74.5420 10 15 6
2  45.0 45.0 0.00
154 26.9900 79.1241 7 28 7
2  45.0 45.0 0.00
155 4.5378 129.8902 5 24 8
2  45.0 45.0 0.00
156 40.2018 87.2530 7 22 5
2  45.0 45.0 0.00
157 34.4013 96.6570 9 24 7
2  45.0 45.0 0.00
158 12.5033 125.0064 1 29 5
2  45.0 45.0 0.00
159 49.3695 106.7655 8 20 5
2  45.0 45.0 0.00
160 44.0902 102.9178 9 24 7
2  45.0 45.0 0.00
161 38.7244 118.4475 4 25 5
2  45.0 45.0 0.00
162 51.7127 94.5053 8 15 6
2  45.0 45.0 0.00
163 22.7169 98.6688 7 18 9
2  45.0 45.0 0.00
164 17.6205 95.1913 4 21 5
2  45.0 45.0 0.00
165 33.6514 80.0962 5 26 8
2  45.0 45.0 0.00
166 26.3998 106.6471 5 23 9
2  45.0 45.0 0.00
167 15.2703 107.4352 9 16 8
2  45.0 45.0 0.00
168 46.5284 113.4635 2 22 9
2  45.0 45.0 0.00
169 44.5822 123.3064 1 23 7
2  45.0 45.0 0.00
170 27.9788 94.4309 5 23 8
2  45.0 45.0 0.00
171 25.5975 75.4921 6 21 9
2  45.0 45.0 0.00
172 32.8109 132.5575 7 16 8
2  45.0 45.0 0.00
173 23.6734 120.1552 3 15 7
2  45.0 45.0 0.00
174 44.0209 94.6073 4 21 8
2  45.0 45.0 0.00
175 33.9009 127.1566 5 23 5
2  45.0 45.0 0.00
176 41.7294 104.7560 7 18 6
2  45.0 45.0 0.00
177 8.5407 73.3069 10 27 7
2  45.0 45.0 0.00
178 13.1935 79.4874 5 16 5
2  45.0 45.0 0.00
179 46.8972 107.8372 6 26 8
2  45.0 45.0 0.00
180 5.2862 119.7467 7 16 5
2  45.0 45.0 0.00
181 9.9728 129.1901 6 28 6
2  45.0 45.0 0.00
182 30.4670 101.3485 10 20 6
2  45.0 45.0 0.00
183 6.3476 118.1640 10 28 8
2  45.0 45.0 0.00
184 23.4177 129.5455 2 24 5
2  45.0 45.0 0.00
185 38.6147 88.6431 2 19 5
2  45.0 45.0 0.00
186 4.8699 81.1862 6 28 7
2  45.0 45.0 0.00
187 52.7739 100.6319 6 16 8
2  45.0 45.0 0.00
188 11.7156 80.0843 9 23 7
2  45.0 45.0 0.00
189 39.5698 117.9747 9 25 5
2  45.0 45.0 0.00
190 9.2605 115.7178 5 15 7
2  45.0 45.0 0.00
191 8.1650 82.3982 3 29 9
2  45.0 45.0 0.00
192 46.9368 109.7384 9 26 8
2  45.0 45.0 0.00
193 23.6452 106.3620 9 28 9
2  45.0 45.0 0.00
194 33.3210 113.2851 10 18 9
2  45.0 45.0 0.00
195 17.5141 96.2759 10 16 6
2  45.0 45.0 0.00
196 51.1358 104.6853 5 17 8
2  45.0 45.0 0.00
197 19.2717 78.0029 5 20 5
2  45.0 45.0 0.00
198 44.9420 102.3689 5 16 8
2  45.0 45.0 0.00
199 31.1002 92.9672 10 27 8
2  45.0 45.0 0.00
200 11.7681 122.2702 5 28 6
2  45.0 45.0 0.00
201 25.6896 102.2705 9 17 7
2  45.0 45.0 0.00
202 38.7684 76.4130 10 26 7
2  45.0 45.0 0.00
203 20.5325 101.2464 10 17 6
2  45.0 45.0 0.00
204 19.4761 83.0562 6 26 6
2  45.0 45.0 0.00
205 8.8469 108.1709 1 21 9
2  45.0 45.0 0.00
206 50.8748 106.6226 4 21 8
2  45.0 45.0 0.00
207 10.0773 109.3861 3 28 8
2  45.0 45.0 0.00
208 44.8796 126.6971 10 27 5
2  45.0 45.0 0.00
209 42.0978 117.5728 8 22 9
2  45.0 45.0 0.00
210 7.5616 81.9607 7 23 5
2  45.0 45.0 0.00
211 3.3880 76.2482 2 23 5
2  45.0 45.0 0.00
212 46.3806 75.3976 8 19 5
2  45.0 45.0 0.00
213 10.7496 109.1869 1 29 6
2  45.0 45.0 0.00
214 40.2107 108.6133 8 22 6
2  45.0 45.0 0.00
215 24.7285 94.4136 8 23 8
2  45.0 45.0 0.00
216 21.7029 76.9554 3 23 6
2  45.0 45.0 0.00
217 43.4075 74.3746 3 20 8
2  45.0 45.0 0.00
218 7.3705 75.5961 3 25 9
2  45.0 45.0 0.00
219 42.8816 109.0831 2 24 5
2  45.0 45.0 0.00
220 11.9421 118.6232 6 18 5
2  45.0 45.0 0.00
221 27.8839 113.4550 9 18 6
2  45.0 45.0 0.00
222 35.5433 101.1998 7 29 9
2  45.0 45.0 0.00
223 43.0844 100.7649 5 15 9
2  45.0 45.0 0.00
224 9.6041 87.6417 3 20 5
2  45.0 45.0 0.00
225 38.0473 127.0688 7 23 5
2  45.0 45.0 0.00
226 44.6593 117.1370 10 21 5
2  45.0 45.0 0.00
227 33.6836 124.2942 2 22 7
2  45.0 45.0 0.00
228 9.6950 120.5483 8 29 9
2  45.0 45.0 0.00
229 33.8706 79.0878 6 27 7
2  45.0 45.0 0.00
230 19.7441 108.0144 4 25 9
2  45.0 45.0 0.00
231 49.7407 97.6713 5 17 7
2  45.0 45.0 0.00
232 32.8265 80.8567 2 15 7
2  45.0 45.0 0.00
233 48.7624 75.8662 9 28 8
2  45.0 45.0 0.00
234 50.3392 132.5307 8 24 5
2  45.0 45.0 0.00
235 19.9805 88.9547 1 21 7
2  45.0 45.0 0.00
236 32.9741 78.7601 1 15 9
2  45.0 45.0 0.00
237 15.4806 73.4031 6 22 7
2  45.0 45.0 0.00
238 13.1241 115.3086 2 15 6
2  45.0 45.0 0.00
239 3.1478 118.2169 3 22 5
2  45.0 45.0 0.00
240 31.4821 84.9333 7 15 8
2  45.0 45.0 0.00
241 20.1352 130.9973 4 24 9
2  45.0 45.0 0.00
242 36.4451 132.9424 2 25 6
2  45.0 45.0 0.00
243 28.0264 80.0161 6 17 9
2  45.0 45.0 0.00
244 48.4265 107.4772 7 19 7
2  45.0 45.0 0.00
245 15.0820 130.0977 6 20 9
2  45.0 45.0 0.00
246 32.2998 118.1613 1 20 8
2  45.0 45.0 0.00
247 23.0296 76.5647 5 19 7
2  45.0 45.0 0.00
248 17.1496 95.2491 3 24 7
2  45.0 45.0 0.00
249 13.1721 74.1717 6 25 8
2  45.0 45.0 0.00
250 47.3010 108.5547 8 24 7
2  45.0 45.0 0.00
251 52.7511 126.1296 8 21 5
2  45.0 45.0 0.00
252 22.5539 107.5946 2 26 8
2  45.0 45.0 0.00
253 48.8106 112.6530 6 28 9
2  45.0 45.0 0.00
254 25.0558 123.6034 2 24 8
2  45.0 45.0 0.00
255 29.8856 131.2971 4 27 5
2  45.0 45.0 0.00
256 14.1057 89.9135 4 26 5
2  45.0 45.0 0.00
257 52.6709 80.3897 2 28 5
2  45.0 45.0 0.00
258 28.7550 109.4491 5 16 6
2  45.0 45.0 0.00
259 38.3207 110.5041 9 27 9
2  45.0 45.0 0.00
260 30.1279 79.9715 6 26 7
2  45.0 45.0 0.00
261 5.1315 129.5433 3 29 5
2  45.0 45.0 0.00
262 4.1702 76.0502 3 20 8
2  45.0 45.0 0.00
263 8.4593 123.3384 10 23 8
2  45.0 45.0 0.00
264 42.6525 119.9963 6 28 6
2  45.0 45.0 0.00
265 44.6816 116.4381 7 18 8
2  45.0 45.0 0.00
266 48.6322 82.7671 7 28 7
2  45.0 45.0 0.00
267 8.2961 102.6043 9 18 9
2  45.0 45.0 0.00
268 5.5514 81.3304 2 26 8
2  45.0 45.0 0.00
269 26.2131 86.5137 5 20 7
2  45.0 45.0 0.00
270 46.3721 77.0290 8 18 7
2  45.0 45.0 0.00
271 40.9643 86.3080 9 21 9
2  45.0 45.0 0.00
272 18.9331 113.6627 5 17 7
2  45.0 45.0 0.00
273 46.0309 83.2284 4 28 9
2  45.0 45.0 0.00
274 33.7890 107.7959 8 24 7
2  45.0 45.0 0.00
275 35.7105 75.1452 5 16 9
2  45.0 45.0 0.00
276 33.4202 95.5460 2 26 5
2  45.0 45.0 0.00
277 45.2747 130.4900 8 21 8
2  45.0 45.0 0.00
278 47.2061 78.4976 1 21 7
2  45.0 45.0 0.00
279 21.6659 130.1385 9 18 7
2  45.0 45.0 0.00
280 17.6895 91.8318 7 21 8
2  45.0 45.0 0.00
281 17.3755 99.1513 2 26 9
2  45.0 45.0 0.00
282 39.1766 79.0438 2 22 8
2  45.0 45.0 0.00
283 50.1448 126.7194 9 16 8
2  45.0 45.0 0.00
284 48.1226 115.8027 5 18 9
2  45.0 45.0 0.00
285 29.2076 81.4405 10 16 8
2  45.0 45.0 0.00
286 38.0951 120.6570 2 25 6
2  45.0 45.0 0.00
287 17.7270 130.5064 10 16 9
2  45.0 45.0 0.00
288 23.4820 85.6261 5 22 7
2  45.0 45.0 0.00
289 42.1696 109.3249 4 27 8
2  45.0 45.0 0.00
290 26.8997 122.5204 9 22 9
2  45.0 45.0 0.00
291 32.0205 77.0597 8 23 8
2  45.0 45.0 0.00
292 10.3417 91.2167 6 16 9
2  45.0 45.0 0.00
293 49.4624 98.8001 5 17 8
2  45.0 45.0 0.00
294 52.2228 120.8756 6 17 6
2  45.0 45.0 0.00
295 37.6008 84.9730 1 25 7
2  45.0 45.0 0.00
296 48.9369 92.6015 2 21 8
2  45.0 45.0 0.00
297 46.8281 91.1361 7 25 7
2  45.0 45.0 0.00
298 14.3439 96.4559 4 19 6
2  45.0 45.0 0.00
299 8.3014 78.4559 4 25 5
2  45.0 45.0 0.00
