s3
0
 2013 04 20 20 30 14.121     2013 04 20 20 32 51.885     157.8
1
 2013 04 20 13 48 21.795     2013 04 20 13 48 28.444       6.6
 2013 04 20 20 25 34.140     2013 04 20 20 28 12.448     158.3
2
 2013 04 20 13 44 18.378     2013 04 20 13 47 24.182     185.8
 2013 04 20 22 01 23.385     2013 04 20 22 04 44.179     200.8
3
4
 2013 04 20 20 28 47.676     2013 04 20 20 32 25.002     217.3
5
 2013 04 20 12 04 46.797     2013 04 20 12 08 30.851     224.1
 2013 04 20 22 08 42.324     2013 04 20 22 11 26.242     163.9
6
 2013 04 20 13 48 59.587     2013 04 20 13 52 29.651     210.1
 2013 04 20 15 26 59.828     2013 04 20 15 30 43.642     223.8
 2013 04 20 18 44  6.415     2013 04 20 18 44  9.486       3.1
 2013 04 20 20 22 54.559     2013 04 20 20 25 53.497     178.9
7
 2013 04 20 10 26 21.381     2013 04 20 10 29 40.788     199.4
8
 2013 04 20 15 22 44.397     2013 04 20 15 25 44.897     180.5
 2013 04 20 21 59  5.827     2013 04 20 22 02 17.463     191.6
9
 2013 04 20 15 24 36.285     2013 04 20 15 27 13.882     157.6
 2013 04 20 21 58 38.685     2013 04 20 22 01 58.892     200.2
10
 2013 04 20 12 11 36.762     2013 04 20 12 14 23.019     166.3
 2013 04 20 20 27 24.656     2013 04 20 20 30 58.596     213.9
11
 2013 04 20 12 12 27.993     2013 04 20 12 15  7.191     159.2
12
 2013 04 20 20 33 32.982     2013 04 20 20 37  9.946     217.0
13
 2013 04 20 00 02 39.456     2013 04 20 00 06 24.406     224.9
 2013 04 20 23 43 39.198     2013 04 20 23 47 23.776     224.6
14
 2013 04 20 10 24 41.275     2013 04 20 10 27 44.204     182.9
 2013 04 20 22 13  6.700     2013 04 20 22 15 53.123     166.4
15
 2013 04 20 10 34 50.121     2013 04 20 10 37 28.957     158.8
 2013 04 20 18 52 24.748     2013 04 20 18 55 56.348     211.6
16
 2013 04 20 12 03 29.113     2013 04 20 12 06 57.054     207.9
 2013 04 20 22 08 49.641     2013 04 20 22 12 10.142     200.5
17
 2013 04 20 10 29  7.985     2013 04 20 10 31 48.474     160.5
 2013 04 20 20 36 22.651     2013 04 20 20 36 34.839      12.2
18
19
 2013 04 20 13 48 37.818     2013 04 20 13 51 23.156     165.3
 2013 04 20 20 23 37.648     2013 04 20 20 26 17.952     160.3
20
 2013 04 20 13 47 42.729     2013 04 20 13 51  5.385     202.7
 2013 04 20 20 24 32.672     2013 04 20 20 27 55.861     203.2
21
 2013 04 20 10 28 52.905     2013 04 20 10 29 27.659      34.8
 2013 04 20 22 11 30.380     2013 04 20 22 14 59.122     208.7
22
 2013 04 20 12 12 48.772     2013 04 20 12 15 30.374     161.6
 2013 04 20 18 48 13.330     2013 04 20 18 49 27.752      74.4
23
 2013 04 20 12 14 35.026     2013 04 20 12 17 15.364     160.3
 2013 04 20 18 49  3.511     2013 04 20 18 51 52.037     168.5
24
 2013 04 20 22 04 55.821     2013 04 20 22 07 44.901     169.1
25
 2013 04 20 13 48 38.117     2013 04 20 13 51 23.419     165.3
 2013 04 20 20 24 23.275     2013 04 20 20 27  5.842     162.6
26
27
 2013 04 20 12 13 24.498     2013 04 20 12 16 53.179     208.7
 2013 04 20 18 50 12.374     2013 04 20 18 53  3.277     170.9
28
 2013 04 20 12 10 58.227     2013 04 20 12 14 16.134     197.9
 2013 04 20 20 28  9.593     2013 04 20 20 31 20.664     191.1
29
 2013 04 20 13 46  8.928     2013 04 20 13 49  1.236     172.3
 2013 04 20 22 02 22.658     2013 04 20 22 05 46.184     203.5
30
 2013 04 20 08 52 44.062     2013 04 20 08 53 51.079      67.0
 2013 04 20 20 37 35.948     2013 04 20 20 40 23.086     167.1
31
 2013 04 20 12 05 50.019     2013 04 20 12 08 50.649     180.6
 2013 04 20 22 06 36.221     2013 04 20 22 09 14.981     158.8
32
 2013 04 20 10 35 47.890     2013 04 20 10 38 31.650     163.8
 2013 04 20 18 52 31.538     2013 04 20 18 55 10.215     158.7
33
 2013 04 20 10 34 18.008     2013 04 20 10 36 58.776     160.8
34
35
 2013 04 20 13 48 52.801     2013 04 20 13 51 57.290     184.5
 2013 04 20 20 24 48.332     2013 04 20 20 27 26.961     158.6
36
 2013 04 20 10 33 58.485     2013 04 20 10 36 37.366     158.9
37
 2013 04 20 12 03 58.712     2013 04 20 12 06 36.230     157.5
 2013 04 20 22 10 24.840     2013 04 20 22 11 16.193      51.4
38
 2013 04 20 00 00 49.877     2013 04 20 00 04 15.610     205.7
 2013 04 20 13 41  9.565     2013 04 20 13 43 52.991     163.4
 2013 04 20 23 41 49.590     2013 04 20 23 45 15.008     205.4
39
40
 2013 04 20 13 47  7.993     2013 04 20 13 49 44.687     156.7
41
42
 2013 04 20 13 51 50.560     2013 04 20 13 55  8.803     198.2
 2013 04 20 18 47 47.425     2013 04 20 18 50 27.706     160.3
43
 2013 04 20 18 51 12.186     2013 04 20 18 53 58.800     166.6
44
 2013 04 20 20 34 43.692     2013 04 20 20 37 27.298     163.6
45
 2013 04 20 00 07  4.415     2013 04 20 00 10 13.570     189.2
 2013 04 20 11 59 46.972     2013 04 20 12 02 24.466     157.5
46
 2013 04 20 13 41 58.230     2013 04 20 13 44 39.944     161.7
47
 2013 04 20 10 27 39.942     2013 04 20 10 31 22.665     222.7
48
 2013 04 20 22 04 52.153     2013 04 20 22 08  8.847     196.7
49
 2013 04 20 13 45 40.339     2013 04 20 13 48 16.894     156.6
 2013 04 20 22 02 21.695     2013 04 20 22 05  4.485     162.8
50
 2013 04 20 18 50 47.737     2013 04 20 18 53 33.830     166.1
51
 2013 04 20 15 24 12.990     2013 04 20 15 26 59.008     166.0
 2013 04 20 21 59  8.041     2013 04 20 22 02  3.318     175.3
52
 2013 04 20 20 30 34.270     2013 04 20 20 34  4.212     209.9
53
 2013 04 20 13 48 18.871     2013 04 20 13 51  2.566     163.7
 2013 04 20 20 23 31.377     2013 04 20 20 26 24.066     172.7
54
 2013 04 20 00 05 42.934     2013 04 20 00 07 13.109      90.2
 2013 04 20 12 00 33.661     2013 04 20 12 03 35.597     181.9
55
 2013 04 20 12 14 59.785     2013 04 20 12 17 59.463     179.7
 2013 04 20 13 52 39.981     2013 04 20 13 53 15.896      35.9
 2013 04 20 17 10  8.873     2013 04 20 17 13 51.915     223.0
 2013 04 20 18 48 21.626     2013 04 20 18 51 53.159     211.5
56
 2013 04 20 12 11 44.476     2013 04 20 12 14 26.820     162.3
 2013 04 20 20 26 39.697     2013 04 20 20 30  9.531     209.8
57
 2013 04 20 10 34  7.461     2013 04 20 10 36 43.058     155.6
58
 2013 04 20 22 10 44.724     2013 04 20 22 13 45.601     180.9
59
 2013 04 20 12 12  3.069     2013 04 20 12 14 41.145     158.1
 2013 04 20 20 26 32.590     2013 04 20 20 27 59.624      87.0
60
 2013 04 20 00 01 50.220     2013 04 20 00 02 59.347      69.1
 2013 04 20 23 42 49.972     2013 04 20 23 44  1.344      71.4
61
 2013 04 20 22 04 59.000     2013 04 20 22 08  6.006     187.0
62
 2013 04 20 12 00 50.692     2013 04 20 12 04 19.376     208.7
63
 2013 04 20 22 00 13.292     2013 04 20 22 03   .578     167.3
64
 2013 04 20 13 50 48.183     2013 04 20 13 53 44.971     176.8
 2013 04 20 18 46 43.606     2013 04 20 18 49 54.233     190.6
65
 2013 04 20 22 04 24.806     2013 04 20 22 07 14.026     169.2
66
 2013 04 20 10 28 44.059     2013 04 20 10 31 59.037     195.0
67
68
 2013 04 20 12 03 12.620     2013 04 20 12 06  2.517     169.9
69
 2013 04 20 13 48 54.603     2013 04 20 13 49 37.867      43.3
 2013 04 20 20 25 24.755     2013 04 20 20 28 17.310     172.6
70
 2013 04 20 10 35 28.842     2013 04 20 10 38 20.378     171.5
 2013 04 20 18 52 20.645     2013 04 20 18 55  6.846     166.2
71
 2013 04 20 12 12 21.522     2013 04 20 12 14 27.655     126.1
 2013 04 20 18 49 46.543     2013 04 20 18 49 59.990      13.4
72
 2013 04 20 00 02 44.647     2013 04 20 00 05 22.133     157.5
 2013 04 20 13 38 57.662     2013 04 20 13 42 44.142     226.5
 2013 04 20 23 43 44.161     2013 04 20 23 46 21.717     157.6
73
 2013 04 20 12 03 41.734     2013 04 20 12 07 22.092     220.4
74
 2013 04 20 10 25 13.899     2013 04 20 10 27 56.011     162.1
 2013 04 20 22 13 26.772     2013 04 20 22 17 16.804     230.0
75
 2013 04 20 13 43 47.743     2013 04 20 13 47  6.575     198.8
 2013 04 20 22 03  7.835     2013 04 20 22 06 34.469     206.6
76
 2013 04 20 00 08 51.869     2013 04 20 00 09 20.956      29.1
77
78
 2013 04 20 12 12 39.917     2013 04 20 12 15 29.230     169.3
 2013 04 20 18 47 58.615     2013 04 20 18 48 16.659      18.0
79
 2013 04 20 12 01 19.304     2013 04 20 12 04 28.709     189.4
80
 2013 04 20 12 07 27.828     2013 04 20 12 10 18.755     170.9
81
 2013 04 20 10 25 48.261     2013 04 20 10 28 55.374     187.1
82
 2013 04 20 22 04 55.521     2013 04 20 22 07 33.964     158.4
83
 2013 04 20 20 35 38.741     2013 04 20 20 38 18.216     159.5
84
85
 2013 04 20 12 04 12.040     2013 04 20 12 06 51.328     159.3
 2013 04 20 22 07 10.934     2013 04 20 22 10 57.732     226.8
86
 2013 04 20 10 29 47.538     2013 04 20 10 32 25.496     158.0
 2013 04 20 20 32 35.059     2013 04 20 20 35 55.749     200.7
87
 2013 04 20 13 41 53.998     2013 04 20 13 45 18.343     204.3
 2013 04 20 23 39 44.780     2013 04 20 23 40 56.667      71.9
88
 2013 04 20 20 29 11.471     2013 04 20 20 32 25.153     193.7
89
 2013 04 20 12 07 35.914     2013 04 20 12 10 11.511     155.6
90
91
 2013 04 20 13 44 12.791     2013 04 20 13 44 50.448      37.7
 2013 04 20 22 00 54.926     2013 04 20 22 04   .857     185.9
92
93
 2013 04 20 15 22 17.036     2013 04 20 15 22 34.168      17.1
 2013 04 20 21 59 54.856     2013 04 20 22 03  3.776     188.9
94
 2013 04 20 22 10 52.559     2013 04 20 22 12 36.893     104.3
95
 2013 04 20 10 30 49.670     2013 04 20 10 34 13.317     203.6
 2013 04 20 20 33 18.256     2013 04 20 20 36 26.773     188.5
96
 2013 04 20 12 13 45.359     2013 04 20 12 15  2.282      76.9
 2013 04 20 18 50 40.852     2013 04 20 18 53 19.219     158.4
97
 2013 04 20 22 11 46.730     2013 04 20 22 14 31.529     164.8
98
 2013 04 20 22 05 19.420     2013 04 20 22 08 46.889     207.5
99
 2013 04 20 10 36  9.324     2013 04 20 10 36 40.223      30.9
100
101
 2013 04 20 10 34 23.253     2013 04 20 10 37 16.977     173.7
 2013 04 20 18 55 20.653     2013 04 20 18 55 57.211      36.6
102
 2013 04 20 12 14  3.868     2013 04 20 12 17 32.715     208.8
 2013 04 20 18 50 22.878     2013 04 20 18 53  2.589     159.7
103
 2013 04 20 15 22 11.231     2013 04 20 15 25 53.703     222.5
 2013 04 20 21 59 23.796     2013 04 20 22 02 57.290     213.5
104
 2013 04 20 10 27 51.401     2013 04 20 10 30 39.312     167.9
105
 2013 04 20 12 11 59.010     2013 04 20 12 15 49.242     230.2
 2013 04 20 18 50 44.612     2013 04 20 18 51 15.841      31.2
106
 2013 04 20 20 30 22.536     2013 04 20 20 33  4.405     161.9
107
 2013 04 20 22 10 21.514     2013 04 20 22 10 39.593      18.1
108
 2013 04 20 20 35 48.388     2013 04 20 20 38 33.467     165.1
109
 2013 04 20 12 08 40.787     2013 04 20 12 12 20.930     220.1
 2013 04 20 20 28 33.874     2013 04 20 20 32 14.111     220.2
110
 2013 04 20 22 04  8.130     2013 04 20 22 06 46.572     158.4
111
 2013 04 20 12 12   .578     2013 04 20 12 14 44.097     163.5
 2013 04 20 20 26 59.686     2013 04 20 20 27 34.061      34.4
112
 2013 04 20 12 00  2.219     2013 04 20 12 00 59.548      57.3
113
 2013 04 20 22 11 32.014     2013 04 20 22 14 14.163     162.1
114
 2013 04 20 12 02 37.327     2013 04 20 12 04 54.804     137.5
 2013 04 20 22 12 23.420     2013 04 20 22 13  3.925      40.5
115
116
 2013 04 20 00 02 46.554     2013 04 20 00 05 30.828     164.3
 2013 04 20 13 38 41.293     2013 04 20 13 42 23.896     222.6
 2013 04 20 23 43 46.007     2013 04 20 23 46 30.471     164.5
117
 2013 04 20 20 34 40.072     2013 04 20 20 37 17.224     157.2
118
 2013 04 20 12 07 34.329     2013 04 20 12 10 15.310     161.0
119
 2013 04 20 12 14 10.413     2013 04 20 12 17 34.843     204.4
 2013 04 20 18 50 19.550     2013 04 20 18 53  1.004     161.5
120
 2013 04 20 22 11 37.958     2013 04 20 22 15 11.084     213.1
121
 2013 04 20 00 04 30.398     2013 04 20 00 07 12.853     162.5
 2013 04 20 23 45 30.005     2013 04 20 23 48 12.350     162.3
122
 2013 04 20 10 27  4.828     2013 04 20 10 29 40.059     155.2
123
 2013 04 20 15 26 16.418     2013 04 20 15 29 40.987     204.6
 2013 04 20 20 22 29.218     2013 04 20 20 25  8.096     158.9
124
 2013 04 20 10 28 39.114     2013 04 20 10 28 48.674       9.6
 2013 04 20 20 34 40.274     2013 04 20 20 37 31.147     170.9
125
 2013 04 20 13 45 28.582     2013 04 20 13 46  1.693      33.1
 2013 04 20 22 03 11.791     2013 04 20 22 06 44.199     212.4
126
 2013 04 20 10 30 31.652     2013 04 20 10 33 23.108     171.5
 2013 04 20 20 32 14.277     2013 04 20 20 34 57.816     163.5
127
 2013 04 20 13 46 58.500     2013 04 20 13 49 53.727     175.2
128
 2013 04 20 12 01 52.729     2013 04 20 12 03 13.012      80.3
129
 2013 04 20 20 25 39.507     2013 04 20 20 28 18.480     159.0
130
 2013 04 20 22 04 13.466     2013 04 20 22 07  1.842     168.4
131
 2013 04 20 10 27 21.539     2013 04 20 10 30 10.087     168.5
132
 2013 04 20 13 46 42.053     2013 04 20 13 50  3.053     201.0
 2013 04 20 22 00 19.946     2013 04 20 22 00 46.181      26.2
133
 2013 04 20 00 01 45.532     2013 04 20 00 05 20.908     215.4
 2013 04 20 13 40 16.898     2013 04 20 13 41 53.966      97.1
 2013 04 20 23 42 45.261     2013 04 20 23 46 20.291     215.0
134
135
 2013 04 20 12 14  3.207     2013 04 20 12 14 26.072      22.9
 2013 04 20 18 50 45.242     2013 04 20 18 53 33.593     168.4
136
 2013 04 20 22 10 48.215     2013 04 20 22 13 25.387     157.2
137
 2013 04 20 10 27  6.292     2013 04 20 10 30  7.957     181.7
138
139
 2013 04 20 13 49  2.687     2013 04 20 13 51 42.935     160.2
 2013 04 20 20 24 18.832     2013 04 20 20 26 57.756     158.9
140
 2013 04 20 12 10 40.578     2013 04 20 12 13 16.666     156.1
 2013 04 20 20 27 39.060     2013 04 20 20 30 16.971     157.9
141
 2013 04 20 22 00 16.635     2013 04 20 22 03 35.799     199.2
142
143
 2013 04 20 10 29 49.179     2013 04 20 10 32 26.983     157.8
 2013 04 20 20 32 35.795     2013 04 20 20 35 54.429     198.6
144
 2013 04 20 20 29 15.089     2013 04 20 20 32  7.423     172.3
145
 2013 04 20 13 48 19.531     2013 04 20 13 51 21.124     181.6
 2013 04 20 20 24 35.469     2013 04 20 20 27 26.475     171.0
146
 2013 04 20 20 34  9.755     2013 04 20 20 34 45.978      36.2
147
 2013 04 20 20 30  2.818     2013 04 20 20 32 40.365     157.5
148
 2013 04 20 00 06 24.615     2013 04 20 00 06 31.044       6.4
 2013 04 20 12 00 33.043     2013 04 20 12 03  8.076     155.0
149
 2013 04 20 12 13 55.639     2013 04 20 12 16 51.638     176.0
 2013 04 20 18 49 53.757     2013 04 20 18 52 34.007     160.3
150
 2013 04 20 00 05 16.016     2013 04 20 00 07 53.086     157.1
151
 2013 04 20 15 24 56.761     2013 04 20 15 27 40.322     163.6
 2013 04 20 20 20 10.544     2013 04 20 20 23 38.210     207.7
 2013 04 20 21 57 56.706     2013 04 20 21 59  1.837      65.1
152
153
 2013 04 20 12 08 43.931     2013 04 20 12 11 39.539     175.6
154
 2013 04 20 12 09 40.319     2013 04 20 12 13 10.375     210.1
 2013 04 20 20 28 45.487     2013 04 20 20 31 28.310     162.8
155
 2013 04 20 12 05 20.149     2013 04 20 12 08 32.937     192.8
 2013 04 20 22 08 12.239     2013 04 20 22 11   .900     168.7
156
 2013 04 20 22 14 50.793     2013 04 20 22 15 50.571      59.8
157
158
 2013 04 20 10 32 17.085     2013 04 20 10 34 59.839     162.8
 2013 04 20 20 31 42.189     2013 04 20 20 32   .665      18.5
159
 2013 04 20 20 37 31.541     2013 04 20 20 40  9.253     157.7
160
 2013 04 20 12 02 46.522     2013 04 20 12 06 23.156     216.6
161
162
 2013 04 20 00 00   .000     2013 04 20 00 02 53.329     173.3
 2013 04 20 13 41 33.342     2013 04 20 13 44 40.594     187.3
 2013 04 20 23 40 24.799     2013 04 20 23 43 52.732     207.9
163
 2013 04 20 12 13 38.502     2013 04 20 12 16 55.604     197.1
 2013 04 20 18 50  8.549     2013 04 20 18 52 52.881     164.3
164
 2013 04 20 13 51 33.613     2013 04 20 13 51 58.063      24.5
 2013 04 20 15 26  9.947     2013 04 20 15 29 45.460     215.5
 2013 04 20 20 22 34.790     2013 04 20 20 25 14.544     159.8
165
 2013 04 20 10 38  5.330     2013 04 20 10 38 35.927      30.6
 2013 04 20 18 51 15.040     2013 04 20 18 54 32.626     197.6
166
167
 2013 04 20 22 00 14.798     2013 04 20 22 01  7.268      52.5
168
 2013 04 20 20 37 38.811     2013 04 20 20 40 29.235     170.4
169
170
 2013 04 20 10 28 35.191     2013 04 20 10 31 16.734     161.5
171
 2013 04 20 13 50 50.299     2013 04 20 13 53 27.817     157.5
 2013 04 20 18 46 13.811     2013 04 20 18 49 13.535     179.7
172
 2013 04 20 22 04 42.603     2013 04 20 22 07 31.621     169.0
173
 2013 04 20 20 33 18.738     2013 04 20 20 34 13.624      54.9
174
 2013 04 20 22 00 45.693     2013 04 20 22 03 32.157     166.5
175
176
 2013 04 20 12 06 12.274     2013 04 20 12 09 19.262     187.0
 2013 04 20 22 06 14.940     2013 04 20 22 09  5.176     170.2
177
 2013 04 20 20 29 13.526     2013 04 20 20 32 29.734     196.2
178
 2013 04 20 00 04 52.427     2013 04 20 00 08 35.401     223.0
179
 2013 04 20 13 45 33.810     2013 04 20 13 48 22.960     169.1
 2013 04 20 22 02 44.926     2013 04 20 22 05 30.196     165.3
180
 2013 04 20 12 07 56.966     2013 04 20 12 09  6.156      69.2
181
 2013 04 20 12 00 57.752     2013 04 20 12 03 47.604     169.9
182
 2013 04 20 13 49 29.905     2013 04 20 13 52  7.752     157.8
 2013 04 20 20 23 52.773     2013 04 20 20 26 48.673     175.9
183
 2013 04 20 00 03 49.241     2013 04 20 00 06 50.369     181.1
 2013 04 20 23 44 48.632     2013 04 20 23 47 50.072     181.4
184
 2013 04 20 12 09 29.796     2013 04 20 12 12 20.103     170.3
 2013 04 20 20 28  1.323     2013 04 20 20 31 18.786     197.5
185
 2013 04 20 20 29 21.845     2013 04 20 20 32 12.179     170.3
186
 2013 04 20 12 10 32.238     2013 04 20 12 13 56.359     204.1
 2013 04 20 20 26 34.485     2013 04 20 20 29 13.048     158.6
187
 2013 04 20 13 48  7.313     2013 04 20 13 50 52.043     164.7
 2013 04 20 20 23 22.958     2013 04 20 20 26 26.502     183.5
188
189
 2013 04 20 20 25 33.774     2013 04 20 20 29 27.381     233.6
190
 2013 04 20 10 34 55.870     2013 04 20 10 37 36.904     161.0
 2013 04 20 18 53  5.401     2013 04 20 18 56 19.225     193.8
191
 2013 04 20 12 12 52.142     2013 04 20 12 16 31.761     219.6
 2013 04 20 18 47 53.674     2013 04 20 18 50 54.454     180.8
192
 2013 04 20 10 34   .437     2013 04 20 10 34 12.216      11.8
 2013 04 20 20 31  9.951     2013 04 20 20 34  5.704     175.8
193
194
 2013 04 20 12 12 49.827     2013 04 20 12 15 27.171     157.3
 2013 04 20 18 48 22.330     2013 04 20 18 48 49.122      26.8
195
 2013 04 20 12 15  1.767     2013 04 20 12 17 41.300     159.5
 2013 04 20 18 48 55.614     2013 04 20 18 52 11.232     195.6
196
 2013 04 20 20 35 40.980     2013 04 20 20 36 39.763      58.8
197
 2013 04 20 12 12 36.266     2013 04 20 12 16  4.527     208.3
 2013 04 20 18 49 34.852     2013 04 20 18 53 29.018     234.2
198
 2013 04 20 20 35 36.832     2013 04 20 20 38 15.354     158.5
199
 2013 04 20 10 34 17.606     2013 04 20 10 37 13.640     176.0
 2013 04 20 18 55 49.746     2013 04 20 18 55 59.909      10.2
