s1
0
 2013 04 20 10 48 30.751     2013 04 20 10 48 44.784      14.0
 2013 04 20 20 41 54.619     2013 04 20 20 44 49.087     174.5
1
 2013 04 20 12 27 18.480     2013 04 20 12 27 36.358      17.9
 2013 04 20 20 37 18.997     2013 04 20 20 40  5.329     166.3
2
 2013 04 20 13 57 29.764     2013 04 20 14 00  7.006     157.2
 2013 04 20 22 13 16.069     2013 04 20 22 15 59.957     163.9
3
 2013 04 20 10 50 36.917     2013 04 20 10 50 40.801       3.9
4
5
 2013 04 20 22 19 55.949     2013 04 20 22 23 16.363     200.4
6
 2013 04 20 14 02  8.895     2013 04 20 14 05  9.816     180.9
 2013 04 20 15 39 34.212     2013 04 20 15 40 10.388      36.2
 2013 04 20 18 56 27.226     2013 04 20 19 00 12.935     225.7
 2013 04 20 20 34 31.566     2013 04 20 20 37 51.561     200.0
7
 2013 04 20 10 40 16.322     2013 04 20 10 42 51.011     154.7
8
 2013 04 20 15 35 11.531     2013 04 20 15 38 43.349     211.8
 2013 04 20 22 10 54.255     2013 04 20 22 13 37.442     163.2
9
 2013 04 20 15 37 13.526     2013 04 20 15 39 58.473     164.9
 2013 04 20 20 32  2.238     2013 04 20 20 32 51.311      49.1
 2013 04 20 22 09 53.879     2013 04 20 22 11 19.875      86.0
10
 2013 04 20 12 24 36.687     2013 04 20 12 27 54.767     198.1
11
 2013 04 20 12 25 32.814     2013 04 20 12 28 32.666     179.9
 2013 04 20 19 00 51.311     2013 04 20 19 00 57.084       5.8
12
13
14
 2013 04 20 10 38 29.049     2013 04 20 10 41  2.402     153.4
 2013 04 20 22 24 16.869     2013 04 20 22 27 45.904     209.0
15
 2013 04 20 10 48 20.150     2013 04 20 10 51  1.807     161.7
 2013 04 20 19 04 54.213     2013 04 20 19 07 42.177     168.0
16
 2013 04 20 22 20 45.505     2013 04 20 22 23 20.213     154.7
17
 2013 04 20 10 42 38.975     2013 04 20 10 45 22.650     163.7
 2013 04 20 20 44 42.386     2013 04 20 20 47 51.329     188.9
18
19
 2013 04 20 14 01 39.281     2013 04 20 14 04 14.954     155.7
 2013 04 20 20 35 29.334     2013 04 20 20 38  5.120     155.8
20
 2013 04 20 14 00 23.343     2013 04 20 14 01  4.232      40.9
 2013 04 20 20 36 40.707     2013 04 20 20 39 30.031     169.3
21
 2013 04 20 10 39 30.802     2013 04 20 10 42 25.004     174.2
22
 2013 04 20 12 26  5.002     2013 04 20 12 28 41.700     156.7
 2013 04 20 19 00 41.243     2013 04 20 19 03 58.742     197.5
23
 2013 04 20 12 27 50.274     2013 04 20 12 30 26.968     156.7
 2013 04 20 19 00 58.506     2013 04 20 19 04  6.132     187.6
24
 2013 04 20 12 19 34.575     2013 04 20 12 20  6.729      32.2
 2013 04 20 22 16  9.942     2013 04 20 22 19 34.204     204.3
25
 2013 04 20 14 01 25.802     2013 04 20 14 04 32.968     187.2
 2013 04 20 20 36 16.921     2013 04 20 20 38 51.421     154.5
26
 2013 04 20 12 15 21.004     2013 04 20 12 18 59.544     218.5
27
 2013 04 20 12 26 21.947     2013 04 20 12 26 40.637      18.7
 2013 04 20 19 02 27.621     2013 04 20 19 05  1.308     153.7
28
 2013 04 20 12 23 51.149     2013 04 20 12 24 16.243      25.1
 2013 04 20 20 39 35.623     2013 04 20 20 40 28.760      53.1
29
 2013 04 20 13 58 50.516     2013 04 20 14 02 18.669     208.2
 2013 04 20 22 13 31.229     2013 04 20 22 13 37.143       5.9
30
 2013 04 20 09 04 18.100     2013 04 20 09 07  6.340     168.2
 2013 04 20 20 49  1.761     2013 04 20 20 52 33.661     211.9
31
 2013 04 20 12 19 18.340     2013 04 20 12 21 52.343     154.0
 2013 04 20 22 17 56.601     2013 04 20 22 20 58.836     182.2
32
 2013 04 20 10 49 22.284     2013 04 20 10 51 58.957     156.7
 2013 04 20 19 04 36.152     2013 04 20 19 07 17.175     161.0
33
 2013 04 20 10 47 49.970     2013 04 20 10 50 29.689     159.7
 2013 04 20 19 04 37.979     2013 04 20 19 08  3.617     205.6
34
 2013 04 20 22 25 23.794     2013 04 20 22 25 34.985      11.2
35
 2013 04 20 14 01 37.409     2013 04 20 14 05 11.497     214.1
 2013 04 20 20 36 33.145     2013 04 20 20 39 19.756     166.6
36
 2013 04 20 10 47 14.216     2013 04 20 10 50 26.923     192.7
 2013 04 20 19 05  6.215     2013 04 20 19 08 50.880     224.7
37
 2013 04 20 12 17  9.611     2013 04 20 12 19 57.463     167.9
 2013 04 20 22 19 17.191     2013 04 20 22 22 18.157     181.0
38
 2013 04 20 13 53 47.078     2013 04 20 13 57 15.448     208.4
39
40
 2013 04 20 13 59 59.687     2013 04 20 14 02 49.294     169.6
 2013 04 20 20 38 50.379     2013 04 20 20 39  8.644      18.3
41
 2013 04 20 10 50 31.958     2013 04 20 10 50 49.900      17.9
42
 2013 04 20 12 26 50.916     2013 04 20 12 30 28.600     217.7
 2013 04 20 14 04 40.570     2013 04 20 14 08 17.330     216.8
 2013 04 20 18 59 48.706     2013 04 20 19 02 36.710     168.0
43
 2013 04 20 10 48 48.752     2013 04 20 10 52 19.920     211.2
 2013 04 20 19 03 25.193     2013 04 20 19 05 58.583     153.4
44
 2013 04 20 20 46 12.980     2013 04 20 20 49 34.907     201.9
45
 2013 04 20 12 12 57.057     2013 04 20 12 15 47.344     170.3
46
 2013 04 20 13 54 37.716     2013 04 20 13 58   .055     202.3
47
 2013 04 20 10 41 41.331     2013 04 20 10 44 25.327     164.0
48
 2013 04 20 22 16 45.848     2013 04 20 22 19 22.565     156.7
49
 2013 04 20 13 58 29.902     2013 04 20 14 01 24.489     174.6
 2013 04 20 22 13 42.311     2013 04 20 22 16 47.601     185.3
50
 2013 04 20 10 52 34.847     2013 04 20 10 52 43.703       8.9
 2013 04 20 19 03   .400     2013 04 20 19 05 33.932     153.5
51
 2013 04 20 15 36 45.428     2013 04 20 15 39 50.224     184.8
 2013 04 20 22 10 27.483     2013 04 20 22 13 46.282     198.8
52
 2013 04 20 10 43 25.592     2013 04 20 10 47  9.228     223.6
 2013 04 20 20 42 48.861     2013 04 20 20 45 30.583     161.7
53
 2013 04 20 14 01 19.663     2013 04 20 14 03 55.421     155.8
 2013 04 20 20 35 30.235     2013 04 20 20 38  5.604     155.4
54
 2013 04 20 12 14  4.141     2013 04 20 12 16 37.508     153.4
55
 2013 04 20 12 28 21.106     2013 04 20 12 31  2.461     161.4
 2013 04 20 17 22 45.925     2013 04 20 17 26  5.604     199.7
 2013 04 20 19 00  8.983     2013 04 20 19 00 31.260      22.3
56
 2013 04 20 12 25  1.295     2013 04 20 12 27 38.035     156.7
57
 2013 04 20 10 47 30.666     2013 04 20 10 50 23.973     173.3
 2013 04 20 19 04 50.989     2013 04 20 19 08 30.232     219.2
58
 2013 04 20 22 21 49.915     2013 04 20 22 22 35.416      45.5
59
 2013 04 20 12 25 16.098     2013 04 20 12 27 56.741     160.6
60
61
 2013 04 20 12 20   .883     2013 04 20 12 23 23.527     202.6
 2013 04 20 22 16  7.317     2013 04 20 22 17  2.327      55.0
62
63
 2013 04 20 22 11 53.534     2013 04 20 22 14 26.888     153.4
64
 2013 04 20 14 03 37.355     2013 04 20 14 06 53.187     195.8
 2013 04 20 18 59  2.333     2013 04 20 19 01 50.726     168.4
65
 2013 04 20 22 16  6.377     2013 04 20 22 18 38.683     152.3
66
 2013 04 20 10 42 36.212     2013 04 20 10 45 10.919     154.7
 2013 04 20 20 43 56.857     2013 04 20 20 47 36.168     219.3
67
 2013 04 20 10 50 19.781     2013 04 20 10 50 28.963       9.2
68
 2013 04 20 12 15 59.850     2013 04 20 12 17 39.613      99.8
 2013 04 20 22 20  8.552     2013 04 20 22 23 28.436     199.9
69
 2013 04 20 12 27 35.083     2013 04 20 12 28  3.555      28.5
 2013 04 20 20 36 59.703     2013 04 20 20 40 18.136     198.4
70
 2013 04 20 10 49  7.710     2013 04 20 10 51 42.653     154.9
 2013 04 20 19 04 33.357     2013 04 20 19 07  6.798     153.4
71
 2013 04 20 19 02 17.756     2013 04 20 19 05 33.816     196.1
72
 2013 04 20 00 17 57.151     2013 04 20 00 20 59.189     182.0
73
 2013 04 20 12 17 24.505     2013 04 20 12 20  9.362     164.9
 2013 04 20 22 18  7.401     2013 04 20 22 21 24.765     197.4
74
 2013 04 20 10 38 19.173     2013 04 20 10 41 57.551     218.4
75
 2013 04 20 13 56 20.785     2013 04 20 13 56 23.225       2.4
 2013 04 20 22 15  3.313     2013 04 20 22 17 47.286     164.0
76
 2013 04 20 00 21 17.041     2013 04 20 00 24  3.788     166.7
77
 2013 04 20 12 18 46.633     2013 04 20 12 20  1.984      75.4
78
 2013 04 20 12 26   .153     2013 04 20 12 28 35.693     155.5
 2013 04 20 19 00 26.818     2013 04 20 19 03 50.066     203.2
79
 2013 04 20 12 14 53.288     2013 04 20 12 17 26.716     153.4
80
 2013 04 20 12 20 50.640     2013 04 20 12 23 25.575     154.9
81
82
 2013 04 20 12 23 10.209     2013 04 20 12 23 17.754       7.5
 2013 04 20 22 16 18.126     2013 04 20 22 19 15.722     177.6
83
 2013 04 20 20 47 11.437     2013 04 20 20 50 22.457     191.0
84
 2013 04 20 20 47  2.989     2013 04 20 20 50 41.043     218.1
85
 2013 04 20 12 17 25.383     2013 04 20 12 20  9.893     164.5
 2013 04 20 22 19 13.344     2013 04 20 22 22  2.676     169.3
86
 2013 04 20 10 43 15.457     2013 04 20 10 46  2.729     167.3
 2013 04 20 20 44 47.642     2013 04 20 20 47 23.055     155.4
87
 2013 04 20 13 55 12.670     2013 04 20 13 57 54.605     161.9
88
 2013 04 20 20 40 35.546     2013 04 20 20 41  1.531      26.0
89
 2013 04 20 12 20 43.376     2013 04 20 12 23 35.314     171.9
90
 2013 04 20 12 15  1.859     2013 04 20 12 18 34.912     213.1
91
 2013 04 20 13 57 32.959     2013 04 20 14 00 37.451     184.5
 2013 04 20 22 12 43.136     2013 04 20 22 15 20.437     157.3
92
 2013 04 20 13 58 46.810     2013 04 20 13 59 48.515      61.7
93
 2013 04 20 22 11 43.264     2013 04 20 22 14 23.489     160.2
94
 2013 04 20 10 39 51.874     2013 04 20 10 42 59.652     187.8
95
 2013 04 20 20 44 39.005     2013 04 20 20 44 54.856      15.9
96
 2013 04 20 19 02 41.956     2013 04 20 19 05 28.946     167.0
97
 2013 04 20 10 38 40.953     2013 04 20 10 42  5.868     204.9
 2013 04 20 22 22 58.200     2013 04 20 22 26 23.357     205.2
98
 2013 04 20 12 17 54.351     2013 04 20 12 21 38.434     224.1
 2013 04 20 22 17 16.436     2013 04 20 22 19 57.511     161.1
99
 2013 04 20 10 46 33.935     2013 04 20 10 49 40.399     186.5
100
 2013 04 20 20 41 27.442     2013 04 20 20 45  8.309     220.9
101
 2013 04 20 10 48  3.592     2013 04 20 10 50 38.289     154.7
 2013 04 20 19 04 24.070     2013 04 20 19 07 38.911     194.8
102
 2013 04 20 12 27  2.839     2013 04 20 12 27 31.973      29.1
 2013 04 20 19 02 21.771     2013 04 20 19 05 14.065     172.3
103
 2013 04 20 22 11 17.036     2013 04 20 22 14 13.521     176.5
104
 2013 04 20 10 41 29.126     2013 04 20 10 44  6.832     157.7
105
 2013 04 20 12 25 31.115     2013 04 20 12 28 40.245     189.1
 2013 04 20 18 59 34.487     2013 04 20 19 03  6.744     212.3
106
 2013 04 20 10 44 56.217     2013 04 20 10 48 41.351     225.1
 2013 04 20 20 41 56.884     2013 04 20 20 45  7.138     190.3
107
 2013 04 20 10 40  5.560     2013 04 20 10 43 28.586     203.0
108
 2013 04 20 20 47 16.084     2013 04 20 20 50 42.505     206.4
109
 2013 04 20 20 40 49.508     2013 04 20 20 43 40.474     171.0
110
 2013 04 20 22 15 38.937     2013 04 20 22 18 20.936     162.0
111
 2013 04 20 12 25  2.230     2013 04 20 12 28 13.628     191.4
112
113
 2013 04 20 22 23  5.921     2013 04 20 22 25 44.099     158.2
114
 2013 04 20 22 21  2.899     2013 04 20 22 24  3.778     180.9
115
 2013 04 20 10 40 57.119     2013 04 20 10 41  1.666       4.5
116
 2013 04 20 00 18 11.576     2013 04 20 00 20 55.954     164.4
117
 2013 04 20 20 46 19.041     2013 04 20 20 49 15.616     176.6
118
 2013 04 20 12 20 30.813     2013 04 20 12 23 51.543     200.7
119
 2013 04 20 12 27  9.850     2013 04 20 12 28  4.092      54.2
 2013 04 20 19 02 16.744     2013 04 20 19 05 13.835     177.1
120
 2013 04 20 22 23 37.411     2013 04 20 22 26 15.979     158.6
121
 2013 04 20 00 19 26.433     2013 04 20 00 23  5.666     219.2
122
 2013 04 20 10 40 26.670     2013 04 20 10 43 24.324     177.7
123
 2013 04 20 14 01  2.035     2013 04 20 14 04 40.688     218.7
 2013 04 20 15 38 49.188     2013 04 20 15 42 33.969     224.8
 2013 04 20 20 34 19.127     2013 04 20 20 36 56.619     157.5
124
 2013 04 20 20 46 38.786     2013 04 20 20 49 10.835     152.0
125
126
 2013 04 20 10 44 11.702     2013 04 20 10 46 47.020     155.3
 2013 04 20 20 44  7.370     2013 04 20 20 46 43.307     155.9
127
 2013 04 20 13 59 40.886     2013 04 20 14 03 10.259     209.4
 2013 04 20 20 39 40.564     2013 04 20 20 39 43.452       2.9
128
 2013 04 20 22 23 49.130     2013 04 20 22 24 50.124      61.0
129
 2013 04 20 12 26 38.232     2013 04 20 12 27 21.410      43.2
 2013 04 20 20 37 28.781     2013 04 20 20 40  7.684     158.9
130
 2013 04 20 22 15 54.493     2013 04 20 22 18 27.018     152.5
131
 2013 04 20 10 40 59.765     2013 04 20 10 43 37.251     157.5
132
 2013 04 20 13 59 54.130     2013 04 20 14 02 42.621     168.5
 2013 04 20 20 37 37.458     2013 04 20 20 38  6.514      29.1
133
134
 2013 04 20 10 46 32.582     2013 04 20 10 50   .268     207.7
135
 2013 04 20 10 52 46.172     2013 04 20 10 53 28.808      42.6
 2013 04 20 19 02 37.853     2013 04 20 19 05 50.211     192.4
136
 2013 04 20 22 22 10.082     2013 04 20 22 25  7.317     177.2
137
 2013 04 20 10 40  4.594     2013 04 20 10 40 10.385       5.8
138
139
 2013 04 20 14 01 53.074     2013 04 20 14 04 48.836     175.8
 2013 04 20 20 36  3.574     2013 04 20 20 38 50.522     166.9
140
 2013 04 20 12 23 47.832     2013 04 20 12 26 39.650     171.8
 2013 04 20 20 39 22.737     2013 04 20 20 42 11.128     168.4
141
 2013 04 20 13 57  3.353     2013 04 20 13 57 41.369      38.0
 2013 04 20 22 12  7.946     2013 04 20 22 14 53.092     165.1
142
 2013 04 20 12 15 19.461     2013 04 20 12 18 39.642     200.2
143
 2013 04 20 10 43 16.878     2013 04 20 10 46  4.441     167.6
 2013 04 20 20 44 47.696     2013 04 20 20 47 22.355     154.7
144
 2013 04 20 20 40 44.919     2013 04 20 20 44 13.861     208.9
145
 2013 04 20 14 01  3.394     2013 04 20 14 04 36.098     212.7
 2013 04 20 20 36 34.024     2013 04 20 20 39  8.057     154.0
146
 2013 04 20 10 43  2.034     2013 04 20 10 46 29.354     207.3
 2013 04 20 20 42 59.614     2013 04 20 20 46  5.540     185.9
147
 2013 04 20 20 41 46.351     2013 04 20 20 44 34.820     168.5
148
 2013 04 20 12 13 31.342     2013 04 20 12 16 43.011     191.7
149
 2013 04 20 12 26 57.256     2013 04 20 12 30 21.558     204.3
 2013 04 20 19 02  1.675     2013 04 20 19 04 38.054     156.4
150
 2013 04 20 00 20 24.308     2013 04 20 00 23 33.872     189.6
 2013 04 20 12 16 34.557     2013 04 20 12 16 42.863       8.3
151
 2013 04 20 15 37 40.320     2013 04 20 15 40 16.248     155.9
 2013 04 20 20 32 13.235     2013 04 20 20 35 18.791     185.6
152
153
 2013 04 20 12 21 36.331     2013 04 20 12 25 20.674     224.3
 2013 04 20 20 40  4.255     2013 04 20 20 43 27.546     203.3
154
 2013 04 20 20 40 38.716     2013 04 20 20 43 14.086     155.4
155
 2013 04 20 22 19 23.511     2013 04 20 22 22 53.216     209.7
156
 2013 04 20 10 39 27.435     2013 04 20 10 40 22.066      54.6
 2013 04 20 22 23 53.438     2013 04 20 22 26 49.084     175.6
157
 2013 04 20 10 43 24.284     2013 04 20 10 44 30.311      66.0
158
 2013 04 20 10 45 27.777     2013 04 20 10 48 55.477     207.7
159
 2013 04 20 09 03 54.595     2013 04 20 09 07  1.583     187.0
 2013 04 20 20 49  6.865     2013 04 20 20 52 10.464     183.6
160
 2013 04 20 12 16 29.141     2013 04 20 12 19 11.263     162.1
161
 2013 04 20 22 16  6.438     2013 04 20 22 19 28.630     202.2
162
 2013 04 20 13 54 47.214     2013 04 20 13 57 22.622     155.4
163
 2013 04 20 12 26 37.194     2013 04 20 12 28 16.754      99.6
 2013 04 20 19 02 20.028     2013 04 20 19 04 54.004     154.0
164
 2013 04 20 14 01  4.038     2013 04 20 14 04 32.588     208.6
 2013 04 20 15 38 42.319     2013 04 20 15 39 44.540      62.2
 2013 04 20 20 34 26.047     2013 04 20 20 37  2.045     156.0
165
 2013 04 20 10 48 25.927     2013 04 20 10 51 37.884     192.0
 2013 04 20 19 03 40.065     2013 04 20 19 06 22.476     162.4
166
167
 2013 04 20 13 56 46.997     2013 04 20 14 00 18.200     211.2
 2013 04 20 22 12 12.691     2013 04 20 22 15 23.024     190.3
168
 2013 04 20 09 03  9.539     2013 04 20 09 06 25.488     195.9
 2013 04 20 20 49 36.200     2013 04 20 20 52  8.624     152.4
169
 2013 04 20 22 16 32.675     2013 04 20 22 19 56.986     204.3
170
 2013 04 20 10 41 42.642     2013 04 20 10 45 16.194     213.6
 2013 04 20 20 45 28.577     2013 04 20 20 48 51.164     202.6
171
 2013 04 20 14 03 45.809     2013 04 20 14 06 26.472     160.7
 2013 04 20 18 58 29.710     2013 04 20 19 01 12.149     162.4
172
 2013 04 20 12 23 27.018     2013 04 20 12 23 39.287      12.3
 2013 04 20 22 15 56.994     2013 04 20 22 19 20.639     203.6
173
174
 2013 04 20 13 57 46.110     2013 04 20 14 01 11.184     205.1
 2013 04 20 22 12 25.488     2013 04 20 22 14 58.789     153.3
175
 2013 04 20 00 20 48.791     2013 04 20 00 23 54.737     185.9
176
 2013 04 20 12 19 43.121     2013 04 20 12 22 17.931     154.8
 2013 04 20 22 17 27.183     2013 04 20 22 20 56.397     209.2
177
 2013 04 20 20 40 37.059     2013 04 20 20 40 52.055      15.0
178
 2013 04 20 12 14  9.214     2013 04 20 12 17 13.381     184.2
179
 2013 04 20 13 58 15.289     2013 04 20 14 01 40.474     205.2
 2013 04 20 22 14  3.501     2013 04 20 22 17 15.136     191.6
180
 2013 04 20 20 40 47.783     2013 04 20 20 44 19.012     211.2
181
 2013 04 20 12 14 20.596     2013 04 20 12 16 57.226     156.6
182
 2013 04 20 14 02 26.406     2013 04 20 14 05  5.511     159.1
 2013 04 20 20 35 29.006     2013 04 20 20 38 47.812     198.8
183
 2013 04 20 00 19 28.718     2013 04 20 00 22  1.315     152.6
184
 2013 04 20 12 22 24.904     2013 04 20 12 25 57.892     213.0
 2013 04 20 20 40 10.984     2013 04 20 20 42 50.348     159.4
185
 2013 04 20 20 41 20.665     2013 04 20 20 43 52.902     152.2
186
 2013 04 20 12 24  3.668     2013 04 20 12 26 50.590     166.9
 2013 04 20 20 38 17.279     2013 04 20 20 41  7.813     170.5
187
 2013 04 20 14 01  8.669     2013 04 20 14 03 44.304     155.6
 2013 04 20 20 35 25.220     2013 04 20 20 38  5.478     160.3
188
 2013 04 20 10 42 21.102     2013 04 20 10 46  2.774     221.7
 2013 04 20 20 45 53.567     2013 04 20 20 46 35.152      41.6
189
 2013 04 20 12 22 22.639     2013 04 20 12 25 49.957     207.3
 2013 04 20 20 37 48.431     2013 04 20 20 40 56.099     187.7
190
 2013 04 20 10 48 11.377     2013 04 20 10 51 26.579     195.2
 2013 04 20 19 05 30.682     2013 04 20 19 08  8.268     157.6
191
 2013 04 20 12 26 21.661     2013 04 20 12 29 25.247     183.6
 2013 04 20 19 00 11.307     2013 04 20 19 02 51.166     159.9
192
 2013 04 20 10 44  4.351     2013 04 20 10 47  9.605     185.3
 2013 04 20 20 43 11.925     2013 04 20 20 45 43.217     151.3
193
194
 2013 04 20 12 26  1.866     2013 04 20 12 28 43.629     161.8
 2013 04 20 19 00 51.039     2013 04 20 19 04 11.390     200.4
195
 2013 04 20 12 28 16.428     2013 04 20 12 30 53.449     157.0
 2013 04 20 17 22 52.446     2013 04 20 17 26 41.319     228.9
 2013 04 20 19 00 44.202     2013 04 20 19 04 29.760     225.6
196
 2013 04 20 20 48  2.079     2013 04 20 20 50 50.398     168.3
197
 2013 04 20 12 25 31.897     2013 04 20 12 25 40.504       8.6
 2013 04 20 19 02  4.778     2013 04 20 19 05 16.064     191.3
198
 2013 04 20 20 47 22.038     2013 04 20 20 50  7.526     165.5
199
 2013 04 20 10 47 59.053     2013 04 20 10 50 33.738     154.7
 2013 04 20 19 04 19.335     2013 04 20 19 07 40.945     201.6
