s5
0
 2013 04 20 11 45 50.698     2013 04 20 11 46 13.350      22.7
 2013 04 20 20 05 25.517     2013 04 20 20 08 56.686     211.2
1
 2013 04 20 13 25 13.253     2013 04 20 13 28 18.792     185.5
 2013 04 20 20 01   .037     2013 04 20 20 04  7.287     187.2
2
3
 2013 04 20 11 47 57.305     2013 04 20 11 51 34.390     217.1
 2013 04 20 20 05  3.067     2013 04 20 20 07 59.395     176.3
4
 2013 04 20 11 47 37.489     2013 04 20 11 50 48.200     190.7
 2013 04 20 20 05   .706     2013 04 20 20 07 36.559     155.9
5
 2013 04 20 11 41 49.085     2013 04 20 11 44 23.643     154.6
 2013 04 20 21 43 50.541     2013 04 20 21 47 12.595     202.1
6
 2013 04 20 15 03 26.935     2013 04 20 15 06 33.734     186.8
 2013 04 20 19 58 49.667     2013 04 20 20 01 27.348     157.7
7
 2013 04 20 21 47 31.727     2013 04 20 21 50 10.810     159.1
8
 2013 04 20 14 59  6.388     2013 04 20 15 01 44.393     158.0
9
 2013 04 20 15 00 40.651     2013 04 20 15 03 37.083     176.4
 2013 04 20 21 34 33.984     2013 04 20 21 37 13.693     159.7
10
 2013 04 20 11 48  6.332     2013 04 20 11 50 56.363     170.0
 2013 04 20 20 03 36.457     2013 04 20 20 06 13.226     156.8
11
 2013 04 20 11 48 50.565     2013 04 20 11 51 49.685     179.1
 2013 04 20 20 03   .565     2013 04 20 20 06 13.353     192.8
12
 2013 04 20 10 07 56.742     2013 04 20 10 10 36.252     159.5
 2013 04 20 20 09 42.242     2013 04 20 20 12 18.722     156.5
13
 2013 04 20 13 16 32.609     2013 04 20 13 19 48.001     195.4
 2013 04 20 23 19 32.228     2013 04 20 23 22  7.757     155.5
14
 2013 04 20 21 48 13.404     2013 04 20 21 51 38.969     205.6
15
 2013 04 20 10 10 56.668     2013 04 20 10 11 36.040      39.4
16
 2013 04 20 11 40 21.691     2013 04 20 11 43   .073     158.4
17
18
 2013 04 20 13 18 27.922     2013 04 20 13 21  9.445     161.5
 2013 04 20 23 17 55.062     2013 04 20 23 21 20.308     205.2
19
 2013 04 20 13 24 36.112     2013 04 20 13 28 15.965     219.9
 2013 04 20 19 59  1.055     2013 04 20 20 02 14.989     193.9
20
 2013 04 20 13 24 24.611     2013 04 20 13 27  2.511     157.9
21
 2013 04 20 21 47 20.888     2013 04 20 21 50  2.893     162.0
22
 2013 04 20 11 48 55.191     2013 04 20 11 52 33.467     218.3
 2013 04 20 20 02 13.729     2013 04 20 20 05 52.498     218.8
23
 2013 04 20 11 50 49.550     2013 04 20 11 54 11.169     201.6
 2013 04 20 18 25   .590     2013 04 20 18 27 41.273     160.7
24
 2013 04 20 21 40 19.563     2013 04 20 21 43 19.799     180.2
25
 2013 04 20 13 25   .462     2013 04 20 13 27 45.355     164.9
 2013 04 20 19 59 40.480     2013 04 20 20 03  7.425     206.9
26
 2013 04 20 23 20 23.111     2013 04 20 23 23 27.125     184.0
27
 2013 04 20 11 50 17.989     2013 04 20 11 52 58.391     160.4
 2013 04 20 18 25 30.701     2013 04 20 18 29 21.373     230.7
28
 2013 04 20 11 47 48.493     2013 04 20 11 50 24.782     156.3
 2013 04 20 20 04  7.635     2013 04 20 20 06 46.221     158.6
29
 2013 04 20 13 22 33.396     2013 04 20 13 25 18.504     165.1
 2013 04 20 21 38 18.858     2013 04 20 21 40 55.120     156.3
30
 2013 04 20 20 12 54.861     2013 04 20 20 16 17.245     202.4
31
 2013 04 20 21 41 37.601     2013 04 20 21 45  8.765     211.2
32
 2013 04 20 10 14 58.030     2013 04 20 10 15 53.679      55.6
 2013 04 20 18 27 54.234     2013 04 20 18 31 25.203     211.0
33
 2013 04 20 10 13 36.420     2013 04 20 10 14 22.161      45.7
34
 2013 04 20 11 38 30.312     2013 04 20 11 41 13.361     163.0
35
 2013 04 20 13 25 27.185     2013 04 20 13 28  4.321     157.1
 2013 04 20 20 00 17.968     2013 04 20 20 03 19.141     181.2
36
 2013 04 20 10 10 22.618     2013 04 20 10 13 35.464     192.8
37
38
 2013 04 20 13 17 15.439     2013 04 20 13 20 26.479     191.0
 2013 04 20 23 17 31.920     2013 04 20 23 20 11.291     159.4
39
 2013 04 20 13 23  1.749     2013 04 20 13 26  4.332     182.6
 2013 04 20 21 39  5.120     2013 04 20 21 42 10.380     185.3
40
 2013 04 20 13 23 13.719     2013 04 20 13 26 25.149     191.4
 2013 04 20 21 37 29.153     2013 04 20 21 40 33.806     184.7
41
 2013 04 20 11 48  8.224     2013 04 20 11 51 46.865     218.6
 2013 04 20 20 04 55.435     2013 04 20 20 08  4.892     189.5
42
 2013 04 20 13 28 26.231     2013 04 20 13 31 13.371     167.1
 2013 04 20 18 23 37.315     2013 04 20 18 26 23.117     165.8
43
 2013 04 20 11 49 53.819     2013 04 20 11 53 38.345     224.5
 2013 04 20 18 26 29.212     2013 04 20 18 30 18.172     229.0
44
 2013 04 20 10 06 46.257     2013 04 20 10 09 37.925     171.7
 2013 04 20 20 10   .576     2013 04 20 20 13 24.687     204.1
45
 2013 04 20 23 23 26.343     2013 04 20 23 26 23.346     177.0
46
 2013 04 20 13 18  3.175     2013 04 20 13 21 15.195     192.0
 2013 04 20 23 17  9.783     2013 04 20 23 19 53.071     163.3
47
 2013 04 20 21 45 51.882     2013 04 20 21 46 33.862      42.0
48
 2013 04 20 13 19 25.724     2013 04 20 13 20  2.727      37.0
49
 2013 04 20 13 21 42.817     2013 04 20 13 24 59.212     196.4
 2013 04 20 21 37 42.922     2013 04 20 21 40 43.601     180.7
50
 2013 04 20 11 50 11.396     2013 04 20 11 53 20.375     189.0
 2013 04 20 18 26  6.954     2013 04 20 18 29 51.513     224.6
51
 2013 04 20 15 00 27.026     2013 04 20 15 03  9.409     162.4
 2013 04 20 21 34 49.416     2013 04 20 21 37 28.386     159.0
52
53
 2013 04 20 13 24 16.717     2013 04 20 13 27 55.228     218.5
 2013 04 20 19 58 44.734     2013 04 20 20 02 27.888     223.2
54
 2013 04 20 23 22 40.605     2013 04 20 23 25 14.860     154.3
55
 2013 04 20 11 51  9.033     2013 04 20 11 51 58.898      49.9
 2013 04 20 13 29 16.093     2013 04 20 13 32 43.923     207.8
 2013 04 20 18 24 40.408     2013 04 20 18 27 26.941     166.5
56
 2013 04 20 11 47 45.953     2013 04 20 11 51 34.112     228.2
 2013 04 20 20 02 49.668     2013 04 20 20 05 26.796     157.1
57
 2013 04 20 10 10 19.517     2013 04 20 10 13 54.954     215.4
58
 2013 04 20 21 46 11.596     2013 04 20 21 49 12.982     181.4
59
 2013 04 20 11 48 10.218     2013 04 20 11 51 41.815     211.6
 2013 04 20 20 02 53.616     2013 04 20 20 05 38.471     164.9
60
 2013 04 20 13 17 15.994     2013 04 20 13 19 58.865     162.9
 2013 04 20 23 18 51.896     2013 04 20 23 21 26.148     154.3
61
 2013 04 20 21 40 40.565     2013 04 20 21 43 24.791     164.2
62
 2013 04 20 11 37 43.033     2013 04 20 11 40 22.495     159.5
 2013 04 20 23 23 35.703     2013 04 20 23 27 12.224     216.5
63
 2013 04 20 14 59 18.862     2013 04 20 15 02 25.020     186.2
 2013 04 20 21 35 10.950     2013 04 20 21 38 59.129     228.2
64
 2013 04 20 13 27 19.269     2013 04 20 13 29 56.919     157.6
 2013 04 20 18 22 10.061     2013 04 20 18 26  3.971     233.9
 2013 04 20 20 00 14.022     2013 04 20 20 03 55.506     221.5
65
 2013 04 20 13 20 26.374     2013 04 20 13 23 41.054     194.7
66
67
 2013 04 20 11 47 44.715     2013 04 20 11 51 26.283     221.6
 2013 04 20 20 05 12.153     2013 04 20 20 07 59.727     167.6
68
 2013 04 20 11 39 32.414     2013 04 20 11 42 39.813     187.4
69
 2013 04 20 13 25 43.381     2013 04 20 13 28 44.858     181.5
 2013 04 20 20 01 12.626     2013 04 20 20 03 54.418     161.8
70
 2013 04 20 18 27 33.169     2013 04 20 18 27 55.700      22.5
71
 2013 04 20 11 49 22.517     2013 04 20 11 52  9.749     167.2
 2013 04 20 20 03 34.243     2013 04 20 20 03 52.014      17.8
72
 2013 04 20 13 15 51.028     2013 04 20 13 18 25.461     154.4
 2013 04 20 23 21 58.700     2013 04 20 23 22 22.507      23.8
73
74
 2013 04 20 10 01 31.132     2013 04 20 10 04 55.091     204.0
 2013 04 20 21 49 30.449     2013 04 20 21 52  5.794     155.3
75
 2013 04 20 13 20 27.600     2013 04 20 13 23  4.555     157.0
76
77
 2013 04 20 23 19 17.395     2013 04 20 23 19 45.040      27.6
78
 2013 04 20 11 48 41.620     2013 04 20 11 49  2.986      21.4
 2013 04 20 20 02  7.563     2013 04 20 20 05 37.046     209.5
79
 2013 04 20 23 22  4.557     2013 04 20 23 24 51.045     166.5
80
 2013 04 20 21 41 38.010     2013 04 20 21 44 19.847     161.8
81
 2013 04 20 10 02 34.067     2013 04 20 10 05 25.679     171.6
 2013 04 20 21 49 21.847     2013 04 20 21 52 17.064     175.2
82
 2013 04 20 13 20 30.209     2013 04 20 13 21  2.180      32.0
 2013 04 20 21 39 59.846     2013 04 20 21 43 26.052     206.2
83
 2013 04 20 10 05 47.490     2013 04 20 10 09 33.857     226.4
 2013 04 20 20 10 45.534     2013 04 20 20 14 24.667     219.1
84
 2013 04 20 10 04 17.968     2013 04 20 10 06 58.613     160.6
85
86
 2013 04 20 10 09 53.570     2013 04 20 10 09 54.600       1.0
87
 2013 04 20 23 15 47.766     2013 04 20 23 18 24.393     156.6
88
 2013 04 20 11 47 13.044     2013 04 20 11 50 33.424     200.4
 2013 04 20 20 05 10.005     2013 04 20 20 07 49.056     159.1
89
 2013 04 20 11 43 31.706     2013 04 20 11 47 18.515     226.8
 2013 04 20 21 42  1.374     2013 04 20 21 44 51.210     169.8
90
 2013 04 20 23 20 45.389     2013 04 20 23 23 32.547     167.2
91
92
 2013 04 20 14 57 21.791     2013 04 20 15 01  9.655     227.9
 2013 04 20 23 14  1.087     2013 04 20 23 17 24.410     203.3
93
 2013 04 20 14 59   .352     2013 04 20 15 01 58.867     178.5
94
 2013 04 20 21 47   .423     2013 04 20 21 49 34.676     154.3
95
 2013 04 20 10 07 50.744     2013 04 20 10 10 28.761     158.0
 2013 04 20 20 09  6.560     2013 04 20 20 11 55.658     169.1
96
 2013 04 20 11 50 44.344     2013 04 20 11 53 40.065     175.7
 2013 04 20 18 26 17.913     2013 04 20 18 29 23.306     185.4
97
 2013 04 20 21 46 51.974     2013 04 20 21 50 19.217     207.2
98
99
 2013 04 20 20 05 59.292     2013 04 20 20 08 45.777     166.5
100
 2013 04 20 11 44 27.774     2013 04 20 11 47 40.804     193.0
101
102
 2013 04 20 11 50 56.643     2013 04 20 11 53 38.779     162.1
 2013 04 20 18 26  5.432     2013 04 20 18 29  2.442     177.0
103
 2013 04 20 14 58 49.316     2013 04 20 15 01 32.536     163.2
104
105
 2013 04 20 13 26 36.565     2013 04 20 13 30  9.360     212.8
 2013 04 20 20 01 31.302     2013 04 20 20 04 40.102     188.8
106
 2013 04 20 20 05 45.422     2013 04 20 20 08 59.036     193.6
107
 2013 04 20 21 46 39.732     2013 04 20 21 49 13.889     154.2
108
 2013 04 20 10 05 39.111     2013 04 20 10 05 48.837       9.7
 2013 04 20 20 11  6.114     2013 04 20 20 14 29.518     203.4
109
 2013 04 20 11 45 41.131     2013 04 20 11 48 16.867     155.7
110
 2013 04 20 13 21  1.701     2013 04 20 13 23 57.980     176.3
 2013 04 20 21 39  2.072     2013 04 20 21 42 47.857     225.8
111
 2013 04 20 11 48 27.990     2013 04 20 11 51 20.356     172.4
 2013 04 20 20 03 24.491     2013 04 20 20 06 12.015     167.5
112
 2013 04 20 11 37 12.491     2013 04 20 11 39 46.018     153.5
 2013 04 20 23 24 22.547     2013 04 20 23 27 33.205     190.7
113
114
 2013 04 20 11 39 41.800     2013 04 20 11 42 16.048     154.2
115
 2013 04 20 21 45 34.068     2013 04 20 21 48 43.388     189.3
116
 2013 04 20 13 15 32.574     2013 04 20 13 18  7.445     154.9
117
 2013 04 20 10 06 36.672     2013 04 20 10 09 17.016     160.3
 2013 04 20 20 12 17.736     2013 04 20 20 13 32.225      74.5
118
 2013 04 20 11 43 49.216     2013 04 20 11 47  1.167     192.0
 2013 04 20 21 42 19.316     2013 04 20 21 45 18.731     179.4
119
 2013 04 20 11 51  1.882     2013 04 20 11 53 42.691     160.8
 2013 04 20 18 26  5.710     2013 04 20 18 28 58.005     172.3
120
121
 2013 04 20 23 20 21.583     2013 04 20 23 23 53.691     212.1
122
 2013 04 20 10 06 47.549     2013 04 20 10 07  5.594      18.0
 2013 04 20 21 47 46.594     2013 04 20 21 51 10.635     204.0
123
 2013 04 20 15 02 43.687     2013 04 20 15 05 33.068     169.4
 2013 04 20 19 58   .196     2013 04 20 20 00 59.731     179.5
124
 2013 04 20 10 06  4.923     2013 04 20 10 08 41.086     156.2
125
 2013 04 20 13 22 25.204     2013 04 20 13 25 12.674     167.5
 2013 04 20 21 39 12.342     2013 04 20 21 41 48.226     155.9
126
127
 2013 04 20 13 23 26.318     2013 04 20 13 26  7.713     161.4
 2013 04 20 21 37 59.957     2013 04 20 21 41  8.577     188.6
128
 2013 04 20 11 39   .293     2013 04 20 11 41 34.119     153.8
129
 2013 04 20 13 24 59.089     2013 04 20 13 28 12.250     193.2
 2013 04 20 20 00 57.633     2013 04 20 20 04 19.387     201.8
130
 2013 04 20 13 20 37.088     2013 04 20 13 23 38.453     181.4
131
 2013 04 20 21 47  7.073     2013 04 20 21 50 41.790     214.7
132
 2013 04 20 15 00 41.446     2013 04 20 15 01  1.938      20.5
 2013 04 20 21 36 33.742     2013 04 20 21 39 27.627     173.9
133
 2013 04 20 13 17 13.052     2013 04 20 13 19 47.674     154.6
 2013 04 20 23 18 33.094     2013 04 20 23 21 10.302     157.2
134
 2013 04 20 20 05 39.553     2013 04 20 20 08 28.809     169.3
135
 2013 04 20 11 51  2.824     2013 04 20 11 54  7.550     184.7
 2013 04 20 18 26 39.198     2013 04 20 18 29 23.964     164.8
136
 2013 04 20 11 39 47.565     2013 04 20 11 39 56.752       9.2
 2013 04 20 21 48 37.752     2013 04 20 21 49 31.913      54.2
137
 2013 04 20 10 03 47.683     2013 04 20 10 06 42.970     175.3
138
 2013 04 20 10 03 53.868     2013 04 20 10 06 32.689     158.8
139
 2013 04 20 13 25 20.417     2013 04 20 13 28 10.998     170.6
 2013 04 20 19 59 50.922     2013 04 20 20 02 48.217     177.3
140
 2013 04 20 11 46 49.869     2013 04 20 11 50 12.559     202.7
 2013 04 20 20 02 56.937     2013 04 20 20 06 17.477     200.5
141
 2013 04 20 14 58 35.645     2013 04 20 15 02  9.740     214.1
142
 2013 04 20 23 20 41.483     2013 04 20 23 23 42.058     180.6
143
 2013 04 20 10 09 53.018     2013 04 20 10 09 55.800       2.8
144
 2013 04 20 11 47  2.785     2013 04 20 11 50  8.317     185.5
 2013 04 20 20 04 55.090     2013 04 20 20 07 47.757     172.7
145
 2013 04 20 13 24 52.368     2013 04 20 13 27 29.872     157.5
 2013 04 20 19 59 44.949     2013 04 20 20 03 33.519     228.6
146
147
 2013 04 20 11 45 58.265     2013 04 20 11 49 46.531     228.3
 2013 04 20 20 05  9.944     2013 04 20 20 08 48.923     219.0
148
 2013 04 20 11 38 47.950     2013 04 20 11 40 14.407      86.5
 2013 04 20 23 23 33.692     2013 04 20 23 26  7.363     153.7
149
 2013 04 20 11 50 35.723     2013 04 20 11 53 14.184     158.5
 2013 04 20 18 25 23.494     2013 04 20 18 28 43.873     200.4
150
 2013 04 20 23 24 33.035     2013 04 20 23 24 53.681      20.6
151
 2013 04 20 15 00 52.141     2013 04 20 15 04 16.555     204.4
 2013 04 20 16 38 38.727     2013 04 20 16 42 26.455     227.7
 2013 04 20 19 55 29.122     2013 04 20 19 55 43.025      13.9
 2013 04 20 21 34  3.889     2013 04 20 21 37  4.979     181.1
152
 2013 04 20 10 07 40.713     2013 04 20 10 09 23.500     102.8
 2013 04 20 20 10 26.538     2013 04 20 20 13 13.304     166.8
153
 2013 04 20 11 45 17.355     2013 04 20 11 48  5.987     168.6
154
 2013 04 20 11 46 36.150     2013 04 20 11 49 11.916     155.8
 2013 04 20 20 06 46.559     2013 04 20 20 07 44.090      57.5
155
 2013 04 20 11 42  3.317     2013 04 20 11 44 46.602     163.3
 2013 04 20 21 43 28.539     2013 04 20 21 46 40.052     191.5
156
157
 2013 04 20 21 45 50.716     2013 04 20 21 48 41.107     170.4
158
 2013 04 20 10 08 43.956     2013 04 20 10 11 53.210     189.3
 2013 04 20 20 08 11.025     2013 04 20 20 10 48.778     157.8
159
 2013 04 20 20 15  9.956     2013 04 20 20 16 23.316      73.4
160
161
 2013 04 20 13 19 10.081     2013 04 20 13 22 30.447     200.4
162
 2013 04 20 23 16 10.459     2013 04 20 23 18 47.640     157.2
163
 2013 04 20 11 50 28.094     2013 04 20 11 53  5.967     157.9
 2013 04 20 18 25 32.152     2013 04 20 18 29  7.247     215.1
164
 2013 04 20 15 02 38.850     2013 04 20 15 05 34.680     175.8
 2013 04 20 19 58  3.192     2013 04 20 20 01  7.958     184.8
165
166
 2013 04 20 13 17 49.965     2013 04 20 13 20 40.795     170.8
 2013 04 20 23 18 35.347     2013 04 20 23 21 30.284     174.9
167
 2013 04 20 14 57 58.076     2013 04 20 14 58 47.445      49.4
168
169
 2013 04 20 13 18 41.219     2013 04 20 13 19 37.438      56.2
170
 2013 04 20 10 04 54.378     2013 04 20 10 08 15.338     201.0
171
 2013 04 20 13 27  5.305     2013 04 20 13 30  1.580     176.3
 2013 04 20 15 04 34.109     2013 04 20 15 05  8.312      34.2
 2013 04 20 18 21 46.006     2013 04 20 18 25 19.640     213.6
 2013 04 20 19 59 36.890     2013 04 20 20 03 18.489     221.6
172
 2013 04 20 13 20 54.050     2013 04 20 13 21 40.625      46.6
 2013 04 20 21 40  6.773     2013 04 20 21 43  6.321     179.5
173
 2013 04 20 10 08 10.677     2013 04 20 10 10 54.105     163.4
 2013 04 20 20 09 42.621     2013 04 20 20 12 17.140     154.5
174
 2013 04 20 14 58 58.042     2013 04 20 15 02 50.575     232.5
 2013 04 20 21 35 41.646     2013 04 20 21 39 32.088     230.4
175
176
 2013 04 20 21 41 37.212     2013 04 20 21 44 40.309     183.1
177
 2013 04 20 11 47 11.614     2013 04 20 11 50 37.113     205.5
 2013 04 20 20 05 13.775     2013 04 20 20 07 52.066     158.3
178
 2013 04 20 23 21 42.268     2013 04 20 23 24 19.193     156.9
179
 2013 04 20 13 21 54.547     2013 04 20 13 24 44.034     169.5
 2013 04 20 21 38  8.891     2013 04 20 21 41  6.675     177.8
180
 2013 04 20 11 45  4.216     2013 04 20 11 47 41.960     157.7
181
 2013 04 20 23 22 41.848     2013 04 20 23 25 17.781     155.9
182
 2013 04 20 13 25 38.039     2013 04 20 13 28 48.773     190.7
 2013 04 20 19 59 45.312     2013 04 20 20 02 23.486     158.2
183
 2013 04 20 13 14 29.229     2013 04 20 13 17 30.878     181.6
184
 2013 04 20 11 45 59.591     2013 04 20 11 48 51.250     171.7
185
 2013 04 20 11 46  5.910     2013 04 20 11 49   .417     174.5
186
 2013 04 20 20 01 59.199     2013 04 20 20 05  8.410     189.2
187
 2013 04 20 13 24  3.784     2013 04 20 13 27 46.161     222.4
 2013 04 20 19 58 32.104     2013 04 20 19 58 52.993      20.9
188
189
 2013 04 20 13 23 23.817     2013 04 20 13 23 58.402      34.6
190
 2013 04 20 10 11 25.579     2013 04 20 10 14 29.784     184.2
191
 2013 04 20 13 27 27.459     2013 04 20 13 30 52.646     205.2
 2013 04 20 18 23 17.795     2013 04 20 18 27  7.065     229.3
192
193
 2013 04 20 13 17 25.813     2013 04 20 13 20 21.938     176.1
 2013 04 20 23 18 56.226     2013 04 20 23 21 37.300     161.1
194
 2013 04 20 11 49  1.614     2013 04 20 11 52 23.359     201.7
 2013 04 20 20 02 25.195     2013 04 20 20 06  4.269     219.1
195
 2013 04 20 11 51 18.753     2013 04 20 11 54 34.568     195.8
 2013 04 20 13 28 51.587     2013 04 20 13 28 52.634       1.0
 2013 04 20 18 25  8.911     2013 04 20 18 27 48.157     159.2
196
 2013 04 20 10 04 11.308     2013 04 20 10 07 44.141     212.8
197
 2013 04 20 11 49 30.341     2013 04 20 11 52  8.975     158.6
 2013 04 20 20 03 17.573     2013 04 20 20 03 31.918      14.3
198
 2013 04 20 10 05 36.692     2013 04 20 10 09  4.291     207.6
199
