s2
0
 2013 04 20 20 35 17.344     2013 04 20 20 37 58.813     161.5
1
 2013 04 20 20 30 38.002     2013 04 20 20 33 18.322     160.3
2
 2013 04 20 13 50 11.282     2013 04 20 13 53   .987     169.7
 2013 04 20 22 06 27.619     2013 04 20 22 09 31.292     183.7
3
4
 2013 04 20 20 33 40.809     2013 04 20 20 34 38.354      57.5
5
 2013 04 20 22 13 31.206     2013 04 20 22 16 27.082     175.9
6
 2013 04 20 13 54 50.276     2013 04 20 13 58  6.831     196.6
 2013 04 20 15 32 31.796     2013 04 20 15 36 24.326     232.5
 2013 04 20 18 49 27.275     2013 04 20 18 50 15.997      48.7
 2013 04 20 20 27 54.091     2013 04 20 20 31  2.224     188.1
7
 2013 04 20 10 32 41.520     2013 04 20 10 35 33.265     171.7
8
 2013 04 20 15 28 13.611     2013 04 20 15 31 27.390     193.8
 2013 04 20 22 04  7.742     2013 04 20 22 07  6.601     178.9
9
 2013 04 20 15 30 10.089     2013 04 20 15 32 50.252     160.2
 2013 04 20 20 28 58.672     2013 04 20 20 29 17.336      18.7
 2013 04 20 22 03 25.945     2013 04 20 22 06 59.359     213.4
10
 2013 04 20 12 17 26.489     2013 04 20 12 20 25.211     178.7
 2013 04 20 20 32 18.730     2013 04 20 20 33 54.077      95.3
11
 2013 04 20 12 18 19.994     2013 04 20 12 21  6.537     166.5
12
 2013 04 20 20 38 24.358     2013 04 20 20 39  1.430      37.1
13
14
 2013 04 20 10 30 59.099     2013 04 20 10 33 39.553     160.5
 2013 04 20 22 17 54.404     2013 04 20 22 20 54.757     180.4
15
 2013 04 20 10 40 57.371     2013 04 20 10 43 32.876     155.5
 2013 04 20 18 57 51.069     2013 04 20 19 01  2.160     191.1
16
 2013 04 20 12 09  9.973     2013 04 20 12 09 55.414      45.4
 2013 04 20 22 13 56.868     2013 04 20 22 16 53.646     176.8
17
 2013 04 20 10 35 17.574     2013 04 20 10 37 51.222     153.6
 2013 04 20 20 37 39.342     2013 04 20 20 41 24.949     225.6
18
19
 2013 04 20 13 54 25.454     2013 04 20 13 57  5.022     159.6
 2013 04 20 20 28 43.979     2013 04 20 20 31 21.607     157.6
20
 2013 04 20 13 53 20.459     2013 04 20 13 57   .340     219.9
 2013 04 20 20 29 46.082     2013 04 20 20 32 54.062     188.0
21
 2013 04 20 10 31 47.827     2013 04 20 10 35 15.527     207.7
 2013 04 20 22 16 12.183     2013 04 20 22 17 24.617      72.4
22
 2013 04 20 12 18 46.071     2013 04 20 12 21 23.209     157.1
 2013 04 20 18 53 37.945     2013 04 20 18 57 17.240     219.3
23
 2013 04 20 12 20 31.433     2013 04 20 12 23  8.917     157.5
 2013 04 20 18 54 14.014     2013 04 20 18 57 10.494     176.5
24
 2013 04 20 22 09 44.095     2013 04 20 22 12 46.049     182.0
25
 2013 04 20 13 54 19.323     2013 04 20 13 57 13.504     174.2
 2013 04 20 20 29 30.675     2013 04 20 20 32  8.691     158.0
26
27
 2013 04 20 12 19 12.325     2013 04 20 12 22 58.468     226.1
 2013 04 20 18 55 32.259     2013 04 20 18 58 14.349     162.1
28
 2013 04 20 12 16 44.351     2013 04 20 12 20 23.051     218.7
 2013 04 20 20 33  5.164     2013 04 20 20 36 33.984     208.8
29
 2013 04 20 13 51 47.665     2013 04 20 13 54 54.418     186.8
 2013 04 20 22 07  7.601     2013 04 20 22 10 49.640     222.0
30
 2013 04 20 08 56 29.570     2013 04 20 08 59 49.228     199.7
 2013 04 20 20 42 33.260     2013 04 20 20 45 35.489     182.2
31
 2013 04 20 12 11 54.610     2013 04 20 12 14 37.191     162.6
 2013 04 20 22 11 27.994     2013 04 20 22 14 13.081     165.1
32
 2013 04 20 10 41 56.773     2013 04 20 10 44 33.435     156.7
 2013 04 20 18 57 47.539     2013 04 20 19 00 24.666     157.1
33
 2013 04 20 10 40 26.324     2013 04 20 10 43  1.620     155.3
 2013 04 20 18 57 29.931     2013 04 20 18 57 40.719      10.8
34
35
 2013 04 20 13 54 32.349     2013 04 20 13 57 49.786     197.4
 2013 04 20 20 29 51.949     2013 04 20 20 32 32.933     161.0
36
 2013 04 20 10 39 58.906     2013 04 20 10 42 49.182     170.3
37
 2013 04 20 12 09 56.377     2013 04 20 12 12 30.724     154.3
 2013 04 20 22 12 21.983     2013 04 20 22 15 57.111     215.1
38
 2013 04 20 00 07 48.184     2013 04 20 00 08 33.269      45.1
 2013 04 20 13 46 47.694     2013 04 20 13 49 47.109     179.4
39
40
 2013 04 20 13 52 51.583     2013 04 20 13 55 31.845     160.3
41
42
 2013 04 20 12 19 23.394     2013 04 20 12 19 40.940      17.5
 2013 04 20 13 57 32.237     2013 04 20 14 00 59.385     207.1
 2013 04 20 18 53   .489     2013 04 20 18 55 43.950     163.5
43
 2013 04 20 10 44 21.600     2013 04 20 10 45 10.660      49.1
 2013 04 20 18 56 31.440     2013 04 20 18 59 10.401     159.0
44
 2013 04 20 20 39 42.413     2013 04 20 20 42 38.542     176.1
45
 2013 04 20 00 14  3.531     2013 04 20 00 17 47.725     224.2
 2013 04 20 12 05 45.246     2013 04 20 12 08 19.126     153.9
46
 2013 04 20 13 47 37.172     2013 04 20 13 50 33.073     175.9
47
 2013 04 20 10 34  1.980     2013 04 20 10 37 12.622     190.6
48
 2013 04 20 22 09 57.717     2013 04 20 22 12 54.476     176.8
49
 2013 04 20 13 51 23.317     2013 04 20 13 54  4.968     161.7
 2013 04 20 22 07 12.439     2013 04 20 22 10  3.096     170.7
50
 2013 04 20 18 56  6.714     2013 04 20 18 58 45.649     158.9
51
 2013 04 20 15 29 44.554     2013 04 20 15 32 38.404     173.9
 2013 04 20 22 03 57.373     2013 04 20 22 07  2.428     185.1
52
 2013 04 20 20 35 51.882     2013 04 20 20 38 58.251     186.4
53
 2013 04 20 13 54  6.299     2013 04 20 13 56 44.786     158.5
 2013 04 20 20 28 40.733     2013 04 20 20 31 25.371     164.6
54
 2013 04 20 12 06 40.634     2013 04 20 12 09 21.236     160.6
55
 2013 04 20 12 20 58.686     2013 04 20 12 23 49.431     170.7
 2013 04 20 13 58 22.568     2013 04 20 13 58 26.999       4.4
 2013 04 20 17 15 39.838     2013 04 20 17 19 13.374     213.5
 2013 04 20 18 53 28.409     2013 04 20 18 57 13.998     225.6
56
 2013 04 20 12 17 42.349     2013 04 20 12 20 19.231     156.9
 2013 04 20 20 31 34.466     2013 04 20 20 35 23.029     228.6
57
 2013 04 20 10 40 11.683     2013 04 20 10 42 50.550     158.9
 2013 04 20 19 01 43.328     2013 04 20 19 01 55.001      11.7
58
 2013 04 20 22 15 29.581     2013 04 20 22 18 50.249     200.7
59
 2013 04 20 12 17 59.150     2013 04 20 12 20 35.629     156.5
60
61
 2013 04 20 12 15 19.401     2013 04 20 12 16 22.108      62.7
 2013 04 20 22 09 44.398     2013 04 20 22 13  9.701     205.3
62
 2013 04 20 12 06 30.754     2013 04 20 12 07  5.542      34.8
63
 2013 04 20 22 05 12.177     2013 04 20 22 07 52.055     159.9
64
 2013 04 20 13 56 29.645     2013 04 20 13 59 35.099     185.5
 2013 04 20 18 52  3.996     2013 04 20 18 55  5.211     181.2
65
 2013 04 20 22 09 25.481     2013 04 20 22 12  3.976     158.5
66
 2013 04 20 10 35  2.482     2013 04 20 10 37 52.498     170.0
67
68
 2013 04 20 12 08 58.030     2013 04 20 12 12 10.148     192.1
 2013 04 20 22 16 15.520     2013 04 20 22 17  9.998      54.5
69
 2013 04 20 20 30 23.942     2013 04 20 20 33 26.990     183.0
70
 2013 04 20 10 41 39.732     2013 04 20 10 44 19.897     160.2
 2013 04 20 18 57 40.140     2013 04 20 19 00 18.274     158.1
71
 2013 04 20 12 18  7.749     2013 04 20 12 18 13.418       5.7
 2013 04 20 18 55 12.887     2013 04 20 18 58 54.167     221.3
72
 2013 04 20 00 10   .157     2013 04 20 00 12 40.412     160.3
73
 2013 04 20 12 09 52.301     2013 04 20 12 13  2.810     190.5
 2013 04 20 22 11 10.569     2013 04 20 22 11 15.287       4.7
74
 2013 04 20 10 31 11.063     2013 04 20 10 34 12.239     181.2
75
 2013 04 20 13 49 22.558     2013 04 20 13 53  4.685     222.1
 2013 04 20 22 08 13.625     2013 04 20 22 11 20.125     186.5
76
 2013 04 20 00 12 49.308     2013 04 20 00 16 15.367     206.1
77
78
 2013 04 20 12 18 38.975     2013 04 20 12 21 19.913     160.9
 2013 04 20 18 53 23.304     2013 04 20 18 57  8.569     225.3
79
 2013 04 20 12 07 27.428     2013 04 20 12 10 12.937     165.5
80
 2013 04 20 12 13 29.658     2013 04 20 12 16  7.839     158.2
81
 2013 04 20 10 31 40.086     2013 04 20 10 35 17.207     217.1
82
 2013 04 20 22 09 47.929     2013 04 20 22 12 31.390     163.5
83
 2013 04 20 20 40 39.364     2013 04 20 20 43 27.590     168.2
84
85
 2013 04 20 12 10 10.786     2013 04 20 12 12 44.629     153.8
 2013 04 20 22 12 20.259     2013 04 20 22 15 39.718     199.5
86
 2013 04 20 10 35 55.490     2013 04 20 10 38 29.829     154.3
 2013 04 20 20 37 52.386     2013 04 20 20 40 49.704     177.3
87
 2013 04 20 13 47 50.414     2013 04 20 13 50 51.964     181.6
88
 2013 04 20 20 34  6.317     2013 04 20 20 37 39.336     213.0
89
 2013 04 20 12 13 30.784     2013 04 20 12 16  8.272     157.5
90
91
 2013 04 20 13 50  8.902     2013 04 20 13 53 38.304     209.4
 2013 04 20 22 05 57.257     2013 04 20 22 08 49.519     172.3
92
93
 2013 04 20 22 04 56.985     2013 04 20 22 07 52.673     175.7
94
 2013 04 20 10 32  6.742     2013 04 20 10 32 55.869      49.1
95
 2013 04 20 10 36 41.486     2013 04 20 10 37 58.499      77.0
 2013 04 20 20 38 12.281     2013 04 20 20 41 42.383     210.1
96
 2013 04 20 12 19 33.015     2013 04 20 12 19 32.386       -.6
 2013 04 20 18 55 54.666     2013 04 20 18 58 35.324     160.7
97
 2013 04 20 10 34 42.879     2013 04 20 10 35   .913      18.0
 2013 04 20 22 16 34.985     2013 04 20 22 19 32.801     177.8
98
 2013 04 20 22 10 26.350     2013 04 20 22 13 31.287     184.9
99
 2013 04 20 10 38 54.146     2013 04 20 10 42 30.355     216.2
100
101
 2013 04 20 10 40 35.130     2013 04 20 10 43 15.716     160.6
 2013 04 20 18 57 17.303     2013 04 20 19 01  1.560     224.3
102
 2013 04 20 12 19 52.328     2013 04 20 12 23 37.322     225.0
 2013 04 20 18 55 35.577     2013 04 20 18 58 19.570     164.0
103
 2013 04 20 15 27 38.278     2013 04 20 15 28 31.097      52.8
 2013 04 20 22 04 27.733     2013 04 20 22 07 44.925     197.2
104
 2013 04 20 10 34  4.357     2013 04 20 10 36 38.838     154.5
105
 2013 04 20 12 18  2.854     2013 04 20 12 21 33.523     210.7
 2013 04 20 18 52 31.325     2013 04 20 18 56 24.502     233.2
106
 2013 04 20 20 35 22.809     2013 04 20 20 38 14.016     171.2
107
 2013 04 20 10 35 55.631     2013 04 20 10 36 23.246      27.6
108
 2013 04 20 20 40 46.464     2013 04 20 20 43 45.287     178.8
109
 2013 04 20 12 14 24.033     2013 04 20 12 14 49.112      25.1
 2013 04 20 20 33 51.374     2013 04 20 20 37  8.570     197.2
110
 2013 04 20 22 09  4.110     2013 04 20 22 11 40.726     156.6
111
 2013 04 20 12 17 51.089     2013 04 20 12 20 45.306     174.2
112
113
 2013 04 20 22 16 30.981     2013 04 20 22 19  5.006     154.0
114
 2013 04 20 22 14  7.277     2013 04 20 22 17 43.791     216.5
115
116
 2013 04 20 00 10  8.486     2013 04 20 00 12 42.993     154.5
 2013 04 20 13 44 11.785     2013 04 20 13 44 12.380        .6
117
 2013 04 20 20 39 43.637     2013 04 20 20 42 23.844     160.2
118
 2013 04 20 12 13 23.544     2013 04 20 12 16 18.371     174.8
119
 2013 04 20 12 19 59.099     2013 04 20 12 23 39.093     220.0
 2013 04 20 18 55 31.438     2013 04 20 18 58 18.639     167.2
120
 2013 04 20 22 16 46.796     2013 04 20 22 19 52.300     185.5
121
 2013 04 20 00 11 37.061     2013 04 20 00 14 39.610     182.5
122
 2013 04 20 10 33 10.543     2013 04 20 10 35 47.263     156.7
123
 2013 04 20 13 53 40.704     2013 04 20 13 53 49.024       8.3
 2013 04 20 15 31 47.716     2013 04 20 15 35 21.857     214.1
 2013 04 20 20 27 34.462     2013 04 20 20 30 12.501     158.0
124
 2013 04 20 20 39 52.573     2013 04 20 20 42 29.428     156.9
125
 2013 04 20 22 07 55.694     2013 04 20 22 09 37.488     101.8
126
 2013 04 20 10 36 44.767     2013 04 20 10 39 21.717     157.0
 2013 04 20 20 37 23.770     2013 04 20 20 39 58.989     155.2
127
 2013 04 20 13 52 37.412     2013 04 20 13 55 46.743     189.3
128
129
 2013 04 20 20 30 45.383     2013 04 20 20 33 22.675     157.3
130
 2013 04 20 22 09 13.864     2013 04 20 22 11 52.043     158.2
131
 2013 04 20 10 33 34.843     2013 04 20 10 36  9.375     154.5
132
 2013 04 20 13 52 34.436     2013 04 20 13 55 39.336     184.9
133
 2013 04 20 00 08 42.461     2013 04 20 00 08 48.896       6.4
134
 2013 04 20 10 42  8.697     2013 04 20 10 42 52.462      43.8
135
 2013 04 20 18 55 55.080     2013 04 20 18 58 52.983     177.9
136
 2013 04 20 22 15 41.555     2013 04 20 22 18 21.824     160.3
137
 2013 04 20 10 32 59.057     2013 04 20 10 36 28.778     209.7
138
139
 2013 04 20 13 54 45.143     2013 04 20 13 57 31.376     166.2
 2013 04 20 20 29 22.275     2013 04 20 20 32  3.797     161.5
140
 2013 04 20 12 16 34.338     2013 04 20 12 19 14.126     159.8
 2013 04 20 20 32 43.011     2013 04 20 20 35 23.017     160.0
141
 2013 04 20 22 05 20.024     2013 04 20 22 08 23.696     183.7
142
 2013 04 20 12 10 56.137     2013 04 20 12 11 39.989      43.9
143
 2013 04 20 10 35 57.018     2013 04 20 10 38 31.430     154.4
 2013 04 20 20 37 52.870     2013 04 20 20 40 48.607     175.7
144
 2013 04 20 20 34 12.816     2013 04 20 20 37 19.144     186.3
145
 2013 04 20 13 53 58.837     2013 04 20 13 57 13.820     195.0
 2013 04 20 20 29 45.005     2013 04 20 20 32 27.620     162.6
146
 2013 04 20 10 39   .350     2013 04 20 10 39 23.495      23.1
 2013 04 20 20 35 57.719     2013 04 20 20 39 37.519     219.8
147
 2013 04 20 20 35  7.418     2013 04 20 20 37 46.031     158.6
148
 2013 04 20 12 06 25.182     2013 04 20 12 09  8.875     163.7
149
 2013 04 20 12 19 45.575     2013 04 20 12 22 53.743     188.2
 2013 04 20 18 55 10.397     2013 04 20 18 57 47.694     157.3
150
 2013 04 20 00 12 29.817     2013 04 20 00 15 12.849     163.0
151
 2013 04 20 15 30 33.335     2013 04 20 15 33 12.911     159.6
 2013 04 20 20 25 20.749     2013 04 20 20 28 39.498     198.7
 2013 04 20 22 02 42.321     2013 04 20 22 02 41.692       -.6
152
153
 2013 04 20 12 14 30.523     2013 04 20 12 17 45.597     195.1
 2013 04 20 20 33  2.332     2013 04 20 20 33 15.517      13.2
154
 2013 04 20 12 15 24.784     2013 04 20 12 16 50.746      86.0
 2013 04 20 20 33 54.053     2013 04 20 20 36 30.364     156.3
155
 2013 04 20 12 11  3.030     2013 04 20 12 14 43.417     220.4
 2013 04 20 22 12 59.825     2013 04 20 22 16  2.950     183.1
156
 2013 04 20 22 16 58.661     2013 04 20 22 20 29.543     210.9
157
158
 2013 04 20 10 38 15.349     2013 04 20 10 41 14.278     178.9
159
 2013 04 20 08 56  2.214     2013 04 20 08 56 38.061      35.8
 2013 04 20 20 42 33.742     2013 04 20 20 45 16.861     163.1
160
 2013 04 20 12 08 57.332     2013 04 20 12 12  4.007     186.7
161
 2013 04 20 22 11 55.003     2013 04 20 22 13  7.191      72.2
162
 2013 04 20 00 06 23.855     2013 04 20 00 07  5.857      42.0
 2013 04 20 13 47 28.128     2013 04 20 13 50 16.274     168.1
 2013 04 20 23 44 58.280     2013 04 20 23 47  9.859     131.6
163
 2013 04 20 12 19 26.946     2013 04 20 12 22 59.931     213.0
 2013 04 20 18 55 26.814     2013 04 20 18 58  5.259     158.4
164
 2013 04 20 13 53 42.964     2013 04 20 13 57 32.710     229.7
 2013 04 20 15 31 41.048     2013 04 20 15 35 26.830     225.8
 2013 04 20 20 27 40.647     2013 04 20 20 30 18.492     157.8
165
 2013 04 20 10 40 47.698     2013 04 20 10 44 27.239     219.5
 2013 04 20 18 56 39.252     2013 04 20 18 59 40.223     181.0
166
167
 2013 04 20 13 52 38.724     2013 04 20 13 53 22.153      43.4
 2013 04 20 22 05 20.815     2013 04 20 22 08 56.687     215.9
168
 2013 04 20 08 58 23.317     2013 04 20 08 59 13.408      50.1
 2013 04 20 20 42 51.049     2013 04 20 20 45 26.943     155.9
169
 2013 04 20 22 12 40.461     2013 04 20 22 13 36.110      55.6
170
 2013 04 20 10 34 32.803     2013 04 20 10 37 32.241     179.4
 2013 04 20 20 41 45.946     2013 04 20 20 42 26.637      40.7
171
 2013 04 20 13 56 34.827     2013 04 20 13 59 13.406     158.6
 2013 04 20 18 51 32.882     2013 04 20 18 54 25.437     172.6
172
 2013 04 20 22 09 30.955     2013 04 20 22 12 32.670     181.7
173
174
 2013 04 20 13 50 20.892     2013 04 20 13 50 56.092      35.2
 2013 04 20 22 05 44.551     2013 04 20 22 08 23.666     159.1
175
 2013 04 20 00 14 48.211     2013 04 20 00 16  9.841      81.6
176
 2013 04 20 12 12 17.704     2013 04 20 12 15  4.732     167.0
 2013 04 20 22 11  2.596     2013 04 20 22 14  7.033     184.4
177
 2013 04 20 20 34  8.112     2013 04 20 20 37 44.146     216.0
178
 2013 04 20 12 06 31.306     2013 04 20 12 10 11.901     220.6
179
 2013 04 20 13 51 12.671     2013 04 20 13 54 15.974     183.3
 2013 04 20 22 07 34.800     2013 04 20 22 10 29.617     174.8
180
 2013 04 20 20 37 19.057     2013 04 20 20 37 51.153      32.1
181
 2013 04 20 12 07  1.546     2013 04 20 12 09 36.401     154.9
182
 2013 04 20 13 55 15.154     2013 04 20 13 57 52.524     157.4
 2013 04 20 20 28 52.174     2013 04 20 20 31 57.783     185.6
183
 2013 04 20 00 11 18.055     2013 04 20 00 13 55.829     157.8
184
 2013 04 20 12 15 17.622     2013 04 20 12 18 24.657     187.0
 2013 04 20 20 33 16.357     2013 04 20 20 36 15.307     178.9
185
 2013 04 20 20 34 32.950     2013 04 20 20 37 11.986     159.0
186
 2013 04 20 12 16 36.341     2013 04 20 12 19 41.443     185.1
 2013 04 20 20 31 37.701     2013 04 20 20 34 19.601     161.9
187
 2013 04 20 13 53 55.031     2013 04 20 13 56 33.944     158.9
 2013 04 20 20 28 33.690     2013 04 20 20 31 26.791     173.1
188
189
 2013 04 20 12 17 45.561     2013 04 20 12 18 47.341      61.8
 2013 04 20 20 30 50.128     2013 04 20 20 34 23.297     213.2
190
 2013 04 20 10 40 55.844     2013 04 20 10 43 49.140     173.3
 2013 04 20 18 58 30.268     2013 04 20 19 01 26.115     175.8
191
 2013 04 20 12 18 54.768     2013 04 20 12 22 17.263     202.5
 2013 04 20 18 53 13.889     2013 04 20 18 56  5.374     171.5
192
 2013 04 20 10 36 22.344     2013 04 20 10 40   .743     218.4
 2013 04 20 20 36 22.849     2013 04 20 20 39  3.823     161.0
193
194
 2013 04 20 12 18 45.226     2013 04 20 12 21 22.330     157.1
 2013 04 20 18 53 47.314     2013 04 20 18 57 30.250     222.9
195
 2013 04 20 12 20 57.810     2013 04 20 12 23 35.240     157.4
 2013 04 20 17 15 44.544     2013 04 20 17 15 53.507       9.0
 2013 04 20 18 54  3.082     2013 04 20 18 57 31.861     208.8
196
 2013 04 20 20 41  1.887     2013 04 20 20 44 22.744     200.9
197
 2013 04 20 12 18 23.346     2013 04 20 12 22 10.617     227.3
 2013 04 20 18 55   .615     2013 04 20 18 58 35.824     215.2
198
 2013 04 20 20 40 43.522     2013 04 20 20 43 18.876     155.4
199
 2013 04 20 10 40 29.965     2013 04 20 10 43 11.850     161.9
 2013 04 20 18 57 11.949     2013 04 20 18 58 29.385      77.4
