s4
0
 2013 04 20 20 20 24.400     2013 04 20 20 23  8.880     164.5
1
 2013 04 20 13 38 48.839     2013 04 20 13 42 33.042     224.2
 2013 04 20 20 15 47.295     2013 04 20 20 18 28.788     161.5
2
 2013 04 20 13 34 14.299     2013 04 20 13 37 58.337     224.0
 2013 04 20 21 51 18.716     2013 04 20 21 51 46.410      27.7
3
 2013 04 20 20 19  8.385     2013 04 20 20 22 57.854     229.5
4
 2013 04 20 12 00 56.047     2013 04 20 12 01 48.765      52.7
 2013 04 20 20 19 21.611     2013 04 20 20 22 21.641     180.0
5
 2013 04 20 11 55 19.697     2013 04 20 11 58 20.949     181.3
 2013 04 20 21 58 58.903     2013 04 20 22 01 35.955     157.1
6
 2013 04 20 13 39  2.613     2013 04 20 13 39 44.846      42.2
 2013 04 20 15 17 20.479     2013 04 20 15 20 49.249     208.8
 2013 04 20 20 13 17.995     2013 04 20 20 16  2.900     164.9
7
 2013 04 20 10 20 11.694     2013 04 20 10 20 21.743      10.0
 2013 04 20 22 01 46.954     2013 04 20 22 05 25.989     219.0
8
 2013 04 20 15 13  6.096     2013 04 20 15 15 50.636     164.5
 2013 04 20 21 49  6.386     2013 04 20 21 52 43.753     217.4
9
 2013 04 20 15 14 49.989     2013 04 20 15 17 30.399     160.4
 2013 04 20 21 49  6.709     2013 04 20 21 52  4.399     177.7
10
 2013 04 20 12 01 54.542     2013 04 20 12 04 32.484     157.9
 2013 04 20 20 17 57.242     2013 04 20 20 20 57.503     180.3
11
 2013 04 20 12 02 42.193     2013 04 20 12 05 21.262     159.1
 2013 04 20 20 17  5.289     2013 04 20 20 17 41.379      36.1
12
 2013 04 20 10 21  6.765     2013 04 20 10 24 34.718     208.0
 2013 04 20 20 24  8.460     2013 04 20 20 27  1.612     173.2
13
 2013 04 20 23 34 16.345     2013 04 20 23 37 13.815     177.5
14
 2013 04 20 10 14 25.774     2013 04 20 10 14 30.397       4.6
 2013 04 20 22 03 23.947     2013 04 20 22 06   .482     156.5
15
 2013 04 20 10 24 52.985     2013 04 20 10 27 54.177     181.2
 2013 04 20 18 46  8.587     2013 04 20 18 46 28.065      19.5
16
 2013 04 20 11 53 59.653     2013 04 20 11 56 49.588     169.9
 2013 04 20 22 02 32.022     2013 04 20 22 02 47.772      15.7
17
 2013 04 20 10 19  3.021     2013 04 20 10 22 18.319     195.3
18
 2013 04 20 13 31 58.147     2013 04 20 13 35 28.751     210.6
19
 2013 04 20 13 38 44.320     2013 04 20 13 41 47.949     183.6
 2013 04 20 20 13 47.999     2013 04 20 20 16 37.042     169.0
20
 2013 04 20 13 38  7.639     2013 04 20 13 41  6.548     178.9
 2013 04 20 20 14 31.146     2013 04 20 20 18 23.367     232.2
21
 2013 04 20 22 02  4.318     2013 04 20 22 04 50.519     166.2
22
 2013 04 20 12 02 54.808     2013 04 20 12 05 54.558     179.8
23
 2013 04 20 12 04 43.995     2013 04 20 12 07 37.174     173.2
 2013 04 20 18 39 24.238     2013 04 20 18 42  2.791     158.6
24
 2013 04 20 21 55 16.746     2013 04 20 21 57 52.457     155.7
25
 2013 04 20 13 38 55.706     2013 04 20 13 41 34.236     158.5
 2013 04 20 20 14 31.299     2013 04 20 20 17 26.586     175.3
26
27
 2013 04 20 12 03 49.472     2013 04 20 12 06 53.911     184.4
 2013 04 20 18 40 16.255     2013 04 20 18 43 26.892     190.6
28
 2013 04 20 12 01 23.876     2013 04 20 12 04 15.944     172.1
 2013 04 20 20 18 38.094     2013 04 20 20 21 22.497     164.4
29
 2013 04 20 13 36 28.983     2013 04 20 13 39  8.190     159.2
 2013 04 20 21 52 53.713     2013 04 20 21 55 46.394     172.7
30
 2013 04 20 20 27 53.776     2013 04 20 20 30 29.906     156.1
31
 2013 04 20 11 55 40.923     2013 04 20 11 59 26.749     225.8
 2013 04 20 21 56 48.137     2013 04 20 21 59 30.000     161.9
32
 2013 04 20 10 25 49.671     2013 04 20 10 28 58.927     189.3
 2013 04 20 18 42 39.546     2013 04 20 18 45 30.077     170.5
33
 2013 04 20 10 24 18.978     2013 04 20 10 27 25.777     186.8
34
 2013 04 20 11 51 43.491     2013 04 20 11 55 28.579     225.1
35
 2013 04 20 13 39 14.594     2013 04 20 13 42  2.736     168.1
 2013 04 20 20 15  2.545     2013 04 20 20 17 42.705     160.2
36
 2013 04 20 10 24 11.112     2013 04 20 10 26 51.075     160.0
37
 2013 04 20 11 53 56.178     2013 04 20 11 57  3.785     187.6
38
 2013 04 20 13 31 25.032     2013 04 20 13 34  2.938     157.9
 2013 04 20 23 32 22.723     2013 04 20 23 35 10.144     167.4
39
 2013 04 20 13 36 33.135     2013 04 20 13 40 23.244     230.1
 2013 04 20 21 53 18.561     2013 04 20 21 54  6.824      48.3
40
 2013 04 20 13 37 19.312     2013 04 20 13 40  2.391     163.1
 2013 04 20 21 51 45.768     2013 04 20 21 53 26.818     101.1
41
 2013 04 20 20 18 57.335     2013 04 20 20 19 19.919      22.6
42
 2013 04 20 13 42 11.018     2013 04 20 13 45 15.500     184.5
 2013 04 20 18 38  4.191     2013 04 20 18 40 42.032     157.8
43
 2013 04 20 18 41 16.224     2013 04 20 18 44 22.209     186.0
44
 2013 04 20 10 19 48.775     2013 04 20 10 21 25.002      96.2
 2013 04 20 20 24 59.668     2013 04 20 20 27 37.044     157.4
45
 2013 04 20 00 00   .000     2013 04 20 00 00  8.186       8.2
 2013 04 20 11 49 41.989     2013 04 20 11 52 52.385     190.4
 2013 04 20 23 38 32.302     2013 04 20 23 41  9.515     157.2
46
 2013 04 20 13 32 12.786     2013 04 20 13 34 51.253     158.5
 2013 04 20 23 31 36.245     2013 04 20 23 35 14.000     217.8
47
48
 2013 04 20 21 57 43.374     2013 04 20 21 58 42.659      59.3
49
 2013 04 20 13 35 51.154     2013 04 20 13 38 34.336     163.2
 2013 04 20 21 52 39.355     2013 04 20 21 55 16.304     156.9
50
 2013 04 20 12 03 35.609     2013 04 20 12 07 25.925     230.3
 2013 04 20 18 40 52.526     2013 04 20 18 43 56.707     184.2
51
 2013 04 20 15 14 30.890     2013 04 20 15 17  9.971     159.1
 2013 04 20 21 49 31.274     2013 04 20 21 52 12.169     160.9
52
 2013 04 20 20 24 38.738     2013 04 20 20 24 39.941       1.2
53
 2013 04 20 13 38 25.371     2013 04 20 13 41 27.070     181.7
 2013 04 20 20 13 36.891     2013 04 20 20 16 46.691     189.8
54
 2013 04 20 11 50 19.068     2013 04 20 11 50 37.647      18.6
 2013 04 20 23 37 21.770     2013 04 20 23 40 25.144     183.4
55
 2013 04 20 12 05  5.723     2013 04 20 12 08 26.100     200.4
 2013 04 20 13 42 59.863     2013 04 20 13 46 50.164     230.3
 2013 04 20 17 00 14.417     2013 04 20 17 01 14.302      59.9
 2013 04 20 18 38 50.175     2013 04 20 18 41 58.597     188.4
56
 2013 04 20 12 01 48.682     2013 04 20 12 04 52.398     183.7
 2013 04 20 20 17 11.150     2013 04 20 20 20  9.982     178.8
57
 2013 04 20 10 24 13.853     2013 04 20 10 27  3.781     169.9
58
 2013 04 20 22 01 10.226     2013 04 20 22 03 45.747     155.5
59
 2013 04 20 12 02 10.066     2013 04 20 12 05  3.553     173.5
 2013 04 20 20 17  7.567     2013 04 20 20 20 27.881     200.3
60
 2013 04 20 13 30 43.680     2013 04 20 13 34 20.878     217.2
 2013 04 20 23 33 29.257     2013 04 20 23 36 38.206     188.9
61
 2013 04 20 21 55 26.949     2013 04 20 21 58  7.132     160.2
62
 2013 04 20 11 51 21.777     2013 04 20 11 54 10.957     169.2
63
 2013 04 20 15 13  3.283     2013 04 20 15 16 51.068     227.8
 2013 04 20 21 50 17.887     2013 04 20 21 53 24.010     186.1
64
 2013 04 20 13 41  7.741     2013 04 20 13 43 53.588     165.8
 2013 04 20 18 36 48.997     2013 04 20 18 40 16.239     207.2
65
 2013 04 20 13 33 50.725     2013 04 20 13 33 59.541       8.8
 2013 04 20 21 54 23.213     2013 04 20 21 57 41.795     198.6
66
 2013 04 20 10 22  6.322     2013 04 20 10 22 38.808      32.5
67
 2013 04 20 20 19 20.731     2013 04 20 20 22 55.584     214.9
68
 2013 04 20 11 53 30.965     2013 04 20 11 56  7.919     157.0
69
 2013 04 20 13 39 20.568     2013 04 20 13 42 57.029     216.5
 2013 04 20 20 15 47.253     2013 04 20 20 18 25.978     158.7
70
 2013 04 20 10 25 27.959     2013 04 20 10 28 50.641     202.7
 2013 04 20 18 42 23.369     2013 04 20 18 45 31.125     187.8
71
 2013 04 20 12 02 49.319     2013 04 20 12 06 11.224     201.9
72
 2013 04 20 13 29 31.252     2013 04 20 13 32 33.620     182.4
 2013 04 20 23 33 47.536     2013 04 20 23 36 44.016     176.5
73
74
 2013 04 20 10 15 26.504     2013 04 20 10 18  6.131     159.6
 2013 04 20 22 04  4.540     2013 04 20 22 07  3.208     178.7
75
 2013 04 20 13 34 14.691     2013 04 20 13 37  4.677     170.0
 2013 04 20 21 56 39.792     2013 04 20 21 57  7.526      27.7
76
77
78
 2013 04 20 12 02 43.513     2013 04 20 12 05 56.446     192.9
79
 2013 04 20 11 54 17.295     2013 04 20 11 55  8.157      50.9
 2013 04 20 23 36 24.675     2013 04 20 23 37 31.380      66.7
80
 2013 04 20 11 57 23.096     2013 04 20 12 00 51.275     208.2
 2013 04 20 21 55 56.998     2013 04 20 21 59 27.310     210.3
81
 2013 04 20 10 16 13.387     2013 04 20 10 18 52.892     159.5
 2013 04 20 22 03 28.183     2013 04 20 22 03 38.326      10.1
82
 2013 04 20 21 55  7.556     2013 04 20 21 57 49.598     162.0
83
 2013 04 20 20 25 50.132     2013 04 20 20 28 32.012     161.9
84
 2013 04 20 10 17 23.192     2013 04 20 10 21  1.358     218.2
85
 2013 04 20 11 54  8.287     2013 04 20 11 57 20.313     192.0
86
 2013 04 20 10 19 44.995     2013 04 20 10 22 53.183     188.2
 2013 04 20 20 26 10.598     2013 04 20 20 26 32.210      21.6
87
 2013 04 20 13 35 39.512     2013 04 20 13 35 57.330      17.8
 2013 04 20 23 30 22.861     2013 04 20 23 33 36.518     193.7
88
 2013 04 20 12 00 29.615     2013 04 20 12 00 35.159       5.5
 2013 04 20 20 19 40.918     2013 04 20 20 22 25.438     164.5
89
 2013 04 20 11 57 40.160     2013 04 20 12 00 34.030     173.9
 2013 04 20 21 56 15.315     2013 04 20 22 00  3.495     228.2
90
 2013 04 20 23 35  5.946     2013 04 20 23 36 18.076      72.1
91
 2013 04 20 21 50 53.554     2013 04 20 21 54 28.741     215.2
92
93
 2013 04 20 15 12 45.267     2013 04 20 15 16 23.946     218.7
 2013 04 20 21 49 54.522     2013 04 20 21 53 30.821     216.3
94
 2013 04 20 22 01 31.366     2013 04 20 22 04 34.270     182.9
95
 2013 04 20 10 21 18.697     2013 04 20 10 24  7.733     169.0
 2013 04 20 20 23 46.715     2013 04 20 20 26 25.304     158.6
96
 2013 04 20 12 04 11.604     2013 04 20 12 07 41.387     209.8
 2013 04 20 18 40 54.162     2013 04 20 18 43 35.269     161.1
97
 2013 04 20 22 02  3.099     2013 04 20 22 04 40.201     157.1
98
 2013 04 20 21 59 13.665     2013 04 20 21 59 22.481       8.8
99
 2013 04 20 20 20  7.181     2013 04 20 20 23 42.913     215.7
100
 2013 04 20 11 57 39.917     2013 04 20 11 57 43.934       4.0
101
 2013 04 20 10 24 20.192     2013 04 20 10 27 48.843     208.7
102
 2013 04 20 12 04 28.192     2013 04 20 12 07 34.246     186.1
 2013 04 20 18 40 38.443     2013 04 20 18 43 16.898     158.5
103
 2013 04 20 15 12 38.195     2013 04 20 15 15 52.204     194.0
 2013 04 20 21 52 46.903     2013 04 20 21 53 25.873      39.0
104
 2013 04 20 10 17 41.955     2013 04 20 10 21 13.070     211.1
105
 2013 04 20 13 40 13.505     2013 04 20 13 40 39.055      25.6
 2013 04 20 20 15 39.917     2013 04 20 20 19 32.242     232.3
106
 2013 04 20 20 20 38.486     2013 04 20 20 23 16.195     157.7
107
 2013 04 20 22 01  2.917     2013 04 20 22 04 20.820     197.9
108
 2013 04 20 20 26  5.207     2013 04 20 20 28 41.952     156.7
109
 2013 04 20 11 59 10.947     2013 04 20 12 02 14.797     183.9
110
 2013 04 20 13 34 30.473     2013 04 20 13 38 19.533     229.1
 2013 04 20 21 54 14.278     2013 04 20 21 57  7.758     173.5
111
 2013 04 20 12 02 17.193     2013 04 20 12 04 55.101     157.9
 2013 04 20 20 17 36.146     2013 04 20 20 21  3.728     207.6
112
 2013 04 20 11 50 38.654     2013 04 20 11 53 47.181     188.5
113
 2013 04 20 22 01 28.492     2013 04 20 22 04 42.173     193.7
114
 2013 04 20 11 53 11.657     2013 04 20 11 56 14.002     182.3
115
116
 2013 04 20 13 29 14.414     2013 04 20 13 32 13.875     179.5
 2013 04 20 23 33 42.357     2013 04 20 23 36 59.270     196.9
117
 2013 04 20 10 19 44.420     2013 04 20 10 23 17.746     213.3
 2013 04 20 20 24 46.397     2013 04 20 20 27 36.195     169.8
118
 2013 04 20 11 57 48.343     2013 04 20 12 00 27.138     158.8
 2013 04 20 21 56 29.325     2013 04 20 21 57  2.253      32.9
119
 2013 04 20 12 04 34.282     2013 04 20 12 07 37.044     182.8
 2013 04 20 18 40 36.670     2013 04 20 18 43 14.060     157.4
120
121
 2013 04 20 23 35 44.708     2013 04 20 23 38 23.233     158.5
122
 2013 04 20 10 17  3.671     2013 04 20 10 20  4.805     181.1
123
 2013 04 20 15 16 37.623     2013 04 20 15 19 46.826     189.2
 2013 04 20 20 12 42.189     2013 04 20 20 15 25.434     163.2
124
 2013 04 20 10 19 16.106     2013 04 20 10 22 37.961     201.9
 2013 04 20 20 24 33.154     2013 04 20 20 28  2.625     209.5
125
 2013 04 20 13 35 59.112     2013 04 20 13 39 28.030     208.9
 2013 04 20 21 53 44.850     2013 04 20 21 56 42.061     177.2
126
 2013 04 20 10 20 23.790     2013 04 20 10 23 57.091     213.3
 2013 04 20 20 22 12.665     2013 04 20 20 25 24.828     192.2
127
 2013 04 20 13 37 19.248     2013 04 20 13 40   .126     160.9
 2013 04 20 21 52 14.603     2013 04 20 21 53  3.483      48.9
128
 2013 04 20 11 52 28.116     2013 04 20 11 55 34.076     186.0
129
 2013 04 20 13 38 33.329     2013 04 20 13 42 28.450     235.1
 2013 04 20 20 15 49.056     2013 04 20 20 18 37.750     168.7
130
 2013 04 20 13 34  3.971     2013 04 20 13 35 27.144      83.2
 2013 04 20 21 54 12.444     2013 04 20 21 57 29.169     196.7
131
 2013 04 20 10 17 11.479     2013 04 20 10 20 44.169     212.7
132
 2013 04 20 13 36 40.938     2013 04 20 13 37 34.577      53.6
 2013 04 20 21 50 55.341     2013 04 20 21 54 28.428     213.1
133
 2013 04 20 13 30 50.624     2013 04 20 13 33 58.722     188.1
 2013 04 20 23 33 20.544     2013 04 20 23 36 12.751     172.2
134
 2013 04 20 20 19 46.612     2013 04 20 20 23 26.369     219.8
135
 2013 04 20 12 04 29.378     2013 04 20 12 08 10.182     220.8
 2013 04 20 18 41  6.031     2013 04 20 18 43 43.415     157.4
136
 2013 04 20 22 00 54.362     2013 04 20 22 03 44.310     169.9
137
 2013 04 20 10 17 29.547     2013 04 20 10 20  7.658     158.1
138
 2013 04 20 10 17   .159     2013 04 20 10 20 34.138     214.0
139
 2013 04 20 13 39 18.140     2013 04 20 13 41 56.578     158.4
 2013 04 20 20 14 33.741     2013 04 20 20 17 13.111     159.4
140
 2013 04 20 12 00 49.709     2013 04 20 12 03 35.648     165.9
 2013 04 20 20 17 50.273     2013 04 20 20 20 34.178     163.9
141
 2013 04 20 21 50 14.052     2013 04 20 21 54  4.437     230.4
142
143
 2013 04 20 10 19 46.796     2013 04 20 10 22 54.517     187.7
 2013 04 20 20 26   .957     2013 04 20 20 26 30.618      29.7
144
 2013 04 20 12 00 20.953     2013 04 20 12 01 37.341      76.4
 2013 04 20 20 19 37.607     2013 04 20 20 22 13.864     156.3
145
 2013 04 20 13 38 41.160     2013 04 20 13 41 26.730     165.6
 2013 04 20 20 14 39.932     2013 04 20 20 17 49.876     189.9
146
147
 2013 04 20 20 20 10.782     2013 04 20 20 22 59.509     168.7
148
 2013 04 20 00 00   .000     2013 04 20 00 00 25.229      25.2
 2013 04 20 11 50 37.032     2013 04 20 11 53 27.273     170.2
 2013 04 20 23 38  6.286     2013 04 20 23 41 26.473     200.2
149
 2013 04 20 12 04 15.946     2013 04 20 12 06 58.759     162.8
 2013 04 20 18 40  2.931     2013 04 20 18 42 53.610     170.7
150
 2013 04 20 23 36 19.567     2013 04 20 23 39 13.652     174.1
151
 2013 04 20 15 15  6.059     2013 04 20 15 18  2.984     176.9
 2013 04 20 16 52 43.328     2013 04 20 16 53  1.259      17.9
 2013 04 20 20 10 16.497     2013 04 20 20 13 59.313     222.8
 2013 04 20 21 48 28.527     2013 04 20 21 52  1.010     212.5
152
 2013 04 20 20 24 28.759     2013 04 20 20 26 20.895     112.1
153
 2013 04 20 11 59  5.163     2013 04 20 12 01 43.894     158.7
154
 2013 04 20 12 00  8.530     2013 04 20 12 03  6.792     178.3
 2013 04 20 20 18 48.050     2013 04 20 20 21 52.576     184.5
155
 2013 04 20 11 55 46.844     2013 04 20 11 58 30.096     163.3
 2013 04 20 21 58 32.218     2013 04 20 22 01  7.616     155.4
156
157
 2013 04 20 22 00   .309     2013 04 20 22 00 52.244      51.9
158
 2013 04 20 10 22 32.070     2013 04 20 10 25 10.130     158.1
 2013 04 20 20 22 22.416     2013 04 20 20 25 44.516     202.1
159
 2013 04 20 20 27 39.004     2013 04 20 20 30 26.284     167.3
160
161
162
 2013 04 20 13 31 24.666     2013 04 20 13 32 23.029      58.4
 2013 04 20 23 30 58.145     2013 04 20 23 33 48.665     170.5
163
 2013 04 20 12 04  2.150     2013 04 20 12 06 58.220     176.1
 2013 04 20 18 40 14.956     2013 04 20 18 43 14.590     179.6
164
 2013 04 20 15 16 31.659     2013 04 20 15 19 50.274     198.6
 2013 04 20 20 12 46.653     2013 04 20 20 15 32.671     166.0
165
 2013 04 20 18 41 11.735     2013 04 20 18 45  1.458     229.7
166
 2013 04 20 13 31 14.965     2013 04 20 13 35  6.052     231.1
 2013 04 20 23 32 54.557     2013 04 20 23 33 30.545      36.0
167
168
 2013 04 20 20 27 30.542     2013 04 20 20 31  1.445     210.9
169
170
 2013 04 20 10 18 48.235     2013 04 20 10 21 27.486     159.3
171
 2013 04 20 13 41  3.551     2013 04 20 13 43 45.143     161.6
 2013 04 20 18 36 21.544     2013 04 20 18 39 34.034     192.5
172
 2013 04 20 21 55  3.534     2013 04 20 21 57 39.293     155.8
173
 2013 04 20 10 21 18.477     2013 04 20 10 24 55.117     216.6
 2013 04 20 20 23 58.272     2013 04 20 20 27  9.938     191.7
174
 2013 04 20 21 50 49.903     2013 04 20 21 53 55.823     185.9
175
176
 2013 04 20 11 56  2.629     2013 04 20 11 56 41.558      38.9
 2013 04 20 21 56 36.237     2013 04 20 21 59 11.669     155.4
177
 2013 04 20 20 19 43.588     2013 04 20 20 22 29.449     165.9
178
 2013 04 20 23 36 29.062     2013 04 20 23 39 23.623     174.6
179
 2013 04 20 13 35 52.810     2013 04 20 13 38 30.928     158.1
 2013 04 20 21 53  4.120     2013 04 20 21 55 40.475     156.4
180
 2013 04 20 11 58 29.471     2013 04 20 12 01 45.126     195.7
181
 2013 04 20 11 50 46.605     2013 04 20 11 54 22.337     215.7
 2013 04 20 23 37 10.012     2013 04 20 23 40 40.859     210.8
182
 2013 04 20 13 39 40.764     2013 04 20 13 42 27.464     166.7
 2013 04 20 20 14 15.903     2013 04 20 20 16 57.721     161.8
183
 2013 04 20 13 27 46.727     2013 04 20 13 27 59.970      13.2
 2013 04 20 23 34 37.980     2013 04 20 23 38 25.077     227.1
184
 2013 04 20 11 59 49.094     2013 04 20 12 02 26.946     157.9
 2013 04 20 20 17 54.933     2013 04 20 20 18 16.273      21.3
185
 2013 04 20 11 59 24.613     2013 04 20 12 03 11.506     226.9
 2013 04 20 20 19 20.100     2013 04 20 20 22 39.932     199.8
186
 2013 04 20 12 03 41.285     2013 04 20 12 04 31.776      50.5
 2013 04 20 20 16 47.982     2013 04 20 20 19 28.721     160.7
187
 2013 04 20 13 38 13.230     2013 04 20 13 41 17.143     183.9
 2013 04 20 20 13 26.388     2013 04 20 20 16 50.516     204.1
188
189
190
 2013 04 20 10 25 10.470     2013 04 20 10 27 48.903     158.4
 2013 04 20 18 42 59.808     2013 04 20 18 46 49.899     230.1
191
 2013 04 20 12 06 52.231     2013 04 20 12 07  5.422      13.2
 2013 04 20 13 41  6.789     2013 04 20 13 42 53.012     106.2
 2013 04 20 18 37 58.676     2013 04 20 18 41 17.091     198.4
192
 2013 04 20 20 21  4.260     2013 04 20 20 24 36.473     212.2
193
 2013 04 20 13 30 48.581     2013 04 20 13 31 54.285      65.7
 2013 04 20 23 33 22.124     2013 04 20 23 37   .138     218.0
194
 2013 04 20 12 02 58.632     2013 04 20 12 05 47.928     169.3
195
 2013 04 20 12 05 11.673     2013 04 20 12 08  2.194     170.5
 2013 04 20 18 39 22.507     2013 04 20 18 42 17.376     174.9
196
197
 2013 04 20 12 03  1.958     2013 04 20 12 06  4.352     182.4
198
 2013 04 20 20 25 37.380     2013 04 20 20 28 39.524     182.1
199
 2013 04 20 10 24 13.936     2013 04 20 10 27 46.162     212.2
