s5
0
 2013 04 20 23 20 40.147     2013 04 20 23 23 35.895     175.7
1
 2013 04 20 13 24  5.106     2013 04 20 13 27 17.849     192.7
2
 2013 04 20 10 03 19.422     2013 04 20 10 03 40.916      21.5
3
 2013 04 20 11 50  3.998     2013 04 20 11 52 52.425     168.4
 2013 04 20 18 24 43.243     2013 04 20 18 25 15.237      32.0
4
 2013 04 20 23 19 34.063     2013 04 20 23 19 40.533       6.5
5
 2013 04 20 23 21 31.003     2013 04 20 23 24 59.444     208.4
6
 2013 04 20 13 22 52.029     2013 04 20 13 23 14.147      22.1
 2013 04 20 21 39 23.969     2013 04 20 21 43 13.356     229.4
7
 2013 04 20 11 40 38.787     2013 04 20 11 41 29.290      50.5
8
 2013 04 20 14 58 18.578     2013 04 20 14 59 51.753      93.2
9
10
 2013 04 20 13 13  9.495     2013 04 20 13 14 13.966      64.5
11
12
 2013 04 20 11 46  6.522     2013 04 20 11 48 49.470     162.9
13
 2013 04 20 13 21 19.832     2013 04 20 13 24 46.267     206.4
 2013 04 20 21 39 44.520     2013 04 20 21 42 40.676     176.2
14
 2013 04 20 10 09 40.663     2013 04 20 10 12 21.912     161.2
 2013 04 20 20 08 23.380     2013 04 20 20 09 43.247      79.9
15
 2013 04 20 10 06 22.531     2013 04 20 10 09  6.578     164.0
 2013 04 20 20 13 30.377     2013 04 20 20 13 49.793      19.4
16
 2013 04 20 11 40  1.368     2013 04 20 11 43 41.235     219.9
17
 2013 04 20 10 10 37.601     2013 04 20 10 14 16.564     219.0
18
 2013 04 20 21 36 49.202     2013 04 20 21 39 32.316     163.1
19
 2013 04 20 11 40 32.034     2013 04 20 11 40 44.321      12.3
 2013 04 20 23 23 11.402     2013 04 20 23 25 48.489     157.1
20
 2013 04 20 11 48  9.883     2013 04 20 11 50 47.634     157.8
 2013 04 20 20 03 57.632     2013 04 20 20 06 34.525     156.9
21
 2013 04 20 11 38 15.223     2013 04 20 11 41  6.573     171.4
22
 2013 04 20 11 39 12.422     2013 04 20 11 42 56.254     223.8
23
 2013 04 20 21 45 53.575     2013 04 20 21 49  2.606     189.0
24
25
26
 2013 04 20 15 03  8.854     2013 04 20 15 06  8.952     180.1
 2013 04 20 19 58 32.808     2013 04 20 20 01 14.452     161.6
27
 2013 04 20 13 20 47.638     2013 04 20 13 23 44.198     176.6
 2013 04 20 21 42 38.414     2013 04 20 21 43  2.126      23.7
28
 2013 04 20 10 05 38.459     2013 04 20 10 08 55.335     196.9
29
30
 2013 04 20 13 20 20.362     2013 04 20 13 23 47.638     207.3
31
 2013 04 20 13 20 24.016     2013 04 20 13 23 11.520     167.5
32
 2013 04 20 11 50 19.227     2013 04 20 11 54  5.807     226.6
 2013 04 20 18 26 52.814     2013 04 20 18 30  3.269     190.5
33
 2013 04 20 20 02 16.482     2013 04 20 20 05  3.046     166.6
34
 2013 04 20 15 00 42.047     2013 04 20 15 03 28.265     166.2
 2013 04 20 21 34 46.085     2013 04 20 21 37 24.186     158.1
35
 2013 04 20 13 24 53.420     2013 04 20 13 27 47.227     173.8
 2013 04 20 19 59 28.448     2013 04 20 20 02 57.053     208.6
36
 2013 04 20 15 00 12.539     2013 04 20 15 01 21.396      68.9
 2013 04 20 16 38 17.438     2013 04 20 16 41 49.473     212.0
 2013 04 20 21 33 50.776     2013 04 20 21 36 33.625     162.8
37
 2013 04 20 13 21 32.248     2013 04 20 13 24 34.913     182.7
 2013 04 20 21 37 47.762     2013 04 20 21 41  7.040     199.3
38
 2013 04 20 10 06 57.865     2013 04 20 10 10 36.470     218.6
 2013 04 20 20 07 55.003     2013 04 20 20 11 38.746     223.7
39
 2013 04 20 11 42 14.224     2013 04 20 11 44 49.480     155.3
 2013 04 20 21 44  6.927     2013 04 20 21 46 57.036     170.1
40
41
 2013 04 20 11 42 37.061     2013 04 20 11 46 15.037     218.0
 2013 04 20 21 42 35.890     2013 04 20 21 45 15.088     159.2
42
 2013 04 20 13 14 42.811     2013 04 20 13 15 35.765      53.0
 2013 04 20 23 20  1.932     2013 04 20 23 23 45.408     223.5
43
 2013 04 20 11 49 31.218     2013 04 20 11 53  4.274     213.1
44
 2013 04 20 13 22  8.410     2013 04 20 13 22 25.779      17.4
 2013 04 20 23 16  6.965     2013 04 20 23 19 10.542     183.6
45
 2013 04 20 23 21 35.081     2013 04 20 23 25  3.509     208.4
46
 2013 04 20 11 42  1.604     2013 04 20 11 45  4.462     182.9
 2013 04 20 21 43  4.639     2013 04 20 21 46 17.945     193.3
47
48
 2013 04 20 23 20 53.925     2013 04 20 23 23 30.054     156.1
49
 2013 04 20 20 11 18.563     2013 04 20 20 13 55.908     157.3
50
 2013 04 20 20 07   .579     2013 04 20 20 10 19.863     199.3
51
 2013 04 20 23 14 45.709     2013 04 20 23 18  7.509     201.8
52
 2013 04 20 11 43 13.308     2013 04 20 11 43 44.571      31.3
53
 2013 04 20 13 24 29.048     2013 04 20 13 25 26.716      57.7
 2013 04 20 21 37 14.051     2013 04 20 21 40 13.852     179.8
54
 2013 04 20 11 48  8.761     2013 04 20 11 51 18.645     189.9
 2013 04 20 20 04 46.809     2013 04 20 20 07 37.868     171.1
55
 2013 04 20 11 41 11.042     2013 04 20 11 44 42.368     211.3
56
 2013 04 20 20 12  3.844     2013 04 20 20 15 45.345     221.5
57
 2013 04 20 23 15 37.416     2013 04 20 23 18 41.962     184.5
58
59
 2013 04 20 11 49 19.738     2013 04 20 11 53  7.968     228.2
 2013 04 20 18 27 45.632     2013 04 20 18 27 59.556      13.9
60
61
 2013 04 20 13 22 35.960     2013 04 20 13 25 21.424     165.5
 2013 04 20 21 39  7.191     2013 04 20 21 41 44.421     157.2
62
 2013 04 20 11 40 40.757     2013 04 20 11 43 30.019     169.3
63
 2013 04 20 11 42 22.170     2013 04 20 11 45 58.702     216.5
 2013 04 20 21 44 53.493     2013 04 20 21 47 37.470     164.0
64
65
 2013 04 20 11 47 24.058     2013 04 20 11 50 34.903     190.8
 2013 04 20 20 03 17.025     2013 04 20 20 06  5.121     168.1
66
 2013 04 20 21 40 17.944     2013 04 20 21 42 57.538     159.6
67
 2013 04 20 21 40 18.700     2013 04 20 21 43 15.555     176.9
68
 2013 04 20 11 40 58.742     2013 04 20 11 44 34.746     216.0
 2013 04 20 21 45 17.516     2013 04 20 21 48 21.930     184.4
69
 2013 04 20 21 41 41.592     2013 04 20 21 44 20.156     158.6
70
 2013 04 20 13 16 10.035     2013 04 20 13 18 45.320     155.3
 2013 04 20 23 18 16.167     2013 04 20 23 21 57.881     221.7
71
 2013 04 20 10 05  9.906     2013 04 20 10 07 51.109     161.2
72
73
 2013 04 20 13 24 24.124     2013 04 20 13 27  7.612     163.5
74
 2013 04 20 13 28 30.736     2013 04 20 13 31 23.039     172.3
 2013 04 20 18 23 47.237     2013 04 20 18 26 30.754     163.5
75
 2013 04 20 10 04 57.072     2013 04 20 10 07 37.292     160.2
76
 2013 04 20 10 07 55.211     2013 04 20 10 08 59.345      64.1
77
 2013 04 20 13 20 35.967     2013 04 20 13 22  1.925      86.0
 2013 04 20 21 39 52.354     2013 04 20 21 43 20.296     207.9
78
 2013 04 20 18 30 41.418     2013 04 20 18 31   .687      19.3
79
 2013 04 20 11 40 46.165     2013 04 20 11 41 24.695      38.5
80
 2013 04 20 13 14  1.363     2013 04 20 13 16 47.276     165.9
81
 2013 04 20 13 19 11.133     2013 04 20 13 22 47.701     216.6
 2013 04 20 23 15 39.752     2013 04 20 23 16  9.740      30.0
82
 2013 04 20 11 42 26.569     2013 04 20 11 45 10.993     164.4
 2013 04 20 21 44 24.786     2013 04 20 21 47   .727     155.9
83
 2013 04 20 11 40  6.320     2013 04 20 11 43 40.944     214.6
84
 2013 04 20 11 44 47.774     2013 04 20 11 47 23.021     155.2
85
86
 2013 04 20 20 01 55.809     2013 04 20 20 05 14.730     198.9
87
 2013 04 20 11 40 44.994     2013 04 20 11 43 19.806     154.8
88
 2013 04 20 13 18 26.756     2013 04 20 13 21 10.432     163.7
 2013 04 20 23 17 57.326     2013 04 20 23 21 24.376     207.0
89
 2013 04 20 11 40 28.792     2013 04 20 11 43 14.644     165.9
90
 2013 04 20 13 27 11.096     2013 04 20 13 29 50.945     159.8
 2013 04 20 18 21 55.140     2013 04 20 18 25 49.876     234.7
 2013 04 20 20 00  4.330     2013 04 20 20 03 37.556     213.2
91
 2013 04 20 20 06 43.590     2013 04 20 20 09 57.313     193.7
92
 2013 04 20 21 47 17.322     2013 04 20 21 50 36.438     199.1
93
 2013 04 20 11 50  3.349     2013 04 20 11 52 16.680     133.3
 2013 04 20 18 26 46.569     2013 04 20 18 30 14.740     208.2
94
 2013 04 20 21 36 42.418     2013 04 20 21 39 27.700     165.3
95
 2013 04 20 13 16 39.935     2013 04 20 13 19 14.606     154.7
 2013 04 20 23 18 26.984     2013 04 20 23 21 30.295     183.3
96
 2013 04 20 23 15 19.838     2013 04 20 23 17 57.882     158.0
97
 2013 04 20 20 11 47.879     2013 04 20 20 14 43.030     175.2
98
 2013 04 20 23 19  3.227     2013 04 20 23 19 41.424      38.2
99
 2013 04 20 11 51 21.426     2013 04 20 11 54 28.770     187.3
 2013 04 20 18 26 47.643     2013 04 20 18 29 24.741     157.1
100
 2013 04 20 21 45 31.014     2013 04 20 21 48  8.118     157.1
101
 2013 04 20 18 27 22.076     2013 04 20 18 31 10.772     228.7
102
 2013 04 20 21 44  9.781     2013 04 20 21 44 31.104      21.3
103
 2013 04 20 11 38 13.802     2013 04 20 11 40 48.038     154.2
104
 2013 04 20 11 50 41.121     2013 04 20 11 53 59.444     198.3
 2013 04 20 18 26 40.952     2013 04 20 18 29 39.815     178.9
105
 2013 04 20 11 46 38.715     2013 04 20 11 49 26.558     167.8
 2013 04 20 20 04 21.406     2013 04 20 20 07 59.112     217.7
106
107
 2013 04 20 10 01 31.052     2013 04 20 10 05   .615     209.6
 2013 04 20 21 49 25.626     2013 04 20 21 52   .859     155.2
108
 2013 04 20 11 40 40.666     2013 04 20 11 43 26.815     166.1
109
110
 2013 04 20 23 16  9.538     2013 04 20 23 19  4.034     174.5
111
 2013 04 20 11 41  9.449     2013 04 20 11 44 52.185     222.7
 2013 04 20 21 46 33.813     2013 04 20 21 46 34.775       1.0
112
113
 2013 04 20 11 40 27.638     2013 04 20 11 43 50.357     202.7
 2013 04 20 21 48   .934     2013 04 20 21 48 55.957      55.0
114
115
 2013 04 20 10 07  7.544     2013 04 20 10 10  7.528     180.0
 2013 04 20 20 08 28.611     2013 04 20 20 12  7.480     218.9
116
 2013 04 20 13 19 52.081     2013 04 20 13 20  7.966      15.9
117
 2013 04 20 11 42 51.339     2013 04 20 11 45 28.097     156.8
 2013 04 20 21 44  3.697     2013 04 20 21 46 38.067     154.4
118
 2013 04 20 13 21 24.852     2013 04 20 13 23 31.419     126.6
 2013 04 20 21 40  5.232     2013 04 20 21 42 45.542     160.3
119
 2013 04 20 11 47 15.957     2013 04 20 11 50 45.960     210.0
 2013 04 20 20 03  2.395     2013 04 20 20 05 51.364     169.0
120
 2013 04 20 13 20  2.160     2013 04 20 13 22  2.065     119.9
121
 2013 04 20 13 25   .830     2013 04 20 13 27 49.489     168.7
 2013 04 20 20 00 28.026     2013 04 20 20 04  1.108     213.1
122
 2013 04 20 21 41 38.233     2013 04 20 21 44 14.067     155.8
123
 2013 04 20 13 27 21.331     2013 04 20 13 28 45.447      84.1
 2013 04 20 18 23 40.353     2013 04 20 18 27 29.554     229.2
124
 2013 04 20 11 47 22.948     2013 04 20 11 50  8.194     165.2
 2013 04 20 20 03 40.769     2013 04 20 20 06 36.976     176.2
125
 2013 04 20 13 12 41.391     2013 04 20 13 13 50.183      68.8
126
 2013 04 20 11 48 50.589     2013 04 20 11 52 32.910     222.3
127
128
 2013 04 20 11 51 26.711     2013 04 20 11 54  5.322     158.6
 2013 04 20 18 25 51.531     2013 04 20 18 28 29.187     157.7
129
 2013 04 20 11 39 58.355     2013 04 20 11 43 31.867     213.5
130
131
 2013 04 20 11 52 17.300     2013 04 20 11 52 54.414      37.1
 2013 04 20 20 01 52.478     2013 04 20 20 05 38.546     226.1
132
 2013 04 20 14 58 56.049     2013 04 20 14 59 17.691      21.6
 2013 04 20 21 35 56.705     2013 04 20 21 39 38.315     221.6
133
134
 2013 04 20 13 20  6.019     2013 04 20 13 22 41.414     155.4
135
 2013 04 20 13 23 47.644     2013 04 20 13 26 32.050     164.4
 2013 04 20 21 37 36.241     2013 04 20 21 41 14.618     218.4
136
 2013 04 20 13 22  5.719     2013 04 20 13 22 40.058      34.3
 2013 04 20 23 15 52.578     2013 04 20 23 19 17.075     204.5
137
 2013 04 20 11 46 25.355     2013 04 20 11 49  5.700     160.3
138
 2013 04 20 13 22  2.614     2013 04 20 13 23   .743      58.1
 2013 04 20 21 40   .723     2013 04 20 21 42 44.662     163.9
139
 2013 04 20 13 24 33.063     2013 04 20 13 24 46.354      13.3
 2013 04 20 20 01 34.814     2013 04 20 20 04 57.729     202.9
140
 2013 04 20 11 47 39.388     2013 04 20 11 50 15.675     156.3
 2013 04 20 20 04 13.912     2013 04 20 20 06 56.271     162.4
141
 2013 04 20 11 50 34.439     2013 04 20 11 53 51.887     197.4
 2013 04 20 18 26 35.474     2013 04 20 18 29 42.324     186.9
142
 2013 04 20 23 16  1.432     2013 04 20 23 18 47.597     166.2
143
 2013 04 20 13 22 30.483     2013 04 20 13 25 57.407     206.9
 2013 04 20 21 39 35.014     2013 04 20 21 42 24.581     169.6
144
145
 2013 04 20 23 20 28.119     2013 04 20 23 20 43.629      15.5
146
 2013 04 20 10 06 17.998     2013 04 20 10 08 52.152     154.2
147
 2013 04 20 11 51 15.265     2013 04 20 11 53 55.630     160.4
 2013 04 20 18 26 11.136     2013 04 20 18 28 53.623     162.5
148
 2013 04 20 11 47 43.941     2013 04 20 11 50 25.586     161.6
 2013 04 20 20 03 50.726     2013 04 20 20 06 31.563     160.8
149
 2013 04 20 20 05 37.029     2013 04 20 20 06  1.590      24.6
150
 2013 04 20 11 42 57.790     2013 04 20 11 45 32.418     154.6
 2013 04 20 21 43 50.517     2013 04 20 21 46 24.951     154.4
151
 2013 04 20 13 23  6.255     2013 04 20 13 26 34.581     208.3
 2013 04 20 21 37 17.275     2013 04 20 21 40 20.558     183.3
152
 2013 04 20 13 21 32.807     2013 04 20 13 24 32.594     179.8
 2013 04 20 21 37 50.227     2013 04 20 21 41 10.048     199.8
153
 2013 04 20 11 47 52.085     2013 04 20 11 51  7.811     195.7
 2013 04 20 20 04 58.499     2013 04 20 20 07 40.178     161.7
154
 2013 04 20 14 58 30.996     2013 04 20 15 01 15.555     164.6
 2013 04 20 23 12 40.964     2013 04 20 23 13  9.811      28.8
155
156
 2013 04 20 10 06 30.138     2013 04 20 10 09  4.271     154.1
157
 2013 04 20 13 23 44.658     2013 04 20 13 26 55.137     190.5
 2013 04 20 21 38 28.175     2013 04 20 21 38 28.812        .6
158
 2013 04 20 21 41 10.027     2013 04 20 21 44 18.556     188.5
159
160
 2013 04 20 15 00 34.274     2013 04 20 15 03 28.178     173.9
 2013 04 20 21 35 43.354     2013 04 20 21 38 20.641     157.3
161
 2013 04 20 11 41 29.834     2013 04 20 11 45 12.190     222.4
 2013 04 20 21 42 26.065     2013 04 20 21 46 11.799     225.7
162
 2013 04 20 11 39  3.781     2013 04 20 11 41 41.737     158.0
163
 2013 04 20 11 49 18.584     2013 04 20 11 52 27.151     188.6
 2013 04 20 20 02 23.948     2013 04 20 20 03 29.556      65.6
164
 2013 04 20 23 20 39.249     2013 04 20 23 23 13.647     154.4
165
 2013 04 20 11 40 35.737     2013 04 20 11 43 47.267     191.5
166
167
 2013 04 20 11 39  5.376     2013 04 20 11 41 51.515     166.1
168
 2013 04 20 23 19 37.346     2013 04 20 23 23 15.762     218.4
169
 2013 04 20 23 21 59.867     2013 04 20 23 25 39.209     219.3
170
 2013 04 20 13 23 29.195     2013 04 20 13 26 31.802     182.6
 2013 04 20 21 38 41.701     2013 04 20 21 42 24.175     222.5
171
172
 2013 04 20 15 00  5.860     2013 04 20 15 00  9.051       3.2
 2013 04 20 16 38 16.548     2013 04 20 16 41 42.627     206.1
 2013 04 20 21 33 45.903     2013 04 20 21 36 27.870     162.0
173
 2013 04 20 11 40 31.266     2013 04 20 11 43  8.124     156.9
174
 2013 04 20 13 16 22.821     2013 04 20 13 16 38.449      15.6
 2013 04 20 23 16 59.351     2013 04 20 23 20 17.882     198.5
175
176
 2013 04 20 21 48 54.442     2013 04 20 21 52 10.275     195.8
177
 2013 04 20 11 47 58.257     2013 04 20 11 51 29.666     211.4
 2013 04 20 20 05   .921     2013 04 20 20 07 54.774     173.9
178
 2013 04 20 11 46 51.288     2013 04 20 11 49 49.977     178.7
 2013 04 20 20 04 43.259     2013 04 20 20 07 53.224     190.0
179
 2013 04 20 13 15 53.042     2013 04 20 13 18 30.440     157.4
 2013 04 20 23 21 54.750     2013 04 20 23 22 12.130      17.4
180
 2013 04 20 20 01 56.398     2013 04 20 20 05 30.410     214.0
181
 2013 04 20 11 48 20.751     2013 04 20 11 51  7.509     166.8
 2013 04 20 20 04 25.665     2013 04 20 20 07 13.679     168.0
182
 2013 04 20 11 46  9.706     2013 04 20 11 49 59.171     229.5
 2013 04 20 20 05 17.095     2013 04 20 20 08 38.582     201.5
183
 2013 04 20 11 43 32.587     2013 04 20 11 44 49.313      76.7
184
 2013 04 20 11 43  1.302     2013 04 20 11 46 13.518     192.2
 2013 04 20 21 42 50.763     2013 04 20 21 45 25.439     154.7
185
 2013 04 20 13 21 54.347     2013 04 20 13 24 55.452     181.1
 2013 04 20 21 37 57.808     2013 04 20 21 40 52.245     174.4
186
 2013 04 20 11 52 42.689     2013 04 20 11 55 20.751     158.1
 2013 04 20 16 47 30.267     2013 04 20 16 51 22.623     232.4
 2013 04 20 18 25 34.421     2013 04 20 18 29 13.888     219.5
187
 2013 04 20 11 43 58.089     2013 04 20 11 47  7.289     189.2
 2013 04 20 21 43 18.876     2013 04 20 21 43 35.105      16.2
188
 2013 04 20 15 00 57.301     2013 04 20 15 03 35.044     157.7
 2013 04 20 21 35  5.381     2013 04 20 21 37 46.301     160.9
189
 2013 04 20 13 26 59.751     2013 04 20 13 28  5.333      65.6
 2013 04 20 20 01 27.616     2013 04 20 20 02 25.489      57.9
190
 2013 04 20 13 26 19.506     2013 04 20 13 28 59.092     159.6
 2013 04 20 20 00 48.581     2013 04 20 20 03 27.510     158.9
191
 2013 04 20 21 45 51.893     2013 04 20 21 45 54.620       2.7
192
 2013 04 20 21 44 26.072     2013 04 20 21 45  1.109      35.0
193
 2013 04 20 11 45 48.862     2013 04 20 11 48 26.142     157.3
194
 2013 04 20 11 48 14.740     2013 04 20 11 51 10.231     175.5
 2013 04 20 20 03 27.022     2013 04 20 20 06  7.027     160.0
195
 2013 04 20 13 15 55.127     2013 04 20 13 18 53.752     178.6
 2013 04 20 23 21 23.187     2013 04 20 23 21 41.047      17.9
196
 2013 04 20 10 02 44.924     2013 04 20 10 05 18.778     153.9
 2013 04 20 21 49 44.670     2013 04 20 21 53  6.869     202.2
197
 2013 04 20 10 08 16.334     2013 04 20 10 11 14.150     177.8
 2013 04 20 20 08 34.496     2013 04 20 20 11 10.883     156.4
198
 2013 04 20 18 27 13.900     2013 04 20 18 30 44.270     210.4
199
 2013 04 20 11 45 26.016     2013 04 20 11 48  3.681     157.7
200
 2013 04 20 21 45 42.345     2013 04 20 21 49  5.447     203.1
201
 2013 04 20 10 04 40.519     2013 04 20 10 07 52.853     192.3
202
 2013 04 20 13 15 24.801     2013 04 20 13 18 29.783     185.0
 2013 04 20 23 19 18.955     2013 04 20 23 20 20.921      62.0
203
 2013 04 20 13 21 49.260     2013 04 20 13 24 54.951     185.7
 2013 04 20 21 37 52.580     2013 04 20 21 40 50.491     177.9
204
 2013 04 20 11 47 21.334     2013 04 20 11 50 15.644     174.3
 2013 04 20 20 03 30.045     2013 04 20 20 06 25.361     175.3
205
 2013 04 20 11 48 47.830     2013 04 20 11 51 56.067     188.2
 2013 04 20 20 02 52.029     2013 04 20 20 06  5.298     193.3
206
 2013 04 20 11 49  9.977     2013 04 20 11 52 41.773     211.8
207
 2013 04 20 11 43  6.437     2013 04 20 11 44 14.618      68.2
 2013 04 20 21 44 10.560     2013 04 20 21 45 56.217     105.7
208
 2013 04 20 11 46 37.508     2013 04 20 11 49 35.430     177.9
 2013 04 20 20 03  5.578     2013 04 20 20 04 12.157      66.6
209
 2013 04 20 20 05 14.128     2013 04 20 20 05 47.760      33.6
210
 2013 04 20 23 19 42.591     2013 04 20 23 19 59.655      17.1
211
 2013 04 20 13 21  7.383     2013 04 20 13 23 47.371     160.0
 2013 04 20 21 41 35.411     2013 04 20 21 42  4.294      28.9
212
 2013 04 20 11 43 44.820     2013 04 20 11 46 50.023     185.2
 2013 04 20 21 42 30.076     2013 04 20 21 45 24.602     174.5
213
 2013 04 20 13 17 42.333     2013 04 20 13 21 29.614     227.3
 2013 04 20 23 18 44.573     2013 04 20 23 22 26.464     221.9
214
 2013 04 20 10 04  7.907     2013 04 20 10 05 26.078      78.2
215
 2013 04 20 11 36 53.289     2013 04 20 11 37 36.195      42.9
 2013 04 20 23 23 16.454     2013 04 20 23 26  2.180     165.7
216
 2013 04 20 15 01 17.534     2013 04 20 15 03 55.068     157.5
 2013 04 20 21 35  3.586     2013 04 20 21 37 58.877     175.3
217
 2013 04 20 11 44 41.730     2013 04 20 11 47 36.905     175.2
218
 2013 04 20 23 21 47.951     2013 04 20 23 24 28.057     160.1
219
 2013 04 20 11 39 36.707     2013 04 20 11 41  2.654      85.9
220
 2013 04 20 13 18 33.002     2013 04 20 13 21  7.913     154.9
 2013 04 20 23 17 38.955     2013 04 20 23 20 54.440     195.5
221
 2013 04 20 10 09 22.239     2013 04 20 10 11 58.434     156.2
 2013 04 20 20 08 38.536     2013 04 20 20 11 57.114     198.6
222
 2013 04 20 11 42 28.732     2013 04 20 11 45 10.437     161.7
 2013 04 20 21 44 20.545     2013 04 20 21 46 56.809     156.3
223
 2013 04 20 11 42 28.541     2013 04 20 11 46  3.176     214.6
 2013 04 20 21 44 48.419     2013 04 20 21 47 35.763     167.3
224
 2013 04 20 11 49 38.261     2013 04 20 11 52 41.533     183.3
225
 2013 04 20 13 25 42.195     2013 04 20 13 28 25.949     163.8
 2013 04 20 20 00  9.439     2013 04 20 20 02 52.777     163.3
226
 2013 04 20 21 40 59.426     2013 04 20 21 44 27.526     208.1
227
 2013 04 20 18 27 32.445     2013 04 20 18 30 25.192     172.7
228
 2013 04 20 13 19 43.187     2013 04 20 13 22 18.460     155.3
229
230
 2013 04 20 11 44 26.196     2013 04 20 11 44 32.961       6.8
 2013 04 20 21 41   .252     2013 04 20 21 42 14.033      73.8
231
 2013 04 20 13 21  9.348     2013 04 20 13 23 47.753     158.4
 2013 04 20 21 38 32.903     2013 04 20 21 38 49.541      16.6
232
 2013 04 20 15 03  3.272     2013 04 20 15 05 53.863     170.6
 2013 04 20 19 58 18.065     2013 04 20 20 01  2.492     164.4
233
 2013 04 20 21 36 28.555     2013 04 20 21 39 49.277     200.7
234
 2013 04 20 13 17 21.469     2013 04 20 13 20 24.430     183.0
 2013 04 20 23 19  1.958     2013 04 20 23 21 44.110     162.2
235
 2013 04 20 11 44 31.307     2013 04 20 11 48 14.992     223.7
 2013 04 20 21 41  4.997     2013 04 20 21 41 58.521      53.5
236
 2013 04 20 11 50 10.240     2013 04 20 11 53 54.491     224.3
 2013 04 20 18 26 43.485     2013 04 20 18 30  7.362     203.9
237
 2013 04 20 21 49 52.506     2013 04 20 21 50 58.804      66.3
238
 2013 04 20 20 06 58.724     2013 04 20 20 09 36.215     157.5
239
 2013 04 20 20 11 40.737     2013 04 20 20 14 26.944     166.2
240
241
 2013 04 20 20 10 29.073     2013 04 20 20 10 52.544      23.5
242
 2013 04 20 10 03 57.686     2013 04 20 10 06 35.263     157.6
243
244
 2013 04 20 10 08 42.443     2013 04 20 10 09 23.951      41.5
245
 2013 04 20 11 45 22.425     2013 04 20 11 47 57.808     155.4
246
 2013 04 20 20 05 57.386     2013 04 20 20 09 41.991     224.6
247
 2013 04 20 11 44 12.486     2013 04 20 11 47  9.719     177.2
 2013 04 20 21 43  2.752     2013 04 20 21 43  4.456       1.7
248
249
 2013 04 20 11 47 16.956     2013 04 20 11 50 39.392     202.4
 2013 04 20 20 03  7.390     2013 04 20 20 05 57.859     170.5
250
 2013 04 20 21 46  3.267     2013 04 20 21 49 39.168     215.9
251
 2013 04 20 11 46 17.389     2013 04 20 11 48 53.858     156.5
252
 2013 04 20 13 23  5.890     2013 04 20 13 26 55.294     229.4
 2013 04 20 21 36 57.274     2013 04 20 21 40  9.632     192.4
253
 2013 04 20 10 05 49.187     2013 04 20 10 09 36.266     227.1
 2013 04 20 20 10 46.615     2013 04 20 20 14 22.701     216.1
254
 2013 04 20 13 18 51.486     2013 04 20 13 21 36.032     164.5
 2013 04 20 23 17 30.313     2013 04 20 23 18  7.590      37.3
255
 2013 04 20 10 03 11.860     2013 04 20 10 06  9.794     177.9
256
 2013 04 20 11 51 27.209     2013 04 20 11 54  6.676     159.5
 2013 04 20 18 25 49.118     2013 04 20 18 28 26.605     157.5
257
 2013 04 20 15 01 56.776     2013 04 20 15 04 34.458     157.7
 2013 04 20 19 56 46.891     2013 04 20 20 00 34.044     227.2
 2013 04 20 21 34 43.337     2013 04 20 21 38 30.507     227.2
258
 2013 04 20 13 24 46.026     2013 04 20 13 27 30.992     165.0
 2013 04 20 20 00  8.224     2013 04 20 20 00 28.835      20.6
259
 2013 04 20 11 37 17.868     2013 04 20 11 39 51.484     153.6
 2013 04 20 23 24 19.147     2013 04 20 23 27 38.316     199.2
260
 2013 04 20 13 22 41.987     2013 04 20 13 22 59.965      18.0
 2013 04 20 21 37  7.378     2013 04 20 21 39 57.773     170.4
261
 2013 04 20 11 38  3.418     2013 04 20 11 40 38.286     154.9
 2013 04 20 23 23 20.075     2013 04 20 23 23 33.493      13.4
262
 2013 04 20 13 24  3.141     2013 04 20 13 26 41.462     158.3
 2013 04 20 21 37 35.007     2013 04 20 21 38 22.806      47.8
263
 2013 04 20 11 51 20.961     2013 04 20 11 54 24.506     183.5
 2013 04 20 18 25 18.960     2013 04 20 18 27 56.839     157.9
264
265
266
 2013 04 20 13 22 45.863     2013 04 20 13 25 57.425     191.6
 2013 04 20 21 39 19.886     2013 04 20 21 42 14.544     174.7
267
 2013 04 20 13 21 58.980     2013 04 20 13 23 54.545     115.6
 2013 04 20 21 39 59.884     2013 04 20 21 42 39.214     159.3
268
 2013 04 20 13 19 53.373     2013 04 20 13 23 10.666     197.3
269
 2013 04 20 11 43 47.152     2013 04 20 11 46 24.870     157.7
 2013 04 20 21 43 24.218     2013 04 20 21 46 35.307     191.1
270
 2013 04 20 21 47 20.533     2013 04 20 21 49 56.897     156.4
271
 2013 04 20 11 51  8.888     2013 04 20 11 54 15.475     186.6
 2013 04 20 18 25 15.107     2013 04 20 18 27 52.799     157.7
272
 2013 04 20 10 03  8.720     2013 04 20 10 03 23.903      15.2
 2013 04 20 21 47 50.710     2013 04 20 21 51 25.876     215.2
273
 2013 04 20 11 43 15.743     2013 04 20 11 45 51.707     156.0
 2013 04 20 21 43 32.248     2013 04 20 21 46  9.780     157.5
274
 2013 04 20 20 06  4.775     2013 04 20 20 08 55.536     170.8
275
 2013 04 20 21 36 36.116     2013 04 20 21 39 44.015     187.9
276
 2013 04 20 10 11 43.174     2013 04 20 10 11 47.914       4.7
 2013 04 20 20 07 38.244     2013 04 20 20 10 31.442     173.2
277
 2013 04 20 10 03 51.570     2013 04 20 10 06 33.739     162.2
278
 2013 04 20 14 58 53.764     2013 04 20 15 01 38.020     164.3
279
 2013 04 20 15 01 41.463     2013 04 20 15 05 29.182     227.7
 2013 04 20 20 01 59.047     2013 04 20 20 02  2.835       3.8
 2013 04 20 21 35 52.795     2013 04 20 21 36 33.081      40.3
280
 2013 04 20 15 01 24.420     2013 04 20 15 04  5.839     161.4
 2013 04 20 21 35 19.319     2013 04 20 21 38 21.333     182.0
281
282
 2013 04 20 11 45 58.203     2013 04 20 11 49 40.058     221.9
283
 2013 04 20 23 19 45.332     2013 04 20 23 20 30.137      44.8
284
 2013 04 20 10 11 28.790     2013 04 20 10 14 20.946     172.2
285
 2013 04 20 13 21 17.403     2013 04 20 13 22  3.131      45.7
 2013 04 20 23 16 26.372     2013 04 20 23 19 15.530     169.2
286
 2013 04 20 11 45 54.663     2013 04 20 11 48 39.062     164.4
287
288
 2013 04 20 13 23 51.489     2013 04 20 13 26 37.774     166.3
 2013 04 20 21 38 13.189     2013 04 20 21 39  8.270      55.1
289
 2013 04 20 21 46 17.400     2013 04 20 21 48 56.733     159.3
290
 2013 04 20 23 14 36.410     2013 04 20 23 16 20.482     104.1
291
 2013 04 20 13 27  7.608     2013 04 20 13 29 59.203     171.6
 2013 04 20 20 00 49.465     2013 04 20 20 04 18.102     208.6
292
 2013 04 20 10 05 40.648     2013 04 20 10 09 25.059     224.4
293
 2013 04 20 11 36 52.632     2013 04 20 11 39 44.814     172.2
 2013 04 20 23 24  8.983     2013 04 20 23 26 52.568     163.6
294
 2013 04 20 23 26 33.101     2013 04 20 23 26 47.365      14.3
295
 2013 04 20 11 39 33.504     2013 04 20 11 42 37.009     183.5
296
 2013 04 20 15 02 38.621     2013 04 20 15 05 38.254     179.6
 2013 04 20 19 58  7.122     2013 04 20 20 01 12.053     184.9
297
 2013 04 20 20 06 26.870     2013 04 20 20 09 55.100     208.2
298
 2013 04 20 11 47 45.655     2013 04 20 11 51 28.684     223.0
 2013 04 20 20 05 12.034     2013 04 20 20 08  1.082     169.0
299
 2013 04 20 13 28 22.559     2013 04 20 13 31  9.611     167.1
 2013 04 20 18 23 34.340     2013 04 20 18 26 22.557     168.2
300
 2013 04 20 15 01 23.249     2013 04 20 15 04 16.396     173.1
 2013 04 20 21 35 34.868     2013 04 20 21 38 39.778     184.9
301
 2013 04 20 11 44  1.175     2013 04 20 11 46 36.471     155.3
 2013 04 20 21 42 58.777     2013 04 20 21 46 14.728     196.0
302
 2013 04 20 23 15 53.926     2013 04 20 23 18 29.079     155.2
303
 2013 04 20 10 02 21.744     2013 04 20 10 04 56.080     154.3
 2013 04 20 21 49 59.779     2013 04 20 21 52 51.668     171.9
304
 2013 04 20 13 15  1.544     2013 04 20 13 17 49.524     168.0
305
 2013 04 20 11 40 23.380     2013 04 20 11 43 49.961     206.6
 2013 04 20 21 48 11.435     2013 04 20 21 49   .241      48.8
306
 2013 04 20 13 18 21.423     2013 04 20 13 21 40.053     198.6
 2013 04 20 23 16 48.763     2013 04 20 23 19 47.222     178.5
307
 2013 04 20 11 49 36.782     2013 04 20 11 53 29.024     232.2
 2013 04 20 18 30 21.009     2013 04 20 18 30 33.076      12.1
308
 2013 04 20 13 28 14.803     2013 04 20 13 31 52.922     218.1
 2013 04 20 18 24 18.803     2013 04 20 18 27  9.357     170.6
309
 2013 04 20 13 21 49.356     2013 04 20 13 24 47.550     178.2
 2013 04 20 21 39 24.241     2013 04 20 21 42 10.797     166.6
310
 2013 04 20 11 41  6.298     2013 04 20 11 44 52.338     226.0
 2013 04 20 21 45 25.532     2013 04 20 21 48 15.541     170.0
311
 2013 04 20 13 27 10.332     2013 04 20 13 28  3.213      52.9
 2013 04 20 18 23 31.065     2013 04 20 18 23 33.988       2.9
312
 2013 04 20 15 02 32.392     2013 04 20 15 05 20.198     167.8
 2013 04 20 19 57 47.148     2013 04 20 20 00 58.472     191.3
313
 2013 04 20 13 18  1.245     2013 04 20 13 20 46.452     165.2
 2013 04 20 23 17 41.535     2013 04 20 23 20 22.690     161.2
314
 2013 04 20 23 22 12.201     2013 04 20 23 25  8.916     176.7
315
 2013 04 20 21 41 47.078     2013 04 20 21 44 35.150     168.1
316
 2013 04 20 13 24 48.254     2013 04 20 13 27 55.836     187.6
 2013 04 20 19 59 18.538     2013 04 20 20 02 42.202     203.7
317
 2013 04 20 15 02 40.072     2013 04 20 15 05 25.116     165.0
 2013 04 20 19 57 50.972     2013 04 20 20 00 53.333     182.4
318
 2013 04 20 23 23 10.427     2013 04 20 23 25 56.493     166.1
319
 2013 04 20 23 14 14.541     2013 04 20 23 14 27.875      13.3
320
 2013 04 20 23 15 51.130     2013 04 20 23 18 33.829     162.7
321
 2013 04 20 10 02 46.043     2013 04 20 10 05 38.012     172.0
 2013 04 20 21 49  9.909     2013 04 20 21 52 16.301     186.4
322
 2013 04 20 13 18 32.429     2013 04 20 13 21 17.803     165.4
 2013 04 20 23 17 15.931     2013 04 20 23 20 22.874     186.9
323
 2013 04 20 20 06 25.541     2013 04 20 20 09   .806     155.3
324
 2013 04 20 13 14 18.589     2013 04 20 13 17 53.412     214.8
325
 2013 04 20 11 51  6.730     2013 04 20 11 53 45.201     158.5
 2013 04 20 18 26  1.815     2013 04 20 18 28 50.330     168.5
326
 2013 04 20 13 18 11.027     2013 04 20 13 18 57.777      46.8
327
 2013 04 20 11 51 53.618     2013 04 20 11 55  1.319     187.7
 2013 04 20 18 26 45.903     2013 04 20 18 29 35.254     169.4
328
 2013 04 20 11 41  6.039     2013 04 20 11 44  1.814     175.8
 2013 04 20 21 44 37.093     2013 04 20 21 48 14.696     217.6
329
 2013 04 20 15 01 46.948     2013 04 20 15 04 41.442     174.5
 2013 04 20 21 35 23.099     2013 04 20 21 39   .909     217.8
330
 2013 04 20 15 00 27.779     2013 04 20 15 03 24.157     176.4
 2013 04 20 21 35 44.646     2013 04 20 21 38 23.088     158.4
331
 2013 04 20 13 18 38.245     2013 04 20 13 21 38.520     180.3
 2013 04 20 23 17 46.898     2013 04 20 23 18 12.013      25.1
332
 2013 04 20 23 22  3.516     2013 04 20 23 25 36.299     212.8
333
 2013 04 20 20 11 33.036     2013 04 20 20 14  7.680     154.6
334
 2013 04 20 21 41  6.605     2013 04 20 21 43 50.014     163.4
335
336
 2013 04 20 13 19 51.549     2013 04 20 13 20 11.226      19.7
337
 2013 04 20 11 40 58.568     2013 04 20 11 43 35.752     157.2
338
 2013 04 20 13 22 25.376     2013 04 20 13 25  2.879     157.5
 2013 04 20 21 38 54.516     2013 04 20 21 41 31.375     156.9
339
 2013 04 20 15 02 28.222     2013 04 20 15 05 17.378     169.2
 2013 04 20 19 57 44.537     2013 04 20 20 01  1.022     196.5
340
 2013 04 20 15 02  9.409     2013 04 20 15 05 10.999     181.6
 2013 04 20 19 57 37.596     2013 04 20 20 01 19.578     222.0
341
 2013 04 20 11 43 16.178     2013 04 20 11 45 54.285     158.1
 2013 04 20 21 43 26.194     2013 04 20 21 46  3.309     157.1
342
343
 2013 04 20 23 22 45.394     2013 04 20 23 26 22.388     217.0
344
 2013 04 20 11 49 52.845     2013 04 20 11 52 29.796     157.0
345
 2013 04 20 11 41 14.811     2013 04 20 11 44 38.983     204.2
 2013 04 20 21 45  8.881     2013 04 20 21 48  6.992     178.1
346
 2013 04 20 13 16 43.864     2013 04 20 13 19 58.182     194.3
 2013 04 20 23 17 29.776     2013 04 20 23 20 32.742     183.0
347
 2013 04 20 10 07  9.513     2013 04 20 10 10 23.678     194.2
 2013 04 20 20 08 16.378     2013 04 20 20 11 50.250     213.9
348
 2013 04 20 14 58 42.839     2013 04 20 15 02   .130     197.3
349
 2013 04 20 11 51 13.808     2013 04 20 11 54 15.739     181.9
 2013 04 20 18 25 19.565     2013 04 20 18 27 57.024     157.5
350
 2013 04 20 11 48 50.845     2013 04 20 11 51 28.595     157.7
 2013 04 20 20 03 36.076     2013 04 20 20 06 43.022     186.9
351
 2013 04 20 10 04 30.702     2013 04 20 10 04 31.435        .7
352
 2013 04 20 13 26 46.437     2013 04 20 13 29 49.072     182.6
 2013 04 20 20 01  9.558     2013 04 20 20 04 15.616     186.1
353
 2013 04 20 10 06 48.264     2013 04 20 10 07 41.259      53.0
 2013 04 20 20 10 56.687     2013 04 20 20 13 32.246     155.6
354
 2013 04 20 23 21 44.378     2013 04 20 23 24 36.767     172.4
355
 2013 04 20 13 23 27.752     2013 04 20 13 26  5.766     158.0
 2013 04 20 21 38 25.062     2013 04 20 21 41 39.666     194.6
356
357
 2013 04 20 11 45 53.938     2013 04 20 11 49 25.876     211.9
358
 2013 04 20 13 19  9.606     2013 04 20 13 19 10.282        .7
359
 2013 04 20 11 40 34.211     2013 04 20 11 41 44.208      70.0
 2013 04 20 23 22 12.481     2013 04 20 23 25 57.265     224.8
360
 2013 04 20 15 03 24.189     2013 04 20 15 06 39.805     195.6
 2013 04 20 19 58 56.583     2013 04 20 20 01 34.236     157.7
361
 2013 04 20 11 44 59.902     2013 04 20 11 47 37.442     157.5
362
 2013 04 20 13 23 22.677     2013 04 20 13 26  1.549     158.9
 2013 04 20 21 38  8.568     2013 04 20 21 41 12.653     184.1
363
 2013 04 20 11 44  7.810     2013 04 20 11 47 45.033     217.2
 2013 04 20 21 41 36.797     2013 04 20 21 45  2.064     205.3
364
 2013 04 20 13 22 45.606     2013 04 20 13 25 30.382     164.8
 2013 04 20 21 39  2.662     2013 04 20 21 41 43.532     160.9
365
 2013 04 20 11 51 58.731     2013 04 20 11 54 41.926     163.2
 2013 04 20 18 26 19.954     2013 04 20 18 29  6.488     166.5
366
 2013 04 20 21 41 38.143     2013 04 20 21 45 18.773     220.6
367
368
 2013 04 20 10 03 35.101     2013 04 20 10 06 55.833     200.7
369
 2013 04 20 23 20 51.928     2013 04 20 23 21 33.299      41.4
370
 2013 04 20 13 22  9.387     2013 04 20 13 22 22.796      13.4
 2013 04 20 21 39 59.553     2013 04 20 21 42 55.163     175.6
371
 2013 04 20 21 40 17.716     2013 04 20 21 44   .831     223.1
372
 2013 04 20 20 06 26.996     2013 04 20 20 09  6.601     159.6
373
 2013 04 20 23 18 52.596     2013 04 20 23 19 36.517      43.9
374
375
 2013 04 20 15 01  3.981     2013 04 20 15 04 55.782     231.8
 2013 04 20 21 36 16.975     2013 04 20 21 39 27.162     190.2
376
 2013 04 20 11 49 12.362     2013 04 20 11 51 51.562     159.2
 2013 04 20 20 03 36.457     2013 04 20 20 07 19.344     222.9
377
 2013 04 20 11 37 40.026     2013 04 20 11 40 33.851     173.8
378
 2013 04 20 13 20 13.769     2013 04 20 13 23 31.497     197.7
379
 2013 04 20 10 06 26.430     2013 04 20 10 09   .613     154.2
380
 2013 04 20 13 28  8.387     2013 04 20 13 28 15.711       7.3
 2013 04 20 15 02  5.500     2013 04 20 15 03  7.219      61.7
 2013 04 20 19 58 28.825     2013 04 20 20 02  2.744     213.9
381
 2013 04 20 10 02 44.288     2013 04 20 10 05 51.386     187.1
382
 2013 04 20 11 41 48.178     2013 04 20 11 45 10.294     202.1
 2013 04 20 21 42 45.418     2013 04 20 21 46 11.724     206.3
383
 2013 04 20 11 48 32.776     2013 04 20 11 51 22.917     170.1
 2013 04 20 20 03 24.683     2013 04 20 20 06 15.551     170.9
384
 2013 04 20 11 51 10.288     2013 04 20 11 55   .152     229.9
 2013 04 20 13 29 12.841     2013 04 20 13 32 46.463     213.6
 2013 04 20 18 24 44.364     2013 04 20 18 27 29.465     165.1
385
 2013 04 20 20 11 58.489     2013 04 20 20 15 36.861     218.4
386
387
 2013 04 20 13 18 16.044     2013 04 20 13 20 54.196     158.2
 2013 04 20 23 18  4.181     2013 04 20 23 21 10.187     186.0
388
 2013 04 20 11 39 53.980     2013 04 20 11 42 54.697     180.7
389
 2013 04 20 10 04 15.024     2013 04 20 10 07 49.691     214.7
390
 2013 04 20 13 20 15.672     2013 04 20 13 22 54.417     158.7
391
392
 2013 04 20 10 03 27.052     2013 04 20 10 06 10.027     163.0
393
 2013 04 20 13 15 12.375     2013 04 20 13 17 46.501     154.1
394
 2013 04 20 11 46 57.403     2013 04 20 11 50 20.735     203.3
 2013 04 20 20 05 10.583     2013 04 20 20 07 57.990     167.4
395
 2013 04 20 11 45 14.665     2013 04 20 11 48 27.997     193.3
396
 2013 04 20 11 41 18.025     2013 04 20 11 44  2.199     164.2
 2013 04 20 21 44 22.169     2013 04 20 21 47 59.798     217.6
397
 2013 04 20 14 59 32.861     2013 04 20 15 00  3.538      30.7
 2013 04 20 21 36 22.859     2013 04 20 21 39 17.660     174.8
398
 2013 04 20 15 01 10.870     2013 04 20 15 03 49.744     158.9
 2013 04 20 21 34 57.542     2013 04 20 21 37 48.287     170.7
399
 2013 04 20 10 09 24.700     2013 04 20 10 12  1.099     156.4
 2013 04 20 20 08 36.386     2013 04 20 20 11 58.473     202.1
400
 2013 04 20 11 38 14.770     2013 04 20 11 41  5.890     171.1
401
 2013 04 20 11 50 46.267     2013 04 20 11 54 29.411     223.1
 2013 04 20 18 27  6.427     2013 04 20 18 29 51.533     165.1
402
 2013 04 20 13 18 48.728     2013 04 20 13 21 43.505     174.8
 2013 04 20 23 16 47.884     2013 04 20 23 20 13.808     205.9
403
 2013 04 20 11 47 34.018     2013 04 20 11 48  6.819      32.8
 2013 04 20 21 41 17.308     2013 04 20 21 44 42.615     205.3
404
405
 2013 04 20 20 06 59.035     2013 04 20 20 10  6.177     187.1
406
 2013 04 20 10 11 22.630     2013 04 20 10 14 36.487     193.9
407
 2013 04 20 15 00 55.197     2013 04 20 15 04 39.057     223.9
 2013 04 20 21 36 17.276     2013 04 20 21 39 13.800     176.5
408
 2013 04 20 13 25  3.552     2013 04 20 13 27 41.526     158.0
 2013 04 20 20 00  7.781     2013 04 20 20 03 41.106     213.3
409
 2013 04 20 21 36 43.153     2013 04 20 21 39 22.744     159.6
410
 2013 04 20 13 25 43.315     2013 04 20 13 29  8.774     205.5
 2013 04 20 15 03 23.535     2013 04 20 15 03 56.234      32.7
 2013 04 20 19 59 36.049     2013 04 20 20 02 14.271     158.2
411
 2013 04 20 15 03 31.812     2013 04 20 15 06 47.958     196.1
 2013 04 20 19 59   .245     2013 04 20 20 01 38.451     158.2
412
 2013 04 20 23 25 33.857     2013 04 20 23 26 23.902      50.0
413
 2013 04 20 20 06 15.405     2013 04 20 20 09 19.488     184.1
414
 2013 04 20 11 41 44.651     2013 04 20 11 44 32.681     168.0
 2013 04 20 21 43 17.355     2013 04 20 21 46 52.713     215.4
415
 2013 04 20 11 46 21.980     2013 04 20 11 49  5.453     163.5
416
 2013 04 20 10 07  1.497     2013 04 20 10 10 33.876     212.4
 2013 04 20 20 10 39.410     2013 04 20 20 13 17.920     158.5
417
 2013 04 20 11 42 19.756     2013 04 20 11 42 20.868       1.1
 2013 04 20 23 21 35.480     2013 04 20 23 21 49.298      13.8
418
 2013 04 20 13 19  1.128     2013 04 20 13 22 27.834     206.7
419
 2013 04 20 13 21   .602     2013 04 20 13 24   .650     180.0
 2013 04 20 21 41 18.460     2013 04 20 21 41 40.170      21.7
420
 2013 04 20 13 12 18.887     2013 04 20 13 16  3.734     224.8
421
 2013 04 20 20 07 19.650     2013 04 20 20 09 55.606     156.0
422
 2013 04 20 10 08 13.625     2013 04 20 10 11  7.670     174.0
 2013 04 20 20 09 49.152     2013 04 20 20 12 27.428     158.3
423
 2013 04 20 11 37 12.890     2013 04 20 11 40 35.361     202.5
 2013 04 20 23 23 20.585     2013 04 20 23 26 19.941     179.4
424
 2013 04 20 10 04 38.794     2013 04 20 10 08  5.448     206.7
425
426
 2013 04 20 13 18   .191     2013 04 20 13 20 35.383     155.2
 2013 04 20 23 18 11.906     2013 04 20 23 20 58.435     166.5
427
 2013 04 20 23 20 45.259     2013 04 20 23 21 18.987      33.7
428
 2013 04 20 11 42 41.892     2013 04 20 11 45 42.135     180.2
 2013 04 20 21 44 30.102     2013 04 20 21 47  8.322     158.2
429
 2013 04 20 13 21 17.413     2013 04 20 13 21 54.828      37.4
 2013 04 20 23 16 32.293     2013 04 20 23 19 14.774     162.5
430
 2013 04 20 23 19 12.532     2013 04 20 23 22 51.139     218.6
431
 2013 04 20 11 41 10.520     2013 04 20 11 43 45.484     155.0
432
 2013 04 20 11 43  4.282     2013 04 20 11 46 18.104     193.8
 2013 04 20 21 44 15.859     2013 04 20 21 47 19.904     184.0
433
 2013 04 20 10 04 56.156     2013 04 20 10 08 15.095     198.9
434
 2013 04 20 20 02 10.161     2013 04 20 20 04 51.112     161.0
435
 2013 04 20 13 21 48.357     2013 04 20 13 24 27.453     159.1
 2013 04 20 21 38 22.288     2013 04 20 21 41 29.275     187.0
436
 2013 04 20 10 03 13.303     2013 04 20 10 06 24.294     191.0
437
 2013 04 20 13 14 51.787     2013 04 20 13 18  7.046     195.3
438
 2013 04 20 11 50 19.201     2013 04 20 11 53 52.919     213.7
 2013 04 20 18 26 40.393     2013 04 20 18 29 58.043     197.6
439
 2013 04 20 11 48 54.145     2013 04 20 11 51 40.493     166.3
 2013 04 20 20 03 15.288     2013 04 20 20 06 27.753     192.5
440
 2013 04 20 11 49 20.554     2013 04 20 11 52 24.446     183.9
441
 2013 04 20 20 02 26.373     2013 04 20 20 05 23.804     177.4
442
443
 2013 04 20 21 40 59.238     2013 04 20 21 43 34.520     155.3
444
 2013 04 20 10 04 39.626     2013 04 20 10 07 13.907     154.3
445
 2013 04 20 11 50 21.595     2013 04 20 11 53 18.329     176.7
 2013 04 20 18 24 54.901     2013 04 20 18 28 17.291     202.4
446
 2013 04 20 15 01  9.869     2013 04 20 15 03 50.465     160.6
 2013 04 20 21 34 52.639     2013 04 20 21 37 43.802     171.2
447
 2013 04 20 10 05 31.760     2013 04 20 10 08  5.709     153.9
448
 2013 04 20 21 40 43.978     2013 04 20 21 43 43.895     179.9
449
 2013 04 20 15 02 35.972     2013 04 20 15 05 59.151     203.2
 2013 04 20 19 58 27.693     2013 04 20 20 01 32.746     185.1
450
 2013 04 20 10 08 24.993     2013 04 20 10 12   .184     215.2
 2013 04 20 20 09 46.713     2013 04 20 20 13  4.667     198.0
451
 2013 04 20 11 51  5.967     2013 04 20 11 54 31.081     205.1
 2013 04 20 13 28 45.195     2013 04 20 13 29  8.776      23.6
 2013 04 20 18 25  1.949     2013 04 20 18 27 39.623     157.7
452
 2013 04 20 13 27  9.953     2013 04 20 13 29 47.625     157.7
 2013 04 20 18 21 57.176     2013 04 20 18 22  2.180       5.0
 2013 04 20 20 00 16.467     2013 04 20 20 03 44.536     208.1
453
 2013 04 20 15 00 27.526     2013 04 20 15 03  4.772     157.2
 2013 04 20 21 35  7.401     2013 04 20 21 37 48.026     160.6
454
 2013 04 20 13 23 16.280     2013 04 20 13 25 52.964     156.7
 2013 04 20 21 38 21.645     2013 04 20 21 41 19.368     177.7
455
 2013 04 20 13 22 44.837     2013 04 20 13 25 30.816     166.0
 2013 04 20 21 39  4.337     2013 04 20 21 41 45.276     160.9
456
 2013 04 20 13 20  6.910     2013 04 20 13 22 43.913     157.0
457
 2013 04 20 13 26 54.304     2013 04 20 13 29 33.560     159.3
 2013 04 20 20 00 15.344     2013 04 20 20 03 24.958     189.6
458
459
460
 2013 04 20 15 00 34.693     2013 04 20 15 02 19.519     104.8
 2013 04 20 21 36 28.635     2013 04 20 21 39 12.270     163.6
461
 2013 04 20 11 39 49.666     2013 04 20 11 39 56.392       6.7
 2013 04 20 23 23 31.968     2013 04 20 23 26 14.123     162.2
462
 2013 04 20 13 23  3.236     2013 04 20 13 23 14.838      11.6
 2013 04 20 23 15 15.812     2013 04 20 23 15 49.421      33.6
463
 2013 04 20 13 23 42.145     2013 04 20 13 27 11.688     209.5
464
 2013 04 20 23 19 32.931     2013 04 20 23 23  6.238     213.3
465
 2013 04 20 15 01 47.076     2013 04 20 15 04 31.086     164.0
 2013 04 20 19 56 29.593     2013 04 20 20 00 12.284     222.7
 2013 04 20 21 34 26.841     2013 04 20 21 38  7.544     220.7
466
 2013 04 20 11 39 15.658     2013 04 20 11 41 30.230     134.6
467
 2013 04 20 10 07  6.739     2013 04 20 10 09 49.455     162.7
 2013 04 20 20 08 50.095     2013 04 20 20 12 29.807     219.7
468
469
470
 2013 04 20 21 40 23.782     2013 04 20 21 43 13.865     170.1
471
 2013 04 20 21 40 23.728     2013 04 20 21 43 24.790     181.1
472
 2013 04 20 13 23 37.039     2013 04 20 13 27 23.645     226.6
 2013 04 20 21 36 32.189     2013 04 20 21 37 56.832      84.6
473
 2013 04 20 21 46 55.990     2013 04 20 21 50 13.612     197.6
474
 2013 04 20 13 26 53.371     2013 04 20 13 28  6.637      73.3
 2013 04 20 20 01 31.589     2013 04 20 20 05 20.159     228.6
475
 2013 04 20 11 50 43.125     2013 04 20 11 53 33.881     170.8
 2013 04 20 18 26 10.351     2013 04 20 18 29 19.443     189.1
476
 2013 04 20 11 47 14.552     2013 04 20 11 49 59.078     164.5
 2013 04 20 20 03 38.720     2013 04 20 20 06 44.114     185.4
477
 2013 04 20 11 47 57.480     2013 04 20 11 51 22.432     205.0
 2013 04 20 20 03  4.621     2013 04 20 20 05 42.268     157.6
478
 2013 04 20 13 27  8.702     2013 04 20 13 27 59.006      50.3
 2013 04 20 18 27  7.184     2013 04 20 18 27 36.648      29.5
479
 2013 04 20 10 07 55.365     2013 04 20 10 10 41.499     166.1
 2013 04 20 20 08 51.780     2013 04 20 20 11 38.906     167.1
480
481
 2013 04 20 13 26  5.958     2013 04 20 13 28 45.073     159.1
 2013 04 20 20 00 46.510     2013 04 20 20 03 23.753     157.2
482
 2013 04 20 20 05  7.714     2013 04 20 20 05 39.189      31.5
483
 2013 04 20 21 46 18.662     2013 04 20 21 49  2.205     163.5
484
 2013 04 20 13 18 15.591     2013 04 20 13 20 57.652     162.1
 2013 04 20 23 17 35.633     2013 04 20 23 20 26.962     171.3
485
 2013 04 20 23 20 31.509     2013 04 20 23 23 58.052     206.5
486
 2013 04 20 11 54 20.925     2013 04 20 11 54 33.893      13.0
 2013 04 20 13 28 34.332     2013 04 20 13 32  8.156     213.8
 2013 04 20 18 24 29.509     2013 04 20 18 27  9.472     160.0
487
 2013 04 20 13 23 57.350     2013 04 20 13 26 36.906     159.6
 2013 04 20 21 38   .770     2013 04 20 21 38 53.391      52.6
488
 2013 04 20 11 40 16.327     2013 04 20 11 43 11.721     175.4
489
 2013 04 20 11 44 48.695     2013 04 20 11 44 53.253       4.6
490
 2013 04 20 13 23 51.831     2013 04 20 13 26 47.876     176.0
 2013 04 20 21 37 14.859     2013 04 20 21 41  4.725     229.9
491
 2013 04 20 21 41 22.618     2013 04 20 21 44 30.325     187.7
492
 2013 04 20 11 48 17.590     2013 04 20 11 51  6.943     169.4
 2013 04 20 20 03 33.519     2013 04 20 20 06 13.959     160.4
493
 2013 04 20 15 01 56.227     2013 04 20 15 04 38.734     162.5
 2013 04 20 19 56 58.825     2013 04 20 19 57 39.171      40.3
 2013 04 20 21 35  3.519     2013 04 20 21 38 49.672     226.2
494
 2013 04 20 11 48 37.646     2013 04 20 11 51 59.477     201.8
 2013 04 20 20 02 45.387     2013 04 20 20 05 52.310     186.9
495
 2013 04 20 11 37 56.995     2013 04 20 11 40 31.528     154.5
496
 2013 04 20 11 50 15.311     2013 04 20 11 53 48.317     213.0
 2013 04 20 18 26 36.522     2013 04 20 18 29 59.989     203.5
497
 2013 04 20 13 20 14.147     2013 04 20 13 23 19.405     185.3
498
 2013 04 20 21 45 34.401     2013 04 20 21 48 52.288     197.9
499
 2013 04 20 23 15 59.140     2013 04 20 23 18 40.101     161.0
500
 2013 04 20 21 47 28.174     2013 04 20 21 50  5.360     157.2
501
 2013 04 20 11 39   .878     2013 04 20 11 42 39.377     218.5
502
 2013 04 20 21 46 58.729     2013 04 20 21 47 33.106      34.4
503
 2013 04 20 21 36 46.994     2013 04 20 21 39 35.800     168.8
504
 2013 04 20 18 27 19.905     2013 04 20 18 30 34.602     194.7
505
 2013 04 20 11 41 33.888     2013 04 20 11 42 11.894      38.0
 2013 04 20 23 21 42.020     2013 04 20 23 21 47.255       5.2
506
 2013 04 20 11 36 51.956     2013 04 20 11 39 33.896     161.9
 2013 04 20 23 24 22.627     2013 04 20 23 27  7.205     164.6
507
 2013 04 20 10 05 18.855     2013 04 20 10 07 53.156     154.3
508
 2013 04 20 23 21 58.616     2013 04 20 23 24 35.390     156.8
509
 2013 04 20 13 21  6.349     2013 04 20 13 24 36.637     210.3
 2013 04 20 21 39 43.278     2013 04 20 21 42 51.540     188.3
510
 2013 04 20 13 16 30.653     2013 04 20 13 17  6.245      35.6
 2013 04 20 23 19 50.021     2013 04 20 23 22 31.356     161.3
511
 2013 04 20 21 46 40.834     2013 04 20 21 49 25.439     164.6
512
 2013 04 20 11 50 31.804     2013 04 20 11 50 59.520      27.7
 2013 04 20 18 27 19.375     2013 04 20 18 30  7.224     167.8
513
 2013 04 20 15 01 13.794     2013 04 20 15 04 50.735     216.9
 2013 04 20 21 36  5.883     2013 04 20 21 39 20.626     194.7
514
 2013 04 20 11 36 20.054     2013 04 20 11 39 33.286     193.2
 2013 04 20 23 24  8.329     2013 04 20 23 26 41.542     153.2
515
 2013 04 20 11 46 54.731     2013 04 20 11 47 55.468      60.7
 2013 04 20 21 41 28.066     2013 04 20 21 44 46.108     198.0
516
 2013 04 20 13 24 27.285     2013 04 20 13 27 29.995     182.7
 2013 04 20 19 59   .779     2013 04 20 19 59 14.820      14.0
517
 2013 04 20 11 49 43.954     2013 04 20 11 52 32.674     168.7
518
 2013 04 20 13 20 44.451     2013 04 20 13 23 24.346     159.9
519
 2013 04 20 10 04 59.284     2013 04 20 10 07 34.166     154.9
520
 2013 04 20 11 41  2.572     2013 04 20 11 44 37.033     214.5
521
 2013 04 20 23 22 27.975     2013 04 20 23 22 36.835       8.9
522
523
 2013 04 20 21 41 42.538     2013 04 20 21 42 40.679      58.1
524
 2013 04 20 11 38 38.370     2013 04 20 11 41 12.129     153.8
525
 2013 04 20 21 37  5.246     2013 04 20 21 39 41.844     156.6
526
 2013 04 20 14 58 46.556     2013 04 20 14 59 31.177      44.6
 2013 04 20 21 38 51.356     2013 04 20 21 39 43.488      52.1
527
 2013 04 20 10 09 39.831     2013 04 20 10 12 36.030     176.2
528
 2013 04 20 11 47 17.016     2013 04 20 11 49 59.834     162.8
 2013 04 20 20 04 29.174     2013 04 20 20 07 23.664     174.5
529
 2013 04 20 10 04 49.086     2013 04 20 10 05 48.212      59.1
 2013 04 20 21 48 53.559     2013 04 20 21 51 27.803     154.2
530
 2013 04 20 11 48 31.695     2013 04 20 11 51 35.094     183.4
 2013 04 20 20 03  9.126     2013 04 20 20 06  2.855     173.7
531
 2013 04 20 13 27  7.939     2013 04 20 13 29 48.451     160.5
 2013 04 20 18 21 50.866     2013 04 20 18 22 47.359      56.5
 2013 04 20 20 00  4.157     2013 04 20 20 03 33.546     209.4
532
 2013 04 20 11 50 53.447     2013 04 20 11 51 48.497      55.0
 2013 04 20 20 02 39.800     2013 04 20 20 05 18.987     159.2
533
 2013 04 20 20 06  4.837     2013 04 20 20 08 44.864     160.0
534
 2013 04 20 11 42 31.097     2013 04 20 11 45 53.184     202.1
 2013 04 20 21 42 49.343     2013 04 20 21 45 33.326     164.0
535
 2013 04 20 11 43 25.700     2013 04 20 11 46 10.478     164.8
 2013 04 20 21 43 49.602     2013 04 20 21 46 47.884     178.3
536
537
 2013 04 20 11 38  5.461     2013 04 20 11 41 26.118     200.7
538
 2013 04 20 13 25 36.984     2013 04 20 13 28 15.947     159.0
 2013 04 20 20 00 15.268     2013 04 20 20 03  4.893     169.6
539
 2013 04 20 10 02 32.525     2013 04 20 10 02 40.772       8.2
540
 2013 04 20 21 45 42.570     2013 04 20 21 49  3.655     201.1
541
542
 2013 04 20 13 17 11.253     2013 04 20 13 20  9.039     177.8
 2013 04 20 23 17 45.551     2013 04 20 23 20 27.787     162.2
543
 2013 04 20 14 57 32.179     2013 04 20 15 01  2.302     210.1
 2013 04 20 23 13 49.816     2013 04 20 23 17 12.402     202.6
544
 2013 04 20 11 39 10.535     2013 04 20 11 41 44.617     154.1
545
 2013 04 20 13 26 28.863     2013 04 20 13 29 27.593     178.7
 2013 04 20 19 59 52.420     2013 04 20 20 02 48.676     176.3
546
 2013 04 20 21 40 30.127     2013 04 20 21 43 18.174     168.0
547
 2013 04 20 13 19 32.330     2013 04 20 13 21 13.132     100.8
548
 2013 04 20 13 16 54.718     2013 04 20 13 19 34.402     159.7
 2013 04 20 23 18 11.228     2013 04 20 23 21  4.560     173.3
549
 2013 04 20 11 49 37.241     2013 04 20 11 52 18.002     160.8
 2013 04 20 20 02 46.004     2013 04 20 20 02 46.951        .9
550
 2013 04 20 15 03 24.959     2013 04 20 15 06 28.117     183.2
 2013 04 20 19 58 45.178     2013 04 20 20 01 22.891     157.7
551
 2013 04 20 13 26 57.018     2013 04 20 13 30 44.601     227.6
 2013 04 20 20 01 25.512     2013 04 20 20 05 12.292     226.8
552
 2013 04 20 13 23 41.849     2013 04 20 13 26 45.481     183.6
 2013 04 20 21 37 14.579     2013 04 20 21 40 52.931     218.4
553
554
 2013 04 20 13 18 14.574     2013 04 20 13 21 10.341     175.8
 2013 04 20 23 18 12.930     2013 04 20 23 21 40.306     207.4
555
556
 2013 04 20 20 11 42.745     2013 04 20 20 14 43.684     180.9
557
 2013 04 20 23 21 32.258     2013 04 20 23 24  9.551     157.3
558
 2013 04 20 14 59 39.282     2013 04 20 15 02 35.396     176.1
 2013 04 20 21 35 16.351     2013 04 20 21 38 39.283     202.9
559
560
 2013 04 20 13 25 47.304     2013 04 20 13 28 24.782     157.5
 2013 04 20 20 00 34.014     2013 04 20 20 03 17.989     164.0
561
 2013 04 20 11 50 30.411     2013 04 20 11 54   .067     209.7
 2013 04 20 18 26 44.849     2013 04 20 18 29 50.427     185.6
562
 2013 04 20 11 48 56.932     2013 04 20 11 51 37.258     160.3
 2013 04 20 20 03 52.213     2013 04 20 20 07 14.280     202.1
563
 2013 04 20 13 24  5.072     2013 04 20 13 27 28.522     203.4
564
 2013 04 20 21 36 55.457     2013 04 20 21 39 37.467     162.0
565
 2013 04 20 10 07 43.186     2013 04 20 10 10 46.871     183.7
 2013 04 20 20 10 10.138     2013 04 20 20 12 44.338     154.2
566
 2013 04 20 20 06 26.972     2013 04 20 20 09  4.240     157.3
567
568
 2013 04 20 10 06 29.844     2013 04 20 10 09  4.030     154.2
569
 2013 04 20 11 36 44.357     2013 04 20 11 40  3.198     198.8
 2013 04 20 23 23 48.191     2013 04 20 23 26 27.211     159.0
570
571
 2013 04 20 13 21 51.291     2013 04 20 13 24 53.060     181.8
 2013 04 20 21 39 28.311     2013 04 20 21 42 11.828     163.5
572
 2013 04 20 15 00 15.356     2013 04 20 15 02 53.049     157.7
 2013 04 20 21 35  6.883     2013 04 20 21 37 55.350     168.5
573
 2013 04 20 13 26  3.537     2013 04 20 13 29  6.961     183.4
 2013 04 20 19 59 53.116     2013 04 20 20 02 33.428     160.3
574
 2013 04 20 10 08 16.180     2013 04 20 10 11  7.976     171.8
 2013 04 20 20 09 46.281     2013 04 20 20 12 24.721     158.4
575
 2013 04 20 13 25 42.696     2013 04 20 13 29 21.146     218.5
 2013 04 20 15 03 34.945     2013 04 20 15 07 23.591     228.6
 2013 04 20 19 59 27.023     2013 04 20 20 02  7.512     160.5
576
577
578
579
 2013 04 20 10 05 10.946     2013 04 20 10 07 45.155     154.2
580
 2013 04 20 11 46  8.514     2013 04 20 11 49 14.501     186.0
 2013 04 20 20 08  2.906     2013 04 20 20 08 35.057      32.2
581
 2013 04 20 11 48 46.252     2013 04 20 11 51 23.784     157.5
 2013 04 20 20 03 55.265     2013 04 20 20 07   .446     185.2
582
 2013 04 20 13 14 45.306     2013 04 20 13 17 47.751     182.4
583
 2013 04 20 13 27 41.494     2013 04 20 13 30 19.846     158.4
 2013 04 20 18 22 39.118     2013 04 20 18 26  4.825     205.7
584
 2013 04 20 13 25 32.468     2013 04 20 13 28 44.687     192.2
 2013 04 20 20 01 18.767     2013 04 20 20 04  4.656     165.9
585
 2013 04 20 13 20  1.553     2013 04 20 13 23 44.719     223.2
586
 2013 04 20 13 14  6.151     2013 04 20 13 16 57.889     171.7
587
 2013 04 20 11 42 45.400     2013 04 20 11 46  7.224     201.8
 2013 04 20 21 44 33.284     2013 04 20 21 47 25.771     172.5
588
 2013 04 20 13 27 15.332     2013 04 20 13 30 20.364     185.0
 2013 04 20 18 26 44.270     2013 04 20 18 26 55.163      10.9
 2013 04 20 20 00 54.644     2013 04 20 20 04 42.881     228.2
589
 2013 04 20 20 10 57.912     2013 04 20 20 13 45.763     167.9
590
 2013 04 20 11 44 39.089     2013 04 20 11 47 43.070     184.0
 2013 04 20 21 41 36.257     2013 04 20 21 42 22.125      45.9
591
592
 2013 04 20 23 15 31.929     2013 04 20 23 18 24.788     172.9
593
 2013 04 20 13 14  6.395     2013 04 20 13 17 40.708     214.3
594
 2013 04 20 13 16 23.420     2013 04 20 13 19 58.149     214.7
 2013 04 20 23 17 10.672     2013 04 20 23 20 32.744     202.1
595
 2013 04 20 20 12  2.898     2013 04 20 20 14 43.773     160.9
596
 2013 04 20 23 14 39.379     2013 04 20 23 18 27.180     227.8
597
 2013 04 20 13 20 44.311     2013 04 20 13 23 27.444     163.1
598
 2013 04 20 13 17 38.099     2013 04 20 13 21   .619     202.5
 2013 04 20 23 17 14.570     2013 04 20 23 19 49.484     154.9
599
 2013 04 20 11 50 51.188     2013 04 20 11 53 29.949     158.8
 2013 04 20 18 25 34.462     2013 04 20 18 28 35.307     180.8
600
 2013 04 20 21 46 34.126     2013 04 20 21 49  7.895     153.8
601
 2013 04 20 20 06 57.859     2013 04 20 20 09 38.848     161.0
602
603
 2013 04 20 11 45 18.691     2013 04 20 11 45 38.686      20.0
604
 2013 04 20 13 24 50.576     2013 04 20 13 25 20.349      29.8
 2013 04 20 15 02 49.098     2013 04 20 15 06 43.033     233.9
 2013 04 20 19 59  6.282     2013 04 20 20 01 54.488     168.2
605
 2013 04 20 13 16 45.246     2013 04 20 13 19 48.428     183.2
 2013 04 20 23 19 20.510     2013 04 20 23 21 55.623     155.1
606
 2013 04 20 13 15 30.710     2013 04 20 13 18 59.429     208.7
607
 2013 04 20 11 37 44.722     2013 04 20 11 40 18.294     153.6
 2013 04 20 23 23 48.163     2013 04 20 23 25 10.632      82.5
608
 2013 04 20 11 50 13.605     2013 04 20 11 53 18.725     185.1
 2013 04 20 18 26  4.358     2013 04 20 18 29 47.857     223.5
609
 2013 04 20 13 28  6.073     2013 04 20 13 31 43.455     217.4
 2013 04 20 18 24 10.478     2013 04 20 18 27  8.664     178.2
610
 2013 04 20 23 20 53.077     2013 04 20 23 24  7.496     194.4
611
 2013 04 20 11 48 21.323     2013 04 20 11 48 58.718      37.4
 2013 04 20 20 02 26.228     2013 04 20 20 05 28.875     182.6
612
 2013 04 20 13 17  7.795     2013 04 20 13 19 48.214     160.4
 2013 04 20 23 18  9.434     2013 04 20 23 20 53.117     163.7
613
 2013 04 20 11 37 31.621     2013 04 20 11 40  8.742     157.1
 2013 04 20 23 23 52.101     2013 04 20 23 27 16.536     204.4
614
 2013 04 20 13 14 14.626     2013 04 20 13 17 10.610     176.0
615
616
 2013 04 20 13 22 35.103     2013 04 20 13 22 40.687       5.6
 2013 04 20 23 15 53.072     2013 04 20 23 19  9.331     196.3
617
 2013 04 20 11 39 19.051     2013 04 20 11 42  7.429     168.4
618
619
 2013 04 20 11 50 16.416     2013 04 20 11 50 27.989      11.6
 2013 04 20 20 02 16.812     2013 04 20 20 05 58.738     221.9
620
 2013 04 20 23 15 19.015     2013 04 20 23 16 49.706      90.7
621
 2013 04 20 11 38 29.176     2013 04 20 11 41 10.487     161.3
622
 2013 04 20 13 26 18.854     2013 04 20 13 29 18.557     179.7
 2013 04 20 20 01 15.546     2013 04 20 20 03 56.832     161.3
623
 2013 04 20 11 41 14.135     2013 04 20 11 43 54.018     159.9
624
 2013 04 20 11 47 37.259     2013 04 20 11 50 17.378     160.1
 2013 04 20 20 04 27.411     2013 04 20 20 07  8.469     161.1
625
 2013 04 20 10 08 16.898     2013 04 20 10 11 34.984     198.1
 2013 04 20 20 08 14.763     2013 04 20 20 10 50.468     155.7
626
 2013 04 20 11 44 37.552     2013 04 20 11 47 29.003     171.5
627
 2013 04 20 13 19  4.858     2013 04 20 13 22 45.515     220.7
628
 2013 04 20 13 24 11.574     2013 04 20 13 26 57.808     166.2
629
 2013 04 20 11 50 12.679     2013 04 20 11 53 29.164     196.5
 2013 04 20 18 26 16.736     2013 04 20 18 29 54.410     217.7
630
631
 2013 04 20 13 26 22.655     2013 04 20 13 29  7.242     164.6
 2013 04 20 20 00 58.167     2013 04 20 20 03 38.783     160.6
632
 2013 04 20 21 46 14.512     2013 04 20 21 49 12.324     177.8
633
 2013 04 20 10 06 50.185     2013 04 20 10 07 36.460      46.3
 2013 04 20 20 10 56.870     2013 04 20 20 13 31.669     154.8
634
 2013 04 20 13 12 29.146     2013 04 20 13 16  1.400     212.3
635
 2013 04 20 10 06 25.624     2013 04 20 10 09 17.479     171.9
636
 2013 04 20 10 09 22.752     2013 04 20 10 09 50.790      28.0
 2013 04 20 20 07   .282     2013 04 20 20 10 15.984     195.7
637
 2013 04 20 11 38 48.710     2013 04 20 11 41 30.482     161.8
638
 2013 04 20 11 50 41.917     2013 04 20 11 53 53.528     191.6
 2013 04 20 18 25  2.180     2013 04 20 18 27 51.373     169.2
639
 2013 04 20 21 47  3.431     2013 04 20 21 50  9.605     186.2
640
 2013 04 20 11 48 58.072     2013 04 20 11 52 29.299     211.2
 2013 04 20 20 02 18.366     2013 04 20 20 05 57.438     219.1
641
 2013 04 20 11 39 51.141     2013 04 20 11 43  2.106     191.0
642
 2013 04 20 21 48  6.182     2013 04 20 21 51  2.417     176.2
643
644
 2013 04 20 13 27 16.351     2013 04 20 13 30 58.220     221.9
 2013 04 20 18 23 19.926     2013 04 20 18 23 37.932      18.0
 2013 04 20 20 01 10.136     2013 04 20 20 01 12.332       2.2
645
 2013 04 20 11 39 35.099     2013 04 20 11 42 43.216     188.1
646
 2013 04 20 11 46  1.576     2013 04 20 11 49  9.573     188.0
647
 2013 04 20 13 25 11.314     2013 04 20 13 27 53.228     161.9
 2013 04 20 20 00 25.002     2013 04 20 20 03 45.958     201.0
648
 2013 04 20 13 23 38.524     2013 04 20 13 26 15.910     157.4
 2013 04 20 21 38 13.913     2013 04 20 21 41 41.958     208.0
649
 2013 04 20 10 07 10.289     2013 04 20 10 09 46.373     156.1
 2013 04 20 20 09 34.034     2013 04 20 20 12 52.213     198.2
650
 2013 04 20 13 19 41.364     2013 04 20 13 22 20.731     159.4
651
 2013 04 20 21 47 45.895     2013 04 20 21 50 30.967     165.1
652
 2013 04 20 13 24 16.558     2013 04 20 13 27 36.760     200.2
 2013 04 20 19 58 46.726     2013 04 20 19 59  1.737      15.0
653
 2013 04 20 13 19 18.700     2013 04 20 13 23  2.982     224.3
654
 2013 04 20 11 53  2.703     2013 04 20 11 53 13.751      11.0
 2013 04 20 20 01 33.438     2013 04 20 20 01 52.132      18.7
655
 2013 04 20 11 47  3.673     2013 04 20 11 47 34.380      30.7
 2013 04 20 21 41 47.468     2013 04 20 21 44 38.411     170.9
656
 2013 04 20 10 08 40.589     2013 04 20 10 09 59.832      79.2
657
 2013 04 20 13 18 29.281     2013 04 20 13 21 32.497     183.2
 2013 04 20 23 17 57.097     2013 04 20 23 18 57.081      60.0
658
 2013 04 20 10 05 20.543     2013 04 20 10 08  2.264     161.7
659
 2013 04 20 13 20  1.698     2013 04 20 13 20  4.346       2.6
 2013 04 20 23 19 24.695     2013 04 20 23 20 32.067      67.4
660
 2013 04 20 10 03 18.224     2013 04 20 10 06  9.677     171.5
661
 2013 04 20 14 59  9.188     2013 04 20 15 01 48.425     159.2
662
663
664
 2013 04 20 21 45 37.732     2013 04 20 21 49  5.300     207.6
665
 2013 04 20 10 03 20.252     2013 04 20 10 07  1.815     221.6
666
 2013 04 20 13 19 47.031     2013 04 20 13 22 22.329     155.3
667
 2013 04 20 21 41 29.221     2013 04 20 21 44  8.615     159.4
668
 2013 04 20 13 17 13.540     2013 04 20 13 20  4.666     171.1
 2013 04 20 23 17 52.880     2013 04 20 23 20 33.956     161.1
669
 2013 04 20 13 22 17.582     2013 04 20 13 24 58.427     160.8
 2013 04 20 21 39  3.294     2013 04 20 21 41 41.411     158.1
670
 2013 04 20 14 59 34.357     2013 04 20 15 02 44.628     190.3
 2013 04 20 21 34   .987     2013 04 20 21 37  7.123     186.1
671
 2013 04 20 10 07 14.864     2013 04 20 10 10 57.773     222.9
 2013 04 20 20 07 56.483     2013 04 20 20 11 16.688     200.2
672
 2013 04 20 15 03 13.617     2013 04 20 15 06 31.126     197.5
 2013 04 20 19 58 52.662     2013 04 20 20 01 31.918     159.3
673
674
 2013 04 20 20 05 39.475     2013 04 20 20 09 12.605     213.1
675
 2013 04 20 21 46 46.615     2013 04 20 21 49 32.821     166.2
676
 2013 04 20 13 23 39.438     2013 04 20 13 23 50.391      11.0
677
 2013 04 20 13 20  1.591     2013 04 20 13 23 12.823     191.2
678
 2013 04 20 11 47 35.218     2013 04 20 11 50 33.479     178.3
 2013 04 20 20 03 29.391     2013 04 20 20 06 12.657     163.3
679
680
 2013 04 20 13 28 23.700     2013 04 20 13 31  9.589     165.9
 2013 04 20 18 23 33.604     2013 04 20 18 26 20.880     167.3
681
 2013 04 20 13 12 23.777     2013 04 20 13 15 49.472     205.7
682
 2013 04 20 11 49 26.740     2013 04 20 11 52  6.173     159.4
 2013 04 20 20 03 22.672     2013 04 20 20 03 52.027      29.4
683
 2013 04 20 10 11 51.288     2013 04 20 10 12  9.417      18.1
 2013 04 20 20 07 39.066     2013 04 20 20 10 16.730     157.7
684
 2013 04 20 13 15  9.753     2013 04 20 13 18 11.232     181.5
 2013 04 20 23 23 19.237     2013 04 20 23 23 23.748       4.5
685
 2013 04 20 13 28 12.177     2013 04 20 13 30 57.136     165.0
 2013 04 20 18 23 22.570     2013 04 20 18 26 18.759     176.2
686
 2013 04 20 11 49 13.626     2013 04 20 11 49 30.761      17.1
687
688
 2013 04 20 10 09 16.488     2013 04 20 10 12 26.694     190.2
 2013 04 20 20 07 45.590     2013 04 20 20 10 46.152     180.6
689
 2013 04 20 13 25 24.743     2013 04 20 13 28 37.469     192.7
 2013 04 20 19 59 39.824     2013 04 20 20 02 22.717     162.9
690
 2013 04 20 13 14 26.275     2013 04 20 13 17   .938     154.7
691
 2013 04 20 15 00 42.629     2013 04 20 15 03 19.937     157.3
 2013 04 20 21 35 10.428     2013 04 20 21 37 47.627     157.2
692
693
 2013 04 20 13 15 16.896     2013 04 20 13 17 54.732     157.8
694
 2013 04 20 11 42 25.633     2013 04 20 11 46  4.218     218.6
 2013 04 20 21 44 51.150     2013 04 20 21 47 38.669     167.5
695
 2013 04 20 10 07 29.547     2013 04 20 10 11  4.167     214.6
 2013 04 20 20 10 30.466     2013 04 20 20 13  5.607     155.1
696
 2013 04 20 10 09 40.456     2013 04 20 10 13  6.394     205.9
 2013 04 20 20 07  6.348     2013 04 20 20 10 37.571     211.2
697
 2013 04 20 11 45 48.689     2013 04 20 11 49  5.878     197.2
698
 2013 04 20 13 27 15.447     2013 04 20 13 30 45.686     210.2
 2013 04 20 18 26 43.335     2013 04 20 18 27 14.574      31.2
 2013 04 20 20 01  6.638     2013 04 20 20 01 40.494      33.9
699
 2013 04 20 13 23 18.076     2013 04 20 13 25 58.604     160.5
 2013 04 20 21 38  7.791     2013 04 20 21 41  7.025     179.2
