s3
0
1
 2013 04 20 13 47 59.362     2013 04 20 13 50 36.154     156.8
 2013 04 20 20 23 33.678     2013 04 20 20 26 55.663     202.0
2
3
 2013 04 20 12 13 34.397     2013 04 20 12 16 17.241     162.8
 2013 04 20 18 49 25.266     2013 04 20 18 52 23.607     178.3
4
5
 2013 04 20 12 02  2.268     2013 04 20 12 05  3.362     181.1
6
7
 2013 04 20 12 04 45.440     2013 04 20 12 07 20.307     154.9
 2013 04 20 22 07 40.650     2013 04 20 22 10 39.752     179.1
8
 2013 04 20 22 00 24.765     2013 04 20 22 03 53.662     208.9
9
 2013 04 20 20 37 13.514     2013 04 20 20 40 15.821     182.3
10
 2013 04 20 00 04 30.319     2013 04 20 00 08  7.886     217.6
11
 2013 04 20 10 26 57.767     2013 04 20 10 27 25.056      27.3
 2013 04 20 22 12 46.256     2013 04 20 22 15 43.819     177.6
12
 2013 04 20 12 08 57.108     2013 04 20 12 09 25.484      28.4
 2013 04 20 20 29  5.368     2013 04 20 20 32  3.542     178.2
13
 2013 04 20 22 04 17.563     2013 04 20 22 07  8.101     170.5
14
 2013 04 20 10 32 17.295     2013 04 20 10 32 25.898       8.6
15
 2013 04 20 20 34 50.556     2013 04 20 20 37 28.259     157.7
16
 2013 04 20 12 04  4.088     2013 04 20 12 06 39.848     155.8
 2013 04 20 22 07 41.368     2013 04 20 22 11 24.687     223.3
17
 2013 04 20 10 34 26.778     2013 04 20 10 37  2.783     156.0
 2013 04 20 18 55 48.950     2013 04 20 18 56 28.429      39.5
18
 2013 04 20 13 45 48.174     2013 04 20 13 49  3.876     195.7
 2013 04 20 22 01 11.552     2013 04 20 22 04  6.169     174.6
19
 2013 04 20 12 00 52.972     2013 04 20 12 03 28.194     155.2
20
 2013 04 20 12 11 25.098     2013 04 20 12 14 32.257     187.2
 2013 04 20 20 27 43.990     2013 04 20 20 31 21.947     218.0
21
 2013 04 20 12 01 39.292     2013 04 20 12 04 46.499     187.2
22
 2013 04 20 22 10 39.444     2013 04 20 22 13 46.805     187.4
23
 2013 04 20 22 10 33.952     2013 04 20 22 13 28.140     174.2
24
 2013 04 20 13 43 59.162     2013 04 20 13 46 55.918     176.8
 2013 04 20 22 01 19.359     2013 04 20 22 05 12.998     233.6
25
 2013 04 20 12 03 15.039     2013 04 20 12 06  2.449     167.4
26
 2013 04 20 13 48 31.306     2013 04 20 13 52 18.638     227.3
 2013 04 20 15 26 41.203     2013 04 20 15 30 18.707     217.5
 2013 04 20 20 22 48.311     2013 04 20 20 25 32.652     164.3
27
 2013 04 20 22 04  9.235     2013 04 20 22 06 53.104     163.9
28
 2013 04 20 10 29 16.432     2013 04 20 10 31 59.238     162.8
 2013 04 20 20 33 16.680     2013 04 20 20 36 50.630     214.0
29
 2013 04 20 12 02 58.456     2013 04 20 12 03 28.160      29.7
30
 2013 04 20 22 04 34.649     2013 04 20 22 07 21.900     167.3
31
 2013 04 20 13 43 59.826     2013 04 20 13 46 55.707     175.9
 2013 04 20 22 02 46.474     2013 04 20 22 06 17.580     211.1
32
 2013 04 20 10 39 36.661     2013 04 20 10 39 39.741       3.1
 2013 04 20 18 51 18.822     2013 04 20 18 53 56.977     158.2
33
 2013 04 20 12 10 59.807     2013 04 20 12 14 12.631     192.8
 2013 04 20 20 26 33.136     2013 04 20 20 29 23.188     170.1
34
 2013 04 20 15 24 31.523     2013 04 20 15 27 13.119     161.6
 2013 04 20 21 58 53.255     2013 04 20 22 02  7.831     194.6
35
 2013 04 20 13 48 37.696     2013 04 20 13 51 17.116     159.4
 2013 04 20 20 24 11.598     2013 04 20 20 26 55.262     163.7
36
 2013 04 20 15 24 23.774     2013 04 20 15 27 21.433     177.7
 2013 04 20 17 02   .748     2013 04 20 17 02 11.736      11.0
 2013 04 20 20 19 31.700     2013 04 20 20 23 23.602     231.9
 2013 04 20 21 57 54.423     2013 04 20 22 01 18.497     204.1
37
 2013 04 20 13 45 21.684     2013 04 20 13 48  2.357     160.7
 2013 04 20 22 02 39.252     2013 04 20 22 05 17.355     158.1
38
 2013 04 20 10 30 49.357     2013 04 20 10 33 24.719     155.4
 2013 04 20 20 32 51.090     2013 04 20 20 35 28.538     157.4
39
 2013 04 20 12 05  4.032     2013 04 20 12 05 52.390      48.4
 2013 04 20 22 08 29.231     2013 04 20 22 11 38.202     189.0
40
 2013 04 20 10 34 54.346     2013 04 20 10 38 24.203     209.9
 2013 04 20 18 51 42.458     2013 04 20 18 54 47.714     185.3
41
 2013 04 20 12 06 37.793     2013 04 20 12 09 13.126     155.3
 2013 04 20 22 06 43.846     2013 04 20 22 10  7.899     204.1
42
 2013 04 20 00 04 18.320     2013 04 20 00 06 57.348     159.0
 2013 04 20 23 45 17.898     2013 04 20 23 47 56.873     159.0
43
 2013 04 20 18 50 49.418     2013 04 20 18 54  4.719     195.3
44
 2013 04 20 13 42 38.380     2013 04 20 13 45 19.004     160.6
45
 2013 04 20 00 05 40.999     2013 04 20 00 08 25.876     164.9
46
 2013 04 20 12 05 39.031     2013 04 20 12 08 28.571     169.5
 2013 04 20 22 07 50.020     2013 04 20 22 10 36.976     167.0
47
 2013 04 20 00 04 46.045     2013 04 20 00 04 48.739       2.7
48
49
50
 2013 04 20 10 31 13.738     2013 04 20 10 34 20.669     186.9
 2013 04 20 20 31 41.259     2013 04 20 20 34 22.907     161.6
51
 2013 04 20 13 42 42.447     2013 04 20 13 43 23.796      41.3
52
 2013 04 20 12 03 55.002     2013 04 20 12 06 30.344     155.3
 2013 04 20 22 10 42.497     2013 04 20 22 11 26.106      43.6
53
 2013 04 20 13 45 40.661     2013 04 20 13 48 24.943     164.3
 2013 04 20 22 01 52.463     2013 04 20 22 04 34.703     162.2
54
55
 2013 04 20 12 05  8.559     2013 04 20 12 07 45.497     156.9
 2013 04 20 22 07 49.393     2013 04 20 22 10 29.653     160.3
56
 2013 04 20 20 36 58.409     2013 04 20 20 39 38.018     159.6
57
 2013 04 20 13 42 38.289     2013 04 20 13 45 41.496     183.2
58
 2013 04 20 08 48 58.994     2013 04 20 08 52 40.668     221.7
 2013 04 20 20 38 17.802     2013 04 20 20 41  1.003     163.2
59
 2013 04 20 12 13 14.713     2013 04 20 12 16  1.933     167.2
 2013 04 20 18 48 30.615     2013 04 20 18 51 42.313     191.7
60
 2013 04 20 22 12 23.526     2013 04 20 22 15  2.338     158.8
61
 2013 04 20 13 45 41.015     2013 04 20 13 46 38.882      57.9
 2013 04 20 22 03   .163     2013 04 20 22 06 45.759     225.6
62
 2013 04 20 22 09 45.675     2013 04 20 22 12 25.772     160.1
63
64
 2013 04 20 10 34  7.969     2013 04 20 10 37 43.943     216.0
 2013 04 20 18 54 47.804     2013 04 20 18 55 23.106      35.3
65
 2013 04 20 12 11  8.483     2013 04 20 12 13 45.751     157.3
 2013 04 20 20 27 34.114     2013 04 20 20 30 25.798     171.7
66
 2013 04 20 22 04  2.832     2013 04 20 22 04 50.191      47.4
67
 2013 04 20 22 04 51.842     2013 04 20 22 07 43.392     171.6
68
 2013 04 20 22 09 53.970     2013 04 20 22 12 50.786     176.8
69
 2013 04 20 12 07 21.090     2013 04 20 12 10 12.401     171.3
 2013 04 20 22 05 23.894     2013 04 20 22 05 50.209      26.3
70
 2013 04 20 00 02 31.633     2013 04 20 00 05 10.019     158.4
 2013 04 20 13 39 20.730     2013 04 20 13 42 59.529     218.8
 2013 04 20 23 43 31.203     2013 04 20 23 46  9.549     158.3
71
 2013 04 20 20 34 48.761     2013 04 20 20 38 29.287     220.5
72
 2013 04 20 20 37  1.684     2013 04 20 20 40 23.587     201.9
73
 2013 04 20 13 47 59.852     2013 04 20 13 50 48.571     168.7
 2013 04 20 20 24  5.759     2013 04 20 20 27 23.896     198.1
74
 2013 04 20 12 16 57.210     2013 04 20 12 17 36.826      39.6
 2013 04 20 13 51 54.084     2013 04 20 13 55 20.408     206.3
 2013 04 20 18 47 55.090     2013 04 20 18 50 37.040     161.9
75
 2013 04 20 20 37 30.505     2013 04 20 20 38 43.541      73.0
76
 2013 04 20 10 29  4.432     2013 04 20 10 31 39.159     154.7
 2013 04 20 20 36 32.127     2013 04 20 20 36 53.133      21.0
77
 2013 04 20 22 04 49.098     2013 04 20 22 07 27.221     158.1
78
 2013 04 20 10 35  2.062     2013 04 20 10 38 38.948     216.9
 2013 04 20 18 51 41.038     2013 04 20 18 54 35.747     174.7
79
 2013 04 20 12 04 53.114     2013 04 20 12 07 27.961     154.8
 2013 04 20 22 07 39.946     2013 04 20 22 10 32.793     172.8
80
 2013 04 20 00 03 24.339     2013 04 20 00 03 55.265      30.9
 2013 04 20 23 44 23.657     2013 04 20 23 44 50.048      26.4
81
 2013 04 20 13 43 20.010     2013 04 20 13 45 55.529     155.5
82
 2013 04 20 22 08 23.582     2013 04 20 22 12  4.143     220.6
83
 2013 04 20 12 04  5.983     2013 04 20 12 06 42.739     156.8
 2013 04 20 22 07 46.258     2013 04 20 22 11 24.189     217.9
84
 2013 04 20 12 07 46.730     2013 04 20 12 11 28.142     221.4
85
 2013 04 20 22 11 14.823     2013 04 20 22 14 59.279     224.5
86
 2013 04 20 12 10 25.062     2013 04 20 12 13 48.292     203.2
 2013 04 20 20 26 36.759     2013 04 20 20 29 14.785     158.0
87
 2013 04 20 12 03 32.389     2013 04 20 12 04  4.238      31.8
 2013 04 20 22 09 18.851     2013 04 20 22 12  7.378     168.5
88
89
 2013 04 20 22 09 44.046     2013 04 20 22 12 32.181     168.1
90
 2013 04 20 13 50 45.467     2013 04 20 13 53 31.599     166.1
 2013 04 20 18 46 28.035     2013 04 20 18 49 40.902     192.9
91
 2013 04 20 10 33 19.002     2013 04 20 10 36  4.031     165.0
92
 2013 04 20 10 28 39.846     2013 04 20 10 28 52.027      12.2
 2013 04 20 22 12  5.764     2013 04 20 22 14 54.972     169.2
93
 2013 04 20 10 39 16.755     2013 04 20 10 39 25.387       8.6
 2013 04 20 18 51 21.648     2013 04 20 18 54  1.299     159.7
94
 2013 04 20 13 46 33.296     2013 04 20 13 49 49.972     196.7
 2013 04 20 22 00 33.480     2013 04 20 22 04 26.600     233.1
95
 2013 04 20 00 02 13.445     2013 04 20 00 05  9.216     175.8
 2013 04 20 13 39 48.180     2013 04 20 13 43 31.403     223.2
 2013 04 20 23 43 13.104     2013 04 20 23 46  8.661     175.6
96
 2013 04 20 13 45   .628     2013 04 20 13 45 49.828      49.2
 2013 04 20 23 39 15.364     2013 04 20 23 40 10.146      54.8
97
 2013 04 20 20 36  4.740     2013 04 20 20 39 11.537     186.8
98
99
 2013 04 20 12 14 22.651     2013 04 20 12 14 41.912      19.3
 2013 04 20 18 50 38.729     2013 04 20 18 53 46.523     187.8
100
101
 2013 04 20 10 35 27.639     2013 04 20 10 38 34.358     186.7
 2013 04 20 18 52  6.363     2013 04 20 18 54 50.286     163.9
102
 2013 04 20 22 05 39.598     2013 04 20 22 08 20.717     161.1
103
 2013 04 20 12 01  8.872     2013 04 20 12 03 10.631     121.8
104
 2013 04 20 18 50 59.481     2013 04 20 18 53 39.409     159.9
105
 2013 04 20 12 09 28.082     2013 04 20 12 09 33.591       5.5
 2013 04 20 20 29 13.278     2013 04 20 20 31 51.094     157.8
106
107
 2013 04 20 10 25 17.758     2013 04 20 10 27 57.573     159.8
 2013 04 20 22 13 21.613     2013 04 20 22 17 12.138     230.5
108
 2013 04 20 22 09 42.286     2013 04 20 22 12 23.776     161.5
109
 2013 04 20 08 49 10.807     2013 04 20 08 52 56.638     225.8
 2013 04 20 20 38 10.713     2013 04 20 20 40 49.456     158.7
110
 2013 04 20 00 00   .000     2013 04 20 00 02 47.143     167.1
 2013 04 20 13 41  5.130     2013 04 20 13 44 14.914     189.8
 2013 04 20 23 40 48.924     2013 04 20 23 43 46.590     177.7
111
 2013 04 20 12 05 13.321     2013 04 20 12 07 48.455     155.1
 2013 04 20 22 07 40.645     2013 04 20 22 10 20.805     160.2
112
 2013 04 20 22 11 28.178     2013 04 20 22 15  2.180     214.0
113
 2013 04 20 22 10 12.230     2013 04 20 22 12 49.350     157.1
114
115
 2013 04 20 10 30 32.417     2013 04 20 10 33 24.402     172.0
 2013 04 20 20 33 21.857     2013 04 20 20 36   .059     158.2
116
 2013 04 20 13 44  7.049     2013 04 20 13 46 45.836     158.8
 2013 04 20 22 01 46.424     2013 04 20 22 05 34.626     228.2
117
 2013 04 20 12 05 39.353     2013 04 20 12 06  9.105      29.8
 2013 04 20 22 07 51.706     2013 04 20 22 09  4.880      73.2
118
 2013 04 20 22 04 18.366     2013 04 20 22 07 30.779     192.4
119
 2013 04 20 12 11  9.399     2013 04 20 12 13 46.082     156.7
 2013 04 20 20 27 20.722     2013 04 20 20 30 10.779     170.1
120
 2013 04 20 22 04 50.649     2013 04 20 22 07 39.409     168.8
121
 2013 04 20 13 48 12.849     2013 04 20 13 52   .756     227.9
 2013 04 20 20 25 14.336     2013 04 20 20 27 56.843     162.5
122
 2013 04 20 12 06 54.546     2013 04 20 12 09 58.865     184.3
 2013 04 20 22 05 38.467     2013 04 20 22 09 12.666     214.2
123
 2013 04 20 12 13 12.668     2013 04 20 12 16 21.230     188.6
 2013 04 20 18 48 17.234     2013 04 20 18 51 15.936     178.7
124
 2013 04 20 12 10 48.063     2013 04 20 12 13 41.724     173.7
 2013 04 20 20 28  5.395     2013 04 20 20 30 51.593     166.2
125
 2013 04 20 00 08 28.479     2013 04 20 00 08 40.543      12.1
126
 2013 04 20 18 54 14.152     2013 04 20 18 54 37.702      23.6
127
 2013 04 20 12 04 23.116     2013 04 20 12 07 13.730     170.6
 2013 04 20 22 06 55.375     2013 04 20 22 10 29.486     214.1
128
 2013 04 20 12 14 47.950     2013 04 20 12 17 40.609     172.7
 2013 04 20 18 49 46.418     2013 04 20 18 52 46.932     180.5
129
 2013 04 20 22 10 28.113     2013 04 20 22 13  8.768     160.7
130
 2013 04 20 00 05 30.110     2013 04 20 00 09 13.996     223.9
131
 2013 04 20 12 12 48.990     2013 04 20 12 15 43.302     174.3
 2013 04 20 18 48  4.707     2013 04 20 18 51 46.402     221.7
132
 2013 04 20 13 47 37.004     2013 04 20 13 48 37.239      60.2
 2013 04 20 22 00 57.835     2013 04 20 22 03 40.519     162.7
133
 2013 04 20 12 09   .998     2013 04 20 12 12 24.868     203.9
 2013 04 20 20 26  9.853     2013 04 20 20 26 16.267       6.4
134
 2013 04 20 13 43 17.912     2013 04 20 13 46 53.118     215.2
 2013 04 20 22 03  8.716     2013 04 20 22 03 42.038      33.3
135
 2013 04 20 13 47 23.721     2013 04 20 13 50 13.090     169.4
 2013 04 20 20 27 37.434     2013 04 20 20 27 49.164      11.7
136
 2013 04 20 13 42 55.810     2013 04 20 13 45 35.340     159.5
137
 2013 04 20 12 09 42.988     2013 04 20 12 12 48.595     185.6
 2013 04 20 20 28 24.715     2013 04 20 20 31 16.580     171.9
138
 2013 04 20 22 03 41.819     2013 04 20 22 03 53.279      11.5
139
 2013 04 20 12 10  9.522     2013 04 20 12 10 58.737      49.2
 2013 04 20 20 26 17.675     2013 04 20 20 28 56.171     158.5
140
 2013 04 20 12 10 44.560     2013 04 20 12 14 12.573     208.0
 2013 04 20 20 28 22.421     2013 04 20 20 31 25.211     182.8
141
 2013 04 20 18 50 59.305     2013 04 20 18 53 37.647     158.3
142
 2013 04 20 00 00   .000     2013 04 20 00 02 39.114     159.1
 2013 04 20 13 41 13.538     2013 04 20 13 44 33.454     199.9
 2013 04 20 23 40 31.336     2013 04 20 23 43 38.544     187.2
143
144
 2013 04 20 20 39 22.220     2013 04 20 20 40 19.138      56.9
145
 2013 04 20 00 04 48.199     2013 04 20 00 07 26.322     158.1
 2013 04 20 23 45 47.766     2013 04 20 23 48 25.860     158.1
146
 2013 04 20 10 29  2.967     2013 04 20 10 31  8.532     125.6
 2013 04 20 20 34 23.325     2013 04 20 20 37 10.943     167.6
147
 2013 04 20 12 14 24.905     2013 04 20 12 17 46.296     201.4
 2013 04 20 18 50 14.983     2013 04 20 18 53  4.623     169.6
148
 2013 04 20 12 11  5.131     2013 04 20 12 14  3.432     178.3
 2013 04 20 20 27 57.399     2013 04 20 20 31  1.658     184.3
149
 2013 04 20 10 33 55.344     2013 04 20 10 37  3.586     188.2
150
 2013 04 20 12 05 54.098     2013 04 20 12 09 40.982     226.9
 2013 04 20 22 07 38.853     2013 04 20 22 08 56.844      78.0
151
 2013 04 20 13 47  7.600     2013 04 20 13 49 45.400     157.8
152
 2013 04 20 13 45 20.230     2013 04 20 13 48  2.375     162.1
 2013 04 20 22 02 42.042     2013 04 20 22 05 20.112     158.1
153
 2013 04 20 20 28 33.537     2013 04 20 20 29 19.270      45.7
154
 2013 04 20 15 21 51.022     2013 04 20 15 25 39.196     228.2
 2013 04 20 21 59 10.943     2013 04 20 21 59 19.466       8.5
155
156
 2013 04 20 10 29 13.684     2013 04 20 10 30 49.183      95.5
 2013 04 20 20 34 23.401     2013 04 20 20 37  4.127     160.7
157
 2013 04 20 20 24 52.483     2013 04 20 20 24 54.418       1.9
158
 2013 04 20 12 07 58.603     2013 04 20 12 10 52.516     173.9
159
 2013 04 20 22 05  4.676     2013 04 20 22 08 25.089     200.4
160
 2013 04 20 15 23 58.066     2013 04 20 15 27 47.845     229.8
 2013 04 20 21 59 55.303     2013 04 20 22 03  1.777     186.5
161
 2013 04 20 12 05 33.354     2013 04 20 12 08  8.478     155.1
 2013 04 20 22 07 33.345     2013 04 20 22 10 10.708     157.4
162
163
 2013 04 20 12 13  1.040     2013 04 20 12 15 37.855     156.8
 2013 04 20 18 48 40.969     2013 04 20 18 52 25.055     224.1
164
 2013 04 20 00 03 41.892     2013 04 20 00 05 31.963     110.1
 2013 04 20 23 44 41.644     2013 04 20 23 46 36.456     114.8
165
 2013 04 20 12 04 19.657     2013 04 20 12 07  5.425     165.8
 2013 04 20 22 08  9.228     2013 04 20 22 11 16.418     187.2
166
 2013 04 20 20 36 23.756     2013 04 20 20 39 49.414     205.7
167
168
169
 2013 04 20 12 02  4.262     2013 04 20 12 04 41.025     156.8
170
171
 2013 04 20 12 09 15.757     2013 04 20 12 12 39.568     203.8
 2013 04 20 20 26 18.859     2013 04 20 20 29 56.773     217.9
172
 2013 04 20 15 24 18.382     2013 04 20 15 27 21.283     182.9
 2013 04 20 17 01 59.808     2013 04 20 17 02 36.512      36.7
 2013 04 20 20 19 25.999     2013 04 20 20 23 18.295     232.3
 2013 04 20 21 57 50.697     2013 04 20 22 01 11.818     201.1
173
 2013 04 20 12 03 35.658     2013 04 20 12 07  8.310     212.7
 2013 04 20 22 08 54.759     2013 04 20 22 12  3.607     188.8
174
 2013 04 20 00 00 59.452     2013 04 20 00 03 43.269     163.8
 2013 04 20 13 40 40.573     2013 04 20 13 43 15.611     155.0
 2013 04 20 23 41 59.064     2013 04 20 23 44 42.760     163.7
175
 2013 04 20 00 06  8.753     2013 04 20 00 09 21.813     193.1
176
 2013 04 20 10 24 43.018     2013 04 20 10 27 19.913     156.9
 2013 04 20 22 13 39.983     2013 04 20 22 16 32.207     172.2
177
178
 2013 04 20 20 29 18.195     2013 04 20 20 31 59.779     161.6
179
 2013 04 20 00 02 33.009     2013 04 20 00 05 10.817     157.8
 2013 04 20 13 39  9.060     2013 04 20 13 42 38.941     209.9
 2013 04 20 23 43 32.517     2013 04 20 23 46 10.407     157.9
180
 2013 04 20 12 10 18.408     2013 04 20 12 13 32.303     193.9
 2013 04 20 20 26 44.794     2013 04 20 20 29 24.580     159.8
181
 2013 04 20 12 11 16.411     2013 04 20 12 12 15.683      59.3
 2013 04 20 20 27 57.140     2013 04 20 20 28  4.250       7.1
182
 2013 04 20 20 29 59.767     2013 04 20 20 32 38.819     159.1
183
 2013 04 20 12 05  4.809     2013 04 20 12 07 39.744     154.9
 2013 04 20 22 07 34.999     2013 04 20 22 10 20.872     165.9
184
 2013 04 20 12 06 46.428     2013 04 20 12 09 28.420     162.0
 2013 04 20 22 06 42.499     2013 04 20 22 10 33.351     230.9
185
 2013 04 20 13 45 42.814     2013 04 20 13 48 23.620     160.8
 2013 04 20 22 02 31.036     2013 04 20 22 05 17.997     167.0
186
 2013 04 20 12 16  4.162     2013 04 20 12 18 55.116     171.0
 2013 04 20 17 11 52.963     2013 04 20 17 15  3.417     190.5
187
188
 2013 04 20 15 24 36.861     2013 04 20 15 27 32.641     175.8
 2013 04 20 21 59  6.539     2013 04 20 22 02 34.895     208.4
189
 2013 04 20 12 12 49.910     2013 04 20 12 16  3.164     193.3
 2013 04 20 18 47 58.885     2013 04 20 18 51 21.816     202.9
190
 2013 04 20 13 49 41.411     2013 04 20 13 52 56.880     195.5
 2013 04 20 20 24 41.769     2013 04 20 20 28  4.850     203.1
191
 2013 04 20 10 27 50.990     2013 04 20 10 31 19.416     208.4
192
 2013 04 20 12 05 18.984     2013 04 20 12 08 59.319     220.3
 2013 04 20 22 06 12.599     2013 04 20 22 08 51.972     159.4
193
 2013 04 20 12 08 59.910     2013 04 20 12 12 16.961     197.1
 2013 04 20 20 28 19.951     2013 04 20 20 31 53.663     213.7
194
 2013 04 20 12 11 49.573     2013 04 20 12 14 31.521     161.9
 2013 04 20 20 27  9.091     2013 04 20 20 30 57.186     228.1
195
 2013 04 20 00 02  1.739     2013 04 20 00 04 39.838     158.1
 2013 04 20 13 39 38.244     2013 04 20 13 42 33.167     174.9
 2013 04 20 23 43  1.243     2013 04 20 23 45 39.430     158.2
196
 2013 04 20 10 25 20.260     2013 04 20 10 25 45.946      25.7
197
 2013 04 20 10 31 39.948     2013 04 20 10 34 31.584     171.6
 2013 04 20 20 32 25.777     2013 04 20 20 36   .251     214.5
198
 2013 04 20 10 35 30.663     2013 04 20 10 38 58.484     207.8
 2013 04 20 18 51 50.391     2013 04 20 18 54 29.794     159.4
199
 2013 04 20 12 08 37.470     2013 04 20 12 11 54.240     196.8
 2013 04 20 20 31 41.867     2013 04 20 20 32 15.694      33.8
200
201
 2013 04 20 10 28 14.821     2013 04 20 10 31  1.203     166.4
202
 2013 04 20 00 03 37.650     2013 04 20 00 06 15.683     158.0
 2013 04 20 23 44 37.215     2013 04 20 23 47 15.219     158.0
203
 2013 04 20 13 45 40.708     2013 04 20 13 48 19.707     159.0
 2013 04 20 22 02 28.957     2013 04 20 22 05 13.513     164.6
204
 2013 04 20 12 10 54.817     2013 04 20 12 13 39.441     164.6
 2013 04 20 20 27 54.039     2013 04 20 20 30 40.372     166.3
205
 2013 04 20 12 12 30.388     2013 04 20 12 15  7.347     157.0
206
 2013 04 20 18 50 31.700     2013 04 20 18 54 19.184     227.5
207
208
 2013 04 20 12 10 13.418     2013 04 20 12 12 57.143     163.7
 2013 04 20 20 28  2.854     2013 04 20 20 30 44.797     161.9
209
 2013 04 20 10 33 47.010     2013 04 20 10 37 26.470     219.5
210
211
 2013 04 20 13 44 34.482     2013 04 20 13 47 40.994     186.5
 2013 04 20 22 03 10.942     2013 04 20 22 05 56.741     165.8
212
 2013 04 20 12 07 24.988     2013 04 20 12 10  9.725     164.7
213
214
 2013 04 20 20 35 58.972     2013 04 20 20 39 32.825     213.9
215
 2013 04 20 12 01   .581     2013 04 20 12 03 36.097     155.5
216
 2013 04 20 15 24 56.422     2013 04 20 15 27 53.431     177.0
 2013 04 20 20 20 47.451     2013 04 20 20 21 31.356      43.9
 2013 04 20 21 58 54.841     2013 04 20 22 00  7.360      72.5
217
218
 2013 04 20 00 05  4.339     2013 04 20 00 08 38.315     214.0
 2013 04 20 12 04 11.626     2013 04 20 12 04 22.698      11.1
219
 2013 04 20 22 10 43.377     2013 04 20 22 13 26.751     163.4
220
 2013 04 20 13 41 41.567     2013 04 20 13 45 23.913     222.3
221
 2013 04 20 10 32  4.727     2013 04 20 10 33 18.085      73.4
222
 2013 04 20 22 08 20.310     2013 04 20 22 11 59.235     218.9
223
224
 2013 04 20 18 50 22.208     2013 04 20 18 53 47.039     204.8
225
 2013 04 20 13 49 19.354     2013 04 20 13 52  4.043     164.7
 2013 04 20 20 24 25.054     2013 04 20 20 27 12.020     167.0
226
 2013 04 20 12 08 14.869     2013 04 20 12 11  4.698     169.8
227
 2013 04 20 10 36  3.586     2013 04 20 10 39 26.970     203.4
 2013 04 20 18 51 45.505     2013 04 20 18 54 29.781     164.3
228
 2013 04 20 13 42 54.396     2013 04 20 13 46 31.083     216.7
229
 2013 04 20 13 43 38.904     2013 04 20 13 46 30.608     171.7
230
 2013 04 20 12 08 32.450     2013 04 20 12 11 10.240     157.8
231
 2013 04 20 13 44 15.668     2013 04 20 13 48  5.830     230.2
 2013 04 20 22 03 42.888     2013 04 20 22 06 23.832     160.9
232
 2013 04 20 13 51 56.562     2013 04 20 13 52 21.017      24.5
 2013 04 20 15 26 36.822     2013 04 20 15 30   .900     204.1
 2013 04 20 20 22 36.840     2013 04 20 20 25 18.185     161.3
233
 2013 04 20 13 47 10.925     2013 04 20 13 50 18.278     187.4
 2013 04 20 20 22 23.272     2013 04 20 20 22 28.228       5.0
234
235
 2013 04 20 12 08 33.235     2013 04 20 12 11  9.195     156.0
236
 2013 04 20 18 51 16.523     2013 04 20 18 53 55.494     159.0
237
 2013 04 20 22 12 16.484     2013 04 20 22 14 54.148     157.7
238
 2013 04 20 10 32  2.574     2013 04 20 10 35 14.900     192.3
 2013 04 20 20 30 54.433     2013 04 20 20 34 19.598     205.2
239
 2013 04 20 20 35 47.002     2013 04 20 20 39  5.494     198.5
240
 2013 04 20 12 04 16.049     2013 04 20 12 07 27.533     191.5
 2013 04 20 22 06 32.327     2013 04 20 22 10 13.675     221.3
241
 2013 04 20 10 30 38.762     2013 04 20 10 33 50.091     191.3
 2013 04 20 20 31 52.172     2013 04 20 20 34 31.979     159.8
242
243
 2013 04 20 20 37 36.089     2013 04 20 20 40 16.489     160.4
244
 2013 04 20 10 29 25.749     2013 04 20 10 32   .959     155.2
 2013 04 20 20 32 40.818     2013 04 20 20 36 26.061     225.2
245
 2013 04 20 12 08 23.319     2013 04 20 12 12   .516     217.2
 2013 04 20 20 32  3.558     2013 04 20 20 32 31.436      27.9
246
 2013 04 20 10 33 40.787     2013 04 20 10 36 45.223     184.4
247
248
 2013 04 20 12 06 26.281     2013 04 20 12 06 43.080      16.8
249
 2013 04 20 12 11  7.210     2013 04 20 12 13 43.393     156.2
 2013 04 20 20 27 27.166     2013 04 20 20 30 16.123     169.0
250
 2013 04 20 10 30  9.737     2013 04 20 10 31 15.849      66.1
251
 2013 04 20 12 09 16.634     2013 04 20 12 12 58.256     221.6
 2013 04 20 20 28 50.452     2013 04 20 20 31 45.191     174.7
252
 2013 04 20 13 47 13.256     2013 04 20 13 49 58.074     164.8
253
 2013 04 20 20 35 37.849     2013 04 20 20 38 18.099     160.2
254
255
256
 2013 04 20 12 14 49.867     2013 04 20 12 17 40.126     170.3
 2013 04 20 18 49 43.251     2013 04 20 18 52 44.891     181.6
257
 2013 04 20 15 25 36.789     2013 04 20 15 28 31.095     174.3
 2013 04 20 20 21 29.310     2013 04 20 20 24 34.890     185.6
258
 2013 04 20 13 47 58.870     2013 04 20 13 51 40.939     222.1
 2013 04 20 20 25  2.792     2013 04 20 20 27 57.217     174.4
259
 2013 04 20 12 00  4.498     2013 04 20 12 00 38.387      33.9
260
 2013 04 20 13 46 51.936     2013 04 20 13 49 38.876     166.9
 2013 04 20 22 00 53.450     2013 04 20 22 01 27.760      34.3
261
 2013 04 20 12 01   .879     2013 04 20 12 04 45.778     224.9
262
 2013 04 20 13 47 31.260     2013 04 20 13 50 31.984     180.7
 2013 04 20 20 23 57.218     2013 04 20 20 27 51.929     234.7
263
 2013 04 20 12 14 59.743     2013 04 20 12 17 37.042     157.3
 2013 04 20 18 49  8.202     2013 04 20 18 52 18.259     190.1
264
 2013 04 20 20 40 22.094     2013 04 20 20 40 58.644      36.5
265
 2013 04 20 20 37 51.556     2013 04 20 20 40 54.202     182.6
266
267
 2013 04 20 22 03 46.075     2013 04 20 22 04 47.570      61.5
268
 2013 04 20 13 43 51.937     2013 04 20 13 46 29.465     157.5
 2013 04 20 22 05 25.058     2013 04 20 22 06 11.829      46.8
269
 2013 04 20 12 06 36.162     2013 04 20 12 07 10.051      33.9
270
 2013 04 20 10 28 47.327     2013 04 20 10 29 36.699      49.4
 2013 04 20 22 11 19.374     2013 04 20 22 15  3.466     224.1
271
 2013 04 20 12 14 49.046     2013 04 20 12 17 26.456     157.4
 2013 04 20 18 49 10.837     2013 04 20 18 52  9.259     178.4
272
 2013 04 20 10 27  7.159     2013 04 20 10 29 42.111     155.0
273
 2013 04 20 12 06 20.342     2013 04 20 12 09 50.945     210.6
 2013 04 20 22 07 11.549     2013 04 20 22 07 17.893       6.3
274
 2013 04 20 20 30 21.463     2013 04 20 20 33 19.203     177.7
275
 2013 04 20 13 47   .931     2013 04 20 13 50  8.175     187.2
276
 2013 04 20 10 31 39.366     2013 04 20 10 34 19.302     159.9
 2013 04 20 20 31 55.965     2013 04 20 20 34 55.655     179.7
277
278
 2013 04 20 15 22 15.292     2013 04 20 15 25 59.737     224.4
 2013 04 20 21 59 29.197     2013 04 20 22 02 55.478     206.3
279
 2013 04 20 13 47 33.006     2013 04 20 13 50 54.799     201.8
 2013 04 20 20 22 39.776     2013 04 20 20 25 57.006     197.2
280
 2013 04 20 15 24 56.226     2013 04 20 15 28 14.023     197.8
 2013 04 20 20 21  8.550     2013 04 20 20 22 19.025      70.5
 2013 04 20 21 59  6.719     2013 04 20 21 59 20.543      13.8
281
 2013 04 20 12 04  7.580     2013 04 20 12 07 47.662     220.1
 2013 04 20 22 06  8.459     2013 04 20 22 09 54.473     226.0
282
 2013 04 20 12 09 57.733     2013 04 20 12 12 34.846     157.1
 2013 04 20 20 27 24.724     2013 04 20 20 30 26.326     181.6
283
284
 2013 04 20 10 34 49.602     2013 04 20 10 37 38.853     169.3
 2013 04 20 18 53 17.482     2013 04 20 18 56 31.165     193.7
285
 2013 04 20 13 42 21.861     2013 04 20 13 44 59.651     157.8
286
 2013 04 20 12 08 43.623     2013 04 20 12 08 56.552      12.9
 2013 04 20 20 29  4.753     2013 04 20 20 32 14.169     189.4
287
 2013 04 20 12 03 18.186     2013 04 20 12 06 13.379     175.2
288
 2013 04 20 13 47   .474     2013 04 20 13 50 52.685     232.2
 2013 04 20 20 28  8.215     2013 04 20 20 28 35.355      27.1
289
 2013 04 20 22 10 22.780     2013 04 20 22 13 55.958     213.2
290
 2013 04 20 13 43  8.993     2013 04 20 13 46 41.359     212.4
291
 2013 04 20 13 50 26.248     2013 04 20 13 54  2.414     216.2
 2013 04 20 18 46 58.496     2013 04 20 18 50 30.565     212.1
292
 2013 04 20 10 29 35.715     2013 04 20 10 32 10.738     155.0
 2013 04 20 20 32 56.118     2013 04 20 20 36 22.031     205.9
293
 2013 04 20 12 00 17.135     2013 04 20 12 03 24.429     187.3
294
 2013 04 20 00 07  8.705     2013 04 20 00 09 45.880     157.2
 2013 04 20 11 58 52.711     2013 04 20 12 01 58.814     186.1
295
 2013 04 20 12 03 10.324     2013 04 20 12 06  3.251     172.9
296
 2013 04 20 13 47 54.560     2013 04 20 13 48  1.887       7.3
 2013 04 20 15 26  9.125     2013 04 20 15 29 50.224     221.1
 2013 04 20 20 22 38.848     2013 04 20 20 25 18.542     159.7
297
 2013 04 20 10 30 57.718     2013 04 20 10 34 45.571     227.9
 2013 04 20 20 31 13.683     2013 04 20 20 33 52.386     158.7
298
299
 2013 04 20 13 51 46.719     2013 04 20 13 55  5.250     198.5
 2013 04 20 18 47 46.406     2013 04 20 18 50 25.734     159.3
300
 2013 04 20 15 24 50.268     2013 04 20 15 28 31.960     221.7
 2013 04 20 20 21 23.924     2013 04 20 20 22  1.799      37.9
301
 2013 04 20 12 07  3.795     2013 04 20 12 10 37.658     213.9
302
 2013 04 20 00 00   .000     2013 04 20 00 02 43.410     163.4
 2013 04 20 13 41 43.811     2013 04 20 13 45  6.130     202.3
 2013 04 20 23 39 58.181     2013 04 20 23 43 42.801     224.6
303
 2013 04 20 10 25  7.264     2013 04 20 10 27 38.884     151.6
304
 2013 04 20 00 02 19.118     2013 04 20 00 05 34.889     195.8
 2013 04 20 13 38 32.795     2013 04 20 13 41 42.017     189.2
 2013 04 20 23 43 18.484     2013 04 20 23 46 34.609     196.1
305
 2013 04 20 22 10 15.811     2013 04 20 22 12 52.907     157.1
306
 2013 04 20 13 42 20.922     2013 04 20 13 44 59.550     158.6
307
 2013 04 20 18 51 10.606     2013 04 20 18 54  8.737     178.1
308
 2013 04 20 12 13 58.386     2013 04 20 12 17  7.346     189.0
 2013 04 20 18 48 32.297     2013 04 20 18 51 11.751     159.5
309
 2013 04 20 22 03 47.398     2013 04 20 22 06 46.528     179.1
310
 2013 04 20 22 09 46.781     2013 04 20 22 12 58.862     192.1
311
 2013 04 20 12 13  3.695     2013 04 20 12 16 11.781     188.1
 2013 04 20 18 48 11.294     2013 04 20 18 51 20.347     189.1
312
 2013 04 20 15 26  4.930     2013 04 20 15 29 28.163     203.2
 2013 04 20 20 22 21.263     2013 04 20 20 25  3.428     162.2
313
 2013 04 20 13 41 31.836     2013 04 20 13 44 38.159     186.3
314
 2013 04 20 00 05 50.157     2013 04 20 00 08 58.557     188.4
 2013 04 20 11 59 50.252     2013 04 20 12 03 34.246     224.0
315
 2013 04 20 12 06 30.090     2013 04 20 12 09 28.492     178.4
 2013 04 20 22 06  9.177     2013 04 20 22 09 14.243     185.1
316
 2013 04 20 13 48 39.715     2013 04 20 13 51 16.664     156.9
 2013 04 20 20 23 59.538     2013 04 20 20 26 41.978     162.4
317
 2013 04 20 15 26 13.966     2013 04 20 15 29 30.972     197.0
 2013 04 20 20 22 21.292     2013 04 20 20 25   .820     159.5
318
 2013 04 20 00 06 35.550     2013 04 20 00 09 59.305     203.8
 2013 04 20 12 00  4.585     2013 04 20 12 02 48.920     164.3
319
 2013 04 20 13 43 19.267     2013 04 20 13 47  2.045     222.8
320
 2013 04 20 00 00   .000     2013 04 20 00 02 29.332     149.3
 2013 04 20 13 41 16.034     2013 04 20 13 44 49.064     213.0
 2013 04 20 23 40 16.387     2013 04 20 23 43 28.756     192.4
321
 2013 04 20 10 26   .700     2013 04 20 10 29  7.222     186.5
322
 2013 04 20 13 42  3.785     2013 04 20 13 45  8.339     184.6
323
 2013 04 20 10 32  7.485     2013 04 20 10 32 42.573      35.1
 2013 04 20 20 30 11.429     2013 04 20 20 33 52.203     220.8
324
 2013 04 20 00 04 16.876     2013 04 20 00 07  3.423     166.5
 2013 04 20 23 45 16.314     2013 04 20 23 48  3.083     166.8
325
 2013 04 20 12 14 18.147     2013 04 20 12 17 33.448     195.3
 2013 04 20 18 50 12.420     2013 04 20 18 52 55.848     163.4
326
327
 2013 04 20 12 14 56.943     2013 04 20 12 15 31.784      34.8
 2013 04 20 18 50 17.572     2013 04 20 18 54 11.943     234.4
328
 2013 04 20 22 09 39.413     2013 04 20 22 12 19.009     159.6
329
 2013 04 20 15 25 15.114     2013 04 20 15 28 55.719     220.6
 2013 04 20 20 21 51.850     2013 04 20 20 25 16.316     204.5
330
 2013 04 20 15 23 50.556     2013 04 20 15 25 38.061     107.5
 2013 04 20 22 00   .585     2013 04 20 22 03  1.073     180.5
331
332
 2013 04 20 12 01 59.807     2013 04 20 12 04 37.244     157.4
333
 2013 04 20 20 35  4.212     2013 04 20 20 35 19.922      15.7
334
 2013 04 20 12 07 25.219     2013 04 20 12 10 47.651     202.4
335
 2013 04 20 13 44  3.383     2013 04 20 13 47  6.870     183.5
 2013 04 20 22 01 16.920     2013 04 20 22 05   .409     223.5
336
 2013 04 20 13 44  6.355     2013 04 20 13 46 44.985     158.6
 2013 04 20 22 01 46.382     2013 04 20 22 05 35.690     229.3
337
 2013 04 20 12 04  4.075     2013 04 20 12 07 34.657     210.6
 2013 04 20 22 08 53.320     2013 04 20 22 11 39.553     166.2
338
 2013 04 20 13 45 37.417     2013 04 20 13 49 13.746     216.3
 2013 04 20 22 03  1.200     2013 04 20 22 06 20.770     199.6
339
 2013 04 20 15 26   .136     2013 04 20 15 29 26.308     206.2
 2013 04 20 20 22 20.539     2013 04 20 20 25  4.760     164.2
340
 2013 04 20 13 51 14.900     2013 04 20 13 51 31.603      16.7
 2013 04 20 15 25 37.775     2013 04 20 15 29 25.822     228.0
 2013 04 20 20 22 21.159     2013 04 20 20 25 18.683     177.5
341
 2013 04 20 12 06 25.941     2013 04 20 12 09 47.802     201.9
 2013 04 20 22 07  6.454     2013 04 20 22 07 18.888      12.4
342
 2013 04 20 10 29 30.980     2013 04 20 10 32 12.826     161.8
 2013 04 20 20 32 22.385     2013 04 20 20 36  6.401     224.0
343
 2013 04 20 00 06 57.197     2013 04 20 00 09 39.384     162.2
 2013 04 20 11 59 16.623     2013 04 20 12 02 19.907     183.3
344
 2013 04 20 12 13  4.071     2013 04 20 12 16 18.511     194.4
 2013 04 20 18 49 44.320     2013 04 20 18 53  4.774     200.5
345
 2013 04 20 22 09 39.258     2013 04 20 22 12 41.470     182.2
346
 2013 04 20 00 01 16.610     2013 04 20 00 04 10.566     174.0
 2013 04 20 13 40 40.243     2013 04 20 13 43 22.703     162.5
 2013 04 20 23 42 16.262     2013 04 20 23 45 10.019     173.8
347
 2013 04 20 10 30 45.813     2013 04 20 10 33 28.223     162.4
 2013 04 20 20 33  6.545     2013 04 20 20 35 45.509     159.0
348
 2013 04 20 22 00  4.419     2013 04 20 22 03 24.630     200.2
349
 2013 04 20 12 14 52.015     2013 04 20 12 17 29.224     157.2
 2013 04 20 18 49 13.803     2013 04 20 18 52 14.696     180.9
350
 2013 04 20 12 12  6.951     2013 04 20 12 15 11.752     184.8
351
 2013 04 20 20 36 16.932     2013 04 20 20 39  8.646     171.7
352
 2013 04 20 13 50  1.581     2013 04 20 13 51 34.611      93.0
 2013 04 20 18 46 47.556     2013 04 20 18 47  7.074      19.5
353
 2013 04 20 20 34 44.189     2013 04 20 20 38 27.950     223.8
354
 2013 04 20 12 01 26.305     2013 04 20 12 04 50.486     204.2
355
 2013 04 20 13 46 42.425     2013 04 20 13 50 13.171     210.7
356
 2013 04 20 12 04 47.895     2013 04 20 12 08  6.685     198.8
 2013 04 20 22 06 32.133     2013 04 20 22 09 34.496     182.4
357
 2013 04 20 12 09 49.566     2013 04 20 12 12 25.464     155.9
 2013 04 20 20 27 29.193     2013 04 20 20 30 39.154     190.0
358
 2013 04 20 22 04 56.511     2013 04 20 22 08 23.589     207.1
359
 2013 04 20 12 02   .991     2013 04 20 12 04 35.660     154.7
360
 2013 04 20 13 49  4.544     2013 04 20 13 52 24.473     199.9
 2013 04 20 15 26 56.423     2013 04 20 15 30 51.541     235.1
 2013 04 20 18 48 19.146     2013 04 20 18 48 24.092       4.9
 2013 04 20 20 23  2.140     2013 04 20 20 26   .025     177.9
361
 2013 04 20 12 07 52.754     2013 04 20 12 09  4.157      71.4
362
 2013 04 20 13 46 50.944     2013 04 20 13 49 52.313     181.4
363
 2013 04 20 12 08  7.251     2013 04 20 12 10 42.669     155.4
364
 2013 04 20 13 45 51.613     2013 04 20 13 47  5.652      74.0
 2013 04 20 22 02 49.916     2013 04 20 22 04  2.332      72.4
365
 2013 04 20 12 15  8.671     2013 04 20 12 18 32.405     203.7
 2013 04 20 18 49 55.047     2013 04 20 18 53 39.892     224.8
366
 2013 04 20 12 05 43.546     2013 04 20 12 08 41.414     177.9
 2013 04 20 22 06 42.445     2013 04 20 22 09 19.980     157.5
367
 2013 04 20 00 06 31.351     2013 04 20 00 09 21.184     169.8
 2013 04 20 12 01 42.478     2013 04 20 12 02 16.897      34.4
368
369
 2013 04 20 00 05 10.524     2013 04 20 00 07 49.210     158.7
370
371
 2013 04 20 12 08 21.006     2013 04 20 12 11 42.215     201.2
372
 2013 04 20 10 34 32.239     2013 04 20 10 35 43.463      71.2
 2013 04 20 20 30 27.843     2013 04 20 20 33 44.756     196.9
373
374
375
 2013 04 20 13 46 52.874     2013 04 20 13 50 23.735     210.9
 2013 04 20 20 25 52.265     2013 04 20 20 26 13.473      21.2
376
 2013 04 20 12 12 16.547     2013 04 20 12 15 49.374     212.8
377
378
 2013 04 20 22 04 25.369     2013 04 20 22 07 23.641     178.3
379
 2013 04 20 10 29 11.582     2013 04 20 10 31 24.171     132.6
 2013 04 20 20 34 21.997     2013 04 20 20 37  4.820     162.8
380
 2013 04 20 13 48 10.677     2013 04 20 13 51 13.504     182.8
 2013 04 20 20 23 12.056     2013 04 20 20 26  1.335     169.3
381
382
 2013 04 20 12 05 39.900     2013 04 20 12 08 19.120     159.2
 2013 04 20 22 07 40.601     2013 04 20 22 10 21.642     161.0
383
 2013 04 20 12 12  3.615     2013 04 20 12 14 48.667     165.1
 2013 04 20 20 26 57.746     2013 04 20 20 27  9.295      11.5
384
 2013 04 20 12 15   .309     2013 04 20 12 17 56.271     176.0
 2013 04 20 13 52 36.499     2013 04 20 13 52 45.519       9.0
 2013 04 20 17 10  9.115     2013 04 20 17 13 56.807     227.7
 2013 04 20 18 48 26.341     2013 04 20 18 51 55.277     208.9
385
 2013 04 20 20 36 51.054     2013 04 20 20 39 31.411     160.4
386
 2013 04 20 00 06 22.111     2013 04 20 00 09 12.210     170.1
387
 2013 04 20 13 41 13.864     2013 04 20 13 41 37.338      23.5
388
 2013 04 20 12 03 28.410     2013 04 20 12 06 23.288     174.9
 2013 04 20 22 11  1.499     2013 04 20 22 12 12.173      70.7
389
 2013 04 20 20 35 43.578     2013 04 20 20 39 28.283     224.7
390
 2013 04 20 13 43 18.671     2013 04 20 13 44 25.278      66.6
 2013 04 20 22 03 31.803     2013 04 20 22 07  4.721     212.9
391
 2013 04 20 22 11 27.056     2013 04 20 22 14 46.587     199.5
392
393
 2013 04 20 00 02 53.672     2013 04 20 00 05 50.755     177.1
 2013 04 20 13 38 16.663     2013 04 20 13 40   .536     103.9
 2013 04 20 23 43 53.077     2013 04 20 23 46 50.442     177.4
394
 2013 04 20 20 29 24.497     2013 04 20 20 32 23.217     178.7
395
 2013 04 20 12 09   .827     2013 04 20 12 11 39.434     158.6
 2013 04 20 20 31 24.069     2013 04 20 20 31 37.128      13.1
396
 2013 04 20 22 09 24.540     2013 04 20 22 12  3.959     159.4
397
 2013 04 20 13 45 19.533     2013 04 20 13 49  7.494     228.0
 2013 04 20 22 00 57.854     2013 04 20 22 03 40.745     162.9
398
 2013 04 20 15 24 53.216     2013 04 20 15 27 43.555     170.3
 2013 04 20 20 20 35.902     2013 04 20 20 20 50.806      14.9
 2013 04 20 21 58 51.496     2013 04 20 22 02 41.857     230.4
399
 2013 04 20 10 32  6.853     2013 04 20 10 33 15.257      68.4
400
401
 2013 04 20 10 39 40.031     2013 04 20 10 40  2.163      22.1
 2013 04 20 18 51 12.291     2013 04 20 18 54  1.685     169.4
402
 2013 04 20 13 42 30.304     2013 04 20 13 45 22.511     172.2
403
 2013 04 20 12 08 12.023     2013 04 20 12 10 51.963     159.9
404
 2013 04 20 00 04 55.446     2013 04 20 00 08 19.649     204.2
405
 2013 04 20 10 31 23.294     2013 04 20 10 34 34.592     191.3
 2013 04 20 20 31 30.399     2013 04 20 20 34 17.530     167.1
406
 2013 04 20 10 34 59.049     2013 04 20 10 37 36.599     157.6
 2013 04 20 18 52 57.157     2013 04 20 18 56 11.108     194.0
407
 2013 04 20 13 46 35.452     2013 04 20 13 50 18.148     222.7
 2013 04 20 22 00  3.233     2013 04 20 22 00 21.054      17.8
408
 2013 04 20 13 48 23.718     2013 04 20 13 51 41.658     197.9
 2013 04 20 20 24 53.708     2013 04 20 20 27 37.173     163.5
409
 2013 04 20 13 45 51.181     2013 04 20 13 49 16.443     205.3
 2013 04 20 22 01   .051     2013 04 20 22 04   .988     180.9
410
 2013 04 20 13 49 39.287     2013 04 20 13 52 21.738     162.5
 2013 04 20 20 23 35.201     2013 04 20 20 26 45.507     190.3
411
 2013 04 20 13 49 13.830     2013 04 20 13 52 30.482     196.7
 2013 04 20 15 27  4.555     2013 04 20 15 30 59.147     234.6
 2013 04 20 18 44 20.143     2013 04 20 18 44 40.299      20.2
 2013 04 20 20 23  1.609     2013 04 20 20 26  7.337     185.7
412
 2013 04 20 00 06 50.516     2013 04 20 00 09 28.069     157.6
 2013 04 20 11 58 59.878     2013 04 20 12 02 21.046     201.2
413
 2013 04 20 10 35 13.900     2013 04 20 10 35 23.953      10.1
 2013 04 20 20 30 44.714     2013 04 20 20 33 32.106     167.4
414
 2013 04 20 12 05  7.207     2013 04 20 12 08 12.989     185.8
 2013 04 20 22 08 18.422     2013 04 20 22 10 57.579     159.2
415
 2013 04 20 12 09 43.866     2013 04 20 12 12 43.506     179.6
 2013 04 20 20 28 18.540     2013 04 20 20 31 13.155     174.6
416
 2013 04 20 20 34 34.120     2013 04 20 20 38  6.479     212.4
417
 2013 04 20 12 02 25.976     2013 04 20 12 05  2.259     156.3
418
419
 2013 04 20 13 44 47.995     2013 04 20 13 47 31.035     163.0
 2013 04 20 22 02 44.651     2013 04 20 22 05 32.607     168.0
420
421
 2013 04 20 10 32 10.675     2013 04 20 10 35  1.098     170.4
 2013 04 20 20 31 10.504     2013 04 20 20 34 43.789     213.3
422
423
 2013 04 20 12 01  4.516     2013 04 20 12 03 47.298     162.8
424
 2013 04 20 10 28 23.511     2013 04 20 10 31  2.920     159.4
425
 2013 04 20 00 05 22.615     2013 04 20 00 08  2.219     159.6
426
 2013 04 20 13 41  3.565     2013 04 20 13 42 31.229      87.7
427
 2013 04 20 12 02 28.502     2013 04 20 12 05 45.178     196.7
428
429
 2013 04 20 13 42 12.373     2013 04 20 13 44 50.457     158.1
430
431
 2013 04 20 12 04  9.993     2013 04 20 12 07 50.867     220.9
 2013 04 20 22 08 58.480     2013 04 20 22 11 37.978     159.5
432
433
 2013 04 20 10 28 35.522     2013 04 20 10 31 17.991     162.5
434
 2013 04 20 12 11  4.438     2013 04 20 12 14 28.079     203.6
 2013 04 20 20 26 19.564     2013 04 20 20 29 17.146     177.6
435
 2013 04 20 13 45 14.876     2013 04 20 13 48 21.303     186.4
 2013 04 20 22 03  5.483     2013 04 20 22 05 46.880     161.4
436
437
 2013 04 20 00 03 57.238     2013 04 20 00 06 36.349     159.1
 2013 04 20 23 44 56.725     2013 04 20 23 47 35.960     159.2
438
 2013 04 20 18 51 10.304     2013 04 20 18 53 48.603     158.3
439
 2013 04 20 12 12 21.890     2013 04 20 12 15  9.618     167.7
440
 2013 04 20 18 50  8.685     2013 04 20 18 54   .384     231.7
441
 2013 04 20 12 10 53.926     2013 04 20 12 13 50.754     176.8
 2013 04 20 20 26 53.073     2013 04 20 20 29 35.748     162.7
442
443
 2013 04 20 12 06 52.791     2013 04 20 12 07 33.516      40.7
 2013 04 20 22 04 54.278     2013 04 20 22 08 36.847     222.6
444
 2013 04 20 10 27 16.054     2013 04 20 10 27 44.763      28.7
445
 2013 04 20 12 13 57.584     2013 04 20 12 16 35.829     158.2
 2013 04 20 18 49 25.483     2013 04 20 18 52  7.236     161.8
446
 2013 04 20 15 24 54.566     2013 04 20 15 27 41.186     166.6
 2013 04 20 20 20 32.975     2013 04 20 20 21  4.413      31.4
 2013 04 20 21 58 46.676     2013 04 20 22 02 37.157     230.5
447
 2013 04 20 10 28 14.915     2013 04 20 10 29 44.842      89.9
 2013 04 20 20 34 22.088     2013 04 20 20 37 55.134     213.0
448
 2013 04 20 12 07 43.503     2013 04 20 12 11 15.107     211.6
449
 2013 04 20 13 48 15.135     2013 04 20 13 51 43.709     208.6
 2013 04 20 15 26  4.496     2013 04 20 15 26 15.725      11.2
 2013 04 20 20 22 59.727     2013 04 20 20 25 38.988     159.3
450
451
 2013 04 20 12 14 51.816     2013 04 20 12 17 34.143     162.3
 2013 04 20 18 48 53.150     2013 04 20 18 51 59.241     186.1
452
 2013 04 20 13 50 39.830     2013 04 20 13 53 34.390     174.6
 2013 04 20 18 46 32.417     2013 04 20 18 49 53.035     200.6
453
 2013 04 20 15 24  3.171     2013 04 20 15 27  7.691     184.5
 2013 04 20 21 59 28.638     2013 04 20 22 02 21.194     172.6
454
 2013 04 20 13 46 38.614     2013 04 20 13 49 50.958     192.3
455
 2013 04 20 13 45 50.114     2013 04 20 13 46 47.917      57.8
 2013 04 20 22 02 51.421     2013 04 20 22 04  1.356      69.9
456
 2013 04 20 13 43 12.156     2013 04 20 13 45 12.922     120.8
 2013 04 20 22 03 21.750     2013 04 20 22 07 10.689     228.9
457
 2013 04 20 13 50 27.591     2013 04 20 13 53 15.834     168.2
 2013 04 20 18 46 11.346     2013 04 20 18 49 47.719     216.4
458
 2013 04 20 10 30  5.618     2013 04 20 10 32 48.450     162.8
 2013 04 20 20 32 27.241     2013 04 20 20 35 30.049     182.8
459
 2013 04 20 10 23 50.232     2013 04 20 10 24 30.486      40.3
 2013 04 20 22 12 53.805     2013 04 20 22 15 33.736     159.9
460
 2013 04 20 13 46 21.649     2013 04 20 13 49 59.466     217.8
 2013 04 20 22 00 21.921     2013 04 20 22 04  9.066     227.1
461
 2013 04 20 00 06 51.457     2013 04 20 00 10 22.745     211.3
 2013 04 20 12 00  4.129     2013 04 20 12 02 39.555     155.4
462
 2013 04 20 13 43 24.485     2013 04 20 13 46  7.561     163.1
463
 2013 04 20 20 25 12.063     2013 04 20 20 29  4.187     232.1
464
465
 2013 04 20 15 25 35.391     2013 04 20 15 28 16.497     161.1
 2013 04 20 20 21 10.130     2013 04 20 20 24 14.573     184.4
466
 2013 04 20 22 10 42.173     2013 04 20 22 13 43.633     181.5
467
 2013 04 20 10 30 12.666     2013 04 20 10 33 26.707     194.0
 2013 04 20 20 33 43.837     2013 04 20 20 36 22.095     158.3
468
 2013 04 20 12 09  6.753     2013 04 20 12 12 51.178     224.4
 2013 04 20 20 26  4.103     2013 04 20 20 29 43.708     219.6
469
 2013 04 20 12 02 43.469     2013 04 20 12 05 48.682     185.2
470
 2013 04 20 22 04 49.840     2013 04 20 22 07 48.038     178.2
471
 2013 04 20 12 10 40.676     2013 04 20 12 11 36.934      56.3
472
 2013 04 20 13 47 42.557     2013 04 20 13 50 27.772     165.2
 2013 04 20 20 23  2.806     2013 04 20 20 26 38.997     216.2
473
 2013 04 20 22 11 43.309     2013 04 20 22 14 33.073     169.8
474
 2013 04 20 12 12 41.671     2013 04 20 12 15 58.011     196.3
 2013 04 20 18 47 51.131     2013 04 20 18 51 23.241     212.1
475
 2013 04 20 12 13 45.507     2013 04 20 12 17 34.666     229.2
 2013 04 20 18 50 35.451     2013 04 20 18 53 13.621     158.2
476
 2013 04 20 12 10 38.709     2013 04 20 12 13 33.835     175.1
 2013 04 20 20 28 10.831     2013 04 20 20 30 52.352     161.5
477
 2013 04 20 12 11 48.159     2013 04 20 12 14 24.870     156.7
 2013 04 20 20 26 52.180     2013 04 20 20 30 27.378     215.2
478
 2013 04 20 12 13  2.223     2013 04 20 12 16 10.395     188.2
 2013 04 20 18 48 10.177     2013 04 20 18 51 20.967     190.8
479
 2013 04 20 10 31  6.543     2013 04 20 10 34 12.685     186.1
 2013 04 20 20 33  1.243     2013 04 20 20 36 11.848     190.6
480
 2013 04 20 10 34 28.619     2013 04 20 10 37 48.159     199.5
 2013 04 20 18 51 35.291     2013 04 20 18 55 20.482     225.2
481
 2013 04 20 13 49 27.704     2013 04 20 13 52 43.058     195.4
 2013 04 20 20 24 48.588     2013 04 20 20 27 54.186     185.6
482
 2013 04 20 12 09 52.677     2013 04 20 12 13 19.718     207.0
 2013 04 20 20 26 32.554     2013 04 20 20 29 24.681     172.1
483
 2013 04 20 22 10 30.879     2013 04 20 22 13 54.899     204.0
484
 2013 04 20 13 41 42.233     2013 04 20 13 44 53.574     191.3
485
 2013 04 20 00 04 36.279     2013 04 20 00 07 21.098     164.8
 2013 04 20 23 45 35.900     2013 04 20 23 48 20.583     164.7
486
 2013 04 20 12 14 17.241     2013 04 20 12 17 24.008     186.8
 2013 04 20 18 48 32.001     2013 04 20 18 51 20.152     168.2
487
 2013 04 20 13 47 11.557     2013 04 20 13 50 44.870     213.3
 2013 04 20 20 27 34.001     2013 04 20 20 28 21.201      47.2
488
 2013 04 20 12 03 45.799     2013 04 20 12 06 45.365     179.6
 2013 04 20 22 08 22.788     2013 04 20 22 11 53.151     210.4
489
 2013 04 20 12 04 56.837     2013 04 20 12 07 34.658     157.8
 2013 04 20 22 07 22.167     2013 04 20 22 10 16.710     174.5
490
 2013 04 20 13 47 37.374     2013 04 20 13 50 17.348     160.0
 2013 04 20 20 23 29.877     2013 04 20 20 24 28.584      58.7
491
 2013 04 20 12 07 58.167     2013 04 20 12 10 42.926     164.8
492
 2013 04 20 12 11 47.571     2013 04 20 12 14 33.955     166.4
 2013 04 20 20 27 14.648     2013 04 20 20 31  5.060     230.4
493
 2013 04 20 15 25 29.008     2013 04 20 15 28 45.738     196.7
 2013 04 20 20 21 44.511     2013 04 20 20 24 56.822     192.3
494
 2013 04 20 12 12 26.361     2013 04 20 12 15  3.308     156.9
495
 2013 04 20 12 00 40.051     2013 04 20 12 00 49.843       9.8
496
 2013 04 20 18 51  9.276     2013 04 20 18 53 48.323     159.0
497
 2013 04 20 13 44  5.022     2013 04 20 13 46 46.611     161.6
 2013 04 20 22 02 25.233     2013 04 20 22 06  4.287     219.1
498
499
 2013 04 20 13 42  9.148     2013 04 20 13 45 12.892     183.7
 2013 04 20 23 39 48.757     2013 04 20 23 39 54.668       5.9
500
 2013 04 20 10 25 35.098     2013 04 20 10 25 49.117      14.0
 2013 04 20 22 11 28.895     2013 04 20 22 15 10.223     221.3
501
 2013 04 20 22 10 33.923     2013 04 20 22 13 58.889     205.0
502
 2013 04 20 10 27 39.367     2013 04 20 10 30 18.733     159.4
503
 2013 04 20 13 46 41.651     2013 04 20 13 49 49.713     188.1
 2013 04 20 22 00 35.275     2013 04 20 22 01 36.227      61.0
504
 2013 04 20 10 35 41.632     2013 04 20 10 39 10.304     208.7
 2013 04 20 18 51 48.439     2013 04 20 18 54 26.461     158.0
505
 2013 04 20 12 02 24.506     2013 04 20 12 04 59.241     154.7
506
 2013 04 20 12 00  3.297     2013 04 20 12 03 26.908     203.6
507
 2013 04 20 10 27 56.587     2013 04 20 10 28 33.411      36.8
 2013 04 20 20 34 27.850     2013 04 20 20 38 13.066     225.2
508
 2013 04 20 00 05  8.373     2013 04 20 00 08 52.255     223.9
 2013 04 20 12 02 59.986     2013 04 20 12 04 15.225      75.2
509
 2013 04 20 22 04 26.663     2013 04 20 22 07  9.927     163.3
510
511
 2013 04 20 22 10 54.413     2013 04 20 22 14 17.152     202.7
512
 2013 04 20 10 35 59.947     2013 04 20 10 39 45.449     225.5
 2013 04 20 18 51 27.978     2013 04 20 18 54 15.313     167.3
513
 2013 04 20 13 46 51.037     2013 04 20 13 50 34.589     223.6
 2013 04 20 20 21 59.276     2013 04 20 20 22 22.625      23.3
514
 2013 04 20 00 07  3.843     2013 04 20 00 07 35.209      31.4
 2013 04 20 12 00  4.440     2013 04 20 12 02 52.820     168.4
515
 2013 04 20 12 08  5.481     2013 04 20 12 10 43.362     157.9
516
 2013 04 20 13 48 16.651     2013 04 20 13 50 53.997     157.3
 2013 04 20 20 23 53.156     2013 04 20 20 26 54.446     181.3
517
 2013 04 20 12 13 14.392     2013 04 20 12 15 57.764     163.4
 2013 04 20 18 49 11.812     2013 04 20 18 52 34.330     202.5
518
 2013 04 20 13 44 10.891     2013 04 20 13 47 18.976     188.1
 2013 04 20 22 03  6.388     2013 04 20 22 06 12.605     186.2
519
 2013 04 20 10 27 47.865     2013 04 20 10 31 30.388     222.5
520
 2013 04 20 12 05  1.956     2013 04 20 12 07 38.281     156.3
 2013 04 20 22 07 48.724     2013 04 20 22 10 32.499     163.8
521
 2013 04 20 00 06 47.864     2013 04 20 00 09 26.658     158.8
 2013 04 20 11 59  6.457     2013 04 20 12 02 26.267     199.8
522
 2013 04 20 12 09 44.385     2013 04 20 12 12 38.168     173.8
 2013 04 20 20 26 53.709     2013 04 20 20 30  6.744     193.0
523
 2013 04 20 12 05 38.234     2013 04 20 12 08 30.208     172.0
 2013 04 20 22 06 51.527     2013 04 20 22 09 28.810     157.3
524
 2013 04 20 12 01 26.459     2013 04 20 12 02  7.975      41.5
525
 2013 04 20 13 46 16.279     2013 04 20 13 49 14.298     178.0
 2013 04 20 22 01 10.751     2013 04 20 22 04 29.863     199.1
526
 2013 04 20 13 48 11.343     2013 04 20 13 48 30.689      19.3
 2013 04 20 22 00 49.586     2013 04 20 22 03 40.804     171.2
527
528
 2013 04 20 12 10 11.494     2013 04 20 12 11 17.189      65.7
 2013 04 20 20 28 51.428     2013 04 20 20 31 40.989     169.6
529
 2013 04 20 10 25 54.286     2013 04 20 10 28 28.919     154.6
530
 2013 04 20 12 12 11.703     2013 04 20 12 14 49.841     158.1
 2013 04 20 20 26 41.512     2013 04 20 20 26 43.300       1.8
531
 2013 04 20 13 50 43.043     2013 04 20 13 53 28.148     165.1
 2013 04 20 18 46 24.121     2013 04 20 18 49 39.579     195.5
532
 2013 04 20 12 11 49.435     2013 04 20 12 14 37.320     167.9
 2013 04 20 20 26 25.830     2013 04 20 20 30  4.699     218.9
533
 2013 04 20 20 30  6.938     2013 04 20 20 33 21.475     194.5
534
 2013 04 20 12 06 22.803     2013 04 20 12 09  1.345     158.5
 2013 04 20 22 07  4.907     2013 04 20 22 10 19.435     194.5
535
536
 2013 04 20 00 04 50.422     2013 04 20 00 07 35.976     165.6
537
538
 2013 04 20 13 49  8.327     2013 04 20 13 52  1.507     173.2
 2013 04 20 20 24 37.132     2013 04 20 20 27 19.315     162.2
539
540
541
 2013 04 20 10 28 25.189     2013 04 20 10 28 45.866      20.7
542
 2013 04 20 00 01  8.192     2013 04 20 00 04 28.061     199.9
 2013 04 20 13 40 54.418     2013 04 20 13 43 47.554     173.1
 2013 04 20 23 42  7.899     2013 04 20 23 45 27.465     199.6
543
544
 2013 04 20 12 02  4.991     2013 04 20 12 03 53.593     108.6
545
 2013 04 20 13 50 15.303     2013 04 20 13 52 52.677     157.4
 2013 04 20 18 45 36.925     2013 04 20 18 49 19.745     222.8
 2013 04 20 20 23 35.867     2013 04 20 20 25 31.418     115.6
546
 2013 04 20 22 04 53.699     2013 04 20 22 07 54.652     181.0
547
 2013 04 20 22 04 44.210     2013 04 20 22 08  2.520     198.3
548
 2013 04 20 00 01 47.765     2013 04 20 00 04 52.444     184.7
 2013 04 20 13 40 16.125     2013 04 20 13 43 36.723     200.6
 2013 04 20 23 42 47.446     2013 04 20 23 45 51.870     184.4
549
 2013 04 20 12 12 59.567     2013 04 20 12 15 53.106     173.5
 2013 04 20 18 49 15.114     2013 04 20 18 52 54.336     219.2
550
 2013 04 20 13 48 53.646     2013 04 20 13 52 29.679     216.0
 2013 04 20 15 26 58.013     2013 04 20 15 30 37.386     219.4
 2013 04 20 18 47 49.810     2013 04 20 18 48 10.709      20.9
 2013 04 20 20 22 51.439     2013 04 20 20 25 47.975     176.5
551
 2013 04 20 12 12 36.509     2013 04 20 12 16  2.447     205.9
 2013 04 20 18 47 44.673     2013 04 20 18 51 15.904     211.2
552
 2013 04 20 13 47 31.929     2013 04 20 13 50  9.573     157.6
 2013 04 20 20 26 42.332     2013 04 20 20 27 24.062      41.7
553
 2013 04 20 20 37 34.457     2013 04 20 20 40 24.888     170.4
554
555
 2013 04 20 00 05 57.285     2013 04 20 00 08 36.209     158.9
556
 2013 04 20 20 36  5.607     2013 04 20 20 39  6.398     180.8
557
 2013 04 20 12 04 31.085     2013 04 20 12 05  1.800      30.7
558
 2013 04 20 15 22 59.041     2013 04 20 15 23 53.588      54.5
 2013 04 20 22 00  8.716     2013 04 20 22 02 48.124     159.4
559
 2013 04 20 22 12   .948     2013 04 20 22 15 16.986     196.0
560
 2013 04 20 13 49 11.233     2013 04 20 13 52 19.857     188.6
 2013 04 20 20 24 49.869     2013 04 20 20 27 37.360     167.5
561
 2013 04 20 18 51  7.883     2013 04 20 18 53 46.449     158.6
562
 2013 04 20 12 11 59.034     2013 04 20 12 15 37.764     218.7
563
 2013 04 20 13 48  3.356     2013 04 20 13 50 41.584     158.2
 2013 04 20 20 23 29.847     2013 04 20 20 26 44.122     194.3
564
 2013 04 20 13 46 33.563     2013 04 20 13 49 36.975     183.4
 2013 04 20 22 00 48.727     2013 04 20 22 04 35.035     226.3
565
 2013 04 20 20 33 51.075     2013 04 20 20 35 40.802     109.7
566
 2013 04 20 10 31 53.931     2013 04 20 10 32  1.956       8.0
 2013 04 20 20 30 22.703     2013 04 20 20 33 46.947     204.2
567
 2013 04 20 12 09  2.989     2013 04 20 12 12 40.363     217.4
 2013 04 20 20 26  4.906     2013 04 20 20 29 54.524     229.6
568
 2013 04 20 10 29 11.927     2013 04 20 10 30 27.390      75.5
 2013 04 20 20 34 25.406     2013 04 20 20 37  5.863     160.5
569
 2013 04 20 12 00 33.229     2013 04 20 12 03 18.096     164.9
570
 2013 04 20 10 34   .396     2013 04 20 10 37 48.707     228.3
 2013 04 20 18 54 58.361     2013 04 20 18 55 17.871      19.5
571
 2013 04 20 22 03 47.371     2013 04 20 22 06 51.196     183.8
572
 2013 04 20 15 23 48.106     2013 04 20 15 26 59.824     191.7
 2013 04 20 21 59 37.420     2013 04 20 22 02 21.163     163.7
573
 2013 04 20 13 49 52.236     2013 04 20 13 52 29.581     157.3
 2013 04 20 18 49 23.122     2013 04 20 18 49 24.161       1.0
 2013 04 20 20 23 47.481     2013 04 20 20 27  8.553     201.1
574
575
 2013 04 20 13 49 41.316     2013 04 20 13 52 30.027     168.7
 2013 04 20 18 44 48.944     2013 04 20 18 45  8.633      19.7
 2013 04 20 20 23 22.703     2013 04 20 20 26 41.057     198.4
576
 2013 04 20 20 37  3.956     2013 04 20 20 40 26.277     202.3
577
 2013 04 20 13 43 55.217     2013 04 20 13 47  9.198     194.0
 2013 04 20 22 01  5.437     2013 04 20 22 04 55.903     230.5
578
 2013 04 20 10 29 24.051     2013 04 20 10 32 49.063     205.0
 2013 04 20 20 31 35.219     2013 04 20 20 35 24.835     229.6
579
 2013 04 20 10 27 48.828     2013 04 20 10 28 27.095      38.3
 2013 04 20 20 34 25.328     2013 04 20 20 34 29.807       4.5
580
 2013 04 20 20 29 33.722     2013 04 20 20 32 16.707     163.0
581
 2013 04 20 12 11 51.594     2013 04 20 12 15 20.179     208.6
582
 2013 04 20 00 03 49.088     2013 04 20 00 06 36.919     167.8
 2013 04 20 23 44 48.522     2013 04 20 23 47 36.582     168.1
583
 2013 04 20 13 51  9.087     2013 04 20 13 54  9.741     180.7
 2013 04 20 18 47  7.011     2013 04 20 18 49 57.656     170.6
584
 2013 04 20 20 25 35.870     2013 04 20 20 28 23.621     167.8
585
 2013 04 20 13 44 12.373     2013 04 20 13 46 48.998     156.6
 2013 04 20 22 01 56.490     2013 04 20 22 05 36.223     219.7
586
 2013 04 20 00 03 34.580     2013 04 20 00 07 12.798     218.2
 2013 04 20 23 44 33.912     2013 04 20 23 48 12.555     218.6
587
588
 2013 04 20 12 16 23.372     2013 04 20 12 16 30.286       6.9
 2013 04 20 13 50 32.050     2013 04 20 13 52 19.045     107.0
 2013 04 20 18 47 22.055     2013 04 20 18 50 41.534     199.5
589
590
 2013 04 20 12 08 18.705     2013 04 20 12 11  2.535     163.8
591
 2013 04 20 20 36 53.748     2013 04 20 20 40 35.140     221.4
592
 2013 04 20 13 42 22.748     2013 04 20 13 45 44.036     201.3
593
 2013 04 20 00 04 17.652     2013 04 20 00 07 13.291     175.6
 2013 04 20 23 45 17.057     2013 04 20 23 48 12.983     175.9
594
 2013 04 20 00 01 13.304     2013 04 20 00 03 55.964     162.7
 2013 04 20 13 40 32.793     2013 04 20 13 43  8.842     156.0
 2013 04 20 23 42 12.910     2013 04 20 23 44 55.461     162.6
595
 2013 04 20 20 36  1.150     2013 04 20 20 39 30.333     209.2
596
 2013 04 20 13 43  6.281     2013 04 20 13 46 38.640     212.4
597
 2013 04 20 13 44 15.401     2013 04 20 13 47 16.752     181.4
 2013 04 20 22 03   .480     2013 04 20 22 06  6.680     186.2
598
 2013 04 20 00 00 13.513     2013 04 20 00 01 38.891      85.4
 2013 04 20 13 41 40.055     2013 04 20 13 44 18.156     158.1
 2013 04 20 23 41 13.257     2013 04 20 23 42 41.410      88.2
599
 2013 04 20 12 14 11.988     2013 04 20 12 17  6.135     174.1
 2013 04 20 18 49 54.606     2013 04 20 18 52 33.131     158.5
600
 2013 04 20 22 10 18.804     2013 04 20 22 10 55.351      36.5
601
 2013 04 20 10 31 54.036     2013 04 20 10 35  8.752     194.7
 2013 04 20 20 31   .521     2013 04 20 20 34 15.972     195.5
602
 2013 04 20 22 12  5.404     2013 04 20 22 14 59.772     174.4
603
 2013 04 20 20 30 17.986     2013 04 20 20 33  4.947     167.0
604
 2013 04 20 13 48 54.574     2013 04 20 13 51 50.568     176.0
 2013 04 20 20 23 27.804     2013 04 20 20 26  8.547     160.7
605
 2013 04 20 00 02 26.351     2013 04 20 00 06 13.342     227.0
 2013 04 20 23 43 26.093     2013 04 20 23 47 12.710     226.6
606
 2013 04 20 00 01 39.434     2013 04 20 00 04 26.666     167.2
 2013 04 20 13 39 36.672     2013 04 20 13 42 14.674     158.0
 2013 04 20 23 42 38.876     2013 04 20 23 45 26.315     167.4
607
 2013 04 20 12 00 33.124     2013 04 20 12 01 18.768      45.6
608
 2013 04 20 18 50 44.690     2013 04 20 18 53 30.512     165.8
609
 2013 04 20 12 13 47.821     2013 04 20 12 17   .262     192.4
 2013 04 20 18 48 28.946     2013 04 20 18 51  7.376     158.4
610
 2013 04 20 00 04 48.169     2013 04 20 00 07 39.902     171.7
611
 2013 04 20 12 12 20.005     2013 04 20 12 15  6.882     166.9
612
 2013 04 20 00 01 33.873     2013 04 20 00 04 52.160     198.3
 2013 04 20 13 40 30.659     2013 04 20 13 43 48.853     198.2
 2013 04 20 23 42 33.579     2013 04 20 23 45 51.564     198.0
613
 2013 04 20 12 00 34.693     2013 04 20 12 04 10.329     215.6
614
 2013 04 20 00 03 41.691     2013 04 20 00 07  4.033     202.3
 2013 04 20 23 44 41.043     2013 04 20 23 48  3.772     202.7
615
 2013 04 20 20 37 38.156     2013 04 20 20 40 17.758     159.6
616
 2013 04 20 13 42 49.865     2013 04 20 13 45 32.415     162.6
617
 2013 04 20 12 02 40.227     2013 04 20 12 05 50.134     189.9
618
 2013 04 20 10 29  8.908     2013 04 20 10 32 54.612     225.7
 2013 04 20 20 34 34.262     2013 04 20 20 35 21.776      47.5
619
 2013 04 20 12 10 23.335     2013 04 20 12 13 11.910     168.6
 2013 04 20 20 27  9.007     2013 04 20 20 29 49.978     161.0
620
 2013 04 20 13 43 17.051     2013 04 20 13 46  3.538     166.5
621
 2013 04 20 12 01 40.285     2013 04 20 12 05  3.812     203.5
622
 2013 04 20 13 49 32.698     2013 04 20 13 51  7.887      95.2
 2013 04 20 20 25  3.760     2013 04 20 20 28 38.630     214.9
623
 2013 04 20 12 04 25.012     2013 04 20 12 07 47.085     202.1
 2013 04 20 22 08 44.106     2013 04 20 22 11 23.725     159.6
624
 2013 04 20 12 10 35.161     2013 04 20 12 14 23.238     228.1
 2013 04 20 20 28 33.552     2013 04 20 20 31 39.696     186.1
625
 2013 04 20 10 31 56.058     2013 04 20 10 34 35.401     159.3
 2013 04 20 20 32  4.079     2013 04 20 20 35 41.222     217.1
626
627
 2013 04 20 22 07 59.571     2013 04 20 22 08 30.090      30.5
628
 2013 04 20 13 47 49.792     2013 04 20 13 50 35.899     166.1
 2013 04 20 20 23 53.293     2013 04 20 20 27 27.091     213.8
629
 2013 04 20 18 50 55.222     2013 04 20 18 53 38.386     163.2
630
 2013 04 20 12 03 37.897     2013 04 20 12 06 16.825     158.9
631
 2013 04 20 13 49 41.210     2013 04 20 13 53  9.835     208.6
 2013 04 20 20 24 48.236     2013 04 20 20 28 18.723     210.5
632
633
 2013 04 20 20 34 41.713     2013 04 20 20 38 29.903     228.2
634
635
 2013 04 20 10 29 42.091     2013 04 20 10 32 43.749     181.7
 2013 04 20 20 33 44.553     2013 04 20 20 36 32.676     168.1
636
 2013 04 20 10 33 18.279     2013 04 20 10 35 54.920     156.6
637
 2013 04 20 12 02   .721     2013 04 20 12 05 22.845     202.1
638
 2013 04 20 12 14 24.425     2013 04 20 12 17  2.061     157.6
 2013 04 20 18 49 14.199     2013 04 20 18 51 55.201     161.0
639
 2013 04 20 10 26 57.424     2013 04 20 10 30 13.662     196.2
640
 2013 04 20 12 12 49.553     2013 04 20 12 15 28.938     159.4
 2013 04 20 18 48 17.161     2013 04 20 18 49  7.162      50.0
641
 2013 04 20 12 03 34.388     2013 04 20 12 06 21.444     167.1
 2013 04 20 22 11  7.649     2013 04 20 22 12  4.659      57.0
642
 2013 04 20 10 25  9.189     2013 04 20 10 28 20.378     191.2
 2013 04 20 22 12 33.438     2013 04 20 22 15 41.898     188.5
643
644
 2013 04 20 12 12 54.112     2013 04 20 12 16 19.061     204.9
 2013 04 20 18 47 58.920     2013 04 20 18 51  7.290     188.4
645
 2013 04 20 12 03 15.925     2013 04 20 12 06  5.246     169.3
646
 2013 04 20 12 09 44.388     2013 04 20 12 12 23.965     159.6
 2013 04 20 20 27 47.670     2013 04 20 20 30 57.508     189.8
647
 2013 04 20 13 48 27.501     2013 04 20 13 51 58.688     211.2
 2013 04 20 20 25  6.063     2013 04 20 20 27 45.612     159.5
648
 2013 04 20 13 46 55.084     2013 04 20 13 50 20.903     205.8
649
 2013 04 20 10 29 47.072     2013 04 20 10 30 11.390      24.3
 2013 04 20 20 34 12.853     2013 04 20 20 36 58.559     165.7
650
 2013 04 20 13 42 41.849     2013 04 20 13 43 21.011      39.2
651
 2013 04 20 10 26 32.461     2013 04 20 10 29 29.296     176.8
652
 2013 04 20 13 48 13.468     2013 04 20 13 50 51.301     157.8
 2013 04 20 20 23 38.471     2013 04 20 20 26 41.101     182.6
653
 2013 04 20 22 04 30.556     2013 04 20 22 08 15.417     224.9
654
 2013 04 20 12 13  1.057     2013 04 20 12 16  1.151     180.1
 2013 04 20 18 48 12.493     2013 04 20 18 51 31.206     198.7
655
 2013 04 20 12 07 40.092     2013 04 20 12 10 19.246     159.2
656
 2013 04 20 10 30  5.666     2013 04 20 10 32 40.525     154.9
 2013 04 20 20 32 51.937     2013 04 20 20 35 49.128     177.2
657
658
 2013 04 20 20 34 51.714     2013 04 20 20 38 17.961     206.2
659
 2013 04 20 00 00 59.100     2013 04 20 00 03 36.454     157.4
 2013 04 20 13 40 16.909     2013 04 20 13 42 55.358     158.4
 2013 04 20 23 41 58.625     2013 04 20 23 44 36.026     157.4
660
661
 2013 04 20 15 22 35.690     2013 04 20 15 26  3.516     207.8
 2013 04 20 21 59 28.793     2013 04 20 22 02 37.382     188.6
662
 2013 04 20 12 09  4.565     2013 04 20 12 12 20.363     195.8
 2013 04 20 20 26 16.303     2013 04 20 20 26 27.812      11.5
663
 2013 04 20 22 11 25.622     2013 04 20 22 14 31.963     186.3
664
665
666
 2013 04 20 13 42 58.692     2013 04 20 13 46 34.410     215.7
667
 2013 04 20 12 07 21.714     2013 04 20 12 10 23.512     181.8
 2013 04 20 22 05 10.912     2013 04 20 22 05 32.136      21.2
668
 2013 04 20 00 01 13.517     2013 04 20 00 04 36.209     202.7
 2013 04 20 13 40 50.156     2013 04 20 13 43 50.278     180.1
 2013 04 20 23 42 13.227     2013 04 20 23 45 35.608     202.4
669
 2013 04 20 13 45 24.901     2013 04 20 13 49 15.215     230.3
 2013 04 20 22 03 13.429     2013 04 20 22 06 28.029     194.6
670
 2013 04 20 15 23 36.825     2013 04 20 15 26 13.960     157.1
 2013 04 20 21 58 44.209     2013 04 20 22 01 22.700     158.5
671
 2013 04 20 10 31  8.429     2013 04 20 10 33 43.440     155.0
 2013 04 20 20 32 37.472     2013 04 20 20 35 20.046     162.6
672
 2013 04 20 13 48 53.952     2013 04 20 13 52 15.440     201.5
 2013 04 20 15 26 45.041     2013 04 20 15 27 55.572      70.5
 2013 04 20 20 23  4.043     2013 04 20 20 25 53.380     169.3
673
 2013 04 20 20 30 19.628     2013 04 20 20 33 35.145     195.5
674
 2013 04 20 10 33 25.803     2013 04 20 10 37  2.929     217.1
675
 2013 04 20 10 29 59.775     2013 04 20 10 30 33.202      33.4
676
 2013 04 20 12 13  5.297     2013 04 20 12 13 18.293      13.0
 2013 04 20 20 25 53.225     2013 04 20 20 29 17.394     204.2
677
 2013 04 20 22 04 15.121     2013 04 20 22 07 32.110     197.0
678
 2013 04 20 12 11 11.791     2013 04 20 12 13 53.413     161.6
 2013 04 20 20 27 40.276     2013 04 20 20 30 38.792     178.5
679
 2013 04 20 10 27 10.900     2013 04 20 10 27 45.859      35.0
 2013 04 20 22 12 44.131     2013 04 20 22 15 26.838     162.7
680
 2013 04 20 13 51 48.288     2013 04 20 13 55  4.515     196.2
 2013 04 20 18 47 44.955     2013 04 20 18 50 24.562     159.6
681
682
 2013 04 20 12 12 31.445     2013 04 20 12 16  3.306     211.9
 2013 04 20 18 49 34.116     2013 04 20 18 49 58.166      24.1
683
 2013 04 20 10 32  3.621     2013 04 20 10 34 42.713     159.1
 2013 04 20 20 31 34.474     2013 04 20 20 35  1.206     206.7
684
 2013 04 20 00 03 42.492     2013 04 20 00 06 20.333     157.8
 2013 04 20 23 44 41.997     2013 04 20 23 47 19.928     157.9
685
 2013 04 20 13 51 36.496     2013 04 20 13 54 52.287     195.8
 2013 04 20 18 47 39.730     2013 04 20 18 50 18.321     158.6
686
 2013 04 20 12 09 29.772     2013 04 20 12 12 14.617     164.8
 2013 04 20 20 26 56.089     2013 04 20 20 30 32.443     216.4
687
 2013 04 20 00 06 21.622     2013 04 20 00 09 12.443     170.8
688
 2013 04 20 10 32 50.443     2013 04 20 10 35 31.893     161.5
689
 2013 04 20 13 49 17.576     2013 04 20 13 51 55.504     157.9
 2013 04 20 20 23 55.520     2013 04 20 20 26 41.531     166.0
690
 2013 04 20 00 03   .599     2013 04 20 00 06 43.225     222.6
 2013 04 20 13 37 21.774     2013 04 20 13 37 41.886      20.1
 2013 04 20 23 43 59.928     2013 04 20 23 47 42.982     223.1
691
 2013 04 20 15 24 19.151     2013 04 20 15 27 21.629     182.5
 2013 04 20 21 59 20.912     2013 04 20 22 02 29.259     188.3
692
 2013 04 20 10 29 31.911     2013 04 20 10 32 33.640     181.7
 2013 04 20 20 31 57.178     2013 04 20 20 35 40.440     223.3
693
 2013 04 20 00 03 14.007     2013 04 20 00 05 59.467     165.5
 2013 04 20 23 44 13.452     2013 04 20 23 46 59.117     165.7
694
695
 2013 04 20 20 34  2.043     2013 04 20 20 34 21.744      19.7
696
 2013 04 20 10 33 24.106     2013 04 20 10 36   .280     156.2
697
 2013 04 20 12 09 37.057     2013 04 20 12 12 14.101     157.0
 2013 04 20 20 27 36.317     2013 04 20 20 30 58.725     202.4
698
 2013 04 20 12 12 42.674     2013 04 20 12 16 20.832     218.2
 2013 04 20 18 47 47.324     2013 04 20 18 51   .130     192.8
699
 2013 04 20 13 46 48.893     2013 04 20 13 49 46.355     177.5
