s2
0
 2013 04 20 12 11 26.761     2013 04 20 12 11 42.214      15.5
1
 2013 04 20 13 53 43.823     2013 04 20 13 56 22.139     158.3
 2013 04 20 20 28 46.269     2013 04 20 20 31 54.609     188.3
2
 2013 04 20 20 41 23.274     2013 04 20 20 41 38.374      15.1
3
 2013 04 20 12 19 25.874     2013 04 20 12 22 17.213     171.3
 2013 04 20 18 54 46.038     2013 04 20 18 57 34.003     168.0
4
 2013 04 20 12 12  8.110     2013 04 20 12 12 41.875      33.8
5
 2013 04 20 12 08  8.582     2013 04 20 12 10 49.264     160.7
6
 2013 04 20 12 17 45.945     2013 04 20 12 18 20.074      34.1
7
 2013 04 20 12 10 38.478     2013 04 20 12 13 19.566     161.1
 2013 04 20 22 12 44.371     2013 04 20 22 15 26.692     162.3
8
 2013 04 20 13 53  1.271     2013 04 20 13 53 40.523      39.3
 2013 04 20 22 05 29.082     2013 04 20 22 08 40.845     191.8
9
 2013 04 20 20 42 28.610     2013 04 20 20 45 10.844     162.2
10
 2013 04 20 00 12  6.539     2013 04 20 00 15  6.121     179.6
11
 2013 04 20 10 29 43.445     2013 04 20 10 33 12.712     209.3
 2013 04 20 22 17 50.017     2013 04 20 22 20 29.642     159.6
12
 2013 04 20 20 34 18.098     2013 04 20 20 37  1.934     163.8
13
 2013 04 20 22 09  5.712     2013 04 20 22 12  9.270     183.6
14
15
 2013 04 20 20 39 56.294     2013 04 20 20 42 32.785     156.5
16
 2013 04 20 12 09 55.360     2013 04 20 12 12 41.096     165.7
 2013 04 20 22 12 50.572     2013 04 20 22 16  6.661     196.1
17
 2013 04 20 10 40 31.829     2013 04 20 10 43  9.279     157.5
 2013 04 20 18 57 49.627     2013 04 20 19 01 32.373     222.7
18
 2013 04 20 13 51 40.939     2013 04 20 13 54 40.155     179.2
 2013 04 20 22 06   .092     2013 04 20 22 09  6.412     186.3
19
 2013 04 20 12 06 48.724     2013 04 20 12 09 25.245     156.5
20
 2013 04 20 12 17 12.264     2013 04 20 12 20 37.786     205.5
 2013 04 20 20 32 37.629     2013 04 20 20 33 39.702      62.1
21
 2013 04 20 12 07 21.580     2013 04 20 12 10 57.589     216.0
22
 2013 04 20 22 15 45.057     2013 04 20 22 18 31.407     166.4
23
 2013 04 20 22 15 19.970     2013 04 20 22 18 31.675     191.7
24
 2013 04 20 13 49 51.017     2013 04 20 13 52 34.104     163.1
 2013 04 20 22 06 26.053     2013 04 20 22 09 58.272     212.2
25
 2013 04 20 12 09 17.430     2013 04 20 12 11 52.131     154.7
26
 2013 04 20 13 54 22.857     2013 04 20 13 57 54.617     211.8
 2013 04 20 15 32 12.839     2013 04 20 15 35 59.571     226.7
 2013 04 20 20 27 50.072     2013 04 20 20 30 39.733     169.7
27
 2013 04 20 22 09  8.191     2013 04 20 22 11 44.590     156.4
28
 2013 04 20 10 35 13.727     2013 04 20 10 38 15.025     181.3
 2013 04 20 20 38 35.640     2013 04 20 20 41 42.983     187.3
29
 2013 04 20 12 09 10.206     2013 04 20 12 12 28.181     198.0
30
 2013 04 20 22 09 34.816     2013 04 20 22 12 12.300     157.5
31
 2013 04 20 13 49 36.830     2013 04 20 13 52 51.005     194.2
 2013 04 20 22 07 52.469     2013 04 20 22 11  3.121     190.7
32
 2013 04 20 10 41 41.592     2013 04 20 10 45 31.292     229.7
 2013 04 20 18 56 32.837     2013 04 20 18 59 12.999     160.2
33
 2013 04 20 12 17  2.698     2013 04 20 12 19 59.085     176.4
 2013 04 20 20 31 32.306     2013 04 20 20 34 33.147     180.8
34
 2013 04 20 15 30  3.960     2013 04 20 15 32 51.332     167.4
 2013 04 20 22 03 40.784     2013 04 20 22 07  8.198     207.4
35
 2013 04 20 13 54 20.227     2013 04 20 13 57  5.467     165.2
 2013 04 20 20 29 19.290     2013 04 20 20 31 57.868     158.6
36
 2013 04 20 15 30  2.161     2013 04 20 15 32 51.616     169.5
 2013 04 20 20 24 42.398     2013 04 20 20 28 24.948     222.5
 2013 04 20 22 02 41.892     2013 04 20 22 06 18.532     216.6
37
 2013 04 20 13 51  2.354     2013 04 20 13 53 53.185     170.8
 2013 04 20 22 07 32.663     2013 04 20 22 10 13.681     161.0
38
 2013 04 20 10 36 51.430     2013 04 20 10 39 35.149     163.7
 2013 04 20 20 37 54.170     2013 04 20 20 40 35.686     161.5
39
 2013 04 20 22 13 13.383     2013 04 20 22 16 43.472     210.1
40
 2013 04 20 10 41  9.943     2013 04 20 10 44 18.128     188.2
 2013 04 20 18 57  5.451     2013 04 20 18 59 56.236     170.8
41
 2013 04 20 12 12 30.469     2013 04 20 12 15 12.468     162.0
 2013 04 20 22 11 26.976     2013 04 20 22 15 13.896     226.9
42
 2013 04 20 00 11 27.488     2013 04 20 00 14 21.683     174.2
43
 2013 04 20 18 56 13.113     2013 04 20 18 59 12.762     179.6
44
 2013 04 20 13 48 26.700     2013 04 20 13 51  1.611     154.9
45
 2013 04 20 00 12 46.324     2013 04 20 00 15 53.907     187.6
 2013 04 20 12 08 21.708     2013 04 20 12 09 23.471      61.8
46
 2013 04 20 12 11 25.232     2013 04 20 12 14 35.188     190.0
 2013 04 20 22 12 38.121     2013 04 20 22 15 38.533     180.4
47
 2013 04 20 00 12 24.572     2013 04 20 00 15 38.396     193.8
48
49
50
 2013 04 20 10 37 29.623     2013 04 20 10 40 15.989     166.4
 2013 04 20 20 36 41.321     2013 04 20 20 39 32.823     171.5
51
 2013 04 20 13 48 39.914     2013 04 20 13 52  5.766     205.9
52
 2013 04 20 12 09 50.530     2013 04 20 12 12 27.107     156.6
 2013 04 20 22 12 29.989     2013 04 20 22 16  6.845     216.9
53
 2013 04 20 13 51 29.208     2013 04 20 13 54  6.501     157.3
 2013 04 20 22 06 43.539     2013 04 20 22 09 32.954     169.4
54
55
 2013 04 20 12 10 59.031     2013 04 20 12 13 47.459     168.4
 2013 04 20 22 12 47.207     2013 04 20 22 15 22.091     154.9
56
 2013 04 20 20 41 58.863     2013 04 20 20 44 47.420     168.6
57
 2013 04 20 13 48 31.882     2013 04 20 13 51 18.141     166.3
58
 2013 04 20 08 55 33.214     2013 04 20 08 58 40.189     187.0
 2013 04 20 20 43 27.337     2013 04 20 20 46  1.207     153.9
59
 2013 04 20 12 19 13.135     2013 04 20 12 21 53.240     160.1
 2013 04 20 18 53 52.384     2013 04 20 18 56 52.061     179.7
60
 2013 04 20 10 30 14.775     2013 04 20 10 30 19.017       4.2
 2013 04 20 22 17 20.322     2013 04 20 22 19 55.129     154.8
61
 2013 04 20 22 07 43.347     2013 04 20 22 08 10.955      27.6
62
 2013 04 20 22 14 43.498     2013 04 20 22 17 18.016     154.5
63
64
 2013 04 20 10 40 24.635     2013 04 20 10 43 36.929     192.3
 2013 04 20 18 56 42.485     2013 04 20 19 00 27.927     225.4
65
 2013 04 20 12 17   .927     2013 04 20 12 19 44.689     163.8
 2013 04 20 20 32 32.579     2013 04 20 20 35 36.562     184.0
66
 2013 04 20 12 17  5.628     2013 04 20 12 17 17.794      12.2
67
 2013 04 20 22 09 39.610     2013 04 20 22 12 44.981     185.4
68
 2013 04 20 22 14 39.593     2013 04 20 22 17 54.713     195.1
69
 2013 04 20 12 13 23.060     2013 04 20 12 16  1.364     158.3
70
 2013 04 20 00 09 41.849     2013 04 20 00 12 33.329     171.5
 2013 04 20 13 44 51.727     2013 04 20 13 45  4.980      13.3
71
 2013 04 20 20 40  8.649     2013 04 20 20 43 20.414     191.8
72
 2013 04 20 20 42 19.788     2013 04 20 20 45 15.740     176.0
73
 2013 04 20 13 53 40.187     2013 04 20 13 56 39.777     179.6
 2013 04 20 20 29 18.414     2013 04 20 20 32 22.709     184.3
74
 2013 04 20 12 19 35.414     2013 04 20 12 23 21.834     226.4
 2013 04 20 13 57 35.733     2013 04 20 14 01 11.255     215.5
 2013 04 20 18 53  7.522     2013 04 20 18 55 53.781     166.3
75
 2013 04 20 20 40  4.978     2013 04 20 20 43 33.334     208.4
76
 2013 04 20 10 35  8.545     2013 04 20 10 37 47.698     159.2
 2013 04 20 20 38   .831     2013 04 20 20 41 43.195     222.4
77
 2013 04 20 22 09 41.866     2013 04 20 22 12 24.312     162.4
78
 2013 04 20 10 41 17.956     2013 04 20 10 44 32.374     194.4
 2013 04 20 18 57  2.302     2013 04 20 18 59 45.682     163.4
79
 2013 04 20 12 10 46.355     2013 04 20 12 13 26.982     160.6
 2013 04 20 22 12 42.284     2013 04 20 22 15 21.015     158.7
80
 2013 04 20 00 11  2.375     2013 04 20 00 14 14.539     192.2
81
 2013 04 20 13 49  3.929     2013 04 20 13 51 42.893     159.0
82
 2013 04 20 22 13  5.048     2013 04 20 22 13 31.756      26.7
83
 2013 04 20 12 09 56.367     2013 04 20 12 12 44.931     168.6
 2013 04 20 22 12 55.029     2013 04 20 22 16  6.527     191.5
84
 2013 04 20 12 13 29.243     2013 04 20 12 13 45.141      15.9
85
 2013 04 20 22 16 24.647     2013 04 20 22 19 39.680     195.0
86
 2013 04 20 12 16 29.207     2013 04 20 12 19 33.391     184.2
 2013 04 20 20 31 41.422     2013 04 20 20 34 20.103     158.7
87
 2013 04 20 22 14 20.211     2013 04 20 22 16 56.303     156.1
88
89
 2013 04 20 22 14 45.315     2013 04 20 22 17 21.127     155.8
90
 2013 04 20 13 56 27.740     2013 04 20 13 59 20.419     172.7
 2013 04 20 18 51 48.407     2013 04 20 18 54 51.948     183.5
91
 2013 04 20 10 39 29.193     2013 04 20 10 42  5.032     155.8
92
 2013 04 20 10 31  5.126     2013 04 20 10 34 39.330     214.2
 2013 04 20 22 16 52.744     2013 04 20 22 19 57.458     184.7
93
 2013 04 20 10 41 29.470     2013 04 20 10 45 16.871     227.4
 2013 04 20 18 56 38.221     2013 04 20 18 59 15.162     156.9
94
 2013 04 20 13 52 25.533     2013 04 20 13 55 26.554     181.0
 2013 04 20 22 05 17.653     2013 04 20 22 05 30.498      12.8
95
 2013 04 20 00 09 15.962     2013 04 20 00 12 39.762     203.8
 2013 04 20 13 45 19.184     2013 04 20 13 45 21.283       2.1
96
 2013 04 20 13 47 47.723     2013 04 20 13 51 20.631     212.9
97
 2013 04 20 20 40 58.475     2013 04 20 20 44 27.536     209.1
98
99
 2013 04 20 18 55 45.870     2013 04 20 18 59  8.005     202.1
100
101
 2013 04 20 10 41 40.807     2013 04 20 10 44 31.122     170.3
 2013 04 20 18 57 25.054     2013 04 20 19 00  2.393     157.3
102
 2013 04 20 12 14 13.700     2013 04 20 12 15 11.767      58.1
 2013 04 20 22 10 37.635     2013 04 20 22 13 13.030     155.4
103
104
 2013 04 20 18 56 11.890     2013 04 20 18 58 56.733     164.8
105
 2013 04 20 20 34 18.400     2013 04 20 20 36 56.239     157.8
106
 2013 04 20 12 13 11.991     2013 04 20 12 13 34.179      22.2
 2013 04 20 22 14 30.823     2013 04 20 22 14 38.324       7.5
107
 2013 04 20 10 31 15.923     2013 04 20 10 34 12.766     176.8
108
 2013 04 20 22 14 40.909     2013 04 20 22 17 15.260     154.4
109
 2013 04 20 08 55 45.374     2013 04 20 08 58 55.743     190.4
 2013 04 20 20 43 17.451     2013 04 20 20 45 52.458     155.0
110
 2013 04 20 00 06 52.268     2013 04 20 00 10 16.738     204.5
 2013 04 20 13 47   .528     2013 04 20 13 49 50.076     169.5
 2013 04 20 23 45 25.457     2013 04 20 23 48 39.196     193.7
111
 2013 04 20 12 11  5.792     2013 04 20 12 13 48.249     162.5
 2013 04 20 22 12 38.384     2013 04 20 22 15 13.322     154.9
112
 2013 04 20 22 16 37.100     2013 04 20 22 19 43.370     186.3
113
 2013 04 20 22 15  5.842     2013 04 20 22 17 45.592     159.8
114
 2013 04 20 20 35 34.852     2013 04 20 20 35 57.364      22.5
115
 2013 04 20 10 36 27.777     2013 04 20 10 39 42.243     194.5
 2013 04 20 20 38 23.790     2013 04 20 20 41  8.281     164.5
116
 2013 04 20 13 49 54.101     2013 04 20 13 52 29.513     155.4
 2013 04 20 22 06 53.085     2013 04 20 22 10 19.828     206.7
117
118
 2013 04 20 22 09  3.429     2013 04 20 22 12 34.628     211.2
119
 2013 04 20 12 17  4.607     2013 04 20 12 19 41.772     157.2
 2013 04 20 20 32 19.588     2013 04 20 20 35 21.159     181.6
120
 2013 04 20 22 09 51.312     2013 04 20 22 12 29.358     158.0
121
 2013 04 20 13 53 50.434     2013 04 20 13 54 23.221      32.8
 2013 04 20 20 30 21.936     2013 04 20 20 32 59.572     157.6
122
 2013 04 20 12 12 59.177     2013 04 20 12 15 44.975     165.8
 2013 04 20 22 10 21.203     2013 04 20 22 11 25.831      64.6
123
 2013 04 20 12 19 13.519     2013 04 20 12 22  9.295     175.8
 2013 04 20 18 53 37.425     2013 04 20 18 56 26.838     169.4
124
 2013 04 20 12 16 36.146     2013 04 20 12 19 45.972     189.8
 2013 04 20 20 33  4.888     2013 04 20 20 36  1.579     176.7
125
 2013 04 20 00 12  3.231     2013 04 20 00 15 34.825     211.6
126
 2013 04 20 18 55 53.290     2013 04 20 18 59 43.114     229.8
127
 2013 04 20 12 10 26.098     2013 04 20 12 13  2.477     156.4
 2013 04 20 22 12  3.545     2013 04 20 22 15 12.532     189.0
128
 2013 04 20 12 20 38.801     2013 04 20 12 23 41.565     182.8
 2013 04 20 18 54 54.832     2013 04 20 18 58  7.172     192.3
129
 2013 04 20 22 15 26.287     2013 04 20 22 18   .572     154.3
130
 2013 04 20 00 13  7.195     2013 04 20 00 16 11.034     183.8
131
 2013 04 20 12 18 48.714     2013 04 20 12 21 33.078     164.4
 2013 04 20 18 53 28.380     2013 04 20 18 56 54.979     206.6
132
 2013 04 20 13 50 34.280     2013 04 20 13 54  9.804     215.5
 2013 04 20 22 05 55.601     2013 04 20 22 08 32.951     157.4
133
 2013 04 20 12 15  6.340     2013 04 20 12 18  9.191     182.9
 2013 04 20 20 31 27.133     2013 04 20 20 35  6.097     219.0
134
 2013 04 20 13 48 51.509     2013 04 20 13 49 38.296      46.8
 2013 04 20 22 08 16.767     2013 04 20 22 11 48.371     211.6
135
 2013 04 20 13 53  3.607     2013 04 20 13 56  4.850     181.2
 2013 04 20 20 28 49.677     2013 04 20 20 29 31.940      42.3
136
 2013 04 20 13 48 43.553     2013 04 20 13 51 18.517     155.0
137
 2013 04 20 12 15 29.067     2013 04 20 12 18 55.349     206.3
 2013 04 20 20 33 35.894     2013 04 20 20 36 16.339     160.4
138
139
 2013 04 20 12 16 15.332     2013 04 20 12 19 44.814     209.5
 2013 04 20 20 31 23.190     2013 04 20 20 34   .730     157.5
140
 2013 04 20 12 16 29.998     2013 04 20 12 20 20.455     230.5
 2013 04 20 20 33 18.849     2013 04 20 20 36 37.869     199.0
141
 2013 04 20 18 56 13.058     2013 04 20 18 58 53.845     160.8
142
 2013 04 20 00 06 33.029     2013 04 20 00 10 10.081     217.1
 2013 04 20 13 47 10.008     2013 04 20 13 50  7.321     177.3
 2013 04 20 23 45  6.684     2013 04 20 23 48 32.169     205.5
143
144
 2013 04 20 20 41 37.260     2013 04 20 20 45  8.067     210.8
145
 2013 04 20 00 11 58.358     2013 04 20 00 14 49.676     171.3
146
 2013 04 20 20 39 34.593     2013 04 20 20 42 10.245     155.7
147
 2013 04 20 12 20 13.911     2013 04 20 12 23 50.119     216.2
 2013 04 20 18 55 24.774     2013 04 20 18 58 23.930     179.2
148
 2013 04 20 12 16 52.848     2013 04 20 12 20  8.171     195.3
 2013 04 20 20 32 53.823     2013 04 20 20 36 14.220     200.4
149
 2013 04 20 10 40  9.747     2013 04 20 10 42 59.526     169.8
150
151
 2013 04 20 13 52 53.340     2013 04 20 13 55 29.966     156.6
152
 2013 04 20 13 51   .445     2013 04 20 13 53 53.747     173.3
 2013 04 20 22 07 35.493     2013 04 20 22 10 16.409     160.9
153
154
 2013 04 20 15 27 17.635     2013 04 20 15 27 42.748      25.1
 2013 04 20 22 04 16.436     2013 04 20 22 07 59.809     223.4
155
 2013 04 20 10 34 59.931     2013 04 20 10 35 32.342      32.4
 2013 04 20 20 39 56.755     2013 04 20 20 40 13.997      17.2
156
 2013 04 20 20 39 31.693     2013 04 20 20 42  6.259     154.6
157
 2013 04 20 20 30  8.816     2013 04 20 20 33 51.710     222.9
158
 2013 04 20 12 14   .849     2013 04 20 12 16 40.964     160.1
159
 2013 04 20 22 10 10.758     2013 04 20 22 13 10.247     179.5
160
 2013 04 20 15 29 26.769     2013 04 20 15 30  2.467      35.7
 2013 04 20 22 04 42.979     2013 04 20 22 08  2.370     199.4
161
 2013 04 20 12 11 25.984     2013 04 20 12 14  8.047     162.1
 2013 04 20 22 12 26.655     2013 04 20 22 15  7.386     160.7
162
 2013 04 20 22 18 21.968     2013 04 20 22 18 37.827      15.9
163
 2013 04 20 12 18 54.884     2013 04 20 12 21 34.885     160.0
 2013 04 20 18 54  5.328     2013 04 20 18 57 33.025     207.7
164
165
 2013 04 20 12 10  6.335     2013 04 20 12 13 11.599     185.3
 2013 04 20 22 13 14.483     2013 04 20 22 16  1.870     167.4
166
 2013 04 20 20 41 42.295     2013 04 20 20 44 41.345     179.0
167
 2013 04 20 22 17 12.215     2013 04 20 22 18 37.962      85.7
168
169
 2013 04 20 12 08  1.656     2013 04 20 12 10 36.181     154.5
170
 2013 04 20 20 33 55.819     2013 04 20 20 34  1.194       5.4
171
 2013 04 20 12 15 20.896     2013 04 20 12 18 24.017     183.1
 2013 04 20 20 31 34.714     2013 04 20 20 34 52.887     198.2
172
 2013 04 20 15 29 57.193     2013 04 20 15 32 50.867     173.7
 2013 04 20 17 07 22.156     2013 04 20 17 07 27.777       5.6
 2013 04 20 20 24 36.616     2013 04 20 20 28 19.726     223.1
 2013 04 20 22 02 38.393     2013 04 20 22 06 11.680     213.3
173
 2013 04 20 12 09 16.244     2013 04 20 12 09 43.549      27.3
 2013 04 20 22 14   .414     2013 04 20 22 16 48.551     168.1
174
 2013 04 20 00 08  6.304     2013 04 20 00 11  9.586     183.3
 2013 04 20 13 46 24.829     2013 04 20 13 49  3.080     158.3
175
 2013 04 20 00 13 40.679     2013 04 20 00 16 23.626     162.9
 2013 04 20 12 07 14.185     2013 04 20 12 07 55.806      41.6
176
 2013 04 20 10 30 50.864     2013 04 20 10 33 25.326     154.5
 2013 04 20 22 18 26.236     2013 04 20 22 21 35.195     189.0
177
178
 2013 04 20 20 34 18.864     2013 04 20 20 37  8.914     170.0
179
 2013 04 20 00 09 49.178     2013 04 20 00 12 28.472     159.3
 2013 04 20 13 44 40.488     2013 04 20 13 45 25.005      44.5
180
 2013 04 20 12 16 21.918     2013 04 20 12 19 18.303     176.4
 2013 04 20 20 31 51.456     2013 04 20 20 34 28.196     156.7
181
182
 2013 04 20 20 35  1.665     2013 04 20 20 37 46.927     165.3
183
 2013 04 20 12 10 59.119     2013 04 20 12 13 37.588     158.5
 2013 04 20 22 12 35.294     2013 04 20 22 15 11.004     155.7
184
 2013 04 20 12 12 34.996     2013 04 20 12 15 32.288     177.3
185
 2013 04 20 13 51 23.599     2013 04 20 13 54 14.286     170.7
 2013 04 20 22 07 20.549     2013 04 20 22 10 17.692     177.1
186
 2013 04 20 12 21 56.026     2013 04 20 12 24 54.851     178.8
 2013 04 20 17 17 23.511     2013 04 20 17 20 24.489     181.0
187
188
 2013 04 20 15 30  7.732     2013 04 20 15 33 13.125     185.4
 2013 04 20 22 03 52.979     2013 04 20 22 07 36.108     223.1
189
 2013 04 20 12 18 51.384     2013 04 20 12 21 50.548     179.2
 2013 04 20 18 53 21.213     2013 04 20 18 56 31.279     190.1
190
 2013 04 20 13 55 21.157     2013 04 20 13 58 49.453     208.3
 2013 04 20 20 29 38.181     2013 04 20 20 33 16.412     218.2
191
 2013 04 20 10 34 11.548     2013 04 20 10 37 10.905     179.4
192
 2013 04 20 12 11 28.432     2013 04 20 12 14 40.545     192.1
 2013 04 20 22 11  9.660     2013 04 20 22 13 45.175     155.5
193
 2013 04 20 12 14 44.599     2013 04 20 12 18 25.469     220.9
 2013 04 20 20 33 36.769     2013 04 20 20 36 48.702     191.9
194
 2013 04 20 12 17 40.383     2013 04 20 12 20 32.368     172.0
 2013 04 20 20 32  2.460     2013 04 20 20 32 23.928      21.5
195
 2013 04 20 00 09 18.384     2013 04 20 00 11 57.047     158.7
 2013 04 20 13 45 13.391     2013 04 20 13 48 30.738     197.3
196
197
 2013 04 20 10 37 35.828     2013 04 20 10 40 48.781     193.0
 2013 04 20 20 37 17.644     2013 04 20 20 38  9.186      51.5
198
 2013 04 20 10 41 45.592     2013 04 20 10 44 52.925     187.3
 2013 04 20 18 57  6.881     2013 04 20 18 59 43.766     156.9
199
 2013 04 20 12 14 21.919     2013 04 20 12 18  3.012     221.1
 2013 04 20 20 33 25.497     2013 04 20 20 37  8.964     223.5
200
 2013 04 20 10 37  2.021     2013 04 20 10 37 30.941      28.9
201
 2013 04 20 10 34 10.814     2013 04 20 10 37 18.477     187.7
202
 2013 04 20 00 10 48.094     2013 04 20 00 13 38.798     170.7
203
 2013 04 20 13 51 22.136     2013 04 20 13 54  9.607     167.5
 2013 04 20 22 07 19.112     2013 04 20 22 10 12.649     173.5
204
 2013 04 20 12 16 44.505     2013 04 20 12 19 41.696     177.2
 2013 04 20 20 32 53.560     2013 04 20 20 35 50.301     176.7
205
 2013 04 20 12 18 23.736     2013 04 20 12 21  5.045     161.3
206
 2013 04 20 18 55 57.850     2013 04 20 18 59 25.482     207.6
207
208
 2013 04 20 12 16  2.968     2013 04 20 12 18 59.595     176.6
 2013 04 20 20 33 10.892     2013 04 20 20 35 47.293     156.4
209
 2013 04 20 10 40  4.197     2013 04 20 10 43 18.989     194.8
210
 2013 04 20 12 11 32.009     2013 04 20 12 12 33.006      61.0
211
 2013 04 20 13 50 10.724     2013 04 20 13 53 37.296     206.6
 2013 04 20 22 08 10.316     2013 04 20 22 10 47.850     157.5
212
 2013 04 20 12 13 12.993     2013 04 20 12 16 14.174     181.2
213
214
 2013 04 20 20 41 18.358     2013 04 20 20 44 24.077     185.7
215
 2013 04 20 12 06 51.935     2013 04 20 12 09 37.650     165.7
216
 2013 04 20 15 30 27.441     2013 04 20 15 33 33.786     186.3
 2013 04 20 20 25 59.751     2013 04 20 20 29 46.964     227.2
217
218
 2013 04 20 00 12   .541     2013 04 20 00 12  4.441       3.9
 2013 04 20 12 06 24.565     2013 04 20 12 10   .356     215.8
219
 2013 04 20 22 15 42.923     2013 04 20 22 18 17.186     154.3
220
 2013 04 20 13 47 13.734     2013 04 20 13 47 25.237      11.5
221
222
 2013 04 20 22 13  1.895     2013 04 20 22 13 34.550      32.7
223
224
 2013 04 20 18 55 46.515     2013 04 20 18 58 54.683     188.2
225
 2013 04 20 13 55  1.030     2013 04 20 13 57 53.536     172.5
 2013 04 20 20 29 25.666     2013 04 20 20 32 20.337     174.7
226
 2013 04 20 12 14 16.096     2013 04 20 12 16 54.218     158.1
227
 2013 04 20 10 42 17.745     2013 04 20 10 45 22.122     184.4
 2013 04 20 18 56 55.980     2013 04 20 18 59 48.861     172.9
228
 2013 04 20 13 48 27.644     2013 04 20 13 49  5.231      37.6
 2013 04 20 22 11 40.551     2013 04 20 22 12 11.749      31.2
229
 2013 04 20 13 49 30.017     2013 04 20 13 52  9.774     159.8
 2013 04 20 22 09 50.942     2013 04 20 22 10 24.947      34.0
230
 2013 04 20 12 14 29.238     2013 04 20 12 17  4.673     155.4
231
 2013 04 20 13 49 49.484     2013 04 20 13 49 50.171        .7
 2013 04 20 22 08 40.505     2013 04 20 22 11 16.506     156.0
232
 2013 04 20 13 54  5.503     2013 04 20 13 57 55.998     230.5
 2013 04 20 15 32  8.454     2013 04 20 15 35 41.404     212.9
 2013 04 20 20 27 39.465     2013 04 20 20 30 24.582     165.1
233
 2013 04 20 13 53  1.998     2013 04 20 13 55 56.136     174.1
 2013 04 20 20 27 37.400     2013 04 20 20 31 26.365     229.0
234
235
 2013 04 20 12 14 28.356     2013 04 20 12 17  5.489     157.1
236
 2013 04 20 10 41 28.860     2013 04 20 10 41 47.054      18.2
 2013 04 20 18 56 32.571     2013 04 20 18 59  9.793     157.2
237
 2013 04 20 10 30 35.455     2013 04 20 10 31 13.106      37.7
 2013 04 20 22 17  8.814     2013 04 20 22 19 51.354     162.5
238
 2013 04 20 10 38 18.725     2013 04 20 10 41  9.591     170.9
 2013 04 20 20 35 47.542     2013 04 20 20 39 35.662     228.1
239
 2013 04 20 20 40 39.460     2013 04 20 20 44 22.724     223.3
240
 2013 04 20 12 10 23.188     2013 04 20 12 13 11.823     168.6
 2013 04 20 22 11 40.995     2013 04 20 22 14 56.367     195.4
241
 2013 04 20 10 36 55.628     2013 04 20 10 39 44.538     168.9
 2013 04 20 20 36 59.676     2013 04 20 20 39 35.012     155.3
242
243
 2013 04 20 08 58 30.563     2013 04 20 08 59 30.520      60.0
 2013 04 20 20 42 44.149     2013 04 20 20 45 18.319     154.2
244
 2013 04 20 10 35 31.048     2013 04 20 10 38  8.180     157.1
 2013 04 20 20 38   .614     2013 04 20 20 41 17.811     197.2
245
 2013 04 20 12 14  6.466     2013 04 20 12 14 40.689      34.2
 2013 04 20 20 33 39.662     2013 04 20 20 37 24.454     224.8
246
 2013 04 20 10 39 54.842     2013 04 20 10 42 41.679     166.8
247
248
 2013 04 20 12 08 45.904     2013 04 20 12 12 21.294     215.4
249
 2013 04 20 12 17  1.326     2013 04 20 12 19 40.368     159.0
 2013 04 20 20 32 26.223     2013 04 20 20 35 26.365     180.1
250
 2013 04 20 10 33 42.517     2013 04 20 10 37  4.577     202.1
251
 2013 04 20 12 15   .303     2013 04 20 12 15 23.821      23.5
 2013 04 20 20 34  2.410     2013 04 20 20 36 44.264     161.9
252
 2013 04 20 13 53  1.343     2013 04 20 13 55 39.761     158.4
 2013 04 20 20 31 31.985     2013 04 20 20 31 58.488      26.5
253
 2013 04 20 20 40 37.995     2013 04 20 20 43 27.935     169.9
254
255
256
 2013 04 20 12 20 40.973     2013 04 20 12 23 40.714     179.7
 2013 04 20 18 54 51.562     2013 04 20 18 58  5.192     193.6
257
 2013 04 20 15 31  8.443     2013 04 20 15 34 10.651     182.2
 2013 04 20 20 26 39.038     2013 04 20 20 29 36.113     177.1
258
 2013 04 20 13 53 36.321     2013 04 20 13 54 34.846      58.5
 2013 04 20 20 30 13.144     2013 04 20 20 32 57.707     164.6
259
260
 2013 04 20 13 52 40.617     2013 04 20 13 55 19.933     159.3
261
262
 2013 04 20 13 53 10.038     2013 04 20 13 56 25.261     195.2
 2013 04 20 20 29 12.287     2013 04 20 20 32 49.134     216.8
263
 2013 04 20 12 20 54.484     2013 04 20 12 23 32.706     158.2
 2013 04 20 18 54 16.003     2013 04 20 18 57 38.735     202.7
264
 2013 04 20 20 42 11.359     2013 04 20 20 45 47.029     215.7
265
 2013 04 20 08 55  2.600     2013 04 20 08 58 44.987     222.4
 2013 04 20 20 43  6.693     2013 04 20 20 45 48.994     162.3
266
267
268
 2013 04 20 13 49 33.381     2013 04 20 13 52 19.546     166.2
 2013 04 20 22 07 13.975     2013 04 20 22 10 56.004     222.0
269
270
 2013 04 20 10 32   .603     2013 04 20 10 35 24.879     204.3
 2013 04 20 22 16   .145     2013 04 20 22 16 11.575      11.4
271
 2013 04 20 12 20 44.013     2013 04 20 12 23 21.845     157.8
 2013 04 20 18 54 19.817     2013 04 20 18 57 28.895     189.1
272
 2013 04 20 10 33  9.237     2013 04 20 10 35 53.079     163.8
273
 2013 04 20 12 12  2.436     2013 04 20 12 12 51.127      48.7
274
 2013 04 20 10 40 48.076     2013 04 20 10 41 40.551      52.5
 2013 04 20 20 35 17.864     2013 04 20 20 38 32.277     194.4
275
 2013 04 20 13 52 52.117     2013 04 20 13 55 45.964     173.8
 2013 04 20 20 30 56.851     2013 04 20 20 31 33.860      37.0
276
 2013 04 20 10 37 48.043     2013 04 20 10 40 22.418     154.4
 2013 04 20 20 36 51.566     2013 04 20 20 40  9.672     198.1
277
278
 2013 04 20 15 27 42.363     2013 04 20 15 28 26.132      43.8
 2013 04 20 22 04 32.662     2013 04 20 22 07 43.432     190.8
279
 2013 04 20 13 53 24.703     2013 04 20 13 56 31.533     186.8
 2013 04 20 20 27 51.317     2013 04 20 20 30 56.829     185.5
280
 2013 04 20 15 30 26.400     2013 04 20 15 33 55.902     209.5
 2013 04 20 20 26 21.090     2013 04 20 20 30  5.208     224.1
281
 2013 04 20 12 10 17.843     2013 04 20 12 13 28.524     190.7
 2013 04 20 22 11 17.346     2013 04 20 22 14 37.061     199.7
282
 2013 04 20 12 15 53.673     2013 04 20 12 18 29.927     156.3
 2013 04 20 20 32 37.350     2013 04 20 20 35 24.882     167.5
283
 2013 04 20 12 11 56.375     2013 04 20 12 12 32.289      35.9
284
 2013 04 20 10 40 47.510     2013 04 20 10 43 53.549     186.0
 2013 04 20 18 58 42.438     2013 04 20 19 01 37.964     175.5
285
 2013 04 20 13 48  8.796     2013 04 20 13 50 43.856     155.1
286
 2013 04 20 20 34 19.295     2013 04 20 20 37 11.002     171.7
287
 2013 04 20 12 09 22.731     2013 04 20 12 12   .773     158.0
288
 2013 04 20 13 52 36.769     2013 04 20 13 52 45.889       9.1
 2013 04 20 20 29 41.011     2013 04 20 20 33 31.625     230.6
289
 2013 04 20 22 15  4.373     2013 04 20 22 15 55.788      51.4
290
 2013 04 20 13 49  5.049     2013 04 20 13 52 14.776     189.7
291
 2013 04 20 13 56  6.295     2013 04 20 13 59 55.214     228.9
 2013 04 20 18 52 20.595     2013 04 20 18 55 40.433     199.8
292
 2013 04 20 10 35 38.016     2013 04 20 10 38 21.114     163.1
 2013 04 20 20 38 14.151     2013 04 20 20 41 15.287     181.1
293
 2013 04 20 12 05 59.236     2013 04 20 12 09 35.702     216.5
294
 2013 04 20 00 14 22.215     2013 04 20 00 17  5.629     163.4
 2013 04 20 12 05   .974     2013 04 20 12 07 43.598     162.6
295
 2013 04 20 12 08 55.105     2013 04 20 12 12 11.573     196.5
 2013 04 20 22 16 13.166     2013 04 20 22 17 12.815      59.6
296
 2013 04 20 13 53 46.983     2013 04 20 13 57 30.347     223.4
 2013 04 20 15 31 40.187     2013 04 20 15 35 31.779     231.6
 2013 04 20 20 27 44.685     2013 04 20 20 30 22.510     157.8
297
 2013 04 20 10 37 17.837     2013 04 20 10 40 36.092     198.3
 2013 04 20 20 36 15.572     2013 04 20 20 39   .594     165.0
298
299
 2013 04 20 12 19 18.901     2013 04 20 12 19 27.222       8.3
 2013 04 20 13 57 28.330     2013 04 20 14 00 55.909     207.6
 2013 04 20 18 52 59.965     2013 04 20 18 55 41.605     161.6
300
 2013 04 20 15 30 19.950     2013 04 20 15 32 11.525     111.6
 2013 04 20 20 26 36.853     2013 04 20 20 30 23.226     226.4
301
 2013 04 20 12 12 46.164     2013 04 20 12 13 25.257      39.1
302
 2013 04 20 13 47 40.168     2013 04 20 13 50 39.902     179.7
 2013 04 20 23 44 30.737     2013 04 20 23 44 55.381      24.6
303
304
 2013 04 20 00 09 51.277     2013 04 20 00 12 37.502     166.2
 2013 04 20 13 44  5.696     2013 04 20 13 47 42.168     216.5
305
 2013 04 20 22 15  9.628     2013 04 20 22 17 48.946     159.3
306
 2013 04 20 13 48  1.216     2013 04 20 13 50 51.118     169.9
307
 2013 04 20 10 40 57.383     2013 04 20 10 40 59.639       2.3
 2013 04 20 18 56 32.246     2013 04 20 18 59 18.377     166.1
308
 2013 04 20 12 19 58.671     2013 04 20 12 22 55.796     177.1
 2013 04 20 18 53 45.610     2013 04 20 18 56 27.934     162.3
309
 2013 04 20 22 08 34.249     2013 04 20 22 11 48.740     194.5
310
 2013 04 20 22 14 30.332     2013 04 20 22 18  4.761     214.4
311
 2013 04 20 12 19  4.625     2013 04 20 12 21 59.815     175.2
 2013 04 20 18 53 32.582     2013 04 20 18 56 30.477     177.9
312
 2013 04 20 13 57 13.463     2013 04 20 13 57 33.892      20.4
 2013 04 20 15 31 36.060     2013 04 20 15 35  9.172     213.1
 2013 04 20 20 27 27.994     2013 04 20 20 30  6.709     158.7
313
 2013 04 20 13 47  6.304     2013 04 20 13 50 36.509     210.2
314
 2013 04 20 00 12 49.433     2013 04 20 00 16 32.559     223.1
 2013 04 20 12 06  3.164     2013 04 20 12 09 14.021     190.9
315
 2013 04 20 12 12 33.939     2013 04 20 12 15 15.631     161.7
 2013 04 20 22 10 54.422     2013 04 20 22 14 18.262     203.8
316
 2013 04 20 13 54 24.054     2013 04 20 13 57  2.715     158.7
 2013 04 20 20 29  6.790     2013 04 20 20 31 44.925     158.1
317
 2013 04 20 13 57 35.486     2013 04 20 13 57 43.089       7.6
 2013 04 20 15 31 45.331     2013 04 20 15 35 11.557     206.2
 2013 04 20 20 27 26.987     2013 04 20 20 30  4.875     157.9
318
 2013 04 20 00 13 32.715     2013 04 20 00 14  9.940      37.2
 2013 04 20 12 06  6.590     2013 04 20 12 08 39.742     153.2
319
 2013 04 20 13 49 15.771     2013 04 20 13 52 34.758     199.0
 2013 04 20 22 09 22.599     2013 04 20 22 09 45.799      23.2
320
 2013 04 20 00 06 17.428     2013 04 20 00 10   .788     223.4
 2013 04 20 13 47 13.609     2013 04 20 13 50 21.596     188.0
 2013 04 20 23 44 51.260     2013 04 20 23 48 22.761     211.5
321
 2013 04 20 10 31 52.625     2013 04 20 10 35 28.951     216.3
322
 2013 04 20 13 47 38.713     2013 04 20 13 51  6.144     207.4
323
 2013 04 20 10 38 26.820     2013 04 20 10 41 49.588     202.8
 2013 04 20 20 35  3.696     2013 04 20 20 35 38.121      34.4
324
 2013 04 20 00 11 40.105     2013 04 20 00 14 14.161     154.1
325
 2013 04 20 12 20  7.257     2013 04 20 12 23 36.996     209.7
 2013 04 20 18 55 23.675     2013 04 20 18 58 13.974     170.3
326
327
 2013 04 20 10 46 32.761     2013 04 20 10 47   .125      27.4
 2013 04 20 18 55 21.729     2013 04 20 18 55 30.306       8.6
328
 2013 04 20 22 14 30.137     2013 04 20 22 17 18.069     167.9
329
 2013 04 20 13 56 42.606     2013 04 20 13 56 52.040       9.4
 2013 04 20 15 30 45.234     2013 04 20 15 34 38.247     233.0
 2013 04 20 20 27  3.295     2013 04 20 20 30 16.376     193.1
330
 2013 04 20 15 29 19.082     2013 04 20 15 29 34.752      15.7
 2013 04 20 22 04 48.861     2013 04 20 22 08  1.230     192.4
331
332
 2013 04 20 12 07 57.763     2013 04 20 12 10 31.834     154.1
333
334
 2013 04 20 12 13 31.662     2013 04 20 12 16 31.426     179.8
335
 2013 04 20 13 49 56.163     2013 04 20 13 52 43.927     167.8
 2013 04 20 22 06 22.922     2013 04 20 22 09 46.195     203.3
336
 2013 04 20 13 49 53.328     2013 04 20 13 52 28.754     155.4
 2013 04 20 22 06 53.117     2013 04 20 22 10 20.838     207.7
337
 2013 04 20 12 09 44.994     2013 04 20 12 10 21.819      36.8
 2013 04 20 22 13 53.890     2013 04 20 22 16 29.287     155.4
338
 2013 04 20 13 51 12.831     2013 04 20 13 52 16.068      63.2
 2013 04 20 22 07 46.154     2013 04 20 22 11 24.399     218.2
339
 2013 04 20 13 57  3.642     2013 04 20 13 57 29.276      25.6
 2013 04 20 15 31 31.153     2013 04 20 15 35  7.518     216.4
 2013 04 20 20 27 27.808     2013 04 20 20 30  7.641     159.8
340
 2013 04 20 13 53 14.722     2013 04 20 13 57  5.761     231.0
 2013 04 20 15 31  8.254     2013 04 20 15 32 12.322      64.1
 2013 04 20 20 27 30.588     2013 04 20 20 30 20.000     169.4
341
 2013 04 20 12 12  8.652     2013 04 20 12 14  1.262     112.6
342
 2013 04 20 10 35 41.135     2013 04 20 10 38 14.884     153.7
 2013 04 20 20 37 41.980     2013 04 20 20 40 58.395     196.4
343
 2013 04 20 00 14  3.852     2013 04 20 00 17  5.987     182.1
 2013 04 20 12 05 24.226     2013 04 20 12 08  5.250     161.0
344
 2013 04 20 12 18 52.129     2013 04 20 12 22 23.200     211.1
 2013 04 20 18 55  7.780     2013 04 20 18 58 13.133     185.4
345
 2013 04 20 22 14 24.067     2013 04 20 22 17 46.171     202.1
346
 2013 04 20 00 08 19.913     2013 04 20 00 11 40.217     200.3
 2013 04 20 13 46 18.509     2013 04 20 13 49 16.713     178.2
347
 2013 04 20 10 36 43.652     2013 04 20 10 39 43.281     179.6
 2013 04 20 20 38  7.857     2013 04 20 20 40 54.316     166.5
348
 2013 04 20 22 05  7.772     2013 04 20 22 08 12.580     184.8
349
 2013 04 20 12 20 46.481     2013 04 20 12 23 25.263     158.8
 2013 04 20 18 54 22.466     2013 04 20 18 57 34.581     192.1
350
 2013 04 20 12 17 54.823     2013 04 20 12 21 16.430     201.6
351
 2013 04 20 20 41 29.560     2013 04 20 20 44  6.306     156.7
352
 2013 04 20 12 21 28.074     2013 04 20 12 21 51.754      23.7
 2013 04 20 13 55 41.037     2013 04 20 13 55 56.719      15.7
 2013 04 20 18 52 11.086     2013 04 20 18 55 59.340     228.3
353
 2013 04 20 20 39 34.854     2013 04 20 20 39 46.707      11.9
354
 2013 04 20 12 07 36.490     2013 04 20 12 10 32.520     176.0
355
 2013 04 20 13 52 18.977     2013 04 20 13 56  9.595     230.6
356
 2013 04 20 12 10 55.690     2013 04 20 12 13 50.045     174.4
 2013 04 20 22 11 36.193     2013 04 20 22 14 21.264     165.1
357
 2013 04 20 12 15 43.950     2013 04 20 12 18 22.349     158.4
 2013 04 20 20 32 43.042     2013 04 20 20 35 36.694     173.7
358
 2013 04 20 22 10  3.238     2013 04 20 22 13  8.217     185.0
359
 2013 04 20 12 07 53.982     2013 04 20 12 10 35.390     161.4
360
 2013 04 20 13 54 54.824     2013 04 20 13 58  2.332     187.5
 2013 04 20 15 32 28.367     2013 04 20 15 33  8.368      40.0
 2013 04 20 18 49 30.633     2013 04 20 18 49 44.584      14.0
 2013 04 20 20 28  1.722     2013 04 20 20 31  8.755     187.0
361
 2013 04 20 20 37 46.212     2013 04 20 20 37 55.622       9.4
362
 2013 04 20 13 52 29.189     2013 04 20 13 55 46.217     197.0
363
 2013 04 20 12 14  1.007     2013 04 20 12 16 40.567     159.6
364
365
 2013 04 20 12 20 58.319     2013 04 20 12 24 35.597     217.3
 2013 04 20 17 20 56.031     2013 04 20 17 21  8.555      12.5
 2013 04 20 18 54 59.963     2013 04 20 18 55 47.199      47.2
366
 2013 04 20 12 11 47.667     2013 04 20 12 14 28.513     160.8
 2013 04 20 22 11 35.598     2013 04 20 22 14 16.802     161.2
367
 2013 04 20 00 13 56.081     2013 04 20 00 16 29.962     153.9
 2013 04 20 12 04 26.791     2013 04 20 12 07 55.007     208.2
368
369
 2013 04 20 00 12 19.959     2013 04 20 00 15 13.245     173.3
370
 2013 04 20 12 17 40.958     2013 04 20 12 17 43.627       2.7
371
 2013 04 20 12 14 26.648     2013 04 20 12 17 26.510     179.9
372
 2013 04 20 10 38  7.281     2013 04 20 10 41 33.766     206.5
 2013 04 20 20 35 21.855     2013 04 20 20 38 59.942     218.1
373
374
375
 2013 04 20 13 52 45.582     2013 04 20 13 55 59.394     193.8
 2013 04 20 20 27 16.003     2013 04 20 20 28 17.480      61.5
376
 2013 04 20 12 18  3.172     2013 04 20 12 20  6.630     123.5
 2013 04 20 18 58  8.242     2013 04 20 18 58 51.732      43.5
377
378
 2013 04 20 22 09 28.039     2013 04 20 22 12 11.825     163.8
379
 2013 04 20 20 39 31.386     2013 04 20 20 42  5.910     154.5
380
 2013 04 20 13 54   .673     2013 04 20 13 56 52.366     171.7
 2013 04 20 20 28 20.684     2013 04 20 20 31  3.198     162.5
381
382
 2013 04 20 12 11 29.203     2013 04 20 12 14 22.290     173.1
 2013 04 20 22 12 30.814     2013 04 20 22 15 21.221     170.4
383
 2013 04 20 12 17 53.825     2013 04 20 12 20 50.253     176.4
384
 2013 04 20 12 20 58.905     2013 04 20 12 23 46.693     167.8
 2013 04 20 17 15 40.293     2013 04 20 17 19 18.167     217.9
 2013 04 20 18 53 33.223     2013 04 20 18 57 16.089     222.9
385
 2013 04 20 20 41 51.055     2013 04 20 20 44 41.270     170.2
386
 2013 04 20 00 13 46.971     2013 04 20 00 16 20.902     153.9
 2013 04 20 12 04 25.111     2013 04 20 12 08  4.985     219.9
387
388
 2013 04 20 12 09 12.906     2013 04 20 12 12 31.912     199.0
 2013 04 20 22 13 22.371     2013 04 20 22 16 52.809     210.4
389
 2013 04 20 20 41  3.926     2013 04 20 20 44 18.708     194.8
390
 2013 04 20 22 08 38.377     2013 04 20 22 11 49.685     191.3
391
 2013 04 20 22 16 34.422     2013 04 20 22 19 29.284     174.9
392
393
 2013 04 20 00 10 21.120     2013 04 20 00 12 57.676     156.6
394
 2013 04 20 20 34 21.082     2013 04 20 20 37 35.960     194.9
395
 2013 04 20 12 14 51.594     2013 04 20 12 17 40.570     169.0
 2013 04 20 20 32 40.099     2013 04 20 20 36 30.713     230.6
396
 2013 04 20 22 14 15.404     2013 04 20 22 17  2.899     167.5
397
 2013 04 20 13 51 14.380     2013 04 20 13 54 41.084     206.7
 2013 04 20 22 05 48.967     2013 04 20 22 08 38.814     169.8
398
 2013 04 20 15 30 24.696     2013 04 20 15 33 23.177     178.5
 2013 04 20 20 25 48.205     2013 04 20 20 29 40.267     232.1
 2013 04 20 22 03 36.916     2013 04 20 22 04  8.061      31.1
399
400
401
 2013 04 20 10 42  9.909     2013 04 20 10 45 54.363     224.5
 2013 04 20 18 56 21.731     2013 04 20 18 59 21.502     179.8
402
 2013 04 20 13 48  7.073     2013 04 20 13 51 18.106     191.0
403
 2013 04 20 12 14 10.076     2013 04 20 12 16 45.063     155.0
404
 2013 04 20 00 12 29.591     2013 04 20 00 15 19.721     170.1
405
 2013 04 20 10 37 39.717     2013 04 20 10 40 29.242     169.5
 2013 04 20 20 36 28.638     2013 04 20 20 39 29.101     180.5
406
 2013 04 20 10 41   .623     2013 04 20 10 43 46.970     166.3
 2013 04 20 18 58 21.966     2013 04 20 19 01 18.060     176.1
407
 2013 04 20 13 52 28.873     2013 04 20 13 55 52.891     204.0
 2013 04 20 20 31  4.181     2013 04 20 20 31 12.179       8.0
408
 2013 04 20 13 54  2.229     2013 04 20 13 57 35.646     213.4
 2013 04 20 20 30  1.540     2013 04 20 20 32 39.696     158.2
409
 2013 04 20 13 51 44.529     2013 04 20 13 54 51.885     187.4
 2013 04 20 22 05 47.814     2013 04 20 22 09  1.813     194.0
410
 2013 04 20 13 55 25.987     2013 04 20 13 58  4.566     158.6
 2013 04 20 18 53 54.980     2013 04 20 18 54 17.762      22.8
 2013 04 20 20 28 33.273     2013 04 20 20 31 55.486     202.2
411
 2013 04 20 13 55  3.844     2013 04 20 13 58  8.672     184.8
 2013 04 20 15 32 36.651     2013 04 20 15 33 20.791      44.1
 2013 04 20 18 49 41.115     2013 04 20 18 53 36.198     235.1
 2013 04 20 20 28   .408     2013 04 20 20 31 16.614     196.2
412
 2013 04 20 00 14  1.690     2013 04 20 00 16 50.197     168.5
 2013 04 20 12 05 10.562     2013 04 20 12 08  3.365     172.8
413
 2013 04 20 10 37 32.474     2013 04 20 10 41 12.977     220.5
 2013 04 20 20 35 43.086     2013 04 20 20 38 43.475     180.4
414
 2013 04 20 12 10 50.717     2013 04 20 12 14 22.711     212.0
 2013 04 20 22 13  9.609     2013 04 20 22 15 56.246     166.6
415
 2013 04 20 12 15 30.552     2013 04 20 12 18 49.477     198.9
 2013 04 20 20 33 30.282     2013 04 20 20 36 12.430     162.1
416
 2013 04 20 20 39 25.598     2013 04 20 20 40 19.521      53.9
417
 2013 04 20 12 08 22.873     2013 04 20 12 10 57.865     155.0
418
 2013 04 20 22 12 36.830     2013 04 20 22 13 16.755      39.9
419
 2013 04 20 13 50 27.719     2013 04 20 13 53 23.026     175.3
 2013 04 20 22 07 44.517     2013 04 20 22 10 23.285     158.8
420
 2013 04 20 00 15 57.163     2013 04 20 00 16  3.076       5.9
421
 2013 04 20 10 38 22.847     2013 04 20 10 41   .233     157.4
 2013 04 20 20 36  2.886     2013 04 20 20 37  6.827      63.9
422
423
 2013 04 20 12 06 51.634     2013 04 20 12 09 53.240     181.6
424
 2013 04 20 10 34 22.010     2013 04 20 10 37 17.497     175.5
425
 2013 04 20 00 12 40.984     2013 04 20 00 15 17.502     156.5
426
427
 2013 04 20 12 08 37.253     2013 04 20 12 11 28.368     171.1
428
429
 2013 04 20 13 47 59.532     2013 04 20 13 50 34.452     154.9
430
431
 2013 04 20 12 09 50.345     2013 04 20 12 09 53.920       3.6
 2013 04 20 22 13 55.872     2013 04 20 22 16 30.722     154.8
432
433
 2013 04 20 10 34 32.792     2013 04 20 10 37 33.864     181.1
 2013 04 20 20 41 37.570     2013 04 20 20 42 26.560      49.0
434
 2013 04 20 12 17  8.050     2013 04 20 12 20 13.507     185.5
 2013 04 20 20 31 17.591     2013 04 20 20 34 27.987     190.4
435
 2013 04 20 13 50 51.581     2013 04 20 13 54 17.070     205.5
 2013 04 20 22 07 56.559     2013 04 20 22 10 45.306     168.7
436
437
 2013 04 20 00 11 15.170     2013 04 20 00 13 52.238     157.1
438
 2013 04 20 10 45  2.239     2013 04 20 10 45 34.193      32.0
 2013 04 20 18 56 25.546     2013 04 20 18 59  3.571     158.0
439
 2013 04 20 12 18 11.792     2013 04 20 12 21 11.600     179.8
440
 2013 04 20 18 55 34.787     2013 04 20 18 59  6.811     212.0
441
 2013 04 20 12 16 55.111     2013 04 20 12 19 39.417     164.3
 2013 04 20 20 31 54.004     2013 04 20 20 34 44.294     170.3
442
 2013 04 20 20 45 32.732     2013 04 20 20 45 43.810      11.1
443
 2013 04 20 12 13  1.638     2013 04 20 12 16 24.753     203.1
 2013 04 20 22 09 36.762     2013 04 20 22 10  7.331      30.6
444
 2013 04 20 20 43 22.711     2013 04 20 20 43 47.961      25.3
445
 2013 04 20 12 19 50.650     2013 04 20 12 22 33.747     163.1
 2013 04 20 18 54 42.684     2013 04 20 18 57 20.436     157.8
446
 2013 04 20 15 30 26.436     2013 04 20 15 33 20.233     173.8
 2013 04 20 20 25 45.107     2013 04 20 20 29 34.563     229.5
 2013 04 20 22 03 32.147     2013 04 20 22 04  3.287      31.1
447
 2013 04 20 20 39 41.200     2013 04 20 20 42 47.090     185.9
448
 2013 04 20 12 13 50.459     2013 04 20 12 16 58.092     187.6
449
 2013 04 20 13 54  6.479     2013 04 20 13 57 20.443     194.0
 2013 04 20 20 28  5.359     2013 04 20 20 30 43.141     157.8
450
451
 2013 04 20 12 20 48.647     2013 04 20 12 23 27.070     158.4
 2013 04 20 17 19 41.387     2013 04 20 17 19 45.437       4.0
 2013 04 20 18 54  1.468     2013 04 20 18 57 19.260     197.8
452
 2013 04 20 13 56 21.327     2013 04 20 13 59 24.403     183.1
 2013 04 20 18 51 53.405     2013 04 20 18 55  3.690     190.3
453
 2013 04 20 15 29 33.104     2013 04 20 15 32 49.472     196.4
 2013 04 20 22 04 18.206     2013 04 20 22 07 20.208     182.0
454
 2013 04 20 13 52 15.938     2013 04 20 13 55 46.133     210.2
455
456
 2013 04 20 22 08 29.474     2013 04 20 22 11 54.771     205.3
457
 2013 04 20 13 56  9.467     2013 04 20 13 59  5.195     175.7
 2013 04 20 18 51 32.977     2013 04 20 18 54 58.122     205.1
458
 2013 04 20 10 36 16.049     2013 04 20 10 38 50.070     154.0
 2013 04 20 20 37 41.882     2013 04 20 20 40 26.456     164.6
459
 2013 04 20 10 30 14.565     2013 04 20 10 33 28.192     193.6
 2013 04 20 22 17 51.414     2013 04 20 22 20 25.608     154.2
460
 2013 04 20 13 52 15.124     2013 04 20 13 55 34.336     199.2
 2013 04 20 22 05  6.512     2013 04 20 22 05 41.833      35.3
461
 2013 04 20 00 13 47.830     2013 04 20 00 13 58.494      10.7
 2013 04 20 12 06   .235     2013 04 20 12 08 36.370     156.1
462
 2013 04 20 13 49 13.483     2013 04 20 13 51 49.209     155.7
463
 2013 04 20 20 30 28.036     2013 04 20 20 34   .455     212.4
464
465
 2013 04 20 15 31  8.386     2013 04 20 15 33 53.987     165.6
 2013 04 20 20 26 19.544     2013 04 20 20 29 16.051     176.5
466
 2013 04 20 22 15 46.745     2013 04 20 22 18 29.222     162.5
467
 2013 04 20 10 36  4.967     2013 04 20 10 39 48.105     223.1
 2013 04 20 20 38 45.656     2013 04 20 20 41 30.419     164.8
468
 2013 04 20 12 15 13.260     2013 04 20 12 18 33.876     200.6
 2013 04 20 20 31 19.907     2013 04 20 20 34 39.906     200.0
469
 2013 04 20 12 08 50.314     2013 04 20 12 11 33.815     163.5
470
 2013 04 20 22 09 36.464     2013 04 20 22 12 50.633     194.2
471
 2013 04 20 12 13 46.227     2013 04 20 12 17 17.865     211.6
472
 2013 04 20 13 53 30.536     2013 04 20 13 56  9.456     158.9
 2013 04 20 20 28 15.994     2013 04 20 20 31 37.656     201.7
473
 2013 04 20 10 34 34.073     2013 04 20 10 35  5.377      31.3
 2013 04 20 22 16 30.174     2013 04 20 22 19 35.710     185.5
474
 2013 04 20 12 18 43.453     2013 04 20 12 21 45.030     181.6
 2013 04 20 18 53 14.000     2013 04 20 18 56 32.386     198.4
475
 2013 04 20 12 19 33.266     2013 04 20 12 20  1.499      28.2
 2013 04 20 18 55 49.931     2013 04 20 18 58 29.161     159.2
476
 2013 04 20 12 16 26.505     2013 04 20 12 19 38.441     191.9
 2013 04 20 20 33 11.832     2013 04 20 20 36  1.043     169.2
477
 2013 04 20 12 17 43.194     2013 04 20 12 20 20.647     157.5
 2013 04 20 20 31 46.474     2013 04 20 20 33 17.749      91.3
478
 2013 04 20 12 19  3.178     2013 04 20 12 21 58.407     175.2
 2013 04 20 18 53 31.621     2013 04 20 18 56 30.992     179.4
479
 2013 04 20 10 37   .078     2013 04 20 10 40 32.634     212.6
 2013 04 20 20 37 55.092     2013 04 20 20 41 27.590     212.5
480
 2013 04 20 10 40 43.797     2013 04 20 10 43 42.879     179.1
 2013 04 20 18 57  2.113     2013 04 20 19 00 26.067     204.0
481
 2013 04 20 13 55  7.251     2013 04 20 13 58 35.845     208.6
 2013 04 20 20 29 46.406     2013 04 20 20 33  4.760     198.4
482
 2013 04 20 12 15 57.532     2013 04 20 12 19  4.182     186.7
 2013 04 20 20 31 43.109     2013 04 20 20 34 24.988     161.9
483
 2013 04 20 22 15 13.170     2013 04 20 22 17  8.597     115.4
484
 2013 04 20 13 47 16.316     2013 04 20 13 50 52.408     216.1
485
 2013 04 20 00 11 41.753     2013 04 20 00 14 49.010     187.3
486
 2013 04 20 12 20 17.143     2013 04 20 12 23 12.850     175.7
 2013 04 20 18 53 42.793     2013 04 20 18 56 38.258     175.5
487
 2013 04 20 13 52 48.467     2013 04 20 13 56 40.963     232.5
 2013 04 20 20 29 31.699     2013 04 20 20 33 17.770     226.1
488
 2013 04 20 12 09 29.626     2013 04 20 12 12 54.729     205.1
 2013 04 20 22 13 31.002     2013 04 20 22 16 35.852     184.9
489
 2013 04 20 12 10 54.512     2013 04 20 12 13 28.933     154.4
 2013 04 20 22 12 24.854     2013 04 20 22 15  4.641     159.8
490
 2013 04 20 13 53 19.283     2013 04 20 13 56  6.526     167.2
 2013 04 20 20 28 44.641     2013 04 20 20 32 23.990     219.3
491
 2013 04 20 12 13 58.122     2013 04 20 12 16 33.961     155.8
492
 2013 04 20 12 17 37.375     2013 04 20 12 20 36.051     178.7
 2013 04 20 20 32  7.836     2013 04 20 20 32 21.283      13.4
493
 2013 04 20 15 30 59.698     2013 04 20 15 34 27.034     207.3
 2013 04 20 20 26 54.982     2013 04 20 20 29 57.523     182.5
494
 2013 04 20 12 18 21.481     2013 04 20 12 20 58.872     157.4
495
496
 2013 04 20 10 45  7.159     2013 04 20 10 45 31.185      24.0
 2013 04 20 18 56 25.366     2013 04 20 18 59  2.575     157.2
497
 2013 04 20 13 49 44.842     2013 04 20 13 52 38.542     173.7
 2013 04 20 22 07 31.663     2013 04 20 22 10 49.544     197.9
498
499
 2013 04 20 13 48  3.097     2013 04 20 13 50 49.307     166.2
500
 2013 04 20 10 31 58.926     2013 04 20 10 35 15.173     196.2
 2013 04 20 22 16  9.824     2013 04 20 22 16 29.415      19.6
501
 2013 04 20 22 15 41.890     2013 04 20 22 18 41.270     179.4
502
 2013 04 20 10 33 48.642     2013 04 20 10 36 22.141     153.5
503
 2013 04 20 13 52 33.138     2013 04 20 13 55 27.253     174.1
504
 2013 04 20 10 41 56.451     2013 04 20 10 45  4.777     188.3
 2013 04 20 18 57  2.650     2013 04 20 18 59 42.380     159.7
505
 2013 04 20 12 08 19.035     2013 04 20 12 10 57.313     158.3
506
 2013 04 20 12 05 43.666     2013 04 20 12 06 39.332      55.7
507
 2013 04 20 20 39 48.082     2013 04 20 20 43  3.974     195.9
508
 2013 04 20 12 06 33.815     2013 04 20 12 09 54.116     200.3
509
 2013 04 20 22 09 16.678     2013 04 20 22 12  9.462     172.8
510
511
 2013 04 20 22 15 36.766     2013 04 20 22 17 52.017     135.3
512
 2013 04 20 10 42 15.290     2013 04 20 10 45 38.904     203.6
 2013 04 20 18 56 37.760     2013 04 20 18 59 34.908     177.1
513
 2013 04 20 13 52 44.226     2013 04 20 13 56  9.471     205.2
 2013 04 20 20 27 12.866     2013 04 20 20 30 59.706     226.8
514
 2013 04 20 12 05 49.876     2013 04 20 12 09   .568     190.7
515
 2013 04 20 12 14  2.442     2013 04 20 12 16 37.704     155.3
516
 2013 04 20 13 54   .070     2013 04 20 13 56 41.243     161.2
 2013 04 20 20 29  3.916     2013 04 20 20 31 54.672     170.8
517
 2013 04 20 12 19  5.583     2013 04 20 12 21 58.105     172.5
 2013 04 20 18 54 35.052     2013 04 20 18 57 42.935     187.9
518
 2013 04 20 13 49 46.742     2013 04 20 13 53 15.749     209.0
 2013 04 20 22 08  9.827     2013 04 20 22 11   .210     170.4
519
 2013 04 20 20 39 27.015     2013 04 20 20 39 51.875      24.9
520
 2013 04 20 12 10 52.886     2013 04 20 12 13 39.762     166.9
 2013 04 20 22 12 48.258     2013 04 20 22 15 23.323     155.1
521
 2013 04 20 00 13 57.157     2013 04 20 00 16 50.660     173.5
 2013 04 20 12 05 16.920     2013 04 20 12 08  8.775     171.9
522
 2013 04 20 12 15 45.716     2013 04 20 12 18 27.076     161.4
 2013 04 20 20 32  7.615     2013 04 20 20 35  4.288     176.7
523
 2013 04 20 12 11 41.091     2013 04 20 12 14 18.721     157.6
 2013 04 20 22 11 45.866     2013 04 20 22 14 24.531     158.7
524
525
 2013 04 20 13 52  7.007     2013 04 20 13 54 53.009     166.0
 2013 04 20 22 05 56.653     2013 04 20 22 09 32.201     215.5
526
 2013 04 20 13 50 17.821     2013 04 20 13 54  2.579     224.8
 2013 04 20 22 05 49.552     2013 04 20 22 08 31.395     161.8
527
528
 2013 04 20 20 33 49.861     2013 04 20 20 36 52.027     182.2
529
 2013 04 20 10 31 57.512     2013 04 20 10 34 38.860     161.3
530
 2013 04 20 12 18  4.067     2013 04 20 12 20 48.764     164.7
531
 2013 04 20 13 56 25.415     2013 04 20 13 59 16.813     171.4
 2013 04 20 18 51 44.635     2013 04 20 18 54 50.555     185.9
532
 2013 04 20 12 17 48.624     2013 04 20 12 20 28.111     159.5
 2013 04 20 20 31 20.153     2013 04 20 20 32 28.406      68.3
533
 2013 04 20 10 41   .861     2013 04 20 10 41 56.612      55.8
 2013 04 20 20 35  1.318     2013 04 20 20 38 36.267     214.9
534
 2013 04 20 12 12 12.649     2013 04 20 12 15  3.833     171.2
 2013 04 20 22 11 48.806     2013 04 20 22 15 24.794     216.0
535
536
 2013 04 20 00 12 13.114     2013 04 20 00 14 47.137     154.0
537
538
 2013 04 20 13 54 48.884     2013 04 20 13 57 52.552     183.7
 2013 04 20 20 29 38.913     2013 04 20 20 32 26.747     167.8
539
540
 2013 04 20 10 37  9.226     2013 04 20 10 37 31.155      21.9
541
 2013 04 20 10 34 47.393     2013 04 20 10 38  5.563     198.2
542
 2013 04 20 00 08  7.046     2013 04 20 00 09 23.198      76.2
 2013 04 20 13 46 30.332     2013 04 20 13 49 44.202     193.9
543
544
545
 2013 04 20 13 55 59.735     2013 04 20 13 58 38.444     158.7
 2013 04 20 18 50 58.334     2013 04 20 18 54 30.498     212.2
 2013 04 20 20 28 31.221     2013 04 20 20 28 44.447      13.2
546
 2013 04 20 12 16 21.866     2013 04 20 12 16 28.366       6.5
 2013 04 20 22 09 39.900     2013 04 20 22 12 57.629     197.7
547
 2013 04 20 22 09 49.909     2013 04 20 22 12 48.050     178.1
548
 2013 04 20 00 08 48.594     2013 04 20 00 12 24.488     215.9
 2013 04 20 13 45 48.717     2013 04 20 13 47 52.214     123.5
549
 2013 04 20 12 18 49.092     2013 04 20 12 21 55.634     186.5
 2013 04 20 18 54 39.652     2013 04 20 18 58  2.039     202.4
550
 2013 04 20 13 54 44.585     2013 04 20 13 58  6.471     201.9
 2013 04 20 15 32 29.944     2013 04 20 15 36 17.993     228.0
 2013 04 20 18 49 21.737     2013 04 20 18 49 59.916      38.2
 2013 04 20 20 27 51.267     2013 04 20 20 30 56.476     185.2
551
 2013 04 20 12 18 38.877     2013 04 20 12 21 48.634     189.8
 2013 04 20 18 53  7.391     2013 04 20 18 56 25.173     197.8
552
 2013 04 20 13 53 14.816     2013 04 20 13 55 57.546     162.7
 2013 04 20 20 28 32.628     2013 04 20 20 32 21.475     228.8
553
 2013 04 20 08 58 49.524     2013 04 20 08 59 18.560      29.0
 2013 04 20 20 42 46.700     2013 04 20 20 45 22.611     155.9
554
555
 2013 04 20 00 13 14.845     2013 04 20 00 15 52.184     157.3
 2013 04 20 12 08 26.830     2013 04 20 12 08 50.308      23.5
556
 2013 04 20 20 41   .193     2013 04 20 20 44 21.575     201.4
557
 2013 04 20 12 07  9.896     2013 04 20 12 10 39.986     210.1
558
 2013 04 20 22 05  4.775     2013 04 20 22 07 41.939     157.2
559
 2013 04 20 22 17  7.861     2013 04 20 22 19 59.945     172.1
560
 2013 04 20 13 54 50.815     2013 04 20 13 58 12.424     201.6
 2013 04 20 20 29 50.216     2013 04 20 20 32 45.980     175.8
561
 2013 04 20 10 45 16.741     2013 04 20 10 45 44.517      27.8
 2013 04 20 18 56 21.291     2013 04 20 18 59  2.958     161.7
562
 2013 04 20 12 17 45.208     2013 04 20 12 18 44.384      59.2
563
 2013 04 20 13 53 49.126     2013 04 20 13 56 25.940     156.8
 2013 04 20 20 28 41.736     2013 04 20 20 31 43.567     181.8
564
 2013 04 20 13 52 24.715     2013 04 20 13 55 15.022     170.3
 2013 04 20 22 05 33.089     2013 04 20 22 06  9.246      36.2
565
566
 2013 04 20 10 38 13.636     2013 04 20 10 41 38.920     205.3
 2013 04 20 20 35 16.094     2013 04 20 20 39  2.650     226.6
567
 2013 04 20 12 15  9.190     2013 04 20 12 18 23.531     194.3
 2013 04 20 20 31 21.412     2013 04 20 20 34 50.212     208.8
568
 2013 04 20 20 39 33.536     2013 04 20 20 42  8.145     154.6
569
 2013 04 20 12 06 19.647     2013 04 20 12 09 24.799     185.2
570
 2013 04 20 10 40 17.838     2013 04 20 10 43 40.713     202.9
 2013 04 20 18 56 32.634     2013 04 20 19 00 22.661     230.0
571
 2013 04 20 22 08 33.597     2013 04 20 22 11 53.944     200.3
572
 2013 04 20 15 29 17.504     2013 04 20 15 32 42.387     204.9
 2013 04 20 22 04 28.685     2013 04 20 22 07 18.862     170.2
573
 2013 04 20 13 55 36.933     2013 04 20 13 58 15.030     158.1
 2013 04 20 18 50 29.799     2013 04 20 18 50 40.160      10.4
 2013 04 20 20 28 44.604     2013 04 20 20 32 19.266     214.7
574
575
 2013 04 20 13 55 29.001     2013 04 20 13 58 11.499     162.5
 2013 04 20 18 50 10.434     2013 04 20 18 54  4.228     233.8
 2013 04 20 20 28 20.281     2013 04 20 20 31 51.297     211.0
576
 2013 04 20 20 42 22.110     2013 04 20 20 45 18.369     176.3
577
 2013 04 20 13 49 49.243     2013 04 20 13 52 44.790     175.5
 2013 04 20 22 06 11.765     2013 04 20 22 09 41.492     209.7
578
 2013 04 20 10 35 43.352     2013 04 20 10 38 41.296     177.9
 2013 04 20 20 36 54.969     2013 04 20 20 40 16.871     201.9
579
 2013 04 20 20 39 46.418     2013 04 20 20 43 12.003     205.6
580
 2013 04 20 20 34 42.523     2013 04 20 20 37 18.566     156.0
581
 2013 04 20 12 17 37.983     2013 04 20 12 21 27.031     229.0
582
 2013 04 20 00 11 12.950     2013 04 20 00 13 47.119     154.2
583
 2013 04 20 13 56 50.621     2013 04 20 13 59 59.919     189.3
 2013 04 20 18 52 25.465     2013 04 20 18 55  9.879     164.4
584
 2013 04 20 20 30 35.872     2013 04 20 20 33 32.689     176.8
585
 2013 04 20 13 49 57.952     2013 04 20 13 52 34.327     156.4
 2013 04 20 22 07  2.666     2013 04 20 22 10 21.757     199.1
586
 2013 04 20 00 11 10.778     2013 04 20 00 14 11.358     180.6
587
588
 2013 04 20 12 18 20.861     2013 04 20 12 19 25.411      64.5
 2013 04 20 13 56 12.083     2013 04 20 13 56 34.640      22.6
 2013 04 20 18 52 43.633     2013 04 20 18 55 51.619     188.0
589
590
 2013 04 20 12 14  7.333     2013 04 20 12 17  6.199     178.9
591
 2013 04 20 20 42 13.849     2013 04 20 20 45 25.407     191.6
592
 2013 04 20 13 48 18.552     2013 04 20 13 51 18.170     179.6
593
 2013 04 20 00 11 44.728     2013 04 20 00 14 20.319     155.6
594
 2013 04 20 00 08 20.655     2013 04 20 00 11 21.852     181.2
 2013 04 20 13 46 14.241     2013 04 20 13 48 59.376     165.1
595
 2013 04 20 20 40 52.639     2013 04 20 20 41 59.150      66.5
596
 2013 04 20 13 49  2.374     2013 04 20 13 52 12.035     189.7
597
 2013 04 20 13 49 51.925     2013 04 20 13 53 12.662     200.7
 2013 04 20 22 08  3.873     2013 04 20 22 10 54.331     170.5
598
 2013 04 20 13 47 20.391     2013 04 20 13 50  9.760     169.4
599
 2013 04 20 12 20  2.284     2013 04 20 12 23  7.775     185.5
 2013 04 20 18 55  8.413     2013 04 20 18 57 49.132     160.7
600
601
 2013 04 20 10 38 10.574     2013 04 20 10 41  3.055     172.5
 2013 04 20 20 35 54.474     2013 04 20 20 39 31.319     216.8
602
 2013 04 20 22 17  8.458     2013 04 20 22 19 46.487     158.0
603
 2013 04 20 20 35 28.374     2013 04 20 20 38  5.373     157.0
604
 2013 04 20 13 54 43.483     2013 04 20 13 57 30.624     167.1
 2013 04 20 20 28 30.428     2013 04 20 20 31 15.099     164.7
605
606
 2013 04 20 00 09  2.842     2013 04 20 00 11 37.517     154.7
 2013 04 20 13 45 16.504     2013 04 20 13 48  7.084     170.6
607
608
 2013 04 20 18 56  3.575     2013 04 20 18 58 42.405     158.8
609
 2013 04 20 12 19 48.456     2013 04 20 12 22 48.287     179.8
 2013 04 20 18 53 43.583     2013 04 20 18 56 22.521     158.9
610
 2013 04 20 00 11 51.145     2013 04 20 00 15 10.243     199.1
611
 2013 04 20 12 18 18.764     2013 04 20 12 20 58.045     159.3
612
 2013 04 20 00 08 32.747     2013 04 20 00 09 57.228      84.5
 2013 04 20 13 46  3.554     2013 04 20 13 49 49.088     225.5
613
 2013 04 20 12 06 14.205     2013 04 20 12 06 25.227      11.0
614
 2013 04 20 00 11 15.388     2013 04 20 00 14  4.895     169.5
615
 2013 04 20 08 58  9.977     2013 04 20 08 59 29.587      79.6
 2013 04 20 20 42 45.660     2013 04 20 20 45 20.128     154.5
616
 2013 04 20 13 48 38.874     2013 04 20 13 51 14.204     155.3
617
 2013 04 20 12 08 22.426     2013 04 20 12 12  1.337     218.9
618
 2013 04 20 10 35 30.238     2013 04 20 10 38 44.670     194.4
 2013 04 20 20 36 36.755     2013 04 20 20 40 13.068     216.3
619
 2013 04 20 12 16 23.319     2013 04 20 12 19  2.196     158.9
 2013 04 20 20 32 16.402     2013 04 20 20 34 52.989     156.6
620
 2013 04 20 13 49  7.109     2013 04 20 13 51 44.021     156.9
621
 2013 04 20 12 07 20.929     2013 04 20 12 08 20.817      59.9
622
 2013 04 20 13 55 11.618     2013 04 20 13 55 25.108      13.5
 2013 04 20 20 29 59.172     2013 04 20 20 33 51.044     231.9
623
 2013 04 20 12 10  6.690     2013 04 20 12 11 30.642      84.0
 2013 04 20 22 13 41.570     2013 04 20 22 16 16.422     154.9
624
 2013 04 20 12 16 19.767     2013 04 20 12 16 29.976      10.2
 2013 04 20 20 33 29.489     2013 04 20 20 36 52.811     203.3
625
 2013 04 20 10 37 55.484     2013 04 20 10 40 48.576     173.1
 2013 04 20 20 36 55.875     2013 04 20 20 37 37.127      41.3
626
627
 2013 04 20 22 09 29.195     2013 04 20 22 13 12.475     223.3
628
 2013 04 20 13 53 30.421     2013 04 20 13 56 26.708     176.3
 2013 04 20 20 29  7.013     2013 04 20 20 32 25.199     198.2
629
 2013 04 20 18 56 13.328     2013 04 20 18 58 50.932     157.6
630
 2013 04 20 12 09 36.557     2013 04 20 12 12 10.343     153.8
 2013 04 20 22 15 46.821     2013 04 20 22 16 17.845      31.0
631
 2013 04 20 13 55 20.614     2013 04 20 13 59  3.126     222.5
 2013 04 20 20 29 44.084     2013 04 20 20 33 30.726     226.6
632
 2013 04 20 10 35 47.032     2013 04 20 10 36 57.578      70.5
633
634
 2013 04 20 00 15 50.053     2013 04 20 00 15 54.045       4.0
635
 2013 04 20 10 35 35.581     2013 04 20 10 39  3.740     208.2
 2013 04 20 20 38 55.921     2013 04 20 20 41 31.967     156.0
636
 2013 04 20 10 39 24.400     2013 04 20 10 42   .458     156.1
637
 2013 04 20 12 07 41.566     2013 04 20 12 08 50.575      69.0
638
 2013 04 20 12 20 19.693     2013 04 20 12 22 57.120     157.4
 2013 04 20 18 54 26.583     2013 04 20 18 57 12.234     165.7
639
 2013 04 20 10 33 16.860     2013 04 20 10 36  6.671     169.8
640
 2013 04 20 12 18 46.080     2013 04 20 12 21 22.718     156.6
 2013 04 20 18 53 41.921     2013 04 20 18 57 22.534     220.6
641
 2013 04 20 12 09 20.549     2013 04 20 12 12 28.237     187.7
 2013 04 20 22 13 11.991     2013 04 20 22 16 45.215     213.2
642
 2013 04 20 10 31 28.477     2013 04 20 10 34 14.112     165.6
 2013 04 20 22 17 17.131     2013 04 20 22 20 47.576     210.4
643
 2013 04 20 10 34 45.556     2013 04 20 10 35 22.883      37.3
644
 2013 04 20 12 18 56.165     2013 04 20 12 22  5.514     189.3
 2013 04 20 18 53 20.000     2013 04 20 18 56 17.595     177.6
645
 2013 04 20 12 09  1.476     2013 04 20 12 12 12.721     191.2
 2013 04 20 22 15 53.132     2013 04 20 22 17  6.142      73.0
646
 2013 04 20 12 15 35.024     2013 04 20 12 18 25.174     170.2
 2013 04 20 20 33  1.660     2013 04 20 20 35 54.907     173.2
647
 2013 04 20 13 54  5.657     2013 04 20 13 57 53.384     227.7
 2013 04 20 20 30 12.262     2013 04 20 20 32 49.490     157.2
648
 2013 04 20 13 52 31.998     2013 04 20 13 56 16.823     224.8
649
 2013 04 20 20 39 10.940     2013 04 20 20 42 10.411     179.5
650
 2013 04 20 22 11 20.607     2013 04 20 22 12 24.155      63.5
651
 2013 04 20 10 32 48.363     2013 04 20 10 35 26.110     157.7
652
 2013 04 20 13 53 58.977     2013 04 20 13 56 35.951     157.0
 2013 04 20 20 28 49.253     2013 04 20 20 31 41.330     172.1
653
 2013 04 20 22 09 38.613     2013 04 20 22 12 59.014     200.4
654
 2013 04 20 12 19  1.322     2013 04 20 12 21 50.128     168.8
 2013 04 20 18 53 34.665     2013 04 20 18 56 40.727     186.1
655
 2013 04 20 12 13 37.901     2013 04 20 12 16 12.747     154.8
656
 2013 04 20 10 36  9.878     2013 04 20 10 38 48.780     158.9
 2013 04 20 20 38  5.550     2013 04 20 20 40 46.428     160.9
657
658
 2013 04 20 20 40 10.187     2013 04 20 20 43 10.383     180.2
659
 2013 04 20 00 08 14.062     2013 04 20 00 10 55.216     161.2
 2013 04 20 13 46  4.762     2013 04 20 13 48 39.032     154.3
660
661
 2013 04 20 15 28  3.480     2013 04 20 15 31 48.223     224.7
 2013 04 20 22 04 30.628     2013 04 20 22 07 26.541     175.9
662
 2013 04 20 12 15  9.172     2013 04 20 12 18  5.585     176.4
 2013 04 20 20 31 33.610     2013 04 20 20 35 11.533     217.9
663
 2013 04 20 22 16 31.093     2013 04 20 22 19 16.500     165.4
664
 2013 04 20 10 37  8.747     2013 04 20 10 37 35.353      26.6
665
666
 2013 04 20 13 48 32.034     2013 04 20 13 49 14.167      42.1
 2013 04 20 22 11 12.448     2013 04 20 22 12  7.277      54.8
667
 2013 04 20 12 13 25.698     2013 04 20 12 16 10.193     164.5
668
 2013 04 20 00 08 11.993     2013 04 20 00 09 10.042      58.0
 2013 04 20 13 46 25.010     2013 04 20 13 49 48.159     203.1
669
 2013 04 20 13 50 59.724     2013 04 20 13 51  5.649       5.9
 2013 04 20 22 07 58.731     2013 04 20 22 11 31.424     212.7
670
 2013 04 20 15 29 11.506     2013 04 20 15 31 49.286     157.8
 2013 04 20 22 03 39.132     2013 04 20 22 06 17.316     158.2
671
 2013 04 20 10 37 11.482     2013 04 20 10 39 52.757     161.3
 2013 04 20 20 37 36.947     2013 04 20 20 40 30.557     173.6
672
 2013 04 20 13 54 44.447     2013 04 20 13 57 53.074     188.6
 2013 04 20 15 32 16.785     2013 04 20 15 32 38.229      21.4
 2013 04 20 20 28  4.756     2013 04 20 20 31  1.298     176.5
673
 2013 04 20 20 35 35.517     2013 04 20 20 38 30.695     175.2
674
 2013 04 20 10 39 43.162     2013 04 20 10 42 55.451     192.3
675
 2013 04 20 10 32 52.556     2013 04 20 10 36 21.181     208.6
676
 2013 04 20 12 15 14.268     2013 04 20 12 18 59.505     225.2
 2013 04 20 20 31  7.652     2013 04 20 20 34 14.645     187.0
677
 2013 04 20 22 09 20.455     2013 04 20 22 12 18.008     177.6
678
 2013 04 20 12 17  2.385     2013 04 20 12 19 54.554     172.2
 2013 04 20 20 32 37.583     2013 04 20 20 35 50.551     193.0
679
 2013 04 20 10 30  6.478     2013 04 20 10 33 33.670     207.2
 2013 04 20 22 17 43.310     2013 04 20 22 20 17.198     153.9
680
 2013 04 20 12 22 41.179     2013 04 20 12 23 22.029      40.8
 2013 04 20 13 57 29.959     2013 04 20 14 00 55.044     205.1
 2013 04 20 18 52 58.354     2013 04 20 18 55 40.548     162.2
681
682
 2013 04 20 12 18 18.334     2013 04 20 12 22  9.688     231.4
 2013 04 20 18 55   .187     2013 04 20 18 58 40.458     220.3
683
 2013 04 20 10 38 11.743     2013 04 20 10 40 46.334     154.6
 2013 04 20 20 36 27.213     2013 04 20 20 38 21.295     114.1
684
 2013 04 20 00 10 58.704     2013 04 20 00 13 37.899     159.2
685
 2013 04 20 12 22 59.337     2013 04 20 12 23 14.006      14.7
 2013 04 20 13 57 17.990     2013 04 20 14 00 42.989     205.0
 2013 04 20 18 52 54.695     2013 04 20 18 55 33.119     158.4
686
 2013 04 20 12 15 29.189     2013 04 20 12 18  5.829     156.6
 2013 04 20 20 32 12.250     2013 04 20 20 35 28.219     196.0
687
 2013 04 20 00 13 46.796     2013 04 20 00 16 20.828     154.0
 2013 04 20 12 04 23.959     2013 04 20 12 08  4.667     220.7
688
 2013 04 20 10 38 49.361     2013 04 20 10 41 45.540     176.2
689
 2013 04 20 13 55  2.917     2013 04 20 13 57 40.190     157.3
 2013 04 20 20 28 56.518     2013 04 20 20 31 49.438     172.9
690
 2013 04 20 00 10 37.275     2013 04 20 00 13 41.515     184.2
691
 2013 04 20 15 29 49.397     2013 04 20 15 33  3.007     193.6
 2013 04 20 22 04  8.709     2013 04 20 22 07 29.585     200.9
692
 2013 04 20 10 35 47.760     2013 04 20 10 38 29.606     161.8
 2013 04 20 20 37 16.561     2013 04 20 20 40 32.708     196.1
693
 2013 04 20 00 10 36.632     2013 04 20 00 13 10.927     154.3
694
695
696
 2013 04 20 10 39 26.138     2013 04 20 10 42 10.352     164.2
697
 2013 04 20 12 15 29.003     2013 04 20 12 18 13.811     164.8
 2013 04 20 20 32 51.648     2013 04 20 20 35 55.052     183.4
698
 2013 04 20 12 18 45.415     2013 04 20 12 22  6.299     200.9
 2013 04 20 18 53  8.680     2013 04 20 18 56 10.277     181.6
699
 2013 04 20 13 52 27.469     2013 04 20 13 55 39.803     192.3
