s4
0
 2013 04 20 23 34 57.228     2013 04 20 23 35 13.241      16.0
1
 2013 04 20 13 38 10.081     2013 04 20 13 40 55.093     165.0
 2013 04 20 20 13 34.053     2013 04 20 20 17 21.652     227.6
2
3
 2013 04 20 12 03 50.894     2013 04 20 12 06 29.035     158.1
 2013 04 20 18 39 28.392     2013 04 20 18 42 47.744     199.4
4
5
 2013 04 20 11 51 48.916     2013 04 20 11 52 36.820      47.9
6
7
 2013 04 20 11 54 50.047     2013 04 20 11 57 40.762     170.7
 2013 04 20 21 57 32.297     2013 04 20 22 01 12.761     220.5
8
 2013 04 20 21 53 35.155     2013 04 20 21 54 23.369      48.2
9
 2013 04 20 20 27  1.633     2013 04 20 20 27 30.066      28.4
10
11
 2013 04 20 22 02 35.594     2013 04 20 22 06 18.501     222.9
12
 2013 04 20 11 59 29.517     2013 04 20 12 02 55.304     205.8
 2013 04 20 20 19  1.496     2013 04 20 20 22 33.071     211.6
13
 2013 04 20 21 54 39.324     2013 04 20 21 57 15.252     155.9
14
 2013 04 20 10 22 51.864     2013 04 20 10 26 19.256     207.4
15
 2013 04 20 10 19 27.764     2013 04 20 10 23 10.029     222.3
 2013 04 20 20 24 53.056     2013 04 20 20 27 50.789     177.7
16
 2013 04 20 11 54 11.132     2013 04 20 11 56 57.392     166.3
17
 2013 04 20 10 24 32.275     2013 04 20 10 27 24.721     172.4
18
 2013 04 20 13 35 45.738     2013 04 20 13 39 37.817     232.1
 2013 04 20 21 51 35.013     2013 04 20 21 54 13.622     158.6
19
 2013 04 20 00 00   .000     2013 04 20 00 00 12.262      12.3
 2013 04 20 11 50 51.567     2013 04 20 11 53 52.979     181.4
 2013 04 20 23 37 37.892     2013 04 20 23 41 13.494     215.6
20
 2013 04 20 12 01 48.668     2013 04 20 12 04 34.736     166.1
 2013 04 20 20 18 17.394     2013 04 20 20 21 19.906     182.5
21
 2013 04 20 11 52  4.588     2013 04 20 11 54 44.250     159.7
22
 2013 04 20 22 03 10.938     2013 04 20 22 04 23.207      72.3
23
 2013 04 20 22 00 56.439     2013 04 20 22 03 31.317     154.9
24
 2013 04 20 13 33 55.937     2013 04 20 13 37 28.607     212.7
25
 2013 04 20 11 53  6.459     2013 04 20 11 56 35.944     209.5
26
 2013 04 20 15 17  2.228     2013 04 20 15 20 24.184     202.0
 2013 04 20 20 13  7.416     2013 04 20 20 15 45.329     157.9
27
 2013 04 20 13 34 15.911     2013 04 20 13 38  6.312     230.4
 2013 04 20 21 54 10.495     2013 04 20 21 57 18.516     188.0
28
 2013 04 20 10 19 30.610     2013 04 20 10 22  9.075     158.5
29
30
 2013 04 20 21 54 33.698     2013 04 20 21 57 49.096     195.4
31
 2013 04 20 13 34 21.226     2013 04 20 13 37   .311     159.1
 2013 04 20 21 56 36.792     2013 04 20 21 56 50.637      13.8
32
 2013 04 20 18 41 31.246     2013 04 20 18 44 13.536     162.3
33
 2013 04 20 12 00 57.373     2013 04 20 12 04 46.175     228.8
 2013 04 20 20 16 54.766     2013 04 20 20 19 31.943     157.2
34
 2013 04 20 15 14 47.865     2013 04 20 15 17 26.196     158.3
 2013 04 20 21 49 20.564     2013 04 20 21 52 13.685     173.1
35
 2013 04 20 13 38 52.555     2013 04 20 13 41 31.316     158.8
 2013 04 20 20 14 19.295     2013 04 20 20 17 16.280     177.0
36
 2013 04 20 15 14 30.025     2013 04 20 15 17 48.071     198.0
 2013 04 20 16 52 21.036     2013 04 20 16 56 17.059     236.0
 2013 04 20 20 09 37.018     2013 04 20 20 09 41.410       4.4
 2013 04 20 21 48 22.348     2013 04 20 21 51 24.674     182.3
37
 2013 04 20 13 35 36.515     2013 04 20 13 38 15.028     158.5
 2013 04 20 21 52 51.315     2013 04 20 21 55 33.922     162.6
38
 2013 04 20 10 20 55.961     2013 04 20 10 23 43.271     167.3
 2013 04 20 20 22 59.523     2013 04 20 20 25 46.178     166.7
39
 2013 04 20 11 55 38.941     2013 04 20 11 58 53.177     194.2
 2013 04 20 21 58 57.932     2013 04 20 22 01 36.450     158.5
40
 2013 04 20 10 28 44.226     2013 04 20 10 29  1.147      16.9
 2013 04 20 18 41 40.594     2013 04 20 18 45 15.579     215.0
41
 2013 04 20 11 56 44.550     2013 04 20 11 59 32.321     167.8
 2013 04 20 21 57 16.499     2013 04 20 22 00  3.521     167.0
42
 2013 04 20 23 35 28.770     2013 04 20 23 38 11.535     162.8
43
 2013 04 20 18 40 47.177     2013 04 20 18 44 32.749     225.6
44
 2013 04 20 13 32 38.143     2013 04 20 13 35 46.971     188.8
 2013 04 20 23 30 26.600     2013 04 20 23 30 45.282      18.7
45
 2013 04 20 23 36 57.030     2013 04 20 23 39 34.153     157.1
46
 2013 04 20 11 55 57.596     2013 04 20 11 58 34.632     157.0
 2013 04 20 21 58  9.032     2013 04 20 22 00 44.792     155.8
47
48
 2013 04 20 23 35 23.040     2013 04 20 23 38 51.167     208.1
49
 2013 04 20 20 25 26.909     2013 04 20 20 28 56.609     209.7
50
 2013 04 20 10 21  3.645     2013 04 20 10 21 36.015      32.4
 2013 04 20 20 21 56.545     2013 04 20 20 24 34.680     158.1
51
52
 2013 04 20 11 53 55.306     2013 04 20 11 56 54.875     179.6
53
 2013 04 20 13 35 43.092     2013 04 20 13 38 52.267     189.2
 2013 04 20 21 52  9.849     2013 04 20 21 54 46.997     157.1
54
 2013 04 20 12 01 28.507     2013 04 20 12 02 38.167      69.7
 2013 04 20 20 18 54.527     2013 04 20 20 22 34.067     219.5
55
 2013 04 20 11 55 17.835     2013 04 20 11 58  1.213     163.4
 2013 04 20 21 57 49.646     2013 04 20 22 00 54.969     185.3
56
 2013 04 20 20 27  9.518     2013 04 20 20 29 51.644     162.1
57
 2013 04 20 13 32 31.862     2013 04 20 13 36 16.726     224.9
 2013 04 20 23 29 57.531     2013 04 20 23 30 17.481      19.9
58
 2013 04 20 20 28 13.084     2013 04 20 20 31 29.754     196.7
59
 2013 04 20 12 03 19.673     2013 04 20 12 06 27.909     188.2
 2013 04 20 18 38 32.834     2013 04 20 18 42  6.868     214.0
60
 2013 04 20 22 02 23.073     2013 04 20 22 05 27.261     184.2
61
 2013 04 20 13 36 10.967     2013 04 20 13 39 35.423     204.5
 2013 04 20 21 53 35.113     2013 04 20 21 56 42.161     187.0
62
 2013 04 20 11 53 53.132     2013 04 20 11 55 45.629     112.5
 2013 04 20 21 59 44.728     2013 04 20 22 02 51.702     187.0
63
 2013 04 20 21 59  7.120     2013 04 20 22 02 52.400     225.3
64
65
 2013 04 20 12 01 20.370     2013 04 20 12 04  1.831     161.5
 2013 04 20 20 17 56.424     2013 04 20 20 20 33.393     157.0
66
 2013 04 20 21 54 40.861     2013 04 20 21 58   .484     199.6
67
 2013 04 20 21 55 14.019     2013 04 20 21 57 49.845     155.8
68
 2013 04 20 22 00 17.849     2013 04 20 22 02 52.924     155.1
69
 2013 04 20 11 57 16.101     2013 04 20 12 00 45.120     209.0
 2013 04 20 21 56  3.409     2013 04 20 21 59 25.139     201.7
70
 2013 04 20 13 29 53.012     2013 04 20 13 32 50.549     177.5
 2013 04 20 23 33 41.711     2013 04 20 23 36 25.204     163.5
71
 2013 04 20 10 18 15.533     2013 04 20 10 21 53.738     218.2
72
 2013 04 20 20 30 58.032     2013 04 20 20 31  2.693       4.7
73
 2013 04 20 13 38 18.598     2013 04 20 13 40 57.740     159.1
 2013 04 20 20 14  5.704     2013 04 20 20 17 50.333     224.6
74
 2013 04 20 13 42 14.781     2013 04 20 13 45 26.478     191.7
 2013 04 20 18 38 12.919     2013 04 20 18 40 50.529     157.6
75
 2013 04 20 10 18  3.174     2013 04 20 10 21 39.334     216.2
76
 2013 04 20 10 19  6.578     2013 04 20 10 22  1.485     174.9
77
 2013 04 20 21 55   .519     2013 04 20 21 57 43.455     162.9
78
 2013 04 20 18 41 41.700     2013 04 20 18 45  1.723     200.0
79
 2013 04 20 11 54 57.495     2013 04 20 11 57 48.723     171.2
 2013 04 20 21 57 33.552     2013 04 20 22 01  4.100     210.5
80
 2013 04 20 13 27 23.641     2013 04 20 13 31 14.337     230.7
81
 2013 04 20 13 33 26.778     2013 04 20 13 36 16.126     169.3
82
 2013 04 20 11 55 43.263     2013 04 20 11 59 23.632     220.4
 2013 04 20 21 58 59.845     2013 04 20 22 01 55.190     175.3
83
 2013 04 20 11 54 14.625     2013 04 20 11 56 58.625     164.0
84
 2013 04 20 11 58 17.657     2013 04 20 12 01 20.969     183.3
85
86
 2013 04 20 12 03 30.155     2013 04 20 12 04 23.755      53.6
 2013 04 20 20 16 47.602     2013 04 20 20 19 32.687     165.1
87
 2013 04 20 11 54  8.597     2013 04 20 11 57 24.537     195.9
 2013 04 20 21 59 12.869     2013 04 20 22 02 38.046     205.2
88
 2013 04 20 13 31 55.700     2013 04 20 13 35 31.213     215.5
89
 2013 04 20 11 53 42.396     2013 04 20 11 57 30.189     227.8
 2013 04 20 21 59 37.971     2013 04 20 22 03  2.865     204.9
90
 2013 04 20 13 41  3.096     2013 04 20 13 43 42.947     159.9
 2013 04 20 18 36 33.584     2013 04 20 18 40  2.695     209.1
91
 2013 04 20 10 23 16.774     2013 04 20 10 26 33.928     197.2
92
 2013 04 20 22 02 25.120     2013 04 20 22 05   .590     155.5
93
 2013 04 20 18 41 29.733     2013 04 20 18 44 21.433     171.7
94
 2013 04 20 13 36 32.191     2013 04 20 13 40 23.110     230.9
 2013 04 20 21 51  7.419     2013 04 20 21 54 25.998     198.6
95
 2013 04 20 13 30 20.944     2013 04 20 13 33 21.937     181.0
 2013 04 20 23 33 36.762     2013 04 20 23 36 11.945     155.2
96
 2013 04 20 23 29 53.588     2013 04 20 23 33 10.859     197.3
97
 2013 04 20 20 26 32.390     2013 04 20 20 29  9.322     156.9
98
99
 2013 04 20 12 04 48.358     2013 04 20 12 08 31.110     222.8
 2013 04 20 18 41  5.240     2013 04 20 18 43 51.729     166.5
100
 2013 04 20 21 59 49.775     2013 04 20 22 03 18.614     208.8
101
 2013 04 20 10 25 24.289     2013 04 20 10 29  7.814     223.5
 2013 04 20 18 42 10.499     2013 04 20 18 45 13.467     183.0
102
 2013 04 20 21 55 41.097     2013 04 20 21 58 45.522     184.4
103
 2013 04 20 11 51 43.679     2013 04 20 11 54 45.691     182.0
104
 2013 04 20 12 04  5.573     2013 04 20 12 05 23.224      77.7
 2013 04 20 18 41 15.081     2013 04 20 18 43 53.441     158.4
105
 2013 04 20 12 00   .444     2013 04 20 12 03 33.992     213.5
 2013 04 20 20 19 21.048     2013 04 20 20 22 10.716     169.7
106
107
 2013 04 20 10 15 28.384     2013 04 20 10 18  9.702     161.3
 2013 04 20 22 03 59.478     2013 04 20 22 06 58.486     179.0
108
 2013 04 20 11 53 54.352     2013 04 20 11 57 42.338     228.0
 2013 04 20 21 59 40.129     2013 04 20 22 02 50.847     190.7
109
 2013 04 20 20 28 10.189     2013 04 20 20 31 14.147     184.0
110
 2013 04 20 13 30 55.408     2013 04 20 13 31  5.883      10.5
 2013 04 20 23 31 13.774     2013 04 20 23 33 50.091     156.3
111
 2013 04 20 11 55 19.203     2013 04 20 11 58  7.809     168.6
 2013 04 20 21 57 41.117     2013 04 20 22 00 45.961     184.8
112
113
 2013 04 20 22 00 18.177     2013 04 20 22 03  8.641     170.5
114
115
 2013 04 20 10 20 51.984     2013 04 20 10 23 29.033     157.0
 2013 04 20 20 23 32.081     2013 04 20 20 26 15.827     163.7
116
 2013 04 20 13 34  9.928     2013 04 20 13 37 11.366     181.4
117
 2013 04 20 11 56 14.429     2013 04 20 11 59 33.628     199.2
 2013 04 20 21 58 30.784     2013 04 20 22 01 39.807     189.0
118
 2013 04 20 21 54 47.698     2013 04 20 21 57 31.109     163.4
119
 2013 04 20 12 01 16.766     2013 04 20 12 04  7.423     170.7
 2013 04 20 20 17 42.340     2013 04 20 20 20 19.101     156.8
120
 2013 04 20 21 54 48.737     2013 04 20 21 58  7.366     198.6
121
 2013 04 20 13 38 39.132     2013 04 20 13 41 59.661     200.5
 2013 04 20 20 15 21.371     2013 04 20 20 18 18.220     176.8
122
 2013 04 20 11 56 46.329     2013 04 20 12 00 34.980     228.7
 2013 04 20 21 56 12.899     2013 04 20 21 59  7.426     174.5
123
 2013 04 20 12 03 14.665     2013 04 20 12 06 51.464     216.8
 2013 04 20 18 38 22.022     2013 04 20 18 41 38.793     196.8
124
 2013 04 20 12 01  8.494     2013 04 20 12 03 47.771     159.3
 2013 04 20 20 18 25.010     2013 04 20 20 21  1.260     156.3
125
126
127
 2013 04 20 11 54 14.617     2013 04 20 11 57 47.950     213.3
128
 2013 04 20 12 05  7.257     2013 04 20 12 07 49.203     161.9
 2013 04 20 18 40 10.851     2013 04 20 18 42 54.366     163.5
129
 2013 04 20 22 00 26.256     2013 04 20 22 03 35.396     189.1
130
131
 2013 04 20 12 02 51.918     2013 04 20 12 06 11.597     199.7
 2013 04 20 18 41 46.210     2013 04 20 18 42 12.340      26.1
132
 2013 04 20 21 51  3.659     2013 04 20 21 54  2.866     179.2
133
 2013 04 20 12 02 27.552     2013 04 20 12 03  1.950      34.4
134
 2013 04 20 13 33 47.647     2013 04 20 13 36 47.756     180.1
135
 2013 04 20 13 37 42.728     2013 04 20 13 40 21.738     159.0
136
 2013 04 20 13 32 56.601     2013 04 20 13 36  2.362     185.8
137
 2013 04 20 12 00  6.866     2013 04 20 12 02 50.252     163.4
 2013 04 20 20 18 23.633     2013 04 20 20 21 43.939     200.3
138
 2013 04 20 21 54 20.762     2013 04 20 21 57 49.868     209.1
139
 2013 04 20 20 16 27.310     2013 04 20 20 19 15.186     167.9
140
 2013 04 20 12 01 11.752     2013 04 20 12 04 10.392     178.6
 2013 04 20 20 18 48.715     2013 04 20 20 21 28.830     160.1
141
 2013 04 20 12 03 58.704     2013 04 20 12 05 20.172      81.5
 2013 04 20 18 41 12.466     2013 04 20 18 43 53.709     161.2
142
 2013 04 20 13 34 42.756     2013 04 20 13 35 12.429      29.7
 2013 04 20 23 30 59.538     2013 04 20 23 33 39.127     159.6
143
 2013 04 20 21 53 52.812     2013 04 20 21 57 31.314     218.5
144
145
 2013 04 20 23 35 56.911     2013 04 20 23 38 42.027     165.1
146
 2013 04 20 10 19 36.920     2013 04 20 10 22 40.785     183.9
 2013 04 20 20 24 17.778     2013 04 20 20 27 41.039     203.3
147
 2013 04 20 12 04 48.285     2013 04 20 12 07 49.177     180.9
 2013 04 20 18 40 36.261     2013 04 20 18 43 14.312     158.1
148
 2013 04 20 12 01 26.835     2013 04 20 12 04  8.076     161.2
 2013 04 20 20 18 24.043     2013 04 20 20 21  5.243     161.2
149
 2013 04 20 10 23 49.198     2013 04 20 10 27 38.832     229.6
150
 2013 04 20 11 56 26.838     2013 04 20 11 59 31.406     184.6
 2013 04 20 21 58 17.756     2013 04 20 22 01 26.420     188.7
151
 2013 04 20 13 37 15.410     2013 04 20 13 40  7.315     171.9
 2013 04 20 21 51 34.634     2013 04 20 21 55 25.346     230.7
152
 2013 04 20 13 35 35.971     2013 04 20 13 38 13.995     158.0
 2013 04 20 21 52 53.991     2013 04 20 21 55 36.759     162.8
153
 2013 04 20 12 01 10.535     2013 04 20 12 01 41.776      31.2
 2013 04 20 20 19 10.979     2013 04 20 20 22 32.520     201.5
154
 2013 04 20 15 12 18.733     2013 04 20 15 15 36.658     197.9
155
156
 2013 04 20 10 19 47.962     2013 04 20 10 22 54.090     186.1
 2013 04 20 20 24 22.152     2013 04 20 20 27 30.277     188.1
157
 2013 04 20 13 37 16.430     2013 04 20 13 38 49.286      92.9
158
 2013 04 20 11 57 53.889     2013 04 20 12 01 25.490     211.6
 2013 04 20 21 55 19.186     2013 04 20 21 55 24.266       5.1
159
 2013 04 20 21 58 21.961     2013 04 20 21 58 59.596      37.6
160
 2013 04 20 15 14 23.239     2013 04 20 15 17 48.237     205.0
 2013 04 20 21 50 21.650     2013 04 20 21 53  7.648     166.0
161
 2013 04 20 11 55 39.247     2013 04 20 11 58 28.002     168.8
 2013 04 20 21 57 41.539     2013 04 20 22 00 28.792     167.3
162
 2013 04 20 11 52 21.132     2013 04 20 11 55 52.718     211.6
163
 2013 04 20 12 03 12.538     2013 04 20 12 05 55.454     162.9
 2013 04 20 18 42 41.825     2013 04 20 18 42 52.109      10.3
164
 2013 04 20 23 35 20.355     2013 04 20 23 38 23.111     182.8
165
 2013 04 20 11 54 35.932     2013 04 20 11 57 13.399     157.5
 2013 04 20 21 57 58.459     2013 04 20 21 58  8.040       9.6
166
167
 2013 04 20 11 52 17.456     2013 04 20 11 56  8.186     230.7
168
169
 2013 04 20 11 52  1.051     2013 04 20 11 55  8.219     187.2
170
 2013 04 20 13 37  1.519     2013 04 20 13 40 49.649     228.1
171
 2013 04 20 12 02 39.315     2013 04 20 12 03 16.386      37.1
 2013 04 20 20 20 23.135     2013 04 20 20 20 27.981       4.8
172
 2013 04 20 15 14 24.000     2013 04 20 15 17 48.840     204.8
 2013 04 20 16 52 20.166     2013 04 20 16 56  9.807     229.6
 2013 04 20 20 09 31.483     2013 04 20 20 09 36.050       4.6
 2013 04 20 21 48 18.168     2013 04 20 21 51 18.364     180.2
173
 2013 04 20 11 54  7.092     2013 04 20 11 56 59.883     172.8
 2013 04 20 22 01 27.454     2013 04 20 22 02 39.428      72.0
174
 2013 04 20 13 30 44.339     2013 04 20 13 33 37.859     173.5
 2013 04 20 23 32 16.056     2013 04 20 23 34 52.968     156.9
175
 2013 04 20 23 40 25.170     2013 04 20 23 40 59.721      34.6
176
 2013 04 20 10 14 38.497     2013 04 20 10 17 47.026     188.5
 2013 04 20 22 04   .755     2013 04 20 22 06 35.867     155.1
177
 2013 04 20 20 19  7.165     2013 04 20 20 22 52.425     225.3
178
 2013 04 20 12 00 10.374     2013 04 20 12 04   .831     230.5
 2013 04 20 20 19 34.264     2013 04 20 20 22 11.983     157.7
179
 2013 04 20 13 29 39.856     2013 04 20 13 32 31.597     171.7
 2013 04 20 23 33 35.245     2013 04 20 23 36 33.367     178.1
180
 2013 04 20 12 00 14.626     2013 04 20 12 04  6.777     232.2
 2013 04 20 20 16 52.116     2013 04 20 20 19 45.384     173.3
181
 2013 04 20 12 01 45.875     2013 04 20 12 05 10.967     205.1
 2013 04 20 20 18 35.317     2013 04 20 20 22  7.945     212.6
182
 2013 04 20 20 20 12.767     2013 04 20 20 22 53.462     160.7
183
 2013 04 20 11 55  7.699     2013 04 20 11 58  2.197     174.5
 2013 04 20 21 57 31.620     2013 04 20 22 00 49.526     197.9
184
 2013 04 20 11 57   .920     2013 04 20 11 59 39.347     158.4
 2013 04 20 21 57 20.025     2013 04 20 22 00 24.435     184.4
185
 2013 04 20 13 35 57.829     2013 04 20 13 38 36.254     158.4
 2013 04 20 21 52 51.224     2013 04 20 21 55 27.527     156.3
186
 2013 04 20 12 06 22.682     2013 04 20 12 09  4.954     162.3
 2013 04 20 17 01 58.444     2013 04 20 17 05 25.137     206.7
187
 2013 04 20 11 57  9.989     2013 04 20 11 57 23.282      13.3
188
 2013 04 20 15 14 56.855     2013 04 20 15 17 40.903     164.0
 2013 04 20 21 49 36.124     2013 04 20 21 52 38.870     182.7
189
 2013 04 20 12 02 50.846     2013 04 20 12 06 34.483     223.6
 2013 04 20 18 38   .548     2013 04 20 18 41 46.499     226.0
190
 2013 04 20 13 40  3.879     2013 04 20 13 43  1.302     177.4
 2013 04 20 20 15 10.749     2013 04 20 20 18  8.831     178.1
191
192
 2013 04 20 21 56 15.244     2013 04 20 21 59 15.595     180.4
193
 2013 04 20 11 59 26.450     2013 04 20 12 02 15.288     168.8
 2013 04 20 20 22 24.030     2013 04 20 20 22 27.213       3.2
194
 2013 04 20 12 02  5.354     2013 04 20 12 04 43.425     158.1
 2013 04 20 20 17 43.469     2013 04 20 20 20 54.835     191.4
195
 2013 04 20 13 29 59.255     2013 04 20 13 32 36.563     157.3
 2013 04 20 23 33  3.798     2013 04 20 23 36  2.706     178.9
196
 2013 04 20 10 15 57.755     2013 04 20 10 19 12.963     195.2
197
 2013 04 20 10 21 59.484     2013 04 20 10 24 36.679     157.2
 2013 04 20 20 23   .575     2013 04 20 20 25 53.347     172.8
198
 2013 04 20 10 29  4.606     2013 04 20 10 29 34.533      29.9
 2013 04 20 18 41 58.198     2013 04 20 18 44 50.027     171.8
199
 2013 04 20 11 59  4.118     2013 04 20 12 01 52.348     168.2
200
201
 2013 04 20 10 18 31.069     2013 04 20 10 21  8.501     157.4
202
 2013 04 20 13 28 42.637     2013 04 20 13 28 47.896       5.3
 2013 04 20 23 34 46.627     2013 04 20 23 37 31.516     164.9
203
 2013 04 20 13 35 54.400     2013 04 20 13 38 33.844     159.4
 2013 04 20 21 52 47.770     2013 04 20 21 55 24.263     156.5
204
 2013 04 20 12 01 11.802     2013 04 20 12 03 49.533     157.7
 2013 04 20 20 18 13.762     2013 04 20 20 20 50.044     156.3
205
 2013 04 20 12 02 42.193     2013 04 20 12 05 24.287     162.1
 2013 04 20 20 16 56.935     2013 04 20 20 17 33.078      36.1
206
207
208
 2013 04 20 12 00 29.835     2013 04 20 12 03  7.573     157.7
 2013 04 20 20 18  6.846     2013 04 20 20 21  8.037     181.2
209
210
211
 2013 04 20 13 34 58.642     2013 04 20 13 37 42.600     164.0
 2013 04 20 21 53 12.346     2013 04 20 21 56 22.250     189.9
212
 2013 04 20 11 57 41.367     2013 04 20 12 00 18.899     157.5
 2013 04 20 21 56 41.492     2013 04 20 21 57 43.890      62.4
213
214
215
 2013 04 20 11 51  5.994     2013 04 20 11 53 54.020     168.0
 2013 04 20 23 37 36.543     2013 04 20 23 38 43.584      67.0
216
 2013 04 20 15 15 16.457     2013 04 20 15 18  1.658     165.2
 2013 04 20 21 49 27.726     2013 04 20 21 52 56.304     208.6
217
 2013 04 20 11 57 57.844     2013 04 20 12 00 20.236     142.4
218
 2013 04 20 23 36 39.205     2013 04 20 23 39 28.203     169.0
219
 2013 04 20 22 00 39.329     2013 04 20 22 03 55.390     196.1
220
 2013 04 20 13 32 13.231     2013 04 20 13 35 15.995     182.8
221
 2013 04 20 10 22 37.888     2013 04 20 10 25 50.725     192.8
222
 2013 04 20 11 55 47.003     2013 04 20 11 59 21.298     214.3
 2013 04 20 21 58 56.268     2013 04 20 22 01 50.614     174.3
223
 2013 04 20 21 59   .287     2013 04 20 22 00 38.174      97.9
224
 2013 04 20 12 03  2.039     2013 04 20 12 06 47.293     225.3
 2013 04 20 18 40 19.364     2013 04 20 18 40 56.088      36.7
225
 2013 04 20 13 39 36.716     2013 04 20 13 42 15.372     158.7
 2013 04 20 20 14 45.342     2013 04 20 20 17 23.017     157.7
226
 2013 04 20 11 58 11.545     2013 04 20 12 01 36.275     204.7
227
 2013 04 20 10 25 59.849     2013 04 20 10 25 59.217       -.6
 2013 04 20 18 42  4.182     2013 04 20 18 44 40.865     156.7
228
 2013 04 20 13 33 24.576     2013 04 20 13 36 25.123     180.5
229
 2013 04 20 13 33 36.203     2013 04 20 13 37  2.311     206.1
230
 2013 04 20 11 58 34.889     2013 04 20 12 01 35.413     180.5
231
 2013 04 20 13 34 46.294     2013 04 20 13 37 59.365     193.1
 2013 04 20 21 53 46.655     2013 04 20 21 56 47.213     180.6
232
 2013 04 20 15 16 57.589     2013 04 20 15 20  7.247     189.7
 2013 04 20 20 12 54.426     2013 04 20 20 15 32.076     157.7
233
 2013 04 20 13 37 11.746     2013 04 20 13 40 49.429     217.7
 2013 04 20 21 50 43.859     2013 04 20 21 50 59.827      16.0
234
 2013 04 20 13 30 42.458     2013 04 20 13 31  8.285      25.8
 2013 04 20 23 33 26.964     2013 04 20 23 37  7.855     220.9
235
 2013 04 20 11 58 38.045     2013 04 20 12 01 31.711     173.7
236
 2013 04 20 18 41 25.533     2013 04 20 18 44 14.894     169.4
237
 2013 04 20 22 02 23.937     2013 04 20 22 05 11.403     167.5
238
 2013 04 20 10 24 41.388     2013 04 20 10 25 52.385      71.0
 2013 04 20 20 21 26.978     2013 04 20 20 24 15.876     168.9
239
 2013 04 20 20 26 18.335     2013 04 20 20 28 59.809     161.5
240
 2013 04 20 11 57 13.173     2013 04 20 11 58  6.512      53.3
241
 2013 04 20 10 23 25.792     2013 04 20 10 24 28.364      62.6
 2013 04 20 20 21 53.854     2013 04 20 20 24 56.140     182.3
242
 2013 04 20 10 17  5.169     2013 04 20 10 20 35.476     210.3
243
 2013 04 20 20 27 33.714     2013 04 20 20 30 43.060     189.3
244
 2013 04 20 10 19 26.439     2013 04 20 10 22 25.008     178.6
245
 2013 04 20 11 58 53.316     2013 04 20 12 01 54.558     181.2
246
 2013 04 20 10 23 34.756     2013 04 20 10 27 20.037     225.3
247
 2013 04 20 11 57 27.262     2013 04 20 11 58 51.975      84.7
248
249
 2013 04 20 12 01 16.241     2013 04 20 12 04  2.767     166.5
 2013 04 20 20 17 48.279     2013 04 20 20 20 24.825     156.5
250
251
 2013 04 20 11 59 46.516     2013 04 20 12 02 52.514     186.0
 2013 04 20 20 18 47.889     2013 04 20 20 22 13.693     205.8
252
 2013 04 20 13 37 17.813     2013 04 20 13 40 24.118     186.3
 2013 04 20 21 51 13.184     2013 04 20 21 52  1.295      48.1
253
 2013 04 20 20 25 50.234     2013 04 20 20 28 30.943     160.7
254
 2013 04 20 13 32 20.614     2013 04 20 13 35 56.663     216.0
255
 2013 04 20 10 16  8.919     2013 04 20 10 16 36.377      27.5
256
 2013 04 20 12 05  8.635     2013 04 20 12 07 49.438     160.8
 2013 04 20 18 40  7.932     2013 04 20 18 42 52.165     164.2
257
 2013 04 20 15 15 56.067     2013 04 20 15 18 40.418     164.4
 2013 04 20 20 11 35.464     2013 04 20 20 14 56.668     201.2
258
 2013 04 20 13 38 25.098     2013 04 20 13 41 40.071     195.0
 2013 04 20 20 15  5.644     2013 04 20 20 18 21.797     196.2
259
 2013 04 20 11 50 41.766     2013 04 20 11 53 55.001     193.2
260
 2013 04 20 13 36 55.367     2013 04 20 13 40  6.037     190.7
 2013 04 20 21 51 29.214     2013 04 20 21 54 58.931     209.7
261
 2013 04 20 11 51 35.027     2013 04 20 11 54 34.118     179.1
262
 2013 04 20 13 37 53.087     2013 04 20 13 40 37.189     164.1
263
 2013 04 20 12 05 11.690     2013 04 20 12 07 55.222     163.5
 2013 04 20 18 39 34.299     2013 04 20 18 42 24.840     170.5
264
265
 2013 04 20 20 27 39.447     2013 04 20 20 27 59.266      19.8
266
 2013 04 20 13 36 15.392     2013 04 20 13 37 11.137      55.7
 2013 04 20 21 53 36.090     2013 04 20 21 57 22.368     226.3
267
 2013 04 20 21 54 23.555     2013 04 20 21 57 41.272     197.7
268
 2013 04 20 13 34  3.560     2013 04 20 13 36 44.970     161.4
269
 2013 04 20 11 57 10.458     2013 04 20 12 00 30.219     199.8
270
 2013 04 20 22 01 56.414     2013 04 20 22 04 51.839     175.4
271
 2013 04 20 12 05   .456     2013 04 20 12 07 45.227     164.8
 2013 04 20 18 39 34.510     2013 04 20 18 42 17.657     163.1
272
 2013 04 20 10 17 11.391     2013 04 20 10 20  1.359     170.0
273
 2013 04 20 11 56 50.467     2013 04 20 11 59 44.496     174.0
 2013 04 20 21 57 52.704     2013 04 20 22 01 17.345     204.6
274
 2013 04 20 20 20 46.163     2013 04 20 20 23 23.014     156.9
275
 2013 04 20 13 37  1.461     2013 04 20 13 40 39.515     218.1
 2013 04 20 21 50 53.736     2013 04 20 21 52 32.856      99.1
276
 2013 04 20 10 21 37.408     2013 04 20 10 24 47.611     190.2
 2013 04 20 20 22 21.356     2013 04 20 20 24 57.890     156.5
277
 2013 04 20 10 16 55.450     2013 04 20 10 20 37.738     222.3
278
 2013 04 20 15 12 42.311     2013 04 20 15 15 58.125     195.8
 2013 04 20 21 49 27.004     2013 04 20 21 50  1.223      34.2
279
 2013 04 20 13 37 33.493     2013 04 20 13 41 27.180     233.7
 2013 04 20 20 12 42.354     2013 04 20 20 16 21.326     219.0
280
 2013 04 20 15 15 18.522     2013 04 20 15 18 18.858     180.3
 2013 04 20 21 49 41.041     2013 04 20 21 53 20.748     219.7
281
282
 2013 04 20 12 00  2.784     2013 04 20 12 02 58.052     175.3
 2013 04 20 20 17 22.319     2013 04 20 20 20 54.814     212.5
283
284
 2013 04 20 10 25  8.391     2013 04 20 10 27 46.079     157.7
 2013 04 20 18 43 11.613     2013 04 20 18 47  2.056     230.4
285
 2013 04 20 13 32 23.213     2013 04 20 13 35 25.630     182.4
 2013 04 20 23 30 50.624     2013 04 20 23 34 37.822     227.2
286
 2013 04 20 11 59 16.597     2013 04 20 12 02 46.146     209.5
 2013 04 20 20 18 58.301     2013 04 20 20 22 45.731     227.4
287
 2013 04 20 11 53  7.331     2013 04 20 11 56 49.341     222.0
288
 2013 04 20 13 37 28.437     2013 04 20 13 40 49.482     201.0
289
 2013 04 20 22 00 57.748     2013 04 20 22 03 46.979     169.2
290
 2013 04 20 13 37 19.409     2013 04 20 13 37 20.054        .6
291
 2013 04 20 13 40 49.185     2013 04 20 13 44  5.575     196.4
 2013 04 20 18 37  1.035     2013 04 20 18 40 54.213     233.2
 2013 04 20 20 14 56.021     2013 04 20 20 14 59.968       3.9
292
 2013 04 20 10 19 40.989     2013 04 20 10 22 30.055     169.1
 2013 04 20 20 26 56.930     2013 04 20 20 26 59.439       2.5
293
 2013 04 20 11 50 42.407     2013 04 20 11 53 21.967     159.6
 2013 04 20 23 38 30.120     2013 04 20 23 39 58.944      88.8
294
 2013 04 20 00 00   .000     2013 04 20 00 00  4.864       4.9
 2013 04 20 11 51 30.178     2013 04 20 11 52 37.491      67.3
 2013 04 20 23 38 12.006     2013 04 20 23 41  6.300     174.3
295
 2013 04 20 11 53 30.152     2013 04 20 11 56  7.092     156.9
296
 2013 04 20 15 16 30.994     2013 04 20 15 19 54.634     203.6
 2013 04 20 20 12 50.703     2013 04 20 20 15 36.666     166.0
297
 2013 04 20 20 21 25.651     2013 04 20 20 24  7.425     161.8
298
 2013 04 20 20 19 19.922     2013 04 20 20 22 57.523     217.6
299
 2013 04 20 13 42  7.263     2013 04 20 13 45 11.836     184.6
 2013 04 20 18 38  2.304     2013 04 20 18 40 40.709     158.4
300
 2013 04 20 15 15 13.973     2013 04 20 15 18 34.305     200.3
 2013 04 20 21 49 55.331     2013 04 20 21 53 40.373     225.0
301
 2013 04 20 11 57 34.100     2013 04 20 12 00 31.132     177.0
302
 2013 04 20 13 35 21.081     2013 04 20 13 35 45.014      23.9
 2013 04 20 23 30 34.303     2013 04 20 23 33 36.541     182.2
303
 2013 04 20 10 15 41.942     2013 04 20 10 18 42.604     180.7
 2013 04 20 22 04  7.305     2013 04 20 22 04 32.383      25.1
304
 2013 04 20 13 28 58.794     2013 04 20 13 31 39.752     161.0
 2013 04 20 23 36 37.890     2013 04 20 23 37 11.548      33.7
305
 2013 04 20 22 00 21.353     2013 04 20 22 03 12.567     171.2
306
 2013 04 20 13 32 33.126     2013 04 20 13 35 13.606     160.5
 2013 04 20 23 31  8.938     2013 04 20 23 31 44.916      36.0
307
 2013 04 20 18 41 11.121     2013 04 20 18 44 34.836     203.7
308
 2013 04 20 12 04  1.753     2013 04 20 12 07 36.623     214.9
 2013 04 20 13 41 55.848     2013 04 20 13 42 30.772      34.9
 2013 04 20 18 38 48.132     2013 04 20 18 41 26.527     158.4
309
 2013 04 20 13 35 19.185     2013 04 20 13 39  8.014     228.8
 2013 04 20 21 54 12.688     2013 04 20 21 56 50.808     158.1
310
 2013 04 20 22 00 16.401     2013 04 20 22 02 55.483     159.1
311
 2013 04 20 12 03  5.458     2013 04 20 12 06 42.144     216.7
 2013 04 20 18 38 14.452     2013 04 20 18 41 44.220     209.8
312
 2013 04 20 15 16 26.308     2013 04 20 15 19 33.862     187.6
 2013 04 20 20 12 31.803     2013 04 20 20 15 22.521     170.7
313
 2013 04 20 13 31 56.673     2013 04 20 13 34 38.039     161.4
 2013 04 20 23 32  8.830     2013 04 20 23 35 43.283     214.5
314
 2013 04 20 23 37 18.004     2013 04 20 23 39 55.079     157.1
315
 2013 04 20 11 56 22.329     2013 04 20 12 00  3.664     221.3
 2013 04 20 21 56 36.604     2013 04 20 21 59 15.105     158.5
316
 2013 04 20 13 38 51.309     2013 04 20 13 41 34.926     163.6
 2013 04 20 20 14  8.099     2013 04 20 20 17  2.367     174.3
317
 2013 04 20 15 16 34.866     2013 04 20 15 19 37.480     182.6
 2013 04 20 20 12 33.576     2013 04 20 20 15 18.676     165.1
318
 2013 04 20 11 49 55.179     2013 04 20 11 53 21.412     206.2
 2013 04 20 23 38  7.860     2013 04 20 23 40 50.979     163.1
319
320
 2013 04 20 23 30 46.054     2013 04 20 23 33 28.155     162.1
321
 2013 04 20 10 16 25.635     2013 04 20 10 19  4.969     159.3
322
 2013 04 20 13 32 28.042     2013 04 20 13 35  9.037     161.0
323
 2013 04 20 20 20 46.599     2013 04 20 20 23 46.638     180.0
324
 2013 04 20 23 35 10.537     2013 04 20 23 38 33.580     203.0
325
 2013 04 20 12 04 41.055     2013 04 20 12 07 37.054     176.0
 2013 04 20 18 40 30.843     2013 04 20 18 43  7.890     157.0
326
327
 2013 04 20 12 05 21.686     2013 04 20 12 09  2.366     220.7
 2013 04 20 18 40 50.634     2013 04 20 18 44 12.370     201.7
328
 2013 04 20 11 54 16.740     2013 04 20 11 55  9.381      52.6
 2013 04 20 21 59 51.346     2013 04 20 22 02 32.764     161.4
329
 2013 04 20 15 15 38.225     2013 04 20 15 18 58.774     200.5
 2013 04 20 20 11 55.006     2013 04 20 20 15 39.923     224.9
330
 2013 04 20 15 14 16.079     2013 04 20 15 17 45.148     209.1
 2013 04 20 21 50 25.528     2013 04 20 21 53  8.019     162.5
331
 2013 04 20 13 32  1.869     2013 04 20 13 32 55.663      53.8
332
 2013 04 20 11 51 55.842     2013 04 20 11 55  5.178     189.3
333
 2013 04 20 20 25 45.550     2013 04 20 20 29  4.528     199.0
334
 2013 04 20 12 00 59.469     2013 04 20 12 01 26.082      26.6
 2013 04 20 21 55 25.274     2013 04 20 21 58 57.332     212.1
335
 2013 04 20 13 33 59.194     2013 04 20 13 37 40.866     221.7
336
 2013 04 20 13 34  9.333     2013 04 20 13 37 10.392     181.1
337
 2013 04 20 11 54 34.991     2013 04 20 11 57 26.881     171.9
 2013 04 20 21 58 48.717     2013 04 20 22 02  9.043     200.3
338
 2013 04 20 13 36  5.534     2013 04 20 13 39 10.608     185.1
 2013 04 20 21 53 31.774     2013 04 20 21 56 20.915     169.1
339
 2013 04 20 15 16 21.739     2013 04 20 15 19 31.632     189.9
 2013 04 20 20 12 30.198     2013 04 20 20 15 24.467     174.3
340
 2013 04 20 15 16   .555     2013 04 20 15 19 28.953     208.4
 2013 04 20 20 12 27.311     2013 04 20 20 15 40.722     193.4
341
 2013 04 20 11 56 54.423     2013 04 20 11 59 43.253     168.8
 2013 04 20 21 57 47.318     2013 04 20 22 01 10.186     202.9
342
 2013 04 20 10 19 25.616     2013 04 20 10 22 43.347     197.7
343
 2013 04 20 11 49  1.100     2013 04 20 11 49  2.551       1.5
 2013 04 20 23 38 10.540     2013 04 20 23 40 49.922     159.4
344
 2013 04 20 12 03 27.841     2013 04 20 12 06 20.969     173.1
 2013 04 20 18 39 43.169     2013 04 20 18 43 31.825     228.7
345
 2013 04 20 22 00  5.457     2013 04 20 22 02 41.482     156.0
346
 2013 04 20 13 30 54.937     2013 04 20 13 33 33.259     158.3
 2013 04 20 23 32 39.226     2013 04 20 23 35 14.466     155.2
347
 2013 04 20 10 21   .135     2013 04 20 10 23 38.536     158.4
 2013 04 20 20 23 18.170     2013 04 20 20 26   .065     161.9
348
 2013 04 20 15 12 24.705     2013 04 20 15 13 13.071      48.4
 2013 04 20 21 50  2.028     2013 04 20 21 53 53.094     231.1
349
 2013 04 20 12 05  4.306     2013 04 20 12 07 46.886     162.6
 2013 04 20 18 39 38.085     2013 04 20 18 42 22.594     164.5
350
 2013 04 20 12 02 29.754     2013 04 20 12 05 15.335     165.6
 2013 04 20 20 17 40.970     2013 04 20 20 18 40.510      59.5
351
 2013 04 20 20 26  8.611     2013 04 20 20 29 41.022     212.4
352
 2013 04 20 13 40 25.713     2013 04 20 13 43 58.867     213.2
 2013 04 20 20 15 19.548     2013 04 20 20 19  6.360     226.8
353
 2013 04 20 20 25 21.039     2013 04 20 20 28 17.475     176.4
354
 2013 04 20 23 36  2.049     2013 04 20 23 36 29.040      27.0
355
 2013 04 20 13 37  9.036     2013 04 20 13 40 12.038     183.0
 2013 04 20 21 52 37.584     2013 04 20 21 52 50.574      13.0
356
 2013 04 20 11 58 22.535     2013 04 20 11 58 46.492      24.0
 2013 04 20 21 56 24.041     2013 04 20 22 00  7.407     223.4
357
 2013 04 20 11 59 56.796     2013 04 20 12 02 46.084     169.3
 2013 04 20 20 17 24.934     2013 04 20 20 21  9.034     224.1
358
 2013 04 20 21 58 46.321     2013 04 20 21 58 58.741      12.4
359
 2013 04 20 11 52  4.066     2013 04 20 11 54 56.373     172.3
360
 2013 04 20 13 39  8.099     2013 04 20 13 42 54.524     226.4
 2013 04 20 15 17 17.234     2013 04 20 15 20 56.501     219.3
 2013 04 20 20 13 25.405     2013 04 20 20 16  9.476     164.1
361
 2013 04 20 11 58 25.277     2013 04 20 12 01 40.472     195.2
362
 2013 04 20 13 37 13.168     2013 04 20 13 39 56.867     163.7
 2013 04 20 21 52 24.058     2013 04 20 21 53 44.818      80.8
363
 2013 04 20 11 58 13.709     2013 04 20 12 01  3.077     169.4
364
 2013 04 20 13 36 21.191     2013 04 20 13 39 43.676     202.5
 2013 04 20 21 53 26.504     2013 04 20 21 56 44.698     198.2
365
 2013 04 20 12 05 31.495     2013 04 20 12 08 35.896     184.4
 2013 04 20 18 40 26.706     2013 04 20 18 43 41.706     195.0
366
 2013 04 20 11 55 34.851     2013 04 20 11 59 16.954     222.1
 2013 04 20 21 56 51.576     2013 04 20 21 59 37.525     165.9
367
 2013 04 20 23 37 22.773     2013 04 20 23 40 53.230     210.5
368
369
 2013 04 20 23 36 20.120     2013 04 20 23 39  3.942     163.8
370
 2013 04 20 21 54 14.307     2013 04 20 21 56 31.594     137.3
371
 2013 04 20 12 01 40.092     2013 04 20 12 02 19.652      39.6
372
 2013 04 20 20 20 58.400     2013 04 20 20 23 43.161     164.8
373
374
375
 2013 04 20 13 40 18.922     2013 04 20 13 40 57.855      38.9
 2013 04 20 21 50 34.753     2013 04 20 21 51 59.591      84.8
376
 2013 04 20 12 02 42.971     2013 04 20 12 05 48.203     185.2
377
 2013 04 20 11 50 47.970     2013 04 20 11 51 33.514      45.5
378
 2013 04 20 21 54 20.804     2013 04 20 21 57 53.865     213.1
379
 2013 04 20 10 19 45.429     2013 04 20 10 22 49.176     183.7
 2013 04 20 20 24 19.137     2013 04 20 20 27 32.462     193.3
380
 2013 04 20 13 38 13.720     2013 04 20 13 41 42.733     209.0
 2013 04 20 20 13 18.950     2013 04 20 20 16 22.979     184.0
381
382
 2013 04 20 11 55 51.835     2013 04 20 11 58 32.265     160.4
 2013 04 20 21 57 54.944     2013 04 20 22 00 33.929     159.0
383
 2013 04 20 12 02 20.925     2013 04 20 12 04 58.872     157.9
 2013 04 20 20 17 34.864     2013 04 20 20 21  8.456     213.6
384
 2013 04 20 12 05  6.638     2013 04 20 12 08 22.282     195.6
 2013 04 20 13 42 56.434     2013 04 20 13 44 48.211     111.8
 2013 04 20 17 00 14.311     2013 04 20 17 00 38.018      23.7
 2013 04 20 18 38 54.659     2013 04 20 18 42   .804     186.1
385
 2013 04 20 20 27  3.154     2013 04 20 20 29 44.109     161.0
386
 2013 04 20 23 37 13.451     2013 04 20 23 40 44.341     210.9
387
 2013 04 20 13 31 48.631     2013 04 20 13 35 10.796     202.2
388
 2013 04 20 11 53 49.152     2013 04 20 11 56 26.265     157.1
389
390
 2013 04 20 13 33 50.812     2013 04 20 13 37  8.156     197.3
 2013 04 20 21 57 36.304     2013 04 20 21 57 38.877       2.6
391
 2013 04 20 22 05 12.756     2013 04 20 22 05 25.358      12.6
392
 2013 04 20 10 16 30.151     2013 04 20 10 20 14.672     224.5
393
 2013 04 20 13 28 51.170     2013 04 20 13 31 56.137     185.0
 2013 04 20 23 33 44.142     2013 04 20 23 37 23.998     219.9
394
 2013 04 20 20 19 49.554     2013 04 20 20 22 27.283     157.7
395
 2013 04 20 11 59 13.392     2013 04 20 12 01 53.591     160.2
396
 2013 04 20 11 54 33.398     2013 04 20 11 58 16.033     222.6
 2013 04 20 21 59 36.328     2013 04 20 22 02 17.948     161.6
397
 2013 04 20 21 51 15.925     2013 04 20 21 53 52.888     157.0
398
 2013 04 20 15 15 12.071     2013 04 20 15 17 53.408     161.3
 2013 04 20 21 49 23.417     2013 04 20 21 52 44.370     201.0
399
 2013 04 20 10 22 40.083     2013 04 20 10 25 53.688     193.6
400
 2013 04 20 11 51 24.086     2013 04 20 11 52 30.426      66.3
401
 2013 04 20 18 41 33.525     2013 04 20 18 44 10.894     157.4
402
 2013 04 20 13 32 50.395     2013 04 20 13 35 27.997     157.6
403
 2013 04 20 11 58 12.464     2013 04 20 12 01 19.147     186.7
404
405
 2013 04 20 10 24  2.103     2013 04 20 10 25 12.387      70.3
 2013 04 20 20 21 49.822     2013 04 20 20 24 25.556     155.7
406
 2013 04 20 10 25 10.717     2013 04 20 10 27 51.920     161.2
 2013 04 20 18 42 51.750     2013 04 20 18 46 41.639     229.9
407
 2013 04 20 21 50 38.553     2013 04 20 21 54 14.568     216.0
408
 2013 04 20 13 38 47.553     2013 04 20 13 41 44.282     176.7
 2013 04 20 20 15   .641     2013 04 20 20 17 58.685     178.0
409
 2013 04 20 13 38 58.887     2013 04 20 13 39 51.385      52.5
 2013 04 20 21 51 25.431     2013 04 20 21 54  6.945     161.5
410
 2013 04 20 13 39 48.031     2013 04 20 13 42 44.393     176.4
 2013 04 20 20 14  1.268     2013 04 20 20 16 52.519     171.3
411
 2013 04 20 13 39 17.834     2013 04 20 13 42 59.997     222.2
 2013 04 20 15 17 25.140     2013 04 20 15 21  4.367     219.2
 2013 04 20 20 13 26.473     2013 04 20 20 16 15.624     169.2
412
 2013 04 20 11 52 58.762     2013 04 20 11 53  2.213       3.5
 2013 04 20 23 37 57.001     2013 04 20 23 40 45.414     168.4
413
 2013 04 20 20 21  4.475     2013 04 20 20 23 40.222     155.7
414
 2013 04 20 11 55 31.963     2013 04 20 11 58 12.199     160.2
 2013 04 20 21 58 30.263     2013 04 20 22 01 11.954     161.7
415
 2013 04 20 12 00  6.217     2013 04 20 12 02 46.944     160.7
 2013 04 20 20 18 16.719     2013 04 20 20 21 41.123     204.4
416
 2013 04 20 20 25  8.786     2013 04 20 20 27 58.254     169.5
417
 2013 04 20 11 52 23.584     2013 04 20 11 55 28.797     185.2
418
419
 2013 04 20 13 35  4.125     2013 04 20 13 37 41.957     157.8
 2013 04 20 21 52 45.650     2013 04 20 21 55 58.534     192.9
420
421
 2013 04 20 10 22  5.200     2013 04 20 10 25 33.766     208.6
 2013 04 20 20 21 44.746     2013 04 20 20 24 38.316     173.6
422
 2013 04 20 10 21 17.316     2013 04 20 10 22 52.203      94.9
 2013 04 20 20 23 57.939     2013 04 20 20 27 26.723     208.8
423
 2013 04 20 11 51 18.000     2013 04 20 11 53 57.039     159.0
424
 2013 04 20 10 18 34.673     2013 04 20 10 21 15.549     160.9
425
 2013 04 20 23 36 20.759     2013 04 20 23 39 27.962     187.2
426
 2013 04 20 13 31 36.997     2013 04 20 13 34 47.271     190.3
 2013 04 20 23 32 35.187     2013 04 20 23 36 23.122     227.9
427
 2013 04 20 11 56  3.122     2013 04 20 11 56 25.608      22.5
428
 2013 04 20 11 55 53.589     2013 04 20 11 56 34.973      41.4
 2013 04 20 21 58 48.628     2013 04 20 22 02 18.358     209.7
429
 2013 04 20 13 32 13.275     2013 04 20 13 35 16.826     183.6
 2013 04 20 23 31   .158     2013 04 20 23 34 33.929     213.8
430
431
 2013 04 20 11 54 42.658     2013 04 20 11 57 41.153     178.5
 2013 04 20 21 58 58.665     2013 04 20 22 02  3.049     184.4
432
433
 2013 04 20 10 18 49.269     2013 04 20 10 21 28.014     158.7
434
 2013 04 20 12 01  1.332     2013 04 20 12 01  6.194       4.9
 2013 04 20 20 16 43.869     2013 04 20 20 19 23.770     159.9
435
 2013 04 20 13 35 38.781     2013 04 20 13 38 23.400     164.6
 2013 04 20 21 53 21.812     2013 04 20 21 55 59.513     157.7
436
437
 2013 04 20 23 34 56.552     2013 04 20 23 38  1.271     184.7
438
 2013 04 20 18 41 20.740     2013 04 20 18 44  6.859     166.1
439
 2013 04 20 12 02 40.249     2013 04 20 12 05 18.693     158.4
 2013 04 20 20 17 19.598     2013 04 20 20 17 53.077      33.5
440
 2013 04 20 12 02 43.627     2013 04 20 12 06 31.044     227.4
441
 2013 04 20 12 00 53.259     2013 04 20 12 04 21.710     208.5
 2013 04 20 20 17 10.739     2013 04 20 20 19 47.722     157.0
442
443
 2013 04 20 21 55 29.830     2013 04 20 21 58 31.161     181.3
444
 2013 04 20 10 17 52.905     2013 04 20 10 21  8.233     195.3
445
 2013 04 20 12 04 11.439     2013 04 20 12 06 51.048     159.6
 2013 04 20 18 39 34.119     2013 04 20 18 42 27.336     173.2
446
 2013 04 20 15 15 12.545     2013 04 20 15 17 52.224     159.7
 2013 04 20 21 49 18.522     2013 04 20 21 52 39.803     201.3
447
 2013 04 20 10 18 49.656     2013 04 20 10 21 55.343     185.7
448
 2013 04 20 21 54 56.140     2013 04 20 21 55 49.025      52.9
449
 2013 04 20 13 38 16.711     2013 04 20 13 38 47.759      31.0
 2013 04 20 15 16 26.815     2013 04 20 15 20 18.842     232.0
 2013 04 20 20 13 11.702     2013 04 20 20 15 56.968     165.3
450
451
 2013 04 20 12 05   .415     2013 04 20 12 07 56.681     176.3
 2013 04 20 18 39 18.342     2013 04 20 18 42  6.675     168.3
452
 2013 04 20 13 40 59.131     2013 04 20 13 43 43.380     164.2
 2013 04 20 18 36 36.946     2013 04 20 18 40 15.400     218.5
 2013 04 20 20 14 24.375     2013 04 20 20 14 38.417      14.0
453
 2013 04 20 15 14 24.816     2013 04 20 15 17 13.642     168.8
 2013 04 20 21 49 51.124     2013 04 20 21 52 30.444     159.3
454
 2013 04 20 13 37  2.948     2013 04 20 13 39 52.827     169.9
 2013 04 20 21 52 38.551     2013 04 20 21 56 25.648     227.1
455
 2013 04 20 13 36 19.899     2013 04 20 13 39 44.765     204.9
 2013 04 20 21 53 28.076     2013 04 20 21 56 46.552     198.5
456
 2013 04 20 13 33 43.779     2013 04 20 13 36 55.660     191.9
457
 2013 04 20 13 40 45.781     2013 04 20 13 43 26.358     160.6
 2013 04 20 18 36 14.989     2013 04 20 18 37 46.162      91.2
 2013 04 20 20 14 26.501     2013 04 20 20 18 13.839     227.3
458
 2013 04 20 10 20   .349     2013 04 20 10 23 19.265     198.9
 2013 04 20 20 22 18.270     2013 04 20 20 26  3.435     225.2
459
 2013 04 20 22 02 51.917     2013 04 20 22 05 59.976     188.1
460
 2013 04 20 13 40 27.106     2013 04 20 13 40 34.854       7.7
 2013 04 20 21 50 55.005     2013 04 20 21 54  9.298     194.3
461
 2013 04 20 00 00   .000     2013 04 20 00 00 11.209      11.2
 2013 04 20 11 50  2.063     2013 04 20 11 53  4.667     182.6
 2013 04 20 23 38 25.516     2013 04 20 23 41 12.501     167.0
462
 2013 04 20 13 33 24.107     2013 04 20 13 36 36.298     192.2
463
464
465
 2013 04 20 15 15 51.611     2013 04 20 15 18 30.087     158.5
 2013 04 20 20 11 16.959     2013 04 20 20 14 35.842     198.9
466
 2013 04 20 22 00 31.087     2013 04 20 22 04 18.784     227.7
467
 2013 04 20 10 20 39.653     2013 04 20 10 23 23.226     163.6
 2013 04 20 20 23 54.025     2013 04 20 20 26 37.752     163.7
468
 2013 04 20 20 20 13.190     2013 04 20 20 20 14.689       1.5
469
 2013 04 20 11 52 29.928     2013 04 20 11 52 31.065       1.1
470
 2013 04 20 21 55 14.825     2013 04 20 21 57 51.955     157.1
471
 2013 04 20 21 54 36.086     2013 04 20 21 55 27.239      51.2
472
 2013 04 20 13 37 47.727     2013 04 20 13 40 53.470     185.7
 2013 04 20 20 13  2.501     2013 04 20 20 13 10.199       7.7
473
 2013 04 20 22 02  3.095     2013 04 20 22 04 38.408     155.3
474
 2013 04 20 12 02 42.135     2013 04 20 12 06 29.869     227.7
 2013 04 20 18 37 52.007     2013 04 20 18 38 46.228      54.2
475
 2013 04 20 12 04 11.393     2013 04 20 12 07 33.752     202.4
 2013 04 20 18 40 47.672     2013 04 20 18 43 30.596     162.9
476
 2013 04 20 12 00 59.608     2013 04 20 12 03 39.279     159.7
 2013 04 20 20 18 27.220     2013 04 20 20 21  4.812     157.6
477
 2013 04 20 12 01 56.466     2013 04 20 12 04 45.537     169.1
 2013 04 20 20 17 24.595     2013 04 20 20 20 26.872     182.3
478
 2013 04 20 12 03  3.933     2013 04 20 12 06 40.801     216.9
 2013 04 20 18 38 13.108     2013 04 20 18 41 44.974     211.9
479
 2013 04 20 10 21 31.246     2013 04 20 10 24 11.960     160.7
 2013 04 20 20 23 30.358     2013 04 20 20 26  9.926     159.6
480
 2013 04 20 10 27 27.107     2013 04 20 10 28 24.443      57.3
481
 2013 04 20 13 39 50.364     2013 04 20 13 42 47.240     176.9
 2013 04 20 20 15 14.452     2013 04 20 20 18   .505     166.1
482
 2013 04 20 12 03 26.476     2013 04 20 12 03 56.203      29.7
 2013 04 20 20 16 33.925     2013 04 20 20 19 50.313     196.4
483
 2013 04 20 22 01  3.762     2013 04 20 22 03 47.906     164.1
484
 2013 04 20 13 32  8.345     2013 04 20 13 34 52.081     163.7
 2013 04 20 23 31 57.396     2013 04 20 23 33 15.049      77.7
485
 2013 04 20 23 35 52.565     2013 04 20 23 38 29.522     157.0
486
 2013 04 20 12 04 21.342     2013 04 20 12 07 52.584     211.2
 2013 04 20 13 42 16.271     2013 04 20 13 43 25.639      69.4
 2013 04 20 18 38 52.514     2013 04 20 18 41 31.338     158.8
487
 2013 04 20 13 37 37.962     2013 04 20 13 40 43.973     186.0
488
 2013 04 20 11 54  8.460     2013 04 20 11 56 46.408     157.9
489
 2013 04 20 11 54 54.962     2013 04 20 11 58  2.115     187.2
 2013 04 20 21 57 15.469     2013 04 20 22 00 48.329     212.9
490
 2013 04 20 13 37 52.347     2013 04 20 13 40 30.947     158.6
491
 2013 04 20 11 57 56.049     2013 04 20 12 01 12.853     196.8
 2013 04 20 21 55 31.664     2013 04 20 21 55 37.785       6.1
492
 2013 04 20 12 02  5.413     2013 04 20 12 04 43.422     158.0
 2013 04 20 20 17 49.385     2013 04 20 20 21  2.333     192.9
493
 2013 04 20 15 15 50.679     2013 04 20 15 18 51.357     180.7
 2013 04 20 20 11 49.324     2013 04 20 20 15 19.463     210.1
494
 2013 04 20 12 02 35.196     2013 04 20 12 05 23.765     168.6
 2013 04 20 20 16 51.916     2013 04 20 20 18 16.338      84.4
495
 2013 04 20 11 51 18.182     2013 04 20 11 54 38.084     199.9
496
 2013 04 20 12 03 37.833     2013 04 20 12 03 37.201       -.6
 2013 04 20 18 41 18.319     2013 04 20 18 44  7.728     169.4
497
 2013 04 20 13 34 20.102     2013 04 20 13 36 58.372     158.3
498
499
 2013 04 20 13 32  1.892     2013 04 20 13 35 48.621     226.7
 2013 04 20 23 30 28.958     2013 04 20 23 33 57.068     208.1
500
 2013 04 20 22 02  5.426     2013 04 20 22 04 59.018     173.6
501
502
 2013 04 20 10 17 33.943     2013 04 20 10 20 48.175     194.2
503
 2013 04 20 13 36 41.521     2013 04 20 13 40 21.564     220.0
 2013 04 20 21 51 10.140     2013 04 20 21 54 35.619     205.5
504
 2013 04 20 10 29 17.840     2013 04 20 10 29 46.219      28.4
 2013 04 20 18 42   .097     2013 04 20 18 44 43.484     163.4
505
 2013 04 20 11 52 25.412     2013 04 20 11 55 22.364     177.0
506
 2013 04 20 11 50 33.247     2013 04 20 11 53 19.604     166.4
 2013 04 20 23 38 43.186     2013 04 20 23 39 58.634      75.4
507
 2013 04 20 10 18 32.896     2013 04 20 10 21 46.826     193.9
508
 2013 04 20 23 36 45.158     2013 04 20 23 39 40.165     175.0
509
 2013 04 20 21 54 44.075     2013 04 20 21 57 20.927     156.9
510
 2013 04 20 23 34 14.826     2013 04 20 23 37 55.883     221.1
511
 2013 04 20 22 01 26.950     2013 04 20 22 04 10.279     163.3
512
 2013 04 20 18 41 48.299     2013 04 20 18 44 25.150     156.9
513
 2013 04 20 15 15   .727     2013 04 20 15 15 10.147       9.4
 2013 04 20 21 50 23.121     2013 04 20 21 51 16.097      53.0
514
 2013 04 20 00 00   .000     2013 04 20 00 00 56.224      56.2
 2013 04 20 11 50 21.394     2013 04 20 11 52 58.780     157.4
 2013 04 20 23 38 44.347     2013 04 20 23 41 57.476     193.1
515
 2013 04 20 11 58  7.249     2013 04 20 12 01  8.967     181.7
516
 2013 04 20 13 38 29.475     2013 04 20 13 41 10.523     161.0
 2013 04 20 20 13 56.210     2013 04 20 20 17 18.800     202.6
517
 2013 04 20 12 03 31.087     2013 04 20 12 06  9.185     158.1
 2013 04 20 18 39 11.341     2013 04 20 18 43   .779     229.4
518
 2013 04 20 13 34 35.534     2013 04 20 13 37 19.899     164.4
 2013 04 20 21 53  1.684     2013 04 20 21 56 43.023     221.3
519
 2013 04 20 10 18 21.205     2013 04 20 10 21 19.508     178.3
520
 2013 04 20 11 55 10.318     2013 04 20 11 57 54.910     164.6
 2013 04 20 21 57 46.330     2013 04 20 22 01   .218     193.9
521
 2013 04 20 11 52 59.714     2013 04 20 11 53  7.265       7.6
 2013 04 20 23 37 57.077     2013 04 20 23 40 41.323     164.2
522
 2013 04 20 11 59 42.396     2013 04 20 12 03  9.566     207.2
 2013 04 20 20 16 49.803     2013 04 20 20 20 36.326     226.5
523
 2013 04 20 11 55 30.808     2013 04 20 11 59  4.234     213.4
 2013 04 20 21 56 58.346     2013 04 20 21 59 48.423     170.1
524
 2013 04 20 11 52  3.120     2013 04 20 11 55 15.197     192.1
525
 2013 04 20 13 36 16.605     2013 04 20 13 39 44.931     208.3
 2013 04 20 21 51 40.333     2013 04 20 21 54 32.210     171.9
526
 2013 04 20 21 50 51.977     2013 04 20 21 54  5.877     193.9
527
 2013 04 20 10 22 45.093     2013 04 20 10 24 28.887     103.8
528
 2013 04 20 12 00 42.039     2013 04 20 12 04  3.305     201.3
 2013 04 20 20 19 12.693     2013 04 20 20 21 48.775     156.1
529
 2013 04 20 10 15 56.341     2013 04 20 10 18 49.894     173.6
 2013 04 20 22 03 14.679     2013 04 20 22 06 37.879     203.2
530
 2013 04 20 12 02 24.918     2013 04 20 12 05  4.940     160.0
 2013 04 20 20 17 18.695     2013 04 20 20 20 56.002     217.3
531
 2013 04 20 13 41   .417     2013 04 20 13 43 39.840     159.4
 2013 04 20 18 36 29.474     2013 04 20 18 40  1.440     212.0
 2013 04 20 20 14 12.350     2013 04 20 20 14 24.570      12.2
532
 2013 04 20 12 01 52.044     2013 04 20 12 05  4.985     192.9
 2013 04 20 20 16 58.442     2013 04 20 20 20  4.403     186.0
533
 2013 04 20 20 20 36.828     2013 04 20 20 23 20.724     163.9
534
 2013 04 20 11 56 34.351     2013 04 20 11 59 15.251     160.9
 2013 04 20 21 57 35.236     2013 04 20 22 00 17.002     161.8
535
 2013 04 20 11 56 43.593     2013 04 20 12 00 21.951     218.4
 2013 04 20 21 57 58.147     2013 04 20 21 58 21.415      23.3
536
 2013 04 20 23 35 44.345     2013 04 20 23 39  5.809     201.5
537
538
 2013 04 20 13 39 27.986     2013 04 20 13 42  9.824     161.8
 2013 04 20 20 14 54.955     2013 04 20 20 17 32.206     157.3
539
540
541
542
 2013 04 20 13 31 14.784     2013 04 20 13 33 52.110     157.3
 2013 04 20 23 32 39.691     2013 04 20 23 35 23.659     164.0
543
544
 2013 04 20 11 52 39.770     2013 04 20 11 55 43.136     183.4
545
 2013 04 20 13 40 28.227     2013 04 20 13 43 10.133     161.9
 2013 04 20 18 35 41.150     2013 04 20 18 36 16.286      35.1
 2013 04 20 20 14  7.585     2013 04 20 20 17 34.416     206.8
546
 2013 04 20 21 55 19.684     2013 04 20 21 57 57.620     157.9
547
 2013 04 20 21 57 45.033     2013 04 20 21 58 36.411      51.4
548
 2013 04 20 13 30 44.729     2013 04 20 13 33 32.058     167.3
 2013 04 20 23 33 14.740     2013 04 20 23 35 51.923     157.2
549
 2013 04 20 12 03 19.592     2013 04 20 12 06   .359     160.8
 2013 04 20 18 42 59.802     2013 04 20 18 43 22.023      22.2
550
 2013 04 20 13 38 56.312     2013 04 20 13 38 57.951       1.6
 2013 04 20 15 17 18.658     2013 04 20 15 20 43.190     204.5
 2013 04 20 20 13 14.308     2013 04 20 20 15 57.826     163.5
551
 2013 04 20 12 02 36.267     2013 04 20 12 03  1.891      25.6
 2013 04 20 18 37 45.844     2013 04 20 18 39  2.337      76.5
552
 2013 04 20 13 37 44.934     2013 04 20 13 40 25.486     160.6
553
 2013 04 20 20 27 26.203     2013 04 20 20 30 57.090     210.9
554
 2013 04 20 13 31 38.686     2013 04 20 13 33  1.168      82.5
555
 2013 04 20 23 36 56.104     2013 04 20 23 40  1.203     185.1
556
 2013 04 20 20 26 30.950     2013 04 20 20 29  6.442     155.5
557
 2013 04 20 23 35 59.375     2013 04 20 23 39 32.990     213.6
558
 2013 04 20 15 13 25.975     2013 04 20 15 16 58.271     212.3
 2013 04 20 21 50 18.090     2013 04 20 21 53  7.796     169.7
559
 2013 04 20 22 05 30.952     2013 04 20 22 05 55.385      24.4
560
 2013 04 20 13 39 33.382     2013 04 20 13 42 24.815     171.4
 2013 04 20 20 15 10.391     2013 04 20 20 17 47.958     157.6
561
 2013 04 20 12 03 53.715     2013 04 20 12 04  8.331      14.6
 2013 04 20 18 41 21.541     2013 04 20 18 44  2.046     160.5
562
 2013 04 20 12 02 26.252     2013 04 20 12 05 35.500     189.2
563
 2013 04 20 13 38 12.039     2013 04 20 13 41  3.084     171.0
 2013 04 20 20 13 31.375     2013 04 20 20 17  9.381     218.0
564
 2013 04 20 13 36 33.681     2013 04 20 13 40  8.268     214.6
 2013 04 20 21 51 22.111     2013 04 20 21 54 34.629     192.5
565
 2013 04 20 10 20 43.749     2013 04 20 10 21  7.975      24.2
 2013 04 20 20 24 29.482     2013 04 20 20 27 33.926     184.4
566
 2013 04 20 20 20 54.903     2013 04 20 20 23 43.921     169.0
567
568
 2013 04 20 10 19 46.617     2013 04 20 10 22 54.972     188.4
 2013 04 20 20 24 24.381     2013 04 20 20 27 31.796     187.4
569
 2013 04 20 00 00   .000     2013 04 20 00 00 53.399      53.4
 2013 04 20 11 50 48.078     2013 04 20 11 53 26.305     158.2
 2013 04 20 23 38 12.606     2013 04 20 23 41 54.627     222.0
570
571
 2013 04 20 13 35 20.466     2013 04 20 13 37 41.202     140.7
 2013 04 20 21 54 14.196     2013 04 20 21 56 54.108     159.9
572
 2013 04 20 15 14 10.831     2013 04 20 15 17  4.264     173.4
 2013 04 20 21 49 56.239     2013 04 20 21 52 33.314     157.1
573
 2013 04 20 13 40  4.354     2013 04 20 13 42 47.880     163.5
 2013 04 20 20 14 15.430     2013 04 20 20 17 14.026     178.6
574
 2013 04 20 10 21 20.633     2013 04 20 10 23 47.030     146.4
 2013 04 20 20 23 54.951     2013 04 20 20 27 24.093     209.1
575
 2013 04 20 13 39 48.682     2013 04 20 13 42 54.675     186.0
 2013 04 20 15 17 28.093     2013 04 20 15 17 35.146       7.1
 2013 04 20 20 13 49.907     2013 04 20 20 16 47.397     177.5
576
 2013 04 20 20 31  2.093     2013 04 20 20 31  5.453       3.4
577
 2013 04 20 13 33 49.551     2013 04 20 13 34 26.036      36.5
578
 2013 04 20 10 23 29.102     2013 04 20 10 23 29.924        .8
579
 2013 04 20 10 18 25.138     2013 04 20 10 21 38.638     193.5
580
 2013 04 20 11 59 24.864     2013 04 20 12 00 19.097      54.2
 2013 04 20 20 19 35.249     2013 04 20 20 22 41.653     186.4
581
 2013 04 20 12 02 17.969     2013 04 20 12 05 19.108     181.1
 2013 04 20 20 18   .000     2013 04 20 20 19  5.149      65.2
582
 2013 04 20 13 28  2.916     2013 04 20 13 28 14.289      11.4
 2013 04 20 23 34 42.378     2013 04 20 23 38  7.486     205.1
583
 2013 04 20 13 41 28.901     2013 04 20 13 44 17.931     169.0
 2013 04 20 18 37 15.232     2013 04 20 18 40 18.087     182.9
584
 2013 04 20 13 39  8.056     2013 04 20 13 42 59.298     231.2
 2013 04 20 20 15 56.513     2013 04 20 20 18 33.723     157.2
585
 2013 04 20 13 34 17.449     2013 04 20 13 37 12.072     174.6
586
 2013 04 20 13 27 26.133     2013 04 20 13 28 30.511      64.4
587
 2013 04 20 21 58 43.132     2013 04 20 21 59 32.767      49.6
588
 2013 04 20 13 40 55.403     2013 04 20 13 44 29.380     214.0
 2013 04 20 18 37 25.233     2013 04 20 18 41  5.070     219.8
589
 2013 04 20 20 24 59.156     2013 04 20 20 26 23.244      84.1
590
 2013 04 20 11 58 34.769     2013 04 20 12 01 12.467     157.7
591
592
 2013 04 20 13 35 49.387     2013 04 20 13 36 22.245      32.9
 2013 04 20 23 29 55.953     2013 04 20 23 32  2.681     126.7
593
 2013 04 20 23 35  7.722     2013 04 20 23 38 46.759     219.0
594
 2013 04 20 13 30 41.125     2013 04 20 13 33 26.130     165.0
 2013 04 20 23 32 28.881     2013 04 20 23 35  6.518     157.6
595
 2013 04 20 20 26 35.131     2013 04 20 20 29 21.894     166.8
596
 2013 04 20 13 37 16.986     2013 04 20 13 37 16.354       -.6
597
 2013 04 20 13 34 38.374     2013 04 20 13 37 19.642     161.3
 2013 04 20 21 52 55.920     2013 04 20 21 56 36.990     221.1
598
 2013 04 20 13 31 51.488     2013 04 20 13 34 32.698     161.2
 2013 04 20 23 31 51.661     2013 04 20 23 35   .790     189.1
599
 2013 04 20 12 04 31.810     2013 04 20 12 07 13.939     162.1
 2013 04 20 18 40  8.550     2013 04 20 18 42 48.933     160.4
600
 2013 04 20 22 00 59.464     2013 04 20 22 04 12.699     193.2
601
 2013 04 20 10 24 51.940     2013 04 20 10 25 46.701      54.8
 2013 04 20 20 21 30.819     2013 04 20 20 24 14.242     163.4
602
 2013 04 20 22 01 55.881     2013 04 20 22 05 33.401     217.5
603
 2013 04 20 20 20 16.537     2013 04 20 20 23 32.268     195.7
604
 2013 04 20 13 38 59.635     2013 04 20 13 42 17.722     198.1
 2013 04 20 20 13 44.846     2013 04 20 20 16 22.532     157.7
605
 2013 04 20 13 30  5.291     2013 04 20 13 30 25.428      20.1
 2013 04 20 23 34  3.552     2013 04 20 23 37  2.600     179.0
606
 2013 04 20 13 29 47.244     2013 04 20 13 32 29.121     161.9
 2013 04 20 23 32 34.542     2013 04 20 23 35 55.960     201.4
607
 2013 04 20 11 51  9.859     2013 04 20 11 54 20.693     190.8
608
 2013 04 20 12 03 38.363     2013 04 20 12 07 23.451     225.1
 2013 04 20 18 40 49.659     2013 04 20 18 43 53.255     183.6
609
 2013 04 20 12 03 50.623     2013 04 20 12 07 30.194     219.6
 2013 04 20 13 41 46.746     2013 04 20 13 42 21.904      35.2
 2013 04 20 18 38 42.505     2013 04 20 18 41 23.909     161.4
610
 2013 04 20 23 36  8.916     2013 04 20 23 38 43.892     155.0
611
 2013 04 20 12 02 23.653     2013 04 20 12 05 33.697     190.0
 2013 04 20 20 16 34.452     2013 04 20 20 20 22.331     227.9
612
 2013 04 20 13 30 58.671     2013 04 20 13 33 44.907     166.2
 2013 04 20 23 33  5.003     2013 04 20 23 35 47.830     162.8
613
 2013 04 20 11 51  7.235     2013 04 20 11 54   .355     173.1
614
 2013 04 20 13 27 33.381     2013 04 20 13 28 11.218      37.8
 2013 04 20 23 38 37.448     2013 04 20 23 38 42.467       5.0
615
 2013 04 20 20 27 36.609     2013 04 20 20 30 43.525     186.9
616
 2013 04 20 13 32 48.927     2013 04 20 13 36  1.330     192.4
617
 2013 04 20 11 53  6.373     2013 04 20 11 55 47.209     160.8
618
619
 2013 04 20 12 00 23.549     2013 04 20 12 03 41.209     197.7
 2013 04 20 20 17 14.790     2013 04 20 20 20 11.952     177.2
620
 2013 04 20 13 33 15.250     2013 04 20 13 36 33.832     198.6
621
 2013 04 20 11 52 10.129     2013 04 20 11 54 56.799     166.7
622
 2013 04 20 13 39 57.524     2013 04 20 13 43 28.887     211.4
 2013 04 20 20 15 34.712     2013 04 20 20 18 40.806     186.1
623
 2013 04 20 11 54 54.101     2013 04 20 11 57 41.392     167.3
 2013 04 20 21 58 44.322     2013 04 20 22 01 48.830     184.5
624
 2013 04 20 12 01  4.518     2013 04 20 12 04 18.152     193.6
 2013 04 20 20 19   .863     2013 04 20 20 21 42.299     161.4
625
 2013 04 20 10 22  8.371     2013 04 20 10 24 48.413     160.0
 2013 04 20 20 22 39.287     2013 04 20 20 25 34.196     174.9
626
 2013 04 20 11 57 54.649     2013 04 20 12 01 41.679     227.0
627
628
 2013 04 20 13 38  7.676     2013 04 20 13 40 46.068     158.4
 2013 04 20 20 13 51.666     2013 04 20 20 13 54.313       2.6
629
 2013 04 20 12 03 36.199     2013 04 20 12 04 53.357      77.2
 2013 04 20 18 41  1.249     2013 04 20 18 44   .273     179.0
630
 2013 04 20 11 53 33.887     2013 04 20 11 56 45.728     191.8
631
 2013 04 20 13 40  4.672     2013 04 20 13 43 12.659     188.0
 2013 04 20 20 15 18.376     2013 04 20 20 18 21.735     183.4
632
 2013 04 20 22 00 21.102     2013 04 20 22 00 30.210       9.1
633
 2013 04 20 20 25 19.304     2013 04 20 20 28 18.725     179.4
634
635
 2013 04 20 10 20  5.430     2013 04 20 10 22 44.061     158.6
 2013 04 20 20 23 39.248     2013 04 20 20 27  2.670     203.4
636
 2013 04 20 10 23 21.120     2013 04 20 10 26 19.067     177.9
637
 2013 04 20 11 52 30.200     2013 04 20 11 55 16.269     166.1
638
 2013 04 20 12 04 34.970     2013 04 20 12 07 21.689     166.7
 2013 04 20 18 39 31.225     2013 04 20 18 42  8.788     157.6
639
 2013 04 20 10 20 32.145     2013 04 20 10 20 54.087      21.9
640
 2013 04 20 12 02 56.684     2013 04 20 12 05 51.757     175.1
641
 2013 04 20 11 53 51.254     2013 04 20 11 56 28.517     157.3
642
 2013 04 20 10 18 20.314     2013 04 20 10 19   .044      39.7
 2013 04 20 22 03  1.513     2013 04 20 22 05 38.656     157.1
643
644
 2013 04 20 12 02 54.498     2013 04 20 12 03 38.329      43.8
 2013 04 20 13 40 54.781     2013 04 20 13 40 58.479       3.7
 2013 04 20 18 38  2.526     2013 04 20 18 41 30.823     208.3
645
 2013 04 20 11 53 33.979     2013 04 20 11 56 10.971     157.0
646
 2013 04 20 11 59 58.032     2013 04 20 12 02 37.293     159.3
 2013 04 20 20 17 42.973     2013 04 20 20 21 27.725     224.8
647
 2013 04 20 13 38 52.466     2013 04 20 13 41 59.629     187.2
 2013 04 20 20 15 15.519     2013 04 20 20 18  5.100     169.6
648
 2013 04 20 13 37 21.000     2013 04 20 13 40 20.715     179.7
649
 2013 04 20 10 20 22.923     2013 04 20 10 23 41.855     198.9
 2013 04 20 20 24 30.594     2013 04 20 20 27  6.841     156.2
650
 2013 04 20 13 33 15.039     2013 04 20 13 36 36.158     201.1
651
 2013 04 20 10 16 19.390     2013 04 20 10 20  5.985     226.6
 2013 04 20 22 01 56.918     2013 04 20 22 03 23.359      86.4
652
 2013 04 20 13 38 22.720     2013 04 20 13 41 12.208     169.5
 2013 04 20 20 13 41.656     2013 04 20 20 17  5.327     203.7
653
654
 2013 04 20 12 03  3.538     2013 04 20 12 06 30.341     206.8
 2013 04 20 18 38 14.270     2013 04 20 18 41 55.922     221.7
655
 2013 04 20 11 57 40.342     2013 04 20 12 00 46.247     185.9
 2013 04 20 21 56  1.253     2013 04 20 21 59 50.627     229.4
656
 2013 04 20 10 20  8.381     2013 04 20 10 23  2.809     174.4
 2013 04 20 20 22 44.096     2013 04 20 20 26 21.499     217.4
657
 2013 04 20 13 31 52.018     2013 04 20 13 32 27.566      35.5
658
 2013 04 20 10 18 26.009     2013 04 20 10 22  5.128     219.1
659
 2013 04 20 13 30 15.245     2013 04 20 13 33 23.211     188.0
 2013 04 20 23 32  4.035     2013 04 20 23 34 57.004     173.0
660
 2013 04 20 10 16 17.414     2013 04 20 10 17 24.003      66.6
661
 2013 04 20 15 13  1.090     2013 04 20 15 16  4.255     183.2
 2013 04 20 21 49 29.224     2013 04 20 21 53  3.833     214.6
662
 2013 04 20 11 58 58.419     2013 04 20 11 59 14.389      16.0
663
 2013 04 20 22 03 51.626     2013 04 20 22 05  8.433      76.8
664
665
666
 2013 04 20 13 33 28.699     2013 04 20 13 36 28.672     180.0
667
 2013 04 20 11 57 14.578     2013 04 20 12 00 58.790     224.2
 2013 04 20 21 55 50.487     2013 04 20 21 59 13.933     203.4
668
 2013 04 20 13 31 13.150     2013 04 20 13 33 51.954     158.8
 2013 04 20 23 32 45.718     2013 04 20 23 35 31.085     165.4
669
 2013 04 20 13 35 54.454     2013 04 20 13 39 10.106     195.7
 2013 04 20 21 53 42.987     2013 04 20 21 56 28.911     165.9
670
 2013 04 20 15 13 48.029     2013 04 20 15 16 33.115     165.1
 2013 04 20 21 48 56.671     2013 04 20 21 51 40.275     163.6
671
 2013 04 20 10 21 13.739     2013 04 20 10 24  3.548     169.8
 2013 04 20 20 22 53.263     2013 04 20 20 25 30.907     157.6
672
 2013 04 20 13 38 57.095     2013 04 20 13 42 45.889     228.8
 2013 04 20 15 17  6.178     2013 04 20 15 20 48.501     222.3
 2013 04 20 20 13 25.027     2013 04 20 20 16  4.517     159.5
673
 2013 04 20 20 23  4.392     2013 04 20 20 24  8.875      64.5
674
675
 2013 04 20 22 00 57.537     2013 04 20 22 02 19.505      82.0
676
 2013 04 20 20 15 49.242     2013 04 20 20 16  8.433      19.2
677
 2013 04 20 13 33 25.638     2013 04 20 13 33 42.827      17.2
 2013 04 20 21 57   .203     2013 04 20 21 58  5.321      65.1
678
 2013 04 20 12 01 27.246     2013 04 20 12 04  5.400     158.2
 2013 04 20 20 18  5.111     2013 04 20 20 20 44.130     159.0
679
 2013 04 20 22 02 39.900     2013 04 20 22 05 55.365     195.5
680
 2013 04 20 13 42  8.693     2013 04 20 13 45 11.363     182.7
 2013 04 20 18 38  1.150     2013 04 20 18 40 39.325     158.2
681
682
 2013 04 20 12 02 57.548     2013 04 20 12 06  2.558     185.0
683
 2013 04 20 10 22  2.698     2013 04 20 10 25 10.168     187.5
 2013 04 20 20 22  7.519     2013 04 20 20 24 56.549     169.0
684
 2013 04 20 13 28 28.075     2013 04 20 13 28 45.228      17.2
 2013 04 20 23 34 43.916     2013 04 20 23 37 43.324     179.4
685
 2013 04 20 13 41 57.091     2013 04 20 13 44 58.935     181.8
 2013 04 20 18 37 53.273     2013 04 20 18 40 35.054     161.8
686
 2013 04 20 11 59 29.777     2013 04 20 12 02 43.356     193.6
 2013 04 20 20 20 59.437     2013 04 20 20 21  4.394       5.0
687
 2013 04 20 23 37 12.675     2013 04 20 23 40 44.848     212.2
688
 2013 04 20 10 23  4.708     2013 04 20 10 25 43.231     158.5
 2013 04 20 20 21 45.495     2013 04 20 20 22 15.284      29.8
689
 2013 04 20 13 39 28.102     2013 04 20 13 42 15.514     167.4
 2013 04 20 20 14 15.386     2013 04 20 20 16 53.106     157.7
690
 2013 04 20 13 27 58.914     2013 04 20 13 31 16.982     198.1
691
 2013 04 20 15 14 40.345     2013 04 20 15 17 28.213     167.9
 2013 04 20 21 49 47.358     2013 04 20 21 52 35.445     168.1
692
 2013 04 20 10 19 20.537     2013 04 20 10 23 10.712     230.2
693
 2013 04 20 13 28 45.837     2013 04 20 13 32 14.936     209.1
 2013 04 20 23 34  8.833     2013 04 20 23 37 28.718     199.9
694
 2013 04 20 21 59  2.888     2013 04 20 22 00 37.070      94.2
695
 2013 04 20 20 24 43.025     2013 04 20 20 28  1.799     198.8
696
 2013 04 20 10 23 33.247     2013 04 20 10 26 17.522     164.3
697
 2013 04 20 11 59 48.127     2013 04 20 12 02 30.258     162.1
 2013 04 20 20 20 32.816     2013 04 20 20 21 30.260      57.4
698
 2013 04 20 12 06 38.019     2013 04 20 12 06 54.618      16.6
 2013 04 20 13 40 54.108     2013 04 20 13 41 45.987      51.9
 2013 04 20 18 37 50.618     2013 04 20 18 41 23.784     213.2
699
 2013 04 20 13 37 10.241     2013 04 20 13 39 51.974     161.7
 2013 04 20 21 52 24.661     2013 04 20 21 56 13.094     228.4
