s1
0
 2013 04 20 12 15 13.388     2013 04 20 12 18 41.095     207.7
1
 2013 04 20 14 00 53.371     2013 04 20 14 03 37.637     164.3
 2013 04 20 20 35 40.330     2013 04 20 20 38 31.331     171.0
2
 2013 04 20 20 48 27.028     2013 04 20 20 51 37.326     190.3
3
 2013 04 20 12 26 38.804     2013 04 20 12 29 43.165     184.4
 2013 04 20 19 01 43.207     2013 04 20 19 04 19.631     156.4
4
 2013 04 20 12 16 17.903     2013 04 20 12 19 41.466     203.6
5
 2013 04 20 12 15 31.997     2013 04 20 12 18  5.488     153.5
6
 2013 04 20 12 21 49.889     2013 04 20 12 25 21.924     212.0
 2013 04 20 20 37 28.095     2013 04 20 20 37 37.819       9.7
7
 2013 04 20 12 17 47.475     2013 04 20 12 20 50.846     183.4
 2013 04 20 22 19 27.772     2013 04 20 22 21 58.505     150.7
8
 2013 04 20 13 57  3.946     2013 04 20 14 00 36.675     212.7
 2013 04 20 22 12 18.316     2013 04 20 22 15  9.155     170.8
9
 2013 04 20 09 02 51.202     2013 04 20 09 03  1.334      10.1
 2013 04 20 20 49 18.249     2013 04 20 20 51 48.221     150.0
10
 2013 04 20 00 20 28.042     2013 04 20 00 23   .876     152.8
11
 2013 04 20 10 37 27.070     2013 04 20 10 40 21.932     174.9
 2013 04 20 22 24 31.622     2013 04 20 22 27  1.803     150.2
12
 2013 04 20 20 41  8.391     2013 04 20 20 43 40.574     152.2
13
 2013 04 20 22 15 31.758     2013 04 20 22 18 57.188     205.4
14
15
 2013 04 20 20 46 34.006     2013 04 20 20 49 22.328     168.3
16
 2013 04 20 12 17  2.375     2013 04 20 12 20 14.559     192.2
 2013 04 20 22 19 43.199     2013 04 20 22 22 29.865     166.7
17
 2013 04 20 10 47 51.889     2013 04 20 10 50 41.410     169.5
 2013 04 20 19 04 56.628     2013 04 20 19 08  9.322     192.7
18
 2013 04 20 13 59   .510     2013 04 20 14 01 44.139     163.6
 2013 04 20 22 12 28.211     2013 04 20 22 15 52.176     204.0
19
 2013 04 20 12 13 58.371     2013 04 20 12 16 55.775     177.4
20
 2013 04 20 12 24 20.166     2013 04 20 12 26 31.740     131.6
21
22
 2013 04 20 22 22 30.205     2013 04 20 22 25   .762     150.6
23
 2013 04 20 22 21 41.411     2013 04 20 22 23 33.609     112.2
24
 2013 04 20 13 57  7.559     2013 04 20 13 59 42.500     154.9
 2013 04 20 22 13 18.320     2013 04 20 22 16 23.886     185.6
25
 2013 04 20 12 16 35.962     2013 04 20 12 19 13.323     157.4
 2013 04 20 22 22 27.126     2013 04 20 22 22 49.680      22.6
26
 2013 04 20 14 01 42.617     2013 04 20 14 04 56.100     193.5
 2013 04 20 15 39 14.812     2013 04 20 15 40 20.192      65.4
 2013 04 20 19 00  2.562     2013 04 20 19 00  6.276       3.7
 2013 04 20 20 34 30.242     2013 04 20 20 37 27.192     176.9
27
 2013 04 20 22 15 46.860     2013 04 20 22 18 21.344     154.5
28
 2013 04 20 10 42 23.668     2013 04 20 10 45 58.937     215.3
 2013 04 20 20 45 33.318     2013 04 20 20 48 13.878     160.6
29
 2013 04 20 12 16 43.998     2013 04 20 12 19 33.240     169.2
30
 2013 04 20 22 16 14.873     2013 04 20 22 18 47.747     152.9
31
 2013 04 20 13 56 36.941     2013 04 20 14 00 18.665     221.7
 2013 04 20 22 14 42.725     2013 04 20 22 17 29.897     167.2
32
 2013 04 20 10 49 19.387     2013 04 20 10 52 41.657     202.3
 2013 04 20 19 03 19.936     2013 04 20 19 06  6.796     166.9
33
 2013 04 20 12 24 28.394     2013 04 20 12 27 10.032     161.6
 2013 04 20 20 38  7.403     2013 04 20 20 41 25.010     197.6
34
 2013 04 20 15 37  5.868     2013 04 20 15 40  1.678     175.8
 2013 04 20 20 35 59.966     2013 04 20 20 36 11.831      11.9
 2013 04 20 22 10  8.925     2013 04 20 22 13 53.337     224.4
35
 2013 04 20 14 01 28.031     2013 04 20 14 04 23.122     175.1
 2013 04 20 20 36  6.060     2013 04 20 20 38 40.191     154.1
36
 2013 04 20 15 37 11.429     2013 04 20 15 39 52.031     160.6
 2013 04 20 20 31 35.741     2013 04 20 20 35  4.242     208.5
 2013 04 20 22 09 10.392     2013 04 20 22 10 22.640      72.2
37
 2013 04 20 13 58  6.492     2013 04 20 14 01 15.731     189.2
 2013 04 20 22 14  5.369     2013 04 20 22 16 55.793     170.4
38
 2013 04 20 10 44  6.211     2013 04 20 10 47 13.646     187.4
 2013 04 20 20 44 29.865     2013 04 20 20 47 27.327     177.5
39
 2013 04 20 22 19 33.712     2013 04 20 22 19 49.737      16.0
40
 2013 04 20 10 48 44.894     2013 04 20 10 51 32.815     167.9
 2013 04 20 19 04  4.113     2013 04 20 19 06 40.175     156.1
41
 2013 04 20 12 19 40.260     2013 04 20 12 22 42.768     182.5
42
 2013 04 20 00 19 18.737     2013 04 20 00 22 45.920     207.2
43
 2013 04 20 10 48 12.022     2013 04 20 10 49   .544      48.5
 2013 04 20 19 03 13.475     2013 04 20 19 05 55.492     162.0
44
 2013 04 20 13 55 37.291     2013 04 20 13 58 17.098     159.8
45
 2013 04 20 00 20 34.437     2013 04 20 00 21 51.014      76.6
 2013 04 20 12 13  8.247     2013 04 20 12 16 23.341     195.1
46
 2013 04 20 12 18 28.922     2013 04 20 12 22 12.548     223.6
 2013 04 20 22 19  2.451     2013 04 20 22 22 28.200     205.7
47
 2013 04 20 00 20 49.884     2013 04 20 00 23 29.345     159.5
48
 2013 04 20 12 14 39.130     2013 04 20 12 18 21.636     222.5
49
50
 2013 04 20 10 45  1.382     2013 04 20 10 47 35.882     154.5
 2013 04 20 20 43 14.494     2013 04 20 20 46 26.797     192.3
51
 2013 04 20 13 56  4.961     2013 04 20 13 59  4.659     179.7
52
 2013 04 20 12 17  1.466     2013 04 20 12 19 56.312     174.8
 2013 04 20 22 19 25.428     2013 04 20 22 22 27.636     182.2
53
 2013 04 20 13 58 42.322     2013 04 20 14 01 18.309     156.0
 2013 04 20 22 13 14.067     2013 04 20 22 16 16.874     182.8
54
55
 2013 04 20 12 18  5.941     2013 04 20 12 21 21.051     195.1
 2013 04 20 22 19 22.152     2013 04 20 22 22  1.857     159.7
56
 2013 04 20 09 04   .430     2013 04 20 09 07 40.002     219.6
 2013 04 20 20 48 30.402     2013 04 20 20 51 42.663     192.3
57
 2013 04 20 13 55 49.988     2013 04 20 13 58 25.225     155.2
58
 2013 04 20 09 03 19.262     2013 04 20 09 05 59.939     160.7
 2013 04 20 20 50  8.647     2013 04 20 20 52 46.518     157.9
59
 2013 04 20 12 26 33.822     2013 04 20 12 29  9.406     155.6
 2013 04 20 19 00 51.572     2013 04 20 19 03 36.353     164.8
60
 2013 04 20 10 38   .834     2013 04 20 10 41 10.592     189.8
 2013 04 20 22 23 52.334     2013 04 20 22 26 36.908     164.6
61
62
 2013 04 20 22 21 17.569     2013 04 20 22 23 58.315     160.7
63
64
 2013 04 20 10 48   .693     2013 04 20 10 50 50.688     170.0
 2013 04 20 19 03 48.925     2013 04 20 19 07  5.770     196.8
65
 2013 04 20 12 24 13.384     2013 04 20 12 27 11.399     178.0
 2013 04 20 20 39  6.355     2013 04 20 20 42 29.648     203.3
66
 2013 04 20 12 20 42.335     2013 04 20 12 24 18.545     216.2
67
 2013 04 20 12 19 37.425     2013 04 20 12 19 51.764      14.3
 2013 04 20 22 16  4.977     2013 04 20 22 19 33.543     208.6
68
 2013 04 20 22 21   .855     2013 04 20 22 22 22.991      82.1
69
 2013 04 20 12 20 44.147     2013 04 20 12 23 19.013     154.9
70
 2013 04 20 00 17 34.659     2013 04 20 00 20 56.061     201.4
71
 2013 04 20 20 47  7.289     2013 04 20 20 49 49.882     162.6
72
 2013 04 20 09 06  6.770     2013 04 20 09 06 34.243      27.5
 2013 04 20 20 49 14.610     2013 04 20 20 51 48.085     153.5
73
 2013 04 20 14 00 45.509     2013 04 20 14 04   .816     195.3
 2013 04 20 20 36 12.232     2013 04 20 20 38 59.438     167.2
74
 2013 04 20 12 27  2.432     2013 04 20 12 30 28.576     206.1
 2013 04 20 14 04 44.078     2013 04 20 14 08 29.437     225.4
 2013 04 20 18 59 54.906     2013 04 20 19 02 47.157     172.3
75
 2013 04 20 20 47  6.287     2013 04 20 20 50   .320     174.0
76
 2013 04 20 10 42 24.174     2013 04 20 10 45 25.309     181.1
 2013 04 20 20 45  3.613     2013 04 20 20 48  9.663     186.0
77
 2013 04 20 22 16 12.524     2013 04 20 22 19  8.234     175.7
78
 2013 04 20 10 48 53.577     2013 04 20 10 51 46.132     172.6
 2013 04 20 19 03 58.480     2013 04 20 19 06 31.736     153.3
79
 2013 04 20 12 17 55.617     2013 04 20 12 20 57.966     182.3
 2013 04 20 22 19 23.564     2013 04 20 22 21 54.830     151.3
80
 2013 04 20 00 19 27.373     2013 04 20 00 22  6.329     159.0
81
 2013 04 20 13 56  9.992     2013 04 20 13 59  3.362     173.4
 2013 04 20 22 17 30.963     2013 04 20 22 17 42.696      11.7
82
83
 2013 04 20 12 17  2.628     2013 04 20 12 20 19.227     196.6
 2013 04 20 22 19 46.863     2013 04 20 22 22 30.434     163.6
84
 2013 04 20 20 44 10.691     2013 04 20 20 44 29.652      19.0
85
 2013 04 20 22 23 17.149     2013 04 20 22 26  1.676     164.5
86
 2013 04 20 12 23 56.491     2013 04 20 12 26 42.660     166.2
 2013 04 20 20 38 22.680     2013 04 20 20 41  6.900     164.2
87
 2013 04 20 22 20 59.230     2013 04 20 22 23 31.931     152.7
88
89
 2013 04 20 22 21 24.025     2013 04 20 22 23 56.961     152.9
90
 2013 04 20 14 03 36.237     2013 04 20 14 06 37.154     180.9
 2013 04 20 18 58 46.854     2013 04 20 19 01 37.494     170.6
91
 2013 04 20 10 46 54.432     2013 04 20 10 49 31.552     157.1
92
 2013 04 20 10 38 49.203     2013 04 20 10 41 47.840     178.6
 2013 04 20 22 23 14.715     2013 04 20 22 26 49.212     214.5
93
 2013 04 20 10 49  7.389     2013 04 20 10 52 27.276     199.9
 2013 04 20 19 03 28.370     2013 04 20 19 06  6.393     158.0
94
 2013 04 20 13 59 44.860     2013 04 20 14 02 30.421     165.6
95
 2013 04 20 00 17  3.287     2013 04 20 00 17 15.537      12.3
96
 2013 04 20 13 55 14.136     2013 04 20 13 58 18.360     184.2
97
 2013 04 20 09 08 21.084     2013 04 20 09 08 44.187      23.1
 2013 04 20 20 47 24.120     2013 04 20 20 47 35.662      11.5
98
99
 2013 04 20 10 49 52.724     2013 04 20 10 50 54.004      61.3
 2013 04 20 19 02 25.780     2013 04 20 19 06  7.325     221.5
100
101
 2013 04 20 10 49 12.204     2013 04 20 10 51 49.860     157.7
 2013 04 20 19 04 17.376     2013 04 20 19 06 51.715     154.3
102
 2013 04 20 12 18 51.067     2013 04 20 12 22 12.641     201.6
 2013 04 20 22 17 14.095     2013 04 20 22 19 51.638     157.5
103
104
 2013 04 20 10 49 17.696     2013 04 20 10 53  5.626     227.9
 2013 04 20 19 02 57.360     2013 04 20 19 05 51.853     174.5
105
 2013 04 20 20 40 58.462     2013 04 20 20 43 44.040     165.6
106
 2013 04 20 12 17  6.030     2013 04 20 12 20 33.678     207.6
 2013 04 20 22 17 21.944     2013 04 20 22 20 57.669     215.7
107
 2013 04 20 10 38 24.825     2013 04 20 10 41 57.244     212.4
108
 2013 04 20 22 21 16.023     2013 04 20 22 23 54.566     158.5
109
 2013 04 20 09 03 32.178     2013 04 20 09 06 14.712     162.5
 2013 04 20 20 49 55.335     2013 04 20 20 52 41.209     165.9
110
 2013 04 20 00 14 41.148     2013 04 20 00 15  2.724      21.6
 2013 04 20 13 54 20.213     2013 04 20 13 56 55.910     155.7
111
 2013 04 20 12 18 14.532     2013 04 20 12 21 19.797     185.3
 2013 04 20 22 19 13.310     2013 04 20 22 21 53.124     159.8
112
 2013 04 20 22 23 27.899     2013 04 20 22 26  6.934     159.0
113
 2013 04 20 22 21 34.856     2013 04 20 22 24 30.696     175.8
114
 2013 04 20 10 45 37.226     2013 04 20 10 46 41.987      64.8
 2013 04 20 20 42 37.867     2013 04 20 20 45 54.634     196.8
115
 2013 04 20 10 43 36.916     2013 04 20 10 45 14.678      97.8
 2013 04 20 20 44 58.050     2013 04 20 20 48  1.233     183.2
116
 2013 04 20 13 57  4.197     2013 04 20 13 59 45.228     161.0
 2013 04 20 22 13 45.031     2013 04 20 22 16 45.531     180.5
117
118
 2013 04 20 12 24  7.033     2013 04 20 12 24  7.951        .9
 2013 04 20 22 15 26.312     2013 04 20 22 15 58.748      32.4
119
 2013 04 20 12 24 19.971     2013 04 20 12 27  4.983     165.0
 2013 04 20 20 38 53.912     2013 04 20 20 42 13.767     199.9
120
 2013 04 20 22 16 31.894     2013 04 20 22 19  4.291     152.4
121
 2013 04 20 20 37  7.856     2013 04 20 20 39 42.496     154.6
122
 2013 04 20 12 20 23.940     2013 04 20 12 22 58.678     154.7
123
 2013 04 20 12 26 37.735     2013 04 20 12 29 20.911     163.2
 2013 04 20 19 00 34.561     2013 04 20 19 03 12.744     158.2
124
 2013 04 20 12 23 44.436     2013 04 20 12 27 18.022     213.6
 2013 04 20 20 39 39.447     2013 04 20 20 42 54.096     194.6
125
 2013 04 20 00 20 32.002     2013 04 20 00 23 22.602     170.6
126
 2013 04 20 10 47 34.499     2013 04 20 10 48  8.759      34.3
 2013 04 20 19 02 59.439     2013 04 20 19 06 21.543     202.1
127
 2013 04 20 12 17 46.248     2013 04 20 12 20 21.795     155.5
 2013 04 20 22 18 54.778     2013 04 20 22 21 37.259     162.5
128
 2013 04 20 12 27 51.755     2013 04 20 12 31  7.649     195.9
 2013 04 20 19 01 36.592     2013 04 20 19 05  4.928     208.3
129
 2013 04 20 22 22   .539     2013 04 20 22 24 40.565     160.0
130
 2013 04 20 00 21 29.868     2013 04 20 00 24  4.260     154.4
 2013 04 20 12 14 44.070     2013 04 20 12 15  9.674      25.6
131
 2013 04 20 12 26 10.947     2013 04 20 12 28 47.479     156.5
 2013 04 20 19 00 30.467     2013 04 20 19 03 37.363     186.9
132
 2013 04 20 13 57 58.351     2013 04 20 14 01  8.577     190.2
 2013 04 20 22 12 34.897     2013 04 20 22 15  9.453     154.6
133
 2013 04 20 12 22 34.342     2013 04 20 12 25 18.331     164.0
 2013 04 20 20 38 26.442     2013 04 20 20 41 37.896     191.5
134
 2013 04 20 22 15 10.044     2013 04 20 22 18 12.517     182.5
135
 2013 04 20 14 00  8.189     2013 04 20 14 03 26.857     198.7
 2013 04 20 20 35 48.175     2013 04 20 20 39 19.697     211.5
136
 2013 04 20 13 55 53.643     2013 04 20 13 58 34.502     160.9
137
 2013 04 20 12 22 35.063     2013 04 20 12 23 47.424      72.4
 2013 04 20 20 40 24.414     2013 04 20 20 42 56.664     152.2
138
 2013 04 20 12 20 45.257     2013 04 20 12 20 49.318       4.1
139
 2013 04 20 12 23 45.366     2013 04 20 12 26 50.615     185.2
 2013 04 20 20 38  5.700     2013 04 20 20 40 46.469     160.8
140
 2013 04 20 20 39 50.086     2013 04 20 20 43 33.141     223.1
141
 2013 04 20 10 49  9.079     2013 04 20 10 49 56.312      47.2
 2013 04 20 19 03   .071     2013 04 20 19 05 47.705     167.6
142
 2013 04 20 13 54 31.695     2013 04 20 13 57 10.872     159.2
143
144
 2013 04 20 20 48 38.834     2013 04 20 20 51 34.150     175.3
145
 2013 04 20 00 19 50.170     2013 04 20 00 23 13.353     203.2
146
 2013 04 20 20 46 19.466     2013 04 20 20 48 52.997     153.5
147
 2013 04 20 12 27 25.057     2013 04 20 12 28 51.813      86.8
 2013 04 20 19 02  7.790     2013 04 20 19 05 20.883     193.1
148
 2013 04 20 12 24  1.003     2013 04 20 12 27 40.469     219.5
 2013 04 20 20 39 25.267     2013 04 20 20 43  9.235     224.0
149
 2013 04 20 10 47 41.680     2013 04 20 10 50 18.286     156.6
 2013 04 20 19 03 58.116     2013 04 20 19 04 22.309      24.2
150
151
 2013 04 20 14 00  3.870     2013 04 20 14 02 44.447     160.6
 2013 04 20 20 38 29.456     2013 04 20 20 38 55.224      25.8
152
 2013 04 20 13 58  4.147     2013 04 20 14 01 16.842     192.7
 2013 04 20 22 14  8.214     2013 04 20 22 16 58.508     170.3
153
154
 2013 04 20 22 11  8.117     2013 04 20 22 14 26.761     198.6
155
 2013 04 20 10 42 43.790     2013 04 20 10 45 55.499     191.7
 2013 04 20 20 43  7.863     2013 04 20 20 46 39.616     211.8
156
 2013 04 20 20 46 12.636     2013 04 20 20 48 52.774     160.1
157
 2013 04 20 20 37  7.471     2013 04 20 20 40 24.552     197.1
158
 2013 04 20 12 21 22.869     2013 04 20 12 23 57.395     154.5
159
 2013 04 20 12 21 44.819     2013 04 20 12 22  2.127      17.3
 2013 04 20 22 16 59.598     2013 04 20 22 19 37.650     158.1
160
 2013 04 20 14 02 48.132     2013 04 20 14 02 49.850       1.7
 2013 04 20 22 11 10.795     2013 04 20 22 14 48.061     217.3
161
 2013 04 20 12 18 35.070     2013 04 20 12 21 39.198     184.1
 2013 04 20 22 18 56.444     2013 04 20 22 21 52.012     175.6
162
 2013 04 20 22 21 26.093     2013 04 20 22 24 54.766     208.7
163
 2013 04 20 12 26  9.908     2013 04 20 12 28 58.156     168.2
 2013 04 20 19 01  8.034     2013 04 20 19 04 14.700     186.7
164
165
 2013 04 20 12 17  9.689     2013 04 20 12 20 49.208     219.5
 2013 04 20 22 20   .102     2013 04 20 22 22 31.479     151.4
166
 2013 04 20 20 48 38.036     2013 04 20 20 51 13.025     155.0
167
 2013 04 20 22 21 42.647     2013 04 20 22 24 56.109     193.5
168
 2013 04 20 12 18 52.319     2013 04 20 12 19 45.784      53.5
169
 2013 04 20 12 15 13.533     2013 04 20 12 18  4.425     170.9
170
 2013 04 20 20 36 46.140     2013 04 20 20 40 32.890     226.7
171
 2013 04 20 12 22 48.788     2013 04 20 12 25 33.165     164.4
 2013 04 20 20 38 31.805     2013 04 20 20 41 26.353     174.5
172
 2013 04 20 15 37  7.048     2013 04 20 15 39 50.487     163.4
 2013 04 20 20 31 29.882     2013 04 20 20 34 59.133     209.3
 2013 04 20 22 09  7.192     2013 04 20 22 11  3.243     116.1
173
 2013 04 20 22 20 46.324     2013 04 20 22 23 17.682     151.4
174
 2013 04 20 00 15 57.401     2013 04 20 00 19 33.775     216.4
 2013 04 20 13 53 29.539     2013 04 20 13 56 25.380     175.8
175
 2013 04 20 00 21 54.892     2013 04 20 00 24 24.977     150.1
 2013 04 20 12 11 36.517     2013 04 20 12 14 55.236     198.7
176
 2013 04 20 10 38  8.150     2013 04 20 10 41  1.027     172.9
 2013 04 20 22 24 47.321     2013 04 20 22 28 27.671     220.4
177
178
 2013 04 20 20 40 53.954     2013 04 20 20 44  1.089     187.1
179
 2013 04 20 00 17 46.855     2013 04 20 00 20 46.608     179.8
180
 2013 04 20 12 23 48.017     2013 04 20 12 26 29.105     161.1
 2013 04 20 20 38 35.087     2013 04 20 20 41 12.961     157.9
181
182
 2013 04 20 20 41 37.650     2013 04 20 20 44 38.348     180.7
183
 2013 04 20 12 18  9.526     2013 04 20 12 21  7.307     177.8
 2013 04 20 22 19 13.665     2013 04 20 22 21 47.577     153.9
184
 2013 04 20 12 19 41.240     2013 04 20 12 23  6.668     205.4
185
 2013 04 20 13 58 28.054     2013 04 20 14 01 36.420     188.4
 2013 04 20 22 13 48.991     2013 04 20 22 17  3.399     194.4
186
 2013 04 20 12 29 10.510     2013 04 20 12 32 18.859     188.3
 2013 04 20 17 24 28.300     2013 04 20 17 27 16.527     168.2
187
188
 2013 04 20 15 37  8.099     2013 04 20 15 40 25.830     197.7
 2013 04 20 20 32 30.600     2013 04 20 20 32 36.429       5.8
 2013 04 20 22 10 19.747     2013 04 20 22 10 43.641      23.9
189
 2013 04 20 12 26 16.305     2013 04 20 12 29  1.445     165.1
 2013 04 20 19 00 21.501     2013 04 20 19 03 14.952     173.5
190
 2013 04 20 14 02 26.804     2013 04 20 14 06 10.710     223.9
 2013 04 20 20 36 11.206     2013 04 20 20 36 51.804      40.6
191
 2013 04 20 10 41 48.300     2013 04 20 10 44 26.326     158.0
192
 2013 04 20 12 19   .131     2013 04 20 12 21 47.065     166.9
 2013 04 20 22 17 44.546     2013 04 20 22 20 25.180     160.6
193
 2013 04 20 12 21 49.073     2013 04 20 12 21 53.576       4.5
 2013 04 20 20 40 33.979     2013 04 20 20 43 21.455     167.5
194
 2013 04 20 12 24 51.692     2013 04 20 12 28   .470     188.8
195
 2013 04 20 00 17 16.788     2013 04 20 00 20 14.514     177.7
 2013 04 20 13 52  9.540     2013 04 20 13 53 26.372      76.8
196
197
 2013 04 20 10 44 46.007     2013 04 20 10 48 32.673     226.7
198
 2013 04 20 10 49 19.989     2013 04 20 10 52  7.953     168.0
 2013 04 20 19 03 56.584     2013 04 20 19 06 35.358     158.8
199
 2013 04 20 12 21 25.983     2013 04 20 12 21 27.789       1.8
 2013 04 20 20 40 26.533     2013 04 20 20 43 38.645     192.1
200
 2013 04 20 10 41 12.851     2013 04 20 10 44 36.492     203.6
201
 2013 04 20 10 41 19.247     2013 04 20 10 45  3.984     224.7
 2013 04 20 20 45 33.175     2013 04 20 20 46 26.672      53.5
202
 2013 04 20 00 18 40.564     2013 04 20 00 22  1.865     201.3
203
 2013 04 20 13 58 27.184     2013 04 20 14 01 31.005     183.8
 2013 04 20 22 13 48.270     2013 04 20 22 16 57.761     189.5
204
 2013 04 20 12 23 54.248     2013 04 20 12 27 11.820     197.6
 2013 04 20 20 39 28.257     2013 04 20 20 42 42.681     194.4
205
 2013 04 20 12 25 37.939     2013 04 20 12 28 29.422     171.5
 2013 04 20 19 00 45.011     2013 04 20 19 01 11.553      26.5
206
 2013 04 20 10 50 51.339     2013 04 20 10 51 44.507      53.2
 2013 04 20 19 03  2.006     2013 04 20 19 06  5.327     183.3
207
208
 2013 04 20 12 23 12.169     2013 04 20 12 26 30.401     198.2
 2013 04 20 20 39 55.368     2013 04 20 20 42 31.240     155.9
209
 2013 04 20 10 47 40.830     2013 04 20 10 50 32.239     171.4
 2013 04 20 19 03 36.379     2013 04 20 19 07 21.963     225.6
210
 2013 04 20 12 16 15.570     2013 04 20 12 19 33.204     197.6
211
 2013 04 20 13 57 10.553     2013 04 20 13 58 25.342      74.8
 2013 04 20 22 14 50.237     2013 04 20 22 17 23.587     153.4
212
 2013 04 20 12 20 19.156     2013 04 20 12 23 48.676     209.5
213
214
 2013 04 20 20 48 15.728     2013 04 20 20 50 54.329     158.6
215
 2013 04 20 12 13 57.589     2013 04 20 12 17 12.375     194.8
216
 2013 04 20 15 37 28.090     2013 04 20 15 40 46.154     198.1
 2013 04 20 20 32 54.761     2013 04 20 20 36 24.448     209.7
217
 2013 04 20 20 41 11.164     2013 04 20 20 44 51.597     220.4
218
 2013 04 20 12 14  1.936     2013 04 20 12 17  2.426     180.5
219
 2013 04 20 22 22 18.875     2013 04 20 22 24 55.474     156.6
220
221
222
223
224
 2013 04 20 19 02 48.094     2013 04 20 19 05 36.568     168.5
225
 2013 04 20 14 02  8.307     2013 04 20 14 05 11.918     183.6
 2013 04 20 20 36  3.591     2013 04 20 20 39  9.678     186.1
226
 2013 04 20 12 21 36.871     2013 04 20 12 24 11.966     155.1
227
 2013 04 20 10 49 51.348     2013 04 20 10 52 37.832     166.5
 2013 04 20 19 03 38.839     2013 04 20 19 06 46.172     187.3
228
 2013 04 20 22 15  1.218     2013 04 20 22 18 33.545     212.3
229
 2013 04 20 13 56 45.165     2013 04 20 13 59 19.875     154.7
 2013 04 20 22 13 13.579     2013 04 20 22 16 48.526     214.9
230
 2013 04 20 12 21 44.580     2013 04 20 12 24 28.455     163.9
231
 2013 04 20 22 15 17.685     2013 04 20 22 17 54.638     157.0
232
 2013 04 20 14 01 26.112     2013 04 20 14 04 56.143     210.0
 2013 04 20 15 39 10.367     2013 04 20 15 42 52.947     222.6
 2013 04 20 20 34 20.785     2013 04 20 20 37 11.190     170.4
233
 2013 04 20 14 00 19.920     2013 04 20 14 03  1.477     161.6
 2013 04 20 20 34 34.211     2013 04 20 20 38  1.750     207.5
234
235
 2013 04 20 12 21 41.861     2013 04 20 12 24 31.352     169.5
236
 2013 04 20 10 49  7.147     2013 04 20 10 52 34.136     207.0
 2013 04 20 19 03 22.130     2013 04 20 19 06  1.526     159.4
237
 2013 04 20 10 38 21.083     2013 04 20 10 41 28.411     187.3
 2013 04 20 22 23 35.903     2013 04 20 22 26 38.024     182.1
238
 2013 04 20 10 45 51.711     2013 04 20 10 48 27.862     156.2
239
 2013 04 20 09 09  2.958     2013 04 20 09 09  2.330       -.6
240
 2013 04 20 12 17 49.712     2013 04 20 12 20 24.354     154.6
 2013 04 20 22 18 33.292     2013 04 20 22 21 20.249     167.0
241
 2013 04 20 10 44 28.461     2013 04 20 10 47  3.426     155.0
 2013 04 20 20 43 40.950     2013 04 20 20 46 21.540     160.6
242
243
 2013 04 20 09 03 28.688     2013 04 20 09 06 42.824     194.1
 2013 04 20 20 49 23.727     2013 04 20 20 52  5.527     161.8
244
 2013 04 20 10 42 48.026     2013 04 20 10 45 44.325     176.3
 2013 04 20 20 45   .033     2013 04 20 20 47 47.297     167.3
245
 2013 04 20 20 40 40.966     2013 04 20 20 43 53.833     192.9
246
 2013 04 20 10 47 25.981     2013 04 20 10 50  1.445     155.5
247
248
 2013 04 20 12 16 22.246     2013 04 20 12 19 23.716     181.5
249
 2013 04 20 12 24 15.479     2013 04 20 12 27  5.030     169.6
 2013 04 20 20 39   .686     2013 04 20 20 42 18.876     198.2
250
 2013 04 20 10 41 23.977     2013 04 20 10 44 15.127     171.2
251
 2013 04 20 20 40 51.742     2013 04 20 20 43 23.803     152.1
252
 2013 04 20 14 00 14.907     2013 04 20 14 02 50.529     155.6
 2013 04 20 20 34 48.021     2013 04 20 20 38 32.873     224.9
253
 2013 04 20 20 47  9.612     2013 04 20 20 50 23.243     193.6
254
255
256
 2013 04 20 12 27 54.182     2013 04 20 12 31  6.405     192.2
 2013 04 20 19 01 33.237     2013 04 20 19 05  2.993     209.8
257
 2013 04 20 15 38  9.985     2013 04 20 15 41 21.767     191.8
 2013 04 20 20 33 30.286     2013 04 20 20 36 15.578     165.3
258
 2013 04 20 20 37  2.987     2013 04 20 20 39 37.393     154.4
259
260
 2013 04 20 13 59 54.753     2013 04 20 14 02 30.130     155.4
261
262
 2013 04 20 14 00 13.700     2013 04 20 14 03 48.650     214.9
 2013 04 20 20 36  9.643     2013 04 20 20 39 23.323     193.7
263
 2013 04 20 12 28 11.545     2013 04 20 12 30 52.991     161.4
 2013 04 20 17 22 54.254     2013 04 20 17 22 56.594       2.3
 2013 04 20 19 00 57.401     2013 04 20 19 04 36.534     219.1
264
 2013 04 20 09 06  2.968     2013 04 20 09 06  5.240       2.3
 2013 04 20 20 49 13.467     2013 04 20 20 52 12.336     178.9
265
 2013 04 20 09 02 54.740     2013 04 20 09 05 58.736     184.0
 2013 04 20 20 49 56.283     2013 04 20 20 52 26.208     149.9
266
267
 2013 04 20 12 24  7.017     2013 04 20 12 24 37.586      30.6
268
 2013 04 20 13 56 37.331     2013 04 20 13 59 42.417     185.1
 2013 04 20 22 14  7.725     2013 04 20 22 17 20.162     192.4
269
270
 2013 04 20 10 39 42.998     2013 04 20 10 42 34.906     171.9
271
 2013 04 20 12 28  1.249     2013 04 20 12 30 41.937     160.7
 2013 04 20 19 01  2.520     2013 04 20 19 04 25.829     203.3
272
 2013 04 20 10 40 22.044     2013 04 20 10 43 33.654     191.6
273
274
 2013 04 20 10 45 24.167     2013 04 20 10 48 47.966     203.8
 2013 04 20 20 41 48.088     2013 04 20 20 45 28.736     220.6
275
 2013 04 20 14 00 10.089     2013 04 20 14 02 51.329     161.2
 2013 04 20 20 34 25.592     2013 04 20 20 38  8.814     223.2
276
 2013 04 20 10 45 10.124     2013 04 20 10 47 52.778     162.7
 2013 04 20 20 43 20.303     2013 04 20 20 44 43.423      83.1
277
278
 2013 04 20 22 11 21.211     2013 04 20 22 14 12.572     171.4
279
 2013 04 20 14 00 43.930     2013 04 20 14 03 34.872     170.9
 2013 04 20 20 34 44.425     2013 04 20 20 37 34.566     170.1
280
 2013 04 20 15 37 26.267     2013 04 20 15 41  9.838     223.6
 2013 04 20 20 33 16.287     2013 04 20 20 36 42.346     206.1
281
 2013 04 20 12 17 49.888     2013 04 20 12 20 35.107     165.2
 2013 04 20 22 18 10.235     2013 04 20 22 21   .541     170.3
282
 2013 04 20 12 23  9.050     2013 04 20 12 25 53.376     164.3
 2013 04 20 20 39 28.748     2013 04 20 20 42  2.840     154.1
283
 2013 04 20 12 16  9.036     2013 04 20 12 19 31.901     202.9
284
 2013 04 20 10 48  1.233     2013 04 20 10 51 33.275     212.0
 2013 04 20 19 05 42.836     2013 04 20 19 08 20.087     157.3
285
 2013 04 20 13 55 17.521     2013 04 20 13 58  1.477     164.0
286
 2013 04 20 20 41 12.373     2013 04 20 20 43 47.164     154.8
287
 2013 04 20 12 16 44.344     2013 04 20 12 19 18.711     154.4
 2013 04 20 22 21 59.953     2013 04 20 22 22 36.585      36.6
288
 2013 04 20 20 36 39.886     2013 04 20 20 40  4.537     204.7
289
 2013 04 20 10 43 21.629     2013 04 20 10 43 37.394      15.8
290
 2013 04 20 13 56 27.906     2013 04 20 13 59 16.123     168.2
 2013 04 20 22 16  4.235     2013 04 20 22 16 31.177      26.9
291
 2013 04 20 12 25 25.427     2013 04 20 12 25 56.122      30.7
 2013 04 20 14 03 12.600     2013 04 20 14 03 43.488      30.9
 2013 04 20 18 59 21.108     2013 04 20 19 02 24.398     183.3
292
 2013 04 20 10 42 52.280     2013 04 20 10 46   .207     187.9
 2013 04 20 20 45 10.410     2013 04 20 20 47 47.607     157.2
293
294
 2013 04 20 00 22 16.049     2013 04 20 00 25 27.064     191.0
 2013 04 20 12 12 25.656     2013 04 20 12 14 58.749     153.1
295
 2013 04 20 12 15 56.427     2013 04 20 12 17  2.387      66.0
 2013 04 20 22 20 12.487     2013 04 20 22 23 31.306     198.8
296
 2013 04 20 14 01  7.813     2013 04 20 14 04 30.642     202.8
 2013 04 20 15 38 41.430     2013 04 20 15 39 12.188      30.8
 2013 04 20 20 34 30.017     2013 04 20 20 37  6.111     156.1
297
 2013 04 20 10 44 56.861     2013 04 20 10 47 47.959     171.1
 2013 04 20 20 42 50.853     2013 04 20 20 45 52.659     181.8
298
 2013 04 20 10 50 14.579     2013 04 20 10 50 29.490      14.9
299
 2013 04 20 12 26 46.550     2013 04 20 12 30 25.629     219.1
 2013 04 20 14 04 36.580     2013 04 20 14 08 13.970     217.4
 2013 04 20 18 59 48.791     2013 04 20 19 02 33.917     165.1
300
 2013 04 20 13 59 33.294     2013 04 20 13 59 40.488       7.2
 2013 04 20 15 37 19.374     2013 04 20 15 37 25.678       6.3
 2013 04 20 20 33 32.464     2013 04 20 20 36 59.955     207.5
301
302
 2013 04 20 13 55  2.147     2013 04 20 13 57 42.930     160.8
303
304
 2013 04 20 00 18  7.576     2013 04 20 00 20 37.916     150.3
305
 2013 04 20 22 21 38.843     2013 04 20 22 24 33.847     175.0
306
 2013 04 20 13 55  3.173     2013 04 20 13 58 16.428     193.3
307
 2013 04 20 10 48 36.373     2013 04 20 10 52  4.296     207.9
 2013 04 20 19 03 29.348     2013 04 20 19 06  3.730     154.4
308
 2013 04 20 12 27 22.544     2013 04 20 12 30  7.402     164.9
 2013 04 20 19 00 33.682     2013 04 20 19 03 20.847     167.2
309
 2013 04 20 22 14 59.215     2013 04 20 22 18 37.490     218.3
310
311
 2013 04 20 12 26 28.855     2013 04 20 12 29 11.503     162.6
 2013 04 20 19 00 31.303     2013 04 20 19 03 15.216     163.9
312
 2013 04 20 14 00 46.873     2013 04 20 14 04 32.610     225.7
 2013 04 20 15 38 37.298     2013 04 20 15 42 21.538     224.2
 2013 04 20 20 34 14.679     2013 04 20 20 36 49.307     154.6
313
 2013 04 20 13 54  2.947     2013 04 20 13 54 30.554      27.6
314
 2013 04 20 12 13 36.632     2013 04 20 12 16 20.185     163.6
315
 2013 04 20 12 19 57.097     2013 04 20 12 22 31.228     154.1
 2013 04 20 22 17 16.682     2013 04 20 22 18 10.137      53.5
316
 2013 04 20 14 01 33.826     2013 04 20 14 04 17.798     164.0
 2013 04 20 20 35 53.111     2013 04 20 20 38 27.633     154.5
317
 2013 04 20 14 00 51.882     2013 04 20 14 04 41.714     229.8
 2013 04 20 15 38 46.837     2013 04 20 15 42 23.398     216.6
 2013 04 20 20 34 12.310     2013 04 20 20 36 48.503     156.2
318
 2013 04 20 12 13 22.854     2013 04 20 12 16  3.427     160.6
319
 2013 04 20 13 56 39.637     2013 04 20 13 59 34.762     175.1
 2013 04 20 22 12 30.823     2013 04 20 22 16  9.981     219.2
320
 2013 04 20 13 54 37.358     2013 04 20 13 57 22.787     165.4
321
322
 2013 04 20 13 54 36.019     2013 04 20 13 55 18.554      42.5
323
 2013 04 20 10 46  5.639     2013 04 20 10 49  1.110     175.5
324
 2013 04 20 00 19 43.798     2013 04 20 00 22 26.327     162.5
325
 2013 04 20 12 27 18.425     2013 04 20 12 31  5.946     227.5
 2013 04 20 19 02  8.342     2013 04 20 19 05  9.658     181.3
326
 2013 04 20 22 20 22.966     2013 04 20 22 20 28.456       5.5
327
 2013 04 20 10 50 30.318     2013 04 20 10 54 10.336     220.0
 2013 04 20 17 24 31.333     2013 04 20 17 24 52.745      21.4
328
 2013 04 20 22 20 56.345     2013 04 20 22 24  5.920     189.6
329
 2013 04 20 14 00  2.555     2013 04 20 14 03 49.952     227.4
 2013 04 20 15 37 45.237     2013 04 20 15 38  1.666      16.4
 2013 04 20 20 33 56.700     2013 04 20 20 36 54.230     177.5
330
 2013 04 20 14 02 33.897     2013 04 20 14 02 42.834       8.9
 2013 04 20 22 11 17.311     2013 04 20 22 14 46.490     209.2
331
332
 2013 04 20 12 15 10.206     2013 04 20 12 17 59.485     169.3
333
 2013 04 20 09 09  7.035     2013 04 20 09 09 38.251      31.2
334
 2013 04 20 12 20 59.998     2013 04 20 12 23 40.909     160.9
335
 2013 04 20 13 57 14.222     2013 04 20 13 59 50.541     156.3
 2013 04 20 22 13 14.162     2013 04 20 22 16 12.629     178.5
336
 2013 04 20 13 57  3.321     2013 04 20 13 59 44.590     161.3
 2013 04 20 22 13 45.175     2013 04 20 22 16 46.452     181.3
337
 2013 04 20 22 20 31.981     2013 04 20 22 23  5.891     153.9
338
 2013 04 20 22 14  9.504     2013 04 20 22 14 23.934      14.4
339
 2013 04 20 14 00 43.821     2013 04 20 14 04 28.013     224.2
 2013 04 20 15 38 32.260     2013 04 20 15 42 20.136     227.9
 2013 04 20 20 34 15.218     2013 04 20 20 36 49.692     154.5
340
 2013 04 20 14 00 36.420     2013 04 20 14 04  5.197     208.8
 2013 04 20 20 34 20.935     2013 04 20 20 36 59.846     158.9
341
342
 2013 04 20 10 43  3.460     2013 04 20 10 45 45.288     161.8
 2013 04 20 20 44 41.214     2013 04 20 20 47 28.152     166.9
343
 2013 04 20 00 21 52.651     2013 04 20 00 25 32.534     219.9
 2013 04 20 12 12 48.040     2013 04 20 12 15 21.270     153.2
344
 2013 04 20 12 26  1.730     2013 04 20 12 27 46.376     104.6
 2013 04 20 19 02  8.562     2013 04 20 19 04 55.832     167.3
345
 2013 04 20 22 20 44.649     2013 04 20 22 21 27.242      42.6
346
 2013 04 20 00 16  8.245     2013 04 20 00 16 37.697      29.5
 2013 04 20 13 53 17.729     2013 04 20 13 56 45.222     207.5
347
 2013 04 20 10 43 54.835     2013 04 20 10 47 25.878     211.0
 2013 04 20 20 44 41.601     2013 04 20 20 47 47.758     186.2
348
 2013 04 20 14 00 57.144     2013 04 20 14 01  5.224       8.1
 2013 04 20 22 11 55.776     2013 04 20 22 14 41.968     166.2
349
 2013 04 20 12 28  3.168     2013 04 20 12 30 46.071     162.9
 2013 04 20 19 01  4.788     2013 04 20 19 04 31.791     207.0
350
 2013 04 20 12 25  3.718     2013 04 20 12 28 47.948     224.2
351
 2013 04 20 20 48 15.637     2013 04 20 20 50 47.455     151.8
352
 2013 04 20 12 25 13.826     2013 04 20 12 28 55.860     222.0
 2013 04 20 18 59 13.578     2013 04 20 19 02 42.193     208.6
353
354
 2013 04 20 12 15  6.032     2013 04 20 12 17 42.462     156.4
355
 2013 04 20 20 40 11.039     2013 04 20 20 40 11.847        .8
356
 2013 04 20 12 18 23.841     2013 04 20 12 21   .671     156.8
 2013 04 20 22 18 20.805     2013 04 20 22 20 52.193     151.4
357
 2013 04 20 12 22 57.538     2013 04 20 12 25 47.904     170.4
 2013 04 20 20 39 36.234     2013 04 20 20 42 13.089     156.9
358
 2013 04 20 22 16 53.232     2013 04 20 22 19 34.626     161.4
359
 2013 04 20 12 15  1.509     2013 04 20 12 18  8.220     186.7
360
 2013 04 20 14 02 12.818     2013 04 20 14 05  6.275     173.5
 2013 04 20 18 56 30.914     2013 04 20 19 00 21.873     231.0
 2013 04 20 20 34 39.194     2013 04 20 20 37 58.129     198.9
361
 2013 04 20 20 40 45.217     2013 04 20 20 44 23.110     217.9
362
 2013 04 20 13 59 32.013     2013 04 20 14 03 10.665     218.7
363
 2013 04 20 12 21 12.810     2013 04 20 12 24  8.434     175.6
364
365
 2013 04 20 12 28 10.392     2013 04 20 12 29 48.456      98.1
 2013 04 20 17 24  5.832     2013 04 20 17 24 56.036      50.2
366
 2013 04 20 12 19 10.571     2013 04 20 12 21 44.591     154.0
 2013 04 20 22 18  5.641     2013 04 20 22 21  1.238     175.6
367
 2013 04 20 00 22   .720     2013 04 20 00 24 40.720     160.0
 2013 04 20 12 12  3.556     2013 04 20 12 14 58.097     174.5
368
 2013 04 20 20 47 48.082     2013 04 20 20 51 28.286     220.2
369
 2013 04 20 00 20 11.118     2013 04 20 00 23 37.544     206.4
 2013 04 20 12 16 36.416     2013 04 20 12 16 54.452      18.0
370
 2013 04 20 12 21  4.252     2013 04 20 12 24 44.364     220.1
371
 2013 04 20 12 21 54.508     2013 04 20 12 24 36.138     161.6
372
 2013 04 20 10 45 46.766     2013 04 20 10 48 44.670     177.9
 2013 04 20 20 41 49.681     2013 04 20 20 41 52.196       2.5
373
374
 2013 04 20 20 45 46.951     2013 04 20 20 46 11.192      24.2
375
 2013 04 20 14 00  5.992     2013 04 20 14 03  1.554     175.6
 2013 04 20 20 34 12.895     2013 04 20 20 37 47.513     214.6
376
 2013 04 20 19 01 53.625     2013 04 20 19 05 30.695     217.1
377
378
 2013 04 20 22 16 11.892     2013 04 20 22 18 43.858     152.0
379
 2013 04 20 20 46 13.737     2013 04 20 20 48 51.083     157.3
380
 2013 04 20 14 01 17.623     2013 04 20 14 03 58.439     160.8
 2013 04 20 20 35  9.393     2013 04 20 20 37 44.111     154.7
381
382
 2013 04 20 12 18 35.414     2013 04 20 12 21 56.684     201.3
 2013 04 20 22 18 57.301     2013 04 20 22 22  8.903     191.6
383
 2013 04 20 12 25  4.719     2013 04 20 12 28 18.903     194.2
384
 2013 04 20 12 28 20.888     2013 04 20 12 31   .343     159.5
 2013 04 20 17 22 46.647     2013 04 20 17 26 10.261     203.6
 2013 04 20 19 00 13.881     2013 04 20 19 00 46.742      32.9
385
 2013 04 20 09 04  1.745     2013 04 20 09 04 29.113      27.4
 2013 04 20 20 48 22.192     2013 04 20 20 51 36.922     194.7
386
 2013 04 20 00 21 51.791     2013 04 20 00 24 31.519     159.7
 2013 04 20 12 12  3.461     2013 04 20 12 15  6.500     183.0
387
388
 2013 04 20 12 16 14.157     2013 04 20 12 17  7.958      53.8
 2013 04 20 22 20 17.171     2013 04 20 22 23 13.841     176.7
389
 2013 04 20 20 48  3.099     2013 04 20 20 50 47.322     164.2
390
 2013 04 20 22 15 29.056     2013 04 20 22 18 15.887     166.8
391
 2013 04 20 22 23 22.401     2013 04 20 22 25 55.612     153.2
392
393
 2013 04 20 00 18 30.530     2013 04 20 00 21  4.560     154.0
394
 2013 04 20 20 40 51.954     2013 04 20 20 44 31.726     219.8
395
 2013 04 20 12 22  1.127     2013 04 20 12 25 11.000     189.9
 2013 04 20 20 39 41.312     2013 04 20 20 43   .566     199.3
396
 2013 04 20 22 20 41.842     2013 04 20 22 23 50.549     188.7
397
 2013 04 20 13 58 37.202     2013 04 20 14 01 41.060     183.9
 2013 04 20 22 12 20.080     2013 04 20 22 15 22.174     182.1
398
 2013 04 20 15 37 25.775     2013 04 20 15 40 34.807     189.0
 2013 04 20 20 32 43.283     2013 04 20 20 36 17.852     214.6
399
400
401
 2013 04 20 10 49 46.922     2013 04 20 10 53  5.426     198.5
 2013 04 20 19 03  3.812     2013 04 20 19 06 19.344     195.5
402
 2013 04 20 13 55  6.110     2013 04 20 13 58 46.967     220.9
403
 2013 04 20 12 21 26.662     2013 04 20 12 24  7.516     160.9
404
 2013 04 20 00 20 47.563     2013 04 20 00 23 17.776     150.2
405
 2013 04 20 10 45 12.520     2013 04 20 10 47 47.936     155.4
 2013 04 20 20 43   .102     2013 04 20 20 46 24.598     204.5
406
 2013 04 20 10 48 17.625     2013 04 20 10 51 22.617     185.0
 2013 04 20 19 05 22.395     2013 04 20 19 08   .230     157.8
407
 2013 04 20 13 59 50.295     2013 04 20 14 02 53.807     183.5
 2013 04 20 20 33 55.561     2013 04 20 20 34 38.980      43.4
408
 2013 04 20 14 01  6.139     2013 04 20 14 02 44.165      98.0
 2013 04 20 20 36 48.010     2013 04 20 20 39 22.193     154.2
409
 2013 04 20 13 59  5.147     2013 04 20 14 01 54.490     169.3
 2013 04 20 22 12 15.179     2013 04 20 22 15 48.112     212.9
410
 2013 04 20 14 02 39.123     2013 04 20 14 05 15.023     155.9
 2013 04 20 18 57 10.031     2013 04 20 18 58  5.639      55.6
 2013 04 20 20 35  8.717     2013 04 20 20 38 46.364     217.6
411
 2013 04 20 14 02 21.511     2013 04 20 14 05 13.000     171.5
 2013 04 20 18 56 41.148     2013 04 20 19 00 22.231     221.1
 2013 04 20 20 34 36.964     2013 04 20 20 38  6.584     209.6
412
 2013 04 20 00 21 53.759     2013 04 20 00 25 13.450     199.7
 2013 04 20 12 12 39.413     2013 04 20 12 15 14.312     154.9
413
 2013 04 20 10 45 13.783     2013 04 20 10 48 22.010     188.2
 2013 04 20 20 42 15.056     2013 04 20 20 45 38.470     203.4
414
 2013 04 20 12 17 52.057     2013 04 20 12 18  3.475      11.4
 2013 04 20 22 19 36.810     2013 04 20 22 22 43.244     186.4
415
 2013 04 20 12 22 37.043     2013 04 20 12 26 23.815     226.8
 2013 04 20 20 40 19.694     2013 04 20 20 42 51.980     152.3
416
417
 2013 04 20 12 15 34.408     2013 04 20 12 18 26.467     172.1
418
 2013 04 20 22 16  9.427     2013 04 20 22 19 37.701     208.3
419
 2013 04 20 13 57 30.652     2013 04 20 14 00 47.092     196.4
 2013 04 20 22 14 25.442     2013 04 20 22 16 58.184     152.7
420
 2013 04 20 00 20 23.041     2013 04 20 00 23 46.109     203.1
421
 2013 04 20 10 45 49.822     2013 04 20 10 48 25.116     155.3
422
423
 2013 04 20 12 13 53.858     2013 04 20 12 17 31.657     217.8
424
 2013 04 20 10 41 32.452     2013 04 20 10 45   .755     208.3
 2013 04 20 20 45 20.909     2013 04 20 20 46 11.652      50.7
425
 2013 04 20 00 20 39.382     2013 04 20 00 23 34.671     175.3
 2013 04 20 12 16 16.423     2013 04 20 12 16 27.549      11.1
426
427
 2013 04 20 12 16  5.048     2013 04 20 12 18 39.945     154.9
428
429
 2013 04 20 13 55  8.408     2013 04 20 13 57 51.933     163.5
430
431
 2013 04 20 22 20 29.738     2013 04 20 22 23 11.347     161.6
432
433
 2013 04 20 10 41 42.368     2013 04 20 10 45 18.116     215.7
 2013 04 20 20 45 30.544     2013 04 20 20 48 51.230     200.7
434
 2013 04 20 12 24 35.033     2013 04 20 12 27 22.770     167.7
 2013 04 20 20 37 51.584     2013 04 20 20 41 20.663     209.1
435
 2013 04 20 13 57 52.186     2013 04 20 13 59 29.884      97.7
 2013 04 20 22 14 26.366     2013 04 20 22 17 29.920     183.6
436
437
 2013 04 20 00 19 13.717     2013 04 20 00 22  9.441     175.7
438
 2013 04 20 10 49  7.655     2013 04 20 10 52 43.409     215.8
 2013 04 20 19 03 14.197     2013 04 20 19 05 56.071     161.9
439
 2013 04 20 12 25 22.584     2013 04 20 12 28 40.408     197.8
 2013 04 20 19 04 33.018     2013 04 20 19 05  3.812      30.8
440
 2013 04 20 19 02 39.105     2013 04 20 19 05 46.691     187.6
441
 2013 04 20 12 24 18.033     2013 04 20 12 26 53.785     155.8
 2013 04 20 20 38 30.819     2013 04 20 20 41 34.819     184.0
442
 2013 04 20 20 48 37.351     2013 04 20 20 52  6.114     208.8
443
 2013 04 20 12 20 33.859     2013 04 20 12 23 29.930     176.1
444
 2013 04 20 20 46 45.990     2013 04 20 20 50 11.446     205.5
445
 2013 04 20 12 27  5.371     2013 04 20 12 29 57.282     171.9
 2013 04 20 19 01 35.015     2013 04 20 19 04  9.971     155.0
446
 2013 04 20 15 37 27.919     2013 04 20 15 40 31.236     183.3
 2013 04 20 20 32 39.982     2013 04 20 20 36 12.293     212.3
447
 2013 04 20 20 46 38.642     2013 04 20 20 49 17.849     159.2
448
 2013 04 20 12 21 20.037     2013 04 20 12 24  5.990     166.0
449
 2013 04 20 14 01 25.658     2013 04 20 14 04 23.268     177.6
 2013 04 20 20 34 50.211     2013 04 20 20 37 27.089     156.9
450
451
 2013 04 20 12 28  8.170     2013 04 20 12 30 44.134     156.0
 2013 04 20 17 22 38.912     2013 04 20 17 22 57.944      19.0
 2013 04 20 19 00 43.573     2013 04 20 19 04 16.509     212.9
452
 2013 04 20 14 03 29.016     2013 04 20 14 06 42.455     193.4
 2013 04 20 18 58 52.641     2013 04 20 19 01 48.691     176.0
453
 2013 04 20 15 36 32.335     2013 04 20 15 40  3.862     211.5
 2013 04 20 22 10 48.408     2013 04 20 22 14  4.067     195.7
454
 2013 04 20 13 59 17.869     2013 04 20 14 00 42.230      84.4
455
456
 2013 04 20 22 15 22.102     2013 04 20 22 18 19.377     177.3
457
 2013 04 20 14 03 17.445     2013 04 20 14 06 22.693     185.2
 2013 04 20 18 58 33.225     2013 04 20 19 01 42.678     189.5
458
 2013 04 20 10 43 39.112     2013 04 20 10 46 19.609     160.5
 2013 04 20 20 44 32.820     2013 04 20 20 47  3.864     151.0
459
 2013 04 20 10 37 55.417     2013 04 20 10 40 40.110     164.7
 2013 04 20 22 24 24.321     2013 04 20 22 27  6.378     162.1
460
 2013 04 20 13 59 36.430     2013 04 20 14 02 35.627     179.2
461
 2013 04 20 12 13  9.911     2013 04 20 12 16  6.803     176.9
462
 2013 04 20 13 56 25.512     2013 04 20 13 59  2.904     157.4
 2013 04 20 22 16 47.113     2013 04 20 22 17 16.244      29.1
463
 2013 04 20 12 25 34.436     2013 04 20 12 26 11.194      36.8
 2013 04 20 20 37 25.993     2013 04 20 20 40 33.662     187.7
464
 2013 04 20 12 19 40.425     2013 04 20 12 19 52.356      11.9
465
 2013 04 20 15 38 11.318     2013 04 20 15 41  2.861     171.5
 2013 04 20 20 33 10.530     2013 04 20 20 35 55.809     165.3
466
 2013 04 20 22 22 30.151     2013 04 20 22 25   .258     150.1
467
 2013 04 20 20 45 19.637     2013 04 20 20 48 23.613     184.0
468
 2013 04 20 12 22 43.479     2013 04 20 12 25 40.205     176.7
 2013 04 20 20 38 17.082     2013 04 20 20 41 13.386     176.3
469
 2013 04 20 12 16 15.076     2013 04 20 12 18 48.532     153.5
470
 2013 04 20 12 19 46.876     2013 04 20 12 23 32.459     225.6
 2013 04 20 22 16   .690     2013 04 20 22 19 40.162     219.5
471
 2013 04 20 12 21 18.718     2013 04 20 12 24 22.259     183.5
472
 2013 04 20 14 00 44.272     2013 04 20 14 03 19.843     155.6
 2013 04 20 20 35 11.195     2013 04 20 20 38 13.760     182.6
473
 2013 04 20 10 38 49.475     2013 04 20 10 42 10.722     201.2
 2013 04 20 22 22 52.117     2013 04 20 22 26 27.524     215.4
474
 2013 04 20 12 26  8.766     2013 04 20 12 28 55.480     166.7
 2013 04 20 19 00 15.105     2013 04 20 19 03 15.543     180.4
475
 2013 04 20 19 02 38.067     2013 04 20 19 05 22.087     164.0
476
 2013 04 20 12 23 34.462     2013 04 20 12 27 10.927     216.5
 2013 04 20 20 39 47.937     2013 04 20 20 42 52.271     184.3
477
 2013 04 20 12 24 58.783     2013 04 20 12 27 43.454     164.7
478
 2013 04 20 12 26 27.429     2013 04 20 12 29 10.080     162.7
 2013 04 20 19 00 30.569     2013 04 20 19 03 15.568     165.0
479
 2013 04 20 10 44  8.171     2013 04 20 10 44 19.408      11.2
 2013 04 20 20 44 21.752     2013 04 20 20 44 30.937       9.2
480
 2013 04 20 10 48 17.578     2013 04 20 10 50 59.226     161.6
 2013 04 20 19 04  6.578     2013 04 20 19 07  5.281     178.7
481
 2013 04 20 14 02 12.608     2013 04 20 14 05 57.460     224.9
 2013 04 20 20 36 20.964     2013 04 20 20 39 56.630     215.7
482
 2013 04 20 12 23 25.536     2013 04 20 12 26 12.858     167.3
 2013 04 20 20 38 32.138     2013 04 20 20 41  5.128     153.0
483
 2013 04 20 10 43 15.722     2013 04 20 10 43 30.019      14.3
484
 2013 04 20 13 54 12.756     2013 04 20 13 54 21.752       9.0
485
 2013 04 20 00 19 30.258     2013 04 20 00 20 54.667      84.4
486
 2013 04 20 12 27 40.633     2013 04 20 12 30 24.792     164.2
 2013 04 20 19 00 27.911     2013 04 20 19 03 33.350     185.4
487
 2013 04 20 20 36 30.089     2013 04 20 20 39 51.093     201.0
488
 2013 04 20 12 16 30.511     2013 04 20 12 16 59.366      28.9
 2013 04 20 22 20 21.570     2013 04 20 22 23   .739     159.2
489
 2013 04 20 12 18  8.368     2013 04 20 12 20 54.918     166.5
 2013 04 20 22 19  6.828     2013 04 20 22 21 37.861     151.0
490
 2013 04 20 14 00 25.924     2013 04 20 14 03 25.772     179.8
 2013 04 20 20 35 41.805     2013 04 20 20 38 58.534     196.7
491
 2013 04 20 12 21 16.936     2013 04 20 12 23 53.977     157.0
492
 2013 04 20 12 24 47.748     2013 04 20 12 28  5.383     197.6
493
 2013 04 20 14 04  7.495     2013 04 20 14 04  8.897       1.4
 2013 04 20 15 38   .275     2013 04 20 15 41 40.044     219.8
 2013 04 20 20 33 47.112     2013 04 20 20 36 36.288     169.2
494
 2013 04 20 12 25 37.565     2013 04 20 12 28 20.941     163.4
 2013 04 20 19 03 46.421     2013 04 20 19 04 29.959      43.5
495
496
 2013 04 20 10 49  2.532     2013 04 20 10 52 40.204     217.7
 2013 04 20 19 03 15.063     2013 04 20 19 05 54.196     159.1
497
 2013 04 20 13 56 47.428     2013 04 20 14 00  3.047     195.6
 2013 04 20 22 14 22.840     2013 04 20 22 17 15.656     172.8
498
 2013 04 20 10 41  6.540     2013 04 20 10 44 46.002     219.5
499
 2013 04 20 13 55 21.345     2013 04 20 13 57 56.396     155.1
500
 2013 04 20 10 39 39.968     2013 04 20 10 42 26.605     166.6
501
 2013 04 20 22 22 31.177     2013 04 20 22 25  6.643     155.5
502
 2013 04 20 10 41  8.790     2013 04 20 10 43 54.984     166.2
503
 2013 04 20 13 59 51.343     2013 04 20 14 02 32.493     161.1
504
 2013 04 20 10 49 30.838     2013 04 20 10 52 19.705     168.9
 2013 04 20 19 03 49.640     2013 04 20 19 06 36.278     166.6
505
 2013 04 20 12 15 28.183     2013 04 20 12 18 28.439     180.3
506
507
 2013 04 20 20 46 47.463     2013 04 20 20 49 32.871     165.4
508
 2013 04 20 12 14  8.913     2013 04 20 12 16 58.506     169.6
509
 2013 04 20 22 15 44.578     2013 04 20 22 18 55.802     191.2
510
511
 2013 04 20 10 39 23.774     2013 04 20 10 43  2.759     219.0
512
 2013 04 20 10 49 50.933     2013 04 20 10 52 51.929     181.0
 2013 04 20 19 03 20.052     2013 04 20 19 06 32.629     192.6
513
 2013 04 20 14 00  5.465     2013 04 20 14 03 10.415     184.9
 2013 04 20 20 34  9.124     2013 04 20 20 37 35.676     206.6
514
 2013 04 20 12 12 50.454     2013 04 20 12 14 21.277      90.8
515
 2013 04 20 12 21 17.661     2013 04 20 12 24  1.712     164.1
516
 2013 04 20 14 01  8.626     2013 04 20 14 03 57.950     169.3
 2013 04 20 20 35 55.152     2013 04 20 20 38 33.465     158.3
517
 2013 04 20 12 26 18.057     2013 04 20 12 29 24.669     186.6
 2013 04 20 19 01 35.876     2013 04 20 19 04 25.775     169.9
518
 2013 04 20 13 56 46.021     2013 04 20 13 57 40.777      54.8
 2013 04 20 22 14 55.811     2013 04 20 22 17 30.589     154.8
519
 2013 04 20 20 46 30.771     2013 04 20 20 49 41.750     191.0
520
 2013 04 20 12 18   .132     2013 04 20 12 21 12.977     192.8
 2013 04 20 22 19 25.460     2013 04 20 22 22   .960     155.5
521
 2013 04 20 00 21 47.844     2013 04 20 00 25 15.309     207.5
 2013 04 20 12 12 45.440     2013 04 20 12 15 20.048     154.6
522
 2013 04 20 12 23  7.891     2013 04 20 12 25 42.756     154.9
 2013 04 20 20 39  1.334     2013 04 20 20 41 40.365     159.0
523
 2013 04 20 12 19  2.040     2013 04 20 12 21 36.940     154.9
 2013 04 20 22 18 17.152     2013 04 20 22 21  7.813     170.7
524
525
 2013 04 20 13 59 23.690     2013 04 20 14 02   .346     156.7
 2013 04 20 22 12 21.877     2013 04 20 22 12 59.955      38.1
526
 2013 04 20 13 57 42.704     2013 04 20 14 01   .417     197.7
 2013 04 20 22 12 32.010     2013 04 20 22 15  5.216     153.2
527
528
 2013 04 20 20 40 22.891     2013 04 20 20 43 45.914     203.0
529
 2013 04 20 10 39 10.821     2013 04 20 10 42 18.790     188.0
530
 2013 04 20 12 25 17.087     2013 04 20 12 28 14.663     177.6
531
 2013 04 20 14 03 33.996     2013 04 20 14 06 33.409     179.4
 2013 04 20 18 58 43.305     2013 04 20 19 01 35.984     172.7
532
 2013 04 20 12 25  9.384     2013 04 20 12 27 44.716     155.3
533
 2013 04 20 10 45 40.574     2013 04 20 10 49  4.208     203.6
 2013 04 20 20 41 29.661     2013 04 20 20 41 43.509      13.8
534
 2013 04 20 12 19 19.740     2013 04 20 12 22 37.219     197.5
 2013 04 20 22 18  9.382     2013 04 20 22 18 12.048       2.7
535
536
 2013 04 20 00 20 15.994     2013 04 20 00 23   .000     164.0
537
 2013 04 20 22 24 37.342     2013 04 20 22 26   .637      83.3
538
 2013 04 20 14 01 54.994     2013 04 20 14 05 12.646     197.7
 2013 04 20 20 36 18.065     2013 04 20 20 39 15.177     177.1
539
 2013 04 20 20 52 20.970     2013 04 20 20 52 28.626       7.7
540
 2013 04 20 10 41 10.940     2013 04 20 10 44 36.507     205.6
541
 2013 04 20 10 42 27.772     2013 04 20 10 45 16.928     169.2
 2013 04 20 20 46 46.591     2013 04 20 20 47 22.674      36.1
542
 2013 04 20 13 53 27.767     2013 04 20 13 57 14.878     227.1
543
544
 2013 04 20 22 20 59.283     2013 04 20 22 24 37.073     217.8
545
 2013 04 20 14 03 10.369     2013 04 20 14 05 52.097     161.7
 2013 04 20 18 57 58.521     2013 04 20 19 01 15.449     196.9
546
 2013 04 20 12 19 51.881     2013 04 20 12 23 28.541     216.7
 2013 04 20 22 16  3.669     2013 04 20 22 18 15.633     132.0
547
 2013 04 20 22 16 38.349     2013 04 20 22 19 15.895     157.5
548
549
 2013 04 20 12 25 59.902     2013 04 20 12 29 24.514     204.6
 2013 04 20 19 01 42.281     2013 04 20 19 04 43.524     181.2
550
 2013 04 20 14 02  3.557     2013 04 20 14 05  8.941     185.4
 2013 04 20 15 39 32.301     2013 04 20 15 40 33.595      61.3
 2013 04 20 18 56 21.642     2013 04 20 19 00  9.007     227.4
 2013 04 20 20 34 29.116     2013 04 20 20 37 45.552     196.4
551
 2013 04 20 12 26  5.097     2013 04 20 12 28 57.874     172.8
 2013 04 20 19 00  8.348     2013 04 20 19 03  8.480     180.1
552
 2013 04 20 14 00 22.405     2013 04 20 14 03 15.584     173.2
 2013 04 20 20 35 30.327     2013 04 20 20 38 55.771     205.4
553
 2013 04 20 09 03  9.181     2013 04 20 09 06 30.073     200.9
 2013 04 20 20 49 31.873     2013 04 20 20 52  4.291     152.4
554
555
 2013 04 20 00 21 12.339     2013 04 20 00 24 10.156     177.8
 2013 04 20 12 12 25.619     2013 04 20 12 15 49.208     203.6
556
 2013 04 20 09 08 41.273     2013 04 20 09 08 44.138       2.9
 2013 04 20 20 47 26.592     2013 04 20 20 48  6.341      39.7
557
 2013 04 20 12 14 46.273     2013 04 20 12 17 42.893     176.6
558
 2013 04 20 22 11 42.381     2013 04 20 22 14 19.925     157.5
559
 2013 04 20 10 37  4.530     2013 04 20 10 37 54.096      49.6
 2013 04 20 22 23 54.922     2013 04 20 22 26 26.970     152.0
560
 2013 04 20 14 01 56.062     2013 04 20 14 05 34.003     217.9
 2013 04 20 20 36 27.602     2013 04 20 20 39 35.793     188.2
561
 2013 04 20 10 49 16.612     2013 04 20 10 52 53.773     217.2
 2013 04 20 19 03  7.808     2013 04 20 19 05 57.231     169.4
562
 2013 04 20 19 05 18.499     2013 04 20 19 05 45.821      27.3
563
 2013 04 20 14 01   .241     2013 04 20 14 03 39.466     159.2
 2013 04 20 20 35 34.837     2013 04 20 20 38 21.028     166.2
564
 2013 04 20 13 59 42.280     2013 04 20 14 02 21.139     158.9
565
566
 2013 04 20 10 45 52.908     2013 04 20 10 48 50.022     177.1
567
 2013 04 20 12 22 38.777     2013 04 20 12 25 30.705     171.9
 2013 04 20 20 38 19.626     2013 04 20 20 41 22.879     183.3
568
 2013 04 20 20 46 14.263     2013 04 20 20 48 54.862     160.6
569
 2013 04 20 12 13 21.139     2013 04 20 12 17  3.914     222.8
570
 2013 04 20 10 47 55.194     2013 04 20 10 50 52.914     177.7
 2013 04 20 19 03 39.338     2013 04 20 19 07   .384     201.0
571
 2013 04 20 22 14 57.918     2013 04 20 22 16 53.922     116.0
572
 2013 04 20 15 36 16.130     2013 04 20 15 39 57.721     221.6
 2013 04 20 22 11   .762     2013 04 20 22 14  1.321     180.6
573
 2013 04 20 14 02 47.707     2013 04 20 14 05 28.567     160.9
 2013 04 20 18 57 31.297     2013 04 20 19 01 19.406     228.1
 2013 04 20 20 35 18.851     2013 04 20 20 36 33.257      74.4
574
575
 2013 04 20 14 02 43.475     2013 04 20 14 05 20.145     156.7
 2013 04 20 18 57 10.988     2013 04 20 19 00 49.599     218.6
 2013 04 20 20 34 55.243     2013 04 20 20 38 42.398     227.2
576
 2013 04 20 09 05 53.240     2013 04 20 09 06 31.143      37.9
 2013 04 20 20 49 17.014     2013 04 20 20 51 50.619     153.6
577
 2013 04 20 13 57  9.247     2013 04 20 13 59 49.179     159.9
 2013 04 20 22 13  3.615     2013 04 20 22 16  7.517     183.9
578
 2013 04 20 10 43 19.248     2013 04 20 10 45 57.221     158.0
 2013 04 20 20 43 54.894     2013 04 20 20 46 46.267     171.4
579
 2013 04 20 20 46 47.327     2013 04 20 20 49 39.484     172.2
580
 2013 04 20 20 41 26.933     2013 04 20 20 44  2.443     155.5
581
582
 2013 04 20 00 19 17.561     2013 04 20 00 21 58.471     160.9
583
 2013 04 20 14 03 58.540     2013 04 20 14 07 17.847     199.3
 2013 04 20 18 59 20.969     2013 04 20 19 01 57.277     156.3
584
 2013 04 20 12 23 58.551     2013 04 20 12 24 46.538      48.0
 2013 04 20 20 37 12.430     2013 04 20 20 40 23.257     190.8
585
 2013 04 20 13 57  6.391     2013 04 20 13 59 51.922     165.5
 2013 04 20 22 13 53.757     2013 04 20 22 16 48.092     174.3
586
 2013 04 20 00 19 32.647     2013 04 20 00 22  6.083     153.4
587
588
 2013 04 20 12 25 49.625     2013 04 20 12 29 19.231     209.6
 2013 04 20 18 59 43.235     2013 04 20 19 02 36.016     172.8
589
590
 2013 04 20 12 21 14.560     2013 04 20 12 24 39.434     204.9
591
 2013 04 20 09 06 21.242     2013 04 20 09 06 25.328       4.1
 2013 04 20 20 49 12.315     2013 04 20 20 51 54.232     161.9
592
 2013 04 20 13 55 40.181     2013 04 20 13 58 21.332     161.2
593
 2013 04 20 00 19 52.913     2013 04 20 00 22 28.110     155.2
594
 2013 04 20 00 16 11.995     2013 04 20 00 19 45.848     213.9
 2013 04 20 13 53 16.169     2013 04 20 13 56 24.782     188.6
595
 2013 04 20 09 05  2.276     2013 04 20 09 08 44.021     221.7
596
 2013 04 20 13 56 25.252     2013 04 20 13 59 13.380     168.1
 2013 04 20 22 16 21.691     2013 04 20 22 16 34.028      12.3
597
 2013 04 20 13 56 51.793     2013 04 20 14 00 40.703     228.9
 2013 04 20 22 14 49.857     2013 04 20 22 17 24.731     154.9
598
 2013 04 20 13 54 21.975     2013 04 20 13 57 35.524     193.5
599
 2013 04 20 12 27 14.432     2013 04 20 12 30 34.946     200.5
 2013 04 20 19 01 56.205     2013 04 20 19 04 42.322     166.1
600
 2013 04 20 10 40   .385     2013 04 20 10 43 32.936     212.6
601
 2013 04 20 10 45 44.077     2013 04 20 10 48 20.799     156.7
 2013 04 20 20 42 22.013     2013 04 20 20 42 25.848       3.8
602
 2013 04 20 10 37 28.694     2013 04 20 10 41  7.771     219.1
 2013 04 20 22 23 49.075     2013 04 20 22 26 19.842     150.8
603
 2013 04 20 20 42 14.422     2013 04 20 20 44 47.679     153.3
604
 2013 04 20 14 01 59.266     2013 04 20 14 04 37.873     158.6
 2013 04 20 20 35 11.260     2013 04 20 20 38  2.137     170.9
605
606
 2013 04 20 00 17  8.262     2013 04 20 00 19 48.383     160.1
 2013 04 20 13 52 16.470     2013 04 20 13 55 34.702     198.2
607
608
 2013 04 20 19 02 57.175     2013 04 20 19 05 30.765     153.6
609
 2013 04 20 12 27 12.756     2013 04 20 12 29 59.402     166.6
 2013 04 20 19 00 33.298     2013 04 20 19 03 14.175     160.9
610
 2013 04 20 00 19 37.870     2013 04 20 00 19 58.350      20.5
 2013 04 20 12 17 16.284     2013 04 20 12 17 24.207       7.9
611
 2013 04 20 12 25 39.297     2013 04 20 12 28 14.741     155.4
 2013 04 20 19 00 10.966     2013 04 20 19 00 13.853       2.9
612
613
614
 2013 04 20 00 19 33.187     2013 04 20 00 22  3.505     150.3
615
 2013 04 20 09 03 31.241     2013 04 20 09 06 42.293     191.1
 2013 04 20 20 49 24.557     2013 04 20 20 52  8.002     163.4
616
 2013 04 20 13 55 50.484     2013 04 20 13 58 28.510     158.0
617
 2013 04 20 22 20 27.168     2013 04 20 22 24  3.909     216.7
618
 2013 04 20 10 43  9.664     2013 04 20 10 45 56.824     167.2
 2013 04 20 20 43 38.484     2013 04 20 20 46 40.990     182.5
619
 2013 04 20 12 23 44.091     2013 04 20 12 26 19.284     155.2
 2013 04 20 20 39   .685     2013 04 20 20 41 37.168     156.5
620
 2013 04 20 13 56 20.465     2013 04 20 13 58 56.253     155.8
621
622
 2013 04 20 12 24 38.520     2013 04 20 12 24 55.812      17.3
623
 2013 04 20 22 20 15.634     2013 04 20 22 22 56.896     161.3
624
 2013 04 20 20 40   .128     2013 04 20 20 41 25.839      85.7
625
 2013 04 20 10 45  8.654     2013 04 20 10 48 28.889     200.2
626
 2013 04 20 20 43 49.762     2013 04 20 20 44 55.099      65.3
627
 2013 04 20 22 16 24.313     2013 04 20 22 19 34.674     190.4
628
 2013 04 20 14 00 35.930     2013 04 20 14 03 47.468     191.5
 2013 04 20 20 36  2.494     2013 04 20 20 39   .756     178.3
629
 2013 04 20 10 51 53.254     2013 04 20 10 52 42.074      48.8
 2013 04 20 19 03  5.763     2013 04 20 19 05 40.257     154.5
630
 2013 04 20 12 16 50.701     2013 04 20 12 19 36.138     165.4
 2013 04 20 22 19 10.064     2013 04 20 22 22 36.413     206.3
631
 2013 04 20 14 02 25.978     2013 04 20 14 03 18.783      52.8
 2013 04 20 19 02 32.341     2013 04 20 19 02 33.523       1.2
 2013 04 20 20 36 16.419     2013 04 20 20 36 23.659       7.2
632
 2013 04 20 10 40 49.479     2013 04 20 10 44  4.026     194.5
633
634
 2013 04 20 00 20 13.274     2013 04 20 00 23 37.084     203.8
635
 2013 04 20 10 42 42.874     2013 04 20 10 43  1.880      19.0
 2013 04 20 20 45 41.247     2013 04 20 20 48 14.413     153.2
636
 2013 04 20 10 46 44.794     2013 04 20 10 49 32.406     167.6
637
638
 2013 04 20 12 27 37.070     2013 04 20 12 30 17.118     160.0
 2013 04 20 19 01 13.133     2013 04 20 19 04  6.360     173.2
639
 2013 04 20 10 40 50.882     2013 04 20 10 43 25.133     154.3
640
 2013 04 20 12 26  4.056     2013 04 20 12 28 42.378     158.3
 2013 04 20 19 00 45.383     2013 04 20 19 04  3.893     198.5
641
 2013 04 20 12 16 23.119     2013 04 20 12 20  6.660     223.5
 2013 04 20 22 20  7.119     2013 04 20 22 23  6.016     178.9
642
 2013 04 20 10 39  1.038     2013 04 20 10 41 34.288     153.2
 2013 04 20 22 23 36.072     2013 04 20 22 23 42.687       6.6
643
 2013 04 20 10 42 29.523     2013 04 20 10 45 40.594     191.1
 2013 04 20 20 45 57.622     2013 04 20 20 46 56.063      58.4
644
 2013 04 20 12 26 22.098     2013 04 20 12 29 14.939     172.8
 2013 04 20 19 00 18.560     2013 04 20 19 03  2.515     164.0
645
 2013 04 20 12 16  3.429     2013 04 20 12 17 54.158     110.7
 2013 04 20 22 20  8.272     2013 04 20 22 23 24.882     196.6
646
 2013 04 20 12 22 44.895     2013 04 20 12 25 55.157     190.3
 2013 04 20 20 39 54.838     2013 04 20 20 42 31.249     156.4
647
 2013 04 20 14 01  9.320     2013 04 20 14 01 26.091      16.8
 2013 04 20 20 36 56.452     2013 04 20 20 39 33.861     157.4
648
 2013 04 20 13 59 33.758     2013 04 20 13 59 48.170      14.4
 2013 04 20 20 36  7.987     2013 04 20 20 36 30.705      22.7
649
 2013 04 20 20 45 41.096     2013 04 20 20 49  7.175     206.1
650
 2013 04 20 22 15 21.237     2013 04 20 22 18 46.116     204.9
651
 2013 04 20 10 40 16.430     2013 04 20 10 42 50.788     154.4
652
 2013 04 20 14 01  9.874     2013 04 20 14 03 49.706     159.8
 2013 04 20 20 35 40.683     2013 04 20 20 38 20.030     159.3
653
 2013 04 20 22 16 31.076     2013 04 20 22 19 23.390     172.3
654
 2013 04 20 12 26 24.497     2013 04 20 12 29  3.229     158.7
 2013 04 20 19 00 34.603     2013 04 20 19 03 24.565     170.0
655
 2013 04 20 12 20 53.803     2013 04 20 12 23 36.072     162.3
656
 2013 04 20 10 43 26.197     2013 04 20 10 46 25.609     179.4
 2013 04 20 20 44 54.647     2013 04 20 20 47 25.476     150.8
657
658
 2013 04 20 20 47  6.305     2013 04 20 20 49 42.235     155.9
659
 2013 04 20 00 16 11.644     2013 04 20 00 19 13.461     181.8
 2013 04 20 13 53 13.133     2013 04 20 13 55 57.369     164.2
660
661
 2013 04 20 15 35   .094     2013 04 20 15 35 23.530      23.4
 2013 04 20 22 11 16.769     2013 04 20 22 13 57.575     160.8
662
 2013 04 20 12 22 35.957     2013 04 20 12 25 16.152     160.2
 2013 04 20 20 38 32.896     2013 04 20 20 41 43.305     190.4
663
 2013 04 20 22 23 15.781     2013 04 20 22 25 46.060     150.3
664
 2013 04 20 10 41 16.522     2013 04 20 10 44 40.853     204.3
665
 2013 04 20 20 48  5.393     2013 04 20 20 51 41.133     215.7
666
 2013 04 20 22 15  2.387     2013 04 20 22 18 29.401     207.0
667
 2013 04 20 12 20 49.837     2013 04 20 12 23 24.446     154.6
668
 2013 04 20 13 53 21.570     2013 04 20 13 54 14.624      53.1
669
 2013 04 20 22 14 22.357     2013 04 20 22 14 56.222      33.9
670
 2013 04 20 15 36 15.496     2013 04 20 15 38 56.956     161.5
 2013 04 20 22 10 16.198     2013 04 20 22 12 55.797     159.6
671
 2013 04 20 10 44 27.354     2013 04 20 10 47 30.021     182.7
 2013 04 20 20 44  9.090     2013 04 20 20 47 25.482     196.4
672
 2013 04 20 14 02  2.676     2013 04 20 14 04 56.805     174.1
 2013 04 20 19 00 11.150     2013 04 20 19 00 24.221      13.1
 2013 04 20 20 34 43.542     2013 04 20 20 37 49.781     186.2
673
 2013 04 20 10 47 27.523     2013 04 20 10 47 40.429      12.9
 2013 04 20 20 42 29.843     2013 04 20 20 45  5.467     155.6
674
 2013 04 20 10 47 19.723     2013 04 20 10 50  8.988     169.3
675
 2013 04 20 10 40 35.307     2013 04 20 10 43 30.608     175.3
676
 2013 04 20 12 22 46.335     2013 04 20 12 26  3.313     197.0
 2013 04 20 20 38  2.880     2013 04 20 20 40 49.734     166.9
677
 2013 04 20 22 16  8.633     2013 04 20 22 18 46.203     157.6
678
 2013 04 20 12 24 13.117     2013 04 20 12 27 23.408     190.3
 2013 04 20 20 39 10.091     2013 04 20 20 42 44.666     214.6
679
 2013 04 20 10 37 49.737     2013 04 20 10 40 43.194     173.5
 2013 04 20 22 24 18.253     2013 04 20 22 26 55.987     157.7
680
 2013 04 20 12 26 46.268     2013 04 20 12 30 27.691     221.4
 2013 04 20 14 04 38.269     2013 04 20 14 08 12.954     214.7
 2013 04 20 18 59 47.001     2013 04 20 19 02 32.991     166.0
681
 2013 04 20 00 20  6.108     2013 04 20 00 23 44.134     218.0
682
 2013 04 20 19 02  4.790     2013 04 20 19 05 20.392     195.6
683
 2013 04 20 10 45 33.474     2013 04 20 10 48 17.010     163.5
684
 2013 04 20 00 18 55.824     2013 04 20 00 21 56.500     180.7
685
 2013 04 20 12 26 31.532     2013 04 20 12 30 19.137     227.6
 2013 04 20 14 04 26.060     2013 04 20 14 08  1.192     215.1
 2013 04 20 18 59 45.325     2013 04 20 19 02 24.088     158.8
686
 2013 04 20 12 22 48.489     2013 04 20 12 25 24.889     156.4
 2013 04 20 20 39  9.393     2013 04 20 20 42  1.444     172.1
687
 2013 04 20 00 21 51.984     2013 04 20 00 24 31.081     159.1
 2013 04 20 12 12  2.414     2013 04 20 12 15  6.082     183.7
688
 2013 04 20 10 46  2.669     2013 04 20 10 49 25.696     203.0
689
 2013 04 20 14 02 14.176     2013 04 20 14 04 53.217     159.0
 2013 04 20 20 35 35.165     2013 04 20 20 38 38.165     183.0
690
 2013 04 20 00 19   .230     2013 04 20 00 21 35.392     155.2
691
 2013 04 20 15 36 49.040     2013 04 20 15 40 16.818     207.8
 2013 04 20 22 10 36.944     2013 04 20 22 14 14.814     217.9
692
 2013 04 20 10 43 17.943     2013 04 20 10 45 51.632     153.7
 2013 04 20 20 44 15.666     2013 04 20 20 47  2.720     167.1
693
 2013 04 20 00 18 40.196     2013 04 20 00 21 23.376     163.2
694
695
696
 2013 04 20 10 46 42.522     2013 04 20 10 49 46.864     184.3
697
 2013 04 20 12 22 40.013     2013 04 20 12 25 42.428     182.4
 2013 04 20 20 39 47.040     2013 04 20 20 42 29.543     162.5
698
 2013 04 20 12 26 12.370     2013 04 20 12 29 14.345     182.0
 2013 04 20 19 00  7.737     2013 04 20 19 02 54.899     167.2
699
 2013 04 20 13 59 30.560     2013 04 20 14 03  3.842     213.3
