0 16.1689 86.2923 9 27 5
2  45.0 45.0 0.00
1 45.8322 94.1053 5 26 6
2  45.0 45.0 0.00
2 5.6558 124.3739 2 21 9
2  45.0 45.0 0.00
3 45.8134 120.6990 3 19 7
2  45.0 45.0 0.00
4 19.4934 88.2765 6 25 8
2  45.0 45.0 0.00
5 13.3550 89.5551 9 25 9
2  45.0 45.0 0.00
6 37.6506 99.6468 6 22 5
2  45.0 45.0 0.00
7 19.9510 96.4220 2 27 7
2  45.0 45.0 0.00
8 40.0422 77.6905 1 20 8
2  45.0 45.0 0.00
9 5.8340 128.0075 4 28 7
2  45.0 45.0 0.00
10 7.8486 77.1337 2 22 6
2  45.0 45.0 0.00
11 3.4386 105.5283 6 17 5
2  45.0 45.0 0.00
12 32.0363 111.9953 3 27 9
2  45.0 45.0 0.00
13 33.4501 92.7730 5 18 9
2  45.0 45.0 0.00
14 26.2951 131.5487 10 25 6
2  45.0 45.0 0.00
15 15.5847 125.3558 9 15 6
2  45.0 45.0 0.00
16 17.5154 95.4694 8 16 9
2  45.0 45.0 0.00
17 34.2058 129.6168 5 18 8
2  45.0 45.0 0.00
18 42.8441 84.7630 2 24 6
2  45.0 45.0 0.00
19 7.5461 89.1338 5 22 5
2  45.0 45.0 0.00
20 39.3565 115.5153 8 16 8
2  45.0 45.0 0.00
21 9.0581 93.6894 7 17 7
2  45.0 45.0 0.00
22 9.8088 101.6358 3 28 6
2  45.0 45.0 0.00
23 13.3117 105.4518 10 29 7
2  45.0 45.0 0.00
24 36.2694 80.3081 9 22 8
2  45.0 45.0 0.00
25 16.4926 92.1917 2 21 9
2  45.0 45.0 0.00
26 52.1399 93.8066 8 28 7
2  45.0 45.0 0.00
27 32.0859 89.4717 1 21 5
2  45.0 45.0 0.00
28 16.9646 120.2441 4 25 7
2  45.0 45.0 0.00
29 18.9809 90.0658 1 19 6
2  45.0 45.0 0.00
30 30.5029 90.2785 3 16 6
2  45.0 45.0 0.00
31 33.2665 84.6097 1 21 7
2  45.0 45.0 0.00
32 43.0650 129.1161 5 19 8
2  45.0 45.0 0.00
33 42.4700 108.6121 3 20 6
2  45.0 45.0 0.00
34 49.5853 78.5170 4 27 5
2  45.0 45.0 0.00
35 46.8994 97.4098 6 16 8
2  45.0 45.0 0.00
36 52.2711 75.3223 9 15 7
2  45.0 45.0 0.00
37 37.7411 86.8609 2 22 7
2  45.0 45.0 0.00
38 22.4111 122.1587 5 28 8
2  45.0 45.0 0.00
39 20.2012 102.7158 6 29 5
2  45.0 45.0 0.00
40 39.3042 128.4505 3 29 9
2  45.0 45.0 0.00
41 25.9055 100.2629 4 15 9
2  45.0 45.0 0.00
42 12.9250 80.0297 2 27 8
2  45.0 45.0 0.00
43 41.1297 125.4360 5 25 7
2  45.0 45.0 0.00
44 30.9192 77.9012 6 28 9
2  45.0 45.0 0.00
45 8.6197 83.0458 10 16 7
2  45.0 45.0 0.00
46 22.1362 99.9643 2 28 6
2  45.0 45.0 0.00
47 6.0624 77.2627 1 16 6
2  45.0 45.0 0.00
48 15.0221 85.0205 8 25 6
2  45.0 45.0 0.00
49 16.5531 132.2976 3 18 6
2  45.0 45.0 0.00
50 26.5045 120.5931 8 20 7
2  45.0 45.0 0.00
51 35.2199 75.9607 7 16 9
2  45.0 45.0 0.00
52 17.5340 94.4163 3 22 8
2  45.0 45.0 0.00
53 40.4547 85.4819 9 21 8
2  45.0 45.0 0.00
54 37.5775 119.5748 4 21 9
2  45.0 45.0 0.00
55 20.9021 97.7048 4 23 8
2  45.0 45.0 0.00
56 9.2051 130.0704 8 26 9
2  45.0 45.0 0.00
57 32.4753 76.8613 8 19 8
2  45.0 45.0 0.00
58 3.5951 130.6547 5 16 5
2  45.0 45.0 0.00
59 47.1751 116.8650 5 15 7
2  45.0 45.0 0.00
60 6.1515 106.0195 6 23 9
2  45.0 45.0 0.00
61 37.6922 93.3397 1 23 6
2  45.0 45.0 0.00
62 14.6325 101.3192 4 22 6
2  45.0 45.0 0.00
63 19.9753 107.1936 2 25 9
2  45.0 45.0 0.00
64 37.2369 126.3626 3 25 5
2  45.0 45.0 0.00
65 39.5319 111.7511 4 21 7
2  45.0 45.0 0.00
66 34.3479 96.8659 5 16 5
2  45.0 45.0 0.00
67 31.6888 94.1881 7 27 8
2  45.0 45.0 0.00
68 15.5255 104.4770 1 15 7
2  45.0 45.0 0.00
69 29.9958 100.0500 3 28 9
2  45.0 45.0 0.00
70 18.6805 76.7298 1 16 6
2  45.0 45.0 0.00
71 11.6827 122.9587 9 21 7
2  45.0 45.0 0.00
72 5.3996 127.1628 4 16 9
2  45.0 45.0 0.00
73 44.7442 96.2120 7 21 7
2  45.0 45.0 0.00
74 52.3185 116.7241 6 29 9
2  45.0 45.0 0.00
75 11.0061 122.4945 10 19 9
2  45.0 45.0 0.00
76 16.9902 118.4474 9 22 6
2  45.0 45.0 0.00
77 31.2397 92.4331 2 27 6
2  45.0 45.0 0.00
78 40.0566 128.6599 5 18 6
2  45.0 45.0 0.00
79 20.3899 96.6283 10 18 8
2  45.0 45.0 0.00
80 10.6525 74.9461 4 19 6
2  45.0 45.0 0.00
81 32.2437 80.4432 2 17 6
2  45.0 45.0 0.00
82 20.4373 104.2318 7 21 8
2  45.0 45.0 0.00
83 17.5268 95.7156 1 27 8
2  45.0 45.0 0.00
84 28.5500 107.6956 2 17 5
2  45.0 45.0 0.00
85 5.9353 101.8517 8 23 9
2  45.0 45.0 0.00
86 41.3158 106.7103 7 23 7
2  45.0 45.0 0.00
87 15.3684 99.9281 7 17 6
2  45.0 45.0 0.00
88 25.0370 83.0854 6 22 8
2  45.0 45.0 0.00
89 14.0300 100.7059 2 22 6
2  45.0 45.0 0.00
90 51.4602 107.5027 7 24 7
2  45.0 45.0 0.00
91 31.7395 125.9247 9 18 7
2  45.0 45.0 0.00
92 8.2006 107.6718 1 18 8
2  45.0 45.0 0.00
93 42.3453 128.5730 9 28 5
2  45.0 45.0 0.00
94 45.0867 87.0783 9 24 5
2  45.0 45.0 0.00
95 20.1455 77.8572 7 23 9
2  45.0 45.0 0.00
96 32.8470 73.8148 6 18 6
2  45.0 45.0 0.00
97 12.5636 130.6595 7 29 8
2  45.0 45.0 0.00
98 21.2645 86.8766 1 23 5
2  45.0 45.0 0.00
99 46.1438 130.3815 5 27 8
2  45.0 45.0 0.00
100 17.7192 107.6391 4 20 7
2  45.0 45.0 0.00
101 39.7282 130.4696 9 22 9
2  45.0 45.0 0.00
102 27.6918 93.1747 6 18 5
2  45.0 45.0 0.00
103 7.5216 94.8706 5 29 5
2  45.0 45.0 0.00
104 44.2958 128.6038 8 17 5
2  45.0 45.0 0.00
105 33.5228 113.7987 5 22 8
2  45.0 45.0 0.00
106 22.3276 89.6516 9 27 7
2  45.0 45.0 0.00
107 3.9812 113.0350 3 25 7
2  45.0 45.0 0.00
108 14.6723 101.0838 10 16 5
2  45.0 45.0 0.00
109 4.4522 130.9012 6 23 8
2  45.0 45.0 0.00
110 27.9183 73.3122 4 26 5
2  45.0 45.0 0.00
111 21.3827 97.4326 6 19 5
2  45.0 45.0 0.00
112 5.7293 102.4209 3 27 5
2  45.0 45.0 0.00
113 13.8154 102.8641 2 25 8
2  45.0 45.0 0.00
114 24.1591 113.3367 5 22 5
2  45.0 45.0 0.00
115 20.8926 123.3905 5 29 7
2  45.0 45.0 0.00
116 35.2718 81.6606 5 26 6
2  45.0 45.0 0.00
117 22.0675 104.1862 4 27 5
2  45.0 45.0 0.00
118 33.6207 94.4211 10 24 5
2  45.0 45.0 0.00
119 40.1548 110.9657 9 29 5
2  45.0 45.0 0.00
120 29.5655 90.8243 4 26 6
2  45.0 45.0 0.00
121 44.3044 101.3723 10 24 7
2  45.0 45.0 0.00
122 29.3906 98.6342 2 27 8
2  45.0 45.0 0.00
123 48.5122 116.0649 6 23 8
2  45.0 45.0 0.00
124 37.8269 112.6369 8 23 9
2  45.0 45.0 0.00
125 6.3082 76.2844 9 20 6
2  45.0 45.0 0.00
126 39.2545 123.7718 8 28 5
2  45.0 45.0 0.00
127 20.4183 94.1109 9 22 6
2  45.0 45.0 0.00
128 48.4239 126.6419 5 19 9
2  45.0 45.0 0.00
129 12.2588 102.5122 4 29 8
2  45.0 45.0 0.00
130 4.2674 78.7139 10 18 6
2  45.0 45.0 0.00
131 46.5348 115.0235 7 29 7
2  45.0 45.0 0.00
132 41.5673 80.6841 9 20 8
2  45.0 45.0 0.00
133 37.0808 102.9848 5 26 8
2  45.0 45.0 0.00
134 30.9198 85.2874 3 17 6
2  45.0 45.0 0.00
135 43.1254 94.1441 9 25 7
2  45.0 45.0 0.00
136 31.7147 78.6710 7 26 6
2  45.0 45.0 0.00
137 34.4930 110.4882 8 24 6
2  45.0 45.0 0.00
138 35.3987 96.6561 1 16 7
2  45.0 45.0 0.00
139 42.0205 105.4750 8 22 7
2  45.0 45.0 0.00
140 37.2715 114.8258 7 17 6
2  45.0 45.0 0.00
141 44.0279 128.1275 4 29 7
2  45.0 45.0 0.00
142 28.9147 73.3474 9 22 8
2  45.0 45.0 0.00
143 36.8415 96.0960 3 15 5
2  45.0 45.0 0.00
144 5.8406 125.1061 9 21 8
2  45.0 45.0 0.00
145 11.2064 80.7189 6 25 7
2  45.0 45.0 0.00
146 16.0628 123.6224 1 18 8
2  45.0 45.0 0.00
147 46.8598 127.3322 10 20 9
2  45.0 45.0 0.00
148 38.5533 113.8455 9 17 7
2  45.0 45.0 0.00
149 35.1093 126.4708 5 19 5
2  45.0 45.0 0.00
150 22.7739 103.7565 1 21 8
2  45.0 45.0 0.00
151 43.8497 90.6719 7 21 8
2  45.0 45.0 0.00
152 37.5955 86.9760 3 20 6
2  45.0 45.0 0.00
153 36.7294 119.1501 7 26 9
2  45.0 45.0 0.00
154 41.5646 73.3583 5 16 6
2  45.0 45.0 0.00
155 21.8027 114.1288 2 28 6
2  45.0 45.0 0.00
156 16.6474 124.1003 10 22 7
2  45.0 45.0 0.00
157 40.4324 98.8293 7 23 5
2  45.0 45.0 0.00
158 32.1333 101.3457 2 24 8
2  45.0 45.0 0.00
159 26.9066 90.4303 2 27 9
2  45.0 45.0 0.00
160 46.6508 81.6271 9 21 8
2  45.0 45.0 0.00
161 22.4753 98.0610 3 18 7
2  45.0 45.0 0.00
162 9.5757 97.5107 3 17 9
2  45.0 45.0 0.00
163 45.0119 117.4863 10 28 8
2  45.0 45.0 0.00
164 15.2049 83.5774 9 24 8
2  45.0 45.0 0.00
165 17.9432 97.0998 9 20 5
2  45.0 45.0 0.00
166 7.2775 126.0081 7 29 7
2  45.0 45.0 0.00
167 9.4581 98.2987 1 25 6
2  45.0 45.0 0.00
168 19.5482 86.7560 3 15 9
2  45.0 45.0 0.00
169 11.7076 90.8865 1 26 8
2  45.0 45.0 0.00
170 39.8348 97.4391 4 16 5
2  45.0 45.0 0.00
171 37.8363 103.6055 6 25 9
2  45.0 45.0 0.00
172 52.3921 74.8108 10 17 9
2  45.0 45.0 0.00
173 15.4023 98.4780 2 26 8
2  45.0 45.0 0.00
174 23.9296 74.5169 9 24 7
2  45.0 45.0 0.00
175 3.7416 80.4387 6 26 8
2  45.0 45.0 0.00
176 3.0378 110.4807 7 24 8
2  45.0 45.0 0.00
177 36.9115 120.4277 9 29 9
2  45.0 45.0 0.00
178 33.9535 115.2006 4 26 6
2  45.0 45.0 0.00
179 18.0392 75.9078 3 17 8
2  45.0 45.0 0.00
180 40.4760 106.6052 8 15 9
2  45.0 45.0 0.00
181 38.5707 118.3459 10 24 7
2  45.0 45.0 0.00
182 31.6374 116.4499 6 15 6
2  45.0 45.0 0.00
183 21.1582 96.8050 10 22 5
2  45.0 45.0 0.00
184 25.8792 101.6284 6 28 6
2  45.0 45.0 0.00
185 38.7625 87.8866 3 20 5
2  45.0 45.0 0.00
186 51.3185 132.2318 3 16 9
2  45.0 45.0 0.00
187 25.0335 109.0416 10 25 8
2  45.0 45.0 0.00
188 49.1232 80.4418 2 21 6
2  45.0 45.0 0.00
189 47.7452 114.5834 9 22 6
2  45.0 45.0 0.00
190 48.2016 105.2048 10 16 5
2  45.0 45.0 0.00
191 16.6190 113.7981 3 24 8
2  45.0 45.0 0.00
192 26.1652 94.5565 3 23 6
2  45.0 45.0 0.00
193 32.2776 109.3372 6 15 6
2  45.0 45.0 0.00
194 41.1235 114.5925 6 26 9
2  45.0 45.0 0.00
195 19.6777 74.8742 6 23 7
2  45.0 45.0 0.00
196 4.1096 117.8631 4 16 6
2  45.0 45.0 0.00
197 24.4811 125.6559 4 29 8
2  45.0 45.0 0.00
198 41.0351 130.1272 7 29 7
2  45.0 45.0 0.00
199 31.1595 108.3750 8 17 8
2  45.0 45.0 0.00
200 17.4642 111.1074 3 17 8
2  45.0 45.0 0.00
201 13.5412 118.6824 2 18 7
2  45.0 45.0 0.00
202 15.0571 78.6517 10 16 7
2  45.0 45.0 0.00
203 38.7793 87.5222 2 20 9
2  45.0 45.0 0.00
204 38.3977 112.1379 2 21 8
2  45.0 45.0 0.00
205 43.5175 115.8661 8 18 5
2  45.0 45.0 0.00
206 40.1985 124.1750 1 28 6
2  45.0 45.0 0.00
207 22.3535 109.6854 1 20 5
2  45.0 45.0 0.00
208 36.4124 110.0953 2 20 8
2  45.0 45.0 0.00
209 36.3253 125.4468 4 23 6
2  45.0 45.0 0.00
210 19.0576 88.3418 10 18 7
2  45.0 45.0 0.00
211 34.8493 86.8877 6 21 9
2  45.0 45.0 0.00
212 27.8195 103.2908 4 16 7
2  45.0 45.0 0.00
213 22.4113 85.3344 3 25 6
2  45.0 45.0 0.00
214 8.2081 125.1344 9 19 9
2  45.0 45.0 0.00
215 7.4849 90.0707 5 25 6
2  45.0 45.0 0.00
216 49.8118 82.0132 2 28 5
2  45.0 45.0 0.00
217 27.4137 109.7320 7 20 9
2  45.0 45.0 0.00
218 10.7805 84.9351 4 21 8
2  45.0 45.0 0.00
219 11.1701 102.7322 7 26 7
2  45.0 45.0 0.00
220 26.0467 81.8430 1 17 7
2  45.0 45.0 0.00
221 25.6123 130.2050 9 21 5
2  45.0 45.0 0.00
222 20.6238 104.0528 5 16 9
2  45.0 45.0 0.00
223 20.3084 107.3122 5 29 9
2  45.0 45.0 0.00
224 41.8013 123.7921 8 28 5
2  45.0 45.0 0.00
225 48.2622 100.9266 7 24 5
2  45.0 45.0 0.00
226 32.7081 102.1454 4 18 6
2  45.0 45.0 0.00
227 42.4427 131.7780 7 21 6
2  45.0 45.0 0.00
228 29.7428 84.3963 3 19 7
2  45.0 45.0 0.00
229 34.9031 79.6624 1 23 6
2  45.0 45.0 0.00
230 32.5766 103.6842 3 28 8
2  45.0 45.0 0.00
231 33.7199 88.6355 3 17 9
2  45.0 45.0 0.00
232 52.3402 92.4484 10 18 8
2  45.0 45.0 0.00
233 46.3359 89.3695 9 26 6
2  45.0 45.0 0.00
234 21.3268 82.2525 7 26 8
2  45.0 45.0 0.00
235 32.3044 104.0656 2 22 9
2  45.0 45.0 0.00
236 42.7102 128.4229 1 20 9
2  45.0 45.0 0.00
237 7.1379 106.6412 8 22 5
2  45.0 45.0 0.00
238 29.4131 122.1239 1 23 6
2  45.0 45.0 0.00
239 13.5358 130.8020 3 24 7
2  45.0 45.0 0.00
240 21.2619 93.2112 2 19 8
2  45.0 45.0 0.00
241 24.8662 119.3186 10 19 7
2  45.0 45.0 0.00
242 7.8319 120.5259 7 17 9
2  45.0 45.0 0.00
243 6.1544 129.7299 2 19 9
2  45.0 45.0 0.00
244 18.3016 118.9010 8 25 5
2  45.0 45.0 0.00
245 30.3902 108.9546 2 22 6
2  45.0 45.0 0.00
246 34.1360 125.9995 10 28 9
2  45.0 45.0 0.00
247 25.8675 108.8032 7 26 5
2  45.0 45.0 0.00
248 18.5391 88.9717 4 29 7
2  45.0 45.0 0.00
249 39.8082 111.1630 10 25 5
2  45.0 45.0 0.00
250 16.2610 112.3536 2 25 9
2  45.0 45.0 0.00
251 33.0111 111.4869 9 17 7
2  45.0 45.0 0.00
252 44.9040 90.3172 4 28 7
2  45.0 45.0 0.00
253 13.6657 127.8655 1 20 5
2  45.0 45.0 0.00
254 26.3184 84.0387 8 19 8
2  45.0 45.0 0.00
255 4.9918 120.8016 5 18 6
2  45.0 45.0 0.00
256 48.5877 126.5449 4 21 5
2  45.0 45.0 0.00
257 51.3413 84.9306 8 15 9
2  45.0 45.0 0.00
258 43.7951 100.1113 1 18 8
2  45.0 45.0 0.00
259 4.1081 93.7591 5 21 7
2  45.0 45.0 0.00
260 44.0869 89.0103 8 22 6
2  45.0 45.0 0.00
261 7.0620 94.4476 8 15 7
2  45.0 45.0 0.00
262 43.1764 95.5599 9 28 5
2  45.0 45.0 0.00
263 50.2833 125.0141 5 26 9
2  45.0 45.0 0.00
264 3.7235 125.9712 1 21 5
2  45.0 45.0 0.00
265 3.7257 129.0598 10 24 5
2  45.0 45.0 0.00
266 37.6926 95.8692 5 27 7
2  45.0 45.0 0.00
267 35.2458 96.0640 6 16 7
2  45.0 45.0 0.00
268 33.4683 82.4352 7 24 5
2  45.0 45.0 0.00
269 24.9952 106.1893 3 16 5
2  45.0 45.0 0.00
270 10.7630 109.4107 6 23 6
2  45.0 45.0 0.00
271 49.9443 124.1429 8 20 7
2  45.0 45.0 0.00
272 10.3456 115.3488 8 28 5
2  45.0 45.0 0.00
273 24.1187 103.8643 2 20 7
2  45.0 45.0 0.00
274 31.0633 119.1847 9 19 5
2  45.0 45.0 0.00
275 45.8608 88.8065 5 19 9
2  45.0 45.0 0.00
276 26.0680 122.6477 5 21 8
2  45.0 45.0 0.00
277 7.3503 120.8142 3 22 9
2  45.0 45.0 0.00
278 42.6267 74.5661 7 25 8
2  45.0 45.0 0.00
279 48.1776 90.3741 5 24 5
2  45.0 45.0 0.00
280 49.2749 83.6780 9 22 6
2  45.0 45.0 0.00
281 22.2757 92.3159 10 20 9
2  45.0 45.0 0.00
282 36.7722 107.4278 9 21 9
2  45.0 45.0 0.00
283 18.9725 88.0273 3 18 8
2  45.0 45.0 0.00
284 34.2736 132.8434 1 23 9
2  45.0 45.0 0.00
285 29.7582 77.5581 1 23 8
2  45.0 45.0 0.00
286 31.3824 111.6648 6 19 5
2  45.0 45.0 0.00
287 17.1696 91.9616 6 15 8
2  45.0 45.0 0.00
288 41.2538 97.2218 9 24 9
2  45.0 45.0 0.00
289 13.9368 107.3165 10 26 7
2  45.0 45.0 0.00
290 35.6549 77.3482 2 28 9
2  45.0 45.0 0.00
291 49.4055 110.0866 2 22 6
2  45.0 45.0 0.00
292 18.4773 119.7349 5 25 6
2  45.0 45.0 0.00
293 4.5516 91.3635 3 20 6
2  45.0 45.0 0.00
294 3.1711 84.1481 10 22 9
2  45.0 45.0 0.00
295 14.0887 95.5026 3 23 5
2  45.0 45.0 0.00
296 51.1611 91.2578 8 15 7
2  45.0 45.0 0.00
297 27.7589 119.1551 9 19 9
2  45.0 45.0 0.00
298 36.2641 120.4936 7 25 6
2  45.0 45.0 0.00
299 52.3080 115.4920 6 19 8
2  45.0 45.0 0.00
300 48.6340 84.9235 10 21 7
2  45.0 45.0 0.00
301 26.3648 105.6345 2 15 8
2  45.0 45.0 0.00
302 30.6533 74.3569 10 22 7
2  45.0 45.0 0.00
303 3.2625 116.6096 5 17 7
2  45.0 45.0 0.00
304 16.0890 73.6684 8 22 8
2  45.0 45.0 0.00
305 13.5931 102.9284 4 19 6
2  45.0 45.0 0.00
306 28.6787 79.0606 3 28 5
2  45.0 45.0 0.00
307 41.2249 126.9373 9 22 6
2  45.0 45.0 0.00
308 50.5635 119.0170 5 23 9
2  45.0 45.0 0.00
309 35.1334 92.2624 1 16 8
2  45.0 45.0 0.00
310 15.9667 105.1915 6 27 9
2  45.0 45.0 0.00
311 48.0769 115.5232 7 25 6
2  45.0 45.0 0.00
312 51.4245 89.6195 10 25 7
2  45.0 45.0 0.00
313 25.6028 79.4899 5 19 8
2  45.0 45.0 0.00
314 8.3148 84.8853 7 27 5
2  45.0 45.0 0.00
315 27.7415 97.9659 9 23 8
2  45.0 45.0 0.00
316 47.5411 96.7093 7 22 8
2  45.0 45.0 0.00
317 51.8525 89.9217 1 15 7
2  45.0 45.0 0.00
318 5.7888 86.9366 10 19 6
2  45.0 45.0 0.00
319 36.7139 77.5632 5 17 7
2  45.0 45.0 0.00
320 29.7251 73.1489 7 21 5
2  45.0 45.0 0.00
321 6.0624 116.0924 5 26 5
2  45.0 45.0 0.00
322 27.2720 80.5587 2 15 7
2  45.0 45.0 0.00
323 31.6667 121.4834 1 29 6
2  45.0 45.0 0.00
324 11.5014 78.1973 5 27 8
2  45.0 45.0 0.00
325 46.7010 126.4243 7 21 7
2  45.0 45.0 0.00
326 23.9388 87.0487 2 17 5
2  45.0 45.0 0.00
327 47.4170 132.5931 2 20 6
2  45.0 45.0 0.00
328 15.9422 102.5279 10 29 6
2  45.0 45.0 0.00
329 49.4899 86.7795 5 26 6
2  45.0 45.0 0.00
330 46.3110 81.4213 9 26 9
2  45.0 45.0 0.00
331 25.3941 84.7403 5 25 7
2  45.0 45.0 0.00
332 11.5421 90.6785 6 18 9
2  45.0 45.0 0.00
333 15.5648 132.2872 8 29 7
2  45.0 45.0 0.00
334 32.0057 99.2760 2 24 7
2  45.0 45.0 0.00
335 36.8948 80.2667 3 21 6
2  45.0 45.0 0.00
336 35.2181 81.6490 8 16 8
2  45.0 45.0 0.00
337 16.9211 99.2698 3 17 7
2  45.0 45.0 0.00
338 37.6334 91.7740 7 28 8
2  45.0 45.0 0.00
339 51.2102 89.4309 8 16 8
2  45.0 45.0 0.00
340 50.0839 89.1132 3 19 5
2  45.0 45.0 0.00
341 24.4144 103.5964 4 20 8
2  45.0 45.0 0.00
342 19.3385 118.3142 8 21 8
2  45.0 45.0 0.00
343 4.3346 84.8829 10 22 7
2  45.0 45.0 0.00
344 43.6732 121.5890 5 20 8
2  45.0 45.0 0.00
345 16.3607 104.3937 5 28 8
2  45.0 45.0 0.00
346 23.2023 75.9426 3 27 9
2  45.0 45.0 0.00
347 21.7903 123.0521 8 29 6
2  45.0 45.0 0.00
348 41.4241 76.6570 9 21 9
2  45.0 45.0 0.00
349 49.8716 124.5728 4 17 8
2  45.0 45.0 0.00
350 41.3078 117.5821 8 22 5
2  45.0 45.0 0.00
351 9.5931 126.7867 5 23 8
2  45.0 45.0 0.00
352 48.2529 109.5350 1 26 7
2  45.0 45.0 0.00
353 16.8864 130.2743 4 22 9
2  45.0 45.0 0.00
354 12.6245 87.9391 6 17 8
2  45.0 45.0 0.00
355 40.6257 94.8751 7 23 7
2  45.0 45.0 0.00
356 23.3834 94.0210 6 16 9
2  45.0 45.0 0.00
357 36.0506 107.4427 5 24 7
2  45.0 45.0 0.00
358 26.9681 89.9988 7 19 6
2  45.0 45.0 0.00
359 10.9783 91.4886 10 29 7
2  45.0 45.0 0.00
360 52.1430 96.3881 1 18 6
2  45.0 45.0 0.00
361 28.8585 108.7398 6 26 7
2  45.0 45.0 0.00
362 41.3638 93.3226 7 17 5
2  45.0 45.0 0.00
363 30.7354 103.3452 7 28 9
2  45.0 45.0 0.00
364 38.1841 93.7298 8 28 6
2  45.0 45.0 0.00
365 48.4589 130.6407 1 27 8
2  45.0 45.0 0.00
366 25.2186 96.4088 6 16 6
2  45.0 45.0 0.00
367 3.8933 81.8430 6 27 6
2  45.0 45.0 0.00
368 6.2675 122.6821 10 16 9
2  45.0 45.0 0.00
369 10.0326 81.4608 9 17 8
2  45.0 45.0 0.00
370 35.6906 97.6444 5 29 8
2  45.0 45.0 0.00
371 34.8682 101.4261 4 28 5
2  45.0 45.0 0.00
372 30.8246 120.6952 7 29 9
2  45.0 45.0 0.00
373 21.8565 86.4861 3 27 7
2  45.0 45.0 0.00
374 23.3662 111.6835 7 24 9
2  45.0 45.0 0.00
375 46.7823 87.8989 7 15 7
2  45.0 45.0 0.00
376 41.4082 120.0272 10 16 6
2  45.0 45.0 0.00
377 4.6816 96.4225 9 20 9
2  45.0 45.0 0.00
378 30.2050 89.4564 10 25 8
2  45.0 45.0 0.00
379 16.5215 123.8792 5 16 8
2  45.0 45.0 0.00
380 48.7941 93.0733 5 24 5
2  45.0 45.0 0.00
381 3.4543 120.5538 1 15 5
2  45.0 45.0 0.00
382 22.4525 99.0441 5 21 6
2  45.0 45.0 0.00
383 41.6353 115.6997 9 24 5
2  45.0 45.0 0.00
384 52.3377 123.7036 2 27 8
2  45.0 45.0 0.00
385 9.6526 129.9680 1 15 7
2  45.0 45.0 0.00
386 4.3830 81.5736 4 20 9
2  45.0 45.0 0.00
387 24.6805 82.1098 1 29 6
2  45.0 45.0 0.00
388 15.0534 96.1790 9 19 7
2  45.0 45.0 0.00
389 8.5015 124.4946 6 21 8
2  45.0 45.0 0.00
390 30.9384 86.5351 7 29 7
2  45.0 45.0 0.00
391 6.5411 102.6925 6 15 5
2  45.0 45.0 0.00
392 5.9809 120.1966 9 21 8
2  45.0 45.0 0.00
393 15.3078 75.2619 5 21 6
2  45.0 45.0 0.00
394 34.0438 117.0766 5 18 6
2  45.0 45.0 0.00
395 33.0218 106.3221 10 20 5
2  45.0 45.0 0.00
396 16.7404 102.0560 10 19 9
2  45.0 45.0 0.00
397 43.1037 82.7745 9 29 7
2  45.0 45.0 0.00
398 49.9368 81.1414 10 29 7
2  45.0 45.0 0.00
399 25.7229 130.3306 8 23 5
2  45.0 45.0 0.00
400 6.6166 97.2186 3 18 6
2  45.0 45.0 0.00
401 44.2078 130.5903 1 25 7
2  45.0 45.0 0.00
402 28.7727 80.7133 10 29 5
2  45.0 45.0 0.00
403 31.7676 102.6426 6 22 9
2  45.0 45.0 0.00
404 7.1624 78.1167 7 15 6
2  45.0 45.0 0.00
405 27.2593 120.7952 6 26 7
2  45.0 45.0 0.00
406 35.2463 131.9144 6 20 8
2  45.0 45.0 0.00
407 46.5582 86.7576 9 15 9
2  45.0 45.0 0.00
408 45.1118 100.0676 10 22 7
2  45.0 45.0 0.00
409 43.5090 84.7180 5 27 9
2  45.0 45.0 0.00
410 51.0208 99.8919 3 25 6
2  45.0 45.0 0.00
411 52.3527 97.0949 3 29 8
2  45.0 45.0 0.00
412 4.3786 83.9684 6 18 9
2  45.0 45.0 0.00
413 29.6774 119.1903 3 17 5
2  45.0 45.0 0.00
414 20.3029 99.9782 8 24 9
2  45.0 45.0 0.00
415 34.6061 110.1103 9 21 9
2  45.0 45.0 0.00
416 17.4943 129.4264 8 28 6
2  45.0 45.0 0.00
417 12.8364 91.5797 6 15 7
2  45.0 45.0 0.00
418 26.4791 87.1325 9 19 6
2  45.0 45.0 0.00
419 35.9715 85.5956 10 22 6
2  45.0 45.0 0.00
420 5.0171 75.2050 10 24 5
2  45.0 45.0 0.00
421 28.5390 123.1300 9 26 7
2  45.0 45.0 0.00
422 21.4274 129.6159 6 17 5
2  45.0 45.0 0.00
423 7.3566 91.0815 3 29 7
2  45.0 45.0 0.00
424 14.1943 118.3023 1 23 6
2  45.0 45.0 0.00
425 8.5258 80.6138 3 18 9
2  45.0 45.0 0.00
426 24.1098 81.0117 2 17 9
2  45.0 45.0 0.00
427 15.6568 89.8812 7 25 6
2  45.0 45.0 0.00
428 21.0614 105.8662 1 22 9
2  45.0 45.0 0.00
429 29.2992 77.1673 6 19 5
2  45.0 45.0 0.00
430 20.9036 86.0226 9 15 6
2  45.0 45.0 0.00
431 17.2652 99.9627 7 20 9
2  45.0 45.0 0.00
432 22.1941 107.4231 8 27 6
2  45.0 45.0 0.00
433 14.7510 118.9697 2 18 6
2  45.0 45.0 0.00
434 43.2889 108.6117 1 24 7
2  45.0 45.0 0.00
435 36.8058 88.7627 8 23 8
2  45.0 45.0 0.00
436 5.0531 121.5709 8 17 5
2  45.0 45.0 0.00
437 13.2576 78.2149 9 29 6
2  45.0 45.0 0.00
438 43.1879 128.2939 4 26 8
2  45.0 45.0 0.00
439 42.3755 116.9766 7 16 9
2  45.0 45.0 0.00
440 40.9911 122.8618 3 29 5
2  45.0 45.0 0.00
441 41.2271 108.7760 1 24 7
2  45.0 45.0 0.00
442 4.1296 124.2786 1 23 5
2  45.0 45.0 0.00
443 31.7184 97.5427 8 26 7
2  45.0 45.0 0.00
444 10.4053 121.1480 10 29 9
2  45.0 45.0 0.00
445 47.2107 121.4160 2 15 8
2  45.0 45.0 0.00
446 50.1586 80.8501 10 26 7
2  45.0 45.0 0.00
447 13.5016 122.2912 10 16 5
2  45.0 45.0 0.00
448 33.4442 99.7607 1 21 6
2  45.0 45.0 0.00
449 50.4557 92.9116 4 23 9
2  45.0 45.0 0.00
450 21.9232 132.3414 1 23 9
2  45.0 45.0 0.00
451 50.8678 123.6488 2 15 9
2  45.0 45.0 0.00
452 50.8805 107.9142 2 28 7
2  45.0 45.0 0.00
453 47.5879 78.7721 1 16 6
2  45.0 45.0 0.00
454 40.6424 93.4482 6 26 7
2  45.0 45.0 0.00
455 38.1047 93.8160 4 26 7
2  45.0 45.0 0.00
456 30.6177 85.9103 3 16 8
2  45.0 45.0 0.00
457 50.7074 106.3278 6 28 6
2  45.0 45.0 0.00
458 21.2943 119.3348 1 17 9
2  45.0 45.0 0.00
459 4.3491 106.7228 1 27 5
2  45.0 45.0 0.00
460 45.6457 86.0824 5 20 6
2  45.0 45.0 0.00
461 4.8830 87.7379 4 15 7
2  45.0 45.0 0.00
462 33.5211 79.5281 5 22 8
2  45.0 45.0 0.00
463 40.1219 99.9591 7 18 5
2  45.0 45.0 0.00
464 19.8147 86.3715 2 26 6
2  45.0 45.0 0.00
465 52.0300 83.3248 2 28 7
2  45.0 45.0 0.00
466 10.0024 101.8898 4 23 5
2  45.0 45.0 0.00
467 19.7157 124.0999 4 26 6
2  45.0 45.0 0.00
468 38.4258 102.8316 6 19 9
2  45.0 45.0 0.00
469 15.8542 90.6175 4 22 5
2  45.0 45.0 0.00
470 31.8832 94.6371 4 27 5
2  45.0 45.0 0.00
471 34.5028 99.0410 2 17 6
2  45.0 45.0 0.00
472 46.2791 91.9961 4 24 6
2  45.0 45.0 0.00
473 9.4463 107.0898 4 20 6
2  45.0 45.0 0.00
474 47.5386 114.0347 3 27 7
2  45.0 45.0 0.00
475 44.9550 126.5384 4 28 9
2  45.0 45.0 0.00
476 37.3488 112.3041 9 26 5
2  45.0 45.0 0.00
477 41.9715 112.9930 8 21 9
2  45.0 45.0 0.00
478 48.0149 115.4316 8 23 5
2  45.0 45.0 0.00
479 22.5957 125.4536 7 16 7
2  45.0 45.0 0.00
480 37.4461 127.5603 3 18 9
2  45.0 45.0 0.00
481 47.6877 104.2102 5 18 8
2  45.0 45.0 0.00
482 39.8874 105.1477 4 19 6
2  45.0 45.0 0.00
483 13.5257 107.0873 7 22 7
2  45.0 45.0 0.00
484 26.1188 80.1730 6 21 7
2  45.0 45.0 0.00
485 12.1789 81.2181 4 27 9
2  45.0 45.0 0.00
486 51.2436 120.3533 1 19 7
2  45.0 45.0 0.00
487 41.8819 96.6927 3 28 8
2  45.0 45.0 0.00
488 15.9630 97.0091 9 26 8
2  45.0 45.0 0.00
489 21.2251 95.9772 1 18 6
2  45.0 45.0 0.00
490 44.1896 93.8325 5 24 5
2  45.0 45.0 0.00
491 31.4686 101.7618 9 26 7
2  45.0 45.0 0.00
492 40.8392 114.9849 3 20 8
2  45.0 45.0 0.00
493 50.4263 86.1655 4 26 5
2  45.0 45.0 0.00
494 43.7817 115.0416 9 28 8
2  45.0 45.0 0.00
495 6.1112 95.1279 3 26 7
2  45.0 45.0 0.00
496 43.0313 128.0115 1 21 7
2  45.0 45.0 0.00
497 33.8832 83.5565 2 18 8
2  45.0 45.0 0.00
498 17.9137 110.6007 7 20 6
2  45.0 45.0 0.00
499 30.9755 75.7563 1 15 6
2  45.0 45.0 0.00
500 10.2538 109.5442 1 16 7
2  45.0 45.0 0.00
501 9.1550 101.0530 7 29 8
2  45.0 45.0 0.00
502 13.0287 115.1670 8 19 7
2  45.0 45.0 0.00
503 44.9963 87.7225 5 28 7
2  45.0 45.0 0.00
504 41.6292 130.6234 8 15 7
2  45.0 45.0 0.00
505 12.4478 91.9068 6 22 7
2  45.0 45.0 0.00
506 3.8143 91.8192 8 21 6
2  45.0 45.0 0.00
507 12.5777 122.2524 9 29 9
2  45.0 45.0 0.00
508 10.5058 85.5136 1 22 9
2  45.0 45.0 0.00
509 32.7745 92.4027 5 29 9
2  45.0 45.0 0.00
510 18.7068 83.6838 3 23 7
2  45.0 45.0 0.00
511 12.2343 107.6827 4 24 9
2  45.0 45.0 0.00
512 43.3993 131.2147 5 21 5
2  45.0 45.0 0.00
513 47.3460 87.6127 8 28 7
2  45.0 45.0 0.00
514 3.9526 89.8425 3 29 7
2  45.0 45.0 0.00
515 31.2012 102.6056 6 15 5
2  45.0 45.0 0.00
516 46.2789 95.6010 10 23 6
2  45.0 45.0 0.00
517 44.9111 119.5396 4 27 5
2  45.0 45.0 0.00
518 33.6755 85.9404 8 15 7
2  45.0 45.0 0.00
519 11.9935 120.9971 3 20 6
2  45.0 45.0 0.00
520 20.5973 97.3852 6 20 8
2  45.0 45.0 0.00
521 4.6714 84.1787 3 16 5
2  45.0 45.0 0.00
522 37.5630 105.6761 8 23 9
2  45.0 45.0 0.00
523 24.5651 96.4547 6 16 8
2  45.0 45.0 0.00
524 8.5630 95.9960 9 27 9
2  45.0 45.0 0.00
525 43.1690 86.6609 7 23 6
2  45.0 45.0 0.00
526 41.2036 79.7673 4 26 7
2  45.0 45.0 0.00
527 25.9579 132.7469 7 29 5
2  45.0 45.0 0.00
528 35.5955 114.9673 4 27 6
2  45.0 45.0 0.00
529 6.4454 113.1097 1 16 9
2  45.0 45.0 0.00
530 42.4479 115.1752 9 25 6
2  45.0 45.0 0.00
531 51.4339 107.1894 5 22 9
2  45.0 45.0 0.00
532 43.2874 111.9656 5 27 8
2  45.0 45.0 0.00
533 31.9235 119.7848 10 15 6
2  45.0 45.0 0.00
534 24.7760 100.4035 1 15 6
2  45.0 45.0 0.00
535 23.5902 106.2208 3 22 9
2  45.0 45.0 0.00
536 9.7442 79.2231 6 24 6
2  45.0 45.0 0.00
537 6.0576 98.6117 6 20 5
2  45.0 45.0 0.00
538 47.4668 101.0483 7 29 8
2  45.0 45.0 0.00
539 3.1242 123.2600 6 17 6
2  45.0 45.0 0.00
540 17.4581 111.0096 5 27 9
2  45.0 45.0 0.00
541 19.6116 114.3593 4 20 5
2  45.0 45.0 0.00
542 23.7499 77.2982 1 25 6
2  45.0 45.0 0.00
543 38.1014 73.7039 3 21 5
2  45.0 45.0 0.00
544 10.5804 96.5628 10 29 8
2  45.0 45.0 0.00
545 51.4024 103.5020 3 20 8
2  45.0 45.0 0.00
546 31.7069 94.9830 3 17 7
2  45.0 45.0 0.00
547 28.0696 89.6915 4 27 5
2  45.0 45.0 0.00
548 21.5915 77.6477 3 18 5
2  45.0 45.0 0.00
549 43.8849 119.6846 3 23 6
2  45.0 45.0 0.00
550 52.5376 95.4533 9 17 7
2  45.0 45.0 0.00
551 47.8224 113.5648 3 17 7
2  45.0 45.0 0.00
552 44.1933 93.0634 5 23 9
2  45.0 45.0 0.00
553 5.4308 129.0389 5 19 5
2  45.0 45.0 0.00
554 24.1919 83.6023 8 21 8
2  45.0 45.0 0.00
555 6.7073 81.6785 6 28 6
2  45.0 45.0 0.00
556 12.4985 130.3256 4 29 9
2  45.0 45.0 0.00
557 12.9959 86.3163 3 25 5
2  45.0 45.0 0.00
558 44.2656 78.3487 5 18 8
2  45.0 45.0 0.00
559 4.8720 103.7291 5 20 8
2  45.0 45.0 0.00
560 47.1859 102.5435 2 21 7
2  45.0 45.0 0.00
561 43.7024 128.7141 5 20 9
2  45.0 45.0 0.00
562 40.5904 119.4085 3 26 6
2  45.0 45.0 0.00
563 46.4219 93.8945 3 24 8
2  45.0 45.0 0.00
564 44.3338 87.4076 3 17 8
2  45.0 45.0 0.00
565 19.7346 129.2298 10 27 6
2  45.0 45.0 0.00
566 31.0997 120.9494 6 19 5
2  45.0 45.0 0.00
567 37.8789 102.7996 6 21 7
2  45.0 45.0 0.00
568 16.5674 124.1883 5 26 9
2  45.0 45.0 0.00
569 5.5918 90.3778 7 15 6
2  45.0 45.0 0.00
570 37.4600 125.8314 6 25 6
2  45.0 45.0 0.00
571 35.1796 92.6091 4 26 8
2  45.0 45.0 0.00
572 46.8442 78.2922 1 15 6
2  45.0 45.0 0.00
573 50.6326 101.6222 7 24 8
2  45.0 45.0 0.00
574 21.5890 129.5433 6 16 6
2  45.0 45.0 0.00
575 51.6769 99.7105 10 18 5
2  45.0 45.0 0.00
576 5.2532 127.2174 10 21 8
2  45.0 45.0 0.00
577 37.0736 79.6381 9 29 9
2  45.0 45.0 0.00
578 21.5380 116.6359 9 26 7
2  45.0 45.0 0.00
579 12.1572 121.9984 6 21 6
2  45.0 45.0 0.00
580 31.7399 113.8783 8 19 9
2  45.0 45.0 0.00
581 40.3406 118.3604 3 21 6
2  45.0 45.0 0.00
582 12.9208 77.3144 4 25 8
2  45.0 45.0 0.00
583 51.6631 110.8356 1 19 7
2  45.0 45.0 0.00
584 45.1008 105.2822 10 26 9
2  45.0 45.0 0.00
585 35.2258 82.2190 2 25 8
2  45.0 45.0 0.00
586 10.8449 75.5003 8 29 6
2  45.0 45.0 0.00
587 21.1879 107.2189 4 23 7
2  45.0 45.0 0.00
588 49.2733 111.8500 1 23 7
2  45.0 45.0 0.00
589 17.9426 132.6550 7 16 6
2  45.0 45.0 0.00
590 30.6275 105.2526 6 27 6
2  45.0 45.0 0.00
591 4.8381 126.5508 9 22 8
2  45.0 45.0 0.00
592 32.6581 75.8033 6 26 7
2  45.0 45.0 0.00
593 10.8372 77.8121 3 20 6
2  45.0 45.0 0.00
594 23.1473 74.8469 7 25 7
2  45.0 45.0 0.00
595 12.7258 131.7459 1 20 5
2  45.0 45.0 0.00
596 35.5132 77.2410 9 20 5
2  45.0 45.0 0.00
597 33.9677 85.6813 3 25 7
2  45.0 45.0 0.00
598 26.5622 77.5040 3 28 9
2  45.0 45.0 0.00
599 46.9372 124.3038 5 29 5
2  45.0 45.0 0.00
600 13.9326 108.8366 6 25 8
2  45.0 45.0 0.00
601 29.0884 121.7635 2 19 6
2  45.0 45.0 0.00
602 5.8832 104.5080 7 19 9
2  45.0 45.0 0.00
603 29.1239 115.3514 10 25 6
2  45.0 45.0 0.00
604 50.2695 96.1429 7 28 5
2  45.0 45.0 0.00
605 19.3940 81.0744 3 25 5
2  45.0 45.0 0.00
606 19.9727 73.3593 2 17 8
2  45.0 45.0 0.00
607 5.6494 94.4165 7 24 9
2  45.0 45.0 0.00
608 43.3315 125.9668 8 21 9
2  45.0 45.0 0.00
609 50.3055 118.2468 3 15 5
2  45.0 45.0 0.00
610 11.6443 82.1134 10 24 7
2  45.0 45.0 0.00
611 44.6468 113.6813 6 24 7
2  45.0 45.0 0.00
612 22.3598 78.0146 9 19 5
2  45.0 45.0 0.00
613 5.5838 93.2764 4 24 6
2  45.0 45.0 0.00
614 11.2768 76.0212 9 26 8
2  45.0 45.0 0.00
615 6.1305 129.8759 9 16 9
2  45.0 45.0 0.00
616 31.6883 78.1974 3 24 5
2  45.0 45.0 0.00
617 12.3781 95.6214 10 24 5
2  45.0 45.0 0.00
618 21.7483 115.7587 9 17 5
2  45.0 45.0 0.00
619 39.1526 107.6598 4 20 7
2  45.0 45.0 0.00
620 33.4086 79.0264 2 27 6
2  45.0 45.0 0.00
621 9.1266 94.5700 8 15 8
2  45.0 45.0 0.00
622 47.2502 107.3607 5 27 6
2  45.0 45.0 0.00
623 18.0286 99.5054 3 18 5
2  45.0 45.0 0.00
624 36.7327 115.5439 2 23 7
2  45.0 45.0 0.00
625 25.6446 125.1039 5 25 6
2  45.0 45.0 0.00
626 27.2473 109.3043 1 24 8
2  45.0 45.0 0.00
627 26.6663 88.0144 7 21 6
2  45.0 45.0 0.00
628 44.4032 95.3374 9 28 8
2  45.0 45.0 0.00
629 43.1144 126.7403 10 29 8
2  45.0 45.0 0.00
630 17.0648 93.4118 1 18 6
2  45.0 45.0 0.00
631 47.9553 106.1454 6 21 8
2  45.0 45.0 0.00
632 15.7067 110.6370 4 25 8
2  45.0 45.0 0.00
633 16.9966 130.4134 1 17 7
2  45.0 45.0 0.00
634 5.5166 74.9145 9 29 6
2  45.0 45.0 0.00
635 18.1182 122.3961 4 29 7
2  45.0 45.0 0.00
636 30.8610 126.6573 7 29 6
2  45.0 45.0 0.00
637 10.2375 95.0949 9 18 5
2  45.0 45.0 0.00
638 49.0452 122.3001 8 24 9
2  45.0 45.0 0.00
639 13.0390 112.5442 7 18 7
2  45.0 45.0 0.00
640 45.2698 115.9350 7 21 9
2  45.0 45.0 0.00
641 15.4693 95.8067 10 29 5
2  45.0 45.0 0.00
642 6.7919 109.6626 3 29 5
2  45.0 45.0 0.00
643 20.9922 113.7043 8 21 9
2  45.0 45.0 0.00
644 48.5842 114.6321 9 15 8
2  45.0 45.0 0.00
645 14.4332 95.4187 9 15 8
2  45.0 45.0 0.00
646 35.1647 108.3018 2 20 9
2  45.0 45.0 0.00
647 45.0818 101.2296 9 29 6
2  45.0 45.0 0.00
648 41.2319 95.2659 6 18 9
2  45.0 45.0 0.00
649 18.4930 125.9293 7 23 5
2  45.0 45.0 0.00
650 29.1188 85.3131 3 20 8
2  45.0 45.0 0.00
651 10.5764 112.3953 8 24 5
2  45.0 45.0 0.00
652 46.7871 94.6018 8 20 9
2  45.0 45.0 0.00
653 27.3737 88.7339 6 16 6
2  45.0 45.0 0.00
654 47.4676 115.5610 10 17 6
2  45.0 45.0 0.00
655 30.0293 101.4929 2 17 5
2  45.0 45.0 0.00
656 20.3254 120.3316 6 27 6
2  45.0 45.0 0.00
657 24.9037 84.6074 6 24 5
2  45.0 45.0 0.00
658 12.2524 123.3152 7 28 7
2  45.0 45.0 0.00
659 23.2304 73.0839 7 19 6
2  45.0 45.0 0.00
660 5.3815 120.5729 2 20 6
2  45.0 45.0 0.00
661 43.6513 74.7353 4 16 8
2  45.0 45.0 0.00
662 36.8323 103.3159 2 22 7
2  45.0 45.0 0.00
663 7.3441 102.9878 5 29 6
2  45.0 45.0 0.00
664 17.7009 111.1999 2 29 7
2  45.0 45.0 0.00
665 5.5382 123.2507 8 24 7
2  45.0 45.0 0.00
666 29.9594 84.5191 8 27 9
2  45.0 45.0 0.00
667 30.6814 99.6910 6 24 5
2  45.0 45.0 0.00
668 23.4577 77.6225 8 15 9
2  45.0 45.0 0.00
669 36.9892 91.9590 1 20 5
2  45.0 45.0 0.00
670 48.2405 73.4060 6 28 6
2  45.0 45.0 0.00
671 23.5482 122.6026 10 26 7
2  45.0 45.0 0.00
672 51.7758 95.6217 4 22 9
2  45.0 45.0 0.00
673 27.2331 114.4887 7 24 9
2  45.0 45.0 0.00
674 35.1016 124.6533 9 29 7
2  45.0 45.0 0.00
675 13.8488 110.7798 8 15 7
2  45.0 45.0 0.00
676 39.7390 102.4083 1 23 9
2  45.0 45.0 0.00
677 29.6210 88.5761 8 24 5
2  45.0 45.0 0.00
678 39.3459 112.6261 2 17 8
2  45.0 45.0 0.00
679 4.6063 106.2013 8 16 6
2  45.0 45.0 0.00
680 52.4152 115.4542 6 20 6
2  45.0 45.0 0.00
681 5.1961 74.4504 10 20 7
2  45.0 45.0 0.00
682 42.0650 120.8255 7 18 6
2  45.0 45.0 0.00
683 27.2688 123.5739 6 22 5
2  45.0 45.0 0.00
684 14.2530 77.9905 2 23 9
2  45.0 45.0 0.00
685 52.0799 114.3900 2 19 8
2  45.0 45.0 0.00
686 36.1811 105.4689 7 26 5
2  45.0 45.0 0.00
687 4.3605 81.5269 1 19 5
2  45.0 45.0 0.00
688 28.4124 127.3111 8 16 6
2  45.0 45.0 0.00
689 49.4913 98.8650 4 26 5
2  45.0 45.0 0.00
690 12.4613 74.4110 4 29 5
2  45.0 45.0 0.00
691 48.2564 79.7353 3 21 5
2  45.0 45.0 0.00
692 20.7045 117.4810 10 23 8
2  45.0 45.0 0.00
693 15.0076 76.4001 1 17 6
2  45.0 45.0 0.00
694 20.1630 107.4111 6 22 6
2  45.0 45.0 0.00
695 18.9937 130.4471 7 18 7
2  45.0 45.0 0.00
696 30.5257 127.7764 2 17 7
2  45.0 45.0 0.00
697 35.0052 107.5513 6 23 8
2  45.0 45.0 0.00
698 48.7478 113.7570 2 16 5
2  45.0 45.0 0.00
699 41.3449 92.9024 4 20 6
2  45.0 45.0 0.00
