s5
0
 2013 04 20 15 02 19.021     2013 04 20 15 04 59.139     160.1
 2013 04 20 19 57  6.881     2013 04 20 20 00 16.079     189.2
1
 2013 04 20 13 23 58.587     2013 04 20 13 26 51.258     172.7
 2013 04 20 21 37 12.941     2013 04 20 21 38 13.668      60.7
2
 2013 04 20 21 41 39.436     2013 04 20 21 44 39.818     180.4
3
 2013 04 20 13 19 39.152     2013 04 20 13 22 17.773     158.6
4
 2013 04 20 11 48  4.853     2013 04 20 11 51 27.691     202.8
 2013 04 20 20 04 54.040     2013 04 20 20 07 49.081     175.0
5
 2013 04 20 11 41 23.204     2013 04 20 11 45   .741     217.5
 2013 04 20 21 45 18.730     2013 04 20 21 48  1.619     162.9
6
7
8
 2013 04 20 14 59 38.925     2013 04 20 15 03 27.324     228.4
 2013 04 20 21 36 10.545     2013 04 20 21 39  7.384     176.8
9
 2013 04 20 20 02 24.202     2013 04 20 20 05 10.454     166.3
10
 2013 04 20 13 24 19.038     2013 04 20 13 27 20.548     181.5
11
 2013 04 20 13 14 54.819     2013 04 20 13 18  6.355     191.5
12
 2013 04 20 13 15 54.627     2013 04 20 13 18 29.247     154.6
 2013 04 20 23 21 12.890     2013 04 20 23 22 23.939      71.0
13
 2013 04 20 13 24  8.258     2013 04 20 13 26 46.374     158.1
 2013 04 20 21 37 30.608     2013 04 20 21 37 47.373      16.8
14
 2013 04 20 13 17 37.267     2013 04 20 13 20 29.480     172.2
 2013 04 20 23 18 46.197     2013 04 20 23 21 32.078     165.9
15
 2013 04 20 11 44 56.976     2013 04 20 11 47 35.636     158.7
16
 2013 04 20 13 22 33.178     2013 04 20 13 22 59.261      26.1
 2013 04 20 21 39 40.941     2013 04 20 21 43  1.586     200.6
17
 2013 04 20 11 40 28.402     2013 04 20 11 40 36.703       8.3
 2013 04 20 23 23 16.076     2013 04 20 23 25 50.506     154.4
18
 2013 04 20 13 25 37.888     2013 04 20 13 28 41.284     183.4
 2013 04 20 19 59 50.257     2013 04 20 20 02 29.712     159.5
19
 2013 04 20 21 36 22.385     2013 04 20 21 40  8.529     226.1
20
21
 2013 04 20 13 22 38.734     2013 04 20 13 25 16.579     157.8
 2013 04 20 21 38 53.155     2013 04 20 21 41 29.635     156.5
22
 2013 04 20 13 20 51.955     2013 04 20 13 23 43.250     171.3
23
 2013 04 20 11 50 56.675     2013 04 20 11 53 37.724     161.0
 2013 04 20 18 26  3.145     2013 04 20 18 29   .416     177.3
24
 2013 04 20 11 44 42.860     2013 04 20 11 47 35.905     173.0
 2013 04 20 21 41 44.454     2013 04 20 21 42 13.774      29.3
25
 2013 04 20 11 52 21.201     2013 04 20 11 54 59.676     158.5
 2013 04 20 18 26   .508     2013 04 20 18 29  8.171     187.7
26
 2013 04 20 13 17  2.755     2013 04 20 13 19 44.185     161.4
 2013 04 20 23 18  7.842     2013 04 20 23 20 55.154     167.3
27
 2013 04 20 11 42 23.618     2013 04 20 11 45 53.214     209.6
 2013 04 20 21 42 43.767     2013 04 20 21 45 31.983     168.2
28
 2013 04 20 13 23 52.032     2013 04 20 13 26 54.139     182.1
29
 2013 04 20 14 57 50.339     2013 04 20 15 01  7.439     197.1
 2013 04 20 23 13 31.478     2013 04 20 23 17  8.322     216.8
30
 2013 04 20 14 59 43.727     2013 04 20 15 02 20.831     157.1
 2013 04 20 21 34 37.395     2013 04 20 21 38   .791     203.4
31
 2013 04 20 15 00 15.512     2013 04 20 15 03 12.977     177.5
 2013 04 20 21 35 41.524     2013 04 20 21 38 25.486     164.0
32
 2013 04 20 21 39 54.376     2013 04 20 21 40 20.257      25.9
33
 2013 04 20 11 45 45.504     2013 04 20 11 48 27.681     162.2
34
 2013 04 20 10 07 21.889     2013 04 20 10 10 56.191     214.3
 2013 04 20 20 08  3.820     2013 04 20 20 11 17.765     193.9
35
 2013 04 20 11 38 53.096     2013 04 20 11 41 37.372     164.3
36
 2013 04 20 15 01 53.545     2013 04 20 15 05  9.607     196.1
 2013 04 20 19 57 33.134     2013 04 20 19 57 42.165       9.0
 2013 04 20 21 35 32.031     2013 04 20 21 36 19.923      47.9
37
 2013 04 20 23 19 28.938     2013 04 20 23 19 50.086      21.1
38
39
 2013 04 20 20 06  3.496     2013 04 20 20 09 12.709     189.2
40
 2013 04 20 13 13  1.687     2013 04 20 13 15 52.079     170.4
41
 2013 04 20 11 37 13.015     2013 04 20 11 39 47.172     154.2
 2013 04 20 23 24 18.428     2013 04 20 23 27 26.566     188.1
42
 2013 04 20 11 42 20.114     2013 04 20 11 46   .391     220.3
 2013 04 20 21 42 35.801     2013 04 20 21 45 25.089     169.3
43
 2013 04 20 23 16 31.162     2013 04 20 23 19 35.362     184.2
44
 2013 04 20 11 41 47.015     2013 04 20 11 44 23.697     156.7
 2013 04 20 21 44 10.793     2013 04 20 21 47 24.684     193.9
45
 2013 04 20 11 48 42.375     2013 04 20 11 52 30.257     227.9
 2013 04 20 20 04 25.285     2013 04 20 20 04 48.143      22.9
46
 2013 04 20 23 20 39.581     2013 04 20 23 23 57.358     197.8
47
 2013 04 20 15 00 15.960     2013 04 20 15 03  4.838     168.9
 2013 04 20 21 34 37.544     2013 04 20 21 37 19.270     161.7
48
 2013 04 20 10 02  5.034     2013 04 20 10 04 45.691     160.7
 2013 04 20 21 50   .043     2013 04 20 21 52 38.002     158.0
49
 2013 04 20 11 50 54.694     2013 04 20 11 53 33.775     159.1
 2013 04 20 18 25 56.848     2013 04 20 18 28 56.626     179.8
50
 2013 04 20 23 15 25.426     2013 04 20 23 18 56.447     211.0
51
 2013 04 20 13 19 28.387     2013 04 20 13 23  2.489     214.1
52
 2013 04 20 11 39 52.687     2013 04 20 11 42 49.128     176.4
53
 2013 04 20 10 04 25.194     2013 04 20 10 07 42.954     197.8
54
 2013 04 20 11 43 21.432     2013 04 20 11 46 22.109     180.7
 2013 04 20 21 43 58.270     2013 04 20 21 47  8.404     190.1
55
 2013 04 20 11 46 21.478     2013 04 20 11 48 58.360     156.9
56
 2013 04 20 13 25 37.894     2013 04 20 13 29 26.299     228.4
 2013 04 20 20 01 50.324     2013 04 20 20 04 27.372     157.0
57
 2013 04 20 23 20 46.430     2013 04 20 23 24   .680     194.3
58
 2013 04 20 13 22  2.831     2013 04 20 13 22 55.976      53.1
 2013 04 20 21 37 23.794     2013 04 20 21 40  1.435     157.6
59
 2013 04 20 20 06 54.158     2013 04 20 20 09 29.266     155.1
60
 2013 04 20 11 37 14.809     2013 04 20 11 40 57.952     223.1
 2013 04 20 23 23   .003     2013 04 20 23 26  3.074     183.1
61
62
 2013 04 20 15 01 54.513     2013 04 20 15 04 33.422     158.9
 2013 04 20 19 56 50.242     2013 04 20 19 57 42.824      52.6
 2013 04 20 21 34 56.213     2013 04 20 21 38 38.584     222.4
63
 2013 04 20 20 05 48.160     2013 04 20 20 08 28.912     160.8
64
65
 2013 04 20 10 04  5.024     2013 04 20 10 07 12.464     187.4
66
 2013 04 20 11 51 11.708     2013 04 20 11 51 20.251       8.5
 2013 04 20 20 02 36.295     2013 04 20 20 05 19.782     163.5
67
 2013 04 20 20 06 41.482     2013 04 20 20 09 21.070     159.6
68
 2013 04 20 11 40 49.711     2013 04 20 11 40 54.624       4.9
 2013 04 20 23 23  3.696     2013 04 20 23 25 44.315     160.6
69
 2013 04 20 13 19  2.204     2013 04 20 13 22 34.719     212.5
 2013 04 20 23 15 53.879     2013 04 20 23 17 36.942     103.1
70
 2013 04 20 13 24  9.309     2013 04 20 13 27  4.096     174.8
71
 2013 04 20 21 46  3.822     2013 04 20 21 49 47.221     223.4
72
 2013 04 20 11 41 30.990     2013 04 20 11 44 28.780     177.8
 2013 04 20 21 44 44.369     2013 04 20 21 47 49.441     185.1
73
74
 2013 04 20 13 24 43.265     2013 04 20 13 25 22.270      39.0
 2013 04 20 20 01 36.233     2013 04 20 20 04 49.627     193.4
75
 2013 04 20 11 49 57.896     2013 04 20 11 50  8.581      10.7
 2013 04 20 18 27   .699     2013 04 20 18 30 24.305     203.6
76
 2013 04 20 11 37 29.754     2013 04 20 11 40  5.447     155.7
 2013 04 20 23 23 56.882     2013 04 20 23 27 20.774     203.9
77
 2013 04 20 11 42 13.205     2013 04 20 11 44 48.213     155.0
 2013 04 20 21 44  5.569     2013 04 20 21 46 57.066     171.5
78
79
 2013 04 20 10 10 12.418     2013 04 20 10 13 48.449     216.0
80
 2013 04 20 23 20 36.679     2013 04 20 23 23 48.493     191.8
81
 2013 04 20 10 04 47.839     2013 04 20 10 08 12.871     205.0
82
 2013 04 20 10 05 19.354     2013 04 20 10 08  3.104     163.8
83
 2013 04 20 11 51 29.632     2013 04 20 11 54 27.518     177.9
 2013 04 20 18 25 24.255     2013 04 20 18 28  3.397     159.1
84
 2013 04 20 11 48 31.182     2013 04 20 11 48 40.710       9.5
 2013 04 20 20 02 14.768     2013 04 20 20 05 31.098     196.3
85
 2013 04 20 11 50 58.383     2013 04 20 11 54 11.208     192.8
 2013 04 20 18 25  8.367     2013 04 20 18 27 47.656     159.3
86
 2013 04 20 15 00 21.191     2013 04 20 15 03 43.004     201.8
 2013 04 20 21 36  6.567     2013 04 20 21 38 44.049     157.5
87
 2013 04 20 13 22 29.666     2013 04 20 13 22 38.090       8.4
 2013 04 20 21 37 12.724     2013 04 20 21 39 54.916     162.2
88
 2013 04 20 21 40 57.086     2013 04 20 21 43 34.214     157.1
89
 2013 04 20 13 14 46.664     2013 04 20 13 17 22.021     155.4
90
 2013 04 20 14 57 48.042     2013 04 20 15 01 25.467     217.4
 2013 04 20 23 13 36.116     2013 04 20 23 15 13.549      97.4
91
 2013 04 20 13 19 45.054     2013 04 20 13 22 46.019     181.0
92
 2013 04 20 13 17 47.253     2013 04 20 13 21 32.963     225.7
 2013 04 20 23 18 39.404     2013 04 20 23 22 26.465     227.1
93
 2013 04 20 13 12 27.872     2013 04 20 13 12 49.524      21.7
94
 2013 04 20 13 21 41.337     2013 04 20 13 24 32.512     171.2
 2013 04 20 21 38  1.894     2013 04 20 21 41 14.167     192.3
95
96
 2013 04 20 15 01 35.421     2013 04 20 15 05 16.745     221.3
 2013 04 20 21 35 54.756     2013 04 20 21 39 44.003     229.2
97
 2013 04 20 11 50 11.715     2013 04 20 11 52 54.618     162.9
 2013 04 20 18 25 30.135     2013 04 20 18 25 44.445      14.3
98
 2013 04 20 11 45 40.440     2013 04 20 11 49 16.741     216.3
99
 2013 04 20 10 06 39.933     2013 04 20 10 10 26.563     226.6
 2013 04 20 20 11 27.579     2013 04 20 20 11 51.346      23.8
100
 2013 04 20 20 12 41.680     2013 04 20 20 15 22.131     160.5
101
102
 2013 04 20 15 00 55.805     2013 04 20 15 02  3.921      68.1
 2013 04 20 21 36 23.831     2013 04 20 21 39 28.126     184.3
103
 2013 04 20 23 22 26.166     2013 04 20 23 25  3.579     157.4
104
 2013 04 20 21 46 56.915     2013 04 20 21 49 44.448     167.5
105
 2013 04 20 21 48  7.863     2013 04 20 21 50 48.777     160.9
106
 2013 04 20 13 21 32.850     2013 04 20 13 25  7.525     214.7
 2013 04 20 21 39 53.996     2013 04 20 21 42 35.735     161.7
107
 2013 04 20 11 49 34.279     2013 04 20 11 50 28.677      54.4
 2013 04 20 18 24  1.746     2013 04 20 18 27 43.379     221.6
108
 2013 04 20 21 41 40.858     2013 04 20 21 44 15.958     155.1
109
 2013 04 20 11 43 18.046     2013 04 20 11 46  1.158     163.1
 2013 04 20 21 43 55.049     2013 04 20 21 46 44.970     169.9
110
 2013 04 20 13 14  2.883     2013 04 20 13 16 45.349     162.5
111
 2013 04 20 13 19 43.586     2013 04 20 13 22 40.637     177.1
112
 2013 04 20 13 23 30.890     2013 04 20 13 26 31.779     180.9
 2013 04 20 21 37 27.615     2013 04 20 21 40 49.043     201.4
113
 2013 04 20 11 45 16.698     2013 04 20 11 45 37.610      20.9
114
 2013 04 20 13 16 38.687     2013 04 20 13 19 32.339     173.7
 2013 04 20 23 17 49.033     2013 04 20 23 20 59.819     190.8
115
 2013 04 20 13 24  3.931     2013 04 20 13 27  4.717     180.8
116
 2013 04 20 21 40 49.344     2013 04 20 21 43 25.284     155.9
117
 2013 04 20 13 20 51.553     2013 04 20 13 23 33.390     161.8
118
 2013 04 20 11 47 37.537     2013 04 20 11 50 22.664     165.1
 2013 04 20 20 04 36.233     2013 04 20 20 07 15.191     159.0
119
 2013 04 20 10 04 58.990     2013 04 20 10 07 49.791     170.8
120
121
122
 2013 04 20 21 48 41.117     2013 04 20 21 51 14.671     153.6
123
124
 2013 04 20 11 41  9.173     2013 04 20 11 41 28.630      19.5
 2013 04 20 21 45 38.855     2013 04 20 21 48 16.267     157.4
125
 2013 04 20 11 46 36.948     2013 04 20 11 49 25.922     169.0
 2013 04 20 20 03 13.179     2013 04 20 20 03 23.621      10.4
126
 2013 04 20 13 28 34.656     2013 04 20 13 31 28.314     173.7
 2013 04 20 18 23 51.554     2013 04 20 18 26 33.190     161.6
127
128
 2013 04 20 11 44  9.536     2013 04 20 11 46 57.571     168.0
 2013 04 20 21 43  5.590     2013 04 20 21 44  6.218      60.6
129
130
 2013 04 20 20 07 24.633     2013 04 20 20 09 59.581     154.9
131
 2013 04 20 13 13 51.445     2013 04 20 13 14   .271       8.8
132
133
 2013 04 20 10 06 41.010     2013 04 20 10 09 54.257     193.2
 2013 04 20 20 12 21.608     2013 04 20 20 12 23.388       1.8
134
 2013 04 20 20 06 58.437     2013 04 20 20 09 33.922     155.5
135
 2013 04 20 13 22 29.910     2013 04 20 13 25 32.094     182.2
 2013 04 20 21 39 23.644     2013 04 20 21 42  2.768     159.1
136
 2013 04 20 23 22 38.870     2013 04 20 23 25 12.800     153.9
137
 2013 04 20 20 12 22.235     2013 04 20 20 15 26.729     184.5
138
 2013 04 20 14 59 50.476     2013 04 20 15 03 12.658     202.2
 2013 04 20 21 34  5.647     2013 04 20 21 36 50.283     164.6
139
 2013 04 20 23 22 27.114     2013 04 20 23 25 34.285     187.2
140
 2013 04 20 13 14 39.082     2013 04 20 13 17 48.720     189.6
141
 2013 04 20 10 11 18.260     2013 04 20 10 15  8.230     230.0
142
 2013 04 20 13 24 38.787     2013 04 20 13 26  4.227      85.4
 2013 04 20 20 01 24.858     2013 04 20 20 04 49.333     204.5
143
144
 2013 04 20 10 07 22.645     2013 04 20 10 10 19.710     177.1
 2013 04 20 20 08 35.348     2013 04 20 20 11 54.906     199.6
145
 2013 04 20 10 12 38.609     2013 04 20 10 12 44.996       6.4
 2013 04 20 20 07 22.965     2013 04 20 20 10  1.034     158.1
146
 2013 04 20 10 07 56.173     2013 04 20 10 10 45.333     169.2
 2013 04 20 20 08 47.635     2013 04 20 20 11 34.308     166.7
147
148
 2013 04 20 21 47 25.694     2013 04 20 21 50 44.411     198.7
149
 2013 04 20 10 07 48.655     2013 04 20 10 10 47.822     179.2
 2013 04 20 20 08 36.232     2013 04 20 20 11 28.534     172.3
150
 2013 04 20 11 49  2.075     2013 04 20 11 52 18.950     196.9
 2013 04 20 20 02 30.113     2013 04 20 20 06  7.213     217.1
151
 2013 04 20 11 41 38.874     2013 04 20 11 44 28.581     169.7
 2013 04 20 21 43 13.505     2013 04 20 21 46 56.876     223.4
152
 2013 04 20 14 59 45.856     2013 04 20 15 03 20.050     214.2
 2013 04 20 21 36  2.115     2013 04 20 21 38 58.074     176.0
153
 2013 04 20 15 00 59.483     2013 04 20 15 03 37.198     157.7
 2013 04 20 21 35 14.855     2013 04 20 21 37 56.190     161.3
154
 2013 04 20 10 07 47.252     2013 04 20 10 10 47.522     180.3
 2013 04 20 20 10  6.360     2013 04 20 20 12 40.530     154.2
155
 2013 04 20 13 22 32.735     2013 04 20 13 25 19.258     166.5
 2013 04 20 21 39  9.420     2013 04 20 21 41 46.059     156.6
156
157
 2013 04 20 13 22 25.955     2013 04 20 13 25 46.565     200.6
 2013 04 20 21 39 35.105     2013 04 20 21 42 18.412     163.3
158
 2013 04 20 20 05 59.115     2013 04 20 20 08 35.817     156.7
159
160
 2013 04 20 10 04 57.032     2013 04 20 10 05 26.391      29.4
161
 2013 04 20 11 50 29.712     2013 04 20 11 53 31.405     181.7
 2013 04 20 18 24 58.966     2013 04 20 18 28  6.701     187.7
162
163
 2013 04 20 13 25 57.963     2013 04 20 13 28 45.449     167.5
 2013 04 20 20 00  9.374     2013 04 20 20 02 46.735     157.4
164
 2013 04 20 21 40 35.835     2013 04 20 21 43 46.101     190.3
165
 2013 04 20 10 09 37.215     2013 04 20 10 13 12.843     215.6
 2013 04 20 20 07   .376     2013 04 20 20 10 29.774     209.4
166
 2013 04 20 14 59 11.530     2013 04 20 15 01 48.947     157.4
167
 2013 04 20 15 01 33.131     2013 04 20 15 04 59.068     205.9
 2013 04 20 21 35 50.083     2013 04 20 21 39 25.729     215.6
168
 2013 04 20 11 50 20.107     2013 04 20 11 53  2.667     162.6
 2013 04 20 18 25  3.238     2013 04 20 18 28 41.786     218.5
169
 2013 04 20 10 04 34.929     2013 04 20 10 07 20.673     165.7
170
 2013 04 20 20 06 25.584     2013 04 20 20 09  6.915     161.3
171
 2013 04 20 13 25 22.606     2013 04 20 13 28 18.196     175.6
 2013 04 20 19 59 48.724     2013 04 20 20 02 40.866     172.1
172
 2013 04 20 11 52 49.816     2013 04 20 11 55 34.302     164.5
 2013 04 20 16 47 33.974     2013 04 20 16 51   .230     206.3
 2013 04 20 18 25  9.982     2013 04 20 18 26 12.136      62.2
173
 2013 04 20 15 02 57.288     2013 04 20 15 05 51.353     174.1
 2013 04 20 19 58 17.632     2013 04 20 20 01  5.985     168.4
174
175
 2013 04 20 11 48 45.864     2013 04 20 11 52  7.993     202.1
 2013 04 20 20 04 20.020     2013 04 20 20 08  7.881     227.9
176
 2013 04 20 13 23 12.160     2013 04 20 13 25 51.678     159.5
 2013 04 20 21 38 40.120     2013 04 20 21 41 38.474     178.4
177
178
 2013 04 20 11 44 23.013     2013 04 20 11 47 17.604     174.6
179
 2013 04 20 11 51 35.972     2013 04 20 11 54 40.306     184.3
 2013 04 20 18 26 46.053     2013 04 20 18 29 24.558     158.5
180
 2013 04 20 11 50 17.684     2013 04 20 11 53 18.258     180.6
 2013 04 20 18 26  2.427     2013 04 20 18 29 42.298     219.9
181
 2013 04 20 13 16 40.233     2013 04 20 13 20 23.596     223.4
 2013 04 20 23 17  7.315     2013 04 20 23 20  8.534     181.2
182
 2013 04 20 11 37 33.501     2013 04 20 11 40 33.507     180.0
 2013 04 20 23 23 21.734     2013 04 20 23 26 41.823     200.1
183
 2013 04 20 13 21 43.962     2013 04 20 13 24 57.285     193.3
 2013 04 20 21 39 38.164     2013 04 20 21 42 21.462     163.3
184
 2013 04 20 10 09 18.427     2013 04 20 10 12 21.001     182.6
 2013 04 20 20 07 51.867     2013 04 20 20 10 53.431     181.6
185
 2013 04 20 10 03 40.740     2013 04 20 10 06 46.973     186.2
186
 2013 04 20 21 36 44.604     2013 04 20 21 40  1.832     197.2
187
 2013 04 20 11 52 31.460     2013 04 20 11 52 37.393       5.9
 2013 04 20 20 02  6.867     2013 04 20 20 05 20.832     194.0
188
 2013 04 20 15 01 48.580     2013 04 20 15 04 38.138     169.6
 2013 04 20 16 39 11.526     2013 04 20 16 39 12.174        .6
 2013 04 20 19 56 30.478     2013 04 20 20 00  1.629     211.2
 2013 04 20 21 34 15.520     2013 04 20 21 38  4.574     229.1
189
 2013 04 20 21 47 13.019     2013 04 20 21 49 58.266     165.2
190
 2013 04 20 11 44 24.438     2013 04 20 11 47 32.461     188.0
 2013 04 20 21 41 48.282     2013 04 20 21 45 28.950     220.7
191
 2013 04 20 13 24 20.926     2013 04 20 13 28  2.207     221.3
 2013 04 20 19 58 48.226     2013 04 20 20 02 22.319     214.1
192
 2013 04 20 11 46 49.646     2013 04 20 11 50 38.098     228.5
 2013 04 20 20 05 28.759     2013 04 20 20 08 10.661     161.9
193
 2013 04 20 13 27  2.720     2013 04 20 13 30 23.817     201.1
 2013 04 20 20 01 11.299     2013 04 20 20 04 49.781     218.5
194
 2013 04 20 11 51 18.558     2013 04 20 11 54 35.036     196.5
 2013 04 20 13 28 52.024     2013 04 20 13 28 55.921       3.9
 2013 04 20 18 25  8.398     2013 04 20 18 27 47.714     159.3
195
 2013 04 20 10 07 40.969     2013 04 20 10 11 15.007     214.0
 2013 04 20 20 10 23.637     2013 04 20 20 13  2.578     158.9
196
 2013 04 20 21 42  7.832     2013 04 20 21 44 52.513     164.7
197
 2013 04 20 21 46 37.486     2013 04 20 21 49 30.453     173.0
198
 2013 04 20 13 19  4.738     2013 04 20 13 21 39.817     155.1
 2013 04 20 23 17  4.469     2013 04 20 23 18  3.415      58.9
199
 2013 04 20 21 45 55.304     2013 04 20 21 48 36.973     161.7
200
 2013 04 20 10 08 40.752     2013 04 20 10 12 15.826     215.1
 2013 04 20 20 07 49.201     2013 04 20 20 10 27.527     158.3
201
 2013 04 20 20 05   .446     2013 04 20 20 06  4.804      64.4
202
 2013 04 20 13 24 45.044     2013 04 20 13 25 26.888      41.8
 2013 04 20 15 02 41.011     2013 04 20 15 03 54.122      73.1
 2013 04 20 19 59  3.690     2013 04 20 20 01 57.351     173.7
203
 2013 04 20 10 05 11.059     2013 04 20 10 07 46.538     155.5
204
205
 2013 04 20 14 58 55.951     2013 04 20 15 01 41.792     165.8
206
 2013 04 20 14 58 53.734     2013 04 20 15 02 33.536     219.8
 2013 04 20 21 39  1.368     2013 04 20 21 39 31.418      30.0
207
 2013 04 20 11 46 22.687     2013 04 20 11 49   .468     157.8
208
 2013 04 20 10 07  2.874     2013 04 20 10 10 18.308     195.4
 2013 04 20 20 08 13.468     2013 04 20 20 11 56.146     222.7
209
 2013 04 20 23 22 22.600     2013 04 20 23 25  4.407     161.8
210
211
 2013 04 20 20 02 12.824     2013 04 20 20 04 58.402     165.6
212
 2013 04 20 13 22  5.436     2013 04 20 13 22 37.344      31.9
 2013 04 20 21 40   .841     2013 04 20 21 42 49.737     168.9
213
 2013 04 20 11 50 16.684     2013 04 20 11 52 54.110     157.4
 2013 04 20 18 25  9.749     2013 04 20 18 29   .748     231.0
214
 2013 04 20 10 10 27.182     2013 04 20 10 13  2.709     155.5
215
216
 2013 04 20 21 41 11.957     2013 04 20 21 44 11.207     179.2
217
218
219
 2013 04 20 14 59 53.368     2013 04 20 15 01 14.953      81.6
 2013 04 20 16 37 54.141     2013 04 20 16 41 37.039     222.9
 2013 04 20 21 33 51.366     2013 04 20 21 36 28.942     157.6
220
 2013 04 20 13 16 10.105     2013 04 20 13 19 11.771     181.7
 2013 04 20 23 19 23.348     2013 04 20 23 22 20.028     176.7
221
222
 2013 04 20 23 22 49.459     2013 04 20 23 25 46.601     177.1
223
 2013 04 20 13 14 35.259     2013 04 20 13 17 46.507     191.2
224
 2013 04 20 10 09 43.031     2013 04 20 10 10 30.932      47.9
225
 2013 04 20 11 42 46.420     2013 04 20 11 46 27.749     221.3
 2013 04 20 21 42 31.060     2013 04 20 21 45  6.917     155.9
226
 2013 04 20 13 18 20.475     2013 04 20 13 19 24.222      63.7
227
 2013 04 20 13 18 55.975     2013 04 20 13 19 13.915      17.9
228
 2013 04 20 10 06 47.747     2013 04 20 10 09 47.558     179.8
 2013 04 20 20 10 11.327     2013 04 20 20 13 24.273     192.9
229
 2013 04 20 21 36 41.088     2013 04 20 21 39 28.711     167.6
230
 2013 04 20 13 26 40.086     2013 04 20 13 30   .977     200.9
 2013 04 20 20 01 23.695     2013 04 20 20 04 30.836     187.1
231
 2013 04 20 21 42  7.089     2013 04 20 21 44 45.052     158.0
232
 2013 04 20 13 26  4.147     2013 04 20 13 29 29.945     205.8
 2013 04 20 15 03 49.203     2013 04 20 15 07 42.821     233.6
 2013 04 20 19 59 33.141     2013 04 20 20 02 22.092     169.0
233
 2013 04 20 11 50 57.230     2013 04 20 11 51 22.565      25.3
 2013 04 20 18 27 28.461     2013 04 20 18 30  5.232     156.8
234
 2013 04 20 13 24 55.148     2013 04 20 13 28 21.312     206.2
 2013 04 20 19 59 18.134     2013 04 20 20 02 19.056     180.9
235
 2013 04 20 20 06 46.483     2013 04 20 20 10 14.089     207.6
236
 2013 04 20 21 45 43.317     2013 04 20 21 48 33.031     169.7
237
 2013 04 20 14 59 30.766     2013 04 20 15 03 18.695     227.9
 2013 04 20 21 36  4.629     2013 04 20 21 39 10.731     186.1
238
 2013 04 20 11 37 25.284     2013 04 20 11 40   .416     155.1
 2013 04 20 23 24 14.563     2013 04 20 23 27 49.156     214.6
239
 2013 04 20 11 50 15.755     2013 04 20 11 53 37.503     201.7
 2013 04 20 18 26 25.191     2013 04 20 18 29 54.875     209.7
240
 2013 04 20 13 24 10.271     2013 04 20 13 26 47.108     156.8
241
 2013 04 20 11 44 48.518     2013 04 20 11 47 40.906     172.4
242
 2013 04 20 13 21 13.549     2013 04 20 13 24 46.978     213.4
 2013 04 20 21 37 20.139     2013 04 20 21 40 49.778     209.6
243
244
 2013 04 20 13 21 23.852     2013 04 20 13 24 27.004     183.2
 2013 04 20 21 37 43.041     2013 04 20 21 41 13.779     210.7
245
 2013 04 20 10 09 27.934     2013 04 20 10 10  8.278      40.3
 2013 04 20 20 06 56.049     2013 04 20 20 10 17.671     201.6
246
 2013 04 20 13 20 20.921     2013 04 20 13 22 56.648     155.7
247
 2013 04 20 15 00  1.137     2013 04 20 15 02 45.193     164.1
 2013 04 20 21 34 35.166     2013 04 20 21 37 30.401     175.2
248
 2013 04 20 10 05  3.977     2013 04 20 10 07 41.003     157.0
249
 2013 04 20 11 48 34.792     2013 04 20 11 52  3.700     208.9
 2013 04 20 20 02 40.420     2013 04 20 20 05 47.111     186.7
250
 2013 04 20 13 18 54.783     2013 04 20 13 21 38.017     163.2
 2013 04 20 23 16 56.527     2013 04 20 23 20 31.024     214.5
251
 2013 04 20 21 41 11.595     2013 04 20 21 43 52.750     161.2
252
 2013 04 20 21 40 44.985     2013 04 20 21 43 23.716     158.7
253
 2013 04 20 10 08 19.760     2013 04 20 10 08 29.012       9.3
 2013 04 20 20 07 45.040     2013 04 20 20 10 19.874     154.8
254
 2013 04 20 13 16 43.554     2013 04 20 13 19 41.708     178.2
 2013 04 20 23 19 17.107     2013 04 20 23 21 54.024     156.9
255
 2013 04 20 13 25 29.992     2013 04 20 13 28 11.269     161.3
 2013 04 20 20 00  6.649     2013 04 20 20 03   .822     174.2
256
 2013 04 20 11 51  7.799     2013 04 20 11 53 51.996     164.2
 2013 04 20 18 26 15.484     2013 04 20 18 29  2.123     166.6
257
 2013 04 20 11 42 16.813     2013 04 20 11 45 48.228     211.4
 2013 04 20 21 42 42.373     2013 04 20 21 45 35.789     173.4
258
 2013 04 20 10 09  8.564     2013 04 20 10 11 46.189     157.6
 2013 04 20 20 08 34.229     2013 04 20 20 11 28.128     173.9
259
 2013 04 20 13 24 28.488     2013 04 20 13 24 32.833       4.3
 2013 04 20 20 01 33.852     2013 04 20 20 05  1.403     207.6
260
 2013 04 20 15 00 47.458     2013 04 20 15 03 51.848     184.4
 2013 04 20 21 34 24.896     2013 04 20 21 37 10.942     166.0
261
 2013 04 20 13 17 31.331     2013 04 20 13 18 41.002      69.7
 2013 04 20 23 18 55.158     2013 04 20 23 22 31.473     216.3
262
 2013 04 20 21 50 12.356     2013 04 20 21 50 28.333      16.0
263
 2013 04 20 11 48  2.948     2013 04 20 11 50 53.819     170.9
 2013 04 20 20 04 38.061     2013 04 20 20 07 17.047     159.0
264
 2013 04 20 21 48 54.573     2013 04 20 21 51 34.115     159.5
265
 2013 04 20 10 08  5.330     2013 04 20 10 10 50.533     165.2
 2013 04 20 20 08 52.260     2013 04 20 20 11 33.064     160.8
266
 2013 04 20 13 16 25.145     2013 04 20 13 19 11.014     165.9
 2013 04 20 23 17 56.275     2013 04 20 23 21 23.209     206.9
267
 2013 04 20 20 01 42.099     2013 04 20 20 05  2.128     200.0
268
 2013 04 20 23 21 11.413     2013 04 20 23 21 25.661      14.2
269
 2013 04 20 15 00 22.107     2013 04 20 15 03 11.476     169.4
 2013 04 20 21 34 39.118     2013 04 20 21 37 18.167     159.0
270
271
 2013 04 20 13 15 36.044     2013 04 20 13 18 37.285     181.2
272
 2013 04 20 13 19 27.772     2013 04 20 13 22 56.810     209.0
273
274
 2013 04 20 23 22 13.788     2013 04 20 23 24 47.396     153.6
275
 2013 04 20 14 58 12.490     2013 04 20 15 01  9.774     177.3
 2013 04 20 23 13  5.662     2013 04 20 23 15 12.999     127.3
276
277
 2013 04 20 10 06 43.449     2013 04 20 10 09 36.033     172.6
 2013 04 20 20 10  1.267     2013 04 20 20 13 27.764     206.5
278
 2013 04 20 20 01 19.556     2013 04 20 20 01 35.831      16.3
279
 2013 04 20 15 02  2.527     2013 04 20 15 04 40.202     157.7
 2013 04 20 19 56 54.937     2013 04 20 20 00 35.542     220.6
 2013 04 20 21 34 42.204     2013 04 20 21 36  8.233      86.0
280
 2013 04 20 20 07 21.882     2013 04 20 20 10 53.268     211.4
281
 2013 04 20 13 24 35.564     2013 04 20 13 27 24.381     168.8
 2013 04 20 20 04 15.028     2013 04 20 20 04 19.414       4.4
282
 2013 04 20 10 07  1.075     2013 04 20 10 09 35.329     154.3
 2013 04 20 20 09 17.750     2013 04 20 20 12 55.669     217.9
283
 2013 04 20 23 21 26.564     2013 04 20 23 21 37.092      10.5
284
 2013 04 20 11 39 39.934     2013 04 20 11 40  4.036      24.1
285
 2013 04 20 10 14  1.482     2013 04 20 10 14 14.922      13.4
286
 2013 04 20 13 19 27.244     2013 04 20 13 22  9.621     162.4
287
 2013 04 20 23 16 24.465     2013 04 20 23 19  3.300     158.8
288
 2013 04 20 21 36 48.944     2013 04 20 21 39 26.140     157.2
289
 2013 04 20 13 26 43.642     2013 04 20 13 30 21.313     217.7
 2013 04 20 20 01 29.840     2013 04 20 20 04 50.465     200.6
290
 2013 04 20 13 21 59.068     2013 04 20 13 24 39.209     160.1
 2013 04 20 21 38 59.833     2013 04 20 21 41 49.405     169.6
291
 2013 04 20 13 26 14.578     2013 04 20 13 28 55.697     161.1
 2013 04 20 20 00 20.630     2013 04 20 20 02 59.495     158.9
292
 2013 04 20 15 00 23.419     2013 04 20 15 03   .662     157.2
 2013 04 20 21 35  3.712     2013 04 20 21 37 46.281     162.6
293
 2013 04 20 11 38 37.529     2013 04 20 11 41 28.059     170.5
294
 2013 04 20 23 21 11.488     2013 04 20 23 24 29.650     198.2
295
 2013 04 20 15 00 19.673     2013 04 20 15 03 33.986     194.3
 2013 04 20 21 34 18.190     2013 04 20 21 36 55.733     157.5
296
 2013 04 20 11 54 20.240     2013 04 20 11 54 40.654      20.4
 2013 04 20 13 28 43.095     2013 04 20 13 32 14.861     211.8
 2013 04 20 18 24 32.838     2013 04 20 18 27 10.777     157.9
297
 2013 04 20 11 39 11.014     2013 04 20 11 42 53.877     222.9
298
 2013 04 20 23 22 43.416     2013 04 20 23 26 22.893     219.5
299
 2013 04 20 11 48 43.843     2013 04 20 11 51 30.007     166.2
 2013 04 20 20 04  9.125     2013 04 20 20 07 20.303     191.2
300
 2013 04 20 20 06 44.410     2013 04 20 20 09 26.431     162.0
301
 2013 04 20 20 07 28.367     2013 04 20 20 10  4.014     155.6
302
 2013 04 20 13 27 24.936     2013 04 20 13 27 31.536       6.6
 2013 04 20 21 36 23.739     2013 04 20 21 40  5.559     221.8
303
 2013 04 20 10 03 45.337     2013 04 20 10 06 18.995     153.7
304
 2013 04 20 13 24 37.799     2013 04 20 13 27 51.067     193.3
 2013 04 20 20 00 38.765     2013 04 20 20 01 31.983      53.2
305
 2013 04 20 15 02 50.371     2013 04 20 15 06 27.591     217.2
 2013 04 20 19 58 53.278     2013 04 20 20 01 42.988     169.7
306
 2013 04 20 21 46  1.768     2013 04 20 21 49 30.927     209.2
307
 2013 04 20 11 41 20.086     2013 04 20 11 41 53.037      33.0
 2013 04 20 23 22  4.799     2013 04 20 23 25 50.563     225.8
308
 2013 04 20 11 43 14.924     2013 04 20 11 44  9.051      54.1
 2013 04 20 21 44   .338     2013 04 20 21 44 27.921      27.6
309
 2013 04 20 14 58  3.964     2013 04 20 15 01 23.938     200.0
 2013 04 20 23 13 18.876     2013 04 20 23 14  7.599      48.7
310
 2013 04 20 13 26 28.400     2013 04 20 13 29 22.238     173.8
 2013 04 20 19 59 58.623     2013 04 20 20 02 51.502     172.9
311
 2013 04 20 13 12 28.795     2013 04 20 13 16  5.339     216.5
312
 2013 04 20 10 03 20.854     2013 04 20 10 06 43.969     203.1
 2013 04 20 21 48   .757     2013 04 20 21 49 58.199     117.4
313
 2013 04 20 10 06 44.709     2013 04 20 10 09 46.884     182.2
 2013 04 20 20 12 20.186     2013 04 20 20 12 30.926      10.7
314
 2013 04 20 11 49 31.640     2013 04 20 11 52 11.162     159.5
 2013 04 20 20 03 17.776     2013 04 20 20 03 21.812       4.0
315
 2013 04 20 13 14 25.338     2013 04 20 13 17 38.352     193.0
316
 2013 04 20 13 24 40.379     2013 04 20 13 28 25.374     225.0
 2013 04 20 15 02 25.443     2013 04 20 15 02 26.110        .7
 2013 04 20 19 59  3.172     2013 04 20 20 02  8.170     185.0
317
 2013 04 20 23 14 24.974     2013 04 20 23 17 49.453     204.5
318
 2013 04 20 10 04 17.301     2013 04 20 10 06 51.836     154.5
319
320
 2013 04 20 14 59 44.926     2013 04 20 15 02 48.138     183.2
 2013 04 20 21 34 11.232     2013 04 20 21 37 10.384     179.2
321
 2013 04 20 21 48 41.056     2013 04 20 21 49 48.546      67.5
322
 2013 04 20 15 03  4.214     2013 04 20 15 06  6.230     182.0
 2013 04 20 19 58 31.573     2013 04 20 20 01 15.463     163.9
323
 2013 04 20 11 49  7.651     2013 04 20 11 51 52.868     165.2
 2013 04 20 20 03 47.523     2013 04 20 20 07 30.892     223.4
324
 2013 04 20 13 15  8.468     2013 04 20 13 18 20.170     191.7
325
326
 2013 04 20 21 45 57.070     2013 04 20 21 46 24.355      27.3
327
 2013 04 20 15 01  4.440     2013 04 20 15 03 50.571     166.1
 2013 04 20 21 35 33.369     2013 04 20 21 38 18.544     165.2
328
 2013 04 20 23 23 32.441     2013 04 20 23 24 40.965      68.5
329
 2013 04 20 13 24 24.441     2013 04 20 13 27 19.898     175.5
330
 2013 04 20 15 01 11.311     2013 04 20 15 04 53.696     222.4
 2013 04 20 21 36  9.478     2013 04 20 21 39 23.949     194.5
331
 2013 04 20 13 25 20.073     2013 04 20 13 28 15.638     175.6
 2013 04 20 19 59 47.247     2013 04 20 20 02 41.738     174.5
332
 2013 04 20 20 05 27.062     2013 04 20 20 06 36.508      69.4
333
 2013 04 20 10 07 10.644     2013 04 20 10 09 57.366     166.7
 2013 04 20 20 09 57.089     2013 04 20 20 12 59.326     182.2
334
 2013 04 20 23 15 35.494     2013 04 20 23 19  2.556     207.1
335
 2013 04 20 13 14  6.491     2013 04 20 13 14 13.998       7.5
336
 2013 04 20 10 10 15.895     2013 04 20 10 13 13.894     178.0
337
 2013 04 20 10 02 55.023     2013 04 20 10 06 18.155     203.1
338
 2013 04 20 20 09 19.320     2013 04 20 20 10 19.558      60.2
339
 2013 04 20 11 41 10.208     2013 04 20 11 42 10.212      60.0
 2013 04 20 21 45 32.566     2013 04 20 21 48 13.740     161.2
340
 2013 04 20 11 51  1.683     2013 04 20 11 53 40.803     159.1
 2013 04 20 18 25 40.114     2013 04 20 18 28 30.455     170.3
341
 2013 04 20 13 24 30.560     2013 04 20 13 27 22.732     172.2
342
 2013 04 20 11 48 35.095     2013 04 20 11 51 40.806     185.7
 2013 04 20 20 03  4.307     2013 04 20 20 06  2.107     177.8
343
344
 2013 04 20 11 44 18.751     2013 04 20 11 46 55.742     157.0
 2013 04 20 21 42 35.356     2013 04 20 21 46 10.788     215.4
345
 2013 04 20 11 49 31.018     2013 04 20 11 52 24.678     173.7
 2013 04 20 20 02 30.639     2013 04 20 20 02 46.170      15.5
346
 2013 04 20 13 22 30.698     2013 04 20 13 23 16.719      46.0
347
348
 2013 04 20 13 19 35.885     2013 04 20 13 22 36.651     180.8
349
 2013 04 20 21 36 34.454     2013 04 20 21 39 50.280     195.8
350
 2013 04 20 11 48 32.173     2013 04 20 11 51  9.596     157.4
 2013 04 20 20 04  4.779     2013 04 20 20 06 55.657     170.9
351
 2013 04 20 10 07 34.335     2013 04 20 10 10  8.941     154.6
 2013 04 20 20 09 28.354     2013 04 20 20 12 25.182     176.8
352
 2013 04 20 11 37 20.548     2013 04 20 11 39 56.463     155.9
 2013 04 20 23 24  6.149     2013 04 20 23 27 19.298     193.1
353
354
 2013 04 20 13 21 26.042     2013 04 20 13 21 46.267      20.2
 2013 04 20 21 40 16.109     2013 04 20 21 42 52.139     156.0
355
356
 2013 04 20 11 47 43.161     2013 04 20 11 50 59.322     196.2
 2013 04 20 20 05  2.379     2013 04 20 20 07 40.133     157.8
357
 2013 04 20 11 51   .584     2013 04 20 11 53 38.769     158.2
 2013 04 20 18 25 57.391     2013 04 20 18 28 51.284     173.9
358
 2013 04 20 11 49 50.908     2013 04 20 11 52 30.453     159.5
359
 2013 04 20 13 15  3.575     2013 04 20 13 17 37.796     154.2
360
 2013 04 20 21 46 35.436     2013 04 20 21 46 40.533       5.1
361
 2013 04 20 10 09 18.870     2013 04 20 10 10 12.070      53.2
362
363
364
 2013 04 20 11 48  4.454     2013 04 20 11 51 35.836     211.4
 2013 04 20 20 02 56.537     2013 04 20 20 05 37.917     161.4
365
 2013 04 20 11 49 11.140     2013 04 20 11 51 52.098     161.0
 2013 04 20 20 03 10.746     2013 04 20 20 06 44.828     214.1
366
367
 2013 04 20 11 52  9.899     2013 04 20 11 54 58.769     168.9
 2013 04 20 18 25 25.377     2013 04 20 18 28 31.298     185.9
368
 2013 04 20 13 12 54.475     2013 04 20 13 16 34.069     219.6
369
 2013 04 20 10 05 38.728     2013 04 20 10 08 47.007     188.3
370
 2013 04 20 13 26  8.148     2013 04 20 13 29 11.188     183.0
 2013 04 20 19 59 52.986     2013 04 20 20 02 35.380     162.4
371
 2013 04 20 13 19 31.350     2013 04 20 13 22 21.608     170.3
372
 2013 04 20 11 45 43.680     2013 04 20 11 48 35.495     171.8
373
 2013 04 20 13 24  8.376     2013 04 20 13 27  2.088     173.7
374
375
 2013 04 20 13 23 30.807     2013 04 20 13 26 20.633     169.8
 2013 04 20 21 38 35.009     2013 04 20 21 42  6.864     211.9
376
 2013 04 20 10 02 38.341     2013 04 20 10 05 41.611     183.3
 2013 04 20 21 49 57.692     2013 04 20 21 50 23.271      25.6
377
 2013 04 20 20 02 15.800     2013 04 20 20 04 53.137     157.3
378
 2013 04 20 13 24 38.169     2013 04 20 13 27 23.087     164.9
 2013 04 20 20 04  2.108     2013 04 20 20 04 13.169      11.1
379
380
 2013 04 20 13 24  1.359     2013 04 20 13 27  2.869     181.5
 2013 04 20 21 36 58.340     2013 04 20 21 37 21.423      23.1
381
 2013 04 20 13 19 45.947     2013 04 20 13 23   .973     195.0
382
 2013 04 20 21 47 37.554     2013 04 20 21 50 49.543     192.0
383
 2013 04 20 11 48 31.027     2013 04 20 11 52  1.941     210.9
 2013 04 20 20 02 41.242     2013 04 20 20 05 44.532     183.3
384
 2013 04 20 13 14  5.955     2013 04 20 13 17 40.007     214.1
385
 2013 04 20 13 25 19.006     2013 04 20 13 28 11.321     172.3
 2013 04 20 19 59 48.756     2013 04 20 20 02 46.347     177.6
386
 2013 04 20 13 18 30.172     2013 04 20 13 19 37.868      67.7
387
 2013 04 20 20 05 29.134     2013 04 20 20 08 23.457     174.3
388
 2013 04 20 11 45 52.664     2013 04 20 11 49 34.531     221.9
389
 2013 04 20 21 46 38.118     2013 04 20 21 50 15.189     217.1
390
 2013 04 20 20 02 22.838     2013 04 20 20 05  1.166     158.3
391
 2013 04 20 11 47 28.963     2013 04 20 11 51  2.666     213.7
 2013 04 20 20 03  1.798     2013 04 20 20 05 41.739     159.9
392
 2013 04 20 11 39 39.528     2013 04 20 11 43 19.946     220.4
393
 2013 04 20 13 27 30.535     2013 04 20 13 31 13.665     223.1
 2013 04 20 18 23 38.136     2013 04 20 18 27 18.153     220.0
394
 2013 04 20 10 04  6.031     2013 04 20 10 04 53.218      47.2
 2013 04 20 21 49  9.585     2013 04 20 21 52  4.303     174.7
395
 2013 04 20 23 15 39.874     2013 04 20 23 18 38.784     178.9
396
397
 2013 04 20 11 48 54.444     2013 04 20 11 52 12.740     198.3
 2013 04 20 20 02 35.384     2013 04 20 20 06  2.225     206.8
398
 2013 04 20 10 02 20.834     2013 04 20 10 04 56.531     155.7
 2013 04 20 21 49 56.808     2013 04 20 21 52 46.340     169.5
399
 2013 04 20 13 14 29.589     2013 04 20 13 18  1.464     211.9
400
401
 2013 04 20 23 22 14.708     2013 04 20 23 25 11.030     176.3
402
403
 2013 04 20 10 09 41.767     2013 04 20 10 12 31.759     170.0
 2013 04 20 20 07 43.688     2013 04 20 20 11 11.365     207.7
404
 2013 04 20 11 40 13.304     2013 04 20 11 40 38.509      25.2
 2013 04 20 21 45 35.732     2013 04 20 21 49  4.570     208.8
405
 2013 04 20 10 05 23.181     2013 04 20 10 09  2.043     218.9
406
 2013 04 20 21 42  5.311     2013 04 20 21 44 41.959     156.6
407
 2013 04 20 13 12 37.994     2013 04 20 13 15 30.974     173.0
408
 2013 04 20 10 09 37.167     2013 04 20 10 13 16.410     219.2
 2013 04 20 20 06 56.984     2013 04 20 20 10 27.259     210.3
409
 2013 04 20 11 44 19.883     2013 04 20 11 47  1.200     161.3
 2013 04 20 21 42 51.839     2013 04 20 21 43 35.976      44.1
410
 2013 04 20 10 06 22.899     2013 04 20 10 07 25.174      62.3
 2013 04 20 20 10 58.963     2013 04 20 20 13 49.433     170.5
411
 2013 04 20 11 50 37.335     2013 04 20 11 53 28.166     170.8
 2013 04 20 18 25 10.542     2013 04 20 18 28 17.378     186.8
412
 2013 04 20 11 42 31.195     2013 04 20 11 45 13.214     162.0
 2013 04 20 21 43 32.388     2013 04 20 21 46 17.909     165.5
413
 2013 04 20 11 39 29.709     2013 04 20 11 43 13.703     224.0
414
 2013 04 20 11 44 46.990     2013 04 20 11 47 22.294     155.3
415
 2013 04 20 13 15 54.133     2013 04 20 13 18 29.929     155.8
 2013 04 20 23 21 46.531     2013 04 20 23 22 14.372      27.8
416
417
 2013 04 20 13 18 33.116     2013 04 20 13 19 36.445      63.3
 2013 04 20 23 16  8.934     2013 04 20 23 19 26.363     197.4
418
 2013 04 20 23 21  4.434     2013 04 20 23 23 46.337     161.9
419
 2013 04 20 13 12 53.010     2013 04 20 13 13 10.608      17.6
420
 2013 04 20 11 38 24.261     2013 04 20 11 41  3.235     159.0
421
422
 2013 04 20 11 50 56.179     2013 04 20 11 54 16.692     200.5
 2013 04 20 18 26 51.460     2013 04 20 18 29 36.343     164.9
423
 2013 04 20 11 49 55.447     2013 04 20 11 52 36.527     161.1
424
 2013 04 20 23 22 10.203     2013 04 20 23 24 54.208     164.0
425
 2013 04 20 11 41 39.203     2013 04 20 11 44 59.317     200.1
 2013 04 20 21 45  4.966     2013 04 20 21 47 46.886     161.9
426
 2013 04 20 11 40 12.768     2013 04 20 11 42 49.434     156.7
427
 2013 04 20 10 07 22.675     2013 04 20 10 10  1.809     159.1
 2013 04 20 20 09  1.009     2013 04 20 20 12 18.838     197.8
428
 2013 04 20 23 14 20.684     2013 04 20 23 16 26.237     125.6
429
430
 2013 04 20 20 11  3.355     2013 04 20 20 13 39.428     156.1
431
 2013 04 20 15 00 50.070     2013 04 20 15 01 25.342      35.3
 2013 04 20 21 36 28.870     2013 04 20 21 39 29.828     181.0
432
 2013 04 20 20 12 38.179     2013 04 20 20 15 30.814     172.6
433
 2013 04 20 10 08 37.987     2013 04 20 10 11 15.184     157.2
 2013 04 20 20 08 56.356     2013 04 20 20 11 32.374     156.0
434
 2013 04 20 11 50 48.556     2013 04 20 11 52 20.058      91.5
 2013 04 20 13 28 50.027     2013 04 20 13 32 31.016     221.0
 2013 04 20 18 24 43.465     2013 04 20 18 27 21.139     157.7
435
436
 2013 04 20 21 40 41.029     2013 04 20 21 43 38.429     177.4
437
 2013 04 20 20 11 32.585     2013 04 20 20 14  6.683     154.1
438
 2013 04 20 11 38 34.288     2013 04 20 11 38 39.044       4.8
439
 2013 04 20 11 47 55.981     2013 04 20 11 50 53.351     177.4
 2013 04 20 20 04 45.954     2013 04 20 20 07 23.959     158.0
440
441
 2013 04 20 10 08 58.586     2013 04 20 10 11 49.265     170.7
 2013 04 20 20 08 21.738     2013 04 20 20 11  6.182     164.4
442
 2013 04 20 13 27 49.541     2013 04 20 13 31 18.792     209.3
 2013 04 20 18 23 46.679     2013 04 20 18 27  4.594     197.9
443
 2013 04 20 18 27 50.923     2013 04 20 18 30 44.140     173.2
444
 2013 04 20 11 43 39.629     2013 04 20 11 46 14.898     155.3
 2013 04 20 21 43 26.323     2013 04 20 21 46 24.305     178.0
445
 2013 04 20 21 41 31.598     2013 04 20 21 44 36.121     184.5
446
 2013 04 20 13 17  6.999     2013 04 20 13 20 27.706     200.7
 2013 04 20 23 19 17.174     2013 04 20 23 21 59.744     162.6
447
 2013 04 20 10 05 15.986     2013 04 20 10 08 44.933     208.9
448
 2013 04 20 10 06 21.831     2013 04 20 10 09 55.789     214.0
449
 2013 04 20 13 15 52.787     2013 04 20 13 19 34.101     221.3
 2013 04 20 23 20 19.419     2013 04 20 23 20 59.828      40.4
450
 2013 04 20 13 22 43.467     2013 04 20 13 24 22.857      99.4
 2013 04 20 21 39 30.972     2013 04 20 21 42 54.078     203.1
451
 2013 04 20 11 48 44.912     2013 04 20 11 52 22.213     217.3
 2013 04 20 20 02 23.876     2013 04 20 20 05 47.404     203.5
452
 2013 04 20 11 38 12.378     2013 04 20 11 41 29.242     196.9
453
 2013 04 20 13 24 21.383     2013 04 20 13 27 58.767     217.4
 2013 04 20 20 04 19.197     2013 04 20 20 04 55.012      35.8
454
 2013 04 20 16 38 22.498     2013 04 20 16 41 33.566     191.1
 2013 04 20 21 33 34.454     2013 04 20 21 36 18.452     164.0
455
 2013 04 20 13 21 44.097     2013 04 20 13 24 57.644     193.5
 2013 04 20 21 39 38.378     2013 04 20 21 42 21.497     163.1
456
 2013 04 20 11 44 34.103     2013 04 20 11 48 19.266     225.2
457
 2013 04 20 15 00  7.314     2013 04 20 15 03 12.090     184.8
 2013 04 20 21 34 21.878     2013 04 20 21 37  2.977     161.1
458
 2013 04 20 13 20 34.762     2013 04 20 13 23 58.275     203.5
 2013 04 20 21 42 25.195     2013 04 20 21 43 19.577      54.4
459
 2013 04 20 15 00  9.174     2013 04 20 15 03  4.588     175.4
 2013 04 20 21 34 29.138     2013 04 20 21 37 12.279     163.1
460
 2013 04 20 13 25 46.299     2013 04 20 13 28 23.950     157.7
 2013 04 20 20 00 34.774     2013 04 20 20 03 19.432     164.7
461
 2013 04 20 13 22  2.291     2013 04 20 13 24 41.794     159.5
 2013 04 20 21 38 58.977     2013 04 20 21 41 46.433     167.5
462
 2013 04 20 10 10  3.149     2013 04 20 10 12 38.427     155.3
 2013 04 20 20 07 46.337     2013 04 20 20 08 13.493      27.2
463
464
465
 2013 04 20 13 21 59.961     2013 04 20 13 24 49.016     169.1
 2013 04 20 21 38 11.044     2013 04 20 21 41  3.723     172.7
466
 2013 04 20 21 41  7.725     2013 04 20 21 44 12.054     184.3
467
 2013 04 20 15 01  2.632     2013 04 20 15 04 14.916     192.3
 2013 04 20 16 38 39.842     2013 04 20 16 39 48.580      68.7
 2013 04 20 19 55 38.756     2013 04 20 19 55 49.746      11.0
 2013 04 20 21 34 11.636     2013 04 20 21 37 16.286     184.7
468
 2013 04 20 23 15   .046     2013 04 20 23 15 14.466      14.4
469
 2013 04 20 21 40 47.746     2013 04 20 21 43 29.778     162.0
470
 2013 04 20 21 46 10.645     2013 04 20 21 46 52.688      42.0
471
 2013 04 20 11 44  6.538     2013 04 20 11 44 47.155      40.6
472
 2013 04 20 13 17 32.576     2013 04 20 13 20  9.371     156.8
 2013 04 20 23 18 12.216     2013 04 20 23 20 46.689     154.5
473
 2013 04 20 11 37 43.794     2013 04 20 11 40 36.111     172.3
474
 2013 04 20 13 15 16.592     2013 04 20 13 18 30.621     194.0
475
476
477
 2013 04 20 11 50 20.539     2013 04 20 11 53 36.016     195.5
 2013 04 20 18 24 47.011     2013 04 20 18 27 55.666     188.7
478
 2013 04 20 23 15 32.689     2013 04 20 23 19  5.962     213.3
479
 2013 04 20 10 10  6.719     2013 04 20 10 12 47.704     161.0
 2013 04 20 20 07 28.906     2013 04 20 20 08  2.146      33.2
480
 2013 04 20 11 40  4.602     2013 04 20 11 42 38.537     153.9
481
 2013 04 20 21 46 19.224     2013 04 20 21 49 30.424     191.2
482
 2013 04 20 10 05 44.986     2013 04 20 10 08 31.727     166.7
483
 2013 04 20 13 13 24.434     2013 04 20 13 16 14.922     170.5
484
 2013 04 20 23 21   .119     2013 04 20 23 23 46.079     166.0
485
 2013 04 20 11 39 58.617     2013 04 20 11 42 38.321     159.7
486
 2013 04 20 21 39 41.887     2013 04 20 21 40  3.770      21.9
487
 2013 04 20 13 26   .096     2013 04 20 13 29 26.344     206.2
 2013 04 20 20 01 37.090     2013 04 20 20 04 15.154     158.1
488
 2013 04 20 10 06 27.106     2013 04 20 10 09  2.747     155.6
489
 2013 04 20 13 24 28.058     2013 04 20 13 27 35.967     187.9
 2013 04 20 20 04 34.624     2013 04 20 20 04 38.191       3.6
490
 2013 04 20 11 44 54.938     2013 04 20 11 47 46.267     171.3
491
 2013 04 20 15 02 49.245     2013 04 20 15 05 31.088     161.8
 2013 04 20 19 57 54.171     2013 04 20 20 00 46.974     172.8
492
 2013 04 20 13 25 48.714     2013 04 20 13 29 38.397     229.7
 2013 04 20 20 01 52.256     2013 04 20 20 04 29.867     157.6
493
 2013 04 20 13 24 10.057     2013 04 20 13 27  4.412     174.4
494
 2013 04 20 13 19 51.703     2013 04 20 13 22 42.564     170.9
495
496
 2013 04 20 13 23 42.762     2013 04 20 13 26 42.137     179.4
 2013 04 20 21 38 27.628     2013 04 20 21 39 18.967      51.3
497
498
 2013 04 20 10 10 25.381     2013 04 20 10 13 27.995     182.6
499
 2013 04 20 11 46  4.515     2013 04 20 11 49 29.927     205.4
500
 2013 04 20 13 17  7.134     2013 04 20 13 19 51.969     164.8
 2013 04 20 23 18 57.605     2013 04 20 23 21 32.161     154.6
501
 2013 04 20 11 40 38.813     2013 04 20 11 43 25.771     167.0
502
 2013 04 20 11 46 54.983     2013 04 20 11 49 37.327     162.3
 2013 04 20 20 03 32.481     2013 04 20 20 07  4.223     211.7
503
 2013 04 20 11 42 56.897     2013 04 20 11 45 49.483     172.6
 2013 04 20 21 43 12.771     2013 04 20 21 45 47.804     155.0
504
 2013 04 20 20 04 56.573     2013 04 20 20 05 31.065      34.5
505
 2013 04 20 11 44 13.620     2013 04 20 11 44 32.327      18.7
 2013 04 20 21 41 15.963     2013 04 20 21 44 53.100     217.1
506
 2013 04 20 14 59 16.812     2013 04 20 15 02 38.555     201.7
 2013 04 20 21 35 26.936     2013 04 20 21 39  8.145     221.2
507
 2013 04 20 20 05 45.498     2013 04 20 20 08 25.013     159.5
508
 2013 04 20 11 47  4.342     2013 04 20 11 49 46.069     161.7
 2013 04 20 20 04 22.554     2013 04 20 20 07 31.779     189.2
509
 2013 04 20 13 25 47.191     2013 04 20 13 28 43.552     176.4
 2013 04 20 19 59 58.218     2013 04 20 20 02 36.277     158.1
510
 2013 04 20 13 14 17.031     2013 04 20 13 16 51.301     154.3
511
 2013 04 20 13 19 15.035     2013 04 20 13 21 56.580     161.5
512
 2013 04 20 11 49 41.969     2013 04 20 11 51 21.165      99.2
 2013 04 20 18 26 28.598     2013 04 20 18 26 30.856       2.3
513
 2013 04 20 20 06 16.315     2013 04 20 20 08 57.257     160.9
514
 2013 04 20 23 14 54.820     2013 04 20 23 15  6.303      11.5
515
 2013 04 20 11 52 30.768     2013 04 20 11 55 28.880     178.1
 2013 04 20 13 30  1.578     2013 04 20 13 30 53.666      52.1
 2013 04 20 16 47 11.569     2013 04 20 16 50 43.010     211.4
 2013 04 20 18 25   .260     2013 04 20 18 28 43.269     223.0
516
 2013 04 20 11 38 49.191     2013 04 20 11 41 28.293     159.1
517
 2013 04 20 13 24 13.681     2013 04 20 13 27  9.859     176.2
518
519
 2013 04 20 11 48 56.242     2013 04 20 11 52 17.448     201.2
 2013 04 20 20 04  9.758     2013 04 20 20 04 48.085      38.3
520
 2013 04 20 20 12 16.868     2013 04 20 20 15 26.212     189.3
521
 2013 04 20 10 03  8.933     2013 04 20 10 05 54.425     165.5
 2013 04 20 21 48 53.251     2013 04 20 21 52 26.984     213.7
522
 2013 04 20 13 19 42.191     2013 04 20 13 22 18.467     156.3
523
 2013 04 20 11 44 47.628     2013 04 20 11 44 53.472       5.8
524
 2013 04 20 13 13 37.708     2013 04 20 13 17 17.292     219.6
525
 2013 04 20 10 06 36.596     2013 04 20 10 09 41.204     184.6
526
 2013 04 20 23 21 57.870     2013 04 20 23 24 32.163     154.3
527
 2013 04 20 10 04 48.786     2013 04 20 10 07 47.829     179.0
528
529
 2013 04 20 11 42 30.517     2013 04 20 11 43  7.012      36.5
530
 2013 04 20 11 42 25.940     2013 04 20 11 45  6.878     160.9
 2013 04 20 21 44 20.048     2013 04 20 21 46 57.602     157.6
531
 2013 04 20 13 12 49.426     2013 04 20 13 15 39.548     170.1
532
 2013 04 20 10 06 28.052     2013 04 20 10 09 16.081     168.0
 2013 04 20 20 12 27.777     2013 04 20 20 13 44.062      76.3
533
 2013 04 20 11 40 40.020     2013 04 20 11 44  1.634     201.6
534
 2013 04 20 20 06 20.251     2013 04 20 20 09 30.780     190.5
535
 2013 04 20 21 40 42.968     2013 04 20 21 44 26.352     223.4
536
 2013 04 20 11 52 23.860     2013 04 20 11 55 20.412     176.6
 2013 04 20 13 29 51.340     2013 04 20 13 30 10.231      18.9
 2013 04 20 16 47  3.514     2013 04 20 16 50 46.829     223.3
 2013 04 20 18 25  6.735     2013 04 20 18 28 37.763     211.0
537
 2013 04 20 13 22  6.987     2013 04 20 13 25 55.125     228.1
 2013 04 20 21 39 54.751     2013 04 20 21 42 36.849     162.1
538
 2013 04 20 23 22 18.385     2013 04 20 23 24 52.039     153.7
539
 2013 04 20 23 22  9.159     2013 04 20 23 25  6.442     177.3
540
 2013 04 20 11 50 50.402     2013 04 20 11 53 35.418     165.0
 2013 04 20 18 26  6.659     2013 04 20 18 29  9.459     182.8
541
 2013 04 20 21 40 34.663     2013 04 20 21 43 16.516     161.9
542
 2013 04 20 13 22 22.878     2013 04 20 13 22 48.451      25.6
 2013 04 20 23 15 44.174     2013 04 20 23 19 16.781     212.6
543
544
 2013 04 20 11 51 56.661     2013 04 20 11 54 34.270     157.6
 2013 04 20 18 25 57.233     2013 04 20 18 28 42.499     165.3
545
 2013 04 20 11 40 52.152     2013 04 20 11 43 39.701     167.5
546
 2013 04 20 10 09 59.175     2013 04 20 10 10  1.262       2.1
547
548
 2013 04 20 23 20 27.150     2013 04 20 23 23 22.633     175.5
549
550
 2013 04 20 10 09 25.876     2013 04 20 10 12 28.560     182.7
 2013 04 20 20 08 42.874     2013 04 20 20 09 16.608      33.7
551
 2013 04 20 15 00 12.344     2013 04 20 15 03  5.392     173.0
 2013 04 20 21 34 32.324     2013 04 20 21 37 14.536     162.2
552
 2013 04 20 11 38 56.857     2013 04 20 11 41 40.311     163.5
553
 2013 04 20 11 50 30.134     2013 04 20 11 54 17.570     227.4
 2013 04 20 18 27  1.165     2013 04 20 18 29 58.657     177.5
554
555
556
 2013 04 20 18 27  7.743     2013 04 20 18 30 36.199     208.5
557
 2013 04 20 10 07 56.520     2013 04 20 10 08 31.195      34.7
 2013 04 20 20 10 12.712     2013 04 20 20 13 24.090     191.4
558
 2013 04 20 11 39 50.644     2013 04 20 11 40  2.735      12.1
 2013 04 20 23 23 31.480     2013 04 20 23 26  9.552     158.1
559
 2013 04 20 11 49 38.950     2013 04 20 11 50 38.667      59.7
 2013 04 20 18 24  5.976     2013 04 20 18 27 40.677     214.7
560
 2013 04 20 20 12 35.568     2013 04 20 20 16  8.299     212.7
561
 2013 04 20 13 24 25.570     2013 04 20 13 25  9.540      44.0
 2013 04 20 20 01 20.259     2013 04 20 20 04 59.940     219.7
562
563
 2013 04 20 11 40 17.138     2013 04 20 11 42 58.640     161.5
564
 2013 04 20 11 50 25.180     2013 04 20 11 53 38.640     193.5
 2013 04 20 18 26 24.080     2013 04 20 18 29 45.119     201.0
565
 2013 04 20 23 22 25.738     2013 04 20 23 25 20.026     174.3
566
 2013 04 20 13 27 44.339     2013 04 20 13 30 27.299     163.0
 2013 04 20 18 22 51.496     2013 04 20 18 26 18.403     206.9
567
 2013 04 20 11 49 37.341     2013 04 20 11 52 14.214     156.9
568
 2013 04 20 11 50  3.326     2013 04 20 11 52 40.206     156.9
 2013 04 20 18 29 16.185     2013 04 20 18 29 17.867       1.7
569
 2013 04 20 13 21  9.379     2013 04 20 13 21 28.654      19.3
 2013 04 20 23 16 44.608     2013 04 20 23 19 19.722     155.1
570
571
 2013 04 20 10 04 41.998     2013 04 20 10 07 37.687     175.7
572
 2013 04 20 10 10  6.158     2013 04 20 10 12 41.274     155.1
 2013 04 20 20 07 45.168     2013 04 20 20 07 52.164       7.0
573
 2013 04 20 11 41 28.699     2013 04 20 11 44 36.240     187.5
 2013 04 20 21 45 41.366     2013 04 20 21 46 47.953      66.6
574
575
 2013 04 20 13 27 32.608     2013 04 20 13 30 16.865     164.3
 2013 04 20 18 22 17.483     2013 04 20 18 25 33.463     196.0
 2013 04 20 19 59 38.613     2013 04 20 19 59 44.554       5.9
576
577
 2013 04 20 20 05 52.315     2013 04 20 20 09 29.319     217.0
578
 2013 04 20 11 37 19.904     2013 04 20 11 39 53.646     153.7
 2013 04 20 23 24 13.145     2013 04 20 23 27 30.253     197.1
579
 2013 04 20 14 59 43.661     2013 04 20 15 02 20.682     157.0
 2013 04 20 21 34 39.935     2013 04 20 21 38  4.006     204.1
580
 2013 04 20 23 22 59.097     2013 04 20 23 25 46.113     167.0
581
 2013 04 20 11 48 51.390     2013 04 20 11 51 44.936     173.5
 2013 04 20 20 03  7.045     2013 04 20 20 06 18.643     191.6
582
 2013 04 20 20 06 16.420     2013 04 20 20 09   .108     163.7
583
 2013 04 20 13 17 30.249     2013 04 20 13 18  2.063      31.8
 2013 04 20 23 18 54.812     2013 04 20 23 22 39.382     224.6
584
 2013 04 20 13 18 16.013     2013 04 20 13 21  9.703     173.7
 2013 04 20 23 17 19.666     2013 04 20 23 20 10.787     171.1
585
586
 2013 04 20 13 26 53.008     2013 04 20 13 29 30.822     157.8
 2013 04 20 20 00 23.014     2013 04 20 20 03 29.220     186.2
587
 2013 04 20 11 51 21.797     2013 04 20 11 54 14.492     172.7
 2013 04 20 18 26 32.718     2013 04 20 18 29 10.823     158.1
588
 2013 04 20 15 00 39.591     2013 04 20 15 03 16.890     157.3
 2013 04 20 21 35  9.106     2013 04 20 21 37 46.428     157.3
589
 2013 04 20 20 11 39.180     2013 04 20 20 14 33.614     174.4
590
 2013 04 20 11 47 12.643     2013 04 20 11 50  9.221     176.6
 2013 04 20 20 04 47.700     2013 04 20 20 07 37.058     169.4
591
 2013 04 20 13 26 21.820     2013 04 20 13 29 16.632     174.8
 2013 04 20 19 59 59.281     2013 04 20 20 02 47.192     167.9
592
 2013 04 20 11 48 17.491     2013 04 20 11 51 51.325     213.8
 2013 04 20 20 04 47.147     2013 04 20 20 08  4.538     197.4
593
 2013 04 20 13 12 18.671     2013 04 20 13 15 28.375     189.7
594
 2013 04 20 10 09  3.081     2013 04 20 10 11 38.041     155.0
 2013 04 20 20 08 47.789     2013 04 20 20 11 39.933     172.1
595
 2013 04 20 10 06 55.073     2013 04 20 10 10 19.950     204.9
 2013 04 20 20 08  3.766     2013 04 20 20 08 21.679      17.9
596
 2013 04 20 11 38 20.566     2013 04 20 11 41  3.545     163.0
597
 2013 04 20 10 05 12.973     2013 04 20 10 08 10.516     177.5
598
 2013 04 20 11 42 49.849     2013 04 20 11 46 26.773     216.9
 2013 04 20 21 44 29.972     2013 04 20 21 47 38.808     188.8
599
 2013 04 20 11 38 23.389     2013 04 20 11 40 57.142     153.8
600
 2013 04 20 11 39 11.946     2013 04 20 11 42 11.312     179.4
601
 2013 04 20 13 21 57.653     2013 04 20 13 24 51.943     174.3
 2013 04 20 21 38  4.872     2013 04 20 21 40 58.262     173.4
602
 2013 04 20 21 47 24.494     2013 04 20 21 50 10.920     166.4
603
 2013 04 20 11 42 24.176     2013 04 20 11 46  9.653     225.5
 2013 04 20 21 44 52.936     2013 04 20 21 47 43.551     170.6
604
 2013 04 20 10 05 49.021     2013 04 20 10 08 34.313     165.3
605
 2013 04 20 11 50 27.652     2013 04 20 11 53  5.493     157.8
 2013 04 20 18 25 18.389     2013 04 20 18 28 51.314     212.9
606
 2013 04 20 13 28  4.029     2013 04 20 13 30 41.871     157.8
 2013 04 20 18 22 58.642     2013 04 20 18 25 56.263     177.6
607
 2013 04 20 14 58 27.049     2013 04 20 15 02 18.192     231.1
608
 2013 04 20 15 00 27.633     2013 04 20 15 03 58.833     211.2
 2013 04 20 16 38 15.425     2013 04 20 16 42  7.679     232.3
 2013 04 20 21 34  5.208     2013 04 20 21 36 48.940     163.7
609
 2013 04 20 20 01 56.445     2013 04 20 20 05 10.621     194.2
610
 2013 04 20 13 17 57.969     2013 04 20 13 21 43.901     225.9
 2013 04 20 23 16 42.477     2013 04 20 23 19 26.544     164.1
611
612
 2013 04 20 15 00 46.052     2013 04 20 15 03 52.177     186.1
 2013 04 20 21 35 55.865     2013 04 20 21 38 35.148     159.3
613
 2013 04 20 13 18 59.935     2013 04 20 13 21 39.575     159.6
 2013 04 20 23 17 18.549     2013 04 20 23 17 44.264      25.7
614
 2013 04 20 10 06 33.373     2013 04 20 10 09 31.175     177.8
 2013 04 20 20 10  5.951     2013 04 20 20 13 38.966     213.0
615
 2013 04 20 21 47  5.497     2013 04 20 21 49 46.858     161.4
616
 2013 04 20 10 06 27.767     2013 04 20 10 09 10.018     162.3
617
 2013 04 20 13 28  1.366     2013 04 20 13 28 16.372      15.0
 2013 04 20 15 02  7.088     2013 04 20 15 03   .895      53.8
 2013 04 20 19 58 31.840     2013 04 20 20 02  3.154     211.3
618
 2013 04 20 11 51 48.986     2013 04 20 11 54 56.176     187.2
 2013 04 20 13 29 19.890     2013 04 20 13 29 33.389      13.5
 2013 04 20 18 25 10.730     2013 04 20 18 28  6.643     175.9
619
 2013 04 20 11 50  5.349     2013 04 20 11 53  5.560     180.2
 2013 04 20 18 25 50.358     2013 04 20 18 26   .882      10.5
620
 2013 04 20 21 40 40.683     2013 04 20 21 43 16.199     155.5
621
 2013 04 20 23 15  7.083     2013 04 20 23 18 19.397     192.3
622
 2013 04 20 11 48 49.167     2013 04 20 11 51 26.198     157.0
 2013 04 20 20 03 51.134     2013 04 20 20 06 58.920     187.8
623
624
 2013 04 20 23 21   .085     2013 04 20 23 24 38.463     218.4
625
 2013 04 20 10 08  9.126     2013 04 20 10 11 52.780     223.7
 2013 04 20 20 10  1.815     2013 04 20 20 13  9.299     187.5
626
 2013 04 20 10 07 34.885     2013 04 20 10 11 20.315     225.4
 2013 04 20 20 10 29.991     2013 04 20 20 13 10.381     160.4
627
 2013 04 20 14 59 49.951     2013 04 20 15 02 43.558     173.6
 2013 04 20 21 34 19.876     2013 04 20 21 37 20.082     180.2
628
 2013 04 20 13 23 29.846     2013 04 20 13 27 20.949     231.1
 2013 04 20 21 36 34.570     2013 04 20 21 40 21.490     226.9
629
 2013 04 20 21 45 58.881     2013 04 20 21 48 52.816     173.9
630
 2013 04 20 14 57 33.368     2013 04 20 14 59  7.140      93.8
 2013 04 20 23 13 51.121     2013 04 20 23 17 37.830     226.7
631
 2013 04 20 10 07 57.834     2013 04 20 10 11 26.319     208.5
 2013 04 20 20 08  9.844     2013 04 20 20 10 52.587     162.7
632
 2013 04 20 10 11 32.273     2013 04 20 10 14 28.912     176.6
633
 2013 04 20 11 49 51.064     2013 04 20 11 53 13.007     201.9
 2013 04 20 18 29 52.395     2013 04 20 18 30 12.297      19.9
634
 2013 04 20 11 37 22.346     2013 04 20 11 40 45.962     203.6
635
 2013 04 20 13 24 11.528     2013 04 20 13 26 59.853     168.3
636
 2013 04 20 11 50 10.215     2013 04 20 11 52 59.441     169.2
 2013 04 20 18 25 39.622     2013 04 20 18 25 58.700      19.1
637
 2013 04 20 10 06 26.284     2013 04 20 10 09  8.024     161.7
638
639
 2013 04 20 11 50 59.062     2013 04 20 11 53 37.932     158.9
 2013 04 20 18 25 58.922     2013 04 20 18 28 54.233     175.3
640
641
 2013 04 20 21 45 38.437     2013 04 20 21 49 24.411     226.0
642
643
 2013 04 20 11 49 49.338     2013 04 20 11 53 25.808     216.5
 2013 04 20 18 29 29.275     2013 04 20 18 30 18.816      49.5
644
 2013 04 20 13 27 29.870     2013 04 20 13 30 15.624     165.8
 2013 04 20 18 22 38.824     2013 04 20 18 26 27.433     228.6
 2013 04 20 20 00 28.642     2013 04 20 20 01 23.480      54.8
645
 2013 04 20 11 38 39.347     2013 04 20 11 42  5.737     206.4
646
 2013 04 20 13 26 32.793     2013 04 20 13 29 16.288     163.5
 2013 04 20 20 00 12.986     2013 04 20 20 03  3.601     170.6
647
 2013 04 20 13 18 27.350     2013 04 20 13 22  9.487     222.1
 2013 04 20 23 16 21.107     2013 04 20 23 19 30.223     189.1
648
 2013 04 20 20 05 44.462     2013 04 20 20 09  6.220     201.8
649
 2013 04 20 10 03 24.303     2013 04 20 10 06 35.540     191.2
 2013 04 20 21 48  8.164     2013 04 20 21 49 33.369      85.2
650
 2013 04 20 13 25 23.739     2013 04 20 13 29 16.726     233.0
 2013 04 20 15 03 25.071     2013 04 20 15 07  6.008     220.9
 2013 04 20 19 59 17.912     2013 04 20 20 01 55.671     157.8
651
 2013 04 20 13 22 58.083     2013 04 20 13 26 32.128     214.0
 2013 04 20 21 39 16.004     2013 04 20 21 42 42.148     206.1
652
 2013 04 20 15 00 13.446     2013 04 20 15 03 37.967     204.5
 2013 04 20 21 36  6.722     2013 04 20 21 38 46.090     159.4
653
 2013 04 20 10 12 15.989     2013 04 20 10 13  8.114      52.1
 2013 04 20 20 07  6.539     2013 04 20 20 10  8.564     182.0
654
 2013 04 20 11 46 53.843     2013 04 20 11 49 49.135     175.3
 2013 04 20 20 03 17.293     2013 04 20 20 06 45.622     208.3
655
 2013 04 20 11 38 21.870     2013 04 20 11 40 55.752     153.9
656
657
 2013 04 20 10 10 23.557     2013 04 20 10 12 58.912     155.4
658
 2013 04 20 10 03 39.710     2013 04 20 10 06 38.478     178.8
 2013 04 20 21 48  2.410     2013 04 20 21 48  8.620       6.2
659
660
 2013 04 20 11 40 50.507     2013 04 20 11 43 45.624     175.1
 2013 04 20 21 47 46.763     2013 04 20 21 48 32.161      45.4
661
662
 2013 04 20 13 16 46.364     2013 04 20 13 16 56.829      10.5
 2013 04 20 23 19 38.010     2013 04 20 23 22 36.422     178.4
663
 2013 04 20 10 03 31.269     2013 04 20 10 06 47.472     196.2
664
 2013 04 20 13 20 42.247     2013 04 20 13 21 13.679      31.4
 2013 04 20 21 40  5.611     2013 04 20 21 43 15.832     190.2
665
 2013 04 20 15 01 11.563     2013 04 20 15 03 51.377     159.8
 2013 04 20 21 34 54.273     2013 04 20 21 37 46.350     172.1
666
 2013 04 20 13 23  6.348     2013 04 20 13 26 17.662     191.3
 2013 04 20 21 37 34.478     2013 04 20 21 40 31.265     176.8
667
 2013 04 20 13 27  9.472     2013 04 20 13 27 47.644      38.2
 2013 04 20 20 02 18.164     2013 04 20 20 02 24.945       6.8
668
 2013 04 20 11 40  4.091     2013 04 20 11 42 46.973     162.9
669
 2013 04 20 11 51 36.283     2013 04 20 11 54 23.286     167.0
 2013 04 20 18 25 36.644     2013 04 20 18 28 15.602     159.0
670
 2013 04 20 13 21  3.155     2013 04 20 13 23 56.768     173.6
 2013 04 20 21 41 21.834     2013 04 20 21 41 46.127      24.3
671
 2013 04 20 15 01  2.285     2013 04 20 15 03 46.645     164.4
 2013 04 20 21 35 31.242     2013 04 20 21 38 14.693     163.5
672
 2013 04 20 20 11 57.043     2013 04 20 20 14 35.276     158.2
673
 2013 04 20 10 02 51.221     2013 04 20 10 05 24.794     153.6
 2013 04 20 21 49 36.321     2013 04 20 21 53  3.717     207.4
674
 2013 04 20 13 23 40.823     2013 04 20 13 27  3.593     202.8
675
 2013 04 20 11 39 39.021     2013 04 20 11 40  6.137      27.1
676
 2013 04 20 11 37 49.800     2013 04 20 11 38  5.356      15.6
677
 2013 04 20 11 45 52.261     2013 04 20 11 48 28.023     155.8
678
 2013 04 20 11 47 36.316     2013 04 20 11 50 36.374     180.1
 2013 04 20 20 03 27.864     2013 04 20 20 06 10.135     162.3
679
680
 2013 04 20 23 21 38.739     2013 04 20 23 24 12.715     154.0
681
 2013 04 20 11 41 32.226     2013 04 20 11 42 32.974      60.7
682
 2013 04 20 10 07  2.433     2013 04 20 10 10 44.648     222.2
 2013 04 20 20 07 53.914     2013 04 20 20 11 30.328     216.4
683
 2013 04 20 13 22 59.148     2013 04 20 13 25 39.782     160.6
 2013 04 20 21 38 18.697     2013 04 20 21 41  2.011     163.3
684
685
 2013 04 20 20 16 23.126     2013 04 20 20 16 27.463       4.3
686
 2013 04 20 15 00  6.815     2013 04 20 15 02 47.560     160.7
 2013 04 20 21 35 11.833     2013 04 20 21 38  7.600     175.8
687
 2013 04 20 11 50 39.612     2013 04 20 11 53 33.744     174.1
 2013 04 20 18 26 12.372     2013 04 20 18 29 24.322     191.9
688
 2013 04 20 10 06  9.339     2013 04 20 10 08 43.744     154.4
689
 2013 04 20 11 49 36.742     2013 04 20 11 49 53.902      17.2
 2013 04 20 13 27 28.148     2013 04 20 13 27 32.118       4.0
 2013 04 20 18 24  3.622     2013 04 20 18 27 37.371     213.7
690
 2013 04 20 15 01 58.892     2013 04 20 15 05   .711     181.8
 2013 04 20 19 57 25.239     2013 04 20 19 58 14.083      48.8
 2013 04 20 21 35 20.441     2013 04 20 21 36 10.684      50.2
691
 2013 04 20 10 09  1.480     2013 04 20 10 11 36.283     154.8
 2013 04 20 20 08 52.313     2013 04 20 20 11 44.634     172.3
692
693
694
 2013 04 20 14 59 38.321     2013 04 20 15 02 15.838     157.5
 2013 04 20 21 34 29.854     2013 04 20 21 38   .160     210.3
695
 2013 04 20 13 21 32.012     2013 04 20 13 22 44.689      72.7
 2013 04 20 23 15 46.435     2013 04 20 23 19 25.815     219.4
696
 2013 04 20 23 19 33.201     2013 04 20 23 22 52.195     199.0
697
 2013 04 20 21 40 45.621     2013 04 20 21 43 41.690     176.1
698
 2013 04 20 13 26 52.827     2013 04 20 13 30 17.923     205.1
 2013 04 20 20 01 19.136     2013 04 20 20 04 45.343     206.2
699
 2013 04 20 13 27 49.464     2013 04 20 13 31  3.597     194.1
 2013 04 20 18 23 32.295     2013 04 20 18 26 53.124     200.8
700
 2013 04 20 11 44 50.894     2013 04 20 11 48  2.652     191.8
701
 2013 04 20 13 26 24.653     2013 04 20 13 29 15.029     170.4
 2013 04 20 20 01  5.447     2013 04 20 20 03 48.035     162.6
702
 2013 04 20 11 41 31.691     2013 04 20 11 44 18.885     167.2
 2013 04 20 21 43 14.588     2013 04 20 21 43 13.958       -.6
703
704
 2013 04 20 15 00 30.639     2013 04 20 15 03 35.709     185.1
 2013 04 20 21 35 54.055     2013 04 20 21 38 31.213     157.2
705
 2013 04 20 21 46 46.991     2013 04 20 21 49 22.574     155.6
706
 2013 04 20 11 51 33.756     2013 04 20 11 54 32.699     178.9
 2013 04 20 18 26 41.137     2013 04 20 18 29 18.628     157.5
707
 2013 04 20 13 22 51.327     2013 04 20 13 26 13.510     202.2
 2013 04 20 21 37 32.805     2013 04 20 21 40 19.985     167.2
708
709
710
 2013 04 20 10 02 25.297     2013 04 20 10 05 47.885     202.6
 2013 04 20 21 48 58.396     2013 04 20 21 51 46.674     168.3
711
 2013 04 20 11 41 58.818     2013 04 20 11 45 38.373     219.6
 2013 04 20 21 42 34.786     2013 04 20 21 45 44.400     189.6
712
 2013 04 20 21 45 47.865     2013 04 20 21 49  1.378     193.5
713
 2013 04 20 13 15 39.313     2013 04 20 13 15 43.965       4.7
714
 2013 04 20 20 02  5.015     2013 04 20 20 05 13.123     188.1
715
 2013 04 20 10 15 52.675     2013 04 20 10 16  3.092      10.4
 2013 04 20 18 27 47.511     2013 04 20 18 31 16.009     208.5
716
 2013 04 20 13 25  2.090     2013 04 20 13 28  9.813     187.7
 2013 04 20 19 59 29.227     2013 04 20 20 02 34.840     185.6
717
 2013 04 20 11 39 33.092     2013 04 20 11 42  8.953     155.9
718
719
 2013 04 20 10 08 56.852     2013 04 20 10 12 13.517     196.7
 2013 04 20 20 09 14.578     2013 04 20 20 12 54.081     219.5
720
 2013 04 20 20 06 50.143     2013 04 20 20 10 35.177     225.0
721
 2013 04 20 13 18 55.710     2013 04 20 13 21 34.910     159.2
 2013 04 20 23 17  2.137     2013 04 20 23 20 39.439     217.3
722
 2013 04 20 21 41 37.861     2013 04 20 21 42 18.504      40.6
723
 2013 04 20 15 00 46.107     2013 04 20 15 03 56.464     190.4
 2013 04 20 21 35 59.227     2013 04 20 21 38 39.183     160.0
724
 2013 04 20 13 26  5.801     2013 04 20 13 29 26.017     200.2
 2013 04 20 15 03 45.882     2013 04 20 15 04 46.933      61.1
 2013 04 20 19 59 37.595     2013 04 20 20 02 25.243     167.6
725
 2013 04 20 10 04 16.717     2013 04 20 10 07 55.760     219.0
726
 2013 04 20 13 23 43.798     2013 04 20 13 27 30.117     226.3
727
 2013 04 20 11 38 43.285     2013 04 20 11 41 17.776     154.5
728
 2013 04 20 11 37 42.231     2013 04 20 11 40 47.663     185.4
729
 2013 04 20 15 01 34.585     2013 04 20 15 04 20.532     165.9
 2013 04 20 19 56 14.300     2013 04 20 19 57 13.698      59.4
 2013 04 20 21 34 30.502     2013 04 20 21 37 54.730     204.2
730
 2013 04 20 10 06  8.099     2013 04 20 10 09 35.271     207.2
 2013 04 20 20 10 32.399     2013 04 20 20 14  4.876     212.5
731
 2013 04 20 11 50 59.821     2013 04 20 11 54 51.342     231.5
 2013 04 20 13 29  1.863     2013 04 20 13 32 39.008     217.1
 2013 04 20 18 24 44.620     2013 04 20 18 27 24.760     160.1
732
 2013 04 20 11 46 15.781     2013 04 20 11 49  6.792     171.0
733
 2013 04 20 15 02 18.960     2013 04 20 15 05   .511     161.6
 2013 04 20 19 57 23.781     2013 04 20 20 00 49.398     205.6
734
 2013 04 20 20 08 45.047     2013 04 20 20 09 53.397      68.4
735
 2013 04 20 20 05 56.774     2013 04 20 20 08 46.081     169.3
736
 2013 04 20 13 27 40.880     2013 04 20 13 30 27.243     166.4
 2013 04 20 18 22 52.454     2013 04 20 18 26 25.368     212.9
737
 2013 04 20 13 23 42.545     2013 04 20 13 26 53.591     191.0
 2013 04 20 21 37  5.155     2013 04 20 21 40 48.472     223.3
738
 2013 04 20 10 06 56.290     2013 04 20 10 09 36.043     159.8
 2013 04 20 20 09 41.868     2013 04 20 20 13 10.268     208.4
739
 2013 04 20 13 18 19.816     2013 04 20 13 19 19.227      59.4
740
 2013 04 20 18 27 31.331     2013 04 20 18 31 18.103     226.8
741
 2013 04 20 11 44 12.040     2013 04 20 11 46 50.984     158.9
 2013 04 20 21 42 38.248     2013 04 20 21 46  3.305     205.1
742
 2013 04 20 20 11 40.587     2013 04 20 20 14 24.761     164.2
743
 2013 04 20 13 26 45.109     2013 04 20 13 29 47.412     182.3
 2013 04 20 15 04 15.846     2013 04 20 15 04 46.576      30.7
 2013 04 20 18 21 22.950     2013 04 20 18 25 17.154     234.2
 2013 04 20 19 59 40.759     2013 04 20 20 02 58.560     197.8
744
 2013 04 20 23 14 53.196     2013 04 20 23 17 55.575     182.4
745
 2013 04 20 13 20 40.502     2013 04 20 13 23 22.765     162.3
746
 2013 04 20 13 16 49.526     2013 04 20 13 17 15.374      25.8
 2013 04 20 23 19 35.331     2013 04 20 23 22 32.824     177.5
747
 2013 04 20 15 02 57.327     2013 04 20 15 05 40.701     163.4
 2013 04 20 19 58  3.423     2013 04 20 20 00 50.671     167.2
748
 2013 04 20 10 05 53.064     2013 04 20 10 09  7.030     194.0
749
750
 2013 04 20 14 59 57.495     2013 04 20 15 02 48.627     171.1
 2013 04 20 21 34 26.403     2013 04 20 21 37 20.591     174.2
751
 2013 04 20 13 21 56.567     2013 04 20 13 24 41.414     164.8
 2013 04 20 21 38 15.304     2013 04 20 21 41 12.258     177.0
752
 2013 04 20 21 45 48.910     2013 04 20 21 47 27.933      99.0
753
 2013 04 20 11 37 30.091     2013 04 20 11 40 59.076     209.0
754
755
 2013 04 20 11 50  5.598     2013 04 20 11 52 44.706     159.1
 2013 04 20 18 28 30.947     2013 04 20 18 29  1.141      30.2
756
 2013 04 20 13 25 21.763     2013 04 20 13 28  5.848     164.1
 2013 04 20 19 59 57.685     2013 04 20 20 02 58.149     180.5
757
758
 2013 04 20 21 36 30.753     2013 04 20 21 37 35.503      64.8
759
 2013 04 20 11 47  5.438     2013 04 20 11 50  7.523     182.1
 2013 04 20 20 04 52.118     2013 04 20 20 07 44.471     172.4
760
 2013 04 20 13 27  8.251     2013 04 20 13 30 41.844     213.6
 2013 04 20 20 01 12.945     2013 04 20 20 02 39.436      86.5
761
 2013 04 20 11 42 14.188     2013 04 20 11 45 41.488     207.3
 2013 04 20 21 42 45.407     2013 04 20 21 45 41.842     176.4
762
 2013 04 20 11 50   .194     2013 04 20 11 53 15.588     195.4
 2013 04 20 18 24 30.306     2013 04 20 18 28  7.281     217.0
763
 2013 04 20 11 51  4.393     2013 04 20 11 52 38.007      93.6
 2013 04 20 18 27 21.427     2013 04 20 18 29 58.191     156.8
764
 2013 04 20 13 22  9.444     2013 04 20 13 25  3.709     174.3
 2013 04 20 21 38  7.478     2013 04 20 21 40 51.566     164.1
765
 2013 04 20 21 40  5.136     2013 04 20 21 40 16.601      11.5
766
 2013 04 20 13 13 34.670     2013 04 20 13 17  1.529     206.9
767
 2013 04 20 13 14 49.565     2013 04 20 13 17 24.690     155.1
768
 2013 04 20 15 00 11.596     2013 04 20 15 03 16.321     184.7
 2013 04 20 21 35 47.675     2013 04 20 21 38 32.317     164.6
769
 2013 04 20 11 53 55.779     2013 04 20 11 54 20.019      24.2
 2013 04 20 13 28 19.119     2013 04 20 13 32  2.214     223.1
 2013 04 20 18 24 26.523     2013 04 20 18 27 13.294     166.8
770
 2013 04 20 10 10 41.016     2013 04 20 10 11 37.470      56.5
771
 2013 04 20 13 23 30.471     2013 04 20 13 23 47.557      17.1
772
 2013 04 20 10 02 47.329     2013 04 20 10 06  8.658     201.3
 2013 04 20 21 48 38.927     2013 04 20 21 51 46.535     187.6
773
 2013 04 20 13 25 30.348     2013 04 20 13 26 25.508      55.2
 2013 04 20 20 01 57.831     2013 04 20 20 04 35.126     157.3
774
 2013 04 20 13 22 30.267     2013 04 20 13 26 16.345     226.1
 2013 04 20 21 37 22.084     2013 04 20 21 40  2.175     160.1
775
 2013 04 20 20 06 31.500     2013 04 20 20 09 41.641     190.1
776
 2013 04 20 13 22 18.394     2013 04 20 13 25 25.219     186.8
 2013 04 20 21 37 56.394     2013 04 20 21 40 34.288     157.9
777
 2013 04 20 23 21 12.948     2013 04 20 23 24  3.203     170.3
778
 2013 04 20 11 39 27.613     2013 04 20 11 40 35.056      67.4
 2013 04 20 23 23 19.749     2013 04 20 23 25 58.690     158.9
779
 2013 04 20 13 13 47.049     2013 04 20 13 16 22.814     155.8
780
781
 2013 04 20 10 08 25.181     2013 04 20 10 12 10.679     225.5
 2013 04 20 20 09 45.646     2013 04 20 20 13 13.975     208.3
782
 2013 04 20 13 23 25.664     2013 04 20 13 26  6.338     160.7
 2013 04 20 21 38  1.980     2013 04 20 21 41  9.694     187.7
783
 2013 04 20 11 50 52.708     2013 04 20 11 54 25.034     212.3
 2013 04 20 18 27   .293     2013 04 20 18 29 44.190     163.9
784
 2013 04 20 23 14 35.031     2013 04 20 23 18 21.114     226.1
785
 2013 04 20 10 09 26.869     2013 04 20 10 12 40.748     193.9
 2013 04 20 20 07 32.159     2013 04 20 20 10 44.297     192.1
786
 2013 04 20 13 20 34.805     2013 04 20 13 23 13.357     158.6
787
 2013 04 20 11 37 15.266     2013 04 20 11 40 17.404     182.1
 2013 04 20 23 24 28.850     2013 04 20 23 24 47.735      18.9
788
 2013 04 20 20 11 54.339     2013 04 20 20 14 51.657     177.3
789
 2013 04 20 13 23 10.244     2013 04 20 13 25 46.707     156.5
 2013 04 20 21 38 27.573     2013 04 20 21 41 19.778     172.2
790
 2013 04 20 13 14 36.831     2013 04 20 13 17 49.729     192.9
791
792
 2013 04 20 10 09 24.311     2013 04 20 10 12   .940     156.6
 2013 04 20 20 08 22.550     2013 04 20 20 11 33.089     190.5
793
 2013 04 20 11 45 31.460     2013 04 20 11 48 41.162     189.7
794
 2013 04 20 11 43 47.815     2013 04 20 11 46 23.387     155.6
 2013 04 20 21 43 19.739     2013 04 20 21 46 26.848     187.1
795
 2013 04 20 13 22 49.177     2013 04 20 13 26 38.107     228.9
 2013 04 20 21 39 25.513     2013 04 20 21 42 51.992     206.5
796
 2013 04 20 11 38 43.350     2013 04 20 11 42  4.521     201.2
797
 2013 04 20 23 16  5.040     2013 04 20 23 19   .798     175.8
798
 2013 04 20 21 39 56.573     2013 04 20 21 43 21.690     205.1
799
 2013 04 20 11 42 47.322     2013 04 20 11 43  3.570      16.2
