s4
0
 2013 04 20 15 16 21.394     2013 04 20 15 19   .815     159.4
 2013 04 20 20 11 50.130     2013 04 20 20 14 41.338     171.2
1
 2013 04 20 13 37 57.752     2013 04 20 13 40 35.913     158.2
2
 2013 04 20 11 56  5.970     2013 04 20 11 59 56.974     231.0
 2013 04 20 21 56 37.007     2013 04 20 21 59 12.485     155.5
3
 2013 04 20 13 33 28.520     2013 04 20 13 36 15.562     167.0
4
 2013 04 20 12 01 23.044     2013 04 20 12 01 29.948       6.9
 2013 04 20 20 19   .051     2013 04 20 20 22 46.816     226.8
5
 2013 04 20 22 00  3.250     2013 04 20 22 02 47.535     164.3
6
7
 2013 04 20 23 37 37.004     2013 04 20 23 40 54.697     197.7
8
 2013 04 20 21 51  4.474     2013 04 20 21 53 41.885     157.4
9
 2013 04 20 12 01  2.604     2013 04 20 12 04 39.713     217.1
 2013 04 20 20 17  2.279     2013 04 20 20 19 39.561     157.3
10
 2013 04 20 13 38 21.008     2013 04 20 13 41  1.469     160.5
 2013 04 20 20 13 49.986     2013 04 20 20 17 25.731     215.7
11
 2013 04 20 23 34 53.232     2013 04 20 23 37 58.228     185.0
12
 2013 04 20 13 29 29.495     2013 04 20 13 32 43.149     193.7
 2013 04 20 23 33 58.371     2013 04 20 23 36 47.858     169.5
13
 2013 04 20 13 37 57.941     2013 04 20 13 40 42.386     164.4
14
 2013 04 20 13 31  1.490     2013 04 20 13 32 55.222     113.7
 2013 04 20 23 33  9.189     2013 04 20 23 36 57.500     228.3
15
 2013 04 20 11 58 36.310     2013 04 20 12 01 23.057     166.7
16
17
 2013 04 20 00 00   .000     2013 04 20 00 00 10.282      10.3
 2013 04 20 11 50 42.716     2013 04 20 11 53 45.066     182.4
 2013 04 20 23 37 46.617     2013 04 20 23 41 11.521     204.9
18
 2013 04 20 13 39 39.143     2013 04 20 13 42 22.012     162.9
 2013 04 20 20 14 22.707     2013 04 20 20 17  2.543     159.8
19
 2013 04 20 13 34 49.309     2013 04 20 13 35 20.208      30.9
 2013 04 20 21 51 30.946     2013 04 20 21 54 31.779     180.8
20
21
 2013 04 20 13 36 18.830     2013 04 20 13 39 24.361     185.5
 2013 04 20 21 53 23.218     2013 04 20 21 56 25.375     182.2
22
 2013 04 20 13 34 51.386     2013 04 20 13 37 29.321     157.9
 2013 04 20 21 52 49.838     2013 04 20 21 56 17.306     207.5
23
 2013 04 20 12 04 28.797     2013 04 20 12 07 32.437     183.6
 2013 04 20 18 40 36.238     2013 04 20 18 43 14.807     158.6
24
 2013 04 20 11 58 33.328     2013 04 20 12 01 11.088     157.8
25
 2013 04 20 12 05 57.328     2013 04 20 12 08 49.096     171.8
 2013 04 20 17 05 20.937     2013 04 20 17 05 48.784      27.8
 2013 04 20 18 40  1.490     2013 04 20 18 43 47.229     225.7
26
 2013 04 20 13 30 54.664     2013 04 20 13 33 39.785     165.1
 2013 04 20 23 33  6.727     2013 04 20 23 35 46.782     160.1
27
 2013 04 20 11 56 29.157     2013 04 20 11 59 12.818     163.7
 2013 04 20 21 57 33.356     2013 04 20 22 00 12.230     158.9
28
 2013 04 20 13 37 25.225     2013 04 20 13 41 10.967     225.7
29
 2013 04 20 15 11 30.231     2013 04 20 15 12  3.240      33.0
30
 2013 04 20 15 13 41.469     2013 04 20 15 16 29.300     167.8
 2013 04 20 21 49 38.350     2013 04 20 21 52 30.040     171.7
31
 2013 04 20 15 14  3.208     2013 04 20 15 17 34.741     211.5
 2013 04 20 21 50 28.058     2013 04 20 21 53  5.833     157.8
32
 2013 04 20 13 34 35.173     2013 04 20 13 34 51.774      16.6
 2013 04 20 21 51 24.308     2013 04 20 21 54 41.013     196.7
33
 2013 04 20 11 59  8.363     2013 04 20 12 02 33.651     205.3
 2013 04 20 20 22 16.619     2013 04 20 20 22 53.685      37.1
34
 2013 04 20 10 21 18.631     2013 04 20 10 24  4.271     165.6
 2013 04 20 20 22 58.073     2013 04 20 20 25 34.260     156.2
35
 2013 04 20 11 52  5.918     2013 04 20 11 55 53.145     227.2
36
 2013 04 20 15 15 42.985     2013 04 20 15 19 30.459     227.5
 2013 04 20 20 12 25.577     2013 04 20 20 15 56.926     211.3
37
38
39
 2013 04 20 10 27 13.699     2013 04 20 10 27 17.193       3.5
 2013 04 20 20 20  3.574     2013 04 20 20 20 13.737      10.2
40
 2013 04 20 13 26 21.177     2013 04 20 13 27 29.768      68.6
41
 2013 04 20 11 50 42.574     2013 04 20 11 53 44.871     182.3
42
 2013 04 20 11 56 28.374     2013 04 20 11 59 16.986     168.6
 2013 04 20 21 57 26.236     2013 04 20 22 00  4.513     158.3
43
 2013 04 20 13 30 52.418     2013 04 20 13 34 18.297     205.9
 2013 04 20 23 31 41.079     2013 04 20 23 34 16.421     155.3
44
 2013 04 20 11 55  8.738     2013 04 20 11 58 30.615     201.9
 2013 04 20 21 59 15.754     2013 04 20 22 01 51.193     155.4
45
46
47
 2013 04 20 15 14 23.053     2013 04 20 15 17  1.392     158.3
 2013 04 20 21 49 22.336     2013 04 20 21 52   .696     158.4
48
 2013 04 20 10 15 34.950     2013 04 20 10 18 22.306     167.4
 2013 04 20 22 04 15.582     2013 04 20 22 07 54.215     218.6
49
 2013 04 20 12 04 28.129     2013 04 20 12 07 26.786     178.7
 2013 04 20 18 40 30.837     2013 04 20 18 43 10.323     159.5
50
 2013 04 20 13 32 56.993     2013 04 20 13 36 28.680     211.7
51
 2013 04 20 13 33 43.195     2013 04 20 13 36 31.672     168.5
52
 2013 04 20 11 53  1.789     2013 04 20 11 53 41.751      40.0
 2013 04 20 22 02 41.982     2013 04 20 22 03 43.891      61.9
53
 2013 04 20 10 18 17.975     2013 04 20 10 20 56.334     158.4
54
 2013 04 20 11 56 34.027     2013 04 20 11 57 20.041      46.0
55
 2013 04 20 11 59 49.994     2013 04 20 12 02 57.715     187.7
 2013 04 20 20 18 51.662     2013 04 20 20 22 11.155     199.5
56
 2013 04 20 20 16 17.903     2013 04 20 20 19  4.947     167.0
57
 2013 04 20 23 36  2.176     2013 04 20 23 38 37.152     155.0
58
 2013 04 20 13 36 16.939     2013 04 20 13 39 22.421     185.5
 2013 04 20 21 52  2.931     2013 04 20 21 54 48.578     165.6
59
 2013 04 20 10 24 58.090     2013 04 20 10 26  7.129      69.0
 2013 04 20 20 21 14.599     2013 04 20 20 24 15.945     181.3
60
 2013 04 20 11 51 26.503     2013 04 20 11 54 12.949     166.4
61
62
 2013 04 20 15 15 50.952     2013 04 20 15 18 43.258     172.3
 2013 04 20 20 11 40.239     2013 04 20 20 15  9.956     209.7
63
 2013 04 20 20 20 21.045     2013 04 20 20 23  3.846     162.8
64
 2013 04 20 20 27 44.586     2013 04 20 20 30 54.029     189.4
65
 2013 04 20 10 17 53.453     2013 04 20 10 20 30.394     156.9
66
 2013 04 20 12 01 13.154     2013 04 20 12 04 34.275     201.1
 2013 04 20 20 17 12.273     2013 04 20 20 19 50.708     158.4
67
 2013 04 20 20 21 12.822     2013 04 20 20 23 57.801     165.0
68
 2013 04 20 00 00   .000     2013 04 20 00 00 11.189      11.2
 2013 04 20 11 50 59.402     2013 04 20 11 54  2.732     183.3
 2013 04 20 23 37 27.015     2013 04 20 23 41 12.414     225.4
69
 2013 04 20 13 33 17.111     2013 04 20 13 36  4.134     167.0
70
 2013 04 20 13 37 44.447     2013 04 20 13 41 18.317     213.9
 2013 04 20 20 18 27.169     2013 04 20 20 18 57.012      29.8
71
 2013 04 20 22 01 20.375     2013 04 20 22 04  3.154     162.8
72
 2013 04 20 11 54 41.661     2013 04 20 11 55 25.722      44.1
 2013 04 20 21 59 45.010     2013 04 20 22 02 20.041     155.0
73
74
 2013 04 20 20 16 26.032     2013 04 20 20 19  9.147     163.1
75
 2013 04 20 18 41 43.036     2013 04 20 18 44 31.572     168.5
76
 2013 04 20 11 51  2.994     2013 04 20 11 53 59.472     176.5
77
 2013 04 20 11 55 38.518     2013 04 20 11 58 51.259     192.7
 2013 04 20 21 58 57.622     2013 04 20 22 01 35.499     157.9
78
79
 2013 04 20 10 24  7.005     2013 04 20 10 26 57.075     170.1
80
81
 2013 04 20 10 18 43.136     2013 04 20 10 21 23.540     160.4
82
 2013 04 20 10 18 52.909     2013 04 20 10 21 36.345     163.4
83
 2013 04 20 12 05 18.921     2013 04 20 12 08   .072     161.2
 2013 04 20 18 39 37.554     2013 04 20 18 42 32.997     175.4
84
 2013 04 20 12 02 33.561     2013 04 20 12 05 47.343     193.8
 2013 04 20 20 16 20.328     2013 04 20 20 16 52.174      31.8
85
 2013 04 20 12 04 51.300     2013 04 20 12 07 39.254     168.0
 2013 04 20 18 39 30.542     2013 04 20 18 42 10.340     159.8
86
 2013 04 20 15 14  6.583     2013 04 20 15 15  7.744      61.2
 2013 04 20 21 50 45.481     2013 04 20 21 53 30.744     165.3
87
 2013 04 20 13 36 43.562     2013 04 20 13 39 54.672     191.1
 2013 04 20 21 51 38.732     2013 04 20 21 54 52.826     194.1
88
 2013 04 20 21 55 21.933     2013 04 20 21 58 35.950     194.0
89
 2013 04 20 13 28 18.256     2013 04 20 13 31 39.254     201.0
 2013 04 20 23 37 28.789     2013 04 20 23 37 59.861      31.1
90
91
 2013 04 20 13 33 49.487     2013 04 20 13 36 26.987     157.5
92
93
94
 2013 04 20 13 35 40.546     2013 04 20 13 38 18.426     157.9
 2013 04 20 21 53  3.248     2013 04 20 21 55 42.849     159.6
95
 2013 04 20 20 24 53.570     2013 04 20 20 25  4.583      11.0
96
 2013 04 20 13 40 37.557     2013 04 20 13 41 24.440      46.9
 2013 04 20 15 15 23.201     2013 04 20 15 15 22.569       -.6
 2013 04 20 20 12 29.421     2013 04 20 20 16 19.758     230.3
97
 2013 04 20 12 03 41.653     2013 04 20 12 06 52.124     190.5
 2013 04 20 18 40 17.166     2013 04 20 18 43 34.848     197.7
98
 2013 04 20 11 59 44.419     2013 04 20 12 02 35.777     171.4
 2013 04 20 20 20 32.443     2013 04 20 20 21 18.112      45.7
99
 2013 04 20 10 20 40.083     2013 04 20 10 23 31.260     171.2
 2013 04 20 20 22 53.906     2013 04 20 20 25 54.045     180.1
100
 2013 04 20 20 27 13.385     2013 04 20 20 30   .968     167.6
101
 2013 04 20 21 59  4.779     2013 04 20 21 59  7.116       2.3
102
 2013 04 20 13 36 48.807     2013 04 20 13 37  1.066      12.3
 2013 04 20 21 50 42.734     2013 04 20 21 54 30.769     228.0
103
 2013 04 20 11 54 19.781     2013 04 20 11 54 24.480       4.7
 2013 04 20 23 37 13.731     2013 04 20 23 40  7.519     173.8
104
 2013 04 20 22 01  7.077     2013 04 20 22 02 13.191      66.1
105
 2013 04 20 10 16 14.464     2013 04 20 10 19 40.747     206.3
 2013 04 20 22 02 21.348     2013 04 20 22 06  6.041     224.7
106
 2013 04 20 21 54 38.082     2013 04 20 21 57 19.783     161.7
107
 2013 04 20 12 03 34.207     2013 04 20 12 06 47.672     193.5
 2013 04 20 18 38 43.003     2013 04 20 18 41 52.577     189.6
108
 2013 04 20 11 56 58.515     2013 04 20 12 00 38.548     220.0
 2013 04 20 21 56 10.002     2013 04 20 21 59 14.338     184.3
109
 2013 04 20 11 56 36.619     2013 04 20 12 00 11.824     215.2
 2013 04 20 21 58  6.617     2013 04 20 21 59 27.979      81.4
110
 2013 04 20 13 27 27.020     2013 04 20 13 31 10.389     223.4
111
 2013 04 20 13 33  9.830     2013 04 20 13 34 57.600     107.8
112
 2013 04 20 13 37 33.279     2013 04 20 13 40 12.790     159.5
113
 2013 04 20 20 20 15.456     2013 04 20 20 23 34.001     198.5
114
 2013 04 20 13 30 39.895     2013 04 20 13 33 18.073     158.2
 2013 04 20 23 33  2.576     2013 04 20 23 35 37.890     155.3
115
 2013 04 20 13 37 37.752     2013 04 20 13 41 20.759     223.0
 2013 04 20 20 18 51.499     2013 04 20 20 19  5.068      13.6
116
 2013 04 20 21 55 24.190     2013 04 20 21 58 18.020     173.8
117
 2013 04 20 13 34 25.382     2013 04 20 13 37 48.682     203.3
 2013 04 20 21 53 48.782     2013 04 20 21 57  6.352     197.6
118
 2013 04 20 12 01  2.043     2013 04 20 12 04 26.800     204.8
 2013 04 20 20 19  7.127     2013 04 20 20 21 51.319     164.2
119
 2013 04 20 10 18 38.008     2013 04 20 10 21 17.370     159.4
120
 2013 04 20 11 59 45.208     2013 04 20 12 03 18.263     213.1
 2013 04 20 20 16 48.604     2013 04 20 20 20 27.393     218.8
121
 2013 04 20 23 36 35.293     2013 04 20 23 39 38.367     183.1
122
 2013 04 20 10 15 52.296     2013 04 20 10 18 59.046     186.7
 2013 04 20 22 03  4.726     2013 04 20 22 06 22.182     197.5
123
124
 2013 04 20 22 00 16.523     2013 04 20 22 03  8.822     172.3
125
 2013 04 20 12 00 24.855     2013 04 20 12 03  3.141     158.3
 2013 04 20 20 18 15.706     2013 04 20 20 21 20.039     184.3
126
 2013 04 20 13 42 18.643     2013 04 20 13 45 31.926     193.3
 2013 04 20 18 38 16.009     2013 04 20 18 40 53.857     157.8
127
128
 2013 04 20 11 57 27.102     2013 04 20 12 01  9.573     222.5
129
 2013 04 20 22 02 34.794     2013 04 20 22 06 15.978     221.2
130
 2013 04 20 10 22 15.405     2013 04 20 10 25 34.445     199.0
 2013 04 20 20 21 45.109     2013 04 20 20 24 46.538     181.4
131
 2013 04 20 23 35 37.846     2013 04 20 23 38 56.720     198.9
132
 2013 04 20 21 55 18.946     2013 04 20 21 59  1.664     222.7
133
 2013 04 20 10 20 31.450     2013 04 20 10 23  9.485     158.0
 2013 04 20 20 23 19.873     2013 04 20 20 26 24.373     184.5
134
 2013 04 20 10 22 15.334     2013 04 20 10 26  5.431     230.1
 2013 04 20 20 21 15.942     2013 04 20 20 24 23.291     187.3
135
 2013 04 20 13 36   .288     2013 04 20 13 39 52.125     231.8
 2013 04 20 21 53 48.541     2013 04 20 21 57  3.305     194.8
136
 2013 04 20 11 50 20.894     2013 04 20 11 50 29.759       8.9
 2013 04 20 23 37 18.912     2013 04 20 23 40 24.173     185.3
137
 2013 04 20 20 27 12.519     2013 04 20 20 29 47.605     155.1
138
 2013 04 20 15 14  5.797     2013 04 20 15 16 58.496     172.7
 2013 04 20 21 48 52.540     2013 04 20 21 51 29.969     157.4
139
 2013 04 20 11 51 33.198     2013 04 20 11 54 42.932     189.7
140
 2013 04 20 23 34 49.359     2013 04 20 23 38 13.975     204.6
141
 2013 04 20 10 25 13.809     2013 04 20 10 28 14.603     180.8
 2013 04 20 18 42 30.850     2013 04 20 18 46  8.057     217.2
142
 2013 04 20 20 16 17.553     2013 04 20 20 19  6.667     169.1
143
 2013 04 20 11 52 46.046     2013 04 20 11 56  9.202     203.2
144
 2013 04 20 10 21  5.516     2013 04 20 10 23 42.822     157.3
 2013 04 20 20 23 32.144     2013 04 20 20 26  9.194     157.1
145
 2013 04 20 10 22 33.730     2013 04 20 10 25 45.374     191.6
 2013 04 20 20 21 35.107     2013 04 20 20 24 55.514     200.4
146
 2013 04 20 10 21 34.233     2013 04 20 10 24 13.452     159.2
 2013 04 20 20 23 25.838     2013 04 20 20 26  5.651     159.8
147
148
 2013 04 20 10 16 58.394     2013 04 20 10 20 26.392     208.0
149
 2013 04 20 10 21 32.573     2013 04 20 10 24  9.676     157.1
 2013 04 20 20 23 18.761     2013 04 20 20 25 55.822     157.1
150
 2013 04 20 12 02 58.163     2013 04 20 12 05 44.744     166.6
151
 2013 04 20 11 55 27.373     2013 04 20 11 58  6.857     159.5
 2013 04 20 21 58 28.836     2013 04 20 22 01 13.979     165.1
152
 2013 04 20 21 50 55.574     2013 04 20 21 53 32.931     157.4
153
 2013 04 20 15 14 56.130     2013 04 20 15 17 46.812     170.7
 2013 04 20 21 49 44.996     2013 04 20 21 52 49.334     184.3
154
 2013 04 20 10 20 48.675     2013 04 20 10 21 29.763      41.1
 2013 04 20 20 24 25.204     2013 04 20 20 27 30.553     185.3
155
 2013 04 20 13 36  7.223     2013 04 20 13 39 33.902     206.7
 2013 04 20 21 53 38.484     2013 04 20 21 56 42.842     184.4
156
 2013 04 20 10 26 52.563     2013 04 20 10 27 57.829      65.3
157
 2013 04 20 13 35 53.761     2013 04 20 13 36  3.673       9.9
 2013 04 20 21 53 56.247     2013 04 20 21 57 22.315     206.1
158
 2013 04 20 20 20 25.970     2013 04 20 20 23 16.215     170.2
159
160
 2013 04 20 10 18 58.748     2013 04 20 10 21 49.377     170.6
161
 2013 04 20 12 04 20.839     2013 04 20 12 07  2.354     161.5
 2013 04 20 18 39 34.652     2013 04 20 18 42 19.209     164.6
162
163
 2013 04 20 13 39 54.197     2013 04 20 13 42 32.541     158.3
 2013 04 20 20 14 37.480     2013 04 20 20 17 23.062     165.6
164
 2013 04 20 21 55 37.922     2013 04 20 21 58 14.537     156.6
165
 2013 04 20 10 23 32.333     2013 04 20 10 26 21.305     169.0
166
 2013 04 20 15 13  5.675     2013 04 20 15 16  1.973     176.3
 2013 04 20 21 49 24.357     2013 04 20 21 52 56.060     211.7
167
 2013 04 20 15 15 21.263     2013 04 20 15 16 30.801      69.5
 2013 04 20 20 12 11.876     2013 04 20 20 12 44.154      32.3
168
 2013 04 20 12 04  3.810     2013 04 20 12 06 43.069     159.3
 2013 04 20 18 39 45.871     2013 04 20 18 42 49.474     183.6
169
 2013 04 20 10 17 37.496     2013 04 20 10 21 26.405     228.9
170
 2013 04 20 20 20 59.006     2013 04 20 20 23 41.650     162.6
171
 2013 04 20 13 39 22.022     2013 04 20 13 42  1.574     159.6
 2013 04 20 20 14 29.420     2013 04 20 20 17  7.360     157.9
172
 2013 04 20 12 06 34.142     2013 04 20 12 09 12.637     158.5
 2013 04 20 17 01 58.896     2013 04 20 17 05  4.321     185.4
173
 2013 04 20 15 16 50.922     2013 04 20 15 20  5.829     194.9
 2013 04 20 20 12 55.921     2013 04 20 20 15 34.201     158.3
174
 2013 04 20 13 34   .844     2013 04 20 13 37 34.284     213.4
175
 2013 04 20 12 02  5.634     2013 04 20 12 02 23.471      17.8
176
 2013 04 20 13 36 51.542     2013 04 20 13 40   .287     188.7
 2013 04 20 21 52 56.266     2013 04 20 21 56 45.681     229.4
177
178
 2013 04 20 11 57 38.777     2013 04 20 11 59 54.658     135.9
179
 2013 04 20 12 05  3.751     2013 04 20 12 08 41.495     217.7
 2013 04 20 18 40 57.853     2013 04 20 18 43 56.184     178.3
180
 2013 04 20 12 03 43.228     2013 04 20 12 07 21.841     218.6
 2013 04 20 18 40 46.988     2013 04 20 18 43 48.221     181.2
181
 2013 04 20 13 30 59.815     2013 04 20 13 33 49.320     169.5
 2013 04 20 23 32 15.727     2013 04 20 23 34 51.104     155.4
182
 2013 04 20 11 51 28.260     2013 04 20 11 54  5.669     157.4
183
 2013 04 20 13 35 11.100     2013 04 20 13 35 40.293      29.2
 2013 04 20 21 54 23.825     2013 04 20 21 57  4.006     160.2
184
 2013 04 20 10 23  3.584     2013 04 20 10 25 40.924     157.3
 2013 04 20 20 21 51.341     2013 04 20 20 22 15.093      23.8
185
186
 2013 04 20 13 35 16.072     2013 04 20 13 38 56.242     220.2
 2013 04 20 21 51 46.487     2013 04 20 21 54 30.052     163.6
187
 2013 04 20 12 02 26.819     2013 04 20 12 05 52.909     206.1
 2013 04 20 20 16 13.164     2013 04 20 20 17   .260      47.1
188
 2013 04 20 15 15 55.149     2013 04 20 15 18 34.345     159.2
 2013 04 20 20 11 16.350     2013 04 20 20 14 25.913     189.6
189
 2013 04 20 22 01 59.711     2013 04 20 22 04 42.700     163.0
190
 2013 04 20 11 58 21.820     2013 04 20 12 01   .075     158.3
191
 2013 04 20 13 38 29.739     2013 04 20 13 41 33.680     183.9
 2013 04 20 20 13 38.969     2013 04 20 20 16 41.963     183.0
192
 2013 04 20 20 20  2.932     2013 04 20 20 22 44.308     161.4
193
 2013 04 20 13 40 41.217     2013 04 20 13 44 35.615     234.4
 2013 04 20 18 37 27.086     2013 04 20 18 38 45.252      78.2
194
 2013 04 20 12 05 11.578     2013 04 20 12 08  2.518     170.9
 2013 04 20 18 39 21.932     2013 04 20 18 42 16.974     175.0
195
 2013 04 20 20 24 31.166     2013 04 20 20 28  3.453     212.3
196
 2013 04 20 11 56 32.443     2013 04 20 11 59 47.210     194.8
 2013 04 20 21 56 54.460     2013 04 20 21 59 35.235     160.8
197
 2013 04 20 22 00 45.524     2013 04 20 22 01 15.527      30.0
198
 2013 04 20 13 32 45.807     2013 04 20 13 35 46.918     181.1
199
 2013 04 20 22 00 38.465     2013 04 20 22 03 24.397     165.9
200
 2013 04 20 10 22 36.637     2013 04 20 10 25 24.073     167.4
 2013 04 20 20 22   .430     2013 04 20 20 25 23.151     202.7
201
202
 2013 04 20 13 38 54.205     2013 04 20 13 42 10.664     196.5
 2013 04 20 20 13 44.590     2013 04 20 20 16 23.679     159.1
203
 2013 04 20 10 18 22.288     2013 04 20 10 21 43.162     200.9
204
 2013 04 20 10 18  2.947     2013 04 20 10 18  3.708        .8
205
 2013 04 20 15 12 43.936     2013 04 20 15 16  2.637     198.7
 2013 04 20 21 49 31.859     2013 04 20 21 53 23.778     231.9
206
 2013 04 20 21 50 34.857     2013 04 20 21 53 53.787     198.9
207
 2013 04 20 11 59 50.030     2013 04 20 12 03  1.184     191.2
 2013 04 20 20 18 55.638     2013 04 20 20 22 12.097     196.5
208
 2013 04 20 10 20 54.009     2013 04 20 10 23 32.655     158.6
 2013 04 20 20 23 17.898     2013 04 20 20 26  3.653     165.8
209
 2013 04 20 23 37 15.801     2013 04 20 23 40  2.837     167.0
210
 2013 04 20 20 21 22.276     2013 04 20 20 21 47.055      24.8
211
 2013 04 20 12 00 56.142     2013 04 20 12 01 48.185      52.0
 2013 04 20 20 16 50.416     2013 04 20 20 19 27.853     157.4
212
 2013 04 20 21 54 18.233     2013 04 20 21 57 57.208     219.0
213
 2013 04 20 12 03 55.213     2013 04 20 12 06 40.866     165.7
 2013 04 20 18 39 54.691     2013 04 20 18 43  6.876     192.2
214
 2013 04 20 10 23 50.762     2013 04 20 10 26 46.070     175.3
215
 2013 04 20 20 21  4.996     2013 04 20 20 24 46.602     221.6
216
 2013 04 20 11 57 43.129     2013 04 20 12 01 22.948     219.8
 2013 04 20 21 55 23.610     2013 04 20 21 56 13.066      49.5
217
218
219
 2013 04 20 15 14 11.518     2013 04 20 15 17 27.807     196.3
 2013 04 20 16 51 56.661     2013 04 20 16 52 19.003      22.3
 2013 04 20 21 48 29.908     2013 04 20 21 51 14.876     165.0
220
 2013 04 20 13 29 29.673     2013 04 20 13 29 52.092      22.4
 2013 04 20 23 34 29.150     2013 04 20 23 37  5.603     156.5
221
 2013 04 20 10 24 21.624     2013 04 20 10 24 30.392       8.8
 2013 04 20 20 21 41.947     2013 04 20 20 24 55.137     193.2
222
 2013 04 20 11 49 37.929     2013 04 20 11 49 58.126      20.2
 2013 04 20 23 37 55.533     2013 04 20 23 40 32.588     157.1
223
 2013 04 20 23 34 50.409     2013 04 20 23 38 17.956     207.5
224
 2013 04 20 10 20 33.666     2013 04 20 10 23 32.648     179.0
 2013 04 20 20 22 43.954     2013 04 20 20 25 50.503     186.5
225
 2013 04 20 11 56 54.527     2013 04 20 11 59 44.228     169.7
 2013 04 20 21 57  5.877     2013 04 20 22 00   .625     174.7
226
227
228
 2013 04 20 10 19 47.949     2013 04 20 10 20 23.217      35.3
 2013 04 20 20 25  5.716     2013 04 20 20 27 40.982     155.3
229
 2013 04 20 13 38 44.804     2013 04 20 13 39 37.623      52.8
 2013 04 20 21 51 30.220     2013 04 20 21 54  7.223     157.0
230
 2013 04 20 13 40 17.685     2013 04 20 13 42 18.917     121.2
 2013 04 20 20 15 32.944     2013 04 20 20 19 22.376     229.4
231
 2013 04 20 11 56 45.575     2013 04 20 11 59 59.387     193.8
 2013 04 20 21 56 46.003     2013 04 20 21 59 34.803     168.8
232
 2013 04 20 13 40  8.315     2013 04 20 13 43  5.869     177.6
 2013 04 20 18 35 16.185     2013 04 20 18 35 41.592      25.4
 2013 04 20 20 13 51.338     2013 04 20 20 17  5.419     194.1
233
 2013 04 20 10 30 30.209     2013 04 20 10 30 41.488      11.3
 2013 04 20 18 41 44.728     2013 04 20 18 44 33.655     168.9
234
 2013 04 20 13 39  1.256     2013 04 20 13 41 56.014     174.8
 2013 04 20 20 14  1.784     2013 04 20 20 16 43.371     161.6
235
 2013 04 20 10 24 45.500     2013 04 20 10 25  5.276      19.8
 2013 04 20 20 21 45.284     2013 04 20 20 24 26.418     161.1
236
 2013 04 20 21 59 53.296     2013 04 20 22 00 51.679      58.4
237
 2013 04 20 21 51  2.214     2013 04 20 21 53 42.323     160.1
238
 2013 04 20 11 50 44.894     2013 04 20 11 54  8.401     203.5
239
 2013 04 20 12 03 38.976     2013 04 20 12 04 23.128      44.2
 2013 04 20 18 41  8.211     2013 04 20 18 44  1.760     173.5
240
 2013 04 20 13 37 55.123     2013 04 20 13 40 48.942     173.8
241
 2013 04 20 11 58  5.620     2013 04 20 12 01 53.624     228.0
242
 2013 04 20 13 35 26.145     2013 04 20 13 38 17.267     171.1
 2013 04 20 21 52 26.221     2013 04 20 21 55 14.679     168.5
243
244
 2013 04 20 13 35 28.378     2013 04 20 13 38  6.906     158.5
 2013 04 20 21 52 49.866     2013 04 20 21 55 38.062     168.2
245
 2013 04 20 10 23 26.024     2013 04 20 10 26 23.457     177.4
246
 2013 04 20 13 34   .920     2013 04 20 13 37  4.801     183.9
 2013 04 20 21 57 18.622     2013 04 20 21 57 26.337       7.7
247
 2013 04 20 15 14  6.021     2013 04 20 15 16 44.688     158.7
 2013 04 20 21 49 27.527     2013 04 20 21 52  5.981     158.5
248
 2013 04 20 10 18 29.935     2013 04 20 10 21 22.146     172.2
249
 2013 04 20 12 02 33.628     2013 04 20 12 05 26.326     172.7
 2013 04 20 20 16 47.168     2013 04 20 20 18 17.600      90.4
250
 2013 04 20 13 32 48.698     2013 04 20 13 35 30.999     162.3
251
 2013 04 20 12 00 40.615     2013 04 20 12 01 19.408      38.8
 2013 04 20 21 55 31.754     2013 04 20 21 58 58.822     207.1
252
 2013 04 20 21 55  8.074     2013 04 20 21 58 26.857     198.8
253
 2013 04 20 10 22 19.595     2013 04 20 10 25 16.715     177.1
 2013 04 20 20 22  4.618     2013 04 20 20 25  7.854     183.2
254
 2013 04 20 13 30  4.760     2013 04 20 13 30 48.977      44.2
 2013 04 20 23 34  3.995     2013 04 20 23 36 57.348     173.4
255
 2013 04 20 13 39 22.972     2013 04 20 13 42  2.724     159.8
 2013 04 20 20 14 48.384     2013 04 20 20 17 26.544     158.2
256
 2013 04 20 12 04 38.770     2013 04 20 12 07 48.260     189.5
 2013 04 20 18 40 43.487     2013 04 20 18 43 20.540     157.1
257
 2013 04 20 11 56 22.925     2013 04 20 11 59  7.259     164.3
 2013 04 20 21 57 35.785     2013 04 20 22 00 12.530     156.7
258
 2013 04 20 10 22 36.252     2013 04 20 10 25 25.255     169.0
 2013 04 20 20 22 35.326     2013 04 20 20 23 36.684      61.4
259
 2013 04 20 20 16 27.513     2013 04 20 20 19 17.988     170.5
260
 2013 04 20 15 14 58.542     2013 04 20 15 17 42.654     164.1
 2013 04 20 21 48 53.761     2013 04 20 21 52  4.384     190.6
261
262
 2013 04 20 22 01 42.417     2013 04 20 22 04 37.979     175.6
263
 2013 04 20 12 01 26.194     2013 04 20 12 04 59.626     213.4
 2013 04 20 20 18 53.521     2013 04 20 20 22  6.576     193.1
264
 2013 04 20 10 15 22.386     2013 04 20 10 18 27.484     185.1
 2013 04 20 22 03 35.101     2013 04 20 22 06 25.000     169.9
265
 2013 04 20 10 21 40.502     2013 04 20 10 24 21.717     161.2
 2013 04 20 20 23 24.730     2013 04 20 20 26  9.747     165.0
266
 2013 04 20 13 30 20.910     2013 04 20 13 33  2.606     161.7
 2013 04 20 23 33 16.679     2013 04 20 23 35 55.103     158.4
267
 2013 04 20 20 16 33.954     2013 04 20 20 19 20.058     166.1
268
 2013 04 20 11 52 22.565     2013 04 20 11 55 53.683     211.1
269
 2013 04 20 15 14 29.350     2013 04 20 15 17  7.771     158.4
 2013 04 20 21 49 21.118     2013 04 20 21 52  1.777     160.7
270
271
 2013 04 20 13 29 41.600     2013 04 20 13 32 18.661     157.1
 2013 04 20 23 32 59.052     2013 04 20 23 36 18.172     199.1
272
273
274
 2013 04 20 23 36 51.979     2013 04 20 23 40   .403     188.4
275
 2013 04 20 15 11 56.001     2013 04 20 15 15 36.421     220.4
276
277
 2013 04 20 10 19 45.605     2013 04 20 10 21 10.499      84.9
 2013 04 20 20 25  1.272     2013 04 20 20 27 39.287     158.0
278
 2013 04 20 20 16 19.138     2013 04 20 20 19 30.410     191.3
279
 2013 04 20 15 16  1.218     2013 04 20 15 18 46.954     165.7
 2013 04 20 20 11 42.957     2013 04 20 20 14 58.300     195.3
280
 2013 04 20 10 21  1.264     2013 04 20 10 24 23.341     202.1
 2013 04 20 20 22 22.316     2013 04 20 20 25  4.224     161.9
281
 2013 04 20 13 38 13.034     2013 04 20 13 41 35.560     202.5
 2013 04 20 20 15  3.923     2013 04 20 20 18 32.627     208.7
282
 2013 04 20 10 20 19.410     2013 04 20 10 23 24.635     185.2
 2013 04 20 20 24 21.371     2013 04 20 20 27  3.895     162.5
283
 2013 04 20 11 52 24.515     2013 04 20 11 55 37.445     192.9
284
 2013 04 20 22 00 50.858     2013 04 20 22 03 51.037     180.2
285
 2013 04 20 10 24  3.588     2013 04 20 10 27 16.827     193.2
286
 2013 04 20 13 33 20.490     2013 04 20 13 36  3.175     162.7
287
 2013 04 20 13 32  3.833     2013 04 20 13 35 21.001     197.2
 2013 04 20 23 30 55.617     2013 04 20 23 34 19.407     203.8
288
 2013 04 20 13 36 13.358     2013 04 20 13 40  4.497     231.1
 2013 04 20 21 51 21.470     2013 04 20 21 54 18.456     177.0
289
 2013 04 20 12 06 27.399     2013 04 20 12 06 28.406       1.0
 2013 04 20 13 40 20.738     2013 04 20 13 40 30.175       9.4
 2013 04 20 20 15 36.202     2013 04 20 20 16  1.049      24.8
290
 2013 04 20 13 35 35.912     2013 04 20 13 38 50.922     195.0
 2013 04 20 21 53 50.462     2013 04 20 21 56 27.375     156.9
291
 2013 04 20 13 40  7.462     2013 04 20 13 42 46.944     159.5
 2013 04 20 20 14 43.671     2013 04 20 20 17 39.841     176.2
292
 2013 04 20 15 14 21.386     2013 04 20 15 17  8.688     167.3
 2013 04 20 21 49 49.178     2013 04 20 21 52 27.301     158.1
293
 2013 04 20 11 52 26.355     2013 04 20 11 55  6.296     159.9
294
 2013 04 20 23 36 29.099     2013 04 20 23 39  4.392     155.3
295
 2013 04 20 15 14 33.108     2013 04 20 15 17 21.950     168.8
 2013 04 20 21 48 55.066     2013 04 20 21 51 43.143     168.1
296
 2013 04 20 12 04 30.001     2013 04 20 12 07 59.800     209.8
 2013 04 20 13 42 25.432     2013 04 20 13 44  4.056      98.6
 2013 04 20 18 38 52.919     2013 04 20 18 41 34.845     161.9
297
 2013 04 20 11 53 21.973     2013 04 20 11 56  9.093     167.1
298
 2013 04 20 11 51 42.543     2013 04 20 11 52 58.107      75.6
 2013 04 20 23 38  9.400     2013 04 20 23 40 49.627     160.2
299
 2013 04 20 12 02  9.873     2013 04 20 12 05 32.369     202.5
 2013 04 20 20 18 12.015     2013 04 20 20 18 37.571      25.6
300
 2013 04 20 20 21 18.515     2013 04 20 20 24   .691     162.2
301
 2013 04 20 10 22  8.674     2013 04 20 10 25 26.044     197.4
 2013 04 20 20 21 52.622     2013 04 20 20 24 47.570     174.9
302
 2013 04 20 13 37 30.906     2013 04 20 13 40 57.450     206.5
 2013 04 20 20 16 32.399     2013 04 20 20 16 52.184      19.8
303
 2013 04 20 10 17   .608     2013 04 20 10 20 10.998     190.4
304
 2013 04 20 13 38 11.229     2013 04 20 13 39 51.548     100.3
 2013 04 20 20 15 36.463     2013 04 20 20 18 47.505     191.0
305
 2013 04 20 13 38 47.179     2013 04 20 13 42 22.062     214.9
 2013 04 20 15 16 41.533     2013 04 20 15 17 19.634      38.1
 2013 04 20 20 13 32.446     2013 04 20 20 16 10.578     158.1
306
 2013 04 20 22 01 13.491     2013 04 20 22 03 51.342     157.9
307
 2013 04 20 11 52  5.527     2013 04 20 11 55  3.162     177.6
308
309
 2013 04 20 15 11 44.095     2013 04 20 15 12  8.309      24.2
310
 2013 04 20 13 40 26.525     2013 04 20 13 43  6.485     160.0
 2013 04 20 18 39 26.941     2013 04 20 18 39 48.967      22.0
 2013 04 20 20 14 14.611     2013 04 20 20 17 36.771     202.2
311
312
 2013 04 20 10 17 15.809     2013 04 20 10 19 55.293     159.5
313
 2013 04 20 10 20 30.301     2013 04 20 10 23  7.266     157.0
 2013 04 20 20 23 30.451     2013 04 20 20 26 32.342     181.9
314
 2013 04 20 12 03  2.509     2013 04 20 12 06  7.468     185.0
315
 2013 04 20 23 34 50.309     2013 04 20 23 38 28.579     218.3
316
 2013 04 20 13 38 48.920     2013 04 20 13 41 56.676     187.8
 2013 04 20 20 13 47.818     2013 04 20 20 16 31.811     164.0
317
318
 2013 04 20 10 17 38.242     2013 04 20 10 20 38.088     179.8
319
 2013 04 20 10 24 17.410     2013 04 20 10 25  6.181      48.8
320
 2013 04 20 15 13 56.831     2013 04 20 15 16 38.826     162.0
 2013 04 20 21 49  4.815     2013 04 20 21 51 45.052     160.2
321
 2013 04 20 22 01 13.348     2013 04 20 22 04  1.514     168.2
322
 2013 04 20 13 42 46.112     2013 04 20 13 42 46.869        .8
 2013 04 20 15 16 57.264     2013 04 20 15 20 21.980     204.7
 2013 04 20 20 13  7.670     2013 04 20 20 15 45.257     157.6
323
 2013 04 20 12 02 34.750     2013 04 20 12 05 53.917     199.2
324
 2013 04 20 13 29 19.013     2013 04 20 13 31 56.390     157.4
 2013 04 20 23 32 42.866     2013 04 20 23 32 44.036       1.2
325
326
327
 2013 04 20 15 14 56.201     2013 04 20 15 18  6.793     190.6
 2013 04 20 21 50   .548     2013 04 20 21 53 14.186     193.6
328
 2013 04 20 23 36 16.579     2013 04 20 23 39  3.877     167.3
329
 2013 04 20 13 37 59.938     2013 04 20 13 41 33.729     213.8
 2013 04 20 20 15  4.316     2013 04 20 20 18 45.802     221.5
330
 2013 04 20 13 40 55.206     2013 04 20 13 41  6.085      10.9
 2013 04 20 21 50 26.640     2013 04 20 21 51 19.914      53.3
331
 2013 04 20 13 39 19.511     2013 04 20 13 41 59.020     159.5
 2013 04 20 20 14 28.928     2013 04 20 20 17  7.488     158.6
332
 2013 04 20 10 27 44.874     2013 04 20 10 27 52.140       7.3
333
 2013 04 20 10 20 15.559     2013 04 20 10 24  1.412     225.9
 2013 04 20 20 24 45.939     2013 04 20 20 27 21.132     155.2
334
 2013 04 20 13 32 55.747     2013 04 20 13 36 18.614     202.9
335
 2013 04 20 23 35 39.682     2013 04 20 23 38 41.930     182.2
336
 2013 04 20 10 23 58.686     2013 04 20 10 26 36.009     157.3
337
338
 2013 04 20 20 21 28.036     2013 04 20 20 24 25.205     177.2
339
 2013 04 20 22 00 15.207     2013 04 20 22 03  1.523     166.3
340
 2013 04 20 12 04 42.718     2013 04 20 12 07 24.217     161.5
 2013 04 20 18 40  9.963     2013 04 20 18 42 47.323     157.4
341
 2013 04 20 13 38  6.986     2013 04 20 13 41 35.311     208.3
 2013 04 20 20 15  4.860     2013 04 20 20 18 38.983     214.1
342
 2013 04 20 12 02 28.957     2013 04 20 12 05  9.822     160.9
 2013 04 20 20 17 12.682     2013 04 20 20 20 56.115     223.4
343
 2013 04 20 11 59 33.821     2013 04 20 12 03 25.188     231.4
 2013 04 20 20 16 33.947     2013 04 20 20 20 19.353     225.4
344
 2013 04 20 11 57 55.570     2013 04 20 12 00 46.078     170.5
345
 2013 04 20 12 03 20.305     2013 04 20 12 05 58.676     158.4
 2013 04 20 18 42 29.673     2013 04 20 18 43  2.794      33.1
346
 2013 04 20 13 33 34.883     2013 04 20 13 36 40.012     185.1
347
348
 2013 04 20 13 33 40.288     2013 04 20 13 36 17.733     157.4
349
 2013 04 20 13 35 10.119     2013 04 20 13 35 40.046      29.9
 2013 04 20 21 51 35.732     2013 04 20 21 54 18.979     163.2
350
 2013 04 20 12 02  3.650     2013 04 20 12 05  5.238     181.6
 2013 04 20 20 18 13.771     2013 04 20 20 21 50.151     216.4
351
 2013 04 20 10 20 50.985     2013 04 20 10 24   .091     189.1
 2013 04 20 20 24 13.925     2013 04 20 20 26 49.916     156.0
352
 2013 04 20 11 50 54.167     2013 04 20 11 53 50.061     175.9
353
 2013 04 20 11 59 34.133     2013 04 20 12 02 54.848     200.7
 2013 04 20 20 20  8.452     2013 04 20 20 20 51.647      43.2
354
 2013 04 20 21 54 51.119     2013 04 20 21 57 44.412     173.3
355
356
 2013 04 20 12 01  1.246     2013 04 20 12 01 28.462      27.2
 2013 04 20 20 19 18.672     2013 04 20 20 22 29.242     190.6
357
 2013 04 20 12 04 35.080     2013 04 20 12 07 30.411     175.3
 2013 04 20 18 40 29.012     2013 04 20 18 43  6.809     157.8
358
 2013 04 20 12 03 22.279     2013 04 20 12 06 26.120     183.8
 2013 04 20 18 39 52.338     2013 04 20 18 43 43.371     231.0
359
 2013 04 20 13 28 43.065     2013 04 20 13 31 46.683     183.6
 2013 04 20 23 33 40.150     2013 04 20 23 33 46.847       6.7
360
 2013 04 20 10 17 40.483     2013 04 20 10 21 10.767     210.3
361
 2013 04 20 10 20 16.200     2013 04 20 10 23 13.959     177.8
 2013 04 20 20 22 42.189     2013 04 20 20 26  9.231     207.0
362
 2013 04 20 22 01 59.296     2013 04 20 22 05 17.503     198.2
363
364
 2013 04 20 12 02  4.405     2013 04 20 12 04 57.548     173.1
 2013 04 20 20 17 12.688     2013 04 20 20 20 25.580     192.9
365
 2013 04 20 12 02 53.613     2013 04 20 12 05 34.491     160.9
366
367
 2013 04 20 12 05 56.117     2013 04 20 12 08 34.954     158.8
 2013 04 20 17 01 14.711     2013 04 20 17 05  6.714     232.0
 2013 04 20 18 39 27.982     2013 04 20 18 43  8.585     220.6
368
369
 2013 04 20 10 19 27.359     2013 04 20 10 22  4.457     157.1
370
 2013 04 20 13 40  8.803     2013 04 20 13 42 52.257     163.5
 2013 04 20 20 14 13.765     2013 04 20 20 17 17.115     183.3
371
 2013 04 20 13 33 30.338     2013 04 20 13 36  8.775     158.4
372
 2013 04 20 11 59 33.313     2013 04 20 12 02 11.167     157.9
373
 2013 04 20 13 37 43.721     2013 04 20 13 41 16.014     212.3
 2013 04 20 20 18 35.674     2013 04 20 20 18 57.030      21.4
374
 2013 04 20 11 54 18.288     2013 04 20 11 57 42.582     204.3
375
 2013 04 20 13 37  5.959     2013 04 20 13 40 34.615     208.7
376
 2013 04 20 10 15 33.631     2013 04 20 10 15 38.798       5.2
377
 2013 04 20 12 01 30.325     2013 04 20 12 05 20.101     229.8
 2013 04 20 20 16 37.919     2013 04 20 20 19 35.435     177.5
378
 2013 04 20 13 38 17.028     2013 04 20 13 41 32.427     195.4
 2013 04 20 20 14 59.535     2013 04 20 20 18 26.717     207.2
379
 2013 04 20 21 55  8.356     2013 04 20 21 58 44.145     215.8
380
 2013 04 20 13 38  3.563     2013 04 20 13 40 43.726     160.2
 2013 04 20 20 16 58.986     2013 04 20 20 17 38.805      39.8
381
 2013 04 20 13 33 55.543     2013 04 20 13 36 36.046     160.5
382
 2013 04 20 10 16 52.691     2013 04 20 10 20 14.422     201.7
383
 2013 04 20 12 02 30.267     2013 04 20 12 05 24.092     173.8
 2013 04 20 20 16 48.808     2013 04 20 20 20 38.760     230.0
384
 2013 04 20 23 35  7.374     2013 04 20 23 38 47.286     219.9
385
 2013 04 20 13 39 17.378     2013 04 20 13 41 56.087     158.7
 2013 04 20 20 14 31.661     2013 04 20 20 17 11.178     159.5
386
387
 2013 04 20 20 19 34.434     2013 04 20 20 23 22.352     227.9
388
 2013 04 20 11 59 57.371     2013 04 20 12 02 52.460     175.1
 2013 04 20 20 17 19.420     2013 04 20 20 21   .077     220.7
389
 2013 04 20 22 01 52.760     2013 04 20 22 04 32.870     160.1
390
 2013 04 20 12 01 15.901     2013 04 20 12 04 57.817     221.9
 2013 04 20 20 16 53.239     2013 04 20 20 19 36.666     163.4
391
 2013 04 20 12 01 30.123     2013 04 20 12 04 23.445     173.3
 2013 04 20 20 17 34.251     2013 04 20 20 20 15.803     161.6
392
 2013 04 20 22 00 29.775     2013 04 20 22 03 53.865     204.1
393
 2013 04 20 12 03 12.906     2013 04 20 12 07  1.819     228.9
 2013 04 20 13 41  9.573     2013 04 20 13 41 12.678       3.1
 2013 04 20 18 38 18.372     2013 04 20 18 41 28.259     189.9
394
 2013 04 20 10 14 59.219     2013 04 20 10 17 54.311     175.1
 2013 04 20 22 04  3.833     2013 04 20 22 06 41.727     157.9
395
 2013 04 20 13 32 25.422     2013 04 20 13 36 13.828     228.4
 2013 04 20 23 30  1.570     2013 04 20 23 30 51.392      49.8
396
397
 2013 04 20 12 02 50.967     2013 04 20 12 05 38.090     167.1
398
 2013 04 20 10 15 44.065     2013 04 20 10 18 39.973     175.9
 2013 04 20 22 04  5.273     2013 04 20 22 04 43.863      38.6
399
 2013 04 20 23 35  9.449     2013 04 20 23 38 22.598     193.1
400
401
 2013 04 20 11 51 20.057     2013 04 20 11 54 56.266     216.2
 2013 04 20 23 36 30.741     2013 04 20 23 36 37.427       6.7
402
 2013 04 20 11 59 37.861     2013 04 20 12 03 18.718     220.9
 2013 04 20 20 16 40.742     2013 04 20 20 20 26.220     225.5
403
 2013 04 20 10 23 20.352     2013 04 20 10 25 58.768     158.4
404
 2013 04 20 22 00 47.239     2013 04 20 22 03 25.174     157.9
405
 2013 04 20 10 19 22.319     2013 04 20 10 22  8.457     166.1
406
 2013 04 20 11 56 49.402     2013 04 20 12 00  4.260     194.9
 2013 04 20 21 56 41.915     2013 04 20 21 59 33.803     171.9
407
 2013 04 20 13 25 56.236     2013 04 20 13 26 44.329      48.1
408
 2013 04 20 10 23 33.034     2013 04 20 10 26 23.988     171.0
409
 2013 04 20 11 57 41.039     2013 04 20 12 01  9.038     208.0
410
 2013 04 20 20 25 40.108     2013 04 20 20 28 18.725     158.6
411
 2013 04 20 12 04 25.013     2013 04 20 12 07  3.462     158.4
 2013 04 20 18 39 46.176     2013 04 20 18 42 29.894     163.7
412
 2013 04 20 11 56 13.632     2013 04 20 11 58 57.793     164.2
 2013 04 20 21 58 19.628     2013 04 20 22 01   .623     161.0
413
 2013 04 20 11 53 40.800     2013 04 20 11 56 28.662     167.9
414
 2013 04 20 11 58 16.483     2013 04 20 12 01 20.681     184.2
415
 2013 04 20 13 29 38.214     2013 04 20 13 32 33.984     175.8
 2013 04 20 23 33 40.315     2013 04 20 23 36 36.213     175.9
416
 2013 04 20 11 59 54.189     2013 04 20 12 03 23.255     209.1
 2013 04 20 20 16 55.529     2013 04 20 20 20 23.385     207.9
417
 2013 04 20 13 32 51.932     2013 04 20 13 35 47.549     175.6
418
 2013 04 20 23 35 27.834     2013 04 20 23 39 13.087     225.3
419
420
 2013 04 20 11 52  2.554     2013 04 20 11 54 52.268     169.7
421
 2013 04 20 10 27 57.946     2013 04 20 10 28  9.363      11.4
422
 2013 04 20 12 04 21.055     2013 04 20 12 05 29.398      68.3
 2013 04 20 18 41 18.387     2013 04 20 18 43 55.773     157.4
423
 2013 04 20 12 03 38.082     2013 04 20 12 06 18.415     160.3
 2013 04 20 18 39 28.919     2013 04 20 18 43  7.593     218.7
424
 2013 04 20 11 53 55.631     2013 04 20 11 55  1.364      65.7
 2013 04 20 23 36 31.632     2013 04 20 23 38  8.537      96.9
425
 2013 04 20 21 59 48.483     2013 04 20 22 02 33.667     165.2
426
 2013 04 20 11 53 48.223     2013 04 20 11 56 41.572     173.3
427
 2013 04 20 10 20 51.933     2013 04 20 10 23 39.437     167.5
 2013 04 20 20 23 57.249     2013 04 20 20 26 33.684     156.4
428
429
 2013 04 20 10 18 55.773     2013 04 20 10 22  8.029     192.3
430
 2013 04 20 20 25 13.618     2013 04 20 20 28 38.138     204.5
431
 2013 04 20 13 36 47.790     2013 04 20 13 37 35.543      47.8
 2013 04 20 21 50 48.468     2013 04 20 21 54 32.051     223.6
432
 2013 04 20 20 27 20.898     2013 04 20 20 29 58.997     158.1
433
 2013 04 20 10 22  4.936     2013 04 20 10 24 55.135     170.2
 2013 04 20 20 23  9.241     2013 04 20 20 26 27.260     198.0
434
 2013 04 20 12 04 45.872     2013 04 20 12 08  3.087     197.2
 2013 04 20 13 42 32.604     2013 04 20 13 43  7.240      34.6
 2013 04 20 18 39   .472     2013 04 20 18 41 47.577     167.1
435
 2013 04 20 20 26 52.654     2013 04 20 20 30  8.273     195.6
436
 2013 04 20 21 55 36.731     2013 04 20 21 58 12.488     155.8
437
 2013 04 20 20 25 46.896     2013 04 20 20 29  1.803     194.9
438
 2013 04 20 22 04 54.517     2013 04 20 22 05   .364       5.8
439
 2013 04 20 12 01 17.399     2013 04 20 12 05  1.531     224.1
 2013 04 20 20 19  2.372     2013 04 20 20 22 12.763     190.4
440
441
 2013 04 20 10 22 37.631     2013 04 20 10 25 16.019     158.4
 2013 04 20 20 22 27.459     2013 04 20 20 26  7.227     219.8
442
 2013 04 20 12 03 23.042     2013 04 20 12 04  7.440      44.4
 2013 04 20 13 41 29.663     2013 04 20 13 42 47.355      77.7
 2013 04 20 18 38 23.252     2013 04 20 18 41 16.878     173.6
443
 2013 04 20 10 26 11.373     2013 04 20 10 29 44.321     212.9
 2013 04 20 18 42 23.005     2013 04 20 18 44 59.594     156.6
444
 2013 04 20 11 57  6.762     2013 04 20 12 00 15.974     189.2
 2013 04 20 21 57 35.399     2013 04 20 21 58  3.767      28.4
445
 2013 04 20 11 59  1.342     2013 04 20 12 00  1.053      59.7
 2013 04 20 21 56 31.331     2013 04 20 21 59  6.827     155.5
446
 2013 04 20 23 33 41.632     2013 04 20 23 37 24.195     222.6
447
 2013 04 20 10 19 12.375     2013 04 20 10 21 54.311     161.9
448
 2013 04 20 10 20 19.130     2013 04 20 10 23  3.761     164.6
 2013 04 20 20 23   .805     2013 04 20 20 26 23.270     202.5
449
 2013 04 20 13 30 12.521     2013 04 20 13 33   .128     167.6
 2013 04 20 23 32 27.437     2013 04 20 23 35 23.252     175.8
450
451
 2013 04 20 12 02 44.689     2013 04 20 12 05 43.317     178.6
 2013 04 20 20 16 27.814     2013 04 20 20 16 28.721        .9
452
453
 2013 04 20 20 15 49.261     2013 04 20 20 19  7.581     198.3
454
 2013 04 20 15 14 17.498     2013 04 20 15 17 58.561     221.1
 2013 04 20 16 52 26.728     2013 04 20 16 55 59.028     212.3
 2013 04 20 20 09 28.383     2013 04 20 20 11  2.371      94.0
 2013 04 20 21 48  5.859     2013 04 20 21 51  9.413     183.6
455
 2013 04 20 13 35 11.211     2013 04 20 13 35 39.456      28.2
 2013 04 20 21 54 23.872     2013 04 20 21 57  4.191     160.3
456
457
 2013 04 20 15 14 19.207     2013 04 20 15 17  2.446     163.2
 2013 04 20 21 49  6.141     2013 04 20 21 51 44.739     158.6
458
 2013 04 20 21 54 35.178     2013 04 20 21 57 36.639     181.5
459
 2013 04 20 15 14 18.611     2013 04 20 15 16 58.189     159.6
 2013 04 20 21 49 15.046     2013 04 20 21 51 52.801     157.8
460
 2013 04 20 13 39 31.969     2013 04 20 13 42 24.505     172.5
 2013 04 20 20 15 11.627     2013 04 20 20 17 49.028     157.4
461
 2013 04 20 13 35 39.721     2013 04 20 13 38 52.802     193.1
 2013 04 20 21 53 48.113     2013 04 20 21 56 25.690     157.6
462
 2013 04 20 10 23 25.838     2013 04 20 10 26 22.839     177.0
463
464
 2013 04 20 20 16 21.708     2013 04 20 20 19 53.260     211.6
465
 2013 04 20 13 35 57.970     2013 04 20 13 38 36.158     158.2
 2013 04 20 21 53  3.519     2013 04 20 21 55 39.860     156.3
466
 2013 04 20 11 57 48.244     2013 04 20 12 01 27.747     219.5
 2013 04 20 21 55 18.017     2013 04 20 21 55 40.730      22.7
467
 2013 04 20 15 15 14.755     2013 04 20 15 18  3.907     169.2
 2013 04 20 20 10 26.599     2013 04 20 20 14  8.972     222.4
 2013 04 20 21 48 35.162     2013 04 20 21 52 13.194     218.0
468
 2013 04 20 13 33 25.775     2013 04 20 13 36 51.169     205.4
469
 2013 04 20 21 55  7.840     2013 04 20 21 58 35.587     207.7
470
 2013 04 20 10 21 32.241     2013 04 20 10 21 42.901      10.7
471
 2013 04 20 11 54 59.106     2013 04 20 11 57 58.299     179.2
 2013 04 20 21 57 24.459     2013 04 20 22 00 52.797     208.3
472
 2013 04 20 13 31 18.808     2013 04 20 13 34 11.006     172.2
 2013 04 20 23 32 51.790     2013 04 20 23 35 56.294     184.5
473
 2013 04 20 11 50 52.294     2013 04 20 11 51 47.706      55.4
474
 2013 04 20 13 29 28.063     2013 04 20 13 32  5.818     157.8
 2013 04 20 23 32 43.123     2013 04 20 23 36 25.541     222.4
475
 2013 04 20 13 33 30.100     2013 04 20 13 36 52.509     202.4
476
 2013 04 20 11 56 24.234     2013 04 20 11 56 51.601      27.4
477
 2013 04 20 12 04 14.730     2013 04 20 12 07  2.985     168.3
 2013 04 20 18 39 22.730     2013 04 20 18 42  8.190     165.5
478
 2013 04 20 13 33   .950     2013 04 20 13 36 21.266     200.3
479
 2013 04 20 10 23 38.506     2013 04 20 10 26 22.059     163.6
480
 2013 04 20 11 53 32.023     2013 04 20 11 56 39.106     187.1
481
482
 2013 04 20 10 19 21.103     2013 04 20 10 22  2.272     161.2
483
 2013 04 20 13 26 44.214     2013 04 20 13 27 54.194      70.0
484
 2013 04 20 23 35 21.121     2013 04 20 23 36 44.063      82.9
485
 2013 04 20 11 53 38.111     2013 04 20 11 56 26.229     168.1
486
487
 2013 04 20 13 39 35.798     2013 04 20 13 40 19.181      43.4
 2013 04 20 20 15 59.044     2013 04 20 20 18 57.171     178.1
488
 2013 04 20 10 19 39.522     2013 04 20 10 22 58.360     198.8
 2013 04 20 20 24 34.041     2013 04 20 20 27 39.270     185.2
489
 2013 04 20 13 38  1.717     2013 04 20 13 41 52.555     230.8
 2013 04 20 20 15 23.068     2013 04 20 20 18 50.726     207.7
490
 2013 04 20 11 58 12.547     2013 04 20 12 01 58.395     225.8
491
 2013 04 20 15 16 45.294     2013 04 20 15 19 41.597     176.3
 2013 04 20 20 12 33.961     2013 04 20 20 15 14.181     160.2
492
 2013 04 20 20 16 14.554     2013 04 20 20 19 11.769     177.2
493
 2013 04 20 13 37 45.313     2013 04 20 13 41 18.473     213.2
 2013 04 20 20 18 22.594     2013 04 20 20 18 56.110      33.5
494
 2013 04 20 13 33 19.938     2013 04 20 13 37  4.460     224.5
495
496
 2013 04 20 13 37 16.104     2013 04 20 13 40 58.661     222.6
497
498
 2013 04 20 10 24 10.135     2013 04 20 10 26 47.826     157.7
499
 2013 04 20 12 00  5.777     2013 04 20 12 02 51.927     166.1
 2013 04 20 20 17 33.963     2013 04 20 20 21  5.728     211.8
500
 2013 04 20 13 30 33.575     2013 04 20 13 34 15.369     221.8
 2013 04 20 23 33 38.608     2013 04 20 23 36 40.857     182.2
501
 2013 04 20 11 54 25.203     2013 04 20 11 57  6.431     161.2
 2013 04 20 21 58 25.597     2013 04 20 21 59  2.838      37.2
502
 2013 04 20 12 00 38.370     2013 04 20 12 03 19.571     161.2
 2013 04 20 20 18 29.637     2013 04 20 20 21 17.865     168.2
503
 2013 04 20 11 56 47.267     2013 04 20 11 59 25.419     158.2
 2013 04 20 21 57 45.200     2013 04 20 22 00 44.091     178.9
504
505
 2013 04 20 11 58 22.289     2013 04 20 12 01 21.140     178.9
506
 2013 04 20 15 12 59.632     2013 04 20 15 13 36.553      36.9
 2013 04 20 21 50 33.005     2013 04 20 21 53 33.505     180.5
507
 2013 04 20 20 19 58.570     2013 04 20 20 23 17.456     198.9
508
 2013 04 20 12 00 29.627     2013 04 20 12 03 49.213     199.6
 2013 04 20 20 19 13.056     2013 04 20 20 21 50.910     157.9
509
 2013 04 20 13 39 46.537     2013 04 20 13 42 26.705     160.2
 2013 04 20 20 14 28.552     2013 04 20 20 17 10.794     162.2
510
 2013 04 20 13 27 50.619     2013 04 20 13 31  6.305     195.7
511
 2013 04 20 13 32 46.443     2013 04 20 13 36 14.603     208.2
512
 2013 04 20 18 41 17.694     2013 04 20 18 44 32.515     194.8
513
 2013 04 20 20 20 49.336     2013 04 20 20 23 32.284     162.9
514
 2013 04 20 13 33 25.327     2013 04 20 13 36 56.368     211.0
515
 2013 04 20 12 06 19.181     2013 04 20 12 09  1.746     162.6
 2013 04 20 17 01 36.487     2013 04 20 17 04 47.468     191.0
516
 2013 04 20 11 52  5.317     2013 04 20 11 55 40.491     215.2
517
 2013 04 20 13 37 48.674     2013 04 20 13 41 24.315     215.6
 2013 04 20 20 14 55.706     2013 04 20 20 15 13.553      17.8
518
519
 2013 04 20 12 02 16.480     2013 04 20 12 02 40.320      23.8
520
 2013 04 20 20 27  9.746     2013 04 20 20 29 44.600     154.9
521
 2013 04 20 10 16 43.651     2013 04 20 10 19 26.369     162.7
522
 2013 04 20 13 33 27.817     2013 04 20 13 36 20.401     172.6
523
 2013 04 20 11 54 55.614     2013 04 20 11 58  2.427     186.8
 2013 04 20 21 57 15.952     2013 04 20 22 00 48.003     212.1
524
 2013 04 20 23 39  6.531     2013 04 20 23 39 18.715      12.2
525
 2013 04 20 10 20 23.376     2013 04 20 10 23   .360     157.0
 2013 04 20 20 23 27.317     2013 04 20 20 26 37.427     190.1
526
 2013 04 20 23 36 29.648     2013 04 20 23 39 51.301     201.7
527
 2013 04 20 10 17 46.935     2013 04 20 10 18 14.512      27.6
528
 2013 04 20 22 04 44.985     2013 04 20 22 05 45.886      60.9
529
 2013 04 20 11 53 19.544     2013 04 20 11 56 17.514     178.0
530
 2013 04 20 11 55 44.650     2013 04 20 11 59 17.238     212.6
 2013 04 20 21 58 58.043     2013 04 20 22 01 49.271     171.2
531
 2013 04 20 13 26  8.852     2013 04 20 13 27 18.697      69.8
532
 2013 04 20 10 19 31.558     2013 04 20 10 23 21.496     229.9
 2013 04 20 20 24 58.635     2013 04 20 20 27 48.011     169.4
533
 2013 04 20 11 54 44.022     2013 04 20 11 57 23.695     159.7
 2013 04 20 21 57 51.362     2013 04 20 22 01 36.439     225.1
534
 2013 04 20 20 21 12.322     2013 04 20 20 23 48.900     156.6
535
 2013 04 20 11 58 21.660     2013 04 20 12 01 52.158     210.5
536
 2013 04 20 12 06 12.041     2013 04 20 12 08 53.716     161.7
 2013 04 20 17 01 29.624     2013 04 20 17 04 50.872     201.2
 2013 04 20 18 39  5.742     2013 04 20 18 39 19.364      13.6
537
 2013 04 20 21 54 16.193     2013 04 20 21 57 40.765     204.6
538
 2013 04 20 11 54 32.993     2013 04 20 11 54 46.079      13.1
 2013 04 20 23 36 52.229     2013 04 20 23 40  9.331     197.1
539
 2013 04 20 11 51 20.542     2013 04 20 11 55  2.431     221.9
 2013 04 20 23 36 24.913     2013 04 20 23 36 28.075       3.2
540
 2013 04 20 12 04 20.573     2013 04 20 12 07 32.708     192.1
 2013 04 20 18 40 41.862     2013 04 20 18 43 22.227     160.4
541
 2013 04 20 21 55 18.755     2013 04 20 21 58   .861     162.1
542
 2013 04 20 13 33  2.527     2013 04 20 13 36 10.380     187.9
543
 2013 04 20 10 18 41.852     2013 04 20 10 22 32.240     230.4
544
 2013 04 20 12 05 35.643     2013 04 20 12 08 20.001     164.4
 2013 04 20 18 40  5.285     2013 04 20 18 43 16.432     191.1
545
 2013 04 20 11 54 39.023     2013 04 20 11 57 19.829     160.8
 2013 04 20 21 58 28.133     2013 04 20 22 02   .076     211.9
546
 2013 04 20 10 19 51.920     2013 04 20 10 22 59.962     188.0
 2013 04 20 20 25 26.035     2013 04 20 20 26 24.356      58.3
547
 2013 04 20 20 26 43.186     2013 04 20 20 30 10.587     207.4
548
 2013 04 20 23 34 44.478     2013 04 20 23 35  2.966      18.5
549
 2013 04 20 22 01 53.994     2013 04 20 22 02  3.655       9.7
550
 2013 04 20 10 22 29.258     2013 04 20 10 23 14.742      45.5
551
 2013 04 20 15 14 20.992     2013 04 20 15 16 59.982     159.0
 2013 04 20 21 49 17.521     2013 04 20 21 51 55.623     158.1
552
 2013 04 20 11 52 40.005     2013 04 20 11 55 24.399     164.4
553
 2013 04 20 18 41 34.916     2013 04 20 18 44 12.615     157.7
554
555
 2013 04 20 10 28 28.157     2013 04 20 10 28 48.172      20.0
 2013 04 20 18 41 33.806     2013 04 20 18 42 18.561      44.8
556
 2013 04 20 18 41 51.445     2013 04 20 18 44 42.421     171.0
557
558
 2013 04 20 00 00   .000     2013 04 20 00 00 11.579      11.6
 2013 04 20 11 50 10.116     2013 04 20 11 53 11.401     181.3
 2013 04 20 23 38 20.027     2013 04 20 23 41 12.859     172.8
559
 2013 04 20 12 03 38.698     2013 04 20 12 06 52.172     193.5
 2013 04 20 18 38 46.226     2013 04 20 18 41 50.447     184.2
560
 2013 04 20 20 27 38.412     2013 04 20 20 30 17.231     158.8
561
 2013 04 20 20 16 16.340     2013 04 20 20 19 14.811     178.5
562
 2013 04 20 22 02 45.970     2013 04 20 22 06 25.548     219.6
563
 2013 04 20 11 53 32.912     2013 04 20 11 57 11.727     218.8
 2013 04 20 21 59 27.343     2013 04 20 22 03 14.324     227.0
564
 2013 04 20 12 03 49.439     2013 04 20 12 07 44.371     234.9
 2013 04 20 18 41  5.001     2013 04 20 18 43 53.547     168.5
565
 2013 04 20 11 51 18.615     2013 04 20 11 54 44.238     205.6
 2013 04 20 23 36 42.407     2013 04 20 23 36 57.248      14.8
566
 2013 04 20 13 41 29.138     2013 04 20 13 44 29.101     180.0
 2013 04 20 18 37 28.181     2013 04 20 18 40 31.180     183.0
567
 2013 04 20 12 03 12.050     2013 04 20 12 06  5.785     173.7
 2013 04 20 18 43 40.123     2013 04 20 18 43 44.100       4.0
568
 2013 04 20 12 03 39.301     2013 04 20 12 06 30.145     170.8
 2013 04 20 18 39 50.129     2013 04 20 18 43 22.062     211.9
569
 2013 04 20 13 31 43.004     2013 04 20 13 34 49.361     186.4
 2013 04 20 23 31 26.770     2013 04 20 23 34 26.085     179.3
570
 2013 04 20 21 55 53.118     2013 04 20 21 59 19.435     206.3
571
 2013 04 20 10 18 24.156     2013 04 20 10 21  2.032     157.9
572
 2013 04 20 10 23 26.969     2013 04 20 10 26 27.766     180.8
573
 2013 04 20 11 55 26.963     2013 04 20 11 58  4.155     157.2
 2013 04 20 21 58 10.226     2013 04 20 22 01  2.303     172.1
574
575
 2013 04 20 13 41 26.984     2013 04 20 13 44  5.492     158.5
 2013 04 20 18 36 51.341     2013 04 20 18 39 48.269     176.9
576
 2013 04 20 23 36 27.708     2013 04 20 23 39 40.446     192.7
577
 2013 04 20 10 26 24.465     2013 04 20 10 27 26.668      62.2
578
 2013 04 20 11 50 47.778     2013 04 20 11 53 53.102     185.3
579
 2013 04 20 15 13 40.349     2013 04 20 15 16 30.458     170.1
 2013 04 20 21 49 41.108     2013 04 20 21 52 33.088     172.0
580
 2013 04 20 11 49 52.458     2013 04 20 11 53 32.713     220.3
 2013 04 20 23 37 57.393     2013 04 20 23 40 39.717     162.3
581
 2013 04 20 12 02 40.940     2013 04 20 12 05 19.031     158.1
 2013 04 20 20 17 11.810     2013 04 20 20 17 52.275      40.5
582
 2013 04 20 20 20 25.478     2013 04 20 20 23 56.467     211.0
583
584
 2013 04 20 13 32 17.142     2013 04 20 13 34 55.001     157.9
 2013 04 20 23 31 41.852     2013 04 20 23 33  7.820      86.0
585
 2013 04 20 23 39 29.435     2013 04 20 23 40  6.618      37.2
586
 2013 04 20 13 40 42.612     2013 04 20 13 43 26.082     163.5
 2013 04 20 18 36 16.010     2013 04 20 18 36 33.336      17.3
 2013 04 20 20 14 34.618     2013 04 20 20 18 17.951     223.3
587
 2013 04 20 12 04 50.856     2013 04 20 12 08 13.514     202.7
 2013 04 20 18 40 52.918     2013 04 20 18 43 35.594     162.7
588
 2013 04 20 15 14 37.547     2013 04 20 15 17 24.870     167.3
 2013 04 20 21 49 47.329     2013 04 20 21 52 33.215     165.9
589
 2013 04 20 20 26 23.199     2013 04 20 20 29   .344     157.1
590
 2013 04 20 12 00 32.864     2013 04 20 12 04 18.717     225.9
 2013 04 20 20 19 28.060     2013 04 20 20 22  5.001     156.9
591
 2013 04 20 13 40 20.297     2013 04 20 13 43   .489     160.2
 2013 04 20 20 14 17.069     2013 04 20 20 17 31.190     194.1
592
593
594
 2013 04 20 10 22 24.808     2013 04 20 10 25 23.627     178.8
 2013 04 20 20 22 49.296     2013 04 20 20 24  2.500      73.2
595
 2013 04 20 10 20 49.445     2013 04 20 10 23 30.848     161.4
 2013 04 20 20 23 10.462     2013 04 20 20 26   .837     170.4
596
 2013 04 20 11 52  3.156     2013 04 20 11 54 48.163     165.0
597
 2013 04 20 10 18 56.229     2013 04 20 10 21 33.667     157.4
598
599
 2013 04 20 11 51 47.772     2013 04 20 11 55   .522     192.7
600
 2013 04 20 11 53  6.394     2013 04 20 11 55 43.726     157.3
601
 2013 04 20 13 35 58.306     2013 04 20 13 38 36.032     157.7
 2013 04 20 21 52 57.734     2013 04 20 21 55 34.042     156.3
602
 2013 04 20 22 02 12.255     2013 04 20 22 04 54.369     162.1
603
 2013 04 20 21 59  3.238     2013 04 20 22 00  3.420      60.2
604
 2013 04 20 10 19 23.981     2013 04 20 10 22  6.064     162.1
 2013 04 20 20 27 40.435     2013 04 20 20 27 51.864      11.4
605
 2013 04 20 12 04  6.975     2013 04 20 12 06 51.221     164.2
 2013 04 20 18 40   .393     2013 04 20 18 42 59.301     178.9
606
 2013 04 20 13 41 52.995     2013 04 20 13 44 37.756     164.8
 2013 04 20 18 37 29.395     2013 04 20 18 40 12.621     163.2
607
 2013 04 20 21 50 24.036     2013 04 20 21 54 15.734     231.7
608
 2013 04 20 15 14 42.958     2013 04 20 15 17 43.665     180.7
 2013 04 20 20 13 53.065     2013 04 20 20 14  1.408       8.3
 2013 04 20 21 48 35.847     2013 04 20 21 51 40.840     185.0
609
 2013 04 20 12 03 43.981     2013 04 20 12 04 28.579      44.6
 2013 04 20 20 16 46.820     2013 04 20 20 19 29.680     162.9
610
 2013 04 20 13 32 16.835     2013 04 20 13 35  9.516     172.7
 2013 04 20 23 31  9.060     2013 04 20 23 34 46.987     217.9
611
 2013 04 20 10 20 10.180     2013 04 20 10 23 35.609     205.4
 2013 04 20 20 22 15.818     2013 04 20 20 25 46.257     210.4
612
 2013 04 20 15 14 33.692     2013 04 20 15 18 14.506     220.8
 2013 04 20 21 50 26.679     2013 04 20 21 53 28.256     181.6
613
 2013 04 20 13 32 32.308     2013 04 20 13 35 56.467     204.2
614
 2013 04 20 10 19 33.789     2013 04 20 10 20 17.926      44.1
 2013 04 20 20 25  8.311     2013 04 20 20 27 48.346     160.0
615
 2013 04 20 22 01 19.160     2013 04 20 22 05  3.297     224.1
616
 2013 04 20 10 20   .134     2013 04 20 10 22 44.441     164.3
 2013 04 20 20 23 53.417     2013 04 20 20 27 12.983     199.6
617
 2013 04 20 13 38 16.739     2013 04 20 13 41 43.737     207.0
 2013 04 20 20 13 21.600     2013 04 20 20 16 23.584     182.0
618
 2013 04 20 12 05 39.879     2013 04 20 12 08 26.174     166.3
 2013 04 20 17 00 50.863     2013 04 20 17 01 51.668      60.8
 2013 04 20 18 39 16.310     2013 04 20 18 42 41.657     205.3
619
 2013 04 20 12 03 30.528     2013 04 20 12 07  9.549     219.0
 2013 04 20 18 40 38.100     2013 04 20 18 43 54.696     196.6
620
 2013 04 20 21 55 13.644     2013 04 20 21 58 10.534     176.9
621
622
 2013 04 20 12 02 21.836     2013 04 20 12 05 20.370     178.5
 2013 04 20 20 17 55.357     2013 04 20 20 18 43.895      48.5
623
624
 2013 04 20 23 36 25.532     2013 04 20 23 39  5.835     160.3
625
626
 2013 04 20 20 24 36.161     2013 04 20 20 28 12.613     216.5
627
 2013 04 20 15 13 59.010     2013 04 20 15 16 37.884     158.9
 2013 04 20 21 49 13.946     2013 04 20 21 51 54.380     160.4
628
 2013 04 20 13 37 41.189     2013 04 20 13 40 49.968     188.8
 2013 04 20 20 16 48.856     2013 04 20 20 17  6.051      17.2
629
 2013 04 20 22 00 52.660     2013 04 20 22 03 30.145     157.5
630
631
 2013 04 20 10 21 52.620     2013 04 20 10 24 36.241     163.6
 2013 04 20 20 22 44.493     2013 04 20 20 25 26.961     162.5
632
 2013 04 20 10 25 14.035     2013 04 20 10 27 51.556     157.5
 2013 04 20 18 43  9.482     2013 04 20 18 46 52.643     223.2
633
 2013 04 20 12 03 13.319     2013 04 20 12 03 48.684      35.4
 2013 04 20 18 40 51.881     2013 04 20 18 44 14.891     203.0
634
635
 2013 04 20 13 38  8.696     2013 04 20 13 40 46.817     158.1
 2013 04 20 20 13 50.084     2013 04 20 20 14  3.650      13.6
636
 2013 04 20 12 03 37.858     2013 04 20 12 06 59.989     202.1
 2013 04 20 18 40 26.816     2013 04 20 18 43 43.142     196.3
637
 2013 04 20 10 19 58.151     2013 04 20 10 22 42.975     164.8
 2013 04 20 20 23 54.072     2013 04 20 20 27 15.263     201.2
638
 2013 04 20 20 30 10.351     2013 04 20 20 31  4.581      54.2
639
 2013 04 20 12 04 32.795     2013 04 20 12 07 30.554     177.8
 2013 04 20 18 40 31.168     2013 04 20 18 43  9.276     158.1
640
641
642
 2013 04 20 20 26 57.281     2013 04 20 20 30 35.707     218.4
643
 2013 04 20 18 41  5.387     2013 04 20 18 44 21.709     196.3
644
 2013 04 20 13 41 13.418     2013 04 20 13 44 19.194     185.8
 2013 04 20 18 37 18.201     2013 04 20 18 40 38.924     200.7
645
646
 2013 04 20 13 40 27.050     2013 04 20 13 43  5.616     158.6
 2013 04 20 20 14 29.286     2013 04 20 20 17 48.873     199.6
647
 2013 04 20 13 32 44.935     2013 04 20 13 35 36.214     171.3
648
649
 2013 04 20 10 17 14.507     2013 04 20 10 19 51.714     157.2
650
 2013 04 20 13 39 31.360     2013 04 20 13 42 47.969     196.6
 2013 04 20 15 17 17.751     2013 04 20 15 17 51.539      33.8
 2013 04 20 20 13 44.716     2013 04 20 20 16 32.572     167.9
651
652
 2013 04 20 15 13 58.360     2013 04 20 15 14 40.698      42.3
 2013 04 20 21 50 48.845     2013 04 20 21 53 30.166     161.3
653
 2013 04 20 10 23  8.231     2013 04 20 10 26 11.201     183.0
 2013 04 20 20 21  6.907     2013 04 20 20 21 36.858      30.0
654
 2013 04 20 12 00 44.914     2013 04 20 12 03 22.578     157.7
 2013 04 20 20 18 13.240     2013 04 20 20 21   .239     167.0
655
 2013 04 20 11 51 50.308     2013 04 20 11 54 54.924     184.6
656
 2013 04 20 10 20 14.289     2013 04 20 10 23 25.354     191.1
 2013 04 20 20 22 28.618     2013 04 20 20 25 56.572     208.0
657
 2013 04 20 10 23 46.395     2013 04 20 10 26 43.109     176.7
658
 2013 04 20 10 17 23.642     2013 04 20 10 20  1.052     157.4
659
 2013 04 20 21 55  5.186     2013 04 20 21 55  8.986       3.8
660
 2013 04 20 11 54  1.087     2013 04 20 11 54 55.793      54.7
 2013 04 20 21 59 52.261     2013 04 20 22 02 44.528     172.3
661
662
 2013 04 20 23 33 55.018     2013 04 20 23 34  5.590      10.6
663
664
 2013 04 20 21 55  7.437     2013 04 20 21 57 44.402     157.0
665
 2013 04 20 15 15 13.639     2013 04 20 15 17 53.901     160.3
 2013 04 20 21 49 19.778     2013 04 20 21 52 42.649     202.9
666
 2013 04 20 13 37 12.034     2013 04 20 13 39 54.892     162.9
 2013 04 20 21 51 53.156     2013 04 20 21 55 35.338     222.2
667
 2013 04 20 13 37 55.097     2013 04 20 13 41 15.209     200.1
 2013 04 20 20 13  6.194     2013 04 20 20 16 42.552     216.4
668
 2013 04 20 11 53 46.904     2013 04 20 11 56 31.416     164.5
669
 2013 04 20 12 05 22.047     2013 04 20 12 08   .424     158.4
 2013 04 20 18 39 49.820     2013 04 20 18 42 45.424     175.6
670
 2013 04 20 13 35  3.756     2013 04 20 13 37 41.410     157.7
 2013 04 20 21 52 52.470     2013 04 20 21 56  4.410     191.9
671
 2013 04 20 15 14 54.563     2013 04 20 15 18  2.130     187.6
 2013 04 20 21 49 59.461     2013 04 20 21 53  9.516     190.1
672
 2013 04 20 20 26 25.947     2013 04 20 20 29 16.564     170.6
673
 2013 04 20 10 16  5.800     2013 04 20 10 19 17.221     191.4
674
 2013 04 20 13 37 11.236     2013 04 20 13 37 29.363      18.1
675
 2013 04 20 22 00 50.115     2013 04 20 22 03 51.933     181.8
676
677
 2013 04 20 11 59 26.360     2013 04 20 12 02 21.078     174.7
 2013 04 20 20 22  6.394     2013 04 20 20 22 29.809      23.4
678
 2013 04 20 12 01 29.016     2013 04 20 12 04  7.487     158.5
 2013 04 20 20 18  2.684     2013 04 20 20 20 42.367     159.7
679
 2013 04 20 11 52 41.696     2013 04 20 11 56 18.105     216.4
680
 2013 04 20 23 36 11.876     2013 04 20 23 39 30.361     198.5
681
 2013 04 20 11 52 50.854     2013 04 20 11 55 44.750     173.9
682
 2013 04 20 10 21  1.316     2013 04 20 10 23 50.535     169.2
 2013 04 20 20 22 56.278     2013 04 20 20 25 39.628     163.4
683
 2013 04 20 13 36 51.365     2013 04 20 13 39 33.219     161.9
 2013 04 20 21 52 41.998     2013 04 20 21 56  3.036     201.0
684
 2013 04 20 10 24   .764     2013 04 20 10 24 11.908      11.1
 2013 04 20 20 21 38.645     2013 04 20 20 25 13.916     215.3
685
 2013 04 20 20 27 27.629     2013 04 20 20 30 26.131     178.5
686
 2013 04 20 15 13 59.214     2013 04 20 15 17  2.754     183.5
 2013 04 20 21 50  4.772     2013 04 20 21 52 42.774     158.0
687
 2013 04 20 12 04  7.023     2013 04 20 12 07 34.806     207.8
 2013 04 20 18 40 50.586     2013 04 20 18 43 34.798     164.2
688
 2013 04 20 10 19 29.766     2013 04 20 10 22 30.770     181.0
 2013 04 20 20 24 12.605     2013 04 20 20 27 48.449     215.8
689
 2013 04 20 12 03 36.902     2013 04 20 12 06 54.153     197.3
 2013 04 20 18 38 43.638     2013 04 20 18 41 47.312     183.7
690
 2013 04 20 15 15 49.640     2013 04 20 15 19 19.149     209.5
 2013 04 20 20 12 16.610     2013 04 20 20 15 43.510     206.9
691
 2013 04 20 10 22 20.970     2013 04 20 10 25 24.327     183.4
 2013 04 20 20 22 53.663     2013 04 20 20 24  3.867      70.2
692
 2013 04 20 11 52 51.599     2013 04 20 11 56 32.710     221.1
693
 2013 04 20 11 53 39.908     2013 04 20 11 57  9.598     209.7
694
 2013 04 20 15 13 37.277     2013 04 20 15 16 22.831     165.6
 2013 04 20 21 49 32.147     2013 04 20 21 52 28.519     176.4
695
 2013 04 20 13 33  8.430     2013 04 20 13 36  8.712     180.3
696
697
 2013 04 20 21 54 58.985     2013 04 20 21 56 25.128      86.1
698
 2013 04 20 13 40 30.739     2013 04 20 13 41 46.539      75.8
 2013 04 20 18 41  8.961     2013 04 20 18 41 28.878      19.9
 2013 04 20 20 15 24.958     2013 04 20 20 15 30.595       5.6
699
 2013 04 20 13 41 30.162     2013 04 20 13 45 12.459     222.3
 2013 04 20 18 38  9.073     2013 04 20 18 41  5.401     176.3
700
 2013 04 20 11 58 49.365     2013 04 20 12 01 28.784     159.4
701
 2013 04 20 13 40  5.132     2013 04 20 13 43 22.655     197.5
 2013 04 20 20 15 23.983     2013 04 20 20 18 32.370     188.4
702
 2013 04 20 11 55 18.360     2013 04 20 11 57 59.126     160.8
 2013 04 20 21 58 32.701     2013 04 20 22 01 22.785     170.1
703
704
 2013 04 20 15 14 17.826     2013 04 20 15 17 58.502     220.7
 2013 04 20 21 50 31.889     2013 04 20 21 53 18.681     166.8
705
 2013 04 20 22 01  6.800     2013 04 20 22 04 32.840     206.0
706
 2013 04 20 12 05  2.145     2013 04 20 12 08 32.868     210.7
 2013 04 20 18 40 54.846     2013 04 20 18 43 48.684     173.8
707
 2013 04 20 13 36 59.706     2013 04 20 13 39 47.540     167.8
 2013 04 20 21 51 55.293     2013 04 20 21 55 21.014     205.7
708
 2013 04 20 23 36 54.426     2013 04 20 23 40 32.503     218.1
709
 2013 04 20 21 58 31.183     2013 04 20 21 59 20.345      49.2
710
 2013 04 20 10 16 20.151     2013 04 20 10 18 59.411     159.3
 2013 04 20 22 03  7.474     2013 04 20 22 03 56.446      49.0
711
 2013 04 20 11 56  7.201     2013 04 20 11 58 55.048     167.8
 2013 04 20 21 57 37.318     2013 04 20 22 00 12.832     155.5
712
713
 2013 04 20 13 30  1.671     2013 04 20 13 32 54.876     173.2
 2013 04 20 23 32 18.894     2013 04 20 23 35 25.655     186.8
714
 2013 04 20 12 00 32.724     2013 04 20 12 01 25.697      53.0
 2013 04 20 20 16 53.492     2013 04 20 20 19 33.681     160.2
715
 2013 04 20 10 25 47.589     2013 04 20 10 29  6.518     198.9
 2013 04 20 18 42 32.063     2013 04 20 18 45 21.481     169.4
716
 2013 04 20 13 39  4.926     2013 04 20 13 41 48.973     164.0
 2013 04 20 20 14 14.507     2013 04 20 20 16 57.951     163.4
717
 2013 04 20 11 53  7.020     2013 04 20 11 56  2.638     175.6
718
719
720
 2013 04 20 10 23 42.511     2013 04 20 10 24 43.899      61.4
 2013 04 20 20 21 54.165     2013 04 20 20 24 43.059     168.9
721
 2013 04 20 13 32 45.617     2013 04 20 13 35 32.288     166.7
722
 2013 04 20 11 55 28.812     2013 04 20 11 59  8.207     219.4
 2013 04 20 21 56 53.856     2013 04 20 21 59 44.587     170.7
723
 2013 04 20 15 14 33.336     2013 04 20 15 18 19.512     226.2
 2013 04 20 21 50 29.249     2013 04 20 21 53 32.956     183.7
724
 2013 04 20 13 40  9.286     2013 04 20 13 43  2.986     173.7
 2013 04 20 18 35 16.901     2013 04 20 18 35 19.732       2.8
 2013 04 20 20 13 56.169     2013 04 20 20 17  8.369     192.2
725
726
 2013 04 20 20 19 21.773     2013 04 20 20 19 37.588      15.8
727
 2013 04 20 11 52 13.977     2013 04 20 11 55 14.696     180.7
728
729
 2013 04 20 15 15 40.001     2013 04 20 15 18 18.467     158.5
 2013 04 20 20 11  2.812     2013 04 20 20 14 35.259     212.4
 2013 04 20 21 48 49.671     2013 04 20 21 49 24.739      35.1
730
 2013 04 20 20 25 34.723     2013 04 20 20 28 14.302     159.6
731
 2013 04 20 12 04 56.635     2013 04 20 12 08 13.032     196.4
 2013 04 20 13 42 44.968     2013 04 20 13 43 46.436      61.5
 2013 04 20 18 38 57.995     2013 04 20 18 41 53.889     175.9
732
 2013 04 20 12 00  4.886     2013 04 20 12 02 42.813     157.9
 2013 04 20 20 18  4.441     2013 04 20 20 21 35.347     210.9
733
 2013 04 20 15 16 14.389     2013 04 20 15 19 11.811     177.4
 2013 04 20 20 12 10.516     2013 04 20 20 15 12.427     181.9
734
 2013 04 20 20 21  2.543     2013 04 20 20 23 59.717     177.2
735
 2013 04 20 20 20 37.141     2013 04 20 20 23 14.420     157.3
736
 2013 04 20 13 41 24.578     2013 04 20 13 44 30.668     186.1
 2013 04 20 18 37 30.115     2013 04 20 18 40 37.577     187.5
737
 2013 04 20 13 37 47.552     2013 04 20 13 40 31.150     163.6
738
 2013 04 20 10 20  4.860     2013 04 20 10 23 35.941     211.1
 2013 04 20 20 24 42.460     2013 04 20 20 27 21.235     158.8
739
740
 2013 04 20 10 25 30.686     2013 04 20 10 29  1.620     210.9
 2013 04 20 18 42 19.619     2013 04 20 18 45 20.843     181.2
741
 2013 04 20 11 57 51.557     2013 04 20 12 00 38.384     166.8
742
 2013 04 20 20 26 16.303     2013 04 20 20 28 59.424     163.1
743
 2013 04 20 13 40 44.952     2013 04 20 13 43 29.011     164.1
 2013 04 20 18 36   .046     2013 04 20 18 39 31.317     211.3
 2013 04 20 20 13 51.685     2013 04 20 20 15 27.087      95.4
744
 2013 04 20 23 29 15.092     2013 04 20 23 29 56.020      40.9
745
 2013 04 20 13 34 33.830     2013 04 20 13 37 15.815     162.0
 2013 04 20 21 52 55.177     2013 04 20 21 56 42.276     227.1
746
 2013 04 20 23 33 52.678     2013 04 20 23 34  7.503      14.8
747
 2013 04 20 15 16 53.049     2013 04 20 15 19 51.754     178.7
 2013 04 20 20 12 41.115     2013 04 20 20 15 19.309     158.2
748
 2013 04 20 10 19 44.025     2013 04 20 10 22 21.958     157.9
 2013 04 20 20 26 41.261     2013 04 20 20 27 14.788      33.5
749
 2013 04 20 10 18 51.417     2013 04 20 10 19 19.997      28.6
750
 2013 04 20 15 14  5.601     2013 04 20 15 16 44.087     158.5
 2013 04 20 21 49 18.243     2013 04 20 21 51 56.561     158.3
751
 2013 04 20 13 35 51.986     2013 04 20 13 38 31.575     159.6
 2013 04 20 21 53 10.146     2013 04 20 21 55 46.409     156.3
752
753
754
755
 2013 04 20 12 03 46.475     2013 04 20 12 06 28.659     162.2
 2013 04 20 18 39 40.866     2013 04 20 18 43  6.326     205.5
756
 2013 04 20 13 39 16.512     2013 04 20 13 41 55.160     158.6
 2013 04 20 20 14 41.742     2013 04 20 20 17 22.115     160.4
757
 2013 04 20 11 56 32.036     2013 04 20 11 57  2.948      30.9
758
 2013 04 20 13 34 52.414     2013 04 20 13 38 31.562     219.1
 2013 04 20 21 51 40.870     2013 04 20 21 54 45.753     184.9
759
 2013 04 20 12 00 24.295     2013 04 20 12 02 28.255     124.0
 2013 04 20 20 19 34.434     2013 04 20 20 22 10.737     156.3
760
 2013 04 20 12 06 28.250     2013 04 20 12 06 48.088      19.8
 2013 04 20 13 40 46.510     2013 04 20 13 41 18.689      32.2
 2013 04 20 18 37 45.713     2013 04 20 18 41 28.296     222.6
761
 2013 04 20 11 56 19.185     2013 04 20 11 59  1.777     162.6
 2013 04 20 21 57 40.794     2013 04 20 22 00 16.795     156.0
762
 2013 04 20 12 03 54.806     2013 04 20 12 06 42.351     167.5
 2013 04 20 18 39 11.683     2013 04 20 18 42 16.091     184.4
763
 2013 04 20 18 41 36.971     2013 04 20 18 44 27.145     170.2
764
 2013 04 20 13 36 10.018     2013 04 20 13 38 47.779     157.8
 2013 04 20 21 52 54.008     2013 04 20 21 55 32.749     158.7
765
 2013 04 20 21 55 20.662     2013 04 20 21 58 16.958     176.3
766
767
 2013 04 20 13 28 21.651     2013 04 20 13 31 41.406     199.8
 2013 04 20 23 37 13.415     2013 04 20 23 37 56.097      42.7
768
 2013 04 20 15 13 58.126     2013 04 20 15 17 39.857     221.7
 2013 04 20 21 50 34.711     2013 04 20 21 53 12.289     157.6
769
 2013 04 20 12 04 11.176     2013 04 20 12 07 38.761     207.6
 2013 04 20 13 42   .317     2013 04 20 13 42 16.243      15.9
 2013 04 20 18 38 54.155     2013 04 20 18 41 31.712     157.6
770
 2013 04 20 10 24 37.507     2013 04 20 10 27 37.241     179.7
771
 2013 04 20 13 33 57.564     2013 04 20 13 37  9.789     192.2
772
 2013 04 20 10 16 41.690     2013 04 20 10 19 20.653     159.0
773
 2013 04 20 20 16 26.219     2013 04 20 20 19 12.097     165.9
774
 2013 04 20 13 36 42.864     2013 04 20 13 39 45.103     182.2
 2013 04 20 21 51 49.532     2013 04 20 21 54 59.037     189.5
775
 2013 04 20 10 23  9.806     2013 04 20 10 26 46.020     216.2
 2013 04 20 20 20 30.640     2013 04 20 20 20 32.763       2.1
776
 2013 04 20 13 36 23.539     2013 04 20 13 39  3.757     160.2
 2013 04 20 21 52 35.917     2013 04 20 21 55 21.374     165.5
777
 2013 04 20 23 36 14.046     2013 04 20 23 38 53.698     159.7
778
 2013 04 20 00 00   .000     2013 04 20 00 00 24.433      24.4
 2013 04 20 11 50 54.989     2013 04 20 11 53 47.090     172.1
 2013 04 20 23 37 44.348     2013 04 20 23 41 25.660     221.3
779
 2013 04 20 13 27 16.914     2013 04 20 13 30 41.629     204.7
780
 2013 04 20 10 19 22.199     2013 04 20 10 19 34.148      11.9
781
782
 2013 04 20 13 37 17.979     2013 04 20 13 39 59.481     161.5
 2013 04 20 21 52 16.774     2013 04 20 21 53 10.772      54.0
783
 2013 04 20 12 04 16.784     2013 04 20 12 04 27.362      10.6
 2013 04 20 18 41 26.508     2013 04 20 18 44  4.242     157.7
784
785
 2013 04 20 10 23 16.281     2013 04 20 10 25 55.859     159.6
786
 2013 04 20 13 34 10.649     2013 04 20 13 37 26.271     195.6
 2013 04 20 21 53 32.531     2013 04 20 21 57 18.475     225.9
787
 2013 04 20 11 50 20.554     2013 04 20 11 50 27.321       6.8
788
 2013 04 20 20 26 40.291     2013 04 20 20 29 16.596     156.3
789
 2013 04 20 13 36 55.930     2013 04 20 13 39 47.758     171.8
 2013 04 20 21 52 46.226     2013 04 20 21 56 24.746     218.5
790
 2013 04 20 23 34 52.428     2013 04 20 23 38 16.223     203.8
791
 2013 04 20 11 53 45.953     2013 04 20 11 56 58.510     192.6
792
 2013 04 20 10 22 50.476     2013 04 20 10 25 41.623     171.1
793
 2013 04 20 11 58 46.044     2013 04 20 11 59 12.744      26.7
 2013 04 20 20 19 22.405     2013 04 20 20 19 41.250      18.8
794
 2013 04 20 11 57 14.387     2013 04 20 12 00 25.084     190.7
795
796
 2013 04 20 11 52 47.768     2013 04 20 11 55 26.691     158.9
797
 2013 04 20 13 34  4.786     2013 04 20 13 34 56.054      51.3
 2013 04 20 23 31 10.072     2013 04 20 23 33 46.118     156.0
798
799
 2013 04 20 11 53 10.732     2013 04 20 11 56 12.732     182.0
