s3
0
 2013 04 20 15 26  4.208     2013 04 20 15 28 48.448     164.2
 2013 04 20 20 21 39.287     2013 04 20 20 24 22.440     163.2
1
 2013 04 20 13 47 41.850     2013 04 20 13 50 23.398     161.5
 2013 04 20 20 23 37.676     2013 04 20 20 27 26.173     228.5
2
 2013 04 20 12 06 15.242     2013 04 20 12 09 20.262     185.0
 2013 04 20 22 06 14.663     2013 04 20 22 09  6.961     172.3
3
 2013 04 20 13 43  1.919     2013 04 20 13 46 17.239     195.3
4
5
 2013 04 20 22 09 30.542     2013 04 20 22 12 53.764     203.2
6
 2013 04 20 20 30 15.504     2013 04 20 20 34  6.747     231.2
7
 2013 04 20 00 06 42.344     2013 04 20 00 09 25.780     163.4
 2013 04 20 11 58 25.212     2013 04 20 12 02 12.423     227.2
8
 2013 04 20 13 48 49.143     2013 04 20 13 49 16.101      27.0
 2013 04 20 22 00 47.343     2013 04 20 22 03 28.867     161.5
9
 2013 04 20 12 11  3.957     2013 04 20 12 14  7.624     183.7
 2013 04 20 20 26 40.339     2013 04 20 20 29 31.138     170.8
10
 2013 04 20 13 48  7.817     2013 04 20 13 50 45.467     157.7
 2013 04 20 20 23 48.606     2013 04 20 20 27   .288     191.7
11
 2013 04 20 00 03 54.005     2013 04 20 00 06 33.211     159.2
 2013 04 20 23 44 53.492     2013 04 20 23 47 32.823     159.3
12
 2013 04 20 00 02 52.088     2013 04 20 00 05 29.206     157.1
 2013 04 20 13 38 53.912     2013 04 20 13 39 39.201      45.3
 2013 04 20 23 43 51.630     2013 04 20 23 46 28.764     157.1
13
 2013 04 20 13 47 36.058     2013 04 20 13 50 37.237     181.2
 2013 04 20 20 24  2.290     2013 04 20 20 27 48.817     226.5
14
15
 2013 04 20 12 08  9.829     2013 04 20 12 11 24.872     195.0
16
17
 2013 04 20 12 00 44.534     2013 04 20 12 03 19.924     155.4
18
 2013 04 20 13 49 26.924     2013 04 20 13 52  4.086     157.2
 2013 04 20 20 24   .617     2013 04 20 20 26 52.760     172.1
19
 2013 04 20 13 44 53.545     2013 04 20 13 48 10.790     197.2
 2013 04 20 22 01 25.892     2013 04 20 22 04  8.905     163.0
20
21
 2013 04 20 13 45 50.908     2013 04 20 13 49 27.243     216.3
 2013 04 20 22 02 49.412     2013 04 20 22 06 27.853     218.4
22
 2013 04 20 13 44 31.994     2013 04 20 13 47 22.221     170.2
 2013 04 20 22 02 51.972     2013 04 20 22 05 48.876     176.9
23
 2013 04 20 12 14  4.724     2013 04 20 12 17 30.522     205.8
 2013 04 20 18 50 20.793     2013 04 20 18 53   .385     159.6
24
 2013 04 20 12 08 13.303     2013 04 20 12 11  5.581     172.3
25
 2013 04 20 12 15 36.417     2013 04 20 12 18 42.730     186.3
 2013 04 20 17 11 39.089     2013 04 20 17 15 25.623     226.5
26
 2013 04 20 00 01 37.274     2013 04 20 00 04 49.554     192.3
 2013 04 20 13 40 27.113     2013 04 20 13 43 43.233     196.1
 2013 04 20 23 42 36.969     2013 04 20 23 45 48.967     192.0
27
 2013 04 20 12 06 19.883     2013 04 20 12 08 56.496     156.6
 2013 04 20 22 07  5.039     2013 04 20 22 10 12.774     187.7
28
 2013 04 20 20 24 48.545     2013 04 20 20 25 30.542      42.0
29
30
 2013 04 20 15 23 19.354     2013 04 20 15 26 24.024     184.7
 2013 04 20 21 59 29.346     2013 04 20 22 02  9.926     160.6
31
 2013 04 20 15 23 37.259     2013 04 20 15 24 49.959      72.7
 2013 04 20 22 00  6.568     2013 04 20 22 02 56.119     169.6
32
 2013 04 20 13 44 39.903     2013 04 20 13 47 58.099     198.2
 2013 04 20 22 01 22.993     2013 04 20 22 04 15.156     172.2
33
 2013 04 20 12 08 35.583     2013 04 20 12 09  2.818      27.2
 2013 04 20 20 28 57.164     2013 04 20 20 32 20.446     203.3
34
 2013 04 20 10 31 10.910     2013 04 20 10 33 46.719     155.8
 2013 04 20 20 32 40.034     2013 04 20 20 35 25.528     165.5
35
36
 2013 04 20 13 47 18.060     2013 04 20 13 48  6.052      48.0
 2013 04 20 15 25 19.403     2013 04 20 15 25 38.245      18.8
 2013 04 20 20 22 21.742     2013 04 20 20 25 33.463     191.7
37
38
 2013 04 20 10 28 19.683     2013 04 20 10 31 50.675     211.0
39
 2013 04 20 10 33  8.209     2013 04 20 10 36 38.394     210.2
40
41
 2013 04 20 12 00  7.457     2013 04 20 12 01 58.515     111.1
42
 2013 04 20 12 06 22.157     2013 04 20 12 08 57.356     155.2
 2013 04 20 22 06 58.509     2013 04 20 22 10  4.438     185.9
43
 2013 04 20 00 00 19.881     2013 04 20 00 03 10.683     170.8
 2013 04 20 13 40 57.833     2013 04 20 13 43 45.809     168.0
 2013 04 20 23 41 19.522     2013 04 20 23 44 10.147     170.6
44
 2013 04 20 12 04 32.451     2013 04 20 12 04 46.492      14.0
 2013 04 20 22 08 56.084     2013 04 20 22 11 44.535     168.5
45
46
 2013 04 20 12 05 59.379     2013 04 20 12 06  1.765       2.4
47
 2013 04 20 15 24  7.181     2013 04 20 15 26 47.866     160.7
 2013 04 20 21 59  1.160     2013 04 20 22 01 50.149     169.0
48
 2013 04 20 10 25  4.612     2013 04 20 10 28 30.238     205.6
49
 2013 04 20 12 14  4.615     2013 04 20 12 17 24.030     199.4
 2013 04 20 18 50 16.250     2013 04 20 18 52 55.171     158.9
50
 2013 04 20 13 43  1.254     2013 04 20 13 45 55.703     174.4
51
 2013 04 20 13 43 35.907     2013 04 20 13 46 11.489     155.6
52
 2013 04 20 22 09 58.019     2013 04 20 22 13  7.406     189.4
53
 2013 04 20 10 28  3.617     2013 04 20 10 30 47.140     163.5
54
55
 2013 04 20 12 09 19.928     2013 04 20 12 13  3.694     223.8
 2013 04 20 20 28 52.955     2013 04 20 20 31 43.695     170.7
56
 2013 04 20 12 11  4.076     2013 04 20 12 11 38.126      34.0
 2013 04 20 20 25 50.594     2013 04 20 20 29   .497     189.9
57
 2013 04 20 00 04 41.417     2013 04 20 00 07 33.126     171.7
 2013 04 20 23 45 41.067     2013 04 20 23 48 32.582     171.5
58
 2013 04 20 13 46 13.234     2013 04 20 13 48 56.192     163.0
 2013 04 20 22 01 35.027     2013 04 20 22 04 45.126     190.1
59
 2013 04 20 10 32 16.674     2013 04 20 10 35 29.717     193.0
 2013 04 20 20 30 38.771     2013 04 20 20 34 22.465     223.7
60
 2013 04 20 12 01 19.994     2013 04 20 12 03 56.020     156.0
61
 2013 04 20 00 08 14.352     2013 04 20 00 09  9.850      55.5
62
 2013 04 20 15 25 30.177     2013 04 20 15 28 36.176     186.0
 2013 04 20 20 21 35.167     2013 04 20 20 24 47.530     192.4
63
 2013 04 20 20 29 51.904     2013 04 20 20 33  3.750     191.8
64
 2013 04 20 20 37 47.014     2013 04 20 20 40 27.432     160.4
65
 2013 04 20 10 27 35.138     2013 04 20 10 30 25.452     170.3
66
 2013 04 20 12 11 12.487     2013 04 20 12 14  4.728     172.2
 2013 04 20 20 26 48.753     2013 04 20 20 29 43.715     175.0
67
 2013 04 20 10 31 52.525     2013 04 20 10 35 27.788     215.3
 2013 04 20 20 30 41.996     2013 04 20 20 33 59.806     197.8
68
 2013 04 20 12 01  1.535     2013 04 20 12 03 37.144     155.6
69
 2013 04 20 13 43  9.259     2013 04 20 13 45 44.851     155.6
70
 2013 04 20 13 47 16.119     2013 04 20 13 47 48.851      32.7
 2013 04 20 20 24 53.242     2013 04 20 20 28 28.109     214.9
71
 2013 04 20 22 11  9.643     2013 04 20 22 13 48.769     159.1
72
 2013 04 20 22 09 21.729     2013 04 20 22 12 17.060     175.3
73
 2013 04 20 12 03 29.040     2013 04 20 12 07  6.004     217.0
74
 2013 04 20 12 10 14.824     2013 04 20 12 10 29.122      14.3
 2013 04 20 20 26 14.014     2013 04 20 20 28 52.097     158.1
75
 2013 04 20 10 35 24.721     2013 04 20 10 36 12.974      48.3
 2013 04 20 18 51 33.810     2013 04 20 18 54 12.436     158.6
76
 2013 04 20 12 00 29.422     2013 04 20 12 04 10.541     221.1
77
 2013 04 20 12 05  3.819     2013 04 20 12 06   .230      56.4
 2013 04 20 22 08 29.515     2013 04 20 22 11 36.684     187.2
78
79
 2013 04 20 10 34   .725     2013 04 20 10 36 36.297     155.6
80
81
 2013 04 20 10 28 31.468     2013 04 20 10 31 11.383     159.9
82
 2013 04 20 10 28 25.243     2013 04 20 10 31 40.990     195.7
 2013 04 20 20 36 40.312     2013 04 20 20 37 48.983      68.7
83
 2013 04 20 12 15  5.872     2013 04 20 12 17 43.267     157.4
 2013 04 20 18 49 10.234     2013 04 20 18 52 27.354     197.1
84
 2013 04 20 12 12 30.278     2013 04 20 12 15 19.875     169.6
 2013 04 20 18 52  6.560     2013 04 20 18 52  7.348        .8
85
 2013 04 20 12 14 40.968     2013 04 20 12 17 19.168     158.2
 2013 04 20 18 49  8.708     2013 04 20 18 52   .496     171.8
86
 2013 04 20 22 00 19.005     2013 04 20 22 03 25.244     186.2
87
 2013 04 20 13 46 40.418     2013 04 20 13 49 27.327     166.9
 2013 04 20 22 01  4.778     2013 04 20 22 04 53.922     229.1
88
 2013 04 20 12 07  5.633     2013 04 20 12 10 52.129     226.5
 2013 04 20 22 04 44.132     2013 04 20 22 05 57.469      73.3
89
 2013 04 20 00 03  7.172     2013 04 20 00 06 22.740     195.6
 2013 04 20 13 37 40.905     2013 04 20 13 37 51.905      11.0
 2013 04 20 23 44  6.536     2013 04 20 23 47 22.466     195.9
90
91
 2013 04 20 13 43 32.540     2013 04 20 13 46 17.568     165.0
92
93
 2013 04 20 00 08 51.783     2013 04 20 00 08 53.180       1.4
94
 2013 04 20 13 45 21.954     2013 04 20 13 48 10.066     168.1
 2013 04 20 22 02 48.934     2013 04 20 22 05 28.316     159.4
95
 2013 04 20 20 31  2.794     2013 04 20 20 34 28.815     206.0
96
 2013 04 20 13 47 20.463     2013 04 20 13 50 50.983     210.5
 2013 04 20 20 22 27.685     2013 04 20 20 25 55.056     207.4
97
 2013 04 20 12 13 15.921     2013 04 20 12 16 52.504     216.6
 2013 04 20 18 50 14.637     2013 04 20 18 53 10.239     175.6
98
 2013 04 20 12 09 38.139     2013 04 20 12 12 14.202     156.1
 2013 04 20 20 27 21.501     2013 04 20 20 30 46.609     205.1
99
 2013 04 20 10 30 35.649     2013 04 20 10 33 10.523     154.9
 2013 04 20 20 32 51.816     2013 04 20 20 35 30.553     158.7
100
 2013 04 20 08 54 38.368     2013 04 20 08 54 51.956      13.6
 2013 04 20 20 36 39.001     2013 04 20 20 40 10.171     211.2
101
 2013 04 20 22 05  1.490     2013 04 20 22 08 31.555     210.1
102
 2013 04 20 13 46 49.949     2013 04 20 13 50 15.975     206.0
103
 2013 04 20 00 05 37.273     2013 04 20 00 09 19.559     222.3
 2013 04 20 12 00 22.295     2013 04 20 12 03 43.199     200.9
104
 2013 04 20 10 26 32.533     2013 04 20 10 27 16.038      43.5
105
 2013 04 20 10 26 23.597     2013 04 20 10 29  8.190     164.6
106
 2013 04 20 22 04  9.791     2013 04 20 22 07 18.424     188.6
107
 2013 04 20 12 13 29.660     2013 04 20 12 16 20.868     171.2
 2013 04 20 18 48 37.406     2013 04 20 18 51 30.224     172.8
108
 2013 04 20 12 07  5.437     2013 04 20 12 10  3.801     178.4
 2013 04 20 22 05 33.294     2013 04 20 22 09 21.589     228.3
109
110
 2013 04 20 00 05 46.129     2013 04 20 00 07 15.235      89.1
 2013 04 20 23 46 48.419     2013 04 20 23 48 15.007      86.6
111
 2013 04 20 22 03 49.282     2013 04 20 22 04  3.740      14.5
112
 2013 04 20 13 47 19.428     2013 04 20 13 49 57.996     158.6
113
 2013 04 20 20 30 17.584     2013 04 20 20 33  6.100     168.5
114
 2013 04 20 00 01 42.535     2013 04 20 00 04 31.781     169.2
 2013 04 20 13 40 17.454     2013 04 20 13 43 15.985     178.5
 2013 04 20 23 42 42.172     2013 04 20 23 45 31.247     169.1
115
 2013 04 20 20 24 56.918     2013 04 20 20 28 35.796     218.9
116
 2013 04 20 12 10 31.489     2013 04 20 12 10 49.794      18.3
 2013 04 20 22 04 50.568     2013 04 20 22 08 21.926     211.4
117
 2013 04 20 13 43 53.313     2013 04 20 13 44 34.263      41.0
 2013 04 20 22 03 49.705     2013 04 20 22 06 39.035     169.3
118
 2013 04 20 12 10 31.638     2013 04 20 12 11 21.829      50.2
 2013 04 20 20 28 38.301     2013 04 20 20 31 50.101     191.8
119
 2013 04 20 10 28 13.363     2013 04 20 10 31 18.856     185.5
120
 2013 04 20 12 09 47.888     2013 04 20 12 12 45.926     178.0
 2013 04 20 20 26 51.383     2013 04 20 20 29 58.633     187.2
121
 2013 04 20 00 05 35.665     2013 04 20 00 08 14.088     158.4
122
 2013 04 20 10 25 55.910     2013 04 20 10 28 32.328     156.4
 2013 04 20 22 12 23.298     2013 04 20 22 12 40.120      16.8
123
 2013 04 20 20 33 33.085     2013 04 20 20 34 44.100      71.0
124
 2013 04 20 22 09 40.696     2013 04 20 22 13 18.211     217.5
125
 2013 04 20 12 10  5.143     2013 04 20 12 12 56.533     171.4
 2013 04 20 20 28 12.744     2013 04 20 20 30 55.975     163.2
126
 2013 04 20 12 13 39.471     2013 04 20 12 13 57.580      18.1
 2013 04 20 13 51 57.982     2013 04 20 13 55 25.887     207.9
 2013 04 20 18 47 57.231     2013 04 20 18 50 41.090     163.9
127
 2013 04 20 20 40 22.474     2013 04 20 20 40 41.293      18.8
128
129
 2013 04 20 10 27  4.560     2013 04 20 10 27 27.600      23.0
 2013 04 20 22 12 45.129     2013 04 20 22 15 41.605     176.5
130
 2013 04 20 10 32 18.939     2013 04 20 10 35  3.877     164.9
 2013 04 20 20 31  8.888     2013 04 20 20 34 53.810     224.9
131
 2013 04 20 00 04 43.196     2013 04 20 00 07 27.554     164.4
 2013 04 20 23 45 42.644     2013 04 20 23 48 27.205     164.6
132
 2013 04 20 22 05 26.057     2013 04 20 22 08 29.462     183.4
133
 2013 04 20 10 30 16.525     2013 04 20 10 33   .023     163.5
 2013 04 20 20 33 19.532     2013 04 20 20 35 59.412     159.9
134
 2013 04 20 10 32 23.560     2013 04 20 10 35 29.308     185.7
 2013 04 20 20 30 38.880     2013 04 20 20 34 30.931     232.1
135
 2013 04 20 22 03 12.080     2013 04 20 22 04 47.940      95.9
136
 2013 04 20 00 05 39.685     2013 04 20 00 06 54.267      74.6
 2013 04 20 12 00 35.653     2013 04 20 12 03 38.469     182.8
137
 2013 04 20 20 36 48.279     2013 04 20 20 39 46.801     178.5
138
 2013 04 20 15 23 56.581     2013 04 20 15 26 36.554     160.0
 2013 04 20 21 58 33.443     2013 04 20 22 01 17.552     164.1
139
 2013 04 20 12 01 37.431     2013 04 20 12 04 14.917     157.5
140
 2013 04 20 00 03 55.986     2013 04 20 00 06 43.502     167.5
 2013 04 20 23 44 55.420     2013 04 20 23 47 43.163     167.7
141
 2013 04 20 10 35 10.575     2013 04 20 10 37 49.553     159.0
 2013 04 20 18 52 34.007     2013 04 20 18 55 39.210     185.2
142
 2013 04 20 12 13 45.641     2013 04 20 12 14  9.497      23.9
 2013 04 20 20 26  8.375     2013 04 20 20 28 47.228     158.9
143
 2013 04 20 12 02 53.446     2013 04 20 12 05 37.189     163.7
144
 2013 04 20 10 30 44.987     2013 04 20 10 33 39.146     174.2
 2013 04 20 20 33 15.607     2013 04 20 20 35 59.330     163.7
145
 2013 04 20 10 32 35.355     2013 04 20 10 35 16.745     161.4
 2013 04 20 20 30 55.680     2013 04 20 20 31 25.483      29.8
146
 2013 04 20 10 31 10.885     2013 04 20 10 34 12.673     181.8
 2013 04 20 20 32 56.579     2013 04 20 20 36  7.661     191.1
147
 2013 04 20 20 37  4.327     2013 04 20 20 40 33.067     208.7
148
 2013 04 20 10 27  7.578     2013 04 20 10 29 53.363     165.8
149
 2013 04 20 10 31 13.196     2013 04 20 10 34  4.584     171.4
 2013 04 20 20 32 52.083     2013 04 20 20 35 55.344     183.3
150
 2013 04 20 12 12 48.394     2013 04 20 12 15 25.179     156.8
 2013 04 20 18 48 23.925     2013 04 20 18 48 29.251       5.3
151
 2013 04 20 12 05  3.271     2013 04 20 12 08  6.959     183.7
 2013 04 20 22 08 19.479     2013 04 20 22 10 57.273     157.8
152
 2013 04 20 22 00 38.313     2013 04 20 22 03 19.955     161.6
153
 2013 04 20 15 24 34.653     2013 04 20 15 27 40.639     186.0
 2013 04 20 21 59 14.947     2013 04 20 22 02 45.822     210.9
154
 2013 04 20 20 33 46.642     2013 04 20 20 35 25.889      99.2
155
 2013 04 20 13 45 37.028     2013 04 20 13 46 22.017      45.0
 2013 04 20 22 03  3.983     2013 04 20 22 06 46.112     222.1
156
 2013 04 20 10 34  4.120     2013 04 20 10 37 21.414     197.3
157
 2013 04 20 22 03 18.089     2013 04 20 22 03 43.595      25.5
158
 2013 04 20 20 29 53.728     2013 04 20 20 33 18.928     205.2
159
 2013 04 20 20 40 26.148     2013 04 20 20 40 41.868      15.7
160
 2013 04 20 10 28 54.513     2013 04 20 10 31 29.316     154.8
161
 2013 04 20 12 14  8.251     2013 04 20 12 16 45.470     157.2
 2013 04 20 18 49 22.903     2013 04 20 18 52  1.507     158.6
162
163
 2013 04 20 13 49 38.295     2013 04 20 13 52 19.232     160.9
 2013 04 20 20 24 12.426     2013 04 20 20 27 15.708     183.3
164
 2013 04 20 22 05 20.244     2013 04 20 22 08  4.230     164.0
165
 2013 04 20 10 33 25.785     2013 04 20 10 36  1.189     155.4
166
 2013 04 20 15 22 41.300     2013 04 20 15 25 59.789     198.5
 2013 04 20 21 59 23.419     2013 04 20 22 02 29.968     186.5
167
 2013 04 20 13 47  3.519     2013 04 20 13 50 52.942     229.4
 2013 04 20 20 22 10.487     2013 04 20 20 25 46.391     215.9
168
 2013 04 20 12 13 45.383     2013 04 20 12 16 33.600     168.2
 2013 04 20 18 49 40.042     2013 04 20 18 52 27.283     167.2
169
 2013 04 20 20 39  9.624     2013 04 20 20 39 10.920       1.3
170
 2013 04 20 10 34 44.627     2013 04 20 10 35 41.977      57.3
 2013 04 20 20 30 29.479     2013 04 20 20 33 42.326     192.8
171
 2013 04 20 13 49  7.943     2013 04 20 13 51 46.171     158.2
 2013 04 20 20 24 12.960     2013 04 20 20 26 53.207     160.2
172
 2013 04 20 12 16 18.501     2013 04 20 12 18 58.753     160.3
 2013 04 20 17 11 50.684     2013 04 20 17 14 44.183     173.5
173
 2013 04 20 13 51 31.089     2013 04 20 13 52 13.573      42.5
 2013 04 20 15 26 29.803     2013 04 20 15 30   .144     210.3
 2013 04 20 20 22 39.741     2013 04 20 20 25 19.278     159.5
174
 2013 04 20 13 44  4.064     2013 04 20 13 47  1.514     177.4
 2013 04 20 22 01 21.797     2013 04 20 22 05  7.337     225.5
175
176
 2013 04 20 13 46 23.880     2013 04 20 13 50  2.859     219.0
177
 2013 04 20 22 14 46.892     2013 04 20 22 15 29.567      42.7
178
179
 2013 04 20 12 14 38.591     2013 04 20 12 15 22.782      44.2
 2013 04 20 18 50 28.319     2013 04 20 18 53 53.245     204.9
180
 2013 04 20 12 13 15.905     2013 04 20 12 13 38.159      22.3
 2013 04 20 18 50 41.387     2013 04 20 18 53 25.961     164.6
181
 2013 04 20 00 00 52.812     2013 04 20 00 03 47.270     174.5
 2013 04 20 13 40 54.034     2013 04 20 13 43 29.106     155.1
 2013 04 20 23 41 52.465     2013 04 20 23 44 46.722     174.3
182
 2013 04 20 12 01  6.337     2013 04 20 12 04  4.547     178.2
183
 2013 04 20 22 03 56.682     2013 04 20 22 07  1.479     184.8
184
 2013 04 20 10 32 46.681     2013 04 20 10 35 32.496     165.8
185
186
 2013 04 20 13 45 18.330     2013 04 20 13 48 23.278     184.9
 2013 04 20 22 01 34.770     2013 04 20 22 04 12.773     158.0
187
 2013 04 20 12 12 25.131     2013 04 20 12 15 23.352     178.2
 2013 04 20 18 51 55.472     2013 04 20 18 51 57.898       2.4
188
 2013 04 20 15 25 40.398     2013 04 20 15 28 18.726     158.3
 2013 04 20 20 21  8.311     2013 04 20 20 24  5.341     177.0
189
 2013 04 20 22 11 27.294     2013 04 20 22 14 49.751     202.5
190
 2013 04 20 12 08  6.936     2013 04 20 12 10 48.935     162.0
191
 2013 04 20 13 48 23.541     2013 04 20 13 51  8.703     165.2
 2013 04 20 20 23 32.160     2013 04 20 20 26 20.254     168.1
192
 2013 04 20 20 29 34.818     2013 04 20 20 32 43.096     188.3
193
 2013 04 20 12 12 18.755     2013 04 20 12 13   .732      42.0
 2013 04 20 18 47 25.421     2013 04 20 18 50 57.724     212.3
194
 2013 04 20 12 15  1.768     2013 04 20 12 17 41.495     159.7
 2013 04 20 17 14 27.402     2013 04 20 17 14 28.528       1.1
 2013 04 20 18 48 55.012     2013 04 20 18 52 10.841     195.8
195
196
 2013 04 20 12 06 35.294     2013 04 20 12 09 17.547     162.3
 2013 04 20 22 06 25.134     2013 04 20 22 09 36.304     191.2
197
 2013 04 20 10 30 16.173     2013 04 20 10 30 43.813      27.6
198
 2013 04 20 13 42 14.929     2013 04 20 13 45 53.813     218.9
199
 2013 04 20 22 10  4.856     2013 04 20 22 13 31.853     207.0
200
 2013 04 20 10 32 29.626     2013 04 20 10 35  5.025     155.4
 2013 04 20 20 31 20.370     2013 04 20 20 31 38.677      18.3
201
 2013 04 20 10 37 17.496     2013 04 20 10 37 42.597      25.1
202
 2013 04 20 13 48 49.109     2013 04 20 13 51 43.679     174.6
 2013 04 20 20 23 29.338     2013 04 20 20 26  8.315     159.0
203
 2013 04 20 10 27 44.895     2013 04 20 10 27 54.940      10.0
 2013 04 20 20 34 32.838     2013 04 20 20 38 24.206     231.4
204
 2013 04 20 10 28 16.383     2013 04 20 10 31 21.918     185.5
205
 2013 04 20 15 22 16.739     2013 04 20 15 26  4.547     227.8
 2013 04 20 21 59 33.644     2013 04 20 22 02 55.843     202.2
206
 2013 04 20 22 00 33.177     2013 04 20 22 03 28.159     175.0
207
 2013 04 20 12 09 19.516     2013 04 20 12 13  7.753     228.2
 2013 04 20 20 28 56.294     2013 04 20 20 31 45.172     168.9
208
 2013 04 20 10 30 40.064     2013 04 20 10 33 21.984     161.9
 2013 04 20 20 33  8.969     2013 04 20 20 35 46.590     157.6
209
 2013 04 20 00 05 41.656     2013 04 20 00 09 12.566     210.9
 2013 04 20 12 00 12.555     2013 04 20 12 03 40.318     207.8
210
 2013 04 20 10 29 53.724     2013 04 20 10 33 32.745     219.0
 2013 04 20 20 31 31.692     2013 04 20 20 34 40.699     189.0
211
 2013 04 20 12 10 59.028     2013 04 20 12 14 17.053     198.0
 2013 04 20 20 26 28.428     2013 04 20 20 29 19.359     170.9
212
213
 2013 04 20 12 13 33.644     2013 04 20 12 16 35.447     181.8
 2013 04 20 18 49 50.768     2013 04 20 18 52 43.286     172.5
214
 2013 04 20 10 33 21.804     2013 04 20 10 36 51.036     209.2
215
 2013 04 20 10 33 38.158     2013 04 20 10 34  2.118      24.0
 2013 04 20 20 31 12.440     2013 04 20 20 34 14.373     181.9
216
 2013 04 20 12 07 49.162     2013 04 20 12 10 48.540     179.4
217
218
219
 2013 04 20 15 24  5.545     2013 04 20 15 27  1.152     175.6
 2013 04 20 21 58  5.867     2013 04 20 22 01  6.021     180.2
220
 2013 04 20 00 03  2.583     2013 04 20 00 06  6.429     183.8
 2013 04 20 23 44  2.264     2013 04 20 23 47  5.854     183.6
221
 2013 04 20 10 30 26.517     2013 04 20 10 33 50.249     203.7
 2013 04 20 20 31 43.584     2013 04 20 20 34 27.979     164.4
222
 2013 04 20 00 06 27.744     2013 04 20 00 09 36.287     188.5
 2013 04 20 11 59 52.823     2013 04 20 12 02 54.431     181.6
223
 2013 04 20 00 03 57.752     2013 04 20 00 06 46.825     169.1
 2013 04 20 23 44 57.181     2013 04 20 23 47 46.494     169.3
224
 2013 04 20 10 30 32.663     2013 04 20 10 33  8.281     155.6
 2013 04 20 20 32 44.075     2013 04 20 20 35 24.959     160.9
225
 2013 04 20 12 06 48.727     2013 04 20 12 09 23.890     155.2
 2013 04 20 22 06 30.787     2013 04 20 22 10  7.119     216.3
226
227
 2013 04 20 22 04 44.245     2013 04 20 22 05 45.421      61.2
228
 2013 04 20 20 34 45.695     2013 04 20 20 37 35.138     169.4
229
 2013 04 20 13 45 37.864     2013 04 20 13 49  2.474     204.6
 2013 04 20 22 01  9.019     2013 04 20 22 03 57.831     168.8
230
 2013 04 20 12 15 18.977     2013 04 20 12 15 55.789      36.8
 2013 04 20 18 50 30.758     2013 04 20 18 51  6.821      36.1
231
 2013 04 20 12 06 48.029     2013 04 20 12 09 30.005     162.0
 2013 04 20 22 06 12.995     2013 04 20 22 09 39.153     206.2
232
 2013 04 20 13 49 59.451     2013 04 20 13 52 43.084     163.6
 2013 04 20 18 45 11.362     2013 04 20 18 48 57.431     226.1
 2013 04 20 20 23 21.506     2013 04 20 20 27   .903     219.4
233
 2013 04 20 10 36 30.383     2013 04 20 10 40  5.971     215.6
 2013 04 20 18 51 16.719     2013 04 20 18 54 30.110     193.4
234
 2013 04 20 13 48 52.877     2013 04 20 13 51 33.507     160.6
 2013 04 20 20 23 48.325     2013 04 20 20 26 26.709     158.4
235
 2013 04 20 10 31  4.454     2013 04 20 10 34 25.832     201.4
 2013 04 20 20 31 32.856     2013 04 20 20 34 11.943     159.1
236
237
 2013 04 20 13 48 54.789     2013 04 20 13 49  9.687      14.9
 2013 04 20 22 00 48.042     2013 04 20 22 03 26.820     158.8
238
239
 2013 04 20 18 51   .586     2013 04 20 18 53 41.168     160.6
240
 2013 04 20 13 47 30.816     2013 04 20 13 50 46.952     196.1
 2013 04 20 20 24 15.231     2013 04 20 20 28   .461     225.2
241
242
 2013 04 20 13 45 19.160     2013 04 20 13 47 55.623     156.5
 2013 04 20 22 02 17.203     2013 04 20 22 04 55.352     158.1
243
 2013 04 20 12 07 14.802     2013 04 20 12 07 42.087      27.3
244
 2013 04 20 13 45 13.585     2013 04 20 13 47 54.258     160.7
 2013 04 20 22 02 40.866     2013 04 20 22 05 18.855     158.0
245
 2013 04 20 10 33 22.958     2013 04 20 10 35 59.507     156.5
246
 2013 04 20 13 43 30.742     2013 04 20 13 47 10.695     220.0
 2013 04 20 22 03 20.847     2013 04 20 22 06 52.519     211.7
247
 2013 04 20 15 23 48.353     2013 04 20 15 26 33.551     165.2
 2013 04 20 21 59 11.633     2013 04 20 22 01 51.276     159.6
248
 2013 04 20 10 27 58.391     2013 04 20 10 31 31.044     212.7
 2013 04 20 20 38 10.630     2013 04 20 20 38 17.533       6.9
249
 2013 04 20 12 12 26.135     2013 04 20 12 15  4.243     158.1
250
 2013 04 20 13 42 23.816     2013 04 20 13 45 30.894     187.1
251
 2013 04 20 12 07 21.941     2013 04 20 12 10 41.313     199.4
 2013 04 20 22 04 51.970     2013 04 20 22 05  2.559      10.6
252
 2013 04 20 12 10 18.655     2013 04 20 12 11  7.237      48.6
 2013 04 20 22 04 29.751     2013 04 20 22 05 16.800      47.0
253
 2013 04 20 10 32 17.027     2013 04 20 10 34 52.948     155.9
 2013 04 20 20 31 27.781     2013 04 20 20 35 15.939     228.2
254
 2013 04 20 00 02 28.321     2013 04 20 00 06  6.632     218.3
 2013 04 20 23 43 28.054     2013 04 20 23 47  6.008     218.0
255
 2013 04 20 13 49  4.403     2013 04 20 13 51 53.013     168.6
 2013 04 20 20 24 32.265     2013 04 20 20 27 12.242     160.0
256
 2013 04 20 12 14 14.378     2013 04 20 12 17 46.914     212.5
 2013 04 20 18 50 24.030     2013 04 20 18 53  9.438     165.4
257
 2013 04 20 12 06 14.146     2013 04 20 12 08 50.455     156.3
 2013 04 20 22 07  9.665     2013 04 20 22 10 11.056     181.4
258
 2013 04 20 10 32  8.101     2013 04 20 10 35 29.541     201.4
259
 2013 04 20 12 10  6.948     2013 04 20 12 13 57.760     230.8
 2013 04 20 20 26 18.949     2013 04 20 20 28 58.092     159.1
260
 2013 04 20 15 24 46.447     2013 04 20 15 27 23.942     157.5
 2013 04 20 20 20  3.554     2013 04 20 20 20 55.038      51.5
 2013 04 20 21 58 23.865     2013 04 20 22 02   .014     216.1
261
262
 2013 04 20 22 11 39.202     2013 04 20 22 14 16.453     157.3
263
 2013 04 20 12 10 55.745     2013 04 20 12 11 13.366      17.6
 2013 04 20 20 28 17.618     2013 04 20 20 30 33.641     136.0
264
 2013 04 20 10 25 25.514     2013 04 20 10 28  1.476     156.0
 2013 04 20 22 12 59.787     2013 04 20 22 16 35.800     216.0
265
 2013 04 20 10 31 15.511     2013 04 20 10 34 22.712     187.2
 2013 04 20 20 32 52.553     2013 04 20 20 36 14.479     201.9
266
 2013 04 20 00 02  2.109     2013 04 20 00 04 43.967     161.9
 2013 04 20 13 39 54.972     2013 04 20 13 43  4.430     189.5
 2013 04 20 23 43  1.710     2013 04 20 23 45 43.467     161.8
267
 2013 04 20 12 10 15.837     2013 04 20 12 13 58.616     222.8
 2013 04 20 20 26 23.548     2013 04 20 20 29  1.715     158.2
268
 2013 04 20 12 02 31.935     2013 04 20 12 05 19.828     167.9
269
 2013 04 20 15 24 13.696     2013 04 20 15 26 53.925     160.2
 2013 04 20 21 58 58.183     2013 04 20 22 01 52.596     174.4
270
 2013 04 20 00 08 30.846     2013 04 20 00 09 13.709      42.9
271
 2013 04 20 00 02  3.546     2013 04 20 00 04 49.315     165.8
 2013 04 20 13 39 21.386     2013 04 20 13 42 14.516     173.1
 2013 04 20 23 43  2.993     2013 04 20 23 45 48.960     166.0
272
 2013 04 20 22 04 19.441     2013 04 20 22 08  6.203     226.8
273
 2013 04 20 22 11 17.991     2013 04 20 22 14 55.175     217.2
274
 2013 04 20 00 05 12.154     2013 04 20 00 06  7.533      55.4
 2013 04 20 12 00 37.854     2013 04 20 12 04  6.245     208.4
275
 2013 04 20 15 21 26.452     2013 04 20 15 21 30.192       3.7
276
 2013 04 20 12 03 11.118     2013 04 20 12 03 35.980      24.9
277
 2013 04 20 20 34 46.101     2013 04 20 20 37 28.786     162.7
278
 2013 04 20 12 09 46.462     2013 04 20 12 10 32.441      46.0
 2013 04 20 20 26 16.458     2013 04 20 20 29  5.769     169.3
279
 2013 04 20 15 25 41.697     2013 04 20 15 28 37.991     176.3
 2013 04 20 20 21 36.217     2013 04 20 20 24 36.819     180.6
280
 2013 04 20 10 31  6.472     2013 04 20 10 33 51.848     165.4
 2013 04 20 20 32 10.584     2013 04 20 20 34 49.377     158.8
281
 2013 04 20 13 47 46.011     2013 04 20 13 51 37.632     231.6
 2013 04 20 20 25  3.132     2013 04 20 20 28  6.566     183.4
282
 2013 04 20 10 29 45.634     2013 04 20 10 31 41.225     115.6
 2013 04 20 20 34 10.354     2013 04 20 20 36 49.193     158.8
283
 2013 04 20 12 02 29.401     2013 04 20 12 05  8.294     158.9
284
 2013 04 20 22 10 49.521     2013 04 20 22 13 27.515     158.0
285
 2013 04 20 10 34  4.293     2013 04 20 10 36 48.067     163.8
286
 2013 04 20 13 42 55.750     2013 04 20 13 46  2.741     187.0
287
 2013 04 20 13 42  6.461     2013 04 20 13 44 50.739     164.3
 2013 04 20 23 40 15.614     2013 04 20 23 40 33.262      17.6
288
 2013 04 20 13 46 14.991     2013 04 20 13 49 31.052     196.1
 2013 04 20 22 00 50.946     2013 04 20 22 04 16.622     205.7
289
 2013 04 20 12 12 11.989     2013 04 20 12 15 53.640     221.7
 2013 04 20 18 47 20.316     2013 04 20 18 51 15.474     235.2
290
 2013 04 20 13 45  6.046     2013 04 20 13 48 56.424     230.4
 2013 04 20 22 03 27.010     2013 04 20 22 06 21.251     174.2
291
 2013 04 20 13 49 49.550     2013 04 20 13 52 36.183     166.6
 2013 04 20 20 24 15.635     2013 04 20 20 27 34.802     199.2
292
 2013 04 20 15 24   .023     2013 04 20 15 27  2.348     182.3
 2013 04 20 21 59 27.857     2013 04 20 22 02 17.104     169.2
293
 2013 04 20 12 02   .844     2013 04 20 12 05  8.696     187.9
294
 2013 04 20 00 05  9.578     2013 04 20 00 07 59.347     169.8
295
 2013 04 20 15 24 22.646     2013 04 20 15 27  1.337     158.7
 2013 04 20 21 58 29.573     2013 04 20 22 01 35.636     186.1
296
 2013 04 20 12 14 25.585     2013 04 20 12 17 31.519     185.9
 2013 04 20 13 52  4.542     2013 04 20 13 52  5.663       1.1
 2013 04 20 18 48 30.470     2013 04 20 18 51 25.113     174.6
297
 2013 04 20 12 03 15.639     2013 04 20 12 05 51.188     155.5
298
 2013 04 20 00 06 56.892     2013 04 20 00 09 38.260     161.4
 2013 04 20 11 59 14.694     2013 04 20 12 02 19.596     184.9
299
 2013 04 20 12 11 41.134     2013 04 20 12 13  8.199      87.1
300
 2013 04 20 10 31 48.495     2013 04 20 10 35 20.479     212.0
 2013 04 20 20 30 49.017     2013 04 20 20 34  1.560     192.5
301
 2013 04 20 10 32 11.951     2013 04 20 10 34 55.859     163.9
 2013 04 20 20 31 17.903     2013 04 20 20 34 53.574     215.7
302
 2013 04 20 13 47 28.689     2013 04 20 13 50 27.962     179.3
 2013 04 20 20 22 42.604     2013 04 20 20 26 26.197     223.6
303
 2013 04 20 10 26 24.224     2013 04 20 10 27 13.194      49.0
304
 2013 04 20 20 25 33.100     2013 04 20 20 28 23.324     170.2
305
 2013 04 20 13 48 43.668     2013 04 20 13 51 52.689     189.0
 2013 04 20 20 23 16.137     2013 04 20 20 25 55.956     159.8
306
 2013 04 20 22 10 58.087     2013 04 20 22 13 41.431     163.3
307
 2013 04 20 12 02  5.016     2013 04 20 12 04 39.789     154.8
308
309
310
 2013 04 20 13 50 12.574     2013 04 20 13 52 50.406     157.8
 2013 04 20 18 45 36.601     2013 04 20 18 49 26.929     230.3
 2013 04 20 20 23 43.239     2013 04 20 20 27 33.657     230.4
311
312
 2013 04 20 10 27  3.076     2013 04 20 10 29 44.773     161.7
313
 2013 04 20 10 30 11.321     2013 04 20 10 33  2.142     170.8
 2013 04 20 20 33 29.229     2013 04 20 20 36  8.236     159.0
314
 2013 04 20 12 12 36.513     2013 04 20 12 16  8.076     211.6
 2013 04 20 18 49 38.623     2013 04 20 18 53 30.065     231.4
315
 2013 04 20 00 03 59.987     2013 04 20 00 06 55.316     175.3
 2013 04 20 23 44 59.393     2013 04 20 23 47 55.005     175.6
316
 2013 04 20 13 48 42.930     2013 04 20 13 51 31.095     168.2
 2013 04 20 20 23 35.520     2013 04 20 20 26 14.197     158.7
317
318
 2013 04 20 10 27  4.247     2013 04 20 10 30 49.749     225.5
319
 2013 04 20 10 34 23.302     2013 04 20 10 37 36.210     192.9
 2013 04 20 18 51 35.668     2013 04 20 18 52  5.452      29.8
320
 2013 04 20 15 23 44.239     2013 04 20 15 26 21.347     157.1
 2013 04 20 21 58 50.438     2013 04 20 22 01 29.012     158.6
321
 2013 04 20 22 11  6.220     2013 04 20 22 13 43.625     157.4
322
 2013 04 20 13 48 27.839     2013 04 20 13 52 13.979     226.1
 2013 04 20 15 26 36.056     2013 04 20 15 30 16.841     220.8
 2013 04 20 20 22 49.619     2013 04 20 20 25 31.797     162.2
323
 2013 04 20 12 12  6.819     2013 04 20 12 15 57.289     230.5
324
 2013 04 20 00 01 54.338     2013 04 20 00 05  2.048     187.7
 2013 04 20 13 39  2.422     2013 04 20 13 41 48.530     166.1
 2013 04 20 23 42 53.721     2013 04 20 23 46  1.752     188.0
325
 2013 04 20 22 12  6.044     2013 04 20 22 15 48.119     222.1
326
 2013 04 20 10 27 44.296     2013 04 20 10 31 15.805     211.5
327
 2013 04 20 15 24 32.601     2013 04 20 15 28  3.959     211.4
 2013 04 20 21 59 28.729     2013 04 20 22 03 12.188     223.5
328
 2013 04 20 00 05  9.310     2013 04 20 00 07 46.879     157.6
329
 2013 04 20 13 47 32.000     2013 04 20 13 48  8.395      36.4
 2013 04 20 20 25  5.319     2013 04 20 20 28 18.499     193.2
330
 2013 04 20 13 46 53.108     2013 04 20 13 50 31.381     218.3
 2013 04 20 20 22  1.630     2013 04 20 20 22 14.684      13.1
331
 2013 04 20 13 49  5.401     2013 04 20 13 51 43.675     158.3
 2013 04 20 20 24 13.239     2013 04 20 20 26 52.721     159.5
332
 2013 04 20 10 33 43.748     2013 04 20 10 37 13.916     210.2
333
 2013 04 20 20 34 22.104     2013 04 20 20 37 18.765     176.7
334
 2013 04 20 13 42 58.646     2013 04 20 13 45 47.300     168.7
335
 2013 04 20 00 04 39.586     2013 04 20 00 07 17.909     158.3
 2013 04 20 23 45 39.083     2013 04 20 23 48 17.513     158.4
336
 2013 04 20 10 33 40.938     2013 04 20 10 36 28.107     167.2
337
338
 2013 04 20 10 30 37.374     2013 04 20 10 34 22.477     225.1
 2013 04 20 20 31 24.265     2013 04 20 20 34  2.779     158.5
339
 2013 04 20 22 09 41.534     2013 04 20 22 13  8.806     207.3
340
 2013 04 20 12 14 23.309     2013 04 20 12 17 15.837     172.5
 2013 04 20 18 49 52.641     2013 04 20 18 52 34.239     161.6
341
 2013 04 20 13 47 39.488     2013 04 20 13 48 48.092      68.6
 2013 04 20 20 25  4.880     2013 04 20 20 28 12.352     187.5
342
 2013 04 20 12 12 16.397     2013 04 20 12 14 53.908     157.5
343
 2013 04 20 12 09 38.570     2013 04 20 12 12 50.296     191.7
 2013 04 20 20 26 37.377     2013 04 20 20 29 50.139     192.8
344
 2013 04 20 12 07 27.277     2013 04 20 12 10 50.170     202.9
345
 2013 04 20 12 13  5.007     2013 04 20 12 15 45.628     160.6
 2013 04 20 18 48 58.199     2013 04 20 18 52 35.658     217.5
346
 2013 04 20 13 43 33.438     2013 04 20 13 46 13.259     159.8
347
 2013 04 20 13 43 42.399     2013 04 20 13 47 18.709     216.3
 2013 04 20 22 00 46.446     2013 04 20 22 01 16.932      30.5
348
 2013 04 20 13 43 23.133     2013 04 20 13 46  8.616     165.5
349
 2013 04 20 13 45 13.827     2013 04 20 13 48 32.193     198.4
 2013 04 20 22 01 23.786     2013 04 20 22 04  1.827     158.0
350
 2013 04 20 12 11 36.937     2013 04 20 12 15  6.760     209.8
351
 2013 04 20 10 30 16.900     2013 04 20 10 31 37.084      80.2
 2013 04 20 20 33 48.347     2013 04 20 20 36 48.923     180.6
352
 2013 04 20 12 00 20.735     2013 04 20 12 04   .988     220.3
353
 2013 04 20 12 09 35.320     2013 04 20 12 12 24.589     169.3
 2013 04 20 20 26 53.868     2013 04 20 20 30 20.584     206.7
354
 2013 04 20 22 04 18.100     2013 04 20 22 07 47.369     209.3
355
356
 2013 04 20 20 28 42.755     2013 04 20 20 32 34.247     231.5
357
 2013 04 20 12 14 12.157     2013 04 20 12 17 26.813     194.7
 2013 04 20 18 50 12.587     2013 04 20 18 52 53.134     160.5
358
 2013 04 20 12 12 56.815     2013 04 20 12 16 26.015     209.2
 2013 04 20 18 49 53.978     2013 04 20 18 53 15.960     202.0
359
 2013 04 20 00 02 51.957     2013 04 20 00 05 57.800     185.8
 2013 04 20 13 38  8.751     2013 04 20 13 40 11.565     122.8
 2013 04 20 23 43 51.340     2013 04 20 23 46 57.507     186.2
360
 2013 04 20 10 27 49.773     2013 04 20 10 30 37.191     167.4
361
 2013 04 20 10 30 14.847     2013 04 20 10 32 50.142     155.3
 2013 04 20 20 32 47.853     2013 04 20 20 35 38.749     170.9
362
 2013 04 20 22 12  4.229     2013 04 20 22 14 48.224     164.0
363
 2013 04 20 12 02 37.313     2013 04 20 12 06  5.070     207.8
364
 2013 04 20 12 11 57.370     2013 04 20 12 14 35.255     157.9
 2013 04 20 20 26 38.662     2013 04 20 20 30 27.195     228.5
365
 2013 04 20 12 12 33.205     2013 04 20 12 15 27.835     174.6
366
 2013 04 20 12 03  8.475     2013 04 20 12 06 33.398     204.9
367
 2013 04 20 12 15 41.272     2013 04 20 12 18 20.225     159.0
 2013 04 20 17 11 10.468     2013 04 20 17 14 44.831     214.4
 2013 04 20 18 48 54.920     2013 04 20 18 49 12.894      18.0
368
 2013 04 20 00 08 15.494     2013 04 20 00 08 28.878      13.4
369
 2013 04 20 10 29 10.043     2013 04 20 10 31 57.949     167.9
 2013 04 20 20 33 24.284     2013 04 20 20 36 59.049     214.8
370
 2013 04 20 13 49 56.627     2013 04 20 13 52 33.991     157.4
 2013 04 20 18 48 57.888     2013 04 20 18 49 22.538      24.7
 2013 04 20 20 23 44.998     2013 04 20 20 27 12.200     207.2
371
 2013 04 20 13 43  9.158     2013 04 20 13 46  4.244     175.1
372
 2013 04 20 12 09 13.808     2013 04 20 12 12  4.668     170.9
 2013 04 20 20 27 54.089     2013 04 20 20 31 33.349     219.3
373
 2013 04 20 13 47 15.452     2013 04 20 13 47 55.057      39.6
 2013 04 20 20 24 50.984     2013 04 20 20 28 28.032     217.0
374
 2013 04 20 12 04 24.962     2013 04 20 12 07 10.322     165.4
 2013 04 20 22 07  3.096     2013 04 20 22 10 34.404     211.3
375
 2013 04 20 13 46 36.980     2013 04 20 13 47 25.565      48.6
376
377
 2013 04 20 12 11 31.952     2013 04 20 12 14 46.924     195.0
 2013 04 20 20 26  7.370     2013 04 20 20 29 33.820     206.5
378
 2013 04 20 13 47 50.584     2013 04 20 13 51 33.577     223.0
 2013 04 20 20 24 58.425     2013 04 20 20 28   .887     182.5
379
 2013 04 20 22 05 14.099     2013 04 20 22 08 13.047     178.9
380
 2013 04 20 13 47 50.202     2013 04 20 13 50 28.082     157.9
 2013 04 20 20 23 35.389     2013 04 20 20 27 11.791     216.4
381
 2013 04 20 13 43 43.168     2013 04 20 13 46 21.458     158.3
 2013 04 20 22 06 18.291     2013 04 20 22 06 22.395       4.1
382
 2013 04 20 10 27   .440     2013 04 20 10 29 42.942     162.5
383
 2013 04 20 12 12 23.132     2013 04 20 12 15  1.608     158.5
384
 2013 04 20 00 04 17.476     2013 04 20 00 07 13.662     176.2
 2013 04 20 23 45 16.879     2013 04 20 23 48 13.355     176.5
385
 2013 04 20 13 49  2.399     2013 04 20 13 51 41.853     159.5
 2013 04 20 20 24 16.871     2013 04 20 20 26 55.716     158.8
386
387
388
 2013 04 20 12 09 52.317     2013 04 20 12 12 29.321     157.0
 2013 04 20 20 27 23.067     2013 04 20 20 30 30.655     187.6
389
 2013 04 20 22 11 39.790     2013 04 20 22 14 20.830     161.0
390
 2013 04 20 12 11 17.341     2013 04 20 12 14 25.299     188.0
 2013 04 20 20 26 26.798     2013 04 20 20 29 31.911     185.1
391
 2013 04 20 12 11 23.518     2013 04 20 12 14  1.040     157.5
 2013 04 20 20 27  8.138     2013 04 20 20 30 11.224     183.1
392
 2013 04 20 22 10 35.934     2013 04 20 22 13 23.233     167.3
393
 2013 04 20 12 13 11.630     2013 04 20 12 16 30.376     198.7
 2013 04 20 18 48 12.410     2013 04 20 18 51  6.195     173.8
394
 2013 04 20 10 24 58.088     2013 04 20 10 27 32.751     154.7
 2013 04 20 22 13 35.102     2013 04 20 22 16 46.067     191.0
395
 2013 04 20 13 42 32.371     2013 04 20 13 45 38.057     185.7
396
397
 2013 04 20 12 12 41.464     2013 04 20 12 15 18.275     156.8
 2013 04 20 18 52 24.050     2013 04 20 18 52 32.549       8.5
398
 2013 04 20 10 25 10.660     2013 04 20 10 28 51.096     220.4
399
 2013 04 20 00 04 13.009     2013 04 20 00 06 55.028     162.0
 2013 04 20 23 45 12.472     2013 04 20 23 47 54.664     162.2
400
 2013 04 20 22 08 57.447     2013 04 20 22 09 27.379      29.9
401
 2013 04 20 12 01 31.022     2013 04 20 12 04 21.389     170.4
402
 2013 04 20 12 09 41.559     2013 04 20 12 12 45.180     183.6
 2013 04 20 20 26 44.321     2013 04 20 20 29 56.888     192.6
403
 2013 04 20 10 32 58.944     2013 04 20 10 35 55.215     176.3
404
 2013 04 20 22 10 31.921     2013 04 20 22 13 15.014     163.1
405
 2013 04 20 10 29 15.324     2013 04 20 10 31 51.111     155.8
 2013 04 20 20 32 56.301     2013 04 20 20 36 46.242     229.9
406
 2013 04 20 12 06 52.051     2013 04 20 12 09 34.610     162.6
 2013 04 20 22 06  7.923     2013 04 20 22 09 39.001     211.1
407
408
 2013 04 20 10 33 27.393     2013 04 20 10 36  2.853     155.5
409
 2013 04 20 12 07  6.409     2013 04 20 12 07 13.779       7.4
410
 2013 04 20 20 35 10.945     2013 04 20 20 38 21.949     191.0
411
 2013 04 20 12 14  9.713     2013 04 20 12 16 49.945     160.2
 2013 04 20 18 49 34.093     2013 04 20 18 52 12.502     158.4
412
 2013 04 20 12 05 46.695     2013 04 20 12 09   .780     194.1
 2013 04 20 22 07 49.386     2013 04 20 22 11  3.442     194.1
413
 2013 04 20 12 03 34.870     2013 04 20 12 06 10.186     155.3
414
 2013 04 20 12 07 45.385     2013 04 20 12 11 28.065     222.7
415
 2013 04 20 00 02 37.140     2013 04 20 00 05 14.561     157.4
 2013 04 20 13 39  6.234     2013 04 20 13 42 42.660     216.4
 2013 04 20 23 43 36.656     2013 04 20 23 46 14.143     157.5
416
 2013 04 20 12 09 56.188     2013 04 20 12 12 51.636     175.4
 2013 04 20 20 26 56.674     2013 04 20 20 29 55.844     179.2
417
 2013 04 20 13 42 48.020     2013 04 20 13 45 24.121     156.1
418
419
 2013 04 20 00 04 38.457     2013 04 20 00 08 23.401     224.9
420
 2013 04 20 12 01 31.409     2013 04 20 12 05   .678     209.3
421
 2013 04 20 10 34  2.004     2013 04 20 10 37 31.514     209.5
422
 2013 04 20 18 50 57.381     2013 04 20 18 53 46.240     168.9
423
 2013 04 20 12 13 18.548     2013 04 20 12 16 10.462     171.9
 2013 04 20 18 49 28.544     2013 04 20 18 52 41.595     193.1
424
 2013 04 20 12 01 15.584     2013 04 20 12 04 22.388     186.8
425
 2013 04 20 22 09 15.436     2013 04 20 22 12 40.073     204.6
426
 2013 04 20 12 03 16.471     2013 04 20 12 06 50.400     213.9
 2013 04 20 22 08 52.797     2013 04 20 22 12 22.731     209.9
427
 2013 04 20 10 30 23.222     2013 04 20 10 33 44.771     201.5
 2013 04 20 20 33 39.786     2013 04 20 20 36 24.885     165.1
428
 2013 04 20 13 43  2.171     2013 04 20 13 43  8.345       6.2
429
 2013 04 20 10 28 59.962     2013 04 20 10 31 39.088     159.1
430
431
 2013 04 20 13 46 48.738     2013 04 20 13 50 10.529     201.8
432
 2013 04 20 20 36 51.934     2013 04 20 20 40  2.900     191.0
433
 2013 04 20 10 31 36.017     2013 04 20 10 35   .423     204.4
 2013 04 20 20 32 29.116     2013 04 20 20 32 58.842      29.7
434
 2013 04 20 12 14 40.150     2013 04 20 12 17 36.577     176.4
 2013 04 20 18 48 35.970     2013 04 20 18 51 39.436     183.5
435
 2013 04 20 20 36 56.889     2013 04 20 20 39 39.822     162.9
436
 2013 04 20 22 05 14.330     2013 04 20 22 08  6.453     172.1
437
 2013 04 20 20 35  6.174     2013 04 20 20 35 37.078      30.9
438
 2013 04 20 22 10 59.589     2013 04 20 22 14 21.426     201.8
439
 2013 04 20 20 28 26.753     2013 04 20 20 32 17.282     230.5
440
441
 2013 04 20 10 32 15.837     2013 04 20 10 35 13.159     177.3
442
 2013 04 20 12 13 21.808     2013 04 20 12 16 48.347     206.5
 2013 04 20 18 48 13.981     2013 04 20 18 50 57.121     163.1
443
 2013 04 20 10 36 12.597     2013 04 20 10 39 12.812     180.2
 2013 04 20 18 52  4.124     2013 04 20 18 54 48.842     164.7
444
 2013 04 20 12 06 33.802     2013 04 20 12 08 17.443     103.6
445
 2013 04 20 12 06  9.827     2013 04 20 12 09 22.916     193.1
 2013 04 20 22 06 10.652     2013 04 20 22 08 59.722     169.1
446
447
 2013 04 20 10 29  2.186     2013 04 20 10 31 40.401     158.2
 2013 04 20 20 36  2.853     2013 04 20 20 37  4.003      61.2
448
 2013 04 20 10 30 10.934     2013 04 20 10 32 47.228     156.3
 2013 04 20 20 33  5.562     2013 04 20 20 35 53.644     168.1
449
 2013 04 20 00 01 23.899     2013 04 20 00 04  1.554     157.7
 2013 04 20 13 40  5.925     2013 04 20 13 42 41.227     155.3
 2013 04 20 23 42 23.414     2013 04 20 23 45  1.136     157.7
450
451
 2013 04 20 12 12 38.559     2013 04 20 12 15 19.391     160.8
 2013 04 20 18 52  6.397     2013 04 20 18 52 18.729      12.3
452
453
 2013 04 20 20 25 47.548     2013 04 20 20 28 42.166     174.6
454
 2013 04 20 15 24 12.882     2013 04 20 15 27 29.309     196.4
 2013 04 20 17 02  6.541     2013 04 20 17 05 52.794     226.3
 2013 04 20 20 19 22.045     2013 04 20 20 23  4.140     222.1
 2013 04 20 21 57 38.100     2013 04 20 22 01  2.891     204.8
455
 2013 04 20 22 03 56.634     2013 04 20 22 07  1.748     185.1
456
 2013 04 20 20 32 32.541     2013 04 20 20 33 42.157      69.6
457
 2013 04 20 15 24  7.057     2013 04 20 15 26 44.193     157.1
 2013 04 20 21 58 44.966     2013 04 20 22 01 34.050     169.1
458
 2013 04 20 22 04 32.142     2013 04 20 22 07 12.860     160.7
459
 2013 04 20 15 24  4.415     2013 04 20 15 26 42.560     158.1
 2013 04 20 21 58 54.776     2013 04 20 22 01 41.479     166.7
460
 2013 04 20 13 49  9.605     2013 04 20 13 52 19.851     190.2
 2013 04 20 20 24 51.402     2013 04 20 20 27 38.201     166.8
461
 2013 04 20 13 45 10.134     2013 04 20 13 48 57.923     227.8
 2013 04 20 22 03 23.770     2013 04 20 22 06 20.325     176.6
462
 2013 04 20 10 32 56.131     2013 04 20 10 36 28.775     212.6
463
464
 2013 04 20 12 09 38.067     2013 04 20 12 13 14.263     216.2
 2013 04 20 20 26 22.858     2013 04 20 20 29 25.716     182.9
465
 2013 04 20 13 45 38.899     2013 04 20 13 48 28.240     169.3
 2013 04 20 22 02 42.378     2013 04 20 22 05 31.269     168.9
466
 2013 04 20 12 07 54.135     2013 04 20 12 10 53.426     179.3
467
 2013 04 20 15 25  3.899     2013 04 20 15 27 43.335     159.4
 2013 04 20 20 20 20.882     2013 04 20 20 23 47.630     206.7
 2013 04 20 21 58  2.647     2013 04 20 21 58 35.312      32.7
468
 2013 04 20 13 43 28.560     2013 04 20 13 46 19.532     171.0
469
 2013 04 20 12 07 15.965     2013 04 20 12 08  4.645      48.7
 2013 04 20 22 04 28.321     2013 04 20 22 04 39.130      10.8
470
 2013 04 20 10 27 42.015     2013 04 20 10 31  2.072     200.1
471
 2013 04 20 12 04 58.212     2013 04 20 12 07 33.787     155.6
 2013 04 20 22 07 30.286     2013 04 20 22 10 21.961     171.7
472
 2013 04 20 00 01 13.934     2013 04 20 00 03 21.522     127.6
 2013 04 20 13 40 48.900     2013 04 20 13 44 17.019     208.1
 2013 04 20 23 42 13.678     2013 04 20 23 44 30.071     136.4
473
474
 2013 04 20 00 01 52.596     2013 04 20 00 04 52.240     179.6
 2013 04 20 13 39 12.384     2013 04 20 13 41 56.931     164.5
 2013 04 20 23 42 51.998     2013 04 20 23 45 51.928     179.9
475
 2013 04 20 13 43 32.324     2013 04 20 13 46 21.486     169.2
476
 2013 04 20 12 02 55.660     2013 04 20 12 06 11.432     195.8
477
 2013 04 20 12 14  4.852     2013 04 20 12 16 42.722     157.9
 2013 04 20 18 49 11.304     2013 04 20 18 51 50.190     158.9
478
 2013 04 20 13 43  3.308     2013 04 20 13 45 50.519     167.2
479
 2013 04 20 10 33 13.343     2013 04 20 10 36 22.641     189.3
480
 2013 04 20 12 02 56.908     2013 04 20 12 04 14.789      77.9
 2013 04 20 22 09  7.346     2013 04 20 22 12 40.831     213.5
481
 2013 04 20 10 30 33.356     2013 04 20 10 31  2.725      29.4
482
 2013 04 20 10 28 55.090     2013 04 20 10 32  5.034     189.9
 2013 04 20 20 33 49.488     2013 04 20 20 37 16.595     207.1
483
484
485
 2013 04 20 12 03  8.113     2013 04 20 12 06 33.171     205.1
 2013 04 20 22 08 41.943     2013 04 20 22 12 32.883     230.9
486
 2013 04 20 12 08 32.590     2013 04 20 12 12 16.758     224.2
487
 2013 04 20 12 15 15.842     2013 04 20 12 15 22.452       6.6
 2013 04 20 20 25 29.102     2013 04 20 20 28 54.565     205.5
488
 2013 04 20 10 29  3.173     2013 04 20 10 29 24.562      21.4
 2013 04 20 20 34 34.363     2013 04 20 20 37 14.027     159.7
489
 2013 04 20 20 25 22.487     2013 04 20 20 28 24.487     182.0
490
491
 2013 04 20 15 26 25.080     2013 04 20 15 29 33.944     188.9
 2013 04 20 20 22 19.405     2013 04 20 20 24 57.964     158.6
492
 2013 04 20 12 11 18.109     2013 04 20 12 15  7.059     229.0
 2013 04 20 20 25 44.511     2013 04 20 20 29  9.446     204.9
493
 2013 04 20 13 47 17.040     2013 04 20 13 47 53.048      36.0
 2013 04 20 20 24 53.233     2013 04 20 20 28 27.266     214.0
494
 2013 04 20 22 03 44.311     2013 04 20 22 07 36.744     232.4
495
 2013 04 20 12 04  8.831     2013 04 20 12 07 42.539     213.7
 2013 04 20 22 06 13.196     2013 04 20 22 09 59.258     226.1
496
 2013 04 20 20 28 40.105     2013 04 20 20 28 52.088      12.0
497
 2013 04 20 00 05 14.499     2013 04 20 00 08 43.748     209.2
498
 2013 04 20 10 33 54.176     2013 04 20 10 36 37.844     163.7
499
 2013 04 20 12 09 57.025     2013 04 20 12 12 32.957     155.9
 2013 04 20 20 27 36.448     2013 04 20 20 30 37.185     180.7
500
 2013 04 20 00 02   .844     2013 04 20 00 05 51.840     231.0
 2013 04 20 23 43   .589     2013 04 20 23 46 51.208     230.6
501
 2013 04 20 12 03 59.185     2013 04 20 12 07  8.901     189.7
 2013 04 20 22 08 36.138     2013 04 20 22 11 40.730     184.6
502
 2013 04 20 12 10 16.090     2013 04 20 12 13 15.871     179.8
 2013 04 20 20 28 20.896     2013 04 20 20 30 58.778     157.9
503
 2013 04 20 12 06 25.431     2013 04 20 12 09 22.598     177.2
 2013 04 20 22 07  8.646     2013 04 20 22 10 52.423     223.8
504
 2013 04 20 10 37 13.935     2013 04 20 10 37 45.735      31.8
505
 2013 04 20 12 08 19.461     2013 04 20 12 10 56.559     157.1
506
 2013 04 20 22 00 27.195     2013 04 20 22 03 11.052     163.9
507
 2013 04 20 20 29 20.723     2013 04 20 20 30 11.620      50.9
508
 2013 04 20 12 09 58.977     2013 04 20 12 11 12.805      73.8
 2013 04 20 20 28 57.116     2013 04 20 20 31 38.422     161.3
509
 2013 04 20 13 49 32.857     2013 04 20 13 52 10.596     157.7
 2013 04 20 20 24  5.013     2013 04 20 20 27  2.186     177.2
510
 2013 04 20 00 02 55.806     2013 04 20 00 02 56.404        .6
 2013 04 20 13 37 13.750     2013 04 20 13 37 42.548      28.8
 2013 04 20 23 46 26.144     2013 04 20 23 47 52.586      86.4
511
 2013 04 20 13 42 12.067     2013 04 20 13 42 21.018       9.0
512
 2013 04 20 18 51 15.624     2013 04 20 18 54  7.588     172.0
513
 2013 04 20 10 35 44.218     2013 04 20 10 35 53.180       9.0
 2013 04 20 20 30 19.765     2013 04 20 20 33 32.891     193.1
514
 2013 04 20 13 43 28.951     2013 04 20 13 46 23.706     174.8
515
 2013 04 20 12 16  6.421     2013 04 20 12 18 44.016     157.6
 2013 04 20 17 11 28.658     2013 04 20 17 14 27.217     178.6
516
517
 2013 04 20 13 47 20.371     2013 04 20 13 47 46.683      26.3
 2013 04 20 20 24 58.543     2013 04 20 20 28 25.969     207.4
518
 2013 04 20 22 05 31.949     2013 04 20 22 09  9.631     217.7
519
 2013 04 20 18 54 26.557     2013 04 20 18 54 27.381        .8
520
 2013 04 20 20 36 47.359     2013 04 20 20 39 41.963     174.6
521
 2013 04 20 10 26 15.917     2013 04 20 10 29 31.478     195.6
522
 2013 04 20 13 42 59.469     2013 04 20 13 46 24.138     204.7
523
 2013 04 20 12 04 57.378     2013 04 20 12 07 35.083     157.7
 2013 04 20 22 07 22.489     2013 04 20 22 10 16.526     174.0
524
 2013 04 20 00 04 20.678     2013 04 20 00 07 40.347     199.7
 2013 04 20 23 45 20.033     2013 04 20 23 48 40.087     200.1
525
 2013 04 20 10 30  5.235     2013 04 20 10 32 54.382     169.1
 2013 04 20 20 33 28.871     2013 04 20 20 36 10.774     161.9
526
 2013 04 20 00 04 47.738     2013 04 20 00 04 51.055       3.3
 2013 04 20 12 00 49.029     2013 04 20 12 04 29.236     220.2
527
 2013 04 20 20 35 12.272     2013 04 20 20 38 54.771     222.5
528
 2013 04 20 22 12   .406     2013 04 20 22 15  8.837     188.4
529
 2013 04 20 12 03 18.803     2013 04 20 12 05 53.766     155.0
530
 2013 04 20 22 08 23.018     2013 04 20 22 11 57.025     214.0
531
532
 2013 04 20 20 34 52.111     2013 04 20 20 37 29.294     157.2
533
 2013 04 20 12 04 31.338     2013 04 20 12 07 11.862     160.5
 2013 04 20 22 08   .740     2013 04 20 22 11  2.581     181.8
534
 2013 04 20 10 34 32.592     2013 04 20 10 35 11.311      38.7
 2013 04 20 20 30 54.742     2013 04 20 20 33 38.866     164.1
535
 2013 04 20 12 08 25.692     2013 04 20 12 11 19.564     173.9
536
 2013 04 20 12 15 58.976     2013 04 20 12 18 36.469     157.5
 2013 04 20 17 11 22.891     2013 04 20 17 14 30.065     187.2
537
 2013 04 20 22 03 37.891     2013 04 20 22 04  6.562      28.7
538
 2013 04 20 00 05 10.954     2013 04 20 00 05 28.422      17.5
 2013 04 20 12 00 46.786     2013 04 20 12 04  5.160     198.4
539
 2013 04 20 12 01 32.548     2013 04 20 12 04 26.463     173.9
540
 2013 04 20 12 13 55.567     2013 04 20 12 17 32.214     216.6
 2013 04 20 18 50 27.994     2013 04 20 18 53  6.558     158.6
541
 2013 04 20 22 04 49.712     2013 04 20 22 08   .625     190.9
542
 2013 04 20 13 43  2.200     2013 04 20 13 45 42.750     160.6
543
 2013 04 20 10 28 53.826     2013 04 20 10 31 55.027     181.2
544
 2013 04 20 12 15 15.889     2013 04 20 12 18 11.956     176.1
 2013 04 20 18 49 34.643     2013 04 20 18 53 13.565     218.9
545
 2013 04 20 12 04 13.417     2013 04 20 12 07 21.792     188.4
 2013 04 20 22 08 35.313     2013 04 20 22 11 28.215     172.9
546
 2013 04 20 10 29 54.355     2013 04 20 10 32 32.317     158.0
 2013 04 20 20 32 36.215     2013 04 20 20 35 49.033     192.8
547
 2013 04 20 20 36 50.503     2013 04 20 20 39 39.206     168.7
548
549
 2013 04 20 22 12  6.119     2013 04 20 22 15  9.710     183.6
550
551
 2013 04 20 15 24  6.229     2013 04 20 15 26 45.056     158.8
 2013 04 20 21 58 56.717     2013 04 20 22 01 44.741     168.0
552
 2013 04 20 12 02 11.419     2013 04 20 12 05 29.997     198.6
553
 2013 04 20 10 39 29.770     2013 04 20 10 39 48.224      18.5
 2013 04 20 18 51 18.510     2013 04 20 18 53 59.397     160.9
554
555
 2013 04 20 10 34 42.636     2013 04 20 10 38 11.145     208.5
 2013 04 20 18 51 38.141     2013 04 20 18 54 58.330     200.2
556
 2013 04 20 10 35 27.542     2013 04 20 10 39  5.671     218.1
 2013 04 20 18 51 43.261     2013 04 20 18 54 22.466     159.2
557
558
 2013 04 20 00 06 43.911     2013 04 20 00 10 25.160     221.2
 2013 04 20 12 00 11.619     2013 04 20 12 02 46.805     155.2
559
 2013 04 20 12 13 34.060     2013 04 20 12 16 25.415     171.4
 2013 04 20 18 48 39.665     2013 04 20 18 51 28.767     169.1
560
 2013 04 20 20 37 24.256     2013 04 20 20 40  6.725     162.5
561
 2013 04 20 12 13 22.372     2013 04 20 12 13 57.390      35.0
 2013 04 20 20 26 10.372     2013 04 20 20 28 52.763     162.4
562
 2013 04 20 10 25 51.300     2013 04 20 10 27 15.896      84.6
 2013 04 20 22 12 56.011     2013 04 20 22 15 51.458     175.4
563
 2013 04 20 22 09 37.896     2013 04 20 22 12 39.581     181.7
564
 2013 04 20 18 50 55.518     2013 04 20 18 53 34.438     158.9
565
 2013 04 20 12 01 27.337     2013 04 20 12 04 11.709     164.4
566
 2013 04 20 13 51  8.106     2013 04 20 13 54 22.919     194.8
 2013 04 20 18 47 20.188     2013 04 20 18 50 10.570     170.4
567
 2013 04 20 12 12 47.888     2013 04 20 12 16  3.864     196.0
 2013 04 20 18 49 32.136     2013 04 20 18 53 15.706     223.6
568
 2013 04 20 12 13 16.184     2013 04 20 12 16 26.801     190.6
 2013 04 20 18 49 49.324     2013 04 20 18 52 56.277     187.0
569
 2013 04 20 00 00   .000     2013 04 20 00 03 33.624     213.6
 2013 04 20 13 41 43.256     2013 04 20 13 44 22.056     158.8
 2013 04 20 23 40 50.663     2013 04 20 23 44 33.011     222.3
570
 2013 04 20 12 08 28.709     2013 04 20 12 08 56.523      27.8
 2013 04 20 22 05 57.533     2013 04 20 22 08 49.555     172.0
571
 2013 04 20 10 28  1.431     2013 04 20 10 31  1.552     180.1
572
 2013 04 20 10 32 56.493     2013 04 20 10 36 34.628     218.1
573
 2013 04 20 12 05  9.760     2013 04 20 12 07 56.835     167.1
 2013 04 20 22 08  4.701     2013 04 20 22 10 41.926     157.2
574
575
 2013 04 20 13 51 11.211     2013 04 20 13 53 51.474     160.3
 2013 04 20 18 46 41.679     2013 04 20 18 49 28.814     167.1
576
 2013 04 20 00 05 31.418     2013 04 20 00 08 12.954     161.5
577
 2013 04 20 10 33 33.185     2013 04 20 10 36 49.840     196.7
578
 2013 04 20 12 00 12.015     2013 04 20 12 01 31.423      79.4
579
 2013 04 20 15 23 17.704     2013 04 20 15 26 25.899     188.2
 2013 04 20 21 59 32.225     2013 04 20 22 02 12.889     160.7
580
 2013 04 20 00 06 25.501     2013 04 20 00 09 47.538     202.0
 2013 04 20 12 00  4.863     2013 04 20 12 02 57.201     172.3
581
 2013 04 20 12 12 25.061     2013 04 20 12 15  6.975     161.9
582
 2013 04 20 10 32 35.983     2013 04 20 10 36 20.363     224.4
 2013 04 20 20 29 45.646     2013 04 20 20 29 46.216        .6
583
584
 2013 04 20 13 41 56.118     2013 04 20 13 44 50.768     174.6
585
 2013 04 20 00 05 16.266     2013 04 20 00 08 29.004     192.7
586
 2013 04 20 13 50 23.308     2013 04 20 13 53 17.109     173.8
 2013 04 20 18 46 12.999     2013 04 20 18 49 56.074     223.1
 2013 04 20 20 24   .622     2013 04 20 20 24  5.702       5.1
587
 2013 04 20 12 14 25.919     2013 04 20 12 18 13.274     227.4
 2013 04 20 18 50 28.171     2013 04 20 18 53 28.850     180.7
588
 2013 04 20 15 24 16.429     2013 04 20 15 27 18.180     181.8
 2013 04 20 21 59 21.616     2013 04 20 22 02 26.463     184.8
589
 2013 04 20 20 35 55.325     2013 04 20 20 39  2.699     187.4
590
 2013 04 20 20 29  4.330     2013 04 20 20 31 59.542     175.2
591
 2013 04 20 13 50  6.518     2013 04 20 13 52 44.234     157.7
 2013 04 20 18 45 28.926     2013 04 20 18 46 17.865      48.9
 2013 04 20 20 23 46.630     2013 04 20 20 27 27.485     220.9
592
593
594
 2013 04 20 10 31 53.855     2013 04 20 10 35 31.213     217.4
595
 2013 04 20 10 30 38.605     2013 04 20 10 33 16.889     158.3
 2013 04 20 20 33  4.128     2013 04 20 20 35 41.327     157.2
596
 2013 04 20 12 01 34.097     2013 04 20 12 04 54.362     200.3
597
 2013 04 20 10 28 34.513     2013 04 20 10 31 31.975     177.5
 2013 04 20 20 37 11.276     2013 04 20 20 37 39.827      28.6
598
599
 2013 04 20 12 01 10.905     2013 04 20 12 01 48.685      37.8
600
 2013 04 20 12 02 44.773     2013 04 20 12 05 41.884     177.1
601
 2013 04 20 13 45 41.103     2013 04 20 13 48 25.933     164.8
 2013 04 20 22 02 37.000     2013 04 20 22 05 25.045     168.0
602
 2013 04 20 10 28 31.285     2013 04 20 10 29 17.762      46.5
 2013 04 20 22 11 40.305     2013 04 20 22 15  1.068     200.8
603
604
 2013 04 20 10 28 57.339     2013 04 20 10 32  9.490     192.2
 2013 04 20 20 33 52.281     2013 04 20 20 37 14.284     202.0
605
 2013 04 20 12 13 46.023     2013 04 20 12 16 44.966     178.9
 2013 04 20 18 49 53.622     2013 04 20 18 52 37.841     164.2
606
 2013 04 20 13 51 34.293     2013 04 20 13 54 27.900     173.6
 2013 04 20 18 47 16.394     2013 04 20 18 49 55.430     159.0
607
 2013 04 20 22 00 27.002     2013 04 20 22 03 46.800     199.8
608
 2013 04 20 15 24 34.601     2013 04 20 15 27 20.001     165.4
 2013 04 20 20 19 44.337     2013 04 20 20 23 40.194     235.9
 2013 04 20 21 58  7.193     2013 04 20 22 01 35.353     208.2
609
 2013 04 20 12 10 27.864     2013 04 20 12 13 52.972     205.1
 2013 04 20 20 26 34.733     2013 04 20 20 29 12.814     158.1
610
 2013 04 20 13 42 12.050     2013 04 20 13 44 47.441     155.4
611
 2013 04 20 10 30 16.756     2013 04 20 10 33  3.237     166.5
 2013 04 20 20 32 21.961     2013 04 20 20 35 15.284     173.3
612
 2013 04 20 15 24  8.269     2013 04 20 15 24 38.592      30.3
 2013 04 20 21 59 56.264     2013 04 20 22 03 25.598     209.3
613
 2013 04 20 13 41 58.058     2013 04 20 13 42 19.078      21.0
614
 2013 04 20 20 34 55.265     2013 04 20 20 37 35.870     160.6
615
 2013 04 20 10 26 22.794     2013 04 20 10 30 10.549     227.8
616
 2013 04 20 10 29 32.438     2013 04 20 10 32 48.862     196.4
 2013 04 20 20 33 57.851     2013 04 20 20 36 43.819     166.0
617
 2013 04 20 13 48 13.462     2013 04 20 13 51 14.802     181.3
 2013 04 20 20 23 14.329     2013 04 20 20 26  2.204     167.9
618
 2013 04 20 12 15 28.607     2013 04 20 12 18  6.806     158.2
 2013 04 20 17 10 46.355     2013 04 20 17 14 26.851     220.5
 2013 04 20 18 48 45.046     2013 04 20 18 52 38.428     233.4
619
 2013 04 20 12 13  2.860     2013 04 20 12 13 21.276      18.4
 2013 04 20 18 50 35.732     2013 04 20 18 53 29.967     174.2
620
 2013 04 20 22 04 39.351     2013 04 20 22 08 14.897     215.5
621
 2013 04 20 13 42 39.416     2013 04 20 13 46 11.431     212.0
622
 2013 04 20 12 11 55.932     2013 04 20 12 15 20.804     204.9
623
 2013 04 20 00 05 29.598     2013 04 20 00 08 55.447     205.8
624
 2013 04 20 00 05 13.056     2013 04 20 00 07 53.919     160.9
625
626
627
 2013 04 20 15 23 44.155     2013 04 20 15 26 23.239     159.1
 2013 04 20 21 58 59.733     2013 04 20 22 01 38.261     158.5
628
 2013 04 20 13 47 36.619     2013 04 20 13 50 23.571     167.0
 2013 04 20 20 22 56.091     2013 04 20 20 26 39.692     223.6
629
 2013 04 20 22 10 24.349     2013 04 20 22 13 32.583     188.2
630
631
 2013 04 20 10 31 43.412     2013 04 20 10 34 19.996     156.6
 2013 04 20 20 32 13.936     2013 04 20 20 35 29.745     195.8
632
 2013 04 20 10 34 56.959     2013 04 20 10 37 42.340     165.4
 2013 04 20 18 53 14.263     2013 04 20 18 56 22.567     188.3
633
 2013 04 20 18 50 50.900     2013 04 20 18 53 49.139     178.2
634
635
 2013 04 20 13 47 51.560     2013 04 20 13 50 35.727     164.2
 2013 04 20 20 23 51.462     2013 04 20 20 27 23.554     212.1
636
 2013 04 20 12 13 11.182     2013 04 20 12 17  1.871     230.7
 2013 04 20 18 50 24.207     2013 04 20 18 53 18.590     174.4
637
 2013 04 20 10 29 30.177     2013 04 20 10 32 47.708     197.5
 2013 04 20 20 33 58.931     2013 04 20 20 36 45.717     166.8
638
 2013 04 20 20 37 17.854     2013 04 20 20 40 27.418     189.6
639
 2013 04 20 12 14  9.489     2013 04 20 12 17 27.507     198.0
 2013 04 20 18 50 15.178     2013 04 20 18 52 55.264     160.1
640
641
642
 2013 04 20 20 37  7.051     2013 04 20 20 40  2.047     175.0
643
 2013 04 20 18 51  3.419     2013 04 20 18 53 56.694     173.3
644
 2013 04 20 13 50 51.628     2013 04 20 13 54 14.198     202.6
 2013 04 20 18 47 12.680     2013 04 20 18 50 16.800     184.1
645
 2013 04 20 22 13 42.405     2013 04 20 22 14 25.083      42.7
646
 2013 04 20 13 50 10.322     2013 04 20 13 52 53.199     162.9
 2013 04 20 18 45 43.643     2013 04 20 18 46 23.315      39.7
 2013 04 20 20 23 57.870     2013 04 20 20 27 46.030     228.2
647
 2013 04 20 13 42 39.335     2013 04 20 13 45 14.748     155.4
648
 2013 04 20 10 33 15.782     2013 04 20 10 36 58.293     222.5
649
 2013 04 20 10 26 57.434     2013 04 20 10 29 45.674     168.2
650
 2013 04 20 13 49 25.445     2013 04 20 13 52 21.446     176.0
 2013 04 20 20 23 19.872     2013 04 20 20 26 24.478     184.6
651
652
 2013 04 20 22 00 24.147     2013 04 20 22 03 23.267     179.1
653
 2013 04 20 10 33  7.118     2013 04 20 10 35 45.252     158.1
654
 2013 04 20 12 10 27.840     2013 04 20 12 13 12.788     164.9
 2013 04 20 20 28  3.807     2013 04 20 20 30 41.648     157.8
655
 2013 04 20 12 01 14.968     2013 04 20 12 02 43.904      88.9
656
 2013 04 20 10 30 17.392     2013 04 20 10 32 56.744     159.4
 2013 04 20 20 32 34.354     2013 04 20 20 35 25.987     171.6
657
 2013 04 20 10 33 17.051     2013 04 20 10 36 48.552     211.5
658
 2013 04 20 10 27  1.770     2013 04 20 10 29 59.937     178.2
659
 2013 04 20 22 05 14.127     2013 04 20 22 08 27.334     193.2
660
 2013 04 20 22 09 47.180     2013 04 20 22 12 24.285     157.1
661
 2013 04 20 12 03 20.442     2013 04 20 12 07  6.522     226.1
662
663
664
 2013 04 20 22 04 50.279     2013 04 20 22 07 33.370     163.1
665
 2013 04 20 15 24 55.317     2013 04 20 15 27 43.322     168.0
 2013 04 20 20 20 35.648     2013 04 20 20 21 12.552      36.9
 2013 04 20 21 58 47.716     2013 04 20 22 02 40.171     232.5
666
 2013 04 20 13 47   .632     2013 04 20 13 49 37.358     156.7
667
 2013 04 20 13 47 51.687     2013 04 20 13 50 46.951     175.3
 2013 04 20 20 23  3.886     2013 04 20 20 26 17.917     194.0
668
 2013 04 20 12 03 18.614     2013 04 20 12 06 36.483     197.9
 2013 04 20 22 08 37.216     2013 04 20 22 12 22.015     224.8
669
 2013 04 20 12 15  6.327     2013 04 20 12 17 47.064     160.7
 2013 04 20 18 49 22.219     2013 04 20 18 52 40.144     197.9
670
 2013 04 20 13 44 45.422     2013 04 20 13 47 33.013     167.6
 2013 04 20 22 02 51.332     2013 04 20 22 05 38.617     167.3
671
 2013 04 20 15 24 31.141     2013 04 20 15 27 58.968     207.8
 2013 04 20 21 59 28.186     2013 04 20 22 03  7.107     218.9
672
 2013 04 20 20 35 50.567     2013 04 20 20 39 26.290     215.7
673
 2013 04 20 10 25 28.973     2013 04 20 10 26 11.124      42.2
674
 2013 04 20 20 25  3.420     2013 04 20 20 25 23.658      20.2
675
 2013 04 20 22 10 49.429     2013 04 20 22 13 27.791     158.4
676
677
 2013 04 20 12 08 58.222     2013 04 20 12 12 24.675     206.5
 2013 04 20 20 28 29.144     2013 04 20 20 31 56.665     207.5
678
 2013 04 20 12 11 14.144     2013 04 20 12 13 54.806     160.7
 2013 04 20 20 27 37.360     2013 04 20 20 30 37.422     180.1
679
 2013 04 20 12 02 51.888     2013 04 20 12 05 43.162     171.3
680
 2013 04 20 00 04 30.449     2013 04 20 00 04 44.249      13.8
 2013 04 20 12 04 26.508     2013 04 20 12 04 50.671      24.2
681
 2013 04 20 12 02 48.406     2013 04 20 12 05 23.030     154.6
682
 2013 04 20 10 30 55.759     2013 04 20 10 33 30.808     155.0
 2013 04 20 20 32 45.692     2013 04 20 20 35 23.958     158.3
683
 2013 04 20 13 46 29.709     2013 04 20 13 49 28.066     178.4
 2013 04 20 22 02  5.833     2013 04 20 22 03 10.511      64.7
684
 2013 04 20 10 30  9.170     2013 04 20 10 33 31.742     202.6
 2013 04 20 20 31 45.349     2013 04 20 20 34 42.371     177.0
685
 2013 04 20 20 37 25.890     2013 04 20 20 40  3.506     157.6
686
 2013 04 20 15 23 34.965     2013 04 20 15 27   .526     205.6
 2013 04 20 21 59 48.397     2013 04 20 22 02 28.702     160.3
687
 2013 04 20 12 13 40.753     2013 04 20 12 15 14.862      94.1
 2013 04 20 18 50 39.064     2013 04 20 18 53 17.271     158.2
688
 2013 04 20 10 28 56.346     2013 04 20 10 32 41.616     225.3
 2013 04 20 20 34 20.937     2013 04 20 20 37 15.837     174.9
689
 2013 04 20 12 13 32.728     2013 04 20 12 16 26.760     174.0
 2013 04 20 18 48 36.927     2013 04 20 18 51 25.738     168.8
690
 2013 04 20 13 51 18.912     2013 04 20 13 51 23.323       4.4
 2013 04 20 15 25 26.544     2013 04 20 15 29 16.437     229.9
 2013 04 20 20 22 12.046     2013 04 20 20 25 20.538     188.5
691
 2013 04 20 10 31 49.058     2013 04 20 10 35 33.063     224.0
692
 2013 04 20 12 03  2.499     2013 04 20 12 05 56.890     174.4
693
 2013 04 20 12 03 48.151     2013 04 20 12 06 36.081     167.9
694
 2013 04 20 15 23 15.707     2013 04 20 15 26 16.840     181.1
 2013 04 20 21 59 24.505     2013 04 20 22 02  7.334     162.8
695
 2013 04 20 13 43  5.928     2013 04 20 13 45 43.500     157.6
696
697
 2013 04 20 12 07 38.925     2013 04 20 12 11 12.876     214.0
698
 2013 04 20 12 12 10.910     2013 04 20 12 13  6.034      55.1
 2013 04 20 18 47 18.495     2013 04 20 18 51  4.046     225.6
699
 2013 04 20 12 13  7.539     2013 04 20 12 16 52.794     225.3
 2013 04 20 13 51  7.650     2013 04 20 13 51 57.991      50.3
 2013 04 20 18 48   .298     2013 04 20 18 50 45.284     165.0
700
 2013 04 20 12 08 36.032     2013 04 20 12 11 15.694     159.7
701
 2013 04 20 13 49 41.078     2013 04 20 13 53 20.902     219.8
 2013 04 20 20 24 52.885     2013 04 20 20 28 30.145     217.3
702
 2013 04 20 12 04 53.069     2013 04 20 12 08   .564     187.5
 2013 04 20 22 08 26.244     2013 04 20 22 11  3.400     157.2
703
 2013 04 20 20 39  1.429     2013 04 20 20 40 20.644      79.2
704
 2013 04 20 15 23 51.974     2013 04 20 15 24 19.378      27.4
 2013 04 20 22 00  5.083     2013 04 20 22 03 13.290     188.2
705
706
 2013 04 20 12 14 37.159     2013 04 20 12 16 12.479      95.3
 2013 04 20 18 50 26.383     2013 04 20 18 53 44.883     198.5
707
 2013 04 20 13 46 50.661     2013 04 20 13 49 27.304     156.6
 2013 04 20 22 01 19.452     2013 04 20 22 02  7.764      48.3
708
 2013 04 20 00 06  4.587     2013 04 20 00 08 58.934     174.3
709
 2013 04 20 22 05 28.483     2013 04 20 22 08 45.846     197.4
710
 2013 04 20 10 26  7.091     2013 04 20 10 28 49.513     162.4
711
 2013 04 20 12 06   .669     2013 04 20 12 08 35.957     155.3
 2013 04 20 22 07 17.437     2013 04 20 22 10  5.565     168.1
712
713
 2013 04 20 00 01 19.445     2013 04 20 00 04   .195     160.8
 2013 04 20 13 39 58.032     2013 04 20 13 42 32.904     154.9
 2013 04 20 23 42 18.925     2013 04 20 23 44 59.810     160.9
714
 2013 04 20 12 10 36.221     2013 04 20 12 13 53.054     196.8
 2013 04 20 20 26 39.585     2013 04 20 20 29 18.389     158.8
715
 2013 04 20 10 35 47.535     2013 04 20 10 38 37.121     169.6
 2013 04 20 18 52 23.538     2013 04 20 18 55  2.013     158.5
716
 2013 04 20 13 48 53.424     2013 04 20 13 51 30.462     157.0
 2013 04 20 20 24  2.086     2013 04 20 20 26 40.543     158.5
717
 2013 04 20 12 02 34.309     2013 04 20 12 06 12.609     218.3
718
719
720
 2013 04 20 10 30 53.786     2013 04 20 10 34  5.688     191.9
 2013 04 20 20 31 46.755     2013 04 20 20 34 24.069     157.3
721
 2013 04 20 13 42 18.617     2013 04 20 13 45 34.615     196.0
722
 2013 04 20 12 05 37.214     2013 04 20 12 08 33.093     175.9
 2013 04 20 22 06 47.346     2013 04 20 22 09 24.665     157.3
723
 2013 04 20 15 24  7.789     2013 04 20 15 24 18.033      10.2
 2013 04 20 21 59 58.390     2013 04 20 22 03 30.671     212.3
724
 2013 04 20 13 49 59.750     2013 04 20 13 52 41.140     161.4
 2013 04 20 18 45 12.430     2013 04 20 18 49  2.787     230.4
 2013 04 20 20 23 26.472     2013 04 20 20 27  3.838     217.4
725
 2013 04 20 20 35 48.010     2013 04 20 20 39 25.650     217.6
726
 2013 04 20 20 25 30.887     2013 04 20 20 29  7.623     216.7
727
 2013 04 20 12 01 39.631     2013 04 20 12 05 26.535     226.9
728
729
 2013 04 20 15 25 24.207     2013 04 20 15 28  4.363     160.2
 2013 04 20 20 20 57.125     2013 04 20 20 24 13.492     196.4
730
 2013 04 20 20 35 21.268     2013 04 20 20 38  2.387     161.1
731
 2013 04 20 12 14 50.597     2013 04 20 12 17 46.781     176.2
 2013 04 20 17 09 57.405     2013 04 20 17 10 29.394      32.0
 2013 04 20 18 48 31.386     2013 04 20 18 51 47.229     195.8
732
 2013 04 20 12 09 45.610     2013 04 20 12 12 35.837     170.2
 2013 04 20 20 28  7.289     2013 04 20 20 31  6.550     179.3
733
 2013 04 20 15 25 53.480     2013 04 20 15 29  5.092     191.6
 2013 04 20 20 22  2.177     2013 04 20 20 24 51.850     169.7
734
 2013 04 20 20 30 58.609     2013 04 20 20 33 37.298     158.7
735
 2013 04 20 20 30 11.980     2013 04 20 20 33 10.932     179.0
736
 2013 04 20 13 51  3.013     2013 04 20 13 54 25.407     202.4
 2013 04 20 18 47 22.917     2013 04 20 18 50 16.446     173.5
737
 2013 04 20 13 47 36.342     2013 04 20 13 50 13.039     156.7
 2013 04 20 20 23 15.696     2013 04 20 20 23 56.455      40.8
738
 2013 04 20 20 34 28.125     2013 04 20 20 37  9.810     161.7
739
740
 2013 04 20 10 35 32.592     2013 04 20 10 38 29.987     177.4
 2013 04 20 18 52 15.095     2013 04 20 18 54 58.009     162.9
741
 2013 04 20 12 07 24.490     2013 04 20 12 10 41.074     196.6
742
 2013 04 20 20 35 44.053     2013 04 20 20 39  5.984     201.9
743
 2013 04 20 13 50 32.720     2013 04 20 13 53 10.463     157.7
 2013 04 20 18 45 53.905     2013 04 20 18 49 10.150     196.2
744
 2013 04 20 13 45 49.840     2013 04 20 13 46 26.279      36.4
745
 2013 04 20 13 44 10.364     2013 04 20 13 47 13.523     183.2
 2013 04 20 22 03   .632     2013 04 20 22 06 11.288     190.7
746
747
 2013 04 20 15 26 32.794     2013 04 20 15 29 44.263     191.5
 2013 04 20 20 22 24.793     2013 04 20 20 25  4.412     159.6
748
 2013 04 20 10 29 28.924     2013 04 20 10 32 13.006     164.1
 2013 04 20 20 33 21.558     2013 04 20 20 36 38.304     196.7
749
 2013 04 20 10 29  3.713     2013 04 20 10 32  7.546     183.8
750
 2013 04 20 15 23 50.152     2013 04 20 15 26 30.143     160.0
 2013 04 20 21 59  2.173     2013 04 20 22 01 41.937     159.8
751
 2013 04 20 13 45 31.139     2013 04 20 13 48 25.776     174.6
 2013 04 20 22 02 50.520     2013 04 20 22 05 36.558     166.0
752
 2013 04 20 10 30 35.608     2013 04 20 10 31 29.050      53.4
753
754
 2013 04 20 12 08 40.491     2013 04 20 12 12 27.544     227.1
755
 2013 04 20 12 13 26.050     2013 04 20 12 16 21.794     175.7
 2013 04 20 18 49 38.933     2013 04 20 18 52 41.337     182.4
756
 2013 04 20 13 48 58.958     2013 04 20 13 51 44.184     165.2
 2013 04 20 20 24 27.629     2013 04 20 20 27  6.172     158.5
757
 2013 04 20 12 03  7.881     2013 04 20 12 06 22.951     195.1
758
 2013 04 20 13 44 55.133     2013 04 20 13 47 58.464     183.3
 2013 04 20 22 01 37.046     2013 04 20 22 04 21.919     164.9
759
 2013 04 20 20 29 11.851     2013 04 20 20 32  4.324     172.5
760
 2013 04 20 12 12 37.277     2013 04 20 12 16 14.258     217.0
 2013 04 20 18 47 43.330     2013 04 20 18 51  4.144     200.8
761
 2013 04 20 12 06  9.132     2013 04 20 12 08 46.383     157.3
 2013 04 20 22 07 15.828     2013 04 20 22 10 14.295     178.5
762
 2013 04 20 12 13 44.896     2013 04 20 12 16 22.351     157.5
 2013 04 20 18 49  5.538     2013 04 20 18 51 54.111     168.6
763
 2013 04 20 10 36 27.640     2013 04 20 10 40 13.763     226.1
 2013 04 20 18 51  8.718     2013 04 20 18 54 23.702     195.0
764
 2013 04 20 13 45 52.993     2013 04 20 13 48 37.387     164.4
 2013 04 20 22 02 29.243     2013 04 20 22 05 27.199     178.0
765
 2013 04 20 22 05 16.100     2013 04 20 22 07 54.748     158.6
766
 2013 04 20 00 04  8.625     2013 04 20 00 07 45.140     216.5
 2013 04 20 23 45  7.958     2013 04 20 23 48 44.899     216.9
767
 2013 04 20 00 03  6.385     2013 04 20 00 06 19.399     193.0
 2013 04 20 13 37 44.496     2013 04 20 13 37 59.845      15.3
 2013 04 20 23 44  5.754     2013 04 20 23 47 19.121     193.4
768
 2013 04 20 15 23 31.712     2013 04 20 15 23 51.068      19.4
 2013 04 20 22 00 13.401     2013 04 20 22 03  2.488     169.1
769
 2013 04 20 12 14  7.097     2013 04 20 12 17 10.435     183.3
 2013 04 20 18 48 36.898     2013 04 20 18 51 18.060     161.2
770
 2013 04 20 10 34 34.413     2013 04 20 10 37 12.479     158.1
 2013 04 20 18 52 17.410     2013 04 20 18 52 59.775      42.4
771
 2013 04 20 13 43 57.439     2013 04 20 13 46 41.182     163.7
 2013 04 20 22 04 32.449     2013 04 20 22 05 34.046      61.6
772
 2013 04 20 10 26 28.221     2013 04 20 10 29 11.068     162.8
773
 2013 04 20 12 11  7.306     2013 04 20 12 14 50.062     222.8
 2013 04 20 20 25 59.194     2013 04 20 20 29  7.515     188.3
774
 2013 04 20 13 46 38.085     2013 04 20 13 49 19.849     161.8
 2013 04 20 22 01 16.076     2013 04 20 22 04 59.904     223.8
775
 2013 04 20 10 33 15.274     2013 04 20 10 36 12.356     177.1
776
 2013 04 20 13 46 10.514     2013 04 20 13 48 48.589     158.1
 2013 04 20 22 02  7.566     2013 04 20 22 05 18.679     191.1
777
 2013 04 20 00 04 43.918     2013 04 20 00 07 58.902     195.0
778
 2013 04 20 12 00 52.012     2013 04 20 12 03 26.751     154.7
779
780
 2013 04 20 10 29 34.285     2013 04 20 10 32 40.257     186.0
 2013 04 20 20 31 53.806     2013 04 20 20 35 33.227     219.4
781
782
 2013 04 20 13 46 56.853     2013 04 20 13 49 53.553     176.7
783
 2013 04 20 18 51  4.839     2013 04 20 18 53 55.329     170.5
784
 2013 04 20 13 43  3.255     2013 04 20 13 46 43.345     220.1
785
 2013 04 20 10 33  3.349     2013 04 20 10 35 42.958     159.6
786
 2013 04 20 13 43 39.065     2013 04 20 13 45  4.618      85.6
 2013 04 20 22 03 38.482     2013 04 20 22 06 47.105     188.6
787
788
 2013 04 20 20 36 13.456     2013 04 20 20 39 18.081     184.6
789
 2013 04 20 13 46 31.016     2013 04 20 13 49 46.646     195.6
790
 2013 04 20 00 03 58.866     2013 04 20 00 06 45.931     167.1
 2013 04 20 23 44 58.302     2013 04 20 23 47 45.591     167.3
791
 2013 04 20 12 03 50.062     2013 04 20 12 06 29.377     159.3
 2013 04 20 22 11 16.085     2013 04 20 22 11 22.949       6.9
792
 2013 04 20 10 32 21.809     2013 04 20 10 35 46.451     204.6
793
 2013 04 20 20 29 30.286     2013 04 20 20 32 44.155     193.9
794
 2013 04 20 12 06 41.319     2013 04 20 12 08 11.078      89.8
795
796
 2013 04 20 12 02 34.154     2013 04 20 12 05 16.597     162.4
797
 2013 04 20 00 00   .000     2013 04 20 00 02 42.601     162.6
 2013 04 20 13 41  2.798     2013 04 20 13 44 17.646     194.8
 2013 04 20 23 40 45.799     2013 04 20 23 43 42.052     176.3
798
 2013 04 20 12 11 51.704     2013 04 20 12 12  6.356      14.7
799
 2013 04 20 12 03 11.654     2013 04 20 12 05 47.316     155.7
