s2
0
 2013 04 20 15 31 36.967     2013 04 20 15 34 26.354     169.4
 2013 04 20 20 26 46.087     2013 04 20 20 29 25.654     159.6
1
 2013 04 20 13 53 23.339     2013 04 20 13 56 13.100     169.8
 2013 04 20 20 28 52.108     2013 04 20 20 32 23.879     211.8
2
 2013 04 20 12 12 20.348     2013 04 20 12 15  6.080     165.7
 2013 04 20 22 11  1.888     2013 04 20 22 14  9.208     187.3
3
 2013 04 20 13 48 36.464     2013 04 20 13 52 15.597     219.1
4
5
 2013 04 20 22 14 13.058     2013 04 20 22 16 37.744     144.7
6
 2013 04 20 20 35 34.777     2013 04 20 20 38 59.463     204.7
7
 2013 04 20 00 14  3.646     2013 04 20 00 16 37.898     154.3
 2013 04 20 12 04 38.916     2013 04 20 12 07 51.906     193.0
8
 2013 04 20 13 51  4.676     2013 04 20 13 54 48.648     224.0
 2013 04 20 22 05 38.984     2013 04 20 22 08 26.464     167.5
9
 2013 04 20 12 17  5.907     2013 04 20 12 19 55.263     169.4
 2013 04 20 20 31 39.318     2013 04 20 20 34 41.281     182.0
10
 2013 04 20 13 53 50.950     2013 04 20 13 56 33.084     162.1
 2013 04 20 20 29   .464     2013 04 20 20 31 59.713     179.2
11
 2013 04 20 00 11 12.045     2013 04 20 00 13 49.004     157.0
12
 2013 04 20 00 10  4.851     2013 04 20 00 12 50.103     165.3
13
 2013 04 20 13 53 14.858     2013 04 20 13 56 30.499     195.6
 2013 04 20 20 29 16.957     2013 04 20 20 32 46.258     209.3
14
15
 2013 04 20 12 13 54.098     2013 04 20 12 17 33.821     219.7
16
 2013 04 20 12 17 53.615     2013 04 20 12 18  4.377      10.8
17
 2013 04 20 12 06 40.557     2013 04 20 12 09 16.719     156.2
18
 2013 04 20 13 55 11.338     2013 04 20 13 57 49.952     158.6
 2013 04 20 20 29   .482     2013 04 20 20 32  1.557     181.1
19
 2013 04 20 13 50 47.134     2013 04 20 13 53 46.460     179.3
 2013 04 20 22 06 23.895     2013 04 20 22 09  1.158     157.3
20
21
 2013 04 20 13 51 26.517     2013 04 20 13 52 32.452      65.9
 2013 04 20 22 07 33.109     2013 04 20 22 08 33.359      60.3
22
 2013 04 20 13 50 10.116     2013 04 20 13 53 16.150     186.0
 2013 04 20 22 07 53.823     2013 04 20 22 10 37.843     164.0
23
 2013 04 20 12 19 53.279     2013 04 20 12 23 34.948     221.7
 2013 04 20 18 55 33.572     2013 04 20 18 58 17.295     163.7
24
 2013 04 20 12 14   .124     2013 04 20 12 17 11.368     191.2
25
 2013 04 20 12 21 27.039     2013 04 20 12 24 44.363     197.3
 2013 04 20 17 17 11.756     2013 04 20 17 20 45.537     213.8
26
 2013 04 20 00 08 36.945     2013 04 20 00 12 22.630     225.7
 2013 04 20 13 46   .145     2013 04 20 13 49 43.294     223.1
27
 2013 04 20 12 12 10.932     2013 04 20 12 14 57.666     166.7
 2013 04 20 22 11 49.685     2013 04 20 22 15 17.456     207.8
28
 2013 04 20 20 30  4.493     2013 04 20 20 33 42.139     217.6
29
30
 2013 04 20 15 28 48.721     2013 04 20 15 32  6.444     197.7
 2013 04 20 22 04 25.920     2013 04 20 22 07  3.268     157.3
31
 2013 04 20 15 29  5.523     2013 04 20 15 29  8.789       3.3
 2013 04 20 22 04 56.385     2013 04 20 22 07 55.084     178.7
32
 2013 04 20 13 50 33.742     2013 04 20 13 53 33.562     179.8
 2013 04 20 22 06 23.363     2013 04 20 22 09  5.407     162.0
33
 2013 04 20 20 34 13.321     2013 04 20 20 37 15.935     182.6
34
 2013 04 20 10 37 12.497     2013 04 20 10 39 57.620     165.1
 2013 04 20 20 37 38.476     2013 04 20 20 40 37.001     178.5
35
 2013 04 20 22 18 44.344     2013 04 20 22 18 52.251       7.9
36
 2013 04 20 13 53 11.045     2013 04 20 13 56 47.109     216.1
 2013 04 20 20 27 32.609     2013 04 20 20 30 33.790     181.2
37
38
 2013 04 20 10 34 40.248     2013 04 20 10 37 41.961     181.7
39
 2013 04 20 10 39 25.332     2013 04 20 10 42 31.392     186.1
40
41
42
 2013 04 20 12 12 15.020     2013 04 20 12 14 56.539     161.5
 2013 04 20 22 11 43.405     2013 04 20 22 15  8.879     205.5
43
 2013 04 20 00 07 24.428     2013 04 20 00 10 39.002     194.6
 2013 04 20 13 46 49.190     2013 04 20 13 49 25.511     156.3
44
 2013 04 20 22 13 43.594     2013 04 20 22 16 46.672     183.1
45
 2013 04 20 18 55 52.042     2013 04 20 18 56  3.320      11.3
46
 2013 04 20 12 07 59.642     2013 04 20 12 11 39.467     219.8
47
 2013 04 20 15 29 39.641     2013 04 20 15 32 26.036     166.4
 2013 04 20 22 03 51.498     2013 04 20 22 06 48.455     177.0
48
 2013 04 20 10 30 54.422     2013 04 20 10 31 36.506      42.1
49
 2013 04 20 12 19 53.368     2013 04 20 12 23 28.077     214.7
 2013 04 20 18 55 29.536     2013 04 20 18 58 11.652     162.1
50
 2013 04 20 13 48 53.206     2013 04 20 13 51 34.107     160.9
51
 2013 04 20 13 49 19.671     2013 04 20 13 51 58.981     159.3
 2013 04 20 22 10 52.551     2013 04 20 22 11  4.286      11.7
52
 2013 04 20 22 15  3.898     2013 04 20 22 17 51.918     168.0
53
 2013 04 20 10 34   .434     2013 04 20 10 37  3.542     183.1
54
55
 2013 04 20 12 15  3.566     2013 04 20 12 15 20.205      16.6
 2013 04 20 20 34  4.018     2013 04 20 20 36 43.548     159.5
56
 2013 04 20 12 17  9.010     2013 04 20 12 20 42.056     213.0
 2013 04 20 20 30 47.433     2013 04 20 20 34 12.140     204.7
57
 2013 04 20 00 11 44.418     2013 04 20 00 15  3.440     199.0
58
 2013 04 20 13 52  1.223     2013 04 20 13 54 38.267     157.0
 2013 04 20 22 06 21.520     2013 04 20 22 09 47.121     205.6
59
 2013 04 20 10 38 32.762     2013 04 20 10 41 24.379     171.6
 2013 04 20 20 35 30.665     2013 04 20 20 35 52.818      22.2
60
 2013 04 20 12 07 10.771     2013 04 20 12 09 58.133     167.4
61
 2013 04 20 00 12 45.252     2013 04 20 00 16  4.955     199.7
62
 2013 04 20 15 31  1.195     2013 04 20 15 34 16.808     195.6
 2013 04 20 20 26 45.528     2013 04 20 20 29 48.331     182.8
63
 2013 04 20 20 34 46.661     2013 04 20 20 38 18.164     211.5
64
 2013 04 20 08 55 37.126     2013 04 20 08 59 17.865     220.7
 2013 04 20 20 42 55.073     2013 04 20 20 45 29.223     154.1
65
 2013 04 20 10 33 30.039     2013 04 20 10 36 43.938     193.9
66
 2013 04 20 12 17 12.780     2013 04 20 12 19 54.372     161.6
 2013 04 20 20 31 46.957     2013 04 20 20 34 54.529     187.6
67
 2013 04 20 10 38 11.046     2013 04 20 10 41 19.752     188.7
 2013 04 20 20 35 35.832     2013 04 20 20 39 15.193     219.4
68
 2013 04 20 12 06 57.843     2013 04 20 12 09 33.603     155.8
69
 2013 04 20 13 48 52.408     2013 04 20 13 51 33.107     160.7
70
 2013 04 20 20 30  7.819     2013 04 20 20 33 25.416     197.6
71
 2013 04 20 22 16   .564     2013 04 20 22 18 47.513     166.9
72
 2013 04 20 22 14  7.699     2013 04 20 22 17 20.657     193.0
73
 2013 04 20 12 09 39.458     2013 04 20 12 12 46.984     187.5
 2013 04 20 22 15 14.312     2013 04 20 22 15 22.654       8.3
74
 2013 04 20 12 16 20.680     2013 04 20 12 19 54.146     213.5
 2013 04 20 20 31 18.199     2013 04 20 20 33 57.781     159.6
75
 2013 04 20 10 41 40.926     2013 04 20 10 45  9.802     208.9
 2013 04 20 18 56 49.576     2013 04 20 18 59 27.000     157.4
76
77
 2013 04 20 22 13 13.883     2013 04 20 22 16 41.754     207.9
78
79
 2013 04 20 10 40  4.946     2013 04 20 10 42 43.812     158.9
80
 2013 04 20 12 10 18.708     2013 04 20 12 11 43.828      85.1
81
 2013 04 20 10 34 29.749     2013 04 20 10 37 26.179     176.4
 2013 04 20 20 42 16.798     2013 04 20 20 42 30.356      13.6
82
 2013 04 20 10 34 16.672     2013 04 20 10 36 34.898     138.2
 2013 04 20 20 39  9.436     2013 04 20 20 42 39.157     209.7
83
 2013 04 20 12 21   .021     2013 04 20 12 23 39.702     159.7
 2013 04 20 17 19 56.186     2013 04 20 17 20  8.084      11.9
 2013 04 20 18 54 17.429     2013 04 20 18 57 48.268     210.8
84
 2013 04 20 12 18 29.464     2013 04 20 12 21 10.451     161.0
 2013 04 20 18 53 14.057     2013 04 20 18 53 30.094      16.0
85
 2013 04 20 12 20 36.533     2013 04 20 12 23 13.798     157.3
 2013 04 20 18 54 18.617     2013 04 20 18 57 19.425     180.8
86
 2013 04 20 13 54 42.648     2013 04 20 13 55 29.886      47.2
 2013 04 20 22 05  6.504     2013 04 20 22 08 26.089     199.6
87
 2013 04 20 13 52 29.175     2013 04 20 13 55  8.348     159.2
 2013 04 20 22 05 48.832     2013 04 20 22 06 12.674      23.8
88
 2013 04 20 12 13 14.058     2013 04 20 12 16 33.612     199.6
89
 2013 04 20 00 10 39.458     2013 04 20 00 13 25.067     165.6
90
 2013 04 20 22 08 46.439     2013 04 20 22 08 59.651      13.2
91
 2013 04 20 13 49 11.194     2013 04 20 13 52 10.900     179.7
 2013 04 20 22 10 33.589     2013 04 20 22 11 23.344      49.8
92
93
 2013 04 20 00 12 11.683     2013 04 20 00 15 47.059     215.4
94
 2013 04 20 13 51   .881     2013 04 20 13 54  2.998     182.1
 2013 04 20 22 07 41.117     2013 04 20 22 10 25.737     164.6
95
 2013 04 20 10 35 53.110     2013 04 20 10 39 35.877     222.8
 2013 04 20 20 36 20.201     2013 04 20 20 39 22.953     182.8
96
 2013 04 20 13 53 12.730     2013 04 20 13 56 26.969     194.2
 2013 04 20 20 27 39.811     2013 04 20 20 30 54.540     194.7
97
 2013 04 20 12 19  3.400     2013 04 20 12 20 42.280      98.9
 2013 04 20 18 55 35.402     2013 04 20 18 58 20.607     165.2
98
 2013 04 20 12 15 33.014     2013 04 20 12 18 10.563     157.5
 2013 04 20 20 32 36.952     2013 04 20 20 35 42.872     185.9
99
 2013 04 20 10 36 38.973     2013 04 20 10 39 19.641     160.7
 2013 04 20 20 37 58.597     2013 04 20 20 40 34.227     155.6
100
 2013 04 20 08 57 15.877     2013 04 20 09 00 49.043     213.2
 2013 04 20 20 41 30.270     2013 04 20 20 42 25.429      55.2
101
 2013 04 20 22 10  8.543     2013 04 20 22 13 15.895     187.4
102
 2013 04 20 13 52 42.483     2013 04 20 13 55 51.943     189.5
 2013 04 20 20 30 41.815     2013 04 20 20 31 19.564      37.7
103
 2013 04 20 12 06 32.494     2013 04 20 12 09 25.581     173.1
104
 2013 04 20 10 32 55.682     2013 04 20 10 36 10.398     194.7
105
 2013 04 20 10 32 35.677     2013 04 20 10 35  8.975     153.3
106
 2013 04 20 22 08 55.309     2013 04 20 22 12 21.854     206.5
107
 2013 04 20 12 19 28.592     2013 04 20 12 22 11.431     162.8
 2013 04 20 18 53 56.925     2013 04 20 18 56 41.605     164.7
108
 2013 04 20 12 13  8.980     2013 04 20 12 15 51.080     162.1
 2013 04 20 22 10 15.183     2013 04 20 22 10 24.918       9.7
109
110
 2013 04 20 00 10 56.671     2013 04 20 00 14 11.843     195.2
111
 2013 04 20 22 08 57.855     2013 04 20 22 12 30.235     212.4
112
 2013 04 20 13 53  1.742     2013 04 20 13 55 46.690     164.9
 2013 04 20 20 32 11.887     2013 04 20 20 32 34.093      22.2
113
 2013 04 20 20 35 28.442     2013 04 20 20 38  6.104     157.7
114
 2013 04 20 00 08 47.038     2013 04 20 00 12   .391     193.4
 2013 04 20 13 45 52.295     2013 04 20 13 49 13.888     201.6
115
 2013 04 20 20 30 11.828     2013 04 20 20 33 32.857     201.0
116
 2013 04 20 12 12 49.959     2013 04 20 12 16 29.639     219.7
 2013 04 20 22 09 33.814     2013 04 20 22 11  4.314      90.5
117
 2013 04 20 22 08 50.247     2013 04 20 22 11 29.114     158.9
118
 2013 04 20 20 33 33.580     2013 04 20 20 37  3.785     210.2
119
 2013 04 20 10 34  5.864     2013 04 20 10 37 39.971     214.1
 2013 04 20 20 41 56.226     2013 04 20 20 42 53.161      56.9
120
 2013 04 20 12 15 49.893     2013 04 20 12 18 34.010     164.1
 2013 04 20 20 32  4.550     2013 04 20 20 34 56.776     172.2
121
 2013 04 20 00 12 52.624     2013 04 20 00 15 30.716     158.1
122
 2013 04 20 10 32  3.204     2013 04 20 10 34 38.104     154.9
123
 2013 04 20 10 38 37.573     2013 04 20 10 39 23.926      46.4
 2013 04 20 20 36  3.814     2013 04 20 20 39 36.005     212.2
124
 2013 04 20 22 14 22.097     2013 04 20 22 14 56.995      34.9
125
 2013 04 20 12 15 53.123     2013 04 20 12 19   .895     187.8
 2013 04 20 20 33 21.351     2013 04 20 20 35 57.978     156.6
126
 2013 04 20 12 19 41.634     2013 04 20 12 23 24.046     222.4
 2013 04 20 13 57 39.686     2013 04 20 14 01 16.721     217.0
 2013 04 20 18 53  9.135     2013 04 20 18 55 58.231     169.1
127
 2013 04 20 20 41 48.324     2013 04 20 20 45 29.496     221.2
128
129
 2013 04 20 10 29 44.644     2013 04 20 10 33 15.158     210.5
 2013 04 20 22 17 48.649     2013 04 20 22 20 27.672     159.0
130
 2013 04 20 10 38 29.459     2013 04 20 10 41  4.799     155.3
 2013 04 20 20 36   .509     2013 04 20 20 36 17.046      16.5
131
 2013 04 20 00 12  5.202     2013 04 20 00 14 39.402     154.2
132
 2013 04 20 22 10 29.967     2013 04 20 22 13 16.478     166.5
133
 2013 04 20 10 36 13.859     2013 04 20 10 39 15.681     181.8
 2013 04 20 20 38 27.224     2013 04 20 20 41  2.204     155.0
134
 2013 04 20 10 38 38.591     2013 04 20 10 41 25.144     166.6
135
136
 2013 04 20 12 06 42.798     2013 04 20 12 09 23.923     161.1
137
 2013 04 20 09 00 13.089     2013 04 20 09 00 43.737      30.6
 2013 04 20 20 41 43.164     2013 04 20 20 45  1.657     198.5
138
 2013 04 20 15 29 32.657     2013 04 20 15 32 10.036     157.4
 2013 04 20 22 03 24.947     2013 04 20 22 06 14.852     169.9
139
 2013 04 20 12 07 35.479     2013 04 20 12 10  9.481     154.0
140
 2013 04 20 00 11 19.698     2013 04 20 00 13 53.828     154.1
141
 2013 04 20 10 41 17.809     2013 04 20 10 43 53.408     155.6
 2013 04 20 18 57 57.437     2013 04 20 19 00 47.323     169.9
142
 2013 04 20 12 16  7.972     2013 04 20 12 19 51.503     223.5
 2013 04 20 20 31 14.234     2013 04 20 20 33 51.481     157.2
143
 2013 04 20 12 08 54.603     2013 04 20 12 11 28.256     153.7
144
 2013 04 20 10 36 40.031     2013 04 20 10 39 57.337     197.3
 2013 04 20 20 38 14.523     2013 04 20 20 41 10.386     175.9
145
 2013 04 20 10 38 44.449     2013 04 20 10 41 19.167     154.7
146
 2013 04 20 10 37  4.979     2013 04 20 10 40 31.960     207.0
 2013 04 20 20 37 50.394     2013 04 20 20 41 23.425     213.0
147
 2013 04 20 20 42 23.210     2013 04 20 20 45 24.449     181.2
148
 2013 04 20 10 33 19.964     2013 04 20 10 35 53.662     153.7
149
 2013 04 20 10 37  8.936     2013 04 20 10 40 21.962     193.0
 2013 04 20 20 37 46.904     2013 04 20 20 41 10.178     203.3
150
 2013 04 20 12 18 43.157     2013 04 20 12 21 21.113     158.0
 2013 04 20 18 53 49.128     2013 04 20 18 57 35.457     226.3
151
 2013 04 20 12 10 47.003     2013 04 20 12 14 16.422     209.4
 2013 04 20 22 13 11.898     2013 04 20 22 15 54.776     162.9
152
 2013 04 20 13 50 59.192     2013 04 20 13 51  3.777       4.6
 2013 04 20 22 05 29.951     2013 04 20 22 08 17.529     167.6
153
 2013 04 20 15 30  4.928     2013 04 20 15 33 22.083     197.2
 2013 04 20 22 04  1.145     2013 04 20 22 07 47.257     226.1
154
155
 2013 04 20 22 07 47.335     2013 04 20 22 08 28.255      40.9
156
 2013 04 20 10 40 19.407     2013 04 20 10 43 16.206     176.8
 2013 04 20 19 00  2.405     2013 04 20 19 00 51.985      49.6
157
158
 2013 04 20 10 41 39.530     2013 04 20 10 42 10.539      31.0
 2013 04 20 20 34 47.239     2013 04 20 20 38 34.413     227.2
159
 2013 04 20 20 41 47.780     2013 04 20 20 45 30.014     222.2
160
 2013 04 20 10 34 57.177     2013 04 20 10 37 39.414     162.2
 2013 04 20 20 38  4.311     2013 04 20 20 38  9.478       5.2
161
 2013 04 20 12 20  2.129     2013 04 20 12 22 42.339     160.2
 2013 04 20 18 54 38.222     2013 04 20 18 57 16.216     158.0
162
163
 2013 04 20 13 55 20.837     2013 04 20 13 58  7.563     166.7
 2013 04 20 20 29 10.806     2013 04 20 20 32 25.674     194.9
164
 2013 04 20 12 15  4.498     2013 04 20 12 15 55.253      50.8
 2013 04 20 22 10  9.789     2013 04 20 22 13  4.283     174.5
165
 2013 04 20 10 39 29.439     2013 04 20 10 42  9.444     160.0
166
 2013 04 20 15 28  9.494     2013 04 20 15 31 43.840     214.3
 2013 04 20 22 04 24.976     2013 04 20 22 07 19.346     174.4
167
 2013 04 20 13 52 56.652     2013 04 20 13 56 27.681     211.0
 2013 04 20 20 27 22.910     2013 04 20 20 30 45.768     202.9
168
 2013 04 20 12 19 36.051     2013 04 20 12 22 34.656     178.6
 2013 04 20 18 54 58.918     2013 04 20 18 57 39.155     160.2
169
 2013 04 20 20 40 11.313     2013 04 20 20 40 52.383      41.1
170
 2013 04 20 10 38  3.253     2013 04 20 10 41 32.069     208.8
 2013 04 20 20 35 23.889     2013 04 20 20 38 57.172     213.3
171
 2013 04 20 13 54 51.155     2013 04 20 13 57 33.620     162.5
 2013 04 20 20 29 15.609     2013 04 20 20 31 59.870     164.3
172
 2013 04 20 12 22 11.853     2013 04 20 12 24 56.276     164.4
 2013 04 20 17 17 19.464     2013 04 20 17 20  6.408     166.9
173
 2013 04 20 13 54  2.654     2013 04 20 13 57 48.664     226.0
 2013 04 20 15 32  1.273     2013 04 20 15 35 40.992     219.7
 2013 04 20 20 27 43.111     2013 04 20 20 30 25.122     162.0
174
 2013 04 20 13 49 55.985     2013 04 20 13 52 39.593     163.6
 2013 04 20 22 06 27.996     2013 04 20 22 09 52.963     205.0
175
 2013 04 20 18 59 34.536     2013 04 20 18 59 41.970       7.4
176
 2013 04 20 13 51 59.898     2013 04 20 13 52 56.989      57.1
177
 2013 04 20 22 16 33.467     2013 04 20 22 20  8.434     215.0
178
179
 2013 04 20 18 55 34.100     2013 04 20 18 59 15.674     221.6
180
 2013 04 20 18 55 59.891     2013 04 20 18 58 38.167     158.3
181
 2013 04 20 00 07 56.143     2013 04 20 00 11 16.816     200.7
 2013 04 20 13 46 37.145     2013 04 20 13 49 17.777     160.6
182
 2013 04 20 12 06 49.825     2013 04 20 12 10 14.329     204.5
183
 2013 04 20 22 08 42.729     2013 04 20 22 12  4.412     201.7
184
 2013 04 20 10 38 44.296     2013 04 20 10 41 47.635     183.3
185
186
 2013 04 20 13 51 10.481     2013 04 20 13 54   .592     170.1
 2013 04 20 22 06 28.859     2013 04 20 22 09  8.395     159.5
187
 2013 04 20 12 18 25.578     2013 04 20 12 21 12.346     166.8
 2013 04 20 18 53  5.118     2013 04 20 18 53 24.022      18.9
188
 2013 04 20 15 31 14.157     2013 04 20 15 33 55.126     161.0
 2013 04 20 20 26 16.995     2013 04 20 20 29  7.293     170.3
189
 2013 04 20 10 31 41.278     2013 04 20 10 35 20.037     218.8
 2013 04 20 22 16  9.618     2013 04 20 22 18 26.964     137.3
190
 2013 04 20 12 13 56.019     2013 04 20 12 16 52.093     176.1
191
 2013 04 20 13 54 11.238     2013 04 20 13 56 50.555     159.3
 2013 04 20 20 28 40.697     2013 04 20 20 31 22.184     161.5
192
 2013 04 20 20 34 30.082     2013 04 20 20 37 57.014     206.9
193
 2013 04 20 12 18 22.352     2013 04 20 12 21 57.828     215.5
 2013 04 20 18 52 47.930     2013 04 20 18 56  7.212     199.3
194
 2013 04 20 12 20 57.875     2013 04 20 12 23 35.351     157.5
 2013 04 20 17 15 44.408     2013 04 20 17 15 55.916      11.5
 2013 04 20 18 54  2.471     2013 04 20 18 57 31.473     209.0
195
196
 2013 04 20 12 12 34.816     2013 04 20 12 15  9.434     154.6
 2013 04 20 22 11  9.583     2013 04 20 22 14 41.075     211.5
197
 2013 04 20 10 33  1.380     2013 04 20 10 36 31.693     210.3
198
 2013 04 20 13 47 47.620     2013 04 20 13 48 12.997      25.4
199
 2013 04 20 22 14 46.962     2013 04 20 22 16 15.005      88.0
200
 2013 04 20 10 38 32.393     2013 04 20 10 41 14.425     162.0
201
 2013 04 20 10 39 53.774     2013 04 20 10 43 33.231     219.5
202
 2013 04 20 13 54 37.928     2013 04 20 13 57 23.900     166.0
 2013 04 20 20 28 32.920     2013 04 20 20 31 14.124     161.2
203
 2013 04 20 20 39 53.571     2013 04 20 20 43 14.636     201.1
204
 2013 04 20 10 34 33.505     2013 04 20 10 37 16.935     163.4
205
 2013 04 20 15 27 43.771     2013 04 20 15 28 13.454      29.7
 2013 04 20 22 04 36.828     2013 04 20 22 07 43.990     187.2
206
 2013 04 20 13 53 55.766     2013 04 20 13 54 13.037      17.3
 2013 04 20 22 05 33.729     2013 04 20 22 08 18.272     164.5
207
 2013 04 20 12 15  3.000     2013 04 20 12 15  6.177       3.2
 2013 04 20 20 34  6.892     2013 04 20 20 36 45.432     158.5
208
 2013 04 20 10 36 38.043     2013 04 20 10 39 36.895     178.9
 2013 04 20 20 38 11.663     2013 04 20 20 40 54.097     162.4
209
 2013 04 20 00 12 38.096     2013 04 20 00 12 50.467      12.4
 2013 04 20 12 06 23.671     2013 04 20 12 09 21.809     178.1
210
 2013 04 20 10 36 14.019     2013 04 20 10 39 23.627     189.6
 2013 04 20 20 36 47.107     2013 04 20 20 39 36.521     169.4
211
 2013 04 20 12 17  2.338     2013 04 20 12 20  2.953     180.6
 2013 04 20 20 31 27.461     2013 04 20 20 34 29.414     182.0
212
213
 2013 04 20 12 19 22.848     2013 04 20 12 22 38.538     195.7
 2013 04 20 18 55 10.807     2013 04 20 18 57 54.238     163.4
214
 2013 04 20 10 39 14.875     2013 04 20 10 40 21.170      66.3
215
 2013 04 20 10 36 16.415     2013 04 20 10 39 50.857     214.4
 2013 04 20 20 36 26.580     2013 04 20 20 39 11.370     164.8
216
 2013 04 20 12 13 52.496     2013 04 20 12 16 35.798     163.3
217
 2013 04 20 22 16 12.047     2013 04 20 22 16 16.589       4.5
218
 2013 04 20 00 15 34.630     2013 04 20 00 16 27.153      52.5
219
 2013 04 20 15 29 43.945     2013 04 20 15 32 31.451     167.5
 2013 04 20 20 28 28.678     2013 04 20 20 28 34.113       5.4
 2013 04 20 22 02 55.119     2013 04 20 22 06  4.898     189.8
220
 2013 04 20 00 10  3.155     2013 04 20 00 13 38.932     215.8
221
 2013 04 20 10 36 45.029     2013 04 20 10 39 42.923     177.9
 2013 04 20 20 36 53.348     2013 04 20 20 39 28.926     155.6
222
 2013 04 20 00 13 26.963     2013 04 20 00 17 10.352     223.4
 2013 04 20 12 05 59.918     2013 04 20 12 08 40.129     160.2
223
 2013 04 20 00 11 22.200     2013 04 20 00 13 56.441     154.2
224
 2013 04 20 10 36 38.328     2013 04 20 10 39 14.895     156.6
 2013 04 20 20 37 52.335     2013 04 20 20 40 27.254     154.9
225
 2013 04 20 12 12 42.101     2013 04 20 12 15 22.440     160.3
 2013 04 20 22 11 13.070     2013 04 20 22 12  2.424      49.4
226
227
 2013 04 20 22 09 53.018     2013 04 20 22 13 20.391     207.4
228
 2013 04 20 20 39 42.664     2013 04 20 20 42 48.050     185.4
229
 2013 04 20 13 51 31.364     2013 04 20 13 54 37.844     186.5
 2013 04 20 22 05 58.591     2013 04 20 22 08 57.217     178.6
230
 2013 04 20 12 17 55.718     2013 04 20 12 21 39.338     223.6
 2013 04 20 18 52 23.379     2013 04 20 18 56 15.642     232.3
231
 2013 04 20 12 12 47.376     2013 04 20 12 15 22.030     154.7
 2013 04 20 22 10 56.122     2013 04 20 22 14 45.064     228.9
232
 2013 04 20 13 55 46.263     2013 04 20 13 58 25.675     159.4
 2013 04 20 18 50 32.497     2013 04 20 18 54  8.515     216.0
 2013 04 20 20 28 17.819     2013 04 20 20 30 16.215     118.4
233
 2013 04 20 10 42 44.805     2013 04 20 10 46   .417     195.6
 2013 04 20 18 56 22.961     2013 04 20 18 59 52.487     209.5
234
 2013 04 20 13 54 39.361     2013 04 20 13 57 16.796     157.4
 2013 04 20 20 28 52.779     2013 04 20 20 31 31.872     159.1
235
 2013 04 20 10 37 22.298     2013 04 20 10 40 18.990     176.7
 2013 04 20 20 36 34.375     2013 04 20 20 39 20.508     166.1
236
237
 2013 04 20 13 50 54.733     2013 04 20 13 54 41.955     227.2
 2013 04 20 22 05 41.178     2013 04 20 22 08 23.162     162.0
238
239
 2013 04 20 18 56 17.627     2013 04 20 18 58 54.608     157.0
240
 2013 04 20 13 53  8.646     2013 04 20 13 56 41.646     213.0
 2013 04 20 20 29 29.999     2013 04 20 20 32 57.779     207.8
241
 2013 04 20 20 37 56.127     2013 04 20 20 38 16.603      20.5
242
 2013 04 20 13 51  4.233     2013 04 20 13 53 41.316     157.1
 2013 04 20 22 07 12.447     2013 04 20 22 09 50.040     157.6
243
 2013 04 20 12 09 47.645     2013 04 20 12 13 20.817     213.2
 2013 04 20 22 13 28.312     2013 04 20 22 14 47.067      78.8
244
 2013 04 20 13 50 54.195     2013 04 20 13 53 45.167     171.0
 2013 04 20 22 07 35.929     2013 04 20 22 10 13.734     157.8
245
 2013 04 20 10 39 28.971     2013 04 20 10 42  5.148     156.2
246
 2013 04 20 13 49  4.301     2013 04 20 13 49 33.133      28.8
 2013 04 20 22 08 27.213     2013 04 20 22 11 37.679     190.5
247
 2013 04 20 15 29 19.814     2013 04 20 15 32 13.053     173.2
 2013 04 20 22 04  4.531     2013 04 20 22 06 47.583     163.1
248
 2013 04 20 10 33 48.298     2013 04 20 10 34  9.878      21.6
 2013 04 20 20 39 20.222     2013 04 20 20 43  6.617     226.4
249
 2013 04 20 12 18 22.142     2013 04 20 12 20 58.736     156.6
250
 2013 04 20 13 47 58.671     2013 04 20 13 51 28.802     210.1
251
 2013 04 20 12 13 28.132     2013 04 20 12 16 25.416     177.3
252
 2013 04 20 12 13 15.408     2013 04 20 12 16 47.791     212.4
253
 2013 04 20 10 38 22.641     2013 04 20 10 40 59.262     156.6
 2013 04 20 20 36 19.091     2013 04 20 20 36 25.193       6.1
254
255
 2013 04 20 13 54 45.399     2013 04 20 13 57 43.423     178.0
 2013 04 20 20 29 34.968     2013 04 20 20 32 18.917     163.9
256
 2013 04 20 12 20  2.926     2013 04 20 12 23 51.519     228.6
 2013 04 20 18 55 34.676     2013 04 20 18 58 28.096     173.4
257
 2013 04 20 12 12  5.424     2013 04 20 12 14 51.389     166.0
 2013 04 20 22 11 55.120     2013 04 20 22 15 15.009     199.9
258
 2013 04 20 10 38   .832     2013 04 20 10 39 58.843     118.0
259
 2013 04 20 12 16 12.746     2013 04 20 12 19 40.686     207.9
 2013 04 20 20 31 25.085     2013 04 20 20 34  2.125     157.0
260
 2013 04 20 15 30 21.223     2013 04 20 15 32 59.002     157.8
 2013 04 20 20 25 15.086     2013 04 20 20 29  3.331     228.2
 2013 04 20 22 03 10.314     2013 04 20 22 07   .923     230.6
261
262
 2013 04 20 22 16 33.964     2013 04 20 22 19 11.382     157.4
263
 2013 04 20 20 33 10.053     2013 04 20 20 33  9.424       -.6
264
 2013 04 20 10 31 32.350     2013 04 20 10 34  7.801     155.5
 2013 04 20 22 17 41.003     2013 04 20 22 18 18.234      37.2
265
 2013 04 20 10 37  9.004     2013 04 20 10 40 42.717     213.7
 2013 04 20 20 37 45.294     2013 04 20 20 41 31.218     225.9
266
 2013 04 20 00 09  9.654     2013 04 20 00 12  9.767     180.1
 2013 04 20 13 45 28.367     2013 04 20 13 49  4.029     215.7
267
 2013 04 20 12 16 21.175     2013 04 20 12 19 42.123     200.9
 2013 04 20 20 31 28.568     2013 04 20 20 34  6.706     158.1
268
 2013 04 20 12 08 34.691     2013 04 20 12 11  9.312     154.6
269
 2013 04 20 15 29 46.316     2013 04 20 15 32 31.881     165.6
 2013 04 20 22 03 47.704     2013 04 20 22 06 51.518     183.8
270
 2013 04 20 00 12 46.009     2013 04 20 00 16  8.507     202.5
271
 2013 04 20 00 09 26.260     2013 04 20 00 12   .793     154.5
 2013 04 20 13 44 56.749     2013 04 20 13 48 11.854     195.1
272
 2013 04 20 22 09 27.545     2013 04 20 22 12 49.798     202.3
273
 2013 04 20 22 16 27.204     2013 04 20 22 19 36.143     188.9
274
 2013 04 20 12 06 48.876     2013 04 20 12 09 47.688     178.8
275
 2013 04 20 22 07 40.960     2013 04 20 22 08 24.836      43.9
276
 2013 04 20 12 09 22.770     2013 04 20 12 12 41.390     198.6
277
 2013 04 20 20 39 45.176     2013 04 20 20 42 39.693     174.5
278
 2013 04 20 12 15 52.660     2013 04 20 12 19 21.479     208.8
 2013 04 20 20 31 26.297     2013 04 20 20 34  6.673     160.4
279
 2013 04 20 15 31 13.292     2013 04 20 15 34 17.679     184.4
 2013 04 20 20 26 45.548     2013 04 20 20 29 38.285     172.7
280
 2013 04 20 10 37 17.554     2013 04 20 10 39 52.494     154.9
 2013 04 20 20 37 12.200     2013 04 20 20 39 57.880     165.7
281
 2013 04 20 13 53 23.081     2013 04 20 13 53 38.823      15.7
 2013 04 20 20 30 14.821     2013 04 20 20 33  6.003     171.2
282
 2013 04 20 20 39 11.600     2013 04 20 20 41 58.050     166.4
283
 2013 04 20 12 08 28.265     2013 04 20 12 11  1.841     153.6
284
 2013 04 20 22 15 45.595     2013 04 20 22 18 21.298     155.7
285
 2013 04 20 10 40 13.805     2013 04 20 10 42 49.618     155.8
286
 2013 04 20 13 48 30.919     2013 04 20 13 52   .285     209.4
287
 2013 04 20 13 47 56.299     2013 04 20 13 50 31.797     155.5
288
 2013 04 20 13 52  7.431     2013 04 20 13 55  7.529     180.1
 2013 04 20 22 05 36.535     2013 04 20 22 09 19.088     222.6
289
 2013 04 20 12 18 15.359     2013 04 20 12 21 38.535     203.2
 2013 04 20 18 52 44.035     2013 04 20 18 56 24.277     220.2
290
 2013 04 20 13 50 40.585     2013 04 20 13 50 44.710       4.1
 2013 04 20 22 08 14.747     2013 04 20 22 11 22.637     187.9
291
 2013 04 20 13 55 31.234     2013 04 20 13 58 25.720     174.5
 2013 04 20 20 29 12.600     2013 04 20 20 32 45.807     213.2
292
 2013 04 20 15 29 30.037     2013 04 20 15 32 43.981     193.9
 2013 04 20 22 04 17.977     2013 04 20 22 07 15.683     177.7
293
 2013 04 20 12 07 43.124     2013 04 20 12 11 19.799     216.7
294
 2013 04 20 00 12 13.109     2013 04 20 00 15 29.150     196.0
295
 2013 04 20 15 29 58.183     2013 04 20 15 32 35.444     157.3
 2013 04 20 22 03 18.041     2013 04 20 22 06 35.201     197.2
296
 2013 04 20 12 20 25.328     2013 04 20 12 23 20.521     175.2
 2013 04 20 18 53 40.274     2013 04 20 18 56 43.940     183.7
297
 2013 04 20 12 09  7.025     2013 04 20 12 11 52.426     165.4
298
 2013 04 20 00 14  4.054     2013 04 20 00 17  4.359     180.3
 2013 04 20 12 05 22.633     2013 04 20 12 08  4.609     162.0
299
300
 2013 04 20 10 38  6.810     2013 04 20 10 41 12.727     185.9
 2013 04 20 20 35 43.338     2013 04 20 20 39 16.545     213.2
301
 2013 04 20 10 38 22.153     2013 04 20 10 40 57.164     155.0
 2013 04 20 20 36 10.070     2013 04 20 20 37  1.126      51.1
302
 2013 04 20 13 53 18.817     2013 04 20 13 56  6.961     168.1
 2013 04 20 20 27 55.945     2013 04 20 20 31 24.855     208.9
303
304
 2013 04 20 20 30 42.869     2013 04 20 20 33 24.280     161.4
305
 2013 04 20 13 54 33.703     2013 04 20 13 57 31.197     177.5
 2013 04 20 20 28 19.223     2013 04 20 20 31  2.116     162.9
306
 2013 04 20 22 15 46.909     2013 04 20 22 18 42.230     175.3
307
 2013 04 20 12 07 59.716     2013 04 20 12 10 37.735     158.0
308
309
 2013 04 20 22 04 41.417     2013 04 20 22 04 49.383       8.0
310
 2013 04 20 13 55 56.415     2013 04 20 13 58 36.976     160.6
 2013 04 20 18 50 58.354     2013 04 20 18 54 37.514     219.2
 2013 04 20 20 28 38.741     2013 04 20 20 29 10.031      31.3
311
 2013 04 20 00 15 36.845     2013 04 20 00 15 53.381      16.5
312
 2013 04 20 10 33   .428     2013 04 20 10 36   .682     180.3
313
 2013 04 20 10 36  6.786     2013 04 20 10 39 19.881     193.1
 2013 04 20 20 38 36.287     2013 04 20 20 41 11.616     155.3
314
 2013 04 20 12 18 23.491     2013 04 20 12 22 14.354     230.9
 2013 04 20 18 55  4.278     2013 04 20 18 58 36.925     212.6
315
 2013 04 20 00 11 26.938     2013 04 20 00 14  2.522     155.6
316
 2013 04 20 13 54 30.997     2013 04 20 13 57 12.368     161.4
 2013 04 20 20 28 40.724     2013 04 20 20 31 18.740     158.0
317
 2013 04 20 13 48 35.357     2013 04 20 13 49  4.041      28.7
318
319
 2013 04 20 10 40 37.912     2013 04 20 10 43 31.684     173.8
 2013 04 20 18 57  3.320     2013 04 20 19 00 38.147     214.8
320
 2013 04 20 15 29 18.199     2013 04 20 15 31 57.578     159.4
 2013 04 20 22 03 44.274     2013 04 20 22 06 24.512     160.2
321
 2013 04 20 22 15 58.964     2013 04 20 22 18 40.602     161.6
322
 2013 04 20 13 54 19.429     2013 04 20 13 57 49.963     210.5
 2013 04 20 15 32  7.596     2013 04 20 15 35 57.890     230.3
 2013 04 20 20 27 51.927     2013 04 20 20 30 38.472     166.5
323
 2013 04 20 12 17 52.844     2013 04 20 12 18  4.699      11.9
 2013 04 20 18 58 34.419     2013 04 20 18 59  4.392      30.0
324
 2013 04 20 00 09 24.602     2013 04 20 00 12  6.484     161.9
 2013 04 20 13 44 39.190     2013 04 20 13 47 44.330     185.1
325
 2013 04 20 22 17 15.656     2013 04 20 22 20 28.418     192.8
326
 2013 04 20 10 34  5.242     2013 04 20 10 37  6.917     181.7
327
 2013 04 20 15 30  2.124     2013 04 20 15 33 46.889     224.8
 2013 04 20 22 04 14.076     2013 04 20 22 05 13.771      59.7
328
 2013 04 20 00 12 20.360     2013 04 20 00 15  9.340     169.0
329
 2013 04 20 20 30 18.160     2013 04 20 20 33 17.048     178.9
330
 2013 04 20 13 52 46.094     2013 04 20 13 56  6.580     200.5
 2013 04 20 20 27 15.342     2013 04 20 20 31  3.782     228.4
331
 2013 04 20 13 54 48.575     2013 04 20 13 57 31.178     162.6
 2013 04 20 20 29 16.297     2013 04 20 20 31 59.057     162.8
332
 2013 04 20 10 40   .379     2013 04 20 10 43  7.199     186.8
333
 2013 04 20 20 39 17.636     2013 04 20 20 42 33.035     195.4
334
 2013 04 20 13 48 49.380     2013 04 20 13 51 27.106     157.7
335
 2013 04 20 00 11 56.495     2013 04 20 00 14 34.714     158.2
336
 2013 04 20 10 39 38.663     2013 04 20 10 42 43.066     184.4
337
338
 2013 04 20 10 36 57.581     2013 04 20 10 40 13.083     195.5
 2013 04 20 20 36 30.686     2013 04 20 20 39  6.817     156.1
339
 2013 04 20 22 14 23.681     2013 04 20 22 15 51.231      87.5
340
 2013 04 20 12 20 13.889     2013 04 20 12 23 17.102     183.2
 2013 04 20 18 55  4.608     2013 04 20 18 57 51.725     167.1
341
 2013 04 20 20 30 17.084     2013 04 20 20 33 11.388     174.3
342
 2013 04 20 12 18  9.170     2013 04 20 12 20 52.327     163.2
343
 2013 04 20 12 15 42.367     2013 04 20 12 18 36.256     173.9
 2013 04 20 20 31 51.098     2013 04 20 20 34 47.856     176.8
344
 2013 04 20 12 13 10.538     2013 04 20 12 15 13.438     122.9
345
 2013 04 20 12 18 56.803     2013 04 20 12 21 45.199     168.4
 2013 04 20 18 54 22.379     2013 04 20 18 57 43.667     201.3
346
 2013 04 20 13 49 21.141     2013 04 20 13 51 56.332     155.2
347
 2013 04 20 13 49 38.224     2013 04 20 13 52 52.094     193.9
 2013 04 20 22 05 52.973     2013 04 20 22 09 29.605     216.6
348
 2013 04 20 13 49  1.611     2013 04 20 13 52  2.165     180.6
 2013 04 20 22 11 32.609     2013 04 20 22 11 33.535        .9
349
 2013 04 20 13 51  7.239     2013 04 20 13 54  7.917     180.7
 2013 04 20 22 06 17.834     2013 04 20 22 08 57.464     159.6
350
 2013 04 20 12 17 23.061     2013 04 20 12 21 13.930     230.9
351
 2013 04 20 20 38 43.342     2013 04 20 20 42  3.670     200.3
352
353
 2013 04 20 12 15 35.819     2013 04 20 12 18 14.522     158.7
 2013 04 20 20 32  9.184     2013 04 20 20 35 17.014     187.8
354
 2013 04 20 22 09  1.722     2013 04 20 22 11  7.698     126.0
355
 2013 04 20 12 08 56.319     2013 04 20 12 08 58.167       1.8
356
 2013 04 20 20 33 35.084     2013 04 20 20 33 39.920       4.8
357
 2013 04 20 12 20  1.202     2013 04 20 12 23 30.415     209.2
 2013 04 20 18 55 24.896     2013 04 20 18 58 10.406     165.5
358
 2013 04 20 12 18 44.187     2013 04 20 12 22 31.811     227.6
 2013 04 20 18 55 17.692     2013 04 20 18 58 24.111     186.4
359
 2013 04 20 00 10 21.951     2013 04 20 00 13  2.328     160.4
360
 2013 04 20 10 34  2.568     2013 04 20 10 36 36.892     154.3
361
 2013 04 20 10 36 20.094     2013 04 20 10 38 57.263     157.2
 2013 04 20 20 37 59.911     2013 04 20 20 40 37.496     157.6
362
 2013 04 20 22 17  4.020     2013 04 20 22 19 38.142     154.1
363
 2013 04 20 12 08 47.335     2013 04 20 12 11 46.841     179.5
364
 2013 04 20 12 17 53.358     2013 04 20 12 20 29.867     156.5
 2013 04 20 20 31 32.306     2013 04 20 20 31 54.636      22.3
365
 2013 04 20 12 18 22.313     2013 04 20 12 21 30.876     188.6
 2013 04 20 18 57 33.642     2013 04 20 18 58 21.207      47.6
366
 2013 04 20 12 09 17.911     2013 04 20 12 12 15.602     177.7
367
 2013 04 20 12 21 34.737     2013 04 20 12 24 17.565     162.8
 2013 04 20 17 16 42.017     2013 04 20 17 20  5.537     203.5
368
 2013 04 20 00 11 52.065     2013 04 20 00 15 23.294     211.2
369
 2013 04 20 10 35  5.851     2013 04 20 10 38 15.366     189.5
 2013 04 20 20 38 43.356     2013 04 20 20 41 51.272     187.9
370
 2013 04 20 13 55 41.329     2013 04 20 13 58 19.426     158.1
 2013 04 20 18 50 35.173     2013 04 20 18 51 29.660      54.5
 2013 04 20 20 28 41.742     2013 04 20 20 32 23.152     221.4
371
 2013 04 20 13 48 45.811     2013 04 20 13 51 59.966     194.2
372
 2013 04 20 12 15  1.396     2013 04 20 12 18  9.515     188.1
 2013 04 20 20 33 11.108     2013 04 20 20 36 28.301     197.2
373
 2013 04 20 20 30  5.689     2013 04 20 20 33 25.257     199.6
374
 2013 04 20 12 10 26.308     2013 04 20 12 13   .808     154.5
 2013 04 20 22 12 11.043     2013 04 20 22 15 17.622     186.6
375
376
377
 2013 04 20 12 17 34.593     2013 04 20 12 20 33.423     178.8
 2013 04 20 20 31  2.685     2013 04 20 20 34 46.713     224.0
378
 2013 04 20 13 53 27.881     2013 04 20 13 54 19.714      51.8
 2013 04 20 20 30  9.944     2013 04 20 20 33   .462     170.5
379
 2013 04 20 22 10 17.161     2013 04 20 22 13   .832     163.7
380
 2013 04 20 13 53 33.075     2013 04 20 13 56 16.047     163.0
 2013 04 20 20 28 49.043     2013 04 20 20 32 10.011     201.0
381
 2013 04 20 13 49 24.131     2013 04 20 13 52 12.105     168.0
 2013 04 20 22 07 11.601     2013 04 20 22 07 39.747      28.1
382
 2013 04 20 10 33 11.480     2013 04 20 10 35 44.661     153.2
383
 2013 04 20 12 18 19.351     2013 04 20 12 20 55.856     156.5
384
 2013 04 20 00 11 44.743     2013 04 20 00 14 20.507     155.8
385
 2013 04 20 13 54 45.092     2013 04 20 13 57 29.982     164.9
 2013 04 20 20 29 20.392     2013 04 20 20 32  1.689     161.3
386
387
 2013 04 20 10 42 51.106     2013 04 20 10 43  5.019      13.9
388
 2013 04 20 12 15 48.191     2013 04 20 12 18 24.497     156.3
 2013 04 20 20 32 36.551     2013 04 20 20 35 28.502     172.0
389
 2013 04 20 22 16 29.558     2013 04 20 22 19 20.637     171.1
390
 2013 04 20 12 17 19.578     2013 04 20 12 20 12.466     172.9
 2013 04 20 20 31 23.827     2013 04 20 20 34 43.582     199.8
391
 2013 04 20 12 17 19.404     2013 04 20 12 19 55.889     156.5
 2013 04 20 20 32  5.075     2013 04 20 20 35 23.155     198.1
392
 2013 04 20 22 15 36.973     2013 04 20 22 18 12.248     155.3
393
 2013 04 20 12 19 13.121     2013 04 20 12 22 17.494     184.4
 2013 04 20 18 53 31.875     2013 04 20 18 56 17.634     165.8
394
 2013 04 20 10 31  1.826     2013 04 20 10 33 42.287     160.5
 2013 04 20 22 18 18.491     2013 04 20 22 21 51.940     213.4
395
 2013 04 20 13 48 26.365     2013 04 20 13 51 14.274     167.9
396
 2013 04 20 10 38 16.726     2013 04 20 10 38 23.493       6.8
397
 2013 04 20 12 18 36.321     2013 04 20 12 21 14.115     157.8
 2013 04 20 18 53 42.151     2013 04 20 18 54 16.935      34.8
398
399
 2013 04 20 00 11 33.491     2013 04 20 00 14  8.428     154.9
400
 2013 04 20 12 13 57.152     2013 04 20 12 14  1.145       4.0
 2013 04 20 22 10 26.718     2013 04 20 22 14  9.129     222.4
401
 2013 04 20 12 07 34.832     2013 04 20 12 10 10.033     155.2
402
 2013 04 20 12 15 44.406     2013 04 20 12 18 32.289     167.9
 2013 04 20 20 31 58.084     2013 04 20 20 34 54.560     176.5
403
 2013 04 20 10 38 54.699     2013 04 20 10 42 12.526     197.8
404
 2013 04 20 22 15 20.875     2013 04 20 22 18 15.720     174.8
405
 2013 04 20 10 35 16.436     2013 04 20 10 38  2.805     166.4
 2013 04 20 20 38 16.549     2013 04 20 20 41 37.535     201.0
406
 2013 04 20 12 12 51.607     2013 04 20 12 15 26.386     154.8
 2013 04 20 22 10 50.703     2013 04 20 22 12 11.775      81.1
407
408
 2013 04 20 10 39 31.660     2013 04 20 10 42 10.419     158.8
409
410
 2013 04 20 20 40  4.290     2013 04 20 20 43 38.316     214.0
411
 2013 04 20 12 20  2.126     2013 04 20 12 22 48.699     166.6
 2013 04 20 18 54 49.129     2013 04 20 18 57 27.460     158.3
412
 2013 04 20 12 11 29.670     2013 04 20 12 15 11.166     221.5
 2013 04 20 22 12 33.134     2013 04 20 22 16  9.027     215.9
413
 2013 04 20 12 09 26.608     2013 04 20 12 12 11.008     164.4
 2013 04 20 22 15 27.786     2013 04 20 22 16 37.340      69.6
414
 2013 04 20 12 13 27.828     2013 04 20 12 13 39.681      11.9
415
 2013 04 20 00 09 52.486     2013 04 20 00 12 32.998     160.5
 2013 04 20 13 44 37.247     2013 04 20 13 44 57.125      19.9
416
 2013 04 20 12 15 57.703     2013 04 20 12 18 40.256     162.6
 2013 04 20 20 32  8.694     2013 04 20 20 34 54.924     166.2
417
 2013 04 20 13 48 33.447     2013 04 20 13 51  9.902     156.5
418
 2013 04 20 12 10 21.318     2013 04 20 12 11 13.422      52.1
419
 2013 04 20 00 12 15.661     2013 04 20 00 15 20.658     185.0
420
 2013 04 20 12 07 11.567     2013 04 20 12 07 45.457      33.9
421
 2013 04 20 10 40 18.331     2013 04 20 10 43 25.009     186.7
 2013 04 20 18 56 41.896     2013 04 20 18 56 49.419       7.5
422
 2013 04 20 10 45 50.140     2013 04 20 10 46  8.457      18.3
 2013 04 20 18 56  7.032     2013 04 20 18 59  5.827     178.8
423
 2013 04 20 12 19  8.467     2013 04 20 12 22 12.490     184.0
 2013 04 20 18 54 51.113     2013 04 20 18 57 50.640     179.5
424
 2013 04 20 12 07 23.277     2013 04 20 12 10  7.083     163.8
425
 2013 04 20 22 13 57.878     2013 04 20 22 15 54.697     116.8
426
 2013 04 20 12 08 56.848     2013 04 20 12 09 18.748      21.9
 2013 04 20 22 14  1.072     2013 04 20 22 17  5.261     184.2
427
 2013 04 20 10 36 14.967     2013 04 20 10 37 43.452      88.5
 2013 04 20 20 38 38.159     2013 04 20 20 41 36.459     178.3
428
 2013 04 20 13 48 59.530     2013 04 20 13 52 30.084     210.6
429
 2013 04 20 10 35  8.826     2013 04 20 10 37 42.632     153.8
 2013 04 20 20 40 26.793     2013 04 20 20 41 36.310      69.5
430
431
 2013 04 20 13 52 41.071     2013 04 20 13 55 46.814     185.7
 2013 04 20 20 31 11.219     2013 04 20 20 31 25.410      14.2
432
 2013 04 20 08 56 56.733     2013 04 20 09 00 37.824     221.1
 2013 04 20 20 41 45.077     2013 04 20 20 45 19.454     214.4
433
 2013 04 20 10 37 28.217     2013 04 20 10 38 47.544      79.3
434
 2013 04 20 12 20 38.997     2013 04 20 12 23 26.787     167.8
 2013 04 20 17 15 16.307     2013 04 20 17 15 17.518       1.2
 2013 04 20 18 53 44.712     2013 04 20 18 56 59.055     194.3
435
 2013 04 20 20 42  6.374     2013 04 20 20 44 40.398     154.0
436
 2013 04 20 12 14 51.089     2013 04 20 12 16  4.170      73.1
 2013 04 20 22 10  1.873     2013 04 20 22 13  8.294     186.4
437
438
 2013 04 20 22 16  7.221     2013 04 20 22 19  4.002     176.8
439
 2013 04 20 20 33 19.273     2013 04 20 20 33 27.791       8.5
440
 2013 04 20 12 12 15.957     2013 04 20 12 13 26.190      70.2
 2013 04 20 22 14 30.719     2013 04 20 22 14 44.846      14.1
441
 2013 04 20 10 38 11.065     2013 04 20 10 41 31.102     200.0
442
 2013 04 20 12 19 23.500     2013 04 20 12 22 35.001     191.5
 2013 04 20 18 53 31.323     2013 04 20 18 56 10.155     158.8
443
 2013 04 20 10 42 24.469     2013 04 20 10 45 10.865     166.4
 2013 04 20 18 57 14.363     2013 04 20 19 00  8.180     173.8
444
445
 2013 04 20 12 12 16.108     2013 04 20 12 15  7.436     171.3
 2013 04 20 22 10 58.590     2013 04 20 22 14  1.314     182.7
446
447
 2013 04 20 10 35  1.419     2013 04 20 10 37 54.127     172.7
 2013 04 20 20 38 22.732     2013 04 20 20 41 54.478     211.7
448
 2013 04 20 10 36 11.748     2013 04 20 10 38 59.111     167.4
 2013 04 20 20 38 16.831     2013 04 20 20 40 53.097     156.3
449
 2013 04 20 00 08 39.718     2013 04 20 00 11 19.531     159.8
 2013 04 20 13 45 48.152     2013 04 20 13 48 30.983     162.8
450
451
 2013 04 20 12 18 35.668     2013 04 20 12 21 12.500     156.8
 2013 04 20 18 53 29.465     2013 04 20 18 54 13.556      44.1
452
453
 2013 04 20 12 19 30.501     2013 04 20 12 19 40.981      10.5
 2013 04 20 20 30 58.270     2013 04 20 20 33 42.344     164.1
454
 2013 04 20 15 29 52.432     2013 04 20 15 32 57.740     185.3
 2013 04 20 17 07 28.901     2013 04 20 17 11 22.832     233.9
 2013 04 20 20 24 32.180     2013 04 20 20 28  5.814     213.6
 2013 04 20 22 02 25.703     2013 04 20 22 06  2.728     217.0
455
 2013 04 20 22 08 42.643     2013 04 20 22 12  4.713     202.1
456
 2013 04 20 20 35  1.021     2013 04 20 20 38 34.710     213.7
457
 2013 04 20 15 29 41.465     2013 04 20 15 32 19.809     158.3
 2013 04 20 22 03 35.392     2013 04 20 22 06 32.226     176.8
458
 2013 04 20 22 09 29.787     2013 04 20 22 12  5.527     155.7
459
 2013 04 20 15 29 37.691     2013 04 20 15 32 19.652     162.0
 2013 04 20 22 03 45.584     2013 04 20 22 06 39.396     173.8
460
 2013 04 20 13 54 49.091     2013 04 20 13 58 12.568     203.5
 2013 04 20 20 29 51.885     2013 04 20 20 32 46.719     174.8
461
 2013 04 20 13 50 44.802     2013 04 20 13 50 56.976      12.2
 2013 04 20 22 08 11.151     2013 04 20 22 11 22.007     190.9
462
 2013 04 20 10 38 48.711     2013 04 20 10 39 33.759      45.0
463
 2013 04 20 20 39 23.955     2013 04 20 20 39 38.461      14.5
464
 2013 04 20 12 15 43.679     2013 04 20 12 18 57.848     194.2
 2013 04 20 20 31 35.175     2013 04 20 20 34 24.577     169.4
465
 2013 04 20 13 51 17.776     2013 04 20 13 54 21.234     183.5
 2013 04 20 22 07 31.391     2013 04 20 22 10 31.424     180.0
466
 2013 04 20 12 13 57.409     2013 04 20 12 16 40.722     163.3
467
 2013 04 20 15 30 39.551     2013 04 20 15 33 17.170     157.6
 2013 04 20 20 25 31.187     2013 04 20 20 28 48.802     197.6
468
 2013 04 20 13 49 19.601     2013 04 20 13 51 58.834     159.2
469
 2013 04 20 12 13 24.456     2013 04 20 12 16 47.803     203.3
470
 2013 04 20 10 34  1.645     2013 04 20 10 36 54.614     173.0
471
 2013 04 20 12 10 53.839     2013 04 20 12 13 30.242     156.4
 2013 04 20 22 12 32.300     2013 04 20 22 15 10.501     158.2
472
 2013 04 20 13 46 21.268     2013 04 20 13 47 24.418      63.2
473
474
 2013 04 20 00 09 20.682     2013 04 20 00 11 58.703     158.0
 2013 04 20 13 44 49.613     2013 04 20 13 47 52.213     182.6
475
 2013 04 20 13 49 22.938     2013 04 20 13 52  1.258     158.3
476
 2013 04 20 12 09  4.074     2013 04 20 12 11 54.822     170.7
477
 2013 04 20 12 20   .349     2013 04 20 12 22 37.541     157.2
 2013 04 20 18 54 26.903     2013 04 20 18 57  4.655     157.8
478
 2013 04 20 13 48 53.648     2013 04 20 13 51 30.749     157.1
479
 2013 04 20 10 39  7.734     2013 04 20 10 42 41.638     213.9
480
 2013 04 20 22 14 16.013     2013 04 20 22 17 22.942     186.9
481
 2013 04 20 10 33 20.657     2013 04 20 10 36 50.704     210.0
482
 2013 04 20 10 34 47.285     2013 04 20 10 38 26.512     219.2
 2013 04 20 20 39  7.871     2013 04 20 20 42  9.347     181.5
483
 2013 04 20 00 11  3.344     2013 04 20 00 11  4.434       1.1
484
 2013 04 20 12 10 21.349     2013 04 20 12 11 18.929      57.6
485
 2013 04 20 12 08 49.058     2013 04 20 12 09 46.665      57.6
 2013 04 20 22 13 51.986     2013 04 20 22 17 13.857     201.9
486
 2013 04 20 12 14 39.610     2013 04 20 12 17 59.152     199.5
 2013 04 20 20 34 58.936     2013 04 20 20 35 13.002      14.1
487
 2013 04 20 12 17 14.095     2013 04 20 12 21  5.071     231.0
 2013 04 20 20 30 24.864     2013 04 20 20 34  6.894     222.0
488
 2013 04 20 20 39 41.975     2013 04 20 20 42 16.787     154.8
489
 2013 04 20 20 30 34.161     2013 04 20 20 33 23.917     169.8
490
 2013 04 20 20 37 16.563     2013 04 20 20 38  9.344      52.8
491
 2013 04 20 15 31 56.771     2013 04 20 15 35 13.937     197.2
 2013 04 20 20 27 23.797     2013 04 20 20 30  2.992     159.2
492
 2013 04 20 12 17 22.632     2013 04 20 12 20 50.905     208.3
 2013 04 20 20 30 40.159     2013 04 20 20 34 21.955     221.8
493
 2013 04 20 20 30  7.750     2013 04 20 20 33 24.617     196.9
494
 2013 04 20 22 08 52.495     2013 04 20 22 12 20.392     207.9
495
 2013 04 20 12 10 18.549     2013 04 20 12 13 24.012     185.5
 2013 04 20 22 11 22.119     2013 04 20 22 14 41.800     199.7
496
 2013 04 20 20 29 53.247     2013 04 20 20 30 43.280      50.0
497
 2013 04 20 00 12 49.503     2013 04 20 00 15 42.888     173.4
498
 2013 04 20 10 39 52.863     2013 04 20 10 42 51.662     178.8
499
 2013 04 20 12 15 50.539     2013 04 20 12 18 30.817     160.3
 2013 04 20 20 32 49.024     2013 04 20 20 35 35.774     166.8
500
501
 2013 04 20 12 09 41.816     2013 04 20 12 13 19.632     217.8
 2013 04 20 22 13 41.046     2013 04 20 22 16 26.428     165.4
502
 2013 04 20 12 16  3.107     2013 04 20 12 19 21.454     198.3
 2013 04 20 20 33 25.896     2013 04 20 20 36  3.967     158.1
503
 2013 04 20 12 12 10.623     2013 04 20 12 15 30.345     199.7
 2013 04 20 22 11 50.251     2013 04 20 22 12  9.404      19.2
504
 2013 04 20 10 39 58.757     2013 04 20 10 43 36.527     217.8
 2013 04 20 19 00 10.569     2013 04 20 19 00 25.739      15.2
505
 2013 04 20 12 14 15.810     2013 04 20 12 16 51.530     155.7
506
 2013 04 20 22 05 25.221     2013 04 20 22 08  3.246     158.0
507
 2013 04 20 10 42 21.822     2013 04 20 10 42 41.585      19.8
508
 2013 04 20 20 33 58.000     2013 04 20 20 36 47.321     169.3
509
 2013 04 20 13 55 16.504     2013 04 20 13 57 57.456     161.0
 2013 04 20 20 29  4.153     2013 04 20 20 32 11.550     187.4
510
 2013 04 20 00 10 34.147     2013 04 20 00 13 49.622     195.5
511
512
 2013 04 20 10 41  6.106     2013 04 20 10 41 43.566      37.5
 2013 04 20 18 56 36.164     2013 04 20 18 59 18.126     162.0
513
 2013 04 20 10 38   .880     2013 04 20 10 41 42.426     221.5
 2013 04 20 20 35 14.206     2013 04 20 20 38 47.676     213.5
514
 2013 04 20 13 49 20.728     2013 04 20 13 52  2.157     161.4
515
 2013 04 20 12 22  1.257     2013 04 20 12 24 39.436     158.2
 2013 04 20 17 16 57.815     2013 04 20 17 19 49.242     171.4
516
517
 2013 04 20 20 30 12.614     2013 04 20 20 33 23.622     191.0
518
 2013 04 20 12 13 36.330     2013 04 20 12 14 15.096      38.8
 2013 04 20 22 10 39.909     2013 04 20 22 13 53.120     193.2
519
 2013 04 20 18 55 35.223     2013 04 20 18 55 57.517      22.3
520
 2013 04 20 09 00 35.711     2013 04 20 09 00 45.242       9.5
 2013 04 20 20 41 42.956     2013 04 20 20 44 56.124     193.2
521
 2013 04 20 10 32  6.826     2013 04 20 10 33 59.026     112.2
522
 2013 04 20 13 48 33.382     2013 04 20 13 50 43.393     130.0
 2013 04 20 22 11 49.218     2013 04 20 22 12  6.194      17.0
523
 2013 04 20 12 10 54.971     2013 04 20 12 13 29.443     154.5
 2013 04 20 22 12 25.060     2013 04 20 22 15  4.564     159.5
524
 2013 04 20 00 11 53.950     2013 04 20 00 14 41.432     167.5
525
 2013 04 20 10 36  1.024     2013 04 20 10 39 11.765     190.7
 2013 04 20 20 38 37.747     2013 04 20 20 41 12.439     154.7
526
 2013 04 20 12 07  1.176     2013 04 20 12 10  9.438     188.3
527
 2013 04 20 20 40 32.383     2013 04 20 20 43 45.578     193.2
528
 2013 04 20 22 17  6.216     2013 04 20 22 19 52.878     166.7
529
 2013 04 20 12 09 13.769     2013 04 20 12 11 51.230     157.5
530
 2013 04 20 22 13  4.927     2013 04 20 22 13 57.805      52.9
531
532
 2013 04 20 20 39 55.500     2013 04 20 20 42 36.069     160.6
533
 2013 04 20 12 10 19.778     2013 04 20 12 13 16.098     176.3
 2013 04 20 22 13  5.051     2013 04 20 22 15 48.929     163.9
534
 2013 04 20 10 37 28.795     2013 04 20 10 41   .843     212.0
 2013 04 20 20 35 54.034     2013 04 20 20 38 49.421     175.4
535
 2013 04 20 12 14 27.708     2013 04 20 12 17  8.124     160.4
536
 2013 04 20 12 21 53.572     2013 04 20 12 24 32.232     158.7
 2013 04 20 17 16 52.789     2013 04 20 17 19 51.647     178.9
537
538
 2013 04 20 12 06 56.488     2013 04 20 12 09 47.922     171.4
539
 2013 04 20 12 07 37.349     2013 04 20 12 10 14.074     156.7
540
 2013 04 20 12 19 43.711     2013 04 20 12 22   .996     137.3
 2013 04 20 18 55 41.593     2013 04 20 18 58 22.811     161.2
541
 2013 04 20 12 16  4.363     2013 04 20 12 16 32.496      28.1
 2013 04 20 22 09 34.730     2013 04 20 22 13  4.620     209.9
542
 2013 04 20 13 48 50.372     2013 04 20 13 51 25.423     155.1
543
 2013 04 20 10 35  9.851     2013 04 20 10 37 51.013     161.2
 2013 04 20 20 40 49.791     2013 04 20 20 41 14.915      25.1
544
 2013 04 20 12 21  6.798     2013 04 20 12 24 12.949     186.2
 2013 04 20 17 16 36.415     2013 04 20 17 16 38.761       2.3
 2013 04 20 18 54 40.126     2013 04 20 18 56 11.648      91.5
545
 2013 04 20 12 09 56.280     2013 04 20 12 13 32.258     216.0
 2013 04 20 22 13 37.807     2013 04 20 22 16 16.174     158.4
546
 2013 04 20 10 36  2.286     2013 04 20 10 38 36.648     154.4
 2013 04 20 20 37 52.509     2013 04 20 20 40 43.914     171.4
547
 2013 04 20 20 42  2.228     2013 04 20 20 44 37.618     155.4
548
549
 2013 04 20 22 17 11.106     2013 04 20 22 19 54.528     163.4
550
551
 2013 04 20 15 29 39.231     2013 04 20 15 32 22.508     163.3
 2013 04 20 22 03 47.258     2013 04 20 22 06 42.873     175.6
552
 2013 04 20 12 07 52.621     2013 04 20 12 09 28.560      95.9
553
 2013 04 20 10 41 55.116     2013 04 20 10 45 40.181     225.1
 2013 04 20 18 56 30.347     2013 04 20 18 59 17.252     166.9
554
555
 2013 04 20 10 40 58.313     2013 04 20 10 44  5.084     186.8
 2013 04 20 18 57  2.870     2013 04 20 19 00  5.482     182.6
556
 2013 04 20 10 41 43.098     2013 04 20 10 44 59.263     196.2
 2013 04 20 18 56 59.582     2013 04 20 18 59 36.573     157.0
557
558
 2013 04 20 12 06  7.333     2013 04 20 12 08 43.999     156.7
559
 2013 04 20 12 19 32.973     2013 04 20 12 22 15.975     163.0
 2013 04 20 18 53 58.542     2013 04 20 18 56 40.634     162.1
560
 2013 04 20 08 56 18.546     2013 04 20 09 00   .742     222.2
 2013 04 20 20 42 23.199     2013 04 20 20 45 17.551     174.4
561
 2013 04 20 12 15 59.162     2013 04 20 12 19 39.437     220.3
 2013 04 20 20 31 18.164     2013 04 20 20 33 55.382     157.2
562
 2013 04 20 10 29 47.055     2013 04 20 10 33  4.574     197.5
 2013 04 20 22 17 59.282     2013 04 20 22 20 37.715     158.4
563
 2013 04 20 22 14 42.424     2013 04 20 22 17 25.444     163.0
564
 2013 04 20 18 56 11.456     2013 04 20 18 58 48.796     157.3
565
 2013 04 20 12 07 29.083     2013 04 20 12 10  2.496     153.4
566
 2013 04 20 13 56 49.181     2013 04 20 14 00 14.038     204.9
 2013 04 20 18 52 38.705     2013 04 20 18 55 22.738     164.0
567
 2013 04 20 12 18 35.639     2013 04 20 12 22  8.929     213.3
 2013 04 20 18 54 57.202     2013 04 20 18 58 22.985     205.8
568
 2013 04 20 12 19  4.608     2013 04 20 12 22 30.988     206.4
 2013 04 20 18 55 11.449     2013 04 20 18 58  5.615     174.2
569
 2013 04 20 13 47 30.950     2013 04 20 13 50  5.573     154.6
570
 2013 04 20 12 11  1.296     2013 04 20 12 14 35.704     214.4
 2013 04 20 22 10 59.315     2013 04 20 22 13 38.440     159.1
571
 2013 04 20 10 33 54.624     2013 04 20 10 37 21.894     207.3
572
 2013 04 20 10 38 48.807     2013 04 20 10 39 12.363      23.6
573
 2013 04 20 12 10 56.347     2013 04 20 12 14  3.048     186.7
 2013 04 20 22 12 59.267     2013 04 20 22 15 37.410     158.1
574
 2013 04 20 20 39 26.029     2013 04 20 20 39 37.239      11.2
575
 2013 04 20 13 56 54.566     2013 04 20 13 59 38.737     164.2
 2013 04 20 18 51 59.376     2013 04 20 18 54 41.585     162.2
576
 2013 04 20 00 12 51.477     2013 04 20 00 15 26.558     155.1
577
 2013 04 20 10 39 48.793     2013 04 20 10 42 44.493     175.7
578
579
 2013 04 20 15 28 46.857     2013 04 20 15 32  8.646     201.8
 2013 04 20 22 04 28.848     2013 04 20 22 07  6.194     157.3
580
 2013 04 20 00 13 22.866     2013 04 20 00 14  7.588      44.7
 2013 04 20 12 06  9.611     2013 04 20 12 08 45.234     155.6
581
 2013 04 20 12 18 16.173     2013 04 20 12 21  7.425     171.3
582
 2013 04 20 10 38 54.511     2013 04 20 10 42 11.890     197.4
583
584
 2013 04 20 13 47 32.233     2013 04 20 13 50 47.148     194.9
585
 2013 04 20 00 12 48.142     2013 04 20 00 15 31.153     163.0
586
 2013 04 20 13 56  4.667     2013 04 20 13 59  7.254     182.6
 2013 04 20 18 51 35.007     2013 04 20 18 55  6.263     211.3
587
 2013 04 20 12 20 14.429     2013 04 20 12 20 56.627      42.2
 2013 04 20 18 55 36.200     2013 04 20 18 58 49.595     193.4
588
 2013 04 20 15 29 46.682     2013 04 20 15 32 59.531     192.8
 2013 04 20 22 04  9.741     2013 04 20 22 07 26.549     196.8
589
 2013 04 20 20 40 49.004     2013 04 20 20 44 18.753     209.7
590
 2013 04 20 20 34  1.601     2013 04 20 20 37 11.627     190.0
591
 2013 04 20 13 55 50.401     2013 04 20 13 58 30.751     160.3
 2013 04 20 18 50 50.936     2013 04 20 18 54 38.699     227.8
 2013 04 20 20 28 42.570     2013 04 20 20 30  9.332      86.8
592
593
594
 2013 04 20 10 37 45.478     2013 04 20 10 38  6.262      20.8
595
 2013 04 20 10 36 38.165     2013 04 20 10 39 30.072     171.9
 2013 04 20 20 38  8.286     2013 04 20 20 40 47.458     159.2
596
 2013 04 20 12 07 15.000     2013 04 20 12 08 34.196      79.2
597
 2013 04 20 10 34 28.267     2013 04 20 10 37 51.684     203.4
 2013 04 20 20 38 50.133     2013 04 20 20 42 29.572     219.4
598
599
600
 2013 04 20 12 08 28.715     2013 04 20 12 11 51.142     202.4
601
 2013 04 20 13 51 20.832     2013 04 20 13 54 17.876     177.0
 2013 04 20 22 07 26.228     2013 04 20 22 10 25.001     178.8
602
 2013 04 20 10 31 41.076     2013 04 20 10 35  5.856     204.8
 2013 04 20 22 16 22.762     2013 04 20 22 20  8.021     225.3
603
604
 2013 04 20 10 34 49.312     2013 04 20 10 38 31.225     221.9
 2013 04 20 20 39 10.087     2013 04 20 20 42  7.554     177.5
605
 2013 04 20 12 19 35.598     2013 04 20 12 22 47.561     192.0
 2013 04 20 18 55 11.778     2013 04 20 18 57 50.297     158.5
606
 2013 04 20 13 57 16.484     2013 04 20 14 00 17.103     180.6
 2013 04 20 18 52 31.826     2013 04 20 18 55  9.843     158.0
607
 2013 04 20 13 53 16.668     2013 04 20 13 53 48.397      31.7
 2013 04 20 22 05 30.561     2013 04 20 22 08 34.547     184.0
608
 2013 04 20 15 30 11.601     2013 04 20 15 32 52.100     160.5
 2013 04 20 20 24 55.409     2013 04 20 20 28 41.264     225.9
 2013 04 20 22 02 54.277     2013 04 20 22 06 35.730     221.5
609
 2013 04 20 12 16 32.093     2013 04 20 12 19 37.928     185.8
 2013 04 20 20 31 38.717     2013 04 20 20 34 18.711     160.0
610
 2013 04 20 13 47 56.523     2013 04 20 13 50 34.392     157.9
611
 2013 04 20 10 36 28.488     2013 04 20 10 39  3.411     154.9
 2013 04 20 20 37 34.574     2013 04 20 20 40 13.561     159.0
612
 2013 04 20 13 55 55.173     2013 04 20 13 55 56.307       1.1
 2013 04 20 22 04 42.137     2013 04 20 22 08 27.531     225.4
613
614
 2013 04 20 20 39 55.287     2013 04 20 20 42 45.865     170.6
615
 2013 04 20 10 32 45.956     2013 04 20 10 35 59.841     193.9
616
 2013 04 20 10 35 24.225     2013 04 20 10 39 10.843     226.6
 2013 04 20 20 39  8.502     2013 04 20 20 41 43.758     155.3
617
 2013 04 20 13 54  3.300     2013 04 20 13 56 53.863     170.6
 2013 04 20 20 28 22.705     2013 04 20 20 31  4.258     161.6
618
 2013 04 20 12 21 24.021     2013 04 20 12 24  1.509     157.5
 2013 04 20 17 16 17.832     2013 04 20 17 19 47.763     209.9
 2013 04 20 18 53 50.393     2013 04 20 18 54  9.793      19.4
619
 2013 04 20 18 55 56.424     2013 04 20 18 58 40.387     164.0
620
 2013 04 20 12 12 50.755     2013 04 20 12 13 22.462      31.7
 2013 04 20 22 09 22.386     2013 04 20 22 10 25.741      63.4
621
 2013 04 20 13 48 35.847     2013 04 20 13 51 44.644     188.8
622
 2013 04 20 12 17 42.531     2013 04 20 12 21 27.343     224.8
623
 2013 04 20 00 13  4.037     2013 04 20 00 15 55.041     171.0
624
 2013 04 20 00 12 20.619     2013 04 20 00 15 19.782     179.2
625
626
627
 2013 04 20 15 29 16.921     2013 04 20 15 32  1.010     164.1
 2013 04 20 22 03 53.596     2013 04 20 22 06 33.760     160.2
628
 2013 04 20 13 53 24.980     2013 04 20 13 56  4.806     159.8
 2013 04 20 20 28  9.631     2013 04 20 20 31 38.160     208.5
629
 2013 04 20 22 15  8.251     2013 04 20 22 18 38.155     209.9
630
631
 2013 04 20 10 37 44.422     2013 04 20 10 40 31.448     167.0
 2013 04 20 20 37  7.447     2013 04 20 20 40 45.691     218.2
632
 2013 04 20 10 40 55.729     2013 04 20 10 43 55.998     180.3
 2013 04 20 18 58 38.475     2013 04 20 19 01 29.986     171.5
633
 2013 04 20 18 56 12.396     2013 04 20 18 58 58.907     166.5
634
635
 2013 04 20 13 53 32.550     2013 04 20 13 56 26.066     173.5
 2013 04 20 20 29  5.039     2013 04 20 20 32 21.765     196.7
636
 2013 04 20 12 18 58.309     2013 04 20 12 19 16.556      18.2
 2013 04 20 18 55 44.837     2013 04 20 18 58 29.062     164.2
637
 2013 04 20 10 35 21.848     2013 04 20 10 37 24.355     122.5
 2013 04 20 20 39  9.877     2013 04 20 20 41 45.376     155.5
638
 2013 04 20 20 42 34.230     2013 04 20 20 45 21.169     166.9
639
 2013 04 20 12 19 58.367     2013 04 20 12 23 31.382     213.0
 2013 04 20 18 55 27.702     2013 04 20 18 58 12.367     164.7
640
 2013 04 20 12 08 57.322     2013 04 20 12 09 11.540      14.2
641
 2013 04 20 10 33 48.205     2013 04 20 10 37 30.049     221.8
642
 2013 04 20 20 42 20.546     2013 04 20 20 44 58.663     158.1
643
 2013 04 20 10 44 59.481     2013 04 20 10 45  8.875       9.4
 2013 04 20 18 56 24.136     2013 04 20 18 59  7.087     163.0
644
 2013 04 20 13 56 32.290     2013 04 20 14 00  5.981     213.7
 2013 04 20 18 52 32.822     2013 04 20 18 55 27.855     175.0
645
 2013 04 20 22 15 29.084     2013 04 20 22 19  4.374     215.3
646
 2013 04 20 13 55 52.732     2013 04 20 13 58 41.742     169.0
 2013 04 20 18 51  5.956     2013 04 20 18 54 54.156     228.2
 2013 04 20 20 28 53.304     2013 04 20 20 29 32.636      39.3
647
 2013 04 20 13 48 23.565     2013 04 20 13 51  1.885     158.3
648
 2013 04 20 10 39 33.614     2013 04 20 10 42 50.300     196.7
649
 2013 04 20 10 32 52.741     2013 04 20 10 36  3.754     191.0
650
 2013 04 20 13 55 14.044     2013 04 20 13 58  1.723     167.7
 2013 04 20 18 49 51.467     2013 04 20 18 49 56.870       5.4
 2013 04 20 20 28 18.602     2013 04 20 20 31 33.907     195.3
651
652
 2013 04 20 13 54 31.947     2013 04 20 13 55 22.709      50.8
 2013 04 20 22 05 12.406     2013 04 20 22 08 23.543     191.1
653
 2013 04 20 10 39 14.405     2013 04 20 10 41 49.538     155.1
654
 2013 04 20 12 16 17.222     2013 04 20 12 19 15.432     178.2
 2013 04 20 20 33  8.555     2013 04 20 20 35 47.036     158.5
655
656
 2013 04 20 10 36 26.098     2013 04 20 10 39   .160     154.1
 2013 04 20 20 37 46.572     2013 04 20 20 40 24.608     158.0
657
 2013 04 20 10 39  9.943     2013 04 20 10 40  3.133      53.2
658
 2013 04 20 10 32 55.067     2013 04 20 10 36 20.175     205.1
659
 2013 04 20 22 10 19.402     2013 04 20 22 13 13.169     173.8
660
 2013 04 20 22 14 41.395     2013 04 20 22 17 19.989     158.6
661
 2013 04 20 12 09 31.676     2013 04 20 12 12 46.651     195.0
662
663
664
 2013 04 20 22 09 40.254     2013 04 20 22 12 32.984     172.7
665
 2013 04 20 15 30 27.043     2013 04 20 15 33 22.583     175.5
 2013 04 20 20 25 47.792     2013 04 20 20 29 36.373     228.6
 2013 04 20 22 03 33.083     2013 04 20 22 03 56.528      23.4
666
 2013 04 20 13 52 44.099     2013 04 20 13 55 24.680     160.6
667
 2013 04 20 13 53 41.139     2013 04 20 13 56 26.693     165.6
 2013 04 20 20 28 15.451     2013 04 20 20 31 17.655     182.2
668
 2013 04 20 12 09   .214     2013 04 20 12 10 54.567     114.4
 2013 04 20 22 13 46.771     2013 04 20 22 17  3.448     196.7
669
 2013 04 20 12 20 59.037     2013 04 20 12 23 45.431     166.4
 2013 04 20 18 54 29.224     2013 04 20 18 58  1.269     212.0
670
 2013 04 20 13 50 24.123     2013 04 20 13 53 26.234     182.1
 2013 04 20 22 07 51.050     2013 04 20 22 10 29.424     158.4
671
 2013 04 20 15 30   .705     2013 04 20 15 33 41.765     221.1
 2013 04 20 22 04 13.781     2013 04 20 22 05 48.562      94.8
672
 2013 04 20 20 40 41.590     2013 04 20 20 41 18.481      36.9
673
674
 2013 04 20 20 30 19.721     2013 04 20 20 33 59.246     219.5
675
 2013 04 20 22 15 45.898     2013 04 20 22 18 21.190     155.3
676
 2013 04 20 22 18 27.970     2013 04 20 22 19 51.200      83.2
677
 2013 04 20 12 14 42.324     2013 04 20 12 16 31.947     109.6
 2013 04 20 20 33 45.481     2013 04 20 20 36 52.069     186.6
678
 2013 04 20 12 17  5.054     2013 04 20 12 19 55.563     170.5
 2013 04 20 20 32 34.470     2013 04 20 20 35 49.333     194.9
679
 2013 04 20 12 08 55.567     2013 04 20 12 11 31.592     156.0
680
 2013 04 20 12 06 56.838     2013 04 20 12 10 28.689     211.9
681
 2013 04 20 12 08 42.036     2013 04 20 12 11 21.975     159.9
682
 2013 04 20 10 36 58.540     2013 04 20 10 39 40.455     161.9
 2013 04 20 20 37 47.665     2013 04 20 20 40 32.141     164.5
683
 2013 04 20 13 52  7.982     2013 04 20 13 55 21.884     193.9
684
 2013 04 20 10 36 27.740     2013 04 20 10 39 24.476     176.7
 2013 04 20 20 36 58.675     2013 04 20 20 39 40.052     161.4
685
 2013 04 20 08 59 19.497     2013 04 20 08 59 48.919      29.4
 2013 04 20 20 42 31.360     2013 04 20 20 45  7.920     156.6
686
 2013 04 20 15 29  3.710     2013 04 20 15 32 44.146     220.4
 2013 04 20 22 04 40.810     2013 04 20 22 07 25.500     164.7
687
 2013 04 20 12 19 28.346     2013 04 20 12 19 33.986       5.6
 2013 04 20 18 55 53.923     2013 04 20 18 58 32.503     158.6
688
 2013 04 20 20 39 34.260     2013 04 20 20 42 13.199     158.9
689
 2013 04 20 12 19 31.997     2013 04 20 12 22 16.854     164.9
 2013 04 20 18 53 55.729     2013 04 20 18 56 37.663     161.9
690
 2013 04 20 13 53  2.549     2013 04 20 13 53 47.128      44.6
 2013 04 20 15 30 56.814     2013 04 20 15 31 47.160      50.3
 2013 04 20 20 27 22.518     2013 04 20 20 30 21.157     178.6
691
 2013 04 20 10 37 40.311     2013 04 20 10 37 40.921        .6
692
 2013 04 20 12 09  6.941     2013 04 20 12 11 44.466     157.5
693
 2013 04 20 12 09 50.541     2013 04 20 12 12 25.620     155.1
 2013 04 20 22 11 59.159     2013 04 20 22 12  2.395       3.2
694
 2013 04 20 15 28 45.250     2013 04 20 15 31 58.973     193.7
 2013 04 20 22 04 21.918     2013 04 20 22 06 59.987     158.1
695
 2013 04 20 13 48 52.534     2013 04 20 13 51 27.907     155.4
696
697
 2013 04 20 12 13 46.109     2013 04 20 12 16 55.616     189.5
698
 2013 04 20 12 18 14.620     2013 04 20 12 21 48.660     214.0
 2013 04 20 18 52 41.679     2013 04 20 18 56 13.167     211.5
699
 2013 04 20 12 19 10.046     2013 04 20 12 22 38.203     208.2
 2013 04 20 13 56 48.370     2013 04 20 13 56 51.789       3.4
 2013 04 20 18 53 18.050     2013 04 20 18 55 58.003     160.0
700
 2013 04 20 12 14 26.160     2013 04 20 12 17 17.608     171.4
701
 2013 04 20 13 55 20.297     2013 04 20 13 57 25.613     125.3
 2013 04 20 20 29 48.273     2013 04 20 20 31 34.301     106.0
702
 2013 04 20 12 10 36.288     2013 04 20 12 14 10.625     214.3
 2013 04 20 22 13 20.158     2013 04 20 22 15 59.484     159.3
703
 2013 04 20 20 41 43.225     2013 04 20 20 45  9.830     206.6
704
 2013 04 20 22 04 52.506     2013 04 20 22 08 14.123     201.6
705
 2013 04 20 10 32 28.113     2013 04 20 10 32 41.230      13.1
706
 2013 04 20 12 20 25.798     2013 04 20 12 20 36.814      11.0
 2013 04 20 18 55 32.674     2013 04 20 18 59  6.928     214.3
707
 2013 04 20 13 52 35.430     2013 04 20 13 55 13.087     157.7
708
 2013 04 20 00 13 31.185     2013 04 20 00 16  5.998     154.8
 2013 04 20 12 07 54.345     2013 04 20 12 08 20.427      26.1
709
 2013 04 20 12 14 33.808     2013 04 20 12 14 39.624       5.8
 2013 04 20 22 10 34.369     2013 04 20 22 13 31.121     176.8
710
 2013 04 20 10 32  4.121     2013 04 20 10 35  5.826     181.7
711
 2013 04 20 12 11 53.146     2013 04 20 12 14 35.619     162.5
 2013 04 20 22 12  5.342     2013 04 20 22 15  7.276     181.9
712
 2013 04 20 10 37 11.862     2013 04 20 10 37 26.542      14.7
713
 2013 04 20 00 08 38.893     2013 04 20 00 11 14.767     155.9
 2013 04 20 13 45 42.004     2013 04 20 13 48 20.805     158.8
714
 2013 04 20 12 16 39.746     2013 04 20 12 19 38.877     179.1
 2013 04 20 20 31 42.542     2013 04 20 20 34 25.175     162.6
715
 2013 04 20 10 41 57.875     2013 04 20 10 44 37.189     159.3
 2013 04 20 18 57 39.294     2013 04 20 19 00 16.664     157.4
716
 2013 04 20 13 54 37.947     2013 04 20 13 57 16.252     158.3
 2013 04 20 20 29  7.035     2013 04 20 20 31 45.336     158.3
717
 2013 04 20 12 08 14.160     2013 04 20 12 08 20.893       6.7
 2013 04 20 22 13 56.952     2013 04 20 22 14  3.101       6.1
718
719
720
 2013 04 20 10 37 10.586     2013 04 20 10 40   .109     169.5
 2013 04 20 20 36 50.857     2013 04 20 20 39 30.255     159.4
721
 2013 04 20 13 47 52.668     2013 04 20 13 51 33.539     220.9
722
 2013 04 20 12 11 40.974     2013 04 20 12 14 20.624     159.7
 2013 04 20 22 11 41.887     2013 04 20 22 14 20.198     158.3
723
 2013 04 20 13 55 33.838     2013 04 20 13 55 54.406      20.6
 2013 04 20 22 04 44.056     2013 04 20 22 08 32.764     228.7
724
 2013 04 20 13 55 46.115     2013 04 20 13 58 24.339     158.2
 2013 04 20 18 50 33.772     2013 04 20 18 54 13.766     220.0
 2013 04 20 20 28 22.835     2013 04 20 20 32 14.901     232.1
725
 2013 04 20 20 41  7.746     2013 04 20 20 44 16.628     188.9
726
 2013 04 20 12 19  2.746     2013 04 20 12 19  7.707       5.0
 2013 04 20 20 30 46.074     2013 04 20 20 34  4.374     198.3
727
728
729
 2013 04 20 15 30 57.323     2013 04 20 15 33 41.668     164.3
 2013 04 20 20 26  7.297     2013 04 20 20 29 14.555     187.3
730
 2013 04 20 20 40 20.977     2013 04 20 20 43 12.661     171.7
731
 2013 04 20 12 20 49.314     2013 04 20 12 23 37.101     167.8
 2013 04 20 17 15 28.972     2013 04 20 17 19 20.796     231.8
 2013 04 20 18 53 39.100     2013 04 20 18 57  7.530     208.4
732
 2013 04 20 12 15 33.594     2013 04 20 12 18 40.195     186.6
 2013 04 20 20 33 19.837     2013 04 20 20 36  5.141     165.3
733
 2013 04 20 15 31 24.653     2013 04 20 15 34 45.724     201.1
 2013 04 20 20 27 10.370     2013 04 20 20 29 54.064     163.7
734
 2013 04 20 10 36 50.131     2013 04 20 10 37 21.249      31.1
 2013 04 20 20 36  5.140     2013 04 20 20 38 41.232     156.1
735
 2013 04 20 10 41 41.214     2013 04 20 10 41 51.500      10.3
 2013 04 20 20 35  8.245     2013 04 20 20 38 24.100     195.9
736
 2013 04 20 13 56 43.863     2013 04 20 14 00 16.985     213.1
 2013 04 20 18 52 41.922     2013 04 20 18 55 28.265     166.3
737
 2013 04 20 13 53 20.281     2013 04 20 13 55 59.714     159.4
 2013 04 20 20 28 30.336     2013 04 20 20 32 11.734     221.4
738
 2013 04 20 20 39 27.672     2013 04 20 20 42 20.274     172.6
739
740
 2013 04 20 10 41 44.470     2013 04 20 10 44 28.299     163.8
 2013 04 20 18 57 33.450     2013 04 20 19 00 10.410     157.0
741
 2013 04 20 12 13  8.165     2013 04 20 12 16 50.710     222.5
742
 2013 04 20 20 40 36.194     2013 04 20 20 42 58.484     142.3
743
 2013 04 20 13 56 17.694     2013 04 20 13 58 55.463     157.8
 2013 04 20 18 51 14.072     2013 04 20 18 54 21.463     187.4
744
 2013 04 20 13 48 20.450     2013 04 20 13 51 57.194     216.7
745
 2013 04 20 13 49 46.653     2013 04 20 13 53  9.726     203.1
 2013 04 20 22 08  4.620     2013 04 20 22 10 58.439     173.8
746
747
 2013 04 20 13 57 45.472     2013 04 20 13 57 59.026      13.6
 2013 04 20 15 32  4.540     2013 04 20 15 35 24.278     199.7
 2013 04 20 20 27 28.169     2013 04 20 20 30 10.213     162.0
748
 2013 04 20 10 35 25.857     2013 04 20 10 38 29.170     183.3
 2013 04 20 20 38 38.584     2013 04 20 20 41 32.390     173.8
749
 2013 04 20 10 35 20.175     2013 04 20 10 38  3.009     162.8
 2013 04 20 20 37  7.643     2013 04 20 20 37 17.159       9.5
750
 2013 04 20 15 29 22.673     2013 04 20 15 32  8.230     165.6
 2013 04 20 22 03 55.041     2013 04 20 22 06 38.244     163.2
751
 2013 04 20 13 51  9.197     2013 04 20 13 54 19.799     190.6
 2013 04 20 22 07 40.160     2013 04 20 22 10 36.197     176.0
752
 2013 04 20 10 33 52.979     2013 04 20 10 37 17.607     204.6
753
754
 2013 04 20 12 14 47.530     2013 04 20 12 18  9.815     202.3
 2013 04 20 20 31  4.263     2013 04 20 20 31 20.299      16.0
755
 2013 04 20 12 19 15.656     2013 04 20 12 22 24.275     188.6
 2013 04 20 18 55   .390     2013 04 20 18 57 51.197     170.8
756
 2013 04 20 13 54 40.365     2013 04 20 13 57 34.019     173.7
 2013 04 20 20 29 31.448     2013 04 20 20 32 11.930     160.5
757
 2013 04 20 12 09 16.100     2013 04 20 12 12  6.479     170.4
758
 2013 04 20 13 50 47.351     2013 04 20 13 53 35.857     168.5
 2013 04 20 22 06 35.712     2013 04 20 22 09 13.612     157.9
759
 2013 04 20 20 34  9.571     2013 04 20 20 37 16.042     186.5
760
 2013 04 20 12 18 40.070     2013 04 20 12 21 59.728     199.7
 2013 04 20 18 53  5.291     2013 04 20 18 56 13.904     188.6
761
 2013 04 20 12 11 59.660     2013 04 20 12 14 48.148     168.5
 2013 04 20 22 12  1.698     2013 04 20 22 15 17.878     196.2
762
 2013 04 20 12 19 40.167     2013 04 20 12 22 17.510     157.3
 2013 04 20 18 54 24.487     2013 04 20 18 57  5.920     161.4
763
 2013 04 20 10 42 42.531     2013 04 20 10 46  7.503     205.0
 2013 04 20 18 56 14.891     2013 04 20 18 59 46.086     211.2
764
 2013 04 20 13 51 32.917     2013 04 20 13 54 29.085     176.2
 2013 04 20 22 07 16.765     2013 04 20 22 10 28.575     191.8
765
 2013 04 20 22 10 12.458     2013 04 20 22 12 48.594     156.1
766
 2013 04 20 00 11 44.663     2013 04 20 00 14 43.670     179.0
767
 2013 04 20 00 10 38.124     2013 04 20 00 13 22.241     164.1
768
 2013 04 20 22 05  3.261     2013 04 20 22 08  1.443     178.2
769
 2013 04 20 12 20  6.887     2013 04 20 12 22 59.543     172.7
 2013 04 20 18 53 49.395     2013 04 20 18 56 34.887     165.5
770
 2013 04 20 10 40 41.288     2013 04 20 10 43 16.886     155.6
 2013 04 20 18 57 45.481     2013 04 20 19 01 17.685     212.2
771
 2013 04 20 13 49 46.460     2013 04 20 13 52 22.657     156.2
 2013 04 20 22 06 38.928     2013 04 20 22 10 18.791     219.9
772
 2013 04 20 10 32 25.105     2013 04 20 10 35 27.509     182.4
773
 2013 04 20 12 17 11.800     2013 04 20 12 20 34.134     202.3
 2013 04 20 20 30 56.113     2013 04 20 20 34 19.139     203.0
774
 2013 04 20 13 52 25.585     2013 04 20 13 55  2.406     156.8
 2013 04 20 22 06   .302     2013 04 20 22 06 44.430      44.1
775
 2013 04 20 10 39 28.382     2013 04 20 10 42 10.074     161.7
776
 2013 04 20 13 51 52.586     2013 04 20 13 54 37.676     165.1
 2013 04 20 22 06 53.701     2013 04 20 22 10 21.108     207.4
777
 2013 04 20 00 11 42.339     2013 04 20 00 13 13.364      91.0
778
 2013 04 20 12 06 44.822     2013 04 20 12 09 26.822     162.0
779
 2013 04 20 00 10 37.056     2013 04 20 00 11 18.054      41.0
780
 2013 04 20 10 35 50.888     2013 04 20 10 38 35.392     164.5
 2013 04 20 20 37 12.840     2013 04 20 20 40 25.808     193.0
781
782
 2013 04 20 13 52 35.594     2013 04 20 13 55 46.794     191.2
783
 2013 04 20 10 42  7.063     2013 04 20 10 42 32.894      25.8
 2013 04 20 18 56 14.118     2013 04 20 18 59 15.248     181.1
784
 2013 04 20 13 48 59.851     2013 04 20 13 52 16.108     196.3
785
 2013 04 20 10 39  3.069     2013 04 20 10 41 55.675     172.6
786
 2013 04 20 22 08 42.491     2013 04 20 22 11 34.186     171.7
787
788
 2013 04 20 20 41  7.465     2013 04 20 20 44 33.812     206.3
789
 2013 04 20 13 52  8.056     2013 04 20 13 55 42.208     214.2
790
 2013 04 20 00 11 22.355     2013 04 20 00 13 56.465     154.1
791
 2013 04 20 12 09 48.904     2013 04 20 12 12 22.658     153.8
 2013 04 20 22 12 14.846     2013 04 20 22 16  3.231     228.4
792
 2013 04 20 10 38 14.467     2013 04 20 10 39 41.011      86.5
793
 2013 04 20 20 34 45.613     2013 04 20 20 37 40.278     174.7
794
795
796
 2013 04 20 12 08 21.511     2013 04 20 12 11 22.176     180.7
797
 2013 04 20 00 06 49.486     2013 04 20 00 10 11.878     202.4
 2013 04 20 13 46 58.839     2013 04 20 13 49 52.086     173.2
 2013 04 20 23 45 22.572     2013 04 20 23 48 34.436     191.9
798
 2013 04 20 12 14  4.094     2013 04 20 12 17 46.838     222.7
799
 2013 04 20 12 09  7.751     2013 04 20 12 11 43.614     155.9
