s1
0
 2013 04 20 15 38 39.813     2013 04 20 15 41 35.407     175.6
 2013 04 20 20 33 33.276     2013 04 20 20 36  7.971     154.7
1
 2013 04 20 14 00 29.606     2013 04 20 14 03 32.834     183.2
 2013 04 20 20 35 48.740     2013 04 20 20 38 58.725     190.0
2
 2013 04 20 12 19 45.277     2013 04 20 12 22 19.799     154.5
 2013 04 20 22 17 26.054     2013 04 20 22 20 58.946     212.9
3
 2013 04 20 13 55 34.031     2013 04 20 13 55 40.941       6.9
 2013 04 20 22 14 42.200     2013 04 20 22 18 24.640     222.4
4
5
6
 2013 04 20 10 46 40.616     2013 04 20 10 47  9.298      28.7
 2013 04 20 20 42 34.682     2013 04 20 20 45 29.317     174.6
7
 2013 04 20 00 22  4.544     2013 04 20 00 24 52.342     167.8
 2013 04 20 12 12 13.020     2013 04 20 12 14 57.627     164.6
8
 2013 04 20 13 58 28.676     2013 04 20 14 01 47.020     198.3
 2013 04 20 22 12 10.805     2013 04 20 22 15  9.235     178.4
9
 2013 04 20 12 24 30.146     2013 04 20 12 27  7.971     157.8
 2013 04 20 20 38 14.142     2013 04 20 20 41 33.380     199.2
10
 2013 04 20 14 00 59.124     2013 04 20 14 03 50.302     171.2
 2013 04 20 20 35 53.321     2013 04 20 20 38 37.265     163.9
11
 2013 04 20 00 19 10.714     2013 04 20 00 22  6.094     175.4
12
 2013 04 20 00 17 59.488     2013 04 20 00 21 11.113     191.6
13
 2013 04 20 14 00 18.583     2013 04 20 14 03 53.818     215.2
 2013 04 20 20 36 13.700     2013 04 20 20 39 20.841     187.1
14
15
 2013 04 20 12 20 57.747     2013 04 20 12 21   .983       3.2
 2013 04 20 20 43 11.689     2013 04 20 20 44  4.920      53.2
16
 2013 04 20 12 21 27.482     2013 04 20 12 25  5.529     218.0
17
 2013 04 20 12 13 50.416     2013 04 20 12 16 47.020     176.6
18
 2013 04 20 14 02 21.589     2013 04 20 14 05  4.265     162.7
 2013 04 20 20 35 37.776     2013 04 20 20 38 51.286     193.5
19
 2013 04 20 13 58  7.291     2013 04 20 14 00 50.197     162.9
 2013 04 20 22 13  3.178     2013 04 20 22 15 37.629     154.5
20
21
22
 2013 04 20 13 57 11.484     2013 04 20 14 00 42.209     210.7
 2013 04 20 22 14 37.556     2013 04 20 22 17 10.247     152.7
23
 2013 04 20 12 27  3.872     2013 04 20 12 27 47.985      44.1
 2013 04 20 19 02 19.881     2013 04 20 19 05 11.696     171.8
24
 2013 04 20 12 21  5.808     2013 04 20 12 24 46.535     220.7
25
 2013 04 20 12 28 40.168     2013 04 20 12 32 10.590     210.4
 2013 04 20 17 24 19.445     2013 04 20 17 27 35.856     196.4
26
27
 2013 04 20 12 19 19.046     2013 04 20 12 22 29.881     190.8
 2013 04 20 22 18 10.985     2013 04 20 22 18 41.049      30.1
28
 2013 04 20 20 37  2.635     2013 04 20 20 40 15.378     192.7
29
 2013 04 20 22 14 30.669     2013 04 20 22 15 17.313      46.6
30
 2013 04 20 15 35 47.077     2013 04 20 15 39 21.945     214.9
 2013 04 20 22 11  4.639     2013 04 20 22 13 40.370     155.7
31
 2013 04 20 14 02 28.773     2013 04 20 14 02 31.941       3.2
 2013 04 20 22 11 26.523     2013 04 20 22 14 39.104     192.6
32
 2013 04 20 13 57 54.120     2013 04 20 14 00 37.144     163.0
 2013 04 20 22 13  6.001     2013 04 20 22 15 38.994     153.0
33
 2013 04 20 20 41  9.049     2013 04 20 20 43 49.796     160.7
34
 2013 04 20 10 44 27.065     2013 04 20 10 47 36.344     189.3
 2013 04 20 20 44  9.598     2013 04 20 20 47 32.859     203.3
35
 2013 04 20 22 21 37.713     2013 04 20 22 25  8.894     211.2
36
 2013 04 20 14 00 32.335     2013 04 20 14 03 47.450     195.1
 2013 04 20 20 34 24.948     2013 04 20 20 37 12.183     167.2
37
 2013 04 20 12 16 12.870     2013 04 20 12 19 48.277     215.4
38
 2013 04 20 10 42 17.442     2013 04 20 10 44 56.789     159.3
39
 2013 04 20 10 47  1.145     2013 04 20 10 49 45.975     164.8
40
 2013 04 20 00 19 32.003     2013 04 20 00 23  5.002     213.0
41
42
 2013 04 20 12 19 24.823     2013 04 20 12 22 26.842     182.0
 2013 04 20 22 18  4.991     2013 04 20 22 18 45.200      40.2
43
 2013 04 20 00 15 14.178     2013 04 20 00 16 19.737      65.6
 2013 04 20 13 54  2.530     2013 04 20 13 56 38.334     155.8
44
 2013 04 20 22 20  6.934     2013 04 20 22 23 37.261     210.3
45
 2013 04 20 10 47 30.461     2013 04 20 10 51 17.744     227.3
 2013 04 20 19 02 58.883     2013 04 20 19 06 29.027     210.1
46
 2013 04 20 12 15 36.861     2013 04 20 12 18 41.215     184.4
47
 2013 04 20 15 36 41.395     2013 04 20 15 39 36.601     175.2
 2013 04 20 22 10 22.837     2013 04 20 22 13 31.391     188.6
48
49
 2013 04 20 12 27  4.117     2013 04 20 12 28 37.064      92.9
 2013 04 20 19 02 16.479     2013 04 20 19 05  5.540     169.1
50
 2013 04 20 13 56  9.080     2013 04 20 13 58 43.583     154.5
51
 2013 04 20 13 56 25.747     2013 04 20 13 59 19.398     173.7
 2013 04 20 22 13 46.831     2013 04 20 22 17 26.958     220.1
52
 2013 04 20 22 21 49.739     2013 04 20 22 24 20.813     151.1
53
 2013 04 20 10 41  9.407     2013 04 20 10 44 48.407     219.0
 2013 04 20 20 49  9.718     2013 04 20 20 49 27.283      17.6
54
55
 2013 04 20 20 40 52.023     2013 04 20 20 43 24.268     152.2
56
 2013 04 20 12 24 38.362     2013 04 20 12 27 48.022     189.7
 2013 04 20 20 37 20.387     2013 04 20 20 41  5.457     225.1
57
 2013 04 20 00 19 31.191     2013 04 20 00 19 52.216      21.0
58
 2013 04 20 13 59 13.980     2013 04 20 14 01 50.330     156.4
 2013 04 20 22 12 47.201     2013 04 20 22 14 28.972     101.8
59
 2013 04 20 10 46  5.876     2013 04 20 10 48 42.424     156.5
60
 2013 04 20 12 14 16.062     2013 04 20 12 17 33.282     197.2
61
 2013 04 20 00 21 11.784     2013 04 20 00 23 54.571     162.8
62
 2013 04 20 15 38  2.076     2013 04 20 15 41 29.121     207.0
 2013 04 20 20 33 37.589     2013 04 20 20 36 27.205     169.6
63
 2013 04 20 10 45 33.038     2013 04 20 10 49 20.127     227.1
 2013 04 20 20 41 15.491     2013 04 20 20 41 43.035      27.5
64
 2013 04 20 09 03 28.965     2013 04 20 09 06 31.801     182.8
 2013 04 20 20 49 34.611     2013 04 20 20 52 16.426     161.8
65
 2013 04 20 10 40 37.354     2013 04 20 10 41 51.060      73.7
66
 2013 04 20 12 24 34.635     2013 04 20 12 27  9.892     155.3
 2013 04 20 20 38 20.875     2013 04 20 20 41 47.364     206.5
67
 2013 04 20 10 45 48.057     2013 04 20 10 48 33.527     165.5
68
 2013 04 20 12 14  8.105     2013 04 20 12 17  3.502     175.4
69
 2013 04 20 13 55 57.571     2013 04 20 13 58 54.634     177.1
70
 2013 04 20 20 37  3.931     2013 04 20 20 40   .130     176.2
71
 2013 04 20 22 22 26.496     2013 04 20 22 25 35.479     189.0
72
 2013 04 20 22 20 29.447     2013 04 20 22 22 17.970     108.5
73
 2013 04 20 12 17 11.179     2013 04 20 12 19 54.129     162.9
 2013 04 20 22 18  7.000     2013 04 20 22 21 41.447     214.4
74
 2013 04 20 12 23 50.894     2013 04 20 12 26 59.608     188.7
 2013 04 20 20 37 59.139     2013 04 20 20 40 44.845     165.7
75
 2013 04 20 10 49 17.528     2013 04 20 10 52 21.963     184.4
 2013 04 20 19 03 38.587     2013 04 20 19 06 19.190     160.6
76
77
 2013 04 20 22 19 34.414     2013 04 20 22 19 58.105      23.7
78
 2013 04 20 20 48 41.009     2013 04 20 20 52 21.446     220.4
79
 2013 04 20 10 47 23.850     2013 04 20 10 50 17.342     173.5
 2013 04 20 19 04 47.155     2013 04 20 19 05  1.565      14.4
80
 2013 04 20 12 15 31.104     2013 04 20 12 18 44.328     193.2
81
 2013 04 20 10 41 40.084     2013 04 20 10 45  9.570     209.5
 2013 04 20 20 45 24.111     2013 04 20 20 48 54.324     210.2
82
 2013 04 20 20 46 10.872     2013 04 20 20 49  6.389     175.5
83
 2013 04 20 12 28 16.466     2013 04 20 12 31   .797     164.3
 2013 04 20 17 23  4.286     2013 04 20 17 23 41.028      36.7
 2013 04 20 19 00 58.124     2013 04 20 19 02 51.960     113.8
84
 2013 04 20 12 25 50.707     2013 04 20 12 28 26.214     155.5
 2013 04 20 19 00 18.469     2013 04 20 19 03 56.103     217.6
85
 2013 04 20 12 27 54.403     2013 04 20 12 30 33.089     158.7
 2013 04 20 19 01  2.390     2013 04 20 19 04 15.599     193.2
86
 2013 04 20 13 58 52.539     2013 04 20 14 02 27.389     214.9
 2013 04 20 22 11 33.926     2013 04 20 22 15 12.172     218.2
87
 2013 04 20 13 59 43.284     2013 04 20 14 02 18.645     155.4
88
 2013 04 20 12 20 45.708     2013 04 20 12 23 39.362     173.7
89
 2013 04 20 00 18 55.427     2013 04 20 00 21 25.600     150.2
90
 2013 04 20 13 59 32.731     2013 04 20 14 00 13.095      40.4
 2013 04 20 22 11 40.897     2013 04 20 22 15 24.623     223.7
91
 2013 04 20 13 56 12.427     2013 04 20 13 59 37.073     204.6
 2013 04 20 22 14 16.684     2013 04 20 22 17 46.098     209.4
92
93
 2013 04 20 00 20 41.039     2013 04 20 00 23 34.211     173.2
94
 2013 04 20 13 58  3.443     2013 04 20 14 01 27.558     204.1
 2013 04 20 22 14 12.316     2013 04 20 22 17  9.148     176.8
95
 2013 04 20 10 43 35.877     2013 04 20 10 46 44.103     188.2
 2013 04 20 20 43 16.532     2013 04 20 20 45 55.737     159.2
96
 2013 04 20 14 00 32.764     2013 04 20 14 03 29.300     176.5
 2013 04 20 20 34 33.847     2013 04 20 20 37 31.705     177.9
97
 2013 04 20 19 02 31.966     2013 04 20 19 05  6.571     154.6
98
 2013 04 20 12 22 46.994     2013 04 20 12 25 35.694     168.7
 2013 04 20 20 39 32.707     2013 04 20 20 42 17.121     164.4
99
 2013 04 20 10 43 54.758     2013 04 20 10 46 57.032     182.3
 2013 04 20 20 44 38.444     2013 04 20 20 47 21.985     163.5
100
 2013 04 20 09 05  6.311     2013 04 20 09 08  4.029     177.7
101
 2013 04 20 12 21 44.094     2013 04 20 12 21 55.907      11.8
 2013 04 20 22 16 59.025     2013 04 20 22 19 41.849     162.8
102
 2013 04 20 14 00  2.547     2013 04 20 14 02 54.630     172.1
 2013 04 20 20 34 11.219     2013 04 20 20 37 54.834     223.6
103
 2013 04 20 12 14  1.304     2013 04 20 12 16 36.438     155.1
104
 2013 04 20 10 40 36.178     2013 04 20 10 43 22.183     166.0
105
 2013 04 20 10 39 58.470     2013 04 20 10 42 39.099     160.6
106
 2013 04 20 22 15 18.725     2013 04 20 22 16 14.289      55.6
107
 2013 04 20 12 26 50.148     2013 04 20 12 29 26.394     156.2
 2013 04 20 19 00 52.911     2013 04 20 19 03 28.328     155.4
108
 2013 04 20 12 20 32.187     2013 04 20 12 23  6.454     154.3
109
110
 2013 04 20 00 19 22.356     2013 04 20 00 22  3.017     160.7
111
 2013 04 20 22 15 51.561     2013 04 20 22 18 53.788     182.2
112
 2013 04 20 14 00  8.624     2013 04 20 14 03  5.647     177.0
 2013 04 20 20 35 23.024     2013 04 20 20 39  7.696     224.7
113
 2013 04 20 20 42 15.149     2013 04 20 20 44 47.809     152.7
114
 2013 04 20 00 16 36.028     2013 04 20 00 17 37.033      61.0
 2013 04 20 13 52 48.550     2013 04 20 13 53 45.328      56.8
115
 2013 04 20 20 37  8.389     2013 04 20 20 40  7.209     178.8
116
 2013 04 20 12 20 23.933     2013 04 20 12 23 32.779     188.8
117
 2013 04 20 22 15 31.361     2013 04 20 22 18  3.705     152.3
118
 2013 04 20 20 40  3.508     2013 04 20 20 40 45.336      41.8
119
 2013 04 20 20 45 59.106     2013 04 20 20 49 17.712     198.6
120
 2013 04 20 12 23 13.129     2013 04 20 12 25 48.439     155.3
 2013 04 20 20 38 57.178     2013 04 20 20 41 33.785     156.6
121
 2013 04 20 00 20 49.683     2013 04 20 00 23 49.173     179.5
 2013 04 20 12 12 24.543     2013 04 20 12 12 26.261       1.7
122
 2013 04 20 10 39 20.389     2013 04 20 10 42 14.008     173.6
123
 2013 04 20 10 43  8.746     2013 04 20 10 46 30.381     201.6
 2013 04 20 20 43  4.866     2013 04 20 20 46  4.708     179.8
124
125
 2013 04 20 12 23   .893     2013 04 20 12 26 33.549     212.7
 2013 04 20 20 40  6.458     2013 04 20 20 42 41.354     154.9
126
 2013 04 20 12 27  8.425     2013 04 20 12 30 31.099     202.7
 2013 04 20 14 04 48.110     2013 04 20 14 08 34.854     226.7
 2013 04 20 17 25 15.991     2013 04 20 17 25 30.232      14.2
 2013 04 20 18 59 55.873     2013 04 20 19 02 52.076     176.2
127
 2013 04 20 20 48 51.122     2013 04 20 20 51 54.322     183.2
128
129
 2013 04 20 10 37 28.453     2013 04 20 10 40 24.194     175.7
 2013 04 20 22 24 29.875     2013 04 20 22 27   .216     150.3
130
 2013 04 20 10 45 54.322     2013 04 20 10 48 31.975     157.7
131
 2013 04 20 00 20  7.405     2013 04 20 00 22 52.947     165.5
132
 2013 04 20 12 18 16.204     2013 04 20 12 21 56.618     220.4
 2013 04 20 22 17 15.051     2013 04 20 22 19 47.201     152.2
133
 2013 04 20 10 43 24.369     2013 04 20 10 46 59.029     214.7
 2013 04 20 20 45  7.935     2013 04 20 20 47 49.095     161.2
134
 2013 04 20 10 46 10.067     2013 04 20 10 48 44.983     154.9
135
136
 2013 04 20 12 14  6.597     2013 04 20 12 16 39.893     153.3
137
 2013 04 20 09 04 34.257     2013 04 20 09 07 55.303     201.0
 2013 04 20 20 48  9.667     2013 04 20 20 49  1.092      51.4
138
 2013 04 20 15 36 38.524     2013 04 20 15 39 15.205     156.7
 2013 04 20 22 09 57.917     2013 04 20 22 12 56.508     178.6
139
 2013 04 20 12 14 47.838     2013 04 20 12 17 37.217     169.4
140
 2013 04 20 00 19 24.085     2013 04 20 00 22  5.378     161.3
141
 2013 04 20 10 48 40.820     2013 04 20 10 51 21.992     161.2
 2013 04 20 19 04 56.085     2013 04 20 19 07 31.106     155.0
142
 2013 04 20 12 23 38.990     2013 04 20 12 26 55.976     197.0
 2013 04 20 20 37 57.278     2013 04 20 20 40 36.772     159.5
143
 2013 04 20 12 16 11.297     2013 04 20 12 18 51.415     160.1
144
 2013 04 20 10 43 49.048     2013 04 20 10 45  5.531      76.5
 2013 04 20 20 44 45.845     2013 04 20 20 48  6.071     200.2
145
 2013 04 20 10 46  7.730     2013 04 20 10 48 48.030     160.3
146
 2013 04 20 10 44 13.527     2013 04 20 10 44 44.291      30.8
 2013 04 20 20 44 17.051     2013 04 20 20 44 24.873       7.8
147
 2013 04 20 09 05 42.375     2013 04 20 09 06 24.563      42.2
 2013 04 20 20 49 19.426     2013 04 20 20 51 55.408     156.0
148
 2013 04 20 10 40 43.547     2013 04 20 10 43 22.943     159.4
149
 2013 04 20 10 44 18.747     2013 04 20 10 46 41.047     142.3
 2013 04 20 20 44 14.529     2013 04 20 20 44 59.061      44.5
150
 2013 04 20 12 25 59.064     2013 04 20 12 28 43.323     164.3
 2013 04 20 19 00 53.136     2013 04 20 19 04 16.396     203.3
151
 2013 04 20 12 17 48.475     2013 04 20 12 18  7.868      19.4
 2013 04 20 22 19 40.374     2013 04 20 22 22 40.578     180.2
152
 2013 04 20 13 58 23.871     2013 04 20 14 01 54.748     210.9
 2013 04 20 22 12  1.859     2013 04 20 22 15   .219     178.4
153
 2013 04 20 15 37  4.716     2013 04 20 15 40 35.799     211.1
 2013 04 20 20 36 10.460     2013 04 20 20 36 40.667      30.2
 2013 04 20 22 10 27.569     2013 04 20 22 10 39.626      12.1
154
155
156
 2013 04 20 10 47 52.964     2013 04 20 10 50 33.013     160.0
 2013 04 20 19 03 57.347     2013 04 20 19 07 28.706     211.4
157
158
 2013 04 20 10 45 48.291     2013 04 20 10 49 17.712     209.4
159
 2013 04 20 20 48 50.695     2013 04 20 20 51 54.731     184.0
160
 2013 04 20 10 42 11.385     2013 04 20 10 45 18.564     187.2
 2013 04 20 20 45  8.174     2013 04 20 20 48 22.735     194.6
161
 2013 04 20 12 27 17.804     2013 04 20 12 30  4.599     166.8
 2013 04 20 19 01 28.194     2013 04 20 19 04  7.656     159.5
162
 2013 04 20 22 23 16.716     2013 04 20 22 26 51.593     214.9
163
 2013 04 20 14 02 29.138     2013 04 20 14 05 24.499     175.4
 2013 04 20 20 35 46.303     2013 04 20 20 39 16.716     210.4
164
 2013 04 20 12 19 32.162     2013 04 20 12 22 56.260     204.1
 2013 04 20 22 16 36.727     2013 04 20 22 19 51.517     194.8
165
 2013 04 20 10 46 47.383     2013 04 20 10 49 44.156     176.8
166
 2013 04 20 15 35  6.495     2013 04 20 15 36 26.020      79.5
 2013 04 20 22 11 10.767     2013 04 20 22 13 50.682     159.9
167
 2013 04 20 14 00 17.986     2013 04 20 14 03 28.250     190.3
 2013 04 20 20 34 17.500     2013 04 20 20 37 22.690     185.2
168
 2013 04 20 12 26 48.311     2013 04 20 12 30  1.561     193.2
 2013 04 20 19 01 53.296     2013 04 20 19 04 26.999     153.7
169
 2013 04 20 20 47 14.946     2013 04 20 20 50 24.254     189.3
170
 2013 04 20 10 45 43.041     2013 04 20 10 48 42.647     179.6
 2013 04 20 20 41 52.096     2013 04 20 20 42  9.616      17.5
171
 2013 04 20 14 01 59.926     2013 04 20 14 04 49.945     170.0
 2013 04 20 20 35 56.020     2013 04 20 20 38 47.287     171.3
172
 2013 04 20 12 29 27.942     2013 04 20 12 32 17.779     169.8
 2013 04 20 17 24 21.927     2013 04 20 17 27   .058     158.1
173
 2013 04 20 14 01 23.228     2013 04 20 14 04 49.009     205.8
 2013 04 20 15 39  3.001     2013 04 20 15 42 52.955     230.0
 2013 04 20 20 34 25.318     2013 04 20 20 37 11.083     165.8
174
 2013 04 20 13 57 12.698     2013 04 20 13 59 47.764     155.1
 2013 04 20 22 13 19.487     2013 04 20 22 16 19.172     179.7
175
 2013 04 20 19 02 34.577     2013 04 20 19 06 19.681     225.1
176
177
 2013 04 20 22 23 28.813     2013 04 20 22 26 27.619     178.8
178
179
 2013 04 20 10 50  6.282     2013 04 20 10 51 11.969      65.7
 2013 04 20 19 02 12.607     2013 04 20 19 02 33.105      20.5
180
 2013 04 20 19 02 53.021     2013 04 20 19 05 26.927     153.9
181
 2013 04 20 00 15 44.697     2013 04 20 00 16 14.882      30.2
 2013 04 20 13 53 40.855     2013 04 20 13 56 41.169     180.3
182
 2013 04 20 12 13 49.302     2013 04 20 12 14 11.706      22.4
183
 2013 04 20 22 15  6.790     2013 04 20 22 16 40.838      94.0
184
 2013 04 20 10 45 56.504     2013 04 20 10 49 29.126     212.6
185
 2013 04 20 20 50 26.025     2013 04 20 20 51 24.063      58.0
186
 2013 04 20 13 58 28.612     2013 04 20 14 01  6.598     158.0
 2013 04 20 22 13  3.055     2013 04 20 22 15 49.222     166.2
187
 2013 04 20 12 25 48.588     2013 04 20 12 28 25.950     157.4
 2013 04 20 19 00  9.349     2013 04 20 19 03 47.022     217.7
188
 2013 04 20 15 38 17.966     2013 04 20 15 41  2.705     164.7
 2013 04 20 20 33  7.004     2013 04 20 20 35 47.723     160.7
189
 2013 04 20 10 39 25.763     2013 04 20 10 42 27.977     182.2
190
 2013 04 20 12 21  3.511     2013 04 20 12 24 25.001     201.5
191
 2013 04 20 14 01 25.010     2013 04 20 14 04   .647     155.6
 2013 04 20 20 35 29.059     2013 04 20 20 38  3.315     154.3
192
 2013 04 20 20 40 59.550     2013 04 20 20 41 49.409      49.9
193
 2013 04 20 12 25 50.485     2013 04 20 12 29  4.374     193.9
 2013 04 20 18 59 48.772     2013 04 20 19 02 50.743     182.0
194
 2013 04 20 12 28 16.570     2013 04 20 12 30 53.456     156.9
 2013 04 20 17 22 52.280     2013 04 20 17 26 40.647     228.4
 2013 04 20 19 00 43.584     2013 04 20 19 04 29.371     225.8
195
196
 2013 04 20 12 19 52.011     2013 04 20 12 22 31.543     159.5
 2013 04 20 22 17 30.950     2013 04 20 22 17 50.452      19.5
197
 2013 04 20 10 40 44.305     2013 04 20 10 43 40.891     176.6
198
199
200
 2013 04 20 10 45 48.864     2013 04 20 10 48 50.914     182.0
201
 2013 04 20 10 47 32.894     2013 04 20 10 50 43.410     190.5
 2013 04 20 19 03 17.856     2013 04 20 19 04  3.852      46.0
202
 2013 04 20 14 01 53.524     2013 04 20 14 04 31.445     157.9
 2013 04 20 20 35 14.896     2013 04 20 20 38   .291     165.4
203
 2013 04 20 20 46 53.807     2013 04 20 20 49 42.698     168.9
204
 2013 04 20 10 42  4.681     2013 04 20 10 44 38.153     153.5
205
 2013 04 20 22 11 24.913     2013 04 20 22 14 13.466     168.6
206
 2013 04 20 13 57 29.607     2013 04 20 14 01  9.088     219.5
 2013 04 20 22 12 17.233     2013 04 20 22 14 51.253     154.0
207
 2013 04 20 20 40 54.197     2013 04 20 20 43 26.772     152.6
208
 2013 04 20 10 43 49.283     2013 04 20 10 47 19.419     210.1
 2013 04 20 20 44 46.810     2013 04 20 20 47 46.232     179.4
209
 2013 04 20 12 13 54.031     2013 04 20 12 16 31.098     157.1
210
 2013 04 20 10 43 52.241     2013 04 20 10 46 36.841     164.6
 2013 04 20 20 43 39.859     2013 04 20 20 46 12.452     152.6
211
 2013 04 20 12 24 28.723     2013 04 20 12 27 13.040     164.3
 2013 04 20 20 38  2.456     2013 04 20 20 41 21.345     198.9
212
 2013 04 20 12 20 54.454     2013 04 20 12 24 41.424     227.0
213
 2013 04 20 12 26 33.690     2013 04 20 12 30  7.557     213.9
 2013 04 20 19 02  6.646     2013 04 20 19 04 40.861     154.2
214
 2013 04 20 19 05 57.638     2013 04 20 19 09 42.021     224.4
215
 2013 04 20 10 43 58.088     2013 04 20 10 47   .159     182.1
 2013 04 20 20 43 17.528     2013 04 20 20 45 49.031     151.5
216
 2013 04 20 12 21 16.030     2013 04 20 12 23 50.582     154.6
217
 2013 04 20 22 23  9.153     2013 04 20 22 26 20.919     191.8
218
 2013 04 20 00 21   .790     2013 04 20 00 24 11.333     190.5
219
 2013 04 20 15 36 53.071     2013 04 20 15 39 32.234     159.2
 2013 04 20 20 31 14.554     2013 04 20 20 31 31.950      17.4
 2013 04 20 22 09 25.661     2013 04 20 22 12 48.197     202.5
220
221
 2013 04 20 10 44 20.525     2013 04 20 10 46 58.957     158.4
 2013 04 20 20 43 37.618     2013 04 20 20 46 12.688     155.1
222
 2013 04 20 12 13 23.238     2013 04 20 12 15 56.629     153.4
223
 2013 04 20 00 19 27.402     2013 04 20 00 22  7.196     159.8
224
 2013 04 20 10 43 56.360     2013 04 20 10 46 49.823     173.5
 2013 04 20 20 44 34.063     2013 04 20 20 47 13.261     159.2
225
 2013 04 20 12 19 52.674     2013 04 20 12 22 51.843     179.2
226
 2013 04 20 22 19 38.703     2013 04 20 22 20 18.539      39.8
227
 2013 04 20 22 16 46.514     2013 04 20 22 19 43.805     177.3
228
 2013 04 20 20 46 11.592     2013 04 20 20 49 45.965     214.4
229
 2013 04 20 13 58 52.043     2013 04 20 14 01 40.506     168.5
 2013 04 20 22 12 27.871     2013 04 20 22 15 42.067     194.2
230
 2013 04 20 12 25 24.697     2013 04 20 12 28 44.988     200.3
 2013 04 20 18 59 26.342     2013 04 20 19 02 58.087     211.7
231
 2013 04 20 12 20  4.509     2013 04 20 12 22 44.165     159.7
232
 2013 04 20 14 02 59.708     2013 04 20 14 05 35.594     155.9
 2013 04 20 18 57 32.482     2013 04 20 19 00 53.873     201.4
233
 2013 04 20 10 50 19.307     2013 04 20 10 53 14.633     175.3
 2013 04 20 19 03  1.582     2013 04 20 19 04 14.865      73.3
234
 2013 04 20 14 01 51.821     2013 04 20 14 04 28.392     156.6
 2013 04 20 20 35 35.633     2013 04 20 20 38 17.359     161.7
235
 2013 04 20 10 44 57.241     2013 04 20 10 47 35.420     158.2
 2013 04 20 20 43  9.102     2013 04 20 20 46 13.075     184.0
236
 2013 04 20 10 44 16.055     2013 04 20 10 44 39.068      23.0
237
 2013 04 20 13 58 19.067     2013 04 20 14 01 39.983     200.9
 2013 04 20 22 12 14.735     2013 04 20 22 15  4.512     169.8
238
239
 2013 04 20 10 48 51.938     2013 04 20 10 49 36.233      44.3
 2013 04 20 19 03  8.622     2013 04 20 19 05 45.141     156.5
240
 2013 04 20 14 00 11.497     2013 04 20 14 01 30.559      79.1
 2013 04 20 20 36 26.766     2013 04 20 20 39 32.252     185.5
241
 2013 04 20 20 41 10.154     2013 04 20 20 44 43.921     213.8
242
 2013 04 20 13 58 12.843     2013 04 20 14 00 58.492     165.6
 2013 04 20 22 13 47.583     2013 04 20 22 16 30.052     162.5
243
 2013 04 20 12 17 23.169     2013 04 20 12 20 23.735     180.6
 2013 04 20 22 17 48.723     2013 04 20 22 21  7.315     198.6
244
 2013 04 20 13 57 58.196     2013 04 20 14 01  7.889     189.7
 2013 04 20 22 14 10.582     2013 04 20 22 16 54.155     163.6
245
 2013 04 20 10 46 49.304     2013 04 20 10 49 37.152     167.8
246
 2013 04 20 22 15 17.678     2013 04 20 22 18  4.115     166.4
247
 2013 04 20 15 36 20.397     2013 04 20 15 39 25.256     184.9
 2013 04 20 22 10 38.801     2013 04 20 22 13 28.290     169.5
248
 2013 04 20 20 46 23.631     2013 04 20 20 49 31.979     188.3
249
 2013 04 20 12 25 39.250     2013 04 20 12 28 19.560     160.3
 2013 04 20 19 00 27.576     2013 04 20 19 00 31.600       4.0
250
 2013 04 20 13 54 56.112     2013 04 20 13 55 29.794      33.7
251
 2013 04 20 12 20 55.967     2013 04 20 12 23 35.498     159.5
252
 2013 04 20 12 20 48.397     2013 04 20 12 23 51.891     183.5
253
 2013 04 20 10 45 41.780     2013 04 20 10 48 32.774     171.0
254
255
 2013 04 20 14 01 51.892     2013 04 20 14 05  2.918     191.0
 2013 04 20 20 36 15.245     2013 04 20 20 39  6.459     171.2
256
 2013 04 20 12 27 13.613     2013 04 20 12 27 30.769      17.2
 2013 04 20 19 02 18.547     2013 04 20 19 05 24.422     185.9
257
 2013 04 20 12 19 13.685     2013 04 20 12 22 23.438     189.8
 2013 04 20 22 18 17.172     2013 04 20 22 19 25.793      68.6
258
259
 2013 04 20 12 23 42.709     2013 04 20 12 26 46.622     183.9
 2013 04 20 20 38  8.352     2013 04 20 20 40 47.220     158.9
260
 2013 04 20 15 37 25.866     2013 04 20 15 40  5.565     159.7
 2013 04 20 20 32  9.341     2013 04 20 20 35 41.755     212.4
 2013 04 20 22 09 37.385     2013 04 20 22 09 40.497       3.1
261
262
 2013 04 20 10 41 22.235     2013 04 20 10 42  4.761      42.5
 2013 04 20 22 23  3.800     2013 04 20 22 25 55.458     171.7
263
264
 2013 04 20 10 38 48.868     2013 04 20 10 41 44.354     175.5
265
 2013 04 20 10 44 17.149     2013 04 20 10 44 25.567       8.4
266
 2013 04 20 00 17   .704     2013 04 20 00 20 34.111     213.4
 2013 04 20 13 52 23.303     2013 04 20 13 52 25.664       2.4
267
 2013 04 20 12 23 50.438     2013 04 20 12 26 48.908     178.5
 2013 04 20 20 38 10.406     2013 04 20 20 40 53.013     162.6
268
 2013 04 20 12 15 53.248     2013 04 20 12 18 30.549     157.3
269
 2013 04 20 15 36 48.289     2013 04 20 15 39 42.140     173.9
 2013 04 20 22 10 18.121     2013 04 20 22 13 35.117     197.0
270
 2013 04 20 00 21 13.090     2013 04 20 00 23 57.585     164.5
271
 2013 04 20 00 17 30.638     2013 04 20 00 20 12.603     162.0
 2013 04 20 13 51 52.922     2013 04 20 13 53 24.481      91.6
272
 2013 04 20 22 16 20.196     2013 04 20 22 19 14.072     173.9
273
 2013 04 20 22 23 18.569     2013 04 20 22 25 59.222     160.7
274
 2013 04 20 12 14 19.354     2013 04 20 12 16 56.794     157.4
275
 2013 04 20 22 11 13.864     2013 04 20 22 14 50.686     216.8
276
 2013 04 20 12 16 56.569     2013 04 20 12 19 46.371     169.8
 2013 04 20 22 21  7.607     2013 04 20 22 21 48.773      41.2
277
 2013 04 20 20 46 16.062     2013 04 20 20 49 35.754     199.7
278
 2013 04 20 12 23 23.010     2013 04 20 12 26 27.152     184.1
 2013 04 20 20 38 14.513     2013 04 20 20 40 47.544     153.0
279
 2013 04 20 15 38 14.806     2013 04 20 15 41 28.888     194.1
 2013 04 20 20 33 36.191     2013 04 20 20 36 18.132     161.9
280
 2013 04 20 10 44 42.197     2013 04 20 10 47 20.162     158.0
 2013 04 20 20 43 46.703     2013 04 20 20 46 50.645     183.9
281
 2013 04 20 20 37  6.584     2013 04 20 20 39 44.112     157.5
282
 2013 04 20 20 45 44.819     2013 04 20 20 48 51.935     187.1
283
 2013 04 20 12 15 41.980     2013 04 20 12 18 28.151     166.2
284
 2013 04 20 22 22 17.169     2013 04 20 22 25  3.827     166.7
285
 2013 04 20 10 47 38.769     2013 04 20 10 50 16.253     157.5
 2013 04 20 19 04 25.676     2013 04 20 19 08 11.348     225.7
286
 2013 04 20 13 55 28.917     2013 04 20 13 56  9.923      41.0
 2013 04 20 22 18  4.622     2013 04 20 22 18 30.048      25.4
287
 2013 04 20 13 55  8.450     2013 04 20 13 57 45.670     157.2
288
 2013 04 20 13 59 26.839     2013 04 20 14 02 11.469     164.6
 2013 04 20 22 12  1.563     2013 04 20 22 12 14.945      13.4
289
 2013 04 20 12 25 42.966     2013 04 20 12 28 46.068     183.1
 2013 04 20 18 59 46.544     2013 04 20 19 03  6.779     200.2
290
 2013 04 20 22 14 40.804     2013 04 20 22 18 10.435     209.6
291
 2013 04 20 14 02 38.748     2013 04 20 14 05 43.811     185.1
 2013 04 20 19 01 33.012     2013 04 20 19 01 52.544      19.5
 2013 04 20 20 35 46.454     2013 04 20 20 37  4.102      77.6
292
 2013 04 20 15 36 29.316     2013 04 20 15 39 58.254     208.9
 2013 04 20 22 10 48.819     2013 04 20 22 13 59.062     190.2
293
294
 2013 04 20 00 20   .120     2013 04 20 00 20 31.659      31.5
 2013 04 20 12 13 13.469     2013 04 20 12 16 58.901     225.4
295
 2013 04 20 15 37  3.579     2013 04 20 15 39 41.102     157.5
 2013 04 20 20 35 20.920     2013 04 20 20 35 42.288      21.4
 2013 04 20 22 09 47.466     2013 04 20 22 13 19.361     211.9
296
 2013 04 20 12 27 48.664     2013 04 20 12 30 32.593     163.9
 2013 04 20 17 22  7.317     2013 04 20 17 22 12.202       4.9
 2013 04 20 19 00 24.269     2013 04 20 19 03 39.810     195.5
297
 2013 04 20 12 16 13.718     2013 04 20 12 19 26.215     192.5
 2013 04 20 22 19 35.878     2013 04 20 22 20 32.883      57.0
298
 2013 04 20 00 21 53.205     2013 04 20 00 25 30.548     217.3
 2013 04 20 12 12 46.967     2013 04 20 12 15 20.104     153.1
299
300
 2013 04 20 10 45 43.371     2013 04 20 10 48 27.049     163.7
 2013 04 20 20 42 11.319     2013 04 20 20 42 27.452      16.1
301
 2013 04 20 10 45 46.515     2013 04 20 10 48 24.918     158.4
302
 2013 04 20 14 00 35.482     2013 04 20 14 03 13.768     158.3
 2013 04 20 20 34 51.533     2013 04 20 20 38   .852     189.3
303
304
 2013 04 20 12 26 44.004     2013 04 20 12 27  3.371      19.4
 2013 04 20 20 37 31.522     2013 04 20 20 40  4.879     153.4
305
 2013 04 20 14 01 51.079     2013 04 20 14 04 36.344     165.3
 2013 04 20 20 35   .729     2013 04 20 20 37 48.633     167.9
306
 2013 04 20 22 22 10.857     2013 04 20 22 25 32.147     201.3
307
 2013 04 20 12 15  8.871     2013 04 20 12 18  8.842     180.0
308
309
 2013 04 20 22 11 34.697     2013 04 20 22 15  7.071     212.4
310
 2013 04 20 14 03  6.361     2013 04 20 14 05 51.583     165.2
 2013 04 20 18 57 58.988     2013 04 20 19 01 22.225     203.2
311
 2013 04 20 00 20 17.093     2013 04 20 00 23 36.812     199.7
312
 2013 04 20 10 40  9.364     2013 04 20 10 43 45.438     216.1
313
 2013 04 20 10 43 15.811     2013 04 20 10 45  3.302     107.5
 2013 04 20 20 45 16.146     2013 04 20 20 47 59.290     163.1
314
 2013 04 20 19 02  8.254     2013 04 20 19 05 17.270     189.0
315
 2013 04 20 00 19 35.107     2013 04 20 00 22 10.390     155.3
316
 2013 04 20 14 01 45.466     2013 04 20 14 04 21.441     156.0
 2013 04 20 20 35 24.654     2013 04 20 20 38  3.383     158.7
317
 2013 04 20 13 56  2.398     2013 04 20 13 59 23.732     201.3
318
 2013 04 20 20 50 21.047     2013 04 20 20 50 29.424       8.4
319
 2013 04 20 10 48 10.643     2013 04 20 10 50 49.319     158.7
 2013 04 20 19 04  9.006     2013 04 20 19 07 16.410     187.4
320
 2013 04 20 15 36 21.416     2013 04 20 15 39  6.225     164.8
 2013 04 20 22 10 19.908     2013 04 20 22 13  4.131     164.2
321
 2013 04 20 22 22 26.773     2013 04 20 22 25 26.750     180.0
322
 2013 04 20 14 01 39.211     2013 04 20 14 04 51.492     192.3
 2013 04 20 15 39  9.456     2013 04 20 15 39 51.717      42.3
 2013 04 20 20 34 32.744     2013 04 20 20 37 25.467     172.7
323
 2013 04 20 19 02  3.220     2013 04 20 19 05 43.020     219.8
324
 2013 04 20 00 17 38.460     2013 04 20 00 20  9.310     150.9
 2013 04 20 13 51 36.314     2013 04 20 13 55 15.160     218.8
325
 2013 04 20 10 36 43.669     2013 04 20 10 40 19.824     216.2
 2013 04 20 22 24  7.634     2013 04 20 22 26 50.565     162.9
326
 2013 04 20 10 41 42.611     2013 04 20 10 44 21.711     159.1
327
 2013 04 20 15 37  1.243     2013 04 20 15 37 44.922      43.7
 2013 04 20 20 33  2.238     2013 04 20 20 33 14.809      12.6
328
 2013 04 20 00 20 12.731     2013 04 20 00 23 32.452     199.7
 2013 04 20 12 16 52.875     2013 04 20 12 16 54.339       1.5
329
 2013 04 20 20 37 11.585     2013 04 20 20 39 53.806     162.2
330
 2013 04 20 14 00  6.999     2013 04 20 14 03  8.006     181.0
 2013 04 20 20 34 11.747     2013 04 20 20 37 39.637     207.9
331
 2013 04 20 14 01 57.282     2013 04 20 14 04 47.589     170.3
 2013 04 20 20 35 57.194     2013 04 20 20 38 46.095     168.9
332
 2013 04 20 10 47 35.941     2013 04 20 10 50 21.785     165.8
 2013 04 20 19 06 46.802     2013 04 20 19 07 35.005      48.2
333
 2013 04 20 20 45 45.380     2013 04 20 20 47  7.177      81.8
334
 2013 04 20 13 56  3.440     2013 04 20 13 58 38.634     155.2
335
 2013 04 20 00 19 53.825     2013 04 20 00 22 53.023     179.2
336
 2013 04 20 10 46 51.519     2013 04 20 10 50 23.810     212.3
 2013 04 20 19 08 48.859     2013 04 20 19 09 15.351      26.5
337
338
 2013 04 20 10 44 36.405     2013 04 20 10 47 25.331     168.9
 2013 04 20 20 43 10.921     2013 04 20 20 45 54.349     163.4
339
340
 2013 04 20 12 27 26.392     2013 04 20 12 30 43.775     197.4
 2013 04 20 19 01 50.284     2013 04 20 19 04 46.587     176.3
341
 2013 04 20 20 37  9.579     2013 04 20 20 39 48.897     159.3
342
 2013 04 20 12 25 22.647     2013 04 20 12 28 17.644     175.0
343
 2013 04 20 12 23  8.326     2013 04 20 12 25 47.545     159.2
 2013 04 20 20 38 44.735     2013 04 20 20 41 24.065     159.3
344
345
 2013 04 20 12 26  9.774     2013 04 20 12 29 11.100     181.3
 2013 04 20 19 01 24.673     2013 04 20 19 04 25.510     180.8
346
 2013 04 20 13 56 31.633     2013 04 20 13 59 11.725     160.1
 2013 04 20 22 13 26.545     2013 04 20 22 14 13.374      46.8
347
 2013 04 20 13 57  1.221     2013 04 20 13 59 52.960     171.7
 2013 04 20 22 12 45.306     2013 04 20 22 15 55.384     190.1
348
 2013 04 20 13 56  2.598     2013 04 20 13 59 28.639     206.0
 2013 04 20 22 14 12.574     2013 04 20 22 17 55.578     223.0
349
 2013 04 20 13 58 27.401     2013 04 20 14 01 11.470     164.1
 2013 04 20 22 12 52.101     2013 04 20 22 15 38.231     166.1
350
351
 2013 04 20 20 45 10.787     2013 04 20 20 46  4.741      54.0
352
353
 2013 04 20 12 22 56.672     2013 04 20 12 25 31.777     155.1
 2013 04 20 20 39  5.057     2013 04 20 20 41 51.290     166.2
354
 2013 04 20 12 20 13.048     2013 04 20 12 20 20.055       7.0
355
 2013 04 20 12 16 34.150     2013 04 20 12 19 48.379     194.2
356
357
 2013 04 20 12 27 12.261     2013 04 20 12 30 59.484     227.2
 2013 04 20 19 02 10.752     2013 04 20 19 05  5.157     174.4
358
 2013 04 20 12 25 53.172     2013 04 20 12 26  3.185      10.0
 2013 04 20 19 02 18.731     2013 04 20 19 05  6.561     167.8
359
 2013 04 20 00 18 34.770     2013 04 20 00 21  5.944     151.2
360
 2013 04 20 10 41 27.109     2013 04 20 10 44  5.126     158.0
361
 2013 04 20 10 43 37.516     2013 04 20 10 46 32.878     175.4
 2013 04 20 20 44 46.735     2013 04 20 20 47 18.699     152.0
362
 2013 04 20 10 37 45.060     2013 04 20 10 41 22.132     217.1
 2013 04 20 22 23 39.920     2013 04 20 22 26 16.159     156.2
363
 2013 04 20 12 16 17.539     2013 04 20 12 18 55.844     158.3
364
 2013 04 20 12 25 10.137     2013 04 20 12 27 51.208     161.1
365
 2013 04 20 12 25 32.510     2013 04 20 12 29   .557     208.0
 2013 04 20 19 01 23.422     2013 04 20 19 05   .810     217.4
366
 2013 04 20 12 16 47.493     2013 04 20 12 19 25.139     157.6
 2013 04 20 22 22  9.717     2013 04 20 22 22 16.597       6.9
367
 2013 04 20 12 28 50.698     2013 04 20 12 31 39.269     168.6
 2013 04 20 17 23 48.460     2013 04 20 17 26 56.880     188.4
368
 2013 04 20 00 20 20.789     2013 04 20 00 23 11.199     170.4
369
 2013 04 20 10 42 14.596     2013 04 20 10 46   .650     226.1
 2013 04 20 20 45 41.164     2013 04 20 20 48 22.006     160.8
370
 2013 04 20 14 02 52.140     2013 04 20 14 05 32.898     160.8
 2013 04 20 18 57 36.428     2013 04 20 19 01 17.844     221.4
 2013 04 20 20 35 15.566     2013 04 20 20 35 50.821      35.3
371
 2013 04 20 13 55 45.132     2013 04 20 13 59 28.544     223.4
 2013 04 20 22 17 15.894     2013 04 20 22 18 13.735      57.8
372
 2013 04 20 12 22  8.318     2013 04 20 12 25 43.191     214.9
 2013 04 20 20 40  8.928     2013 04 20 20 43   .670     171.7
373
 2013 04 20 20 37  2.011     2013 04 20 20 39 59.826     177.8
374
 2013 04 20 12 17 44.256     2013 04 20 12 20 22.470     158.2
 2013 04 20 22 19  1.821     2013 04 20 22 21 42.724     160.9
375
 2013 04 20 20 36 29.352     2013 04 20 20 36 33.536       4.2
376
377
 2013 04 20 12 25   .350     2013 04 20 12 27 44.000     163.7
 2013 04 20 20 37 33.834     2013 04 20 20 37 41.089       7.3
378
 2013 04 20 20 37  1.515     2013 04 20 20 39 38.744     157.2
379
 2013 04 20 12 21 24.723     2013 04 20 12 22 14.954      50.2
 2013 04 20 22 17  1.053     2013 04 20 22 19 32.681     151.6
380
 2013 04 20 14 00 40.816     2013 04 20 14 03 33.855     173.0
 2013 04 20 20 35 44.601     2013 04 20 20 38 45.633     181.0
381
 2013 04 20 13 56 27.539     2013 04 20 13 59 35.632     188.1
 2013 04 20 22 14  6.418     2013 04 20 22 17 29.452     203.0
382
 2013 04 20 10 40 33.327     2013 04 20 10 43 15.751     162.4
383
 2013 04 20 12 25 36.678     2013 04 20 12 28 16.426     159.7
 2013 04 20 19 03 55.844     2013 04 20 19 04 25.309      29.5
384
 2013 04 20 00 19 53.169     2013 04 20 00 22 28.063     154.9
385
 2013 04 20 14 01 53.268     2013 04 20 14 04 47.111     173.8
 2013 04 20 20 36  1.805     2013 04 20 20 38 48.323     166.5
386
 2013 04 20 22 16 25.654     2013 04 20 22 20  8.285     222.6
387
 2013 04 20 10 46 36.449     2013 04 20 10 50 12.243     215.8
388
 2013 04 20 12 23  3.430     2013 04 20 12 25 48.124     164.7
 2013 04 20 20 39 29.264     2013 04 20 20 42  5.330     156.1
389
 2013 04 20 10 38 31.173     2013 04 20 10 42 12.012     220.8
 2013 04 20 22 22 54.236     2013 04 20 22 26  9.769     195.5
390
 2013 04 20 12 24 44.463     2013 04 20 12 27 24.274     159.8
 2013 04 20 20 37 56.683     2013 04 20 20 41 37.144     220.5
391
 2013 04 20 12 24 35.693     2013 04 20 12 27 17.949     162.3
 2013 04 20 20 38 37.478     2013 04 20 20 42 17.233     219.8
392
 2013 04 20 22 22 15.025     2013 04 20 22 24 48.521     153.5
393
 2013 04 20 12 26 38.351     2013 04 20 12 29 27.709     169.4
 2013 04 20 19 00 28.064     2013 04 20 19 03  4.282     156.2
394
 2013 04 20 10 38 15.254     2013 04 20 10 41 21.974     186.7
395
 2013 04 20 13 55 45.037     2013 04 20 13 58 20.752     155.7
396
 2013 04 20 10 41 57.389     2013 04 20 10 45 28.580     211.2
397
 2013 04 20 12 25 52.263     2013 04 20 12 28 36.305     164.0
 2013 04 20 19 00 46.839     2013 04 20 19 04 20.443     213.6
398
399
 2013 04 20 00 19 34.352     2013 04 20 00 22 23.357     169.0
400
 2013 04 20 12 17 26.289     2013 04 20 12 21   .247     214.0
 2013 04 20 22 17 22.155     2013 04 20 22 20 30.698     188.5
401
 2013 04 20 12 14 54.216     2013 04 20 12 17 30.486     156.3
402
 2013 04 20 12 23  8.863     2013 04 20 12 25 45.332     156.5
 2013 04 20 20 38 51.701     2013 04 20 20 41 30.758     159.1
403
 2013 04 20 10 46  5.569     2013 04 20 10 47 53.171     107.6
404
 2013 04 20 22 21 45.071     2013 04 20 22 25  5.431     200.4
405
 2013 04 20 10 42 29.473     2013 04 20 10 45 43.243     193.8
 2013 04 20 20 45 16.617     2013 04 20 20 48  6.340     169.7
406
 2013 04 20 12 20  9.056     2013 04 20 12 22 48.162     159.1
407
 2013 04 20 00 23 13.424     2013 04 20 00 23 32.337      18.9
408
 2013 04 20 10 46 50.231     2013 04 20 10 49 44.411     174.2
409
410
411
 2013 04 20 12 27 16.283     2013 04 20 12 30 12.975     176.7
 2013 04 20 19 01 38.628     2013 04 20 19 04 19.276     160.6
412
 2013 04 20 22 18 53.300     2013 04 20 22 18 52.672       -.6
413
 2013 04 20 12 16 33.775     2013 04 20 12 19 44.292     190.5
 2013 04 20 22 19 38.630     2013 04 20 22 22 56.306     197.7
414
 2013 04 20 20 44 14.686     2013 04 20 20 44 31.039      16.4
415
 2013 04 20 00 17 49.406     2013 04 20 00 20 51.848     182.4
416
 2013 04 20 12 23 20.316     2013 04 20 12 25 55.358     155.0
 2013 04 20 20 38 59.546     2013 04 20 20 41 33.435     153.9
417
 2013 04 20 13 55 40.768     2013 04 20 13 58 29.023     168.3
418
 2013 04 20 12 14 55.142     2013 04 20 12 18 13.210     198.1
419
 2013 04 20 00 20 38.765     2013 04 20 00 23 13.805     155.0
420
421
 2013 04 20 10 47 53.670     2013 04 20 10 50 39.704     166.0
 2013 04 20 19 03 49.425     2013 04 20 19 07 17.735     208.3
422
 2013 04 20 10 49 37.249     2013 04 20 10 53 17.815     220.6
 2013 04 20 19 02 49.484     2013 04 20 19 06  3.338     193.9
423
 2013 04 20 12 26 19.803     2013 04 20 12 29 40.663     200.9
 2013 04 20 19 01 50.792     2013 04 20 19 04 34.272     163.5
424
 2013 04 20 12 14 48.378     2013 04 20 12 17 21.652     153.3
425
426
 2013 04 20 22 20 51.523     2013 04 20 22 23 30.095     158.6
427
 2013 04 20 20 45  8.797     2013 04 20 20 48 32.777     204.0
428
 2013 04 20 13 56 24.725     2013 04 20 13 59 28.572     183.8
 2013 04 20 22 15 34.594     2013 04 20 22 16 13.590      39.0
429
 2013 04 20 10 42 29.307     2013 04 20 10 45 15.050     165.7
 2013 04 20 20 44 44.083     2013 04 20 20 48  1.787     197.7
430
431
 2013 04 20 14 00   .773     2013 04 20 14 02 50.013     169.2
 2013 04 20 20 34 10.922     2013 04 20 20 35 24.631      73.7
432
 2013 04 20 09 04 48.276     2013 04 20 09 07 51.746     183.5
433
434
 2013 04 20 12 28  1.153     2013 04 20 12 30 40.383     159.2
 2013 04 20 17 22 23.723     2013 04 20 17 23 27.848      64.1
 2013 04 20 19 00 27.443     2013 04 20 19 03 55.798     208.4
435
 2013 04 20 09 07   .532     2013 04 20 09 07 22.731      22.2
 2013 04 20 20 48 47.907     2013 04 20 20 51 25.833     157.9
436
 2013 04 20 12 19 45.123     2013 04 20 12 23  5.639     200.5
 2013 04 20 22 16 26.827     2013 04 20 22 19 57.250     210.4
437
 2013 04 20 09 09 17.124     2013 04 20 09 09 37.554      20.4
438
 2013 04 20 22 22 55.789     2013 04 20 22 25 29.921     154.1
439
440
 2013 04 20 12 17  9.645     2013 04 20 12 20 26.766     197.1
 2013 04 20 22 17 30.884     2013 04 20 22 21  4.220     213.3
441
 2013 04 20 10 45 21.099     2013 04 20 10 46 35.925      74.8
442
 2013 04 20 12 26 49.198     2013 04 20 12 29 44.387     175.2
 2013 04 20 19 00 24.645     2013 04 20 19 02 59.020     154.4
443
 2013 04 20 10 49 54.509     2013 04 20 10 52 30.901     156.4
 2013 04 20 19 03 56.780     2013 04 20 19 07  5.887     189.1
444
445
 2013 04 20 12 19 42.919     2013 04 20 12 22 19.106     156.2
 2013 04 20 22 17 23.491     2013 04 20 22 20 50.397     206.9
446
447
 2013 04 20 10 42 12.775     2013 04 20 10 45 36.418     203.6
 2013 04 20 20 45 24.330     2013 04 20 20 48 21.861     177.5
448
 2013 04 20 10 43 25.049     2013 04 20 10 46 39.272     194.2
 2013 04 20 20 45  2.365     2013 04 20 20 47 35.464     153.1
449
 2013 04 20 00 16 37.782     2013 04 20 00 19 37.330     179.5
 2013 04 20 13 52 50.542     2013 04 20 13 55 55.888     185.3
450
 2013 04 20 12 21 26.174     2013 04 20 12 22 12.030      45.9
451
 2013 04 20 12 25 54.249     2013 04 20 12 28 31.472     157.2
 2013 04 20 19 00 33.877     2013 04 20 19 04  7.165     213.3
452
 2013 04 20 22 22 12.052     2013 04 20 22 22 54.445      42.4
453
 2013 04 20 12 23  1.924     2013 04 20 12 26 43.161     221.2
 2013 04 20 20 37 48.094     2013 04 20 20 40 21.921     153.8
454
 2013 04 20 15 37  3.388     2013 04 20 15 39 55.734     172.3
 2013 04 20 17 14 25.419     2013 04 20 17 15   .015      34.6
 2013 04 20 20 31 24.848     2013 04 20 20 34 45.560     200.7
 2013 04 20 22 08 54.475     2013 04 20 22 10  8.653      74.2
455
 2013 04 20 22 15  6.665     2013 04 20 22 16 36.808      90.1
456
 2013 04 20 20 42  1.837     2013 04 20 20 45  3.981     182.1
457
 2013 04 20 15 36 45.378     2013 04 20 15 39 27.476     162.1
 2013 04 20 22 10  6.981     2013 04 20 22 13 14.932     188.0
458
 2013 04 20 22 16  6.458     2013 04 20 22 18 44.050     157.6
459
 2013 04 20 15 36 40.304     2013 04 20 15 39 29.051     168.7
 2013 04 20 22 10 17.533     2013 04 20 22 13 21.862     184.3
460
 2013 04 20 14 01 54.240     2013 04 20 14 05 34.312     220.1
 2013 04 20 20 36 29.411     2013 04 20 20 39 36.430     187.0
461
 2013 04 20 22 14 36.864     2013 04 20 22 18 10.078     213.2
462
463
 2013 04 20 10 45 51.486     2013 04 20 10 46 33.207      41.7
 2013 04 20 20 42 31.035     2013 04 20 20 46  4.507     213.5
464
 2013 04 20 12 23 12.794     2013 04 20 12 26  5.259     172.5
 2013 04 20 20 38 26.888     2013 04 20 20 41  2.458     155.6
465
 2013 04 20 13 58 20.459     2013 04 20 14 01 45.656     205.2
 2013 04 20 22 13 59.191     2013 04 20 22 17 17.683     198.5
466
 2013 04 20 12 21 20.924     2013 04 20 12 23 55.500     154.6
467
 2013 04 20 15 37 45.393     2013 04 20 15 40 22.033     156.6
 2013 04 20 20 32 23.740     2013 04 20 20 35 27.957     184.2
468
 2013 04 20 13 56 34.504     2013 04 20 13 59  9.267     154.8
 2013 04 20 22 13  8.432     2013 04 20 22 13 17.233       8.8
469
 2013 04 20 12 20 56.418     2013 04 20 12 23 53.078     176.7
470
 2013 04 20 10 41 36.596     2013 04 20 10 44 11.968     155.4
471
 2013 04 20 12 18  5.507     2013 04 20 12 20 58.595     173.1
 2013 04 20 22 19 13.186     2013 04 20 22 21 44.719     151.5
472
473
474
 2013 04 20 00 17 31.605     2013 04 20 00 20  4.320     152.7
 2013 04 20 13 51 47.193     2013 04 20 13 55 22.531     215.3
475
 2013 04 20 13 56 37.278     2013 04 20 13 59 12.310     155.0
 2013 04 20 22 13 12.526     2013 04 20 22 14 19.138      66.6
476
 2013 04 20 12 16 31.647     2013 04 20 12 19  6.541     154.9
477
 2013 04 20 12 27 17.822     2013 04 20 12 29 57.495     159.7
 2013 04 20 19 01 17.352     2013 04 20 19 03 55.718     158.4
478
 2013 04 20 13 56  7.215     2013 04 20 13 58 42.808     155.6
479
 2013 04 20 10 46 17.712     2013 04 20 10 46 36.147      18.4
480
 2013 04 20 22 21  7.059     2013 04 20 22 23 47.133     160.1
481
 2013 04 20 10 41  3.416     2013 04 20 10 43 59.979     176.6
482
 2013 04 20 20 46  4.282     2013 04 20 20 48 41.255     157.0
483
 2013 04 20 00 19 35.007     2013 04 20 00 22 40.847     185.8
484
 2013 04 20 12 15  1.764     2013 04 20 12 18 18.852     197.1
485
 2013 04 20 22 20 45.644     2013 04 20 22 23 35.752     170.1
486
 2013 04 20 12 22 10.176     2013 04 20 12 25  5.402     175.2
 2013 04 20 20 38  1.929     2013 04 20 20 41 43.366     221.4
487
 2013 04 20 12 24 44.173     2013 04 20 12 28  9.738     205.6
 2013 04 20 20 36 56.799     2013 04 20 20 37 15.009      18.2
488
 2013 04 20 20 46 22.000     2013 04 20 20 49  4.152     162.2
489
 2013 04 20 20 37 25.668     2013 04 20 20 40  2.169     156.5
490
 2013 04 20 20 41 11.284     2013 04 20 20 44 37.179     205.9
491
 2013 04 20 14 00 57.315     2013 04 20 14 01 19.904      22.6
 2013 04 20 15 38 58.649     2013 04 20 15 42 25.053     206.4
 2013 04 20 20 34  7.474     2013 04 20 20 36 47.855     160.4
492
 2013 04 20 12 24 51.459     2013 04 20 12 27 57.441     186.0
 2013 04 20 20 37 11.848     2013 04 20 20 37 29.057      17.2
493
 2013 04 20 20 37  3.772     2013 04 20 20 39 59.400     175.6
494
 2013 04 20 22 15 45.627     2013 04 20 22 18 44.452     178.8
495
 2013 04 20 12 17 49.586     2013 04 20 12 20 31.693     162.1
 2013 04 20 22 18 15.023     2013 04 20 22 21  5.240     170.2
496
 2013 04 20 20 36 52.613     2013 04 20 20 40 20.500     207.9
497
 2013 04 20 00 21  8.760     2013 04 20 00 23 39.573     150.8
498
 2013 04 20 10 47  6.648     2013 04 20 10 50 31.258     204.6
 2013 04 20 19 05 15.155     2013 04 20 19 08 59.687     224.5
499
 2013 04 20 12 23  3.308     2013 04 20 12 25 57.313     174.0
 2013 04 20 20 39 40.199     2013 04 20 20 42 13.890     153.7
500
501
 2013 04 20 22 20 25.868     2013 04 20 22 22 56.677     150.8
502
 2013 04 20 12 23 10.192     2013 04 20 12 26 55.081     224.9
 2013 04 20 20 40  6.390     2013 04 20 20 42 51.408     165.0
503
 2013 04 20 12 19 13.965     2013 04 20 12 20 27.501      73.5
504
 2013 04 20 10 47 37.676     2013 04 20 10 50 46.911     189.2
 2013 04 20 19 03 21.564     2013 04 20 19 07  2.651     221.1
505
 2013 04 20 12 21 30.499     2013 04 20 12 24 16.091     165.6
506
 2013 04 20 13 57 38.344     2013 04 20 13 57 55.368      17.0
 2013 04 20 22 12  5.229     2013 04 20 22 14 39.190     154.0
507
 2013 04 20 10 46 15.387     2013 04 20 10 49 48.745     213.4
508
 2013 04 20 20 40 33.522     2013 04 20 20 43 39.101     185.6
509
 2013 04 20 14 02 25.943     2013 04 20 14 05 12.837     166.9
 2013 04 20 20 35 40.578     2013 04 20 20 39  1.913     201.3
510
 2013 04 20 00 18 59.889     2013 04 20 00 21 40.882     161.0
511
 2013 04 20 22 18 49.174     2013 04 20 22 19 15.438      26.3
512
 2013 04 20 10 48 44.715     2013 04 20 10 52  8.546     203.8
 2013 04 20 19 03 31.644     2013 04 20 19 06  4.836     153.2
513
 2013 04 20 10 45 41.881     2013 04 20 10 48 51.538     189.7
 2013 04 20 20 41 42.515     2013 04 20 20 42   .236      17.7
514
 2013 04 20 13 56 36.727     2013 04 20 13 59 11.344     154.6
 2013 04 20 22 13  5.101     2013 04 20 22 13 30.512      25.4
515
 2013 04 20 12 29 18.912     2013 04 20 12 31 58.685     159.8
 2013 04 20 17 24   .978     2013 04 20 17 26 42.519     161.5
516
 2013 04 20 22 23 44.480     2013 04 20 22 25 11.796      87.3
517
 2013 04 20 20 37  7.927     2013 04 20 20 39 58.921     171.0
518
 2013 04 20 12 17 51.008     2013 04 20 12 21 15.231     204.2
 2013 04 20 22 17 31.588     2013 04 20 22 20 17.865     166.3
519
 2013 04 20 19 02 41.709     2013 04 20 19 06 11.157     209.4
520
 2013 04 20 09 04 28.909     2013 04 20 09 07 56.164     207.3
 2013 04 20 20 48 10.093     2013 04 20 20 49 35.397      85.3
521
522
 2013 04 20 22 14 51.316     2013 04 20 22 18 27.902     216.6
523
 2013 04 20 12 18  8.742     2013 04 20 12 20 55.519     166.8
 2013 04 20 22 19  6.854     2013 04 20 22 21 37.952     151.1
524
 2013 04 20 00 20 10.777     2013 04 20 00 22 40.789     150.0
525
 2013 04 20 10 43 10.239     2013 04 20 10 46 56.622     226.4
 2013 04 20 20 45 19.861     2013 04 20 20 47 57.979     158.1
526
 2013 04 20 12 14 33.894     2013 04 20 12 17 16.197     162.3
527
 2013 04 20 20 47 31.288     2013 04 20 20 50 14.649     163.4
528
 2013 04 20 10 37 11.788     2013 04 20 10 37 43.758      32.0
 2013 04 20 22 23 51.350     2013 04 20 22 26 21.804     150.5
529
 2013 04 20 12 16 23.807     2013 04 20 12 19 21.414     177.6
 2013 04 20 22 19 20.737     2013 04 20 22 19 22.797       2.1
530
531
 2013 04 20 00 22 17.459     2013 04 20 00 23 18.976      61.5
532
 2013 04 20 20 46 30.638     2013 04 20 20 49 28.073     177.4
533
 2013 04 20 12 17 24.642     2013 04 20 12 20 51.985     207.3
 2013 04 20 22 19 49.207     2013 04 20 22 22 19.954     150.7
534
 2013 04 20 10 45  9.355     2013 04 20 10 48 10.818     181.5
 2013 04 20 20 42 26.833     2013 04 20 20 45 43.698     196.9
535
 2013 04 20 12 21 49.777     2013 04 20 12 24 24.363     154.6
536
 2013 04 20 12 29 10.905     2013 04 20 12 31 51.962     161.1
 2013 04 20 17 23 56.982     2013 04 20 17 26 44.279     167.3
537
 2013 04 20 12 24 24.409     2013 04 20 12 24 45.293      20.9
538
 2013 04 20 12 14 24.690     2013 04 20 12 16 59.353     154.7
539
 2013 04 20 12 14 58.157     2013 04 20 12 17 33.052     154.9
540
 2013 04 20 19 02 28.773     2013 04 20 19 05 16.515     167.7
541
 2013 04 20 12 20  2.948     2013 04 20 12 23 33.271     210.3
 2013 04 20 22 15 57.335     2013 04 20 22 16 31.726      34.4
542
 2013 04 20 13 56  1.068     2013 04 20 13 58 40.704     159.6
543
 2013 04 20 10 42 39.785     2013 04 20 10 45 13.430     153.6
 2013 04 20 20 44 11.879     2013 04 20 20 47 39.928     208.0
544
 2013 04 20 12 28 20.027     2013 04 20 12 31 38.760     198.7
 2013 04 20 17 23 45.411     2013 04 20 17 27 32.504     227.1
545
 2013 04 20 22 20 18.838     2013 04 20 22 22 50.034     151.2
546
 2013 04 20 10 43 22.304     2013 04 20 10 46  9.482     167.2
 2013 04 20 20 44 46.030     2013 04 20 20 47 18.875     152.8
547
 2013 04 20 20 48 46.832     2013 04 20 20 51 20.062     153.2
548
 2013 04 20 12 15 10.945     2013 04 20 12 18 55.618     224.7
549
 2013 04 20 10 37 17.829     2013 04 20 10 40 56.912     219.1
 2013 04 20 22 23 54.829     2013 04 20 22 26 24.813     150.0
550
551
 2013 04 20 15 36 41.557     2013 04 20 15 39 32.290     170.7
 2013 04 20 22 10 18.875     2013 04 20 22 13 25.591     186.7
552
 2013 04 20 22 24 29.808     2013 04 20 22 24 35.852       6.0
553
 2013 04 20 10 49 32.439     2013 04 20 10 52 51.037     198.6
 2013 04 20 19 03 14.975     2013 04 20 19 06 13.083     178.1
554
 2013 04 20 10 42 32.732     2013 04 20 10 46 16.961     224.2
 2013 04 20 20 42 41.113     2013 04 20 20 46 19.678     218.6
555
 2013 04 20 10 48 33.207     2013 04 20 10 51 19.956     166.7
 2013 04 20 19 04  4.171     2013 04 20 19 06 47.235     163.1
556
 2013 04 20 10 49 18.557     2013 04 20 10 52 12.948     174.4
 2013 04 20 19 03 49.160     2013 04 20 19 06 28.276     159.1
557
558
 2013 04 20 12 13 16.672     2013 04 20 12 16 14.793     178.1
559
 2013 04 20 12 26 54.550     2013 04 20 12 29 30.879     156.3
 2013 04 20 19 00 53.627     2013 04 20 19 03 28.056     154.4
560
 2013 04 20 09 04 10.405     2013 04 20 09 07 14.501     184.1
 2013 04 20 20 48 53.221     2013 04 20 20 52 14.235     201.0
561
 2013 04 20 12 23 30.160     2013 04 20 12 26 44.090     193.9
 2013 04 20 20 38  3.668     2013 04 20 20 40 38.579     154.9
562
 2013 04 20 10 37 28.709     2013 04 20 10 40 15.749     167.0
 2013 04 20 22 24 40.089     2013 04 20 22 27 10.617     150.5
563
 2013 04 20 22 21 26.160     2013 04 20 22 23 56.463     150.3
564
 2013 04 20 10 52  6.354     2013 04 20 10 52 53.664      47.3
 2013 04 20 19 03  1.129     2013 04 20 19 05 40.443     159.3
565
 2013 04 20 12 14 45.695     2013 04 20 12 17 25.820     160.1
566
 2013 04 20 12 29 26.017     2013 04 20 12 29 58.696      32.7
 2013 04 20 14 03 56.675     2013 04 20 14 07 32.944     216.3
 2013 04 20 18 59 34.160     2013 04 20 19 02 10.124     156.0
567
 2013 04 20 12 25 44.834     2013 04 20 12 26 59.682      74.8
 2013 04 20 19 02   .410     2013 04 20 19 05  3.932     183.5
568
 2013 04 20 12 26 14.627     2013 04 20 12 30  1.248     226.6
 2013 04 20 19 02 10.253     2013 04 20 19 04 49.848     159.6
569
 2013 04 20 13 54 40.120     2013 04 20 13 57 22.816     162.7
570
 2013 04 20 12 18 36.175     2013 04 20 12 21 38.791     182.6
 2013 04 20 22 17 40.790     2013 04 20 22 20 12.383     151.6
571
 2013 04 20 10 41   .876     2013 04 20 10 41 16.594      15.7
 2013 04 20 20 45 50.031     2013 04 20 20 49 30.725     220.7
572
573
 2013 04 20 12 18   .073     2013 04 20 12 21 40.311     220.2
 2013 04 20 22 19 30.202     2013 04 20 22 22 20.922     170.7
574
 2013 04 20 10 46  4.341     2013 04 20 10 46 34.852      30.5
 2013 04 20 20 42 28.660     2013 04 20 20 46  3.247     214.6
575
 2013 04 20 14 04  4.359     2013 04 20 14 06 53.506     169.1
 2013 04 20 18 58 54.117     2013 04 20 19 01 29.625     155.5
576
 2013 04 20 00 20 51.431     2013 04 20 00 23 42.172     170.7
 2013 04 20 12 15 32.046     2013 04 20 12 16 13.700      41.7
577
 2013 04 20 10 47 22.375     2013 04 20 10 50  1.498     159.1
578
579
 2013 04 20 15 35 45.008     2013 04 20 15 39 24.488     219.5
 2013 04 20 22 11  7.600     2013 04 20 22 13 43.266     155.7
580
 2013 04 20 12 13 29.538     2013 04 20 12 16  5.184     155.6
581
 2013 04 20 12 25 28.111     2013 04 20 12 28 34.700     186.6
 2013 04 20 19 04 17.061     2013 04 20 19 04 54.492      37.4
582
 2013 04 20 10 46 32.331     2013 04 20 10 49 24.357     172.0
583
584
 2013 04 20 13 54 30.411     2013 04 20 13 58 17.032     226.6
585
 2013 04 20 00 21  2.504     2013 04 20 00 23 32.639     150.1
586
 2013 04 20 14 03 12.106     2013 04 20 14 06 25.616     193.5
 2013 04 20 18 58 35.739     2013 04 20 19 01 50.516     194.8
587
 2013 04 20 19 02 17.168     2013 04 20 19 05 48.107     210.9
588
 2013 04 20 15 36 46.309     2013 04 20 15 40 13.343     207.0
 2013 04 20 22 10 38.349     2013 04 20 22 14 11.524     213.2
589
 2013 04 20 20 47 14.637     2013 04 20 20 47 24.343       9.7
590
 2013 04 20 20 40 33.336     2013 04 20 20 44  6.623     213.3
591
 2013 04 20 14 03   .352     2013 04 20 14 05 45.364     165.0
 2013 04 20 18 57 51.942     2013 04 20 19 01 23.306     211.4
592
 2013 04 20 10 50 50.594     2013 04 20 10 50 58.953       8.4
593
 2013 04 20 00 23 44.665     2013 04 20 00 23 53.103       8.4
594
595
 2013 04 20 10 43 50.677     2013 04 20 10 47 11.130     200.5
 2013 04 20 20 44 45.036     2013 04 20 20 47 38.101     173.1
596
597
 2013 04 20 10 41 35.189     2013 04 20 10 42  6.439      31.2
 2013 04 20 20 45 52.730     2013 04 20 20 48 55.876     183.1
598
599
600
 2013 04 20 12 15 29.209     2013 04 20 12 16  4.245      35.0
 2013 04 20 22 22 39.332     2013 04 20 22 23 59.488      80.2
601
 2013 04 20 13 58 24.297     2013 04 20 14 01 41.273     197.0
 2013 04 20 22 13 54.309     2013 04 20 22 17 11.017     196.7
602
 2013 04 20 10 39 23.639     2013 04 20 10 42 15.784     172.1
603
604
 2013 04 20 20 46  5.477     2013 04 20 20 48 40.410     154.9
605
 2013 04 20 12 26 46.874     2013 04 20 12 30 15.961     209.1
 2013 04 20 19 02  5.027     2013 04 20 19 04 39.038     154.0
606
 2013 04 20 14 04 25.196     2013 04 20 14 07 33.759     188.6
 2013 04 20 18 59 23.278     2013 04 20 19 02   .216     156.9
607
 2013 04 20 13 57  9.715     2013 04 20 14 00 44.484     214.8
 2013 04 20 22 12 18.621     2013 04 20 22 15  3.784     165.2
608
 2013 04 20 15 37 18.990     2013 04 20 15 39 55.033     156.0
 2013 04 20 20 31 49.169     2013 04 20 20 35 20.187     211.0
 2013 04 20 22 09 22.224     2013 04 20 22 10  2.421      40.2
609
 2013 04 20 12 23 59.569     2013 04 20 12 26 46.927     167.4
 2013 04 20 20 38 19.188     2013 04 20 20 41  6.173     167.0
610
 2013 04 20 13 55  2.427     2013 04 20 13 57 55.198     172.8
611
 2013 04 20 10 43 53.345     2013 04 20 10 46 30.996     157.7
 2013 04 20 20 44 22.463     2013 04 20 20 46 53.842     151.4
612
 2013 04 20 13 59  5.137     2013 04 20 14 02 53.273     228.1
 2013 04 20 22 11  7.886     2013 04 20 22 11 17.748       9.9
613
614
 2013 04 20 20 46 27.023     2013 04 20 20 49 41.111     194.1
615
 2013 04 20 10 40 26.346     2013 04 20 10 43 11.778     165.4
616
 2013 04 20 20 45 52.726     2013 04 20 20 48 27.212     154.5
617
 2013 04 20 14 01 20.039     2013 04 20 14 04   .192     160.2
 2013 04 20 20 35 11.045     2013 04 20 20 37 45.454     154.4
618
 2013 04 20 12 28 42.089     2013 04 20 12 31 20.332     158.2
 2013 04 20 17 23 24.346     2013 04 20 17 26 39.323     195.0
619
 2013 04 20 19 02 52.622     2013 04 20 19 05 26.594     154.0
620
 2013 04 20 12 20 25.521     2013 04 20 12 23 43.590     198.1
621
 2013 04 20 13 55 58.893     2013 04 20 13 58 46.016     167.1
622
 2013 04 20 12 24 50.292     2013 04 20 12 25  1.799      11.5
623
 2013 04 20 00 21 22.310     2013 04 20 00 23 52.603     150.3
 2013 04 20 12 15 11.224     2013 04 20 12 15 27.209      16.0
624
 2013 04 20 00 20 10.413     2013 04 20 00 23 45.420     215.0
 2013 04 20 12 16  2.677     2013 04 20 12 16 52.946      50.3
625
626
627
 2013 04 20 15 36 18.822     2013 04 20 15 39 11.395     172.6
 2013 04 20 22 10 29.168     2013 04 20 22 13 13.430     164.3
628
 2013 04 20 14 00 39.172     2013 04 20 14 03 14.662     155.5
 2013 04 20 20 35  5.381     2013 04 20 20 38 13.939     188.6
629
 2013 04 20 22 21 27.797     2013 04 20 22 21 39.201      11.4
630
 2013 04 20 13 56 12.173     2013 04 20 13 59 57.508     225.3
 2013 04 20 22 11 46.902     2013 04 20 22 11 52.893       6.0
631
 2013 04 20 10 44 58.816     2013 04 20 10 48 10.351     191.5
632
 2013 04 20 10 48 10.242     2013 04 20 10 51 34.713     204.5
 2013 04 20 19 05 37.778     2013 04 20 19 08 13.070     155.3
633
 2013 04 20 10 51 29.988     2013 04 20 10 52 22.080      52.1
 2013 04 20 19 03  9.542     2013 04 20 19 05 44.280     154.7
634
635
 2013 04 20 14 00 38.420     2013 04 20 14 03 46.334     187.9
 2013 04 20 20 36   .332     2013 04 20 20 38 57.471     177.1
636
 2013 04 20 19 02 41.091     2013 04 20 19 05 15.253     154.2
637
 2013 04 20 20 45 54.495     2013 04 20 20 48 28.451     154.0
638
 2013 04 20 09 02 44.338     2013 04 20 09 06 27.561     223.2
 2013 04 20 20 49 25.985     2013 04 20 20 51 56.435     150.4
639
 2013 04 20 12 27  9.262     2013 04 20 12 31   .741     231.5
 2013 04 20 19 02 13.777     2013 04 20 19 05  6.947     173.2
640
 2013 04 20 12 16 34.994     2013 04 20 12 19 47.846     192.9
641
 2013 04 20 10 41 32.153     2013 04 20 10 44 37.878     185.7
642
 2013 04 20 09 06   .661     2013 04 20 09 06 55.544      54.9
 2013 04 20 20 49  7.688     2013 04 20 20 51 38.535     150.8
643
 2013 04 20 10 48 36.122     2013 04 20 10 52 17.301     221.2
 2013 04 20 19 03 20.020     2013 04 20 19 05 53.485     153.5
644
 2013 04 20 12 28 57.811     2013 04 20 12 29 43.285      45.5
 2013 04 20 14 03 39.305     2013 04 20 14 07 25.722     226.4
 2013 04 20 18 59 30.554     2013 04 20 19 02 13.619     163.1
645
 2013 04 20 22 22 24.572     2013 04 20 22 25 23.908     179.3
646
 2013 04 20 14 03  1.130     2013 04 20 14 05 58.553     177.4
 2013 04 20 18 58  7.267     2013 04 20 19 01 38.419     211.2
647
 2013 04 20 13 55 29.511     2013 04 20 13 58 22.582     173.1
648
 2013 04 20 10 47 10.867     2013 04 20 10 50  3.086     172.2
649
 2013 04 20 10 40   .090     2013 04 20 10 41 32.099      92.0
650
 2013 04 20 14 02 29.670     2013 04 20 14 05  8.913     159.2
 2013 04 20 18 56 52.256     2013 04 20 18 58  9.027      76.8
 2013 04 20 20 34 54.931     2013 04 20 20 38 24.123     209.2
651
 2013 04 20 12 25 19.429     2013 04 20 12 25 32.318      12.9
652
 2013 04 20 13 58 46.278     2013 04 20 14 02 20.179     213.9
 2013 04 20 22 11 40.634     2013 04 20 22 15  9.059     208.4
653
 2013 04 20 10 46 35.958     2013 04 20 10 49 20.220     164.3
654
 2013 04 20 12 23 26.421     2013 04 20 12 26 46.244     199.8
 2013 04 20 20 39 48.940     2013 04 20 20 42 34.575     165.6
655
656
 2013 04 20 10 43 47.245     2013 04 20 10 46 31.735     164.5
 2013 04 20 20 44 33.759     2013 04 20 20 47  5.510     151.8
657
 2013 04 20 19 05 57.414     2013 04 20 19 06  5.441       8.0
658
 2013 04 20 10 40   .964     2013 04 20 10 40 20.958      20.0
659
 2013 04 20 12 20 56.158     2013 04 20 12 21 58.999      62.8
 2013 04 20 22 17  6.813     2013 04 20 22 19 41.820     155.0
660
 2013 04 20 22 21 11.216     2013 04 20 22 24  4.371     173.2
661
 2013 04 20 12 17  4.817     2013 04 20 12 19 52.297     167.5
 2013 04 20 22 17 58.462     2013 04 20 22 18 33.102      34.6
662
663
 2013 04 20 20 50 36.552     2013 04 20 20 51 33.483      56.9
664
 2013 04 20 12 23 11.990     2013 04 20 12 23 28.364      16.4
 2013 04 20 22 16  7.900     2013 04 20 22 19 19.569     191.7
665
 2013 04 20 15 37 28.384     2013 04 20 15 40 33.807     185.4
 2013 04 20 20 32 42.666     2013 04 20 20 36 14.071     211.4
666
 2013 04 20 13 59 52.001     2013 04 20 14 02 42.398     170.4
667
 2013 04 20 14 00 57.054     2013 04 20 14 03 34.278     157.2
 2013 04 20 20 35  8.355     2013 04 20 20 37 55.400     167.0
668
 2013 04 20 22 20 39.600     2013 04 20 22 23 26.143     166.5
669
 2013 04 20 12 28 13.953     2013 04 20 12 31  8.638     174.7
 2013 04 20 17 23 13.448     2013 04 20 17 23 19.447       6.0
 2013 04 20 19 01  9.611     2013 04 20 19 02 38.528      88.9
670
 2013 04 20 13 57 26.124     2013 04 20 14 00 51.485     205.4
 2013 04 20 22 14 31.684     2013 04 20 22 17  4.566     152.9
671
 2013 04 20 15 36 59.843     2013 04 20 15 38  4.574      64.7
 2013 04 20 20 36 26.114     2013 04 20 20 36 58.101      32.0
672
 2013 04 20 09 05  7.003     2013 04 20 09 05 31.622      24.6
673
674
 2013 04 20 12 26  4.846     2013 04 20 12 26 11.879       7.0
 2013 04 20 20 37 18.232     2013 04 20 20 40 32.108     193.9
675
 2013 04 20 22 22 17.939     2013 04 20 22 25  3.265     165.3
676
 2013 04 20 22 22 55.753     2013 04 20 22 26  8.823     193.1
677
 2013 04 20 20 40 41.823     2013 04 20 20 43 25.520     163.7
678
 2013 04 20 12 24 16.103     2013 04 20 12 27 24.016     187.9
 2013 04 20 20 39  6.800     2013 04 20 20 42 43.579     216.8
679
 2013 04 20 12 16 15.618     2013 04 20 12 18 51.231     155.6
680
 2013 04 20 12 14 33.526     2013 04 20 12 17 31.328     177.8
681
 2013 04 20 12 15 50.531     2013 04 20 12 18 53.807     183.3
682
 2013 04 20 10 44 14.028     2013 04 20 10 47 18.159     184.1
 2013 04 20 20 44 22.249     2013 04 20 20 47 24.818     182.6
683
 2013 04 20 13 59 10.628     2013 04 20 14 02 46.493     215.9
684
 2013 04 20 10 44  3.053     2013 04 20 10 46 40.804     157.8
 2013 04 20 20 43 48.011     2013 04 20 20 46 19.098     151.1
685
 2013 04 20 09 03 39.481     2013 04 20 09 07   .431     200.9
 2013 04 20 20 49  7.950     2013 04 20 20 51 58.116     170.2
686
 2013 04 20 15 36  1.662     2013 04 20 15 36 55.389      53.7
 2013 04 20 22 11 14.127     2013 04 20 22 14  6.998     172.9
687
 2013 04 20 19 02 42.471     2013 04 20 19 05 25.089     162.6
688
 2013 04 20 20 46 22.140     2013 04 20 20 48 53.079     150.9
689
 2013 04 20 12 26 54.070     2013 04 20 12 29 31.129     157.1
 2013 04 20 19 00 50.742     2013 04 20 19 03 25.150     154.4
690
 2013 04 20 14 00 24.591     2013 04 20 14 03 56.248     211.7
 2013 04 20 20 34 14.398     2013 04 20 20 36 59.932     165.5
691
692
 2013 04 20 12 16 28.215     2013 04 20 12 19  2.800     154.6
693
 2013 04 20 12 17  9.449     2013 04 20 12 19 46.346     156.9
 2013 04 20 22 18 56.200     2013 04 20 22 22 12.439     196.2
694
 2013 04 20 15 35 43.735     2013 04 20 15 39 14.229     210.5
 2013 04 20 22 11  1.815     2013 04 20 22 13 36.127     154.3
695
 2013 04 20 13 56  1.388     2013 04 20 13 58 45.245     163.9
696
697
 2013 04 20 12 21 16.023     2013 04 20 12 24  3.152     167.1
698
 2013 04 20 12 25 42.834     2013 04 20 12 28 55.230     192.4
 2013 04 20 18 59 43.488     2013 04 20 19 02 56.128     192.6
699
 2013 04 20 12 26 36.960     2013 04 20 12 29 45.855     188.9
 2013 04 20 19 00 12.059     2013 04 20 19 02 46.364     154.3
700
 2013 04 20 12 21 34.859     2013 04 20 12 24 49.055     194.2
 2013 04 20 20 42 34.375     2013 04 20 20 43 26.222      51.8
701
 2013 04 20 12 28 39.490     2013 04 20 12 28 44.979       5.5
 2013 04 20 14 02 25.526     2013 04 20 14 02 30.071       4.5
 2013 04 20 19 02 27.275     2013 04 20 19 02 40.394      13.1
702
 2013 04 20 12 17 37.285     2013 04 20 12 17 40.864       3.6
 2013 04 20 22 19 50.201     2013 04 20 22 22 43.803     173.6
703
 2013 04 20 20 48 44.217     2013 04 20 20 51 36.427     172.2
704
 2013 04 20 13 58 46.093     2013 04 20 13 59  7.415      21.3
 2013 04 20 22 11 19.957     2013 04 20 22 15   .120     220.2
705
 2013 04 20 10 40 13.405     2013 04 20 10 43 23.695     190.3
706
 2013 04 20 10 53 12.520     2013 04 20 10 53 57.551      45.0
 2013 04 20 19 02 11.759     2013 04 20 19 03  5.834      54.1
707
 2013 04 20 13 59 44.660     2013 04 20 14 02 29.210     164.5
708
 2013 04 20 00 21 38.147     2013 04 20 00 24 14.562     156.4
 2013 04 20 12 11 56.697     2013 04 20 12 15 19.417     202.7
709
 2013 04 20 12 18  4.833     2013 04 20 12 21 39.004     214.2
 2013 04 20 22 17 22.624     2013 04 20 22 19 58.951     156.3
710
 2013 04 20 10 39 12.439     2013 04 20 10 42 51.094     218.7
711
 2013 04 20 12 19  2.365     2013 04 20 12 22  6.598     184.2
 2013 04 20 22 18 29.711     2013 04 20 22 21 56.893     207.2
712
 2013 04 20 10 41  4.004     2013 04 20 10 44 31.662     207.7
713
 2013 04 20 00 16 40.394     2013 04 20 00 19 29.352     169.0
 2013 04 20 13 52 45.998     2013 04 20 13 55 43.945     177.9
714
 2013 04 20 12 24  6.145     2013 04 20 12 26 49.156     163.0
 2013 04 20 20 38 21.768     2013 04 20 20 41 13.684     171.9
715
 2013 04 20 10 49 25.335     2013 04 20 10 52   .440     155.1
 2013 04 20 19 04 27.708     2013 04 20 19 07  9.348     161.6
716
 2013 04 20 14 01 48.046     2013 04 20 14 04 30.871     162.8
 2013 04 20 20 35 50.358     2013 04 20 20 38 30.450     160.1
717
 2013 04 20 22 20 54.180     2013 04 20 22 24  7.520     193.3
718
 2013 04 20 10 42  8.125     2013 04 20 10 45 44.122     216.0
719
720
 2013 04 20 10 44 43.547     2013 04 20 10 47 18.783     155.2
 2013 04 20 20 43 28.215     2013 04 20 20 46 20.412     172.2
721
722
 2013 04 20 12 19  3.240     2013 04 20 12 21 37.419     154.2
 2013 04 20 22 18 13.440     2013 04 20 22 21  3.238     169.8
723
 2013 04 20 13 59  9.700     2013 04 20 14 02 51.752     222.1
724
 2013 04 20 14 02 58.982     2013 04 20 14 05 35.038     156.1
 2013 04 20 18 57 34.017     2013 04 20 19 00 58.976     205.0
725
 2013 04 20 20 48  5.794     2013 04 20 20 50 46.295     160.5
726
 2013 04 20 12 22 27.437     2013 04 20 12 26  9.375     221.9
 2013 04 20 20 37 42.685     2013 04 20 20 40 38.484     175.8
727
728
729
 2013 04 20 15 38   .317     2013 04 20 15 40 50.448     170.1
 2013 04 20 20 32 59.414     2013 04 20 20 35 53.662     174.2
730
 2013 04 20 20 46 52.265     2013 04 20 20 50  8.305     196.0
731
 2013 04 20 12 28 11.380     2013 04 20 12 30 50.725     159.3
 2013 04 20 17 22 35.872     2013 04 20 17 26 12.786     216.9
 2013 04 20 19 00 20.685     2013 04 20 19 04  4.974     224.3
732
 2013 04 20 12 22 41.169     2013 04 20 12 26 13.072     211.9
 2013 04 20 20 40 10.581     2013 04 20 20 42 43.543     153.0
733
 2013 04 20 14 04 14.432     2013 04 20 14 04 29.189      14.8
 2013 04 20 15 38 25.841     2013 04 20 15 41 57.809     212.0
 2013 04 20 20 33 59.210     2013 04 20 20 36 35.099     155.9
734
 2013 04 20 10 44 32.753     2013 04 20 10 47 47.554     194.8
 2013 04 20 20 42 45.764     2013 04 20 20 45 28.439     162.7
735
 2013 04 20 10 45 23.169     2013 04 20 10 48 57.982     214.8
 2013 04 20 20 41 38.411     2013 04 20 20 45 20.585     222.2
736
 2013 04 20 12 25 57.124     2013 04 20 12 26 28.244      31.1
 2013 04 20 14 03 51.127     2013 04 20 14 07 36.406     225.3
 2013 04 20 18 59 38.009     2013 04 20 19 02 15.174     157.2
737
 2013 04 20 14 00 29.035     2013 04 20 14 03 16.277     167.2
 2013 04 20 20 35 27.447     2013 04 20 20 38 46.434     199.0
738
 2013 04 20 20 45 59.116     2013 04 20 20 49 15.820     196.7
739
 2013 04 20 22 19 39.566     2013 04 20 22 20 19.155      39.6
740
 2013 04 20 10 49 13.943     2013 04 20 10 51 49.282     155.3
 2013 04 20 19 04 25.222     2013 04 20 19 07   .196     155.0
741
742
 2013 04 20 09 09  4.582     2013 04 20 09 09  5.840       1.3
743
 2013 04 20 14 03 29.083     2013 04 20 14 06  8.018     158.9
 2013 04 20 18 58 12.520     2013 04 20 19 01  7.267     174.7
744
 2013 04 20 13 55 46.718     2013 04 20 13 58 54.744     188.0
745
 2013 04 20 13 56 46.281     2013 04 20 13 58 23.793      97.5
 2013 04 20 22 14 51.534     2013 04 20 22 17 28.027     156.5
746
747
 2013 04 20 14 01  9.386     2013 04 20 14 04 58.001     228.6
 2013 04 20 15 39  6.518     2013 04 20 15 42 35.347     208.8
 2013 04 20 20 34 10.524     2013 04 20 20 36 56.053     165.5
748
 2013 04 20 10 42 35.627     2013 04 20 10 46 13.302     217.7
 2013 04 20 20 45 32.906     2013 04 20 20 48  6.400     153.5
749
 2013 04 20 10 42 50.931     2013 04 20 10 45 24.521     153.6
 2013 04 20 20 44 11.269     2013 04 20 20 47 26.716     195.4
750
 2013 04 20 15 36 24.362     2013 04 20 15 39 18.895     174.5
 2013 04 20 22 10 29.370     2013 04 20 22 13 18.897     169.5
751
 2013 04 20 13 58 11.093     2013 04 20 14 01 45.273     214.2
 2013 04 20 22 14  8.557     2013 04 20 22 17 21.979     193.4
752
 2013 04 20 10 41 34.750     2013 04 20 10 44 27.767     173.0
753
754
 2013 04 20 12 22 18.275     2013 04 20 12 25 15.754     177.5
 2013 04 20 20 38  4.853     2013 04 20 20 41 32.920     208.1
755
 2013 04 20 12 26 26.781     2013 04 20 12 29 52.797     206.0
 2013 04 20 19 01 58.362     2013 04 20 19 04 36.133     157.8
756
 2013 04 20 14 01 47.214     2013 04 20 14 04 52.986     185.8
 2013 04 20 20 36 13.108     2013 04 20 20 38 58.373     165.3
757
 2013 04 20 12 16 43.502     2013 04 20 12 19 18.336     154.8
758
 2013 04 20 13 58  5.259     2013 04 20 14 00 42.297     157.0
 2013 04 20 22 13 15.769     2013 04 20 22 15 49.397     153.6
759
 2013 04 20 20 40 41.694     2013 04 20 20 44 10.734     209.0
760
 2013 04 20 12 26  7.036     2013 04 20 12 29  7.846     180.8
 2013 04 20 19 00  5.220     2013 04 20 19 02 57.931     172.7
761
 2013 04 20 12 19  7.208     2013 04 20 12 22 21.013     193.8
 2013 04 20 22 18 24.108     2013 04 20 22 20  2.056      97.9
762
 2013 04 20 12 26 57.193     2013 04 20 12 29 38.113     160.9
 2013 04 20 19 01 19.370     2013 04 20 19 03 53.436     154.1
763
 2013 04 20 10 50 17.829     2013 04 20 10 53 20.624     182.8
 2013 04 20 19 02 53.503     2013 04 20 19 03 57.037      63.5
764
 2013 04 20 13 58 36.675     2013 04 20 14 01 52.106     195.4
 2013 04 20 22 13 43.096     2013 04 20 22 17 15.987     212.9
765
 2013 04 20 12 18 52.185     2013 04 20 12 19  6.940      14.8
 2013 04 20 22 16 47.037     2013 04 20 22 19 28.960     161.9
766
 2013 04 20 00 20  6.007     2013 04 20 00 22 38.707     152.7
767
 2013 04 20 00 18 53.290     2013 04 20 00 21 23.548     150.3
768
 2013 04 20 14 01 45.415     2013 04 20 14 02 24.938      39.5
 2013 04 20 22 11 33.384     2013 04 20 22 14 45.492     192.1
769
 2013 04 20 12 27 30.096     2013 04 20 12 30 11.991     161.9
 2013 04 20 19 00 36.452     2013 04 20 19 03 28.572     172.1
770
 2013 04 20 10 48  3.440     2013 04 20 10 50 46.594     163.2
 2013 04 20 19 04 51.355     2013 04 20 19 07 55.536     184.2
771
 2013 04 20 13 56 58.933     2013 04 20 13 59 35.706     156.8
 2013 04 20 22 13 32.094     2013 04 20 22 16 43.632     191.5
772
 2013 04 20 10 39 33.448     2013 04 20 10 43 12.819     219.4
773
 2013 04 20 12 24 40.393     2013 04 20 12 27 41.176     180.8
 2013 04 20 20 37 29.085     2013 04 20 20 41 12.486     223.4
774
 2013 04 20 13 59 37.984     2013 04 20 14 02 14.770     156.8
775
 2013 04 20 10 46 57.660     2013 04 20 10 49 32.093     154.4
776
 2013 04 20 13 58 58.560     2013 04 20 14 01 57.884     179.3
 2013 04 20 22 13 18.733     2013 04 20 22 14 32.519      73.8
777
 2013 04 20 12 13 42.517     2013 04 20 12 17 26.299     223.8
778
 2013 04 20 12 13 51.697     2013 04 20 12 17   .245     188.5
779
 2013 04 20 00 19  8.218     2013 04 20 00 22 11.291     183.1
780
 2013 04 20 10 43 22.306     2013 04 20 10 45 56.088     153.8
 2013 04 20 20 44 11.384     2013 04 20 20 46 56.345     165.0
781
782
 2013 04 20 13 59 38.903     2013 04 20 14 03 10.545     211.6
783
 2013 04 20 10 49 44.570     2013 04 20 10 53 12.388     207.8
 2013 04 20 19 02 56.095     2013 04 20 19 06 13.147     197.1
784
 2013 04 20 13 56 23.611     2013 04 20 13 59 16.402     172.8
 2013 04 20 22 16 17.853     2013 04 20 22 16 29.025      11.2
785
 2013 04 20 10 46 17.186     2013 04 20 10 49 34.865     197.7
786
 2013 04 20 22 15 28.983     2013 04 20 22 18  4.010     155.0
787
788
 2013 04 20 09 07 39.837     2013 04 20 09 08 34.174      54.3
 2013 04 20 20 47 33.320     2013 04 20 20 47 53.519      20.2
789
 2013 04 20 13 59  9.680     2013 04 20 14 00  4.919      55.2
790
 2013 04 20 00 19 26.473     2013 04 20 00 22  8.268     161.8
791
 2013 04 20 12 17  3.383     2013 04 20 12 19 48.082     164.7
 2013 04 20 22 19 11.453     2013 04 20 22 22 23.094     191.6
792
793
 2013 04 20 20 41 39.620     2013 04 20 20 44 15.523     155.9
794
795
 2013 04 20 12 21 27.532     2013 04 20 12 21 36.317       8.8
796
 2013 04 20 12 15 24.544     2013 04 20 12 18 59.936     215.4
797
 2013 04 20 00 14 38.653     2013 04 20 00 15  8.696      30.0
 2013 04 20 13 54 19.597     2013 04 20 13 56 56.743     157.1
798
 2013 04 20 12 21 37.179     2013 04 20 12 24 50.240     193.1
799
 2013 04 20 12 16 18.863     2013 04 20 12 19 12.653     173.8
 2013 04 20 22 22 43.724     2013 04 20 22 23 12.896      29.2
