0 52.7773 86.1368 1 24 5
2  45.0 45.0 0.00
1 44.2798 94.3235 8 26 8
2  45.0 45.0 0.00
2 27.3367 97.2458 5 29 6
2  45.0 45.0 0.00
3 30.1815 83.4869 1 20 5
2  45.0 45.0 0.00
4 37.2771 120.2264 3 17 9
2  45.0 45.0 0.00
5 16.8412 105.3219 2 19 8
2  45.0 45.0 0.00
6 25.5825 113.7508 10 15 8
2  45.0 45.0 0.00
7 3.7731 82.5108 2 15 6
2  45.0 45.0 0.00
8 43.5086 82.0023 7 18 6
2  45.0 45.0 0.00
9 42.1430 109.0537 7 16 5
2  45.0 45.0 0.00
10 45.8204 95.1638 9 21 5
2  45.0 45.0 0.00
11 13.4220 78.1077 4 25 9
2  45.0 45.0 0.00
12 17.3449 76.9524 5 29 8
2  45.0 45.0 0.00
13 43.3777 95.8780 10 20 5
2  45.0 45.0 0.00
14 22.2559 82.0773 10 15 7
2  45.0 45.0 0.00
15 29.7752 107.1435 5 28 6
2  45.0 45.0 0.00
16 36.7964 98.6111 4 17 9
2  45.0 45.0 0.00
17 7.1127 88.8599 1 27 6
2  45.0 45.0 0.00
18 49.5167 99.9081 10 17 9
2  45.0 45.0 0.00
19 40.2150 82.1190 4 22 6
2  45.0 45.0 0.00
20 23.0780 87.4465 9 29 5
2  45.0 45.0 0.00
21 38.2559 92.4640 5 27 8
2  45.0 45.0 0.00
22 34.9691 85.5636 9 21 7
2  45.0 45.0 0.00
23 46.0023 126.2662 9 16 8
2  45.0 45.0 0.00
24 30.1611 105.7663 9 16 6
2  45.0 45.0 0.00
25 49.8324 131.4121 1 17 6
2  45.0 45.0 0.00
26 22.1760 77.7781 8 23 7
2  45.0 45.0 0.00
27 24.7577 99.9995 10 15 6
2  45.0 45.0 0.00
28 40.8927 98.6167 4 16 7
2  45.0 45.0 0.00
29 39.0470 73.8093 3 25 5
2  45.0 45.0 0.00
30 45.8264 75.8304 5 27 7
2  45.0 45.0 0.00
31 45.7727 80.7206 4 26 5
2  45.0 45.0 0.00
32 39.5792 81.4792 6 23 9
2  45.0 45.0 0.00
33 30.9873 111.0744 5 15 7
2  45.0 45.0 0.00
34 23.5028 122.9889 4 25 6
2  45.0 45.0 0.00
35 8.8138 97.8035 2 25 9
2  45.0 45.0 0.00
36 49.1581 89.0529 4 16 9
2  45.0 45.0 0.00
37 19.8174 87.8798 9 17 5
2  45.0 45.0 0.00
38 18.3239 114.5799 2 29 9
2  45.0 45.0 0.00
39 33.8268 124.1134 7 17 9
2  45.0 45.0 0.00
40 7.3183 73.5671 8 18 8
2  45.0 45.0 0.00
41 4.1690 93.1698 1 23 6
2  45.0 45.0 0.00
42 25.1032 99.6737 2 27 8
2  45.0 45.0 0.00
43 26.2018 73.8258 7 26 5
2  45.0 45.0 0.00
44 18.5875 102.1453 2 28 6
2  45.0 45.0 0.00
45 38.8528 123.6642 1 28 8
2  45.0 45.0 0.00
46 16.2193 87.5407 6 25 6
2  45.0 45.0 0.00
47 48.6854 76.6553 3 21 8
2  45.0 45.0 0.00
48 3.0092 115.5051 9 27 9
2  45.0 45.0 0.00
49 46.0958 125.8081 7 18 5
2  45.0 45.0 0.00
50 33.1386 78.0449 2 16 9
2  45.0 45.0 0.00
51 33.0305 81.1281 5 27 8
2  45.0 45.0 0.00
52 11.9488 100.3694 4 28 9
2  45.0 45.0 0.00
53 12.9859 118.1148 10 23 7
2  45.0 45.0 0.00
54 23.1557 107.2296 8 15 6
2  45.0 45.0 0.00
55 33.1666 111.7526 1 28 8
2  45.0 45.0 0.00
56 44.8461 108.0923 3 25 7
2  45.0 45.0 0.00
57 12.0152 81.9205 9 27 9
2  45.0 45.0 0.00
58 41.9121 87.2018 7 27 7
2  45.0 45.0 0.00
59 30.2014 122.6057 7 15 5
2  45.0 45.0 0.00
60 8.5001 90.7245 5 26 7
2  45.0 45.0 0.00
61 4.6140 77.7096 8 28 8
2  45.0 45.0 0.00
62 50.7367 85.4148 9 16 7
2  45.0 45.0 0.00
63 32.7052 119.0512 5 20 9
2  45.0 45.0 0.00
64 5.5522 130.0338 8 26 9
2  45.0 45.0 0.00
65 11.3209 117.8049 10 23 7
2  45.0 45.0 0.00
66 41.8285 109.8649 6 28 6
2  45.0 45.0 0.00
67 30.0756 121.2553 1 18 8
2  45.0 45.0 0.00
68 8.0905 89.2883 9 15 5
2  45.0 45.0 0.00
69 31.5664 80.1989 7 21 9
2  45.0 45.0 0.00
70 41.8254 98.9754 1 16 6
2  45.0 45.0 0.00
71 10.9720 105.0748 5 29 7
2  45.0 45.0 0.00
72 17.2766 103.4292 7 20 6
2  45.0 45.0 0.00
73 20.0159 91.2135 1 28 6
2  45.0 45.0 0.00
74 42.4924 105.6597 10 25 5
2  45.0 45.0 0.00
75 41.9786 129.4313 7 26 5
2  45.0 45.0 0.00
76 5.3218 93.3811 4 24 7
2  45.0 45.0 0.00
77 20.1823 102.6172 8 24 9
2  45.0 45.0 0.00
78 3.3467 124.1718 10 25 5
2  45.0 45.0 0.00
79 32.7328 128.7283 6 26 9
2  45.0 45.0 0.00
80 16.3885 87.1362 4 16 9
2  45.0 45.0 0.00
81 14.6090 118.5950 3 16 8
2  45.0 45.0 0.00
82 13.9459 120.8043 7 27 5
2  45.0 45.0 0.00
83 50.2923 125.7407 6 28 7
2  45.0 45.0 0.00
84 45.3349 114.1282 7 16 6
2  45.0 45.0 0.00
85 49.8493 123.3337 10 23 7
2  45.0 45.0 0.00
86 45.5384 82.9500 1 26 8
2  45.0 45.0 0.00
87 43.5416 88.3878 2 24 5
2  45.0 45.0 0.00
88 32.1865 98.0811 6 29 5
2  45.0 45.0 0.00
89 13.5097 75.1447 8 23 7
2  45.0 45.0 0.00
90 38.7822 74.9704 7 19 6
2  45.0 45.0 0.00
91 32.1150 82.5659 6 25 5
2  45.0 45.0 0.00
92 22.6643 85.4301 4 24 8
2  45.0 45.0 0.00
93 5.6542 76.4528 8 15 5
2  45.0 45.0 0.00
94 37.4692 87.6720 8 26 9
2  45.0 45.0 0.00
95 24.4340 115.8719 1 28 8
2  45.0 45.0 0.00
96 48.0620 89.4918 8 29 9
2  45.0 45.0 0.00
97 43.8963 123.8229 4 21 6
2  45.0 45.0 0.00
98 35.5701 106.8207 6 23 8
2  45.0 45.0 0.00
99 21.8282 121.4601 2 20 6
2  45.0 45.0 0.00
100 10.6323 132.8958 7 22 9
2  45.0 45.0 0.00
101 26.5556 90.1360 10 21 6
2  45.0 45.0 0.00
102 46.3884 87.8144 1 15 6
2  45.0 45.0 0.00
103 8.9211 86.2326 5 26 6
2  45.0 45.0 0.00
104 13.3018 111.1789 10 26 7
2  45.0 45.0 0.00
105 9.2853 112.6668 1 29 8
2  45.0 45.0 0.00
106 34.0506 93.8369 8 23 5
2  45.0 45.0 0.00
107 48.1488 117.6188 6 17 9
2  45.0 45.0 0.00
108 29.6163 99.2138 9 18 5
2  45.0 45.0 0.00
109 23.2248 105.8110 7 18 6
2  45.0 45.0 0.00
110 10.8010 74.7088 1 16 6
2  45.0 45.0 0.00
111 28.8166 86.9489 5 15 8
2  45.0 45.0 0.00
112 43.4999 92.5653 9 24 7
2  45.0 45.0 0.00
113 29.0244 115.2542 5 15 8
2  45.0 45.0 0.00
114 21.7388 76.4045 6 28 7
2  45.0 45.0 0.00
115 41.4570 99.1648 5 23 9
2  45.0 45.0 0.00
116 31.9428 96.7806 7 24 8
2  45.0 45.0 0.00
117 32.6265 88.3541 6 17 7
2  45.0 45.0 0.00
118 36.5247 116.1373 1 21 5
2  45.0 45.0 0.00
119 13.3119 119.8836 1 25 8
2  45.0 45.0 0.00
120 38.0129 105.6745 2 22 8
2  45.0 45.0 0.00
121 7.9639 81.1446 7 25 9
2  45.0 45.0 0.00
122 7.0126 112.5483 7 17 5
2  45.0 45.0 0.00
123 23.6827 114.6728 3 29 9
2  45.0 45.0 0.00
124 16.2293 106.3335 9 21 8
2  45.0 45.0 0.00
125 35.7910 110.4318 9 27 6
2  45.0 45.0 0.00
126 52.3874 117.1868 3 27 8
2  45.0 45.0 0.00
127 4.7141 125.2276 10 27 5
2  45.0 45.0 0.00
128 25.8394 108.0211 5 17 9
2  45.0 45.0 0.00
129 3.5678 105.5364 10 20 9
2  45.0 45.0 0.00
130 28.5846 123.6986 7 26 9
2  45.0 45.0 0.00
131 10.2350 79.0896 9 27 9
2  45.0 45.0 0.00
132 26.7707 91.6271 1 19 8
2  45.0 45.0 0.00
133 20.1902 122.1994 7 22 5
2  45.0 45.0 0.00
134 30.1597 123.0518 3 28 7
2  45.0 45.0 0.00
135 37.0451 94.4399 5 23 8
2  45.0 45.0 0.00
136 8.6774 87.0702 9 29 8
2  45.0 45.0 0.00
137 10.1386 131.3822 8 29 9
2  45.0 45.0 0.00
138 49.6394 74.2021 9 29 5
2  45.0 45.0 0.00
139 10.3168 90.0355 10 22 5
2  45.0 45.0 0.00
140 12.5683 77.5340 7 19 8
2  45.0 45.0 0.00
141 36.8748 131.0117 1 19 7
2  45.0 45.0 0.00
142 42.3684 104.8829 2 17 5
2  45.0 45.0 0.00
143 15.0455 91.7476 9 23 9
2  45.0 45.0 0.00
144 21.5383 123.9592 6 24 6
2  45.0 45.0 0.00
145 29.1580 124.5250 3 27 7
2  45.0 45.0 0.00
146 22.8489 125.3354 3 20 5
2  45.0 45.0 0.00
147 4.8991 127.0909 7 20 8
2  45.0 45.0 0.00
148 11.7955 113.8449 1 22 8
2  45.0 45.0 0.00
149 23.0703 124.7133 1 29 5
2  45.0 45.0 0.00
150 44.6938 116.4139 8 22 8
2  45.0 45.0 0.00
151 20.1023 99.7235 3 16 6
2  45.0 45.0 0.00
152 43.9374 81.5249 6 27 5
2  45.0 45.0 0.00
153 48.7555 81.1461 8 16 6
2  45.0 45.0 0.00
154 19.9697 129.1540 9 28 9
2  45.0 45.0 0.00
155 37.5009 93.2920 4 29 5
2  45.0 45.0 0.00
156 36.0635 126.5965 9 24 8
2  45.0 45.0 0.00
157 36.6706 95.4836 5 26 8
2  45.0 45.0 0.00
158 32.6295 119.9471 4 15 5
2  45.0 45.0 0.00
159 4.6914 125.1938 3 19 9
2  45.0 45.0 0.00
160 16.2818 118.3987 2 24 6
2  45.0 45.0 0.00
161 47.8989 121.7650 5 23 6
2  45.0 45.0 0.00
162 3.1923 100.5524 6 29 7
2  45.0 45.0 0.00
163 49.2736 101.7533 10 16 8
2  45.0 45.0 0.00
164 30.0192 94.5370 2 19 9
2  45.0 45.0 0.00
165 30.8471 127.4614 3 27 8
2  45.0 45.0 0.00
166 44.0061 74.4423 4 17 5
2  45.0 45.0 0.00
167 48.2313 88.2525 7 20 6
2  45.0 45.0 0.00
168 46.0331 121.9978 6 23 6
2  45.0 45.0 0.00
169 9.6692 122.3341 4 23 5
2  45.0 45.0 0.00
170 30.7303 120.5021 4 23 8
2  45.0 45.0 0.00
171 48.3343 99.1419 6 24 5
2  45.0 45.0 0.00
172 52.5143 132.0866 9 27 9
2  45.0 45.0 0.00
173 51.9903 92.2867 8 29 9
2  45.0 45.0 0.00
174 36.5632 80.4908 1 26 6
2  45.0 45.0 0.00
175 39.1877 122.2681 3 16 8
2  45.0 45.0 0.00
176 39.7354 94.3697 2 24 7
2  45.0 45.0 0.00
177 4.4210 101.6873 8 21 7
2  45.0 45.0 0.00
178 26.4464 109.0016 7 19 7
2  45.0 45.0 0.00
179 46.7943 131.1161 6 24 7
2  45.0 45.0 0.00
180 43.5970 125.8536 4 25 5
2  45.0 45.0 0.00
181 24.4880 75.2070 7 19 7
2  45.0 45.0 0.00
182 7.2776 92.2273 9 15 9
2  45.0 45.0 0.00
183 34.7063 93.0530 2 21 5
2  45.0 45.0 0.00
184 28.0842 127.5973 8 22 5
2  45.0 45.0 0.00
185 6.5619 122.0866 6 19 8
2  45.0 45.0 0.00
186 40.7576 83.5816 4 25 6
2  45.0 45.0 0.00
187 45.6907 113.5164 4 22 8
2  45.0 45.0 0.00
188 52.5818 83.1827 4 29 7
2  45.0 45.0 0.00
189 10.4236 108.5833 7 20 6
2  45.0 45.0 0.00
190 30.0835 104.6051 10 23 8
2  45.0 45.0 0.00
191 48.0992 94.5305 9 22 8
2  45.0 45.0 0.00
192 33.5825 118.1621 6 24 5
2  45.0 45.0 0.00
193 48.4596 112.1469 2 25 8
2  45.0 45.0 0.00
194 50.9426 124.6160 3 25 8
2  45.0 45.0 0.00
195 19.5986 130.7948 8 29 7
2  45.0 45.0 0.00
196 26.9092 98.8933 4 28 8
2  45.0 45.0 0.00
197 14.4199 110.9958 9 29 7
2  45.0 45.0 0.00
198 27.7486 82.9406 5 27 6
2  45.0 45.0 0.00
199 14.9467 106.5015 8 28 7
2  45.0 45.0 0.00
200 27.8012 125.5255 8 26 5
2  45.0 45.0 0.00
201 37.0702 124.5071 10 27 9
2  45.0 45.0 0.00
202 49.9369 95.8148 6 29 6
2  45.0 45.0 0.00
203 12.0048 122.3034 1 27 6
2  45.0 45.0 0.00
204 16.7964 115.0977 9 19 5
2  45.0 45.0 0.00
205 42.6588 74.8631 8 21 9
2  45.0 45.0 0.00
206 41.6808 78.7428 5 23 9
2  45.0 45.0 0.00
207 33.1380 111.9797 9 27 9
2  45.0 45.0 0.00
208 21.4973 122.8150 2 29 9
2  45.0 45.0 0.00
209 8.7363 85.8144 5 23 5
2  45.0 45.0 0.00
210 23.8605 117.2640 6 24 7
2  45.0 45.0 0.00
211 42.7198 108.4571 5 23 6
2  45.0 45.0 0.00
212 35.5176 97.1387 2 27 7
2  45.0 45.0 0.00
213 45.1512 122.4655 8 16 6
2  45.0 45.0 0.00
214 29.5217 131.7959 5 29 5
2  45.0 45.0 0.00
215 25.2839 116.7749 6 20 8
2  45.0 45.0 0.00
216 31.9801 100.7898 7 19 7
2  45.0 45.0 0.00
217 4.7941 100.8055 1 15 7
2  45.0 45.0 0.00
218 3.5904 76.5337 1 22 8
2  45.0 45.0 0.00
219 51.3818 74.0422 6 22 5
2  45.0 45.0 0.00
220 17.5150 79.8613 7 17 8
2  45.0 45.0 0.00
221 24.8639 118.6220 1 23 5
2  45.0 45.0 0.00
222 6.2407 85.9256 10 28 8
2  45.0 45.0 0.00
223 12.3595 77.5075 6 20 6
2  45.0 45.0 0.00
224 21.9800 120.9457 8 25 6
2  45.0 45.0 0.00
225 26.5769 100.5028 5 19 7
2  45.0 45.0 0.00
226 24.4153 87.2098 6 18 5
2  45.0 45.0 0.00
227 26.2623 89.1533 4 25 6
2  45.0 45.0 0.00
228 16.7758 127.2309 7 15 7
2  45.0 45.0 0.00
229 42.8191 84.0677 1 27 5
2  45.0 45.0 0.00
230 47.6255 110.4863 4 16 7
2  45.0 45.0 0.00
231 27.5602 99.3606 3 28 5
2  45.0 45.0 0.00
232 51.9449 101.3175 6 29 7
2  45.0 45.0 0.00
233 44.3992 132.8951 6 26 6
2  45.0 45.0 0.00
234 48.8984 96.7866 2 15 8
2  45.0 45.0 0.00
235 26.7875 119.9152 5 18 6
2  45.0 45.0 0.00
236 17.3538 109.1708 7 17 6
2  45.0 45.0 0.00
237 43.1768 81.4664 7 26 9
2  45.0 45.0 0.00
238 4.2951 94.3745 9 22 9
2  45.0 45.0 0.00
239 43.1778 127.2884 7 23 9
2  45.0 45.0 0.00
240 42.9065 96.6752 3 23 5
2  45.0 45.0 0.00
241 27.8034 109.7820 5 20 5
2  45.0 45.0 0.00
242 38.4642 85.3323 8 24 7
2  45.0 45.0 0.00
243 21.8026 90.8690 3 26 8
2  45.0 45.0 0.00
244 37.3439 86.4827 8 29 7
2  45.0 45.0 0.00
245 31.0863 126.8577 1 17 5
2  45.0 45.0 0.00
246 31.5472 86.0919 7 20 5
2  45.0 45.0 0.00
247 47.6245 75.9647 9 17 9
2  45.0 45.0 0.00
248 12.5251 120.8452 2 26 5
2  45.0 45.0 0.00
249 44.0182 114.7632 2 29 7
2  45.0 45.0 0.00
250 28.2870 81.4787 3 26 5
2  45.0 45.0 0.00
251 31.6709 99.2259 6 16 9
2  45.0 45.0 0.00
252 32.9219 97.8566 9 18 6
2  45.0 45.0 0.00
253 27.5543 124.4946 3 24 8
2  45.0 45.0 0.00
254 19.3320 80.7094 4 29 8
2  45.0 45.0 0.00
255 47.4729 100.3366 6 28 6
2  45.0 45.0 0.00
256 46.2836 127.3853 3 24 8
2  45.0 45.0 0.00
257 24.4816 99.7444 2 18 7
2  45.0 45.0 0.00
258 25.7696 128.5216 4 18 9
2  45.0 45.0 0.00
259 41.8113 105.3807 6 21 9
2  45.0 45.0 0.00
260 51.1061 78.3080 7 20 5
2  45.0 45.0 0.00
261 21.8625 85.3805 10 17 7
2  45.0 45.0 0.00
262 8.8904 105.1346 7 27 8
2  45.0 45.0 0.00
263 37.6008 117.8618 10 21 6
2  45.0 45.0 0.00
264 5.2673 111.7780 8 16 6
2  45.0 45.0 0.00
265 23.0640 125.8260 10 29 5
2  45.0 45.0 0.00
266 20.4889 76.3181 8 15 7
2  45.0 45.0 0.00
267 41.8603 105.9217 4 22 9
2  45.0 45.0 0.00
268 14.1645 90.9051 8 24 9
2  45.0 45.0 0.00
269 48.9908 77.0355 2 23 5
2  45.0 45.0 0.00
270 4.4265 77.6706 9 17 5
2  45.0 45.0 0.00
271 18.7911 74.2103 7 15 6
2  45.0 45.0 0.00
272 27.8409 88.2760 6 16 8
2  45.0 45.0 0.00
273 6.1253 102.0725 3 18 6
2  45.0 45.0 0.00
274 10.1660 86.4989 3 24 7
2  45.0 45.0 0.00
275 40.3464 73.5432 6 17 5
2  45.0 45.0 0.00
276 19.7011 90.4279 1 29 5
2  45.0 45.0 0.00
277 16.5968 126.6330 8 29 9
2  45.0 45.0 0.00
278 40.8517 104.4242 10 19 6
2  45.0 45.0 0.00
279 51.4345 85.5131 3 27 8
2  45.0 45.0 0.00
280 24.7637 121.1657 2 18 9
2  45.0 45.0 0.00
281 43.1774 99.9109 8 25 7
2  45.0 45.0 0.00
282 18.3384 125.0390 9 28 5
2  45.0 45.0 0.00
283 13.3177 91.3879 3 28 5
2  45.0 45.0 0.00
284 11.4311 103.4887 1 19 6
2  45.0 45.0 0.00
285 33.9792 127.7925 5 20 6
2  45.0 45.0 0.00
286 29.9188 82.7243 6 22 5
2  45.0 45.0 0.00
287 29.5630 76.4517 6 17 7
2  45.0 45.0 0.00
288 44.1710 86.1221 10 21 5
2  45.0 45.0 0.00
289 47.4859 111.9187 7 16 5
2  45.0 45.0 0.00
290 36.1113 91.0281 1 27 8
2  45.0 45.0 0.00
291 49.3565 103.2921 10 27 6
2  45.0 45.0 0.00
292 47.5170 78.3744 2 21 9
2  45.0 45.0 0.00
293 10.2349 94.3494 4 27 8
2  45.0 45.0 0.00
294 10.4413 82.5709 7 21 5
2  45.0 45.0 0.00
295 50.4961 76.2299 2 18 8
2  45.0 45.0 0.00
296 51.5469 120.9563 6 19 5
2  45.0 45.0 0.00
297 14.8954 93.9673 10 28 5
2  45.0 45.0 0.00
298 4.3196 84.7830 7 26 6
2  45.0 45.0 0.00
299 39.6924 119.4354 1 22 8
2  45.0 45.0 0.00
300 29.6947 121.1811 6 22 6
2  45.0 45.0 0.00
301 28.1355 123.5093 10 25 7
2  45.0 45.0 0.00
302 46.6648 90.6105 1 17 9
2  45.0 45.0 0.00
303 7.5535 119.3752 2 18 5
2  45.0 45.0 0.00
304 42.7621 102.0134 2 26 9
2  45.0 45.0 0.00
305 50.6221 95.1021 7 16 5
2  45.0 45.0 0.00
306 11.7999 105.2640 5 21 5
2  45.0 45.0 0.00
307 11.3960 91.3203 1 29 6
2  45.0 45.0 0.00
308 22.8043 110.1310 5 21 5
2  45.0 45.0 0.00
309 39.6442 74.7138 8 29 5
2  45.0 45.0 0.00
310 51.0464 103.6040 10 22 8
2  45.0 45.0 0.00
311 5.5169 75.1050 8 22 8
2  45.0 45.0 0.00
312 9.7170 116.1907 10 25 5
2  45.0 45.0 0.00
313 19.7782 122.6189 9 15 8
2  45.0 45.0 0.00
314 42.2865 121.1032 10 29 7
2  45.0 45.0 0.00
315 11.8196 77.3078 8 25 5
2  45.0 45.0 0.00
316 49.1939 95.6415 10 28 5
2  45.0 45.0 0.00
317 36.2966 75.2923 5 27 7
2  45.0 45.0 0.00
318 9.6418 119.8425 10 19 6
2  45.0 45.0 0.00
319 36.8121 127.4947 3 20 6
2  45.0 45.0 0.00
320 48.2951 74.2178 5 18 6
2  45.0 45.0 0.00
321 10.9604 104.5885 2 28 9
2  45.0 45.0 0.00
322 51.9270 93.5793 6 19 8
2  45.0 45.0 0.00
323 40.8492 120.5627 1 24 7
2  45.0 45.0 0.00
324 17.8680 73.0902 2 23 9
2  45.0 45.0 0.00
325 3.2511 103.3314 9 24 6
2  45.0 45.0 0.00
326 16.4073 113.5404 1 21 8
2  45.0 45.0 0.00
327 48.1791 82.8825 1 25 9
2  45.0 45.0 0.00
328 9.9729 81.1788 4 28 9
2  45.0 45.0 0.00
329 42.4924 99.8785 10 23 6
2  45.0 45.0 0.00
330 47.1765 87.8018 6 27 5
2  45.0 45.0 0.00
331 48.2199 98.9833 2 21 6
2  45.0 45.0 0.00
332 35.6842 125.4960 2 23 9
2  45.0 45.0 0.00
333 18.1434 127.0526 3 23 8
2  45.0 45.0 0.00
334 32.6138 78.1909 2 26 6
2  45.0 45.0 0.00
335 11.0523 79.5622 1 25 9
2  45.0 45.0 0.00
336 30.8523 129.8063 1 20 8
2  45.0 45.0 0.00
337 4.0725 121.6747 2 20 8
2  45.0 45.0 0.00
338 26.5263 118.5390 2 19 8
2  45.0 45.0 0.00
339 16.2262 105.8481 7 29 7
2  45.0 45.0 0.00
340 47.4485 124.9178 7 27 5
2  45.0 45.0 0.00
341 42.8508 99.9395 10 24 5
2  45.0 45.0 0.00
342 42.7515 115.2820 10 23 6
2  45.0 45.0 0.00
343 38.3457 104.8664 7 27 8
2  45.0 45.0 0.00
344 27.5811 105.9297 3 29 7
2  45.0 45.0 0.00
345 44.6646 118.6112 7 16 7
2  45.0 45.0 0.00
346 33.6789 80.1472 8 17 5
2  45.0 45.0 0.00
347 37.5875 78.6280 2 17 9
2  45.0 45.0 0.00
348 31.6230 82.2268 4 19 8
2  45.0 45.0 0.00
349 41.2913 83.0374 4 29 5
2  45.0 45.0 0.00
350 39.6709 117.6435 10 18 6
2  45.0 45.0 0.00
351 20.0071 126.2915 2 19 7
2  45.0 45.0 0.00
352 4.8414 93.0965 2 16 6
2  45.0 45.0 0.00
353 36.7955 105.4745 4 22 5
2  45.0 45.0 0.00
354 33.6557 95.4544 10 29 7
2  45.0 45.0 0.00
355 19.8922 88.9827 8 20 6
2  45.0 45.0 0.00
356 36.3000 118.7503 9 15 7
2  45.0 45.0 0.00
357 46.4759 125.9695 1 28 9
2  45.0 45.0 0.00
358 43.1779 122.1607 9 24 8
2  45.0 45.0 0.00
359 14.8759 74.9338 4 29 6
2  45.0 45.0 0.00
360 14.2293 114.9760 7 27 5
2  45.0 45.0 0.00
361 20.9588 120.4451 4 27 7
2  45.0 45.0 0.00
362 6.6882 104.9934 9 15 8
2  45.0 45.0 0.00
363 16.7162 89.8840 5 23 6
2  45.0 45.0 0.00
364 42.6542 113.2084 6 23 6
2  45.0 45.0 0.00
365 42.6885 118.2462 2 18 5
2  45.0 45.0 0.00
366 18.2807 90.8552 5 16 7
2  45.0 45.0 0.00
367 51.3200 128.8731 7 28 6
2  45.0 45.0 0.00
368 6.9383 75.9742 7 19 5
2  45.0 45.0 0.00
369 16.5168 120.4706 8 29 6
2  45.0 45.0 0.00
370 50.8059 101.9476 1 25 8
2  45.0 45.0 0.00
371 30.7222 82.4505 9 22 5
2  45.0 45.0 0.00
372 33.2537 108.1302 6 26 5
2  45.0 45.0 0.00
373 41.8089 98.8319 6 21 9
2  45.0 45.0 0.00
374 20.1553 94.4186 5 19 8
2  45.0 45.0 0.00
375 40.1757 96.4790 5 22 7
2  45.0 45.0 0.00
376 3.1296 120.1778 9 28 5
2  45.0 45.0 0.00
377 44.1577 110.1960 6 20 8
2  45.0 45.0 0.00
378 43.4446 99.6530 2 28 8
2  45.0 45.0 0.00
379 27.6632 91.3161 1 17 7
2  45.0 45.0 0.00
380 44.9902 94.1780 10 29 9
2  45.0 45.0 0.00
381 32.9571 82.2070 7 15 6
2  45.0 45.0 0.00
382 11.1564 113.8273 2 28 5
2  45.0 45.0 0.00
383 43.9388 114.5362 6 25 8
2  45.0 45.0 0.00
384 10.8123 77.7867 8 25 9
2  45.0 45.0 0.00
385 47.9444 99.0300 7 24 7
2  45.0 45.0 0.00
386 24.9123 87.5324 10 29 8
2  45.0 45.0 0.00
387 35.4813 121.6601 1 15 6
2  45.0 45.0 0.00
388 36.4852 107.2043 10 15 8
2  45.0 45.0 0.00
389 9.4219 106.1896 10 26 5
2  45.0 45.0 0.00
390 43.0497 109.6094 3 22 8
2  45.0 45.0 0.00
391 41.0013 111.4885 9 16 5
2  45.0 45.0 0.00
392 11.2654 102.2771 8 22 7
2  45.0 45.0 0.00
393 49.0461 115.8094 7 19 5
2  45.0 45.0 0.00
394 3.3887 111.4847 10 20 8
2  45.0 45.0 0.00
395 32.3087 76.5633 1 16 9
2  45.0 45.0 0.00
396 20.2864 112.2684 6 23 6
2  45.0 45.0 0.00
397 44.4044 115.9820 2 17 9
2  45.0 45.0 0.00
398 3.4075 116.3709 3 28 7
2  45.0 45.0 0.00
399 12.0876 78.3839 8 24 9
2  45.0 45.0 0.00
400 23.7474 90.1529 1 24 6
2  45.0 45.0 0.00
401 10.9791 89.0549 3 27 8
2  45.0 45.0 0.00
402 38.0318 105.2186 3 17 8
2  45.0 45.0 0.00
403 28.5417 128.8784 5 17 6
2  45.0 45.0 0.00
404 13.2278 104.4893 9 21 9
2  45.0 45.0 0.00
405 17.2463 119.3305 9 26 9
2  45.0 45.0 0.00
406 27.8220 99.4632 9 17 9
2  45.0 45.0 0.00
407 5.9923 73.0719 2 20 5
2  45.0 45.0 0.00
408 31.0254 127.3896 10 22 7
2  45.0 45.0 0.00
409 26.5587 107.7754 6 18 5
2  45.0 45.0 0.00
410 15.5222 129.3650 3 20 5
2  45.0 45.0 0.00
411 47.5063 122.5877 9 26 6
2  45.0 45.0 0.00
412 22.3704 101.7863 10 27 9
2  45.0 45.0 0.00
413 15.9792 94.4792 8 18 7
2  45.0 45.0 0.00
414 28.4819 107.7090 4 15 6
2  45.0 45.0 0.00
415 17.9031 76.1417 3 28 6
2  45.0 45.0 0.00
416 38.2668 106.1349 5 25 8
2  45.0 45.0 0.00
417 30.8512 78.8473 7 16 5
2  45.0 45.0 0.00
418 14.6693 85.9804 3 15 5
2  45.0 45.0 0.00
419 7.0368 77.2354 6 24 9
2  45.0 45.0 0.00
420 8.6594 94.5944 3 25 8
2  45.0 45.0 0.00
421 36.5980 126.2444 8 15 8
2  45.0 45.0 0.00
422 44.8882 129.7092 6 22 9
2  45.0 45.0 0.00
423 44.7580 120.6814 3 16 6
2  45.0 45.0 0.00
424 11.1064 88.0669 2 16 6
2  45.0 45.0 0.00
425 17.6649 104.9560 2 28 8
2  45.0 45.0 0.00
426 14.3737 97.9464 3 15 5
2  45.0 45.0 0.00
427 20.2715 124.8558 4 29 5
2  45.0 45.0 0.00
428 36.4809 76.6516 10 19 7
2  45.0 45.0 0.00
429 17.4116 117.5720 4 17 9
2  45.0 45.0 0.00
430 17.3023 131.6498 8 21 8
2  45.0 45.0 0.00
431 46.1036 87.8219 2 20 7
2  45.0 45.0 0.00
432 9.9680 132.2143 5 19 7
2  45.0 45.0 0.00
433 24.0994 127.5191 3 21 7
2  45.0 45.0 0.00
434 51.5448 122.2086 9 16 6
2  45.0 45.0 0.00
435 8.0634 128.4085 6 22 9
2  45.0 45.0 0.00
436 30.5215 95.0769 9 29 9
2  45.0 45.0 0.00
437 15.4988 132.1099 10 20 9
2  45.0 45.0 0.00
438 7.9199 101.8589 5 21 7
2  45.0 45.0 0.00
439 37.1356 118.0565 9 26 6
2  45.0 45.0 0.00
440 21.9791 89.9996 10 23 5
2  45.0 45.0 0.00
441 26.2951 127.3414 8 17 5
2  45.0 45.0 0.00
442 49.9298 116.3356 1 22 8
2  45.0 45.0 0.00
443 41.5706 132.7873 9 19 8
2  45.0 45.0 0.00
444 24.8412 105.4405 1 23 5
2  45.0 45.0 0.00
445 27.4957 96.8396 8 22 7
2  45.0 45.0 0.00
446 20.5163 82.7751 9 18 9
2  45.0 45.0 0.00
447 16.3552 119.3206 5 29 6
2  45.0 45.0 0.00
448 20.2143 121.1562 5 18 9
2  45.0 45.0 0.00
449 21.8069 73.7754 6 26 8
2  45.0 45.0 0.00
450 37.3129 98.3520 1 16 6
2  45.0 45.0 0.00
451 44.9454 115.1441 6 22 6
2  45.0 45.0 0.00
452 6.4288 98.6165 3 26 6
2  45.0 45.0 0.00
453 41.7839 102.6617 7 22 5
2  45.0 45.0 0.00
454 52.9701 74.2018 7 16 5
2  45.0 45.0 0.00
455 34.7111 93.0735 7 26 8
2  45.0 45.0 0.00
456 26.8495 112.3399 5 26 6
2  45.0 45.0 0.00
457 49.3897 75.6005 2 29 7
2  45.0 45.0 0.00
458 31.2351 90.6601 7 26 9
2  45.0 45.0 0.00
459 48.8672 75.9710 4 28 5
2  45.0 45.0 0.00
460 47.0888 102.5562 8 23 5
2  45.0 45.0 0.00
461 36.3114 91.0818 1 29 7
2  45.0 45.0 0.00
462 28.2175 130.9623 9 28 8
2  45.0 45.0 0.00
463 23.6456 112.8075 9 20 6
2  45.0 45.0 0.00
464 39.6169 104.3250 8 16 7
2  45.0 45.0 0.00
465 38.2533 88.5999 1 17 8
2  45.0 45.0 0.00
466 32.2352 100.9811 8 23 9
2  45.0 45.0 0.00
467 52.2194 79.2500 6 24 6
2  45.0 45.0 0.00
468 34.3215 79.2726 5 21 7
2  45.0 45.0 0.00
469 32.9332 98.3843 2 29 5
2  45.0 45.0 0.00
470 15.6943 113.7249 10 25 7
2  45.0 45.0 0.00
471 20.9847 96.3612 1 15 5
2  45.0 45.0 0.00
472 23.3115 79.1845 4 17 8
2  45.0 45.0 0.00
473 4.8999 96.4307 4 15 6
2  45.0 45.0 0.00
474 18.4373 73.2727 9 15 8
2  45.0 45.0 0.00
475 34.3897 79.5072 2 23 6
2  45.0 45.0 0.00
476 17.0997 90.6920 5 16 9
2  45.0 45.0 0.00
477 48.2978 120.9016 6 17 9
2  45.0 45.0 0.00
478 32.7517 78.4448 2 24 9
2  45.0 45.0 0.00
479 29.1678 130.2942 1 24 6
2  45.0 45.0 0.00
480 13.4076 98.3229 2 25 6
2  45.0 45.0 0.00
481 15.4671 111.5522 7 29 6
2  45.0 45.0 0.00
482 15.5620 121.4039 4 24 8
2  45.0 45.0 0.00
483 8.5682 74.2181 1 20 6
2  45.0 45.0 0.00
484 14.9820 86.1934 5 17 5
2  45.0 45.0 0.00
485 13.9000 97.2528 3 15 8
2  45.0 45.0 0.00
486 36.6446 101.4309 7 20 6
2  45.0 45.0 0.00
487 45.9973 108.0954 3 26 5
2  45.0 45.0 0.00
488 16.1710 124.5470 3 28 7
2  45.0 45.0 0.00
489 42.4151 101.0604 10 29 9
2  45.0 45.0 0.00
490 28.1527 109.9424 10 20 9
2  45.0 45.0 0.00
491 52.4131 90.2456 9 24 5
2  45.0 45.0 0.00
492 45.2564 108.8914 5 19 8
2  45.0 45.0 0.00
493 41.8696 98.9800 8 20 6
2  45.0 45.0 0.00
494 29.3220 86.8040 3 17 9
2  45.0 45.0 0.00
495 22.0261 92.4803 2 24 5
2  45.0 45.0 0.00
496 40.5163 97.9084 5 16 8
2  45.0 45.0 0.00
497 5.8593 78.5516 2 23 7
2  45.0 45.0 0.00
498 31.6260 130.0085 3 25 8
2  45.0 45.0 0.00
499 36.2615 108.0034 5 18 8
2  45.0 45.0 0.00
500 20.7651 80.5125 2 24 8
2  45.0 45.0 0.00
501 16.6494 98.0194 5 21 8
2  45.0 45.0 0.00
502 36.1795 111.5900 5 22 8
2  45.0 45.0 0.00
503 24.4994 102.1005 8 23 7
2  45.0 45.0 0.00
504 37.2433 124.7424 7 28 5
2  45.0 45.0 0.00
505 31.8149 103.2655 7 22 7
2  45.0 45.0 0.00
506 42.8566 78.9226 5 27 9
2  45.0 45.0 0.00
507 34.2559 120.8891 1 20 6
2  45.0 45.0 0.00
508 35.0098 114.2854 9 28 9
2  45.0 45.0 0.00
509 49.4676 100.7045 6 16 9
2  45.0 45.0 0.00
510 12.0111 74.0382 1 24 5
2  45.0 45.0 0.00
511 27.6464 84.5953 5 22 5
2  45.0 45.0 0.00
512 41.4281 127.4072 9 27 5
2  45.0 45.0 0.00
513 31.2441 120.1671 7 22 7
2  45.0 45.0 0.00
514 34.5917 79.1345 1 19 8
2  45.0 45.0 0.00
515 52.8387 130.1494 1 15 7
2  45.0 45.0 0.00
516 8.7278 97.2244 7 22 7
2  45.0 45.0 0.00
517 41.9915 99.3347 3 25 7
2  45.0 45.0 0.00
518 24.5931 91.1404 6 19 7
2  45.0 45.0 0.00
519 39.6705 122.7561 1 25 6
2  45.0 45.0 0.00
520 10.1617 131.1000 1 23 9
2  45.0 45.0 0.00
521 6.8990 117.0056 4 28 5
2  45.0 45.0 0.00
522 30.0219 83.9345 5 29 7
2  45.0 45.0 0.00
523 21.2412 96.0074 8 19 9
2  45.0 45.0 0.00
524 9.2985 77.2189 10 29 9
2  45.0 45.0 0.00
525 19.4747 122.2993 7 27 8
2  45.0 45.0 0.00
526 11.3753 86.5730 3 26 7
2  45.0 45.0 0.00
527 10.3111 123.6202 6 24 5
2  45.0 45.0 0.00
528 5.3201 103.9104 3 23 5
2  45.0 45.0 0.00
529 15.4810 93.4230 1 28 8
2  45.0 45.0 0.00
530 20.4976 103.8866 7 27 6
2  45.0 45.0 0.00
531 6.6459 73.2035 9 24 6
2  45.0 45.0 0.00
532 15.8162 125.8376 1 18 9
2  45.0 45.0 0.00
533 18.7111 96.9834 4 21 9
2  45.0 45.0 0.00
534 29.0576 119.2288 6 17 8
2  45.0 45.0 0.00
535 33.5399 102.3993 9 28 9
2  45.0 45.0 0.00
536 52.4555 129.6620 4 17 9
2  45.0 45.0 0.00
537 35.6364 96.1986 10 21 8
2  45.0 45.0 0.00
538 10.1415 86.9685 5 20 5
2  45.0 45.0 0.00
539 11.2888 88.9572 10 25 8
2  45.0 45.0 0.00
540 45.4949 126.3908 8 15 5
2  45.0 45.0 0.00
541 31.9736 95.5099 2 17 7
2  45.0 45.0 0.00
542 32.1465 78.8300 3 25 9
2  45.0 45.0 0.00
543 18.5979 116.3396 1 19 9
2  45.0 45.0 0.00
544 49.3789 128.9853 7 27 6
2  45.0 45.0 0.00
545 17.4173 98.3918 5 15 8
2  45.0 45.0 0.00
546 20.2422 119.3667 8 17 5
2  45.0 45.0 0.00
547 7.9632 127.8837 6 15 9
2  45.0 45.0 0.00
548 16.8782 85.8904 4 15 6
2  45.0 45.0 0.00
549 5.2832 104.2108 9 22 5
2  45.0 45.0 0.00
550 25.1724 132.6721 7 26 5
2  45.0 45.0 0.00
551 48.8404 76.2555 9 24 8
2  45.0 45.0 0.00
552 10.8138 95.2286 9 21 8
2  45.0 45.0 0.00
553 43.5076 129.8448 10 23 6
2  45.0 45.0 0.00
554 22.8615 113.0903 10 22 7
2  45.0 45.0 0.00
555 38.6369 127.9677 4 22 7
2  45.0 45.0 0.00
556 41.4082 129.7941 5 28 5
2  45.0 45.0 0.00
557 20.5154 132.7766 3 15 6
2  45.0 45.0 0.00
558 5.2503 88.0006 7 20 9
2  45.0 45.0 0.00
559 48.3543 117.8920 2 19 6
2  45.0 45.0 0.00
560 7.9126 131.1423 1 17 5
2  45.0 45.0 0.00
561 41.7638 104.5212 3 17 8
2  45.0 45.0 0.00
562 3.0340 105.8769 1 17 6
2  45.0 45.0 0.00
563 13.4854 99.9922 2 21 7
2  45.0 45.0 0.00
564 43.6937 127.2770 6 17 8
2  45.0 45.0 0.00
565 10.3610 89.2383 10 23 7
2  45.0 45.0 0.00
566 51.2269 111.9043 5 16 6
2  45.0 45.0 0.00
567 42.9563 120.7271 4 26 9
2  45.0 45.0 0.00
568 44.2477 122.0531 5 19 6
2  45.0 45.0 0.00
569 27.8529 76.0244 7 17 8
2  45.0 45.0 0.00
570 25.8609 93.1646 10 26 8
2  45.0 45.0 0.00
571 12.6818 119.2127 3 21 6
2  45.0 45.0 0.00
572 28.2320 131.2713 2 26 6
2  45.0 45.0 0.00
573 20.6138 98.8053 2 27 9
2  45.0 45.0 0.00
574 23.7128 112.7056 4 24 5
2  45.0 45.0 0.00
575 52.8161 108.8095 8 29 5
2  45.0 45.0 0.00
576 7.8406 80.6720 5 26 7
2  45.0 45.0 0.00
577 34.4231 125.3761 1 19 5
2  45.0 45.0 0.00
578 4.4457 93.4910 2 23 8
2  45.0 45.0 0.00
579 45.6882 75.9967 10 15 5
2  45.0 45.0 0.00
580 6.3485 86.5763 3 17 7
2  45.0 45.0 0.00
581 42.7729 116.5031 6 26 5
2  45.0 45.0 0.00
582 32.8405 122.6361 3 20 9
2  45.0 45.0 0.00
583 21.8386 85.7790 1 20 6
2  45.0 45.0 0.00
584 26.9671 79.6096 6 25 9
2  45.0 45.0 0.00
585 6.6369 78.9745 3 28 5
2  45.0 45.0 0.00
586 50.3189 106.5505 10 27 8
2  45.0 45.0 0.00
587 46.5271 129.1750 4 19 9
2  45.0 45.0 0.00
588 48.1705 79.4805 3 19 9
2  45.0 45.0 0.00
589 13.0822 130.4266 6 26 8
2  45.0 45.0 0.00
590 35.0390 115.9901 7 26 8
2  45.0 45.0 0.00
591 50.8405 103.1094 8 20 5
2  45.0 45.0 0.00
592 37.7941 121.5355 5 25 5
2  45.0 45.0 0.00
593 4.8818 73.4989 4 23 7
2  45.0 45.0 0.00
594 25.0261 128.8487 2 21 5
2  45.0 45.0 0.00
595 21.5667 122.3556 7 28 6
2  45.0 45.0 0.00
596 8.7814 94.2277 1 18 7
2  45.0 45.0 0.00
597 14.4937 120.0413 3 17 9
2  45.0 45.0 0.00
598 21.4359 108.1491 4 16 6
2  45.0 45.0 0.00
599 7.7242 95.5933 6 17 7
2  45.0 45.0 0.00
600 12.6665 95.0113 5 19 7
2  45.0 45.0 0.00
601 38.4985 88.2718 2 25 5
2  45.0 45.0 0.00
602 9.7108 108.8566 5 15 5
2  45.0 45.0 0.00
603 20.1043 107.6987 4 19 9
2  45.0 45.0 0.00
604 15.6807 121.5950 2 23 5
2  45.0 45.0 0.00
605 45.7353 123.0193 8 16 7
2  45.0 45.0 0.00
606 52.7389 112.3353 6 21 9
2  45.0 45.0 0.00
607 40.4387 77.9125 9 25 6
2  45.0 45.0 0.00
608 51.7673 76.5503 6 17 7
2  45.0 45.0 0.00
609 41.5554 106.8045 3 15 5
2  45.0 45.0 0.00
610 28.8086 77.6966 2 19 6
2  45.0 45.0 0.00
611 22.1707 119.4831 3 17 8
2  45.0 45.0 0.00
612 46.8158 83.4441 4 17 7
2  45.0 45.0 0.00
613 26.9314 83.8330 5 17 5
2  45.0 45.0 0.00
614 16.0106 126.6618 7 15 6
2  45.0 45.0 0.00
615 12.7221 110.9230 2 15 9
2  45.0 45.0 0.00
616 17.5648 122.9286 10 16 6
2  45.0 45.0 0.00
617 48.8251 93.2873 10 15 8
2  45.0 45.0 0.00
618 51.7028 126.8846 6 28 9
2  45.0 45.0 0.00
619 43.0638 125.0993 7 24 5
2  45.0 45.0 0.00
620 32.5279 96.6100 8 27 6
2  45.0 45.0 0.00
621 34.0904 76.2040 10 15 6
2  45.0 45.0 0.00
622 40.5682 118.3598 1 20 8
2  45.0 45.0 0.00
623 5.2086 79.0474 1 27 7
2  45.0 45.0 0.00
624 10.0253 81.8466 6 23 8
2  45.0 45.0 0.00
625 21.1068 132.2175 7 15 8
2  45.0 45.0 0.00
626 19.3060 131.1507 4 28 5
2  45.0 45.0 0.00
627 47.8898 74.8141 5 25 7
2  45.0 45.0 0.00
628 46.1551 91.5487 4 26 8
2  45.0 45.0 0.00
629 13.9030 106.0525 8 16 9
2  45.0 45.0 0.00
630 38.0243 75.2351 7 17 8
2  45.0 45.0 0.00
631 25.1558 124.2507 7 16 8
2  45.0 45.0 0.00
632 34.7426 132.8114 6 21 9
2  45.0 45.0 0.00
633 42.1093 125.8460 8 19 6
2  45.0 45.0 0.00
634 3.6968 97.5484 2 20 5
2  45.0 45.0 0.00
635 44.5680 95.2257 7 29 9
2  45.0 45.0 0.00
636 43.5631 124.4245 5 16 9
2  45.0 45.0 0.00
637 17.4434 122.9159 7 18 7
2  45.0 45.0 0.00
638 5.1809 127.9184 10 29 9
2  45.0 45.0 0.00
639 46.3122 126.0352 8 27 9
2  45.0 45.0 0.00
640 19.8646 89.0426 10 26 9
2  45.0 45.0 0.00
641 17.5673 112.1171 7 29 9
2  45.0 45.0 0.00
642 6.6343 128.0785 9 17 6
2  45.0 45.0 0.00
643 41.8888 126.6924 8 21 6
2  45.0 45.0 0.00
644 50.5127 111.1366 5 27 7
2  45.0 45.0 0.00
645 7.9315 99.8570 1 22 7
2  45.0 45.0 0.00
646 50.3720 104.3755 8 15 9
2  45.0 45.0 0.00
647 30.1942 78.7753 1 18 6
2  45.0 45.0 0.00
648 34.8458 124.1651 4 18 8
2  45.0 45.0 0.00
649 9.2822 116.5657 9 24 5
2  45.0 45.0 0.00
650 51.5685 98.3129 10 23 7
2  45.0 45.0 0.00
651 38.0841 97.9116 1 20 8
2  45.0 45.0 0.00
652 45.1865 82.6330 6 23 5
2  45.0 45.0 0.00
653 30.4881 126.0124 9 18 6
2  45.0 45.0 0.00
654 37.0761 110.8884 2 16 9
2  45.0 45.0 0.00
655 7.8751 95.2123 8 18 7
2  45.0 45.0 0.00
656 21.6268 119.9671 10 20 7
2  45.0 45.0 0.00
657 29.2779 131.7302 9 23 9
2  45.0 45.0 0.00
658 9.4346 117.3491 4 22 9
2  45.0 45.0 0.00
659 26.8183 90.9360 5 16 8
2  45.0 45.0 0.00
660 15.1052 102.0113 4 21 9
2  45.0 45.0 0.00
661 19.9948 90.7843 3 23 8
2  45.0 45.0 0.00
662 19.5738 84.5979 10 27 9
2  45.0 45.0 0.00
663 6.0472 122.3459 2 16 6
2  45.0 45.0 0.00
664 31.5463 93.3034 4 19 9
2  45.0 45.0 0.00
665 50.1186 81.0581 1 19 7
2  45.0 45.0 0.00
666 42.9284 91.0286 3 21 5
2  45.0 45.0 0.00
667 47.4507 92.1097 8 20 5
2  45.0 45.0 0.00
668 14.4577 97.2048 5 27 9
2  45.0 45.0 0.00
669 49.7696 126.5864 1 25 8
2  45.0 45.0 0.00
670 35.6967 85.9327 5 25 7
2  45.0 45.0 0.00
671 48.1858 82.5259 8 24 9
2  45.0 45.0 0.00
672 13.2797 131.7694 4 16 7
2  45.0 45.0 0.00
673 4.5500 117.8862 2 25 5
2  45.0 45.0 0.00
674 40.1225 99.4523 3 28 9
2  45.0 45.0 0.00
675 11.3756 103.4174 1 20 8
2  45.0 45.0 0.00
676 5.4632 100.3986 2 24 5
2  45.0 45.0 0.00
677 32.1512 109.8229 7 29 6
2  45.0 45.0 0.00
678 39.5124 112.6172 9 22 9
2  45.0 45.0 0.00
679 15.4832 91.3382 3 21 9
2  45.0 45.0 0.00
680 12.3645 85.9135 1 23 6
2  45.0 45.0 0.00
681 13.6531 92.7506 7 26 6
2  45.0 45.0 0.00
682 22.8380 122.2304 7 28 8
2  45.0 45.0 0.00
683 40.4475 91.9405 3 15 8
2  45.0 45.0 0.00
684 23.8643 118.0948 6 19 6
2  45.0 45.0 0.00
685 7.1082 129.8699 6 15 8
2  45.0 45.0 0.00
686 46.0938 78.4022 9 22 8
2  45.0 45.0 0.00
687 44.7019 126.6335 10 19 6
2  45.0 45.0 0.00
688 15.6923 123.2268 5 24 8
2  45.0 45.0 0.00
689 48.4871 117.7103 5 26 7
2  45.0 45.0 0.00
690 49.6994 88.3257 6 24 6
2  45.0 45.0 0.00
691 24.7855 129.0122 7 18 9
2  45.0 45.0 0.00
692 16.2615 91.5276 7 17 7
2  45.0 45.0 0.00
693 18.3361 93.1595 8 18 9
2  45.0 45.0 0.00
694 45.7529 75.3106 5 25 6
2  45.0 45.0 0.00
695 32.0086 79.2911 3 22 9
2  45.0 45.0 0.00
696 19.8496 85.6402 7 21 5
2  45.0 45.0 0.00
697 33.3224 99.5418 10 17 5
2  45.0 45.0 0.00
698 48.0251 111.7093 6 21 8
2  45.0 45.0 0.00
699 50.2527 115.2072 2 17 5
2  45.0 45.0 0.00
700 31.6875 105.4698 1 28 5
2  45.0 45.0 0.00
701 47.7739 106.9097 7 19 5
2  45.0 45.0 0.00
702 19.5429 99.6149 1 20 6
2  45.0 45.0 0.00
703 5.7280 125.3571 3 15 7
2  45.0 45.0 0.00
704 46.2179 82.3294 2 16 6
2  45.0 45.0 0.00
705 13.4952 109.7077 6 29 5
2  45.0 45.0 0.00
706 46.8359 130.5225 4 21 9
2  45.0 45.0 0.00
707 42.7914 90.0417 1 19 7
2  45.0 45.0 0.00
708 5.0643 80.9037 1 17 5
2  45.0 45.0 0.00
709 25.8460 91.3779 2 18 7
2  45.0 45.0 0.00
710 6.6218 114.6683 2 23 9
2  45.0 45.0 0.00
711 23.9130 99.0137 3 24 7
2  45.0 45.0 0.00
712 17.1841 110.7626 5 17 8
2  45.0 45.0 0.00
713 21.6075 73.1665 2 22 5
2  45.0 45.0 0.00
714 41.5266 107.3751 5 23 7
2  45.0 45.0 0.00
715 39.6315 131.9872 1 15 5
2  45.0 45.0 0.00
716 48.1803 97.5443 1 21 5
2  45.0 45.0 0.00
717 12.1123 96.8756 3 22 7
2  45.0 45.0 0.00
718 21.1134 112.4959 7 25 5
2  45.0 45.0 0.00
719 23.5954 132.4692 8 22 9
2  45.0 45.0 0.00
720 25.7073 119.7947 9 15 5
2  45.0 45.0 0.00
721 27.9758 81.8176 4 29 9
2  45.0 45.0 0.00
722 24.7570 96.2702 6 22 7
2  45.0 45.0 0.00
723 46.7305 83.7761 6 16 6
2  45.0 45.0 0.00
724 51.7111 101.4990 10 29 7
2  45.0 45.0 0.00
725 8.6134 124.7477 2 23 9
2  45.0 45.0 0.00
726 40.0738 101.0830 7 17 6
2  45.0 45.0 0.00
727 9.1847 95.6579 7 21 8
2  45.0 45.0 0.00
728 4.7644 97.1659 8 25 5
2  45.0 45.0 0.00
729 51.7216 82.2756 2 18 7
2  45.0 45.0 0.00
730 14.6154 127.4934 9 17 9
2  45.0 45.0 0.00
731 51.9581 122.9766 9 22 9
2  45.0 45.0 0.00
732 34.8527 109.4568 3 17 5
2  45.0 45.0 0.00
733 51.3545 87.7707 8 17 9
2  45.0 45.0 0.00
734 27.8490 117.5915 5 20 8
2  45.0 45.0 0.00
735 31.5729 118.9214 10 28 6
2  45.0 45.0 0.00
736 50.8837 112.0560 2 16 9
2  45.0 45.0 0.00
737 44.6626 92.9131 5 18 7
2  45.0 45.0 0.00
738 17.5375 125.9814 7 23 7
2  45.0 45.0 0.00
739 24.3837 87.2295 2 23 6
2  45.0 45.0 0.00
740 39.4127 130.9826 3 20 5
2  45.0 45.0 0.00
741 27.4558 105.4632 4 23 9
2  45.0 45.0 0.00
742 13.6903 130.8983 3 17 8
2  45.0 45.0 0.00
743 52.3061 104.6043 3 17 8
2  45.0 45.0 0.00
744 34.7603 74.9813 10 25 6
2  45.0 45.0 0.00
745 33.6978 85.5863 2 28 7
2  45.0 45.0 0.00
746 19.7150 84.4571 6 23 5
2  45.0 45.0 0.00
747 52.5648 91.1299 5 15 8
2  45.0 45.0 0.00
748 17.6100 120.7447 10 18 6
2  45.0 45.0 0.00
749 19.2889 116.5565 5 26 6
2  45.0 45.0 0.00
750 48.0467 75.3794 2 28 6
2  45.0 45.0 0.00
751 37.7616 88.6722 6 17 9
2  45.0 45.0 0.00
752 16.9673 112.6015 8 16 7
2  45.0 45.0 0.00
753 4.1427 98.0231 10 15 6
2  45.0 45.0 0.00
754 37.1978 101.6997 3 23 8
2  45.0 45.0 0.00
755 44.9730 121.4856 7 22 8
2  45.0 45.0 0.00
756 47.4007 99.6038 9 25 6
2  45.0 45.0 0.00
757 17.7322 91.0681 7 17 7
2  45.0 45.0 0.00
758 39.5046 82.5492 8 17 9
2  45.0 45.0 0.00
759 34.6087 116.0685 7 26 6
2  45.0 45.0 0.00
760 48.4363 113.4502 5 21 9
2  45.0 45.0 0.00
761 24.1303 99.7475 5 17 8
2  45.0 45.0 0.00
762 47.3569 119.6870 8 20 5
2  45.0 45.0 0.00
763 44.7974 132.5916 9 26 9
2  45.0 45.0 0.00
764 39.0860 88.8092 7 23 8
2  45.0 45.0 0.00
765 29.2402 92.6279 6 26 5
2  45.0 45.0 0.00
766 9.0826 76.5272 1 17 6
2  45.0 45.0 0.00
767 13.6922 75.1826 10 25 9
2  45.0 45.0 0.00
768 45.4426 81.0634 2 20 8
2  45.0 45.0 0.00
769 50.5988 119.7217 9 15 9
2  45.0 45.0 0.00
770 34.9491 129.5422 9 28 8
2  45.0 45.0 0.00
771 35.2620 80.8417 7 26 6
2  45.0 45.0 0.00
772 7.7737 115.3026 10 16 8
2  45.0 45.0 0.00
773 44.4176 108.4277 7 15 5
2  45.0 45.0 0.00
774 42.9786 88.5948 7 29 8
2  45.0 45.0 0.00
775 32.3664 125.2471 8 26 9
2  45.0 45.0 0.00
776 40.3054 88.8200 6 26 5
2  45.0 45.0 0.00
777 11.9641 83.4061 4 22 8
2  45.0 45.0 0.00
778 7.1575 89.5751 3 20 9
2  45.0 45.0 0.00
779 10.1904 73.5127 1 24 5
2  45.0 45.0 0.00
780 21.0756 117.4268 10 28 6
2  45.0 45.0 0.00
781 21.9534 132.8611 1 18 9
2  45.0 45.0 0.00
782 41.7227 93.2779 2 29 8
2  45.0 45.0 0.00
783 44.5904 130.2947 3 28 6
2  45.0 45.0 0.00
784 35.7458 76.9737 5 20 9
2  45.0 45.0 0.00
785 29.1660 127.5777 6 15 7
2  45.0 45.0 0.00
786 31.9392 87.2576 7 25 9
2  45.0 45.0 0.00
787 3.2830 96.2313 3 21 5
2  45.0 45.0 0.00
788 12.0798 130.7786 10 24 7
2  45.0 45.0 0.00
789 40.2592 93.2620 5 23 8
2  45.0 45.0 0.00
790 12.4448 77.6426 3 18 8
2  45.0 45.0 0.00
791 17.7642 93.7468 4 29 8
2  45.0 45.0 0.00
792 26.4720 129.2087 6 24 6
2  45.0 45.0 0.00
793 29.8414 112.6051 6 16 7
2  45.0 45.0 0.00
794 25.2310 105.8043 2 26 7
2  45.0 45.0 0.00
795 37.5969 98.3354 3 27 7
2  45.0 45.0 0.00
796 12.2810 93.6256 9 20 6
2  45.0 45.0 0.00
797 28.0703 73.1004 5 15 7
2  45.0 45.0 0.00
798 35.9941 99.5309 10 24 8
2  45.0 45.0 0.00
799 15.2392 93.0294 6 21 9
2  45.0 45.0 0.00
