s2
0
 2013 04 20 03 54 54.896     2013 04 20 03 57 31.133     156.2
 2013 04 20 20 59 18.472     2013 04 20 21 02 54.701     216.2
 2013 04 20 22 37  4.894     2013 04 20 22 37 50.171      45.3
1
 2013 04 20 12 16 46.288     2013 04 20 12 19 44.185     177.9
 2013 04 20 20 31 40.696     2013 04 20 20 34 27.271     166.6
2
 2013 04 20 06 17 25.850     2013 04 20 06 20 30.159     184.3
 2013 04 20 23 22 28.687     2013 04 20 23 25 12.059     163.4
3
 2013 04 20 04 42 46.766     2013 04 20 04 45 40.908     174.1
 2013 04 20 21 47 40.461     2013 04 20 21 50 30.022     169.6
4
 2013 04 20 12 16 47.744     2013 04 20 12 20 34.944     227.2
 2013 04 20 20 33  2.861     2013 04 20 20 36 44.336     221.5
5
 2013 04 20 17 44 35.759     2013 04 20 17 47 22.955     167.2
6
 2013 04 20 05 07 28.437     2013 04 20 05 07 49.561      21.1
7
 2013 04 20 20 40 16.703     2013 04 20 20 43 39.290     202.6
8
 2013 04 20 20 00 36.782     2013 04 20 20 03 17.971     161.2
9
 2013 04 20 10 30 55.041     2013 04 20 10 31  5.868      10.8
10
 2013 04 20 01 56 17.886     2013 04 20 01 59 31.756     193.9
 2013 04 20 11 56 34.542     2013 04 20 11 59 14.930     160.4
11
 2013 04 20 22 29  8.502     2013 04 20 22 31 56.662     168.2
12
 2013 04 20 23 42 29.070     2013 04 20 23 42 31.803       2.7
13
 2013 04 20 04 09 34.860     2013 04 20 04 13   .269     205.4
 2013 04 20 16 02 16.155     2013 04 20 16 05 22.291     186.1
14
 2013 04 20 00 26 20.007     2013 04 20 00 29 54.959     215.0
 2013 04 20 08 42  3.872     2013 04 20 08 44 52.022     168.2
15
 2013 04 20 05 00 47.391     2013 04 20 05 02 13.350      86.0
16
 2013 04 20 00 59 53.385     2013 04 20 01 02 28.817     155.4
17
 2013 04 20 08 57 19.900     2013 04 20 09 00 54.653     214.8
 2013 04 20 20 41 24.021     2013 04 20 20 41 58.119      34.1
18
 2013 04 20 18 32 10.033     2013 04 20 18 35 27.426     197.4
19
 2013 04 20 07 35  4.231     2013 04 20 07 37 47.544     163.3
 2013 04 20 14 10 22.655     2013 04 20 14 14  1.076     218.4
20
 2013 04 20 01 53  6.901     2013 04 20 01 55 40.925     154.0
21
 2013 04 20 03 25  5.697     2013 04 20 03 27 49.591     163.9
 2013 04 20 15 13  9.522     2013 04 20 15 16 19.582     190.1
22
 2013 04 20 06 28 51.518     2013 04 20 06 31 26.537     155.0
23
 2013 04 20 10 35 18.007     2013 04 20 10 38  9.018     171.0
 2013 04 20 20 38 23.656     2013 04 20 20 41 37.111     193.5
24
 2013 04 20 08 06  8.195     2013 04 20 08 06 14.324       6.1
 2013 04 20 19 59  8.028     2013 04 20 20 01 42.100     154.1
25
 2013 04 20 12 47 58.886     2013 04 20 12 51  5.011     186.1
26
 2013 04 20 11 19 57.003     2013 04 20 11 23  3.465     186.5
27
 2013 04 20 12 14 14.898     2013 04 20 12 14 36.256      21.4
 2013 04 20 22 10 38.154     2013 04 20 22 13 34.007     175.9
28
 2013 04 20 01 20 21.462     2013 04 20 01 23 11.765     170.3
 2013 04 20 06 15 34.678     2013 04 20 06 18 17.130     162.5
29
 2013 04 20 00 57 20.275     2013 04 20 01 00 21.691     181.4
30
 2013 04 20 09 56 18.624     2013 04 20 09 58 54.998     156.4
31
 2013 04 20 00 00   .000     2013 04 20 00 01 58.653     118.7
 2013 04 20 17 04  6.077     2013 04 20 17 07  2.623     176.5
 2013 04 20 23 37 21.797     2013 04 20 23 40 24.406     182.6
32
 2013 04 20 12 58 11.133     2013 04 20 13 00 47.788     156.7
 2013 04 20 22 59 49.786     2013 04 20 23 02 26.777     157.0
33
34
 2013 04 20 04 46 46.377     2013 04 20 04 46 56.072       9.7
 2013 04 20 21 45 46.302     2013 04 20 21 48 29.093     162.8
35
 2013 04 20 04 02 38.345     2013 04 20 04 05 12.286     153.9
36
 2013 04 20 00 59 41.369     2013 04 20 01 02 28.303     166.9
37
 2013 04 20 00 30 56.431     2013 04 20 00 34 16.396     200.0
 2013 04 20 02 08 40.996     2013 04 20 02 12 28.903     227.9
 2013 04 20 05 25 33.282     2013 04 20 05 26  4.641      31.4
 2013 04 20 07 04  2.025     2013 04 20 07 07  6.192     184.2
38
 2013 04 20 03 58 43.318     2013 04 20 04 01 27.528     164.2
 2013 04 20 19 22 12.537     2013 04 20 19 25 16.049     183.5
39
 2013 04 20 03 14 27.544     2013 04 20 03 18  2.936     215.4
40
 2013 04 20 12 12 39.331     2013 04 20 12 12 47.368       8.0
 2013 04 20 22 09 32.499     2013 04 20 22 13 15.273     222.8
41
42
 2013 04 20 03 05 44.060     2013 04 20 03 06 29.986      45.9
 2013 04 20 04 43 35.379     2013 04 20 04 43 57.301      21.9
 2013 04 20 21 48 32.500     2013 04 20 21 51 44.307     191.8
43
 2013 04 20 18 08 26.145     2013 04 20 18 11 44.160     198.0
44
 2013 04 20 04 58 15.082     2013 04 20 05 00 57.951     162.9
 2013 04 20 16 48 40.736     2013 04 20 16 51 18.348     157.6
45
 2013 04 20 04 45 19.806     2013 04 20 04 48  3.592     163.8
 2013 04 20 20 12 27.576     2013 04 20 20 13  6.000      38.4
46
 2013 04 20 06 27 42.845     2013 04 20 06 28 31.638      48.8
47
 2013 04 20 10 33  2.634     2013 04 20 10 36 42.458     219.8
48
 2013 04 20 06 37 25.168     2013 04 20 06 40 46.366     201.2
49
 2013 04 20 10 33 39.760     2013 04 20 10 36 50.435     190.7
50
 2013 04 20 00 18  6.544     2013 04 20 00 21  9.562     183.0
51
 2013 04 20 00 22 56.982     2013 04 20 00 26  4.429     187.4
 2013 04 20 10 22 33.096     2013 04 20 10 23 34.132      61.0
52
 2013 04 20 08 16 21.674     2013 04 20 08 19 50.368     208.7
 2013 04 20 18 13 23.796     2013 04 20 18 17  6.981     223.2
53
 2013 04 20 08 07 46.872     2013 04 20 08 10 21.425     154.6
 2013 04 20 19 57 25.071     2013 04 20 19 59 59.549     154.5
54
 2013 04 20 05 05 29.721     2013 04 20 05 07 31.184     121.5
 2013 04 20 15 07 26.396     2013 04 20 15 10 34.149     187.8
55
 2013 04 20 05 28 24.573     2013 04 20 05 32 10.439     225.9
 2013 04 20 22 36 25.710     2013 04 20 22 36 33.388       7.7
56
 2013 04 20 13 04 10.652     2013 04 20 13 07 17.283     186.6
 2013 04 20 21 18 44.863     2013 04 20 21 21 37.016     172.2
57
 2013 04 20 06 16 26.179     2013 04 20 06 20  8.743     222.6
 2013 04 20 23 20 18.340     2013 04 20 23 23 26.128     187.8
58
 2013 04 20 07 31 51.233     2013 04 20 07 34 49.281     178.0
 2013 04 20 15 48  1.901     2013 04 20 15 51  6.242     184.3
59
 2013 04 20 12 18 34.692     2013 04 20 12 21 41.606     186.9
 2013 04 20 18 54 27.552     2013 04 20 18 58 11.430     223.9
60
 2013 04 20 08 16 29.223     2013 04 20 08 19 17.373     168.2
61
 2013 04 20 04 22 44.316     2013 04 20 04 23 45.830      61.5
 2013 04 20 14 16 37.994     2013 04 20 14 20 22.102     224.1
62
 2013 04 20 19 13 25.633     2013 04 20 19 16  4.060     158.4
63
 2013 04 20 12 18 43.154     2013 04 20 12 21 31.557     168.4
 2013 04 20 18 53 20.428     2013 04 20 18 56 51.157     210.7
64
 2013 04 20 02 02 36.356     2013 04 20 02 03  3.064      26.7
65
 2013 04 20 06 39 39.737     2013 04 20 06 42 24.950     165.2
 2013 04 20 16 41 50.586     2013 04 20 16 44 29.035     158.4
66
 2013 04 20 01 59  1.138     2013 04 20 02 01 35.997     154.9
67
 2013 04 20 17 30 24.058     2013 04 20 17 33  2.665     158.6
68
 2013 04 20 07 31 48.191     2013 04 20 07 34 24.684     156.5
 2013 04 20 15 48 31.453     2013 04 20 15 51 45.197     193.7
69
 2013 04 20 00 01 55.791     2013 04 20 00 05  3.084     187.3
 2013 04 20 15 26  5.644     2013 04 20 15 29 17.279     191.6
 2013 04 20 23 40 27.206     2013 04 20 23 43 27.815     180.6
70
 2013 04 20 05 10 46.974     2013 04 20 05 11 17.140      30.2
 2013 04 20 13 25 28.987     2013 04 20 13 28 10.025     161.0
71
 2013 04 20 13 40 29.851     2013 04 20 13 43 26.995     177.1
72
 2013 04 20 01 55 36.997     2013 04 20 01 58 24.996     168.0
 2013 04 20 11 56 58.652     2013 04 20 12 00 18.760     200.1
73
 2013 04 20 00 08 29.763     2013 04 20 00 11 35.389     185.6
 2013 04 20 13 44 48.940     2013 04 20 13 47 22.661     153.7
74
 2013 04 20 01 31 23.886     2013 04 20 01 35 13.238     229.4
 2013 04 20 20 14  2.821     2013 04 20 20 17 23.421     200.6
75
76
 2013 04 20 06 28 21.721     2013 04 20 06 31  6.044     164.3
 2013 04 20 20 02  9.907     2013 04 20 20 03 12.896      63.0
77
 2013 04 20 15 17 45.074     2013 04 20 15 20 52.758     187.7
78
 2013 04 20 09 11 44.270     2013 04 20 09 14 29.250     165.0
 2013 04 20 15 45 22.741     2013 04 20 15 48 45.042     202.3
79
80
 2013 04 20 21 21 47.654     2013 04 20 21 24 40.822     173.2
81
82
 2013 04 20 09 40 24.070     2013 04 20 09 43 24.714     180.6
 2013 04 20 21 32 47.520     2013 04 20 21 33  3.797      16.3
83
 2013 04 20 00 03 30.228     2013 04 20 00 04  2.146      31.9
 2013 04 20 15 26  3.808     2013 04 20 15 29 52.301     228.5
 2013 04 20 23 42  4.092     2013 04 20 23 43 32.461      88.4
84
 2013 04 20 11 32  8.342     2013 04 20 11 34 46.207     157.9
 2013 04 20 18 06 46.037     2013 04 20 18 09 34.713     168.7
85
 2013 04 20 04 26 15.964     2013 04 20 04 30  2.205     226.2
 2013 04 20 06 04 10.431     2013 04 20 06 08  1.740     231.3
 2013 04 20 11 00 17.034     2013 04 20 11 02 55.077     158.0
86
 2013 04 20 11 55 32.334     2013 04 20 11 59 11.282     218.9
87
 2013 04 20 19 12 55.631     2013 04 20 19 16 33.372     217.7
88
 2013 04 20 07 30 36.237     2013 04 20 07 34 23.916     227.7
89
 2013 04 20 04 15 37.085     2013 04 20 04 18 18.729     161.6
90
 2013 04 20 16 45 27.718     2013 04 20 16 45 48.440      20.7
91
 2013 04 20 06 22 12.203     2013 04 20 06 23 40.260      88.1
92
93
 2013 04 20 04 43 51.415     2013 04 20 04 47 40.744     229.3
 2013 04 20 21 45 33.317     2013 04 20 21 49 22.690     229.4
94
 2013 04 20 10 44 52.089     2013 04 20 10 45 35.577      43.5
 2013 04 20 17 21 13.425     2013 04 20 17 23 50.715     157.3
95
 2013 04 20 16 14 16.941     2013 04 20 16 17 18.030     181.1
96
 2013 04 20 04 25 34.137     2013 04 20 04 26 11.030      36.9
 2013 04 20 11 02 27.967     2013 04 20 11 05 49.397     201.4
97
 2013 04 20 06 25 23.637     2013 04 20 06 26 17.754      54.1
 2013 04 20 20 05 32.951     2013 04 20 20 08  7.671     154.7
98
 2013 04 20 06 00 55.388     2013 04 20 06 03 35.338     160.0
 2013 04 20 12 35 35.283     2013 04 20 12 38 36.107     180.8
99
 2013 04 20 18 11 27.133     2013 04 20 18 11 38.572      11.4
100
 2013 04 20 10 20  9.751     2013 04 20 10 22 43.948     154.2
101
 2013 04 20 11 17 50.646     2013 04 20 11 18  5.951      15.3
102
103
 2013 04 20 19 50 31.652     2013 04 20 19 50 56.737      25.1
104
 2013 04 20 13 36 27.828     2013 04 20 13 39 39.865     192.0
105
 2013 04 20 12 41  8.690     2013 04 20 12 42 30.465      81.8
106
 2013 04 20 08 03 28.317     2013 04 20 08 06 19.646     171.3
107
 2013 04 20 13 03 51.745     2013 04 20 13 04  9.891      18.1
 2013 04 20 21 20 34.844     2013 04 20 21 24 13.366     218.5
108
 2013 04 20 08 07 46.649     2013 04 20 08 10 24.044     157.4
 2013 04 20 19 57 32.579     2013 04 20 20 00  5.794     153.2
109
 2013 04 20 06 47 37.906     2013 04 20 06 50 18.889     161.0
 2013 04 20 13 22 20.698     2013 04 20 13 26  8.021     227.3
110
 2013 04 20 18 31 47.160     2013 04 20 18 35  4.015     196.9
111
 2013 04 20 04 56 13.816     2013 04 20 04 59 30.511     196.7
112
 2013 04 20 06 36 50.497     2013 04 20 06 39 32.852     162.4
113
114
 2013 04 20 07 35 40.767     2013 04 20 07 38 19.846     159.1
 2013 04 20 14 10 18.296     2013 04 20 14 13  8.966     170.7
115
 2013 04 20 08 22 38.101     2013 04 20 08 25 33.085     175.0
 2013 04 20 14 57  6.095     2013 04 20 15 00  4.506     178.4
116
 2013 04 20 22 26 29.656     2013 04 20 22 27 11.465      41.8
117
118
 2013 04 20 15 56 48.234     2013 04 20 15 59 35.121     166.9
119
 2013 04 20 00 46 56.326     2013 04 20 00 50 18.813     202.5
 2013 04 20 17 51 51.301     2013 04 20 17 54 32.132     160.8
120
 2013 04 20 20 47 10.852     2013 04 20 20 50 12.465     181.6
121
 2013 04 20 00 04 44.797     2013 04 20 00 08  6.484     201.7
 2013 04 20 23 43  6.767     2013 04 20 23 46 39.046     212.3
122
 2013 04 20 03 56 59.258     2013 04 20 03 59 35.975     156.7
 2013 04 20 20 59 55.551     2013 04 20 21 03 13.092     197.5
123
 2013 04 20 05 00  7.799     2013 04 20 05 00 21.688      13.9
124
 2013 04 20 03 26 27.146     2013 04 20 03 29  2.748     155.6
125
 2013 04 20 14 12 15.709     2013 04 20 14 15 15.527     179.8
126
 2013 04 20 01 35 39.245     2013 04 20 01 37  8.989      89.7
 2013 04 20 17 01  3.611     2013 04 20 17 04 43.673     220.1
127
 2013 04 20 03 27 33.261     2013 04 20 03 30 32.233     179.0
128
129
 2013 04 20 00 10 25.505     2013 04 20 00 14  5.541     220.0
130
131
 2013 04 20 05 55 51.409     2013 04 20 05 59 37.724     226.3
 2013 04 20 14 18  7.880     2013 04 20 14 19  5.893      58.0
132
133
 2013 04 20 08 07 53.505     2013 04 20 08 11 31.201     217.7
 2013 04 20 19 55 51.680     2013 04 20 19 58 29.490     157.8
134
 2013 04 20 20 30 20.226     2013 04 20 20 33  9.842     169.6
135
 2013 04 20 05 43  6.215     2013 04 20 05 45 44.078     157.9
136
 2013 04 20 02 01   .568     2013 04 20 02 01 38.019      37.5
 2013 04 20 10 19 11.517     2013 04 20 10 21 50.437     158.9
137
 2013 04 20 06 31 55.429     2013 04 20 06 34 36.148     160.7
 2013 04 20 18 23 14.352     2013 04 20 18 26 41.348     207.0
138
 2013 04 20 13 33 59.199     2013 04 20 13 36 39.975     160.8
139
 2013 04 20 06 41 16.717     2013 04 20 06 44 10.022     173.3
 2013 04 20 16 40 46.837     2013 04 20 16 44 27.605     220.8
140
 2013 04 20 07 12   .442     2013 04 20 07 15 12.419     192.0
141
142
 2013 04 20 02 46  3.213     2013 04 20 02 48 59.693     176.5
143
 2013 04 20 17 05 35.143     2013 04 20 17 08 16.685     161.5
 2013 04 20 22 00 40.564     2013 04 20 22 03 42.849     182.3
144
 2013 04 20 17 53 50.241     2013 04 20 17 56 48.354     178.1
 2013 04 20 22 48 59.354     2013 04 20 22 51 36.541     157.2
145
 2013 04 20 19 48  8.117     2013 04 20 19 51 40.863     212.7
146
 2013 04 20 04 24 48.468     2013 04 20 04 27 37.609     169.1
 2013 04 20 12 39 11.096     2013 04 20 12 39 49.999      38.9
147
148
 2013 04 20 09 39  9.680     2013 04 20 09 41 56.497     166.8
149
 2013 04 20 14 35 59.764     2013 04 20 14 39 32.036     212.3
150
 2013 04 20 15 16 48.625     2013 04 20 15 19 22.025     153.4
151
 2013 04 20 06 46 23.318     2013 04 20 06 49   .226     156.9
 2013 04 20 15 01  7.924     2013 04 20 15 04 29.123     201.2
152
 2013 04 20 08 11 38.414     2013 04 20 08 12 26.682      48.3
153
 2013 04 20 12 47  7.469     2013 04 20 12 49 49.908     162.4
154
 2013 04 20 19 23 11.989     2013 04 20 19 26  7.907     175.9
155
 2013 04 20 04 17 27.586     2013 04 20 04 20 13.099     165.5
 2013 04 20 14 20  1.285     2013 04 20 14 22 54.146     172.9
156
 2013 04 20 20 57 59.926     2013 04 20 21 00 50.741     170.8
157
 2013 04 20 05 40  3.205     2013 04 20 05 41  2.678      59.5
158
 2013 04 20 07 28 14.577     2013 04 20 07 30 55.047     160.5
 2013 04 20 17 27 47.083     2013 04 20 17 30 34.252     167.2
159
 2013 04 20 14 38 14.372     2013 04 20 14 39  1.985      47.6
160
 2013 04 20 10 46 52.221     2013 04 20 10 49 35.743     163.5
 2013 04 20 15 41 59.620     2013 04 20 15 45 34.716     215.1
 2013 04 20 17 19 32.609     2013 04 20 17 19 36.010       3.4
161
 2013 04 20 04 54 40.092     2013 04 20 04 54 45.095       5.0
162
 2013 04 20 00 46 20.788     2013 04 20 00 47 42.359      81.6
 2013 04 20 17 52 11.211     2013 04 20 17 54 48.054     156.8
 2013 04 20 22 46 58.899     2013 04 20 22 50 42.163     223.3
163
 2013 04 20 01 50 51.287     2013 04 20 01 53 41.364     170.1
 2013 04 20 13 37 34.706     2013 04 20 13 40 31.383     176.7
164
 2013 04 20 01 42 19.903     2013 04 20 01 45 29.743     189.8
 2013 04 20 15 19 26.896     2013 04 20 15 22 21.365     174.5
165
 2013 04 20 05 09 19.198     2013 04 20 05 12 42.822     203.6
 2013 04 20 13 25 32.696     2013 04 20 13 29 21.025     228.3
166
167
 2013 04 20 06 45  9.362     2013 04 20 06 48 57.313     228.0
 2013 04 20 15 02 35.820     2013 04 20 15 05 26.639     170.8
168
 2013 04 20 07 29  1.743     2013 04 20 07 31 43.132     161.4
 2013 04 20 17 27  1.543     2013 04 20 17 30 39.108     217.6
169
 2013 04 20 21 35 57.360     2013 04 20 21 38 31.294     153.9
170
 2013 04 20 05 48 28.844     2013 04 20 05 48 54.362      25.5
 2013 04 20 17 33 41.817     2013 04 20 17 37 24.528     222.7
171
 2013 04 20 15 09  7.012     2013 04 20 15 10 19.113      72.1
172
 2013 04 20 06 51 45.463     2013 04 20 06 54 44.519     179.1
 2013 04 20 11 46 58.988     2013 04 20 11 49 35.373     156.4
173
 2013 04 20 08 59 59.223     2013 04 20 09 03 12.892     193.7
 2013 04 20 19 04  6.996     2013 04 20 19 07 50.673     223.7
174
 2013 04 20 13 51 53.221     2013 04 20 13 54 38.624     165.4
 2013 04 20 22 06  9.484     2013 04 20 22 09 25.737     196.3
175
 2013 04 20 01 42 32.611     2013 04 20 01 44 20.148     107.5
 2013 04 20 15 21 13.015     2013 04 20 15 24 13.851     180.8
176
 2013 04 20 20 35 11.582     2013 04 20 20 37 49.884     158.3
177
178
 2013 04 20 11 15 15.631     2013 04 20 11 17 54.088     158.5
 2013 04 20 23 10 10.490     2013 04 20 23 10 48.581      38.1
179
 2013 04 20 14 38  7.603     2013 04 20 14 41 53.429     225.8
 2013 04 20 22 55 21.507     2013 04 20 22 58 17.941     176.4
180
 2013 04 20 05 55 41.479     2013 04 20 05 55 51.531      10.1
 2013 04 20 15 52 13.913     2013 04 20 15 55 44.404     210.5
181
 2013 04 20 10 39  2.838     2013 04 20 10 39 43.062      40.2
182
 2013 04 20 03 17 46.445     2013 04 20 03 21 22.846     216.4
 2013 04 20 16 55  8.885     2013 04 20 16 58 43.161     214.3
183
 2013 04 20 08 17 21.128     2013 04 20 08 20 42.972     201.8
184
 2013 04 20 04 44 28.060     2013 04 20 04 45 18.470      50.4
 2013 04 20 20 13 37.410     2013 04 20 20 14 11.316      33.9
185
 2013 04 20 18 26 38.975     2013 04 20 18 29 28.778     169.8
186
187
 2013 04 20 02 46 12.095     2013 04 20 02 49 26.723     194.6
188
 2013 04 20 08 03 10.070     2013 04 20 08 05 52.932     162.9
189
 2013 04 20 04 28 47.573     2013 04 20 04 31 38.433     170.9
 2013 04 20 09 24  5.625     2013 04 20 09 27 26.305     200.7
190
 2013 04 20 04 18 42.818     2013 04 20 04 22  3.776     201.0
 2013 04 20 14 19 39.547     2013 04 20 14 22 59.406     199.9
191
 2013 04 20 03 31 57.977     2013 04 20 03 34 32.559     154.6
 2013 04 20 13 31 29.710     2013 04 20 13 34 24.961     175.3
192
 2013 04 20 04 05   .199     2013 04 20 04 05 44.341      44.1
 2013 04 20 17 42 26.662     2013 04 20 17 43 31.026      64.4
193
 2013 04 20 00 29   .321     2013 04 20 00 29 27.674      27.4
 2013 04 20 08 41 24.241     2013 04 20 08 45  9.318     225.1
194
 2013 04 20 17 05 36.652     2013 04 20 17 08 22.958     166.3
 2013 04 20 22 00 49.244     2013 04 20 22 03 51.555     182.3
195
 2013 04 20 02 39  2.140     2013 04 20 02 39 15.937      13.8
196
197
 2013 04 20 23 02 54.336     2013 04 20 23 05 33.808     159.5
198
199
 2013 04 20 12 06 38.623     2013 04 20 12 10  4.903     206.3
200
 2013 04 20 02 27 36.793     2013 04 20 02 30 59.820     203.0
 2013 04 20 16 12 40.421     2013 04 20 16 12 50.843      10.4
201
 2013 04 20 02 22 56.474     2013 04 20 02 23  3.070       6.6
 2013 04 20 03 56 49.562     2013 04 20 03 56 52.921       3.4
 2013 04 20 21 00 58.806     2013 04 20 21 01 50.550      51.7
202
 2013 04 20 05 12 40.403     2013 04 20 05 15 48.993     188.6
203
 2013 04 20 01 35  6.430     2013 04 20 01 37 44.118     157.7
 2013 04 20 18 37 47.391     2013 04 20 18 41  6.409     199.0
204
 2013 04 20 01 37 12.984     2013 04 20 01 40  1.308     168.3
 2013 04 20 17 00 29.387     2013 04 20 17 03 12.551     163.2
205
206
 2013 04 20 04 47 43.954     2013 04 20 04 50 35.013     171.1
 2013 04 20 20 08  9.592     2013 04 20 20 11 16.639     187.0
207
 2013 04 20 05 03 59.992     2013 04 20 05 07 27.201     207.2
 2013 04 20 15 07 58.955     2013 04 20 15 10 57.783     178.8
208
 2013 04 20 11 20  5.140     2013 04 20 11 22 44.177     159.0
209
 2013 04 20 11 16  7.605     2013 04 20 11 19 10.082     182.5
 2013 04 20 23 05 34.405     2013 04 20 23 09  1.611     207.2
210
 2013 04 20 14 43  9.840     2013 04 20 14 46  6.877     177.0
 2013 04 20 19 38 32.491     2013 04 20 19 42 21.901     229.4
 2013 04 20 21 16 19.725     2013 04 20 21 16 41.256      21.5
211
 2013 04 20 01 46 41.486     2013 04 20 01 50  3.430     201.9
212
 2013 04 20 20 42 16.922     2013 04 20 20 45 33.435     196.5
213
 2013 04 20 19 05 13.424     2013 04 20 19 08  5.666     172.2
214
 2013 04 20 23 01 46.923     2013 04 20 23 04 20.822     153.9
215
 2013 04 20 14 23  5.405     2013 04 20 14 25 51.108     165.7
216
 2013 04 20 14 35  9.937     2013 04 20 14 37 57.746     167.8
217
 2013 04 20 03 22 27.487     2013 04 20 03 26  9.824     222.3
 2013 04 20 15 15  9.427     2013 04 20 15 17 54.944     165.5
218
 2013 04 20 03 16 55.176     2013 04 20 03 20 38.569     223.4
 2013 04 20 16 53 34.553     2013 04 20 16 56 23.172     168.6
219
220
 2013 04 20 14 23 11.831     2013 04 20 14 25 52.813     161.0
221
 2013 04 20 06 24 25.850     2013 04 20 06 27 12.106     166.3
222
 2013 04 20 02 36 28.116     2013 04 20 02 40  3.563     215.4
 2013 04 20 14 27 11.884     2013 04 20 14 29 58.686     166.8
223
 2013 04 20 16 05 28.316     2013 04 20 16 08  2.357     154.0
224
 2013 04 20 02 07  5.001     2013 04 20 02 10 36.940     211.9
 2013 04 20 07 03  5.042     2013 04 20 07 06 10.520     185.5
225
 2013 04 20 07 30 57.110     2013 04 20 07 34 30.523     213.4
 2013 04 20 15 49 44.815     2013 04 20 15 53  9.256     204.4
226
 2013 04 20 02 20 45.533     2013 04 20 02 23 28.001     162.5
 2013 04 20 19 24 50.716     2013 04 20 19 27 47.793     177.1
227
 2013 04 20 00 48 20.608     2013 04 20 00 51 30.532     189.9
228
 2013 04 20 00 27 40.800     2013 04 20 00 31 28.797     228.0
 2013 04 20 08 43 38.918     2013 04 20 08 44 50.930      72.0
229
 2013 04 20 08 56 43.820     2013 04 20 08 59 21.323     157.5
 2013 04 20 20 43 24.785     2013 04 20 20 45 18.761     114.0
230
 2013 04 20 07 19 36.046     2013 04 20 07 22 55.426     199.4
 2013 04 20 19 11 11.322     2013 04 20 19 13 46.555     155.2
231
 2013 04 20 01 40 20.968     2013 04 20 01 43 39.455     198.5
232
 2013 04 20 11 07 20.810     2013 04 20 11 10 15.214     174.4
233
 2013 04 20 03 25 54.389     2013 04 20 03 28 34.328     159.9
 2013 04 20 15 12 14.093     2013 04 20 15 12 40.134      26.0
234
 2013 04 20 16 39  9.908     2013 04 20 16 42  9.860     180.0
235
 2013 04 20 17 44 14.605     2013 04 20 17 47 17.141     182.5
236
 2013 04 20 01 17  5.340     2013 04 20 01 19 50.702     165.4
 2013 04 20 07 52 24.301     2013 04 20 07 55 36.414     192.1
237
 2013 04 20 03 58 40.887     2013 04 20 04 01 53.216     192.3
 2013 04 20 19 22 45.688     2013 04 20 19 25 33.103     167.4
238
239
 2013 04 20 10 44 59.931     2013 04 20 10 45 51.912      52.0
 2013 04 20 17 21 12.574     2013 04 20 17 23 51.318     158.7
240
 2013 04 20 15 28 51.077     2013 04 20 15 32 29.286     218.2
 2013 04 20 22 04 40.783     2013 04 20 22 07 19.195     158.4
241
 2013 04 20 00 00   .000     2013 04 20 00 00  4.093       4.1
 2013 04 20 01 34  3.660     2013 04 20 01 34 46.235      42.6
 2013 04 20 18 39 30.757     2013 04 20 18 42 16.982     166.2
 2013 04 20 23 34 39.608     2013 04 20 23 38 34.007     234.4
242
 2013 04 20 09 03 49.420     2013 04 20 09 06 43.789     174.4
243
244
245
 2013 04 20 03 07 50.327     2013 04 20 03 10 58.843     188.5
 2013 04 20 20 11 42.355     2013 04 20 20 14 36.408     174.1
246
 2013 04 20 07 12 41.415     2013 04 20 07 16  7.514     206.1
 2013 04 20 20 50  7.550     2013 04 20 20 53 42.260     214.7
247
 2013 04 20 14 35 32.321     2013 04 20 14 38  8.903     156.6
248
249
 2013 04 20 11 13 57.725     2013 04 20 11 17 26.290     208.6
250
 2013 04 20 02 23  4.717     2013 04 20 02 25 53.484     168.8
251
 2013 04 20 21 22 33.728     2013 04 20 21 25 18.914     165.2
252
253
254
 2013 04 20 05 05 24.595     2013 04 20 05 08 43.888     199.3
 2013 04 20 15 07 28.660     2013 04 20 15 10 11.150     162.5
255
 2013 04 20 02 48 41.154     2013 04 20 02 52 14.000     212.8
 2013 04 20 11 03 57.470     2013 04 20 11 06 34.197     156.7
256
 2013 04 20 04 17 29.968     2013 04 20 04 20 21.954     172.0
 2013 04 20 14 18 45.620     2013 04 20 14 22  3.659     198.0
257
 2013 04 20 02 27  9.866     2013 04 20 02 30 49.933     220.1
258
 2013 04 20 03 09 22.547     2013 04 20 03 12  7.531     165.0
 2013 04 20 20 12 11.217     2013 04 20 20 15 14.333     183.1
259
 2013 04 20 03 54 28.446     2013 04 20 03 57  5.207     156.8
 2013 04 20 22 37 24.881     2013 04 20 22 40 41.621     196.7
260
 2013 04 20 20 48  4.949     2013 04 20 20 51 43.739     218.8
261
 2013 04 20 03 23 39.349     2013 04 20 03 27 20.878     221.5
 2013 04 20 15 14 34.054     2013 04 20 15 17 18.703     164.6
262
 2013 04 20 02 19   .659     2013 04 20 02 22 39.972     219.3
 2013 04 20 21 01 24.470     2013 04 20 21 05   .438     216.0
263
 2013 04 20 03 26 48.318     2013 04 20 03 29 52.860     184.5
264
 2013 04 20 15 23 25.381     2013 04 20 15 26 26.336     181.0
265
 2013 04 20 01 12 37.289     2013 04 20 01 16 12.235     214.9
 2013 04 20 09 31 27.981     2013 04 20 09 34 55.328     207.3
266
 2013 04 20 13 54 32.934     2013 04 20 13 57 27.044     174.1
 2013 04 20 20 29 32.202     2013 04 20 20 32 10.339     158.1
267
 2013 04 20 11 07 28.236     2013 04 20 11 10 23.360     175.1
268
 2013 04 20 09 38  3.548     2013 04 20 09 40 44.418     160.9
269
 2013 04 20 10 43  4.228     2013 04 20 10 46 18.279     194.1
 2013 04 20 18 56  6.533     2013 04 20 18 57 15.390      68.9
270
 2013 04 20 19 12 19.204     2013 04 20 19 15 28.294     189.1
271
 2013 04 20 15 21 29.231     2013 04 20 15 24 49.394     200.2
272
 2013 04 20 05 37 58.382     2013 04 20 05 40 39.407     161.0
 2013 04 20 19 16 16.770     2013 04 20 19 16 28.118      11.3
273
 2013 04 20 05 06 28.789     2013 04 20 05 09  3.508     154.7
 2013 04 20 15 06  6.068     2013 04 20 15 08 57.918     171.8
274
 2013 04 20 04 01  9.836     2013 04 20 04 04  6.834     177.0
275
 2013 04 20 01 01 41.520     2013 04 20 01 04 17.993     156.5
 2013 04 20 12 51 30.743     2013 04 20 12 54 34.291     183.5
276
 2013 04 20 09 28 31.641     2013 04 20 09 31 35.981     184.3
277
 2013 04 20 14 43 33.721     2013 04 20 14 46 10.311     156.6
 2013 04 20 19 38 25.912     2013 04 20 19 41 31.312     185.4
278
279
 2013 04 20 22 13 44.372     2013 04 20 22 17  4.567     200.2
280
 2013 04 20 00 19 50.280     2013 04 20 00 22 25.275     155.0
281
 2013 04 20 15 09 56.384     2013 04 20 15 12 36.766     160.4
282
 2013 04 20 10 30 39.534     2013 04 20 10 33 29.751     170.2
 2013 04 20 22 17 58.951     2013 04 20 22 20 42.383     163.4
283
 2013 04 20 06 04  5.350     2013 04 20 06 06 49.819     164.5
 2013 04 20 10 59  9.901     2013 04 20 11 01 51.263     161.4
284
 2013 04 20 03 54  4.566     2013 04 20 03 56 41.628     157.1
 2013 04 20 22 37 11.408     2013 04 20 22 40  9.478     178.1
285
 2013 04 20 00 27  8.652     2013 04 20 00 29 44.273     155.6
 2013 04 20 08 43 10.548     2013 04 20 08 45 45.262     154.7
286
 2013 04 20 03 18  1.912     2013 04 20 03 20 37.850     155.9
 2013 04 20 16 54 40.705     2013 04 20 16 57 28.488     167.8
287
 2013 04 20 11 26 33.630     2013 04 20 11 30  6.890     213.3
288
 2013 04 20 19 12 53.214     2013 04 20 19 16  9.922     196.7
289
 2013 04 20 11 59 53.290     2013 04 20 12 03 26.745     213.5
290
291
 2013 04 20 08 10 58.845     2013 04 20 08 14 19.258     200.4
292
 2013 04 20 12 07 16.346     2013 04 20 12 10 23.700     187.4
293
 2013 04 20 01 34  8.617     2013 04 20 01 37 23.805     195.2
 2013 04 20 18 39   .973     2013 04 20 18 41 39.499     158.5
294
295
 2013 04 20 03 39 24.257     2013 04 20 03 42  2.928     158.7
 2013 04 20 10 13 56.245     2013 04 20 10 16 39.343     163.1
296
 2013 04 20 07 18  2.204     2013 04 20 07 21   .548     178.3
297
 2013 04 20 17 32 26.480     2013 04 20 17 35 33.106     186.6
298
 2013 04 20 09 03 21.939     2013 04 20 09 05 57.744     155.8
 2013 04 20 19 02 13.806     2013 04 20 19 05 47.912     214.1
299
300
 2013 04 20 22 11 51.663     2013 04 20 22 12 27.877      36.2
301
 2013 04 20 05 47 23.015     2013 04 20 05 49 55.996     153.0
 2013 04 20 17 34 23.943     2013 04 20 17 37 42.359     198.4
302
 2013 04 20 01 42  5.760     2013 04 20 01 44 55.695     169.9
 2013 04 20 15 19 46.358     2013 04 20 15 22 56.574     190.2
303
 2013 04 20 01 07 36.276     2013 04 20 01 10 54.000     197.7
 2013 04 20 11 11 25.534     2013 04 20 11 14 30.494     185.0
304
 2013 04 20 02 52 27.099     2013 04 20 02 55 23.994     176.9
 2013 04 20 09 26 21.221     2013 04 20 09 29   .673     159.5
305
 2013 04 20 03 15 20.030     2013 04 20 03 18  2.097     162.1
306
 2013 04 20 04 14 15.241     2013 04 20 04 16 48.747     153.5
307
 2013 04 20 12 11 27.915     2013 04 20 12 12 20.363      52.4
308
 2013 04 20 15 57 48.013     2013 04 20 16 00 22.305     154.3
309
 2013 04 20 17 48 33.642     2013 04 20 17 49 30.448      56.8
310
 2013 04 20 09 45  5.724     2013 04 20 09 45 36.171      30.4
311
 2013 04 20 04 57 36.399     2013 04 20 05 00 17.328     160.9
 2013 04 20 16 48 41.721     2013 04 20 16 51 51.216     189.5
312
 2013 04 20 04 41 57.143     2013 04 20 04 44 36.084     158.9
 2013 04 20 21 46 16.987     2013 04 20 21 46 39.933      22.9
 2013 04 20 23 24 18.883     2013 04 20 23 28  4.039     225.2
313
 2013 04 20 10 36 23.158     2013 04 20 10 36 43.735      20.6
314
 2013 04 20 15 47  8.821     2013 04 20 15 49 46.058     157.2
315
 2013 04 20 06 19 45.411     2013 04 20 06 21 11.088      85.7
 2013 04 20 21 44 58.051     2013 04 20 21 48  6.029     188.0
316
 2013 04 20 02 43  6.264     2013 04 20 02 45 50.106     163.8
 2013 04 20 12 45 24.070     2013 04 20 12 48  8.686     164.6
317
 2013 04 20 07 11 52.301     2013 04 20 07 14 38.053     165.8
 2013 04 20 20 55 50.675     2013 04 20 20 55 57.228       6.6
318
 2013 04 20 03 59 33.529     2013 04 20 04 02  9.940     156.4
 2013 04 20 19 21 42.414     2013 04 20 19 24 18.351     155.9
319
 2013 04 20 20 54 12.745     2013 04 20 20 57 22.170     189.4
320
321
 2013 04 20 07 18 15.439     2013 04 20 07 21  4.424     169.0
322
 2013 04 20 05 11 17.158     2013 04 20 05 14 41.839     204.7
 2013 04 20 13 27 25.131     2013 04 20 13 30 48.071     202.9
323
 2013 04 20 15 22 18.808     2013 04 20 15 26  2.354     223.5
324
 2013 04 20 15 54 17.389     2013 04 20 15 55  7.739      50.4
325
 2013 04 20 13 54 23.550     2013 04 20 13 54 50.058      26.5
 2013 04 20 22 05 30.654     2013 04 20 22 08 10.909     160.3
326
 2013 04 20 09 58  6.772     2013 04 20 10 01 29.987     203.2
 2013 04 20 11 35 51.123     2013 04 20 11 39 42.928     231.8
 2013 04 20 16 31 30.070     2013 04 20 16 34 20.818     170.7
327
 2013 04 20 17 25 38.432     2013 04 20 17 28 41.733     183.3
328
329
330
 2013 04 20 08 06 44.423     2013 04 20 08 09 18.170     153.7
 2013 04 20 19 57 22.827     2013 04 20 20 00 51.416     208.6
331
 2013 04 20 12 57 34.740     2013 04 20 13 00 15.715     161.0
 2013 04 20 22 59  8.855     2013 04 20 23 02 29.810     201.0
332
333
 2013 04 20 04 16 50.560     2013 04 20 04 17 18.538      28.0
 2013 04 20 14 20 50.947     2013 04 20 14 21 48.089      57.1
334
 2013 04 20 00 02 10.656     2013 04 20 00 05 33.134     202.5
 2013 04 20 15 24 17.810     2013 04 20 15 27 26.377     188.6
 2013 04 20 23 40 33.472     2013 04 20 23 44  4.929     211.5
335
 2013 04 20 07 15 28.152     2013 04 20 07 15 49.098      20.9
336
 2013 04 20 09 32 59.380     2013 04 20 09 36 48.846     229.5
337
 2013 04 20 15 56 25.383     2013 04 20 15 59 30.962     185.6
338
 2013 04 20 15 15 54.966     2013 04 20 15 18 33.562     158.6
339
 2013 04 20 00 48 42.900     2013 04 20 00 51 40.812     177.9
340
 2013 04 20 09 44 41.255     2013 04 20 09 47 55.473     194.2
341
 2013 04 20 02 50 29.198     2013 04 20 02 51 32.988      63.8
 2013 04 20 09 31 28.717     2013 04 20 09 31 34.915       6.2
342
 2013 04 20 04 08 35.749     2013 04 20 04 11 35.199     179.5
343
 2013 04 20 07 17 38.238     2013 04 20 07 21  1.508     203.3
344
 2013 04 20 01 08  2.594     2013 04 20 01 08 36.373      33.8
 2013 04 20 11 11 47.851     2013 04 20 11 14 23.190     155.3
345
 2013 04 20 05 07 26.957     2013 04 20 05 10 44.127     197.2
346
347
 2013 04 20 10 26 39.737     2013 04 20 10 30  4.182     204.4
348
 2013 04 20 08 12  2.313     2013 04 20 08 15  6.276     184.0
349
 2013 04 20 07 21 22.204     2013 04 20 07 24  7.499     165.3
 2013 04 20 19 09  3.500     2013 04 20 19 11 42.722     159.2
350
 2013 04 20 05 36 38.278     2013 04 20 05 39 37.537     179.3
351
 2013 04 20 18 13  5.021     2013 04 20 18 15 53.481     168.5
352
353
 2013 04 20 13 01 31.146     2013 04 20 13 04  7.218     156.1
354
 2013 04 20 01 44  5.873     2013 04 20 01 47 30.367     204.5
 2013 04 20 15 18 19.005     2013 04 20 15 21 34.295     195.3
355
 2013 04 20 01 58  8.984     2013 04 20 02 00 43.570     154.6
 2013 04 20 11 56 14.729     2013 04 20 11 57 15.085      60.4
356
 2013 04 20 02 29 52.026     2013 04 20 02 33 11.831     199.8
 2013 04 20 16 06 35.034     2013 04 20 16 09 17.231     162.2
357
 2013 04 20 18 13 20.142     2013 04 20 18 16 10.633     170.5
358
 2013 04 20 13 56 50.226     2013 04 20 13 56 58.774       8.5
 2013 04 20 15 30 53.182     2013 04 20 15 34 42.345     229.2
 2013 04 20 20 27  7.966     2013 04 20 20 30 13.044     185.1
359
 2013 04 20 06 38 21.071     2013 04 20 06 41 41.697     200.6
360
 2013 04 20 08 15 15.697     2013 04 20 08 15 17.167       1.5
361
 2013 04 20 17 32 39.192     2013 04 20 17 35 36.812     177.6
362
363
 2013 04 20 21 22 20.697     2013 04 20 21 24 55.297     154.6
364
 2013 04 20 07 59 16.792     2013 04 20 08 01 52.523     155.7
365
 2013 04 20 04 45 59.043     2013 04 20 04 47 56.001     117.0
 2013 04 20 20 10 29.165     2013 04 20 20 13  5.548     156.4
366
 2013 04 20 11 07 29.454     2013 04 20 11 11  1.499     212.0
367
 2013 04 20 01 13 40.090     2013 04 20 01 16 28.728     168.6
 2013 04 20 09 29 56.294     2013 04 20 09 32 57.575     181.3
368
 2013 04 20 01 57 55.489     2013 04 20 02 01  2.955     187.5
 2013 04 20 11 55 38.258     2013 04 20 11 59  4.490     206.2
369
 2013 04 20 05 44 56.561     2013 04 20 05 47 42.725     166.2
 2013 04 20 17 36  9.472     2013 04 20 17 39  8.274     178.8
370
 2013 04 20 06 47 37.614     2013 04 20 06 48 18.800      41.2
 2013 04 20 08 25 33.337     2013 04 20 08 26 44.626      71.3
 2013 04 20 13 21 54.206     2013 04 20 13 24 43.975     169.8
371
 2013 04 20 06 18  7.591     2013 04 20 06 21  8.038     180.4
 2013 04 20 23 21  7.586     2013 04 20 23 23 57.090     169.5
372
 2013 04 20 09 56  8.460     2013 04 20 09 58 46.435     158.0
 2013 04 20 18 09 22.195     2013 04 20 18 09 23.983       1.8
373
 2013 04 20 20 52  1.799     2013 04 20 20 52 32.663      30.9
374
 2013 04 20 15 27 16.032     2013 04 20 15 30 48.796     212.8
 2013 04 20 22 01 43.811     2013 04 20 22 05 27.279     223.5
375
 2013 04 20 13 04 58.693     2013 04 20 13 08 21.837     203.1
 2013 04 20 21 17 45.827     2013 04 20 21 18  9.214      23.4
376
 2013 04 20 12 37 21.092     2013 04 20 12 40 27.434     186.3
377
 2013 04 20 11 54  2.606     2013 04 20 11 57 12.281     189.7
378
379
 2013 04 20 01 38 52.590     2013 04 20 01 41 51.910     179.3
 2013 04 20 16 58 35.721     2013 04 20 17 02  8.794     213.1
380
 2013 04 20 01 47 47.335     2013 04 20 01 50 56.404     189.1
381
 2013 04 20 15 09  1.759     2013 04 20 15 12 24.321     202.6
382
 2013 04 20 04 16 44.642     2013 04 20 04 19 52.855     188.2
 2013 04 20 14 20 24.560     2013 04 20 14 23 38.696     194.1
383
 2013 04 20 13 55 41.531     2013 04 20 13 58 19.484     158.0
 2013 04 20 18 50 34.980     2013 04 20 18 51 37.788      62.8
 2013 04 20 20 28 40.869     2013 04 20 20 32 22.626     221.8
384
 2013 04 20 02 40 31.674     2013 04 20 02 43 25.226     173.6
385
 2013 04 20 17 32 44.087     2013 04 20 17 35 22.220     158.1
386
 2013 04 20 12 53  6.035     2013 04 20 12 56  6.964     180.9
387
388
 2013 04 20 03 20 39.731     2013 04 20 03 23 54.251     194.5
389
 2013 04 20 12 54 54.645     2013 04 20 12 57 35.468     160.8
390
 2013 04 20 00 32 50.356     2013 04 20 00 34  7.032      76.7
 2013 04 20 05 29  9.202     2013 04 20 05 31 53.307     164.1
 2013 04 20 22 33 20.467     2013 04 20 22 33 32.645      12.2
391
 2013 04 20 05 02 43.744     2013 04 20 05 05 17.471     153.7
392
 2013 04 20 06 37 56.271     2013 04 20 06 40 38.637     162.4
393
 2013 04 20 08 52 26.287     2013 04 20 08 55 37.946     191.7
394
395
 2013 04 20 03 54  8.280     2013 04 20 03 56 47.252     159.0
 2013 04 20 22 37  4.289     2013 04 20 22 40 10.179     185.9
396
 2013 04 20 08 12 34.768     2013 04 20 08 15 26.738     172.0
397
398
 2013 04 20 06 26 26.209     2013 04 20 06 29 25.932     179.7
 2013 04 20 20 03 17.732     2013 04 20 20 05 56.526     158.8
399
 2013 04 20 06 46 11.942     2013 04 20 06 49 21.915     190.0
 2013 04 20 15 01 38.127     2013 04 20 15 05 17.420     219.3
