s3
0
 2013 04 20 03 48  2.291     2013 04 20 03 50 46.747     164.5
 2013 04 20 20 54  9.019     2013 04 20 20 58  4.939     235.9
 2013 04 20 22 32 16.265     2013 04 20 22 36 12.865     236.6
1
 2013 04 20 12 10 42.987     2013 04 20 12 13 58.125     195.1
 2013 04 20 20 26 38.877     2013 04 20 20 29 19.517     160.6
2
 2013 04 20 06 10 56.513     2013 04 20 06 13 49.314     172.8
 2013 04 20 23 17 41.858     2013 04 20 23 20 30.907     169.0
3
 2013 04 20 04 36  5.783     2013 04 20 04 38 51.134     165.4
 2013 04 20 21 42 42.561     2013 04 20 21 45 40.025     177.5
4
 2013 04 20 12 11  1.953     2013 04 20 12 14 27.501     205.5
 2013 04 20 20 28  8.278     2013 04 20 20 31 30.215     201.9
5
 2013 04 20 17 39  2.969     2013 04 20 17 42 10.856     187.9
6
7
 2013 04 20 20 35 22.185     2013 04 20 20 38 24.041     181.9
8
 2013 04 20 19 55 22.381     2013 04 20 19 58 21.445     179.1
9
10
 2013 04 20 01 48 54.560     2013 04 20 01 52 46.677     232.1
 2013 04 20 11 50 27.175     2013 04 20 11 53 27.486     180.3
11
 2013 04 20 22 24 18.183     2013 04 20 22 27  1.984     163.8
12
 2013 04 20 00 00   .000     2013 04 20 00 00 50.683      50.7
 2013 04 20 23 37 56.125     2013 04 20 23 40   .047     123.9
13
 2013 04 20 04 03  2.169     2013 04 20 04 05 58.340     176.2
 2013 04 20 15 56 25.434     2013 04 20 16 00  3.415     218.0
14
 2013 04 20 00 22 11.733     2013 04 20 00 23   .124      48.4
 2013 04 20 08 35 35.821     2013 04 20 08 38 43.432     187.6
15
 2013 04 20 04 54 18.116     2013 04 20 04 57 36.160     198.0
16
 2013 04 20 00 52 34.852     2013 04 20 00 55 31.597     176.7
17
 2013 04 20 08 54 48.658     2013 04 20 08 54 57.674       9.0
 2013 04 20 20 36 33.112     2013 04 20 20 40  9.335     216.2
18
 2013 04 20 18 27  3.520     2013 04 20 18 30  2.347     178.8
19
 2013 04 20 07 28 41.160     2013 04 20 07 31 18.791     157.6
 2013 04 20 14 04 26.380     2013 04 20 14 05 15.180      48.8
20
 2013 04 20 01 45 56.234     2013 04 20 01 48 40.104     163.9
21
 2013 04 20 03 18 12.851     2013 04 20 03 20 50.140     157.3
 2013 04 20 15 07 43.664     2013 04 20 15 10 32.785     169.1
22
 2013 04 20 06 22 12.223     2013 04 20 06 24 52.991     160.8
23
 2013 04 20 10 29 18.305     2013 04 20 10 31 55.827     157.5
 2013 04 20 20 33  4.089     2013 04 20 20 36 45.251     221.2
24
 2013 04 20 08 00   .459     2013 04 20 08 03 37.757     217.3
 2013 04 20 19 53 56.464     2013 04 20 19 56 42.321     165.9
25
 2013 04 20 12 41 46.526     2013 04 20 12 45 25.053     218.5
26
 2013 04 20 11 14   .967     2013 04 20 11 16 49.091     168.1
27
 2013 04 20 22 05 32.376     2013 04 20 22 08 48.647     196.3
28
 2013 04 20 01 13 18.357     2013 04 20 01 16  1.978     163.6
 2013 04 20 06 08 55.211     2013 04 20 06 11 44.144     168.9
29
 2013 04 20 00 50 22.333     2013 04 20 00 53  4.462     162.1
30
 2013 04 20 09 50  1.464     2013 04 20 09 52 48.572     167.1
 2013 04 20 18 04 11.864     2013 04 20 18 04 44.098      32.2
31
 2013 04 20 16 58 36.970     2013 04 20 17 01 43.572     186.6
 2013 04 20 18 36 16.440     2013 04 20 18 36 19.957       3.5
 2013 04 20 23 32 41.769     2013 04 20 23 35 36.318     174.5
32
 2013 04 20 12 52 15.646     2013 04 20 12 54 55.100     159.5
 2013 04 20 22 54 56.364     2013 04 20 22 57 47.746     171.4
33
 2013 04 20 16 38 26.037     2013 04 20 16 40 25.568     119.5
34
 2013 04 20 21 40 53.851     2013 04 20 21 43 31.868     158.0
35
 2013 04 20 03 55 45.778     2013 04 20 03 58 29.124     163.3
36
 2013 04 20 00 52 39.250     2013 04 20 00 55 15.101     155.9
37
 2013 04 20 00 23 34.704     2013 04 20 00 27 17.256     222.6
 2013 04 20 02 01 41.437     2013 04 20 02 05 23.473     222.0
 2013 04 20 05 18 44.981     2013 04 20 05 18 50.543       5.6
 2013 04 20 06 57 38.282     2013 04 20 07 00 35.566     177.3
38
 2013 04 20 03 51 57.562     2013 04 20 03 54 38.065     160.5
 2013 04 20 19 16 51.021     2013 04 20 19 20 15.487     204.5
39
 2013 04 20 03 10 56.541     2013 04 20 03 11 23.092      26.6
40
 2013 04 20 22 04 48.507     2013 04 20 22 08 10.399     201.9
41
 2013 04 20 01 37 47.352     2013 04 20 01 41 30.291     222.9
42
 2013 04 20 03 02 46.954     2013 04 20 03 02 52.921       6.0
 2013 04 20 04 37  2.250     2013 04 20 04 40 48.743     226.5
 2013 04 20 21 43 41.830     2013 04 20 21 46 44.491     182.7
43
 2013 04 20 18 02 57.325     2013 04 20 18 06 36.901     219.6
44
 2013 04 20 04 51 31.795     2013 04 20 04 54  8.881     157.1
 2013 04 20 16 43  5.737     2013 04 20 16 46  1.151     175.4
45
 2013 04 20 04 38 36.483     2013 04 20 04 41 15.060     158.6
46
 2013 04 20 06 21 23.858     2013 04 20 06 24 50.160     206.3
47
48
 2013 04 20 06 33 15.310     2013 04 20 06 34 31.379      76.1
49
 2013 04 20 10 27 17.475     2013 04 20 10 31   .584     223.1
50
 2013 04 20 00 10 31.029     2013 04 20 00 14 13.618     222.6
51
 2013 04 20 00 15 50.967     2013 04 20 00 18 40.069     169.1
 2013 04 20 10 16 41.117     2013 04 20 10 20  7.291     206.2
52
 2013 04 20 08 12 34.215     2013 04 20 08 13 44.920      70.7
 2013 04 20 18 08 18.540     2013 04 20 18 11 40.460     201.9
53
 2013 04 20 08 01 17.794     2013 04 20 08 03 58.758     161.0
 2013 04 20 19 52 12.616     2013 04 20 19 55   .314     167.7
54
 2013 04 20 04 58 58.839     2013 04 20 05 02 18.558     199.7
 2013 04 20 15 01 58.867     2013 04 20 15 04 48.970     170.1
55
 2013 04 20 00 24 44.259     2013 04 20 00 28 45.150     240.9
 2013 04 20 05 21 33.677     2013 04 20 05 21 53.779      20.1
 2013 04 20 06 59 34.162     2013 04 20 06 59 35.691       1.5
56
 2013 04 20 12 58  7.708     2013 04 20 13 01 37.657     209.9
 2013 04 20 21 13 51.314     2013 04 20 21 16 38.064     166.8
57
 2013 04 20 06 09 38.997     2013 04 20 06 09 59.703      20.7
 2013 04 20 23 15 28.065     2013 04 20 23 18 48.961     200.9
58
 2013 04 20 07 25 15.641     2013 04 20 07 28 34.603     199.0
 2013 04 20 15 42 16.018     2013 04 20 15 45 39.596     203.6
59
 2013 04 20 12 12 45.329     2013 04 20 12 15 38.887     173.6
 2013 04 20 18 49  1.818     2013 04 20 18 49 11.250       9.4
60
 2013 04 20 08 10  8.618     2013 04 20 08 12 49.758     161.1
 2013 04 20 18 09 34.664     2013 04 20 18 10 29.498      54.8
61
 2013 04 20 14 11  5.168     2013 04 20 14 14 24.981     199.8
62
 2013 04 20 19 08 11.589     2013 04 20 19 10 49.574     158.0
63
 2013 04 20 12 12 42.697     2013 04 20 12 15 42.701     180.0
 2013 04 20 18 47 56.625     2013 04 20 18 51 42.617     226.0
64
65
 2013 04 20 06 33  8.016     2013 04 20 06 35 47.071     159.1
 2013 04 20 16 36 14.866     2013 04 20 16 39 11.152     176.3
66
 2013 04 20 01 51 52.577     2013 04 20 01 54 36.488     163.9
67
 2013 04 20 07 19 31.089     2013 04 20 07 23 12.277     221.2
 2013 04 20 17 24 50.063     2013 04 20 17 27 45.398     175.3
68
 2013 04 20 07 25 18.174     2013 04 20 07 28  3.372     165.2
 2013 04 20 15 42 44.084     2013 04 20 15 46 19.763     215.7
69
 2013 04 20 15 20 22.191     2013 04 20 15 23 52.194     210.0
 2013 04 20 23 35 47.845     2013 04 20 23 38 38.486     170.6
70
 2013 04 20 13 19 42.284     2013 04 20 13 22 22.589     160.3
71
 2013 04 20 01 41 43.246     2013 04 20 01 42 51.754      68.5
 2013 04 20 13 34 51.702     2013 04 20 13 37 32.340     160.6
72
 2013 04 20 01 48 16.942     2013 04 20 01 51 35.580     198.6
 2013 04 20 11 50 44.172     2013 04 20 11 51 22.205      38.0
73
 2013 04 20 00 00 53.864     2013 04 20 00 04 35.847     222.0
 2013 04 20 13 38 59.667     2013 04 20 13 41 40.212     160.5
 2013 04 20 23 41 53.203     2013 04 20 23 45 35.587     222.4
74
 2013 04 20 01 24  7.048     2013 04 20 01 24  8.250       1.2
 2013 04 20 03 02 19.663     2013 04 20 03 03 36.247      76.6
 2013 04 20 20 09  2.424     2013 04 20 20 12 12.840     190.4
75
 2013 04 20 05 29 12.315     2013 04 20 05 33  3.472     231.2
76
 2013 04 20 06 21 32.139     2013 04 20 06 24 42.149     190.0
 2013 04 20 19 57 17.469     2013 04 20 20 00 45.904     208.4
77
 2013 04 20 15 12 18.825     2013 04 20 15 15  6.583     167.8
78
 2013 04 20 09 05 31.229     2013 04 20 09 08 10.827     159.6
 2013 04 20 15 39 55.215     2013 04 20 15 43  3.860     188.6
79
80
 2013 04 20 21 16 40.466     2013 04 20 21 19 54.132     193.7
81
82
 2013 04 20 09 34 16.841     2013 04 20 09 37   .257     163.4
83
 2013 04 20 00 00   .000     2013 04 20 00 00  5.460       5.5
 2013 04 20 15 20 37.702     2013 04 20 15 24  5.752     208.0
 2013 04 20 23 37 29.878     2013 04 20 23 41  4.879     215.0
84
 2013 04 20 11 26  1.540     2013 04 20 11 28 50.633     169.1
 2013 04 20 18 01 21.171     2013 04 20 18 04 23.937     182.8
85
 2013 04 20 04 23  2.338     2013 04 20 04 23 28.643      26.3
 2013 04 20 05 57 39.516     2013 04 20 06 01 18.307     218.8
 2013 04 20 10 54  9.591     2013 04 20 10 56 51.170     161.6
86
 2013 04 20 11 53 10.716     2013 04 20 11 53 30.455      19.7
87
 2013 04 20 19 11  6.230     2013 04 20 19 11 36.728      30.5
88
89
 2013 04 20 04 08 38.295     2013 04 20 04 11 44.082     185.8
90
91
 2013 04 20 06 15 50.602     2013 04 20 06 19 17.824     207.2
 2013 04 20 21 39  9.559     2013 04 20 21 40 20.300      70.7
92
 2013 04 20 01 45 58.829     2013 04 20 01 48 19.126     140.3
93
 2013 04 20 04 40 52.988     2013 04 20 04 41  5.695      12.7
 2013 04 20 21 40 45.840     2013 04 20 21 44 18.735     212.9
94
 2013 04 20 10 38 54.499     2013 04 20 10 42 39.284     224.8
 2013 04 20 17 15 47.140     2013 04 20 17 18 26.468     159.3
95
 2013 04 20 00 41 42.726     2013 04 20 00 45 36.611     233.9
 2013 04 20 16 08 36.136     2013 04 20 16 11 57.162     201.0
96
 2013 04 20 04 18 58.066     2013 04 20 04 22 40.147     222.1
 2013 04 20 10 56 10.791     2013 04 20 10 59 52.797     222.0
97
 2013 04 20 06 19  3.890     2013 04 20 06 22 31.521     207.6
 2013 04 20 20 00 26.661     2013 04 20 20 03  3.699     157.0
98
 2013 04 20 05 54 16.131     2013 04 20 05 57  4.054     167.9
 2013 04 20 12 29 32.090     2013 04 20 12 32 46.617     194.5
99
 2013 04 20 09 48 39.365     2013 04 20 09 48 52.878      13.5
 2013 04 20 18 06 22.354     2013 04 20 18 10  9.856     227.5
100
 2013 04 20 10 13 58.838     2013 04 20 10 16 40.179     161.3
101
102
103
104
 2013 04 20 13 30 24.242     2013 04 20 13 34  9.642     225.4
105
 2013 04 20 12 35 26.569     2013 04 20 12 38 56.121     209.6
106
 2013 04 20 07 57  8.362     2013 04 20 07 59 47.423     159.1
107
 2013 04 20 12 58  7.922     2013 04 20 13 01 57.838     229.9
 2013 04 20 21 15 47.601     2013 04 20 21 19  9.197     201.6
108
 2013 04 20 08 01 20.421     2013 04 20 08 03 58.542     158.1
 2013 04 20 19 52 21.446     2013 04 20 19 55  5.265     163.8
109
 2013 04 20 06 40 58.688     2013 04 20 06 43 54.909     176.2
 2013 04 20 13 16 20.547     2013 04 20 13 16 25.136       4.6
110
 2013 04 20 18 26 21.102     2013 04 20 18 30  1.074     220.0
111
 2013 04 20 04 51 36.085     2013 04 20 04 53  3.939      87.9
112
 2013 04 20 06 30  1.980     2013 04 20 06 33 11.020     189.0
113
114
 2013 04 20 07 29 12.201     2013 04 20 07 31 58.001     165.8
 2013 04 20 14 04 26.738     2013 04 20 14 07 28.516     181.8
115
 2013 04 20 08 16  7.548     2013 04 20 08 19 21.694     194.1
 2013 04 20 14 51 19.666     2013 04 20 14 54 34.246     194.6
116
 2013 04 20 08 42 18.677     2013 04 20 08 43 14.584      55.9
 2013 04 20 22 21 46.798     2013 04 20 22 25 27.311     220.5
117
 2013 04 20 07 02 53.316     2013 04 20 07 03  3.294      10.0
 2013 04 20 22 26 52.583     2013 04 20 22 27 21.821      29.2
118
 2013 04 20 15 51 17.049     2013 04 20 15 53 55.455     158.4
119
 2013 04 20 00 39 56.022     2013 04 20 00 43  4.756     188.7
 2013 04 20 17 46 29.373     2013 04 20 17 49 12.418     163.0
120
 2013 04 20 20 41 52.851     2013 04 20 20 45 22.305     209.5
121
 2013 04 20 00 00   .000     2013 04 20 00 01  5.460      65.5
 2013 04 20 15 17 45.580     2013 04 20 15 18 37.608      52.0
 2013 04 20 23 38  9.027     2013 04 20 23 38 36.953      27.9
122
 2013 04 20 03 50  9.292     2013 04 20 03 52 49.890     160.6
 2013 04 20 20 54 57.426     2013 04 20 20 58  8.326     190.9
123
124
 2013 04 20 03 19 20.777     2013 04 20 03 22 17.466     176.7
 2013 04 20 15 06  1.480     2013 04 20 15 09 47.662     226.2
125
 2013 04 20 14 06 21.054     2013 04 20 14 09 37.587     196.5
126
 2013 04 20 01 28 46.474     2013 04 20 01 32 17.300     210.8
 2013 04 20 16 55 29.891     2013 04 20 16 55 31.580       1.7
127
 2013 04 20 03 20 45.751     2013 04 20 03 23 28.117     162.4
128
 2013 04 20 17 31 21.572     2013 04 20 17 31 38.695      17.1
129
 2013 04 20 00 03 25.561     2013 04 20 00 06 32.385     186.8
 2013 04 20 23 44 25.250     2013 04 20 23 47 31.803     186.6
130
131
 2013 04 20 05 49 28.096     2013 04 20 05 52 46.525     198.4
132
133
 2013 04 20 08 05 19.975     2013 04 20 08 05 26.725       6.7
 2013 04 20 19 50 37.067     2013 04 20 19 53 32.068     175.0
134
 2013 04 20 13 47 44.530     2013 04 20 13 48 50.453      65.9
 2013 04 20 20 25  8.744     2013 04 20 20 28 10.249     181.5
135
 2013 04 20 05 36 29.870     2013 04 20 05 39  5.850     156.0
136
 2013 04 20 01 54  8.339     2013 04 20 01 57 46.820     218.5
 2013 04 20 10 13  4.597     2013 04 20 10 15 43.007     158.4
137
 2013 04 20 06 25 21.090     2013 04 20 06 27 58.216     157.1
 2013 04 20 18 20 47.923     2013 04 20 18 21 41.714      53.8
138
 2013 04 20 03 22 58.961     2013 04 20 03 23 27.893      28.9
 2013 04 20 13 28 14.864     2013 04 20 13 30 50.998     156.1
139
 2013 04 20 06 34 47.535     2013 04 20 06 37 30.256     162.7
 2013 04 20 16 35 32.624     2013 04 20 16 38 49.695     197.1
140
 2013 04 20 07 05 15.645     2013 04 20 07 09   .482     224.8
141
142
 2013 04 20 02 38 54.469     2013 04 20 02 42 16.793     202.3
 2013 04 20 12 36 29.562     2013 04 20 12 36 54.125      24.6
143
 2013 04 20 17 00 11.625     2013 04 20 17 02 50.211     158.6
 2013 04 20 21 55 41.052     2013 04 20 21 58 51.547     190.5
144
 2013 04 20 17 48 29.985     2013 04 20 17 51 27.375     177.4
 2013 04 20 22 44 10.308     2013 04 20 22 46 51.551     161.2
145
 2013 04 20 19 45 46.498     2013 04 20 19 46 48.167      61.7
146
 2013 04 20 04 18  6.943     2013 04 20 04 20 46.350     159.4
 2013 04 20 12 33 28.579     2013 04 20 12 37  8.825     220.2
147
148
 2013 04 20 09 32 58.267     2013 04 20 09 35 36.011     157.7
149
 2013 04 20 14 30  2.817     2013 04 20 14 30 15.259      12.4
150
 2013 04 20 15 11  7.598     2013 04 20 15 13 51.116     163.5
151
 2013 04 20 06 39 48.536     2013 04 20 06 42 29.874     161.3
 2013 04 20 14 55 38.986     2013 04 20 14 58 45.495     186.5
152
 2013 04 20 08 05 28.919     2013 04 20 08 08 56.367     207.4
153
 2013 04 20 12 41 14.363     2013 04 20 12 43 51.497     157.1
154
 2013 04 20 03 52 35.404     2013 04 20 03 56 26.696     231.3
 2013 04 20 19 18  2.712     2013 04 20 19 20 53.300     170.6
155
 2013 04 20 04 10 45.796     2013 04 20 04 13 21.060     155.3
 2013 04 20 14 14  2.489     2013 04 20 14 17 20.578     198.1
156
 2013 04 20 05 26  8.052     2013 04 20 05 29 58.990     230.9
 2013 04 20 20 52 50.932     2013 04 20 20 55 58.263     187.3
157
158
 2013 04 20 07 21 39.535     2013 04 20 07 24 38.171     178.6
 2013 04 20 17 22 25.813     2013 04 20 17 25  4.927     159.1
159
 2013 04 20 00 45 19.236     2013 04 20 00 46  2.421      43.2
160
 2013 04 20 10 40 48.862     2013 04 20 10 43 28.021     159.2
 2013 04 20 15 36 17.271     2013 04 20 15 40  4.211     226.9
 2013 04 20 17 14 17.870     2013 04 20 17 15 48.192      90.3
161
162
 2013 04 20 00 39 22.664     2013 04 20 00 42 59.625     217.0
 2013 04 20 17 46 46.902     2013 04 20 17 49 31.699     164.8
 2013 04 20 22 42  3.255     2013 04 20 22 46   .473     237.2
163
 2013 04 20 01 43 28.022     2013 04 20 01 46 52.289     204.3
 2013 04 20 13 31 56.159     2013 04 20 13 34 36.964     160.8
164
 2013 04 20 01 34 54.380     2013 04 20 01 38 39.938     225.6
 2013 04 20 15 13 39.628     2013 04 20 15 16 57.784     198.2
165
 2013 04 20 05 02 20.734     2013 04 20 05 06 16.743     236.0
 2013 04 20 13 23 30.115     2013 04 20 13 23 46.380      16.3
166
167
 2013 04 20 06 38 45.609     2013 04 20 06 42 13.079     207.5
 2013 04 20 14 57  2.991     2013 04 20 14 59 46.262     163.3
168
 2013 04 20 07 22 26.980     2013 04 20 07 25 26.234     179.3
 2013 04 20 17 21 48.144     2013 04 20 17 25  2.708     194.6
169
 2013 04 20 21 31   .788     2013 04 20 21 33 37.105     156.3
170
 2013 04 20 17 32  8.800     2013 04 20 17 32 17.560       8.8
171
 2013 04 20 15 03 45.152     2013 04 20 15 07  8.798     203.6
172
 2013 04 20 06 45 15.075     2013 04 20 06 48 11.875     176.8
 2013 04 20 11 40 58.456     2013 04 20 11 43 40.183     161.7
173
 2013 04 20 08 53 54.242     2013 04 20 08 56 44.243     170.0
 2013 04 20 19 02 38.484     2013 04 20 19 02 51.418      12.9
174
 2013 04 20 13 46  2.424     2013 04 20 13 48 59.910     177.5
 2013 04 20 22 01 22.071     2013 04 20 22 04 24.537     182.5
175
 2013 04 20 01 35 43.044     2013 04 20 01 39   .292     197.2
 2013 04 20 15 15 45.125     2013 04 20 15 18 29.735     164.6
176
 2013 04 20 20 30  6.800     2013 04 20 20 32 44.381     157.6
177
178
 2013 04 20 11 09 10.409     2013 04 20 11 11 47.787     157.4
179
 2013 04 20 14 32 32.936     2013 04 20 14 36  1.661     208.7
 2013 04 20 22 50 39.637     2013 04 20 22 53 27.888     168.3
180
 2013 04 20 15 49 14.648     2013 04 20 15 50 23.121      68.5
181
 2013 04 20 10 33 10.165     2013 04 20 10 36 44.304     214.1
182
 2013 04 20 03 11  5.277     2013 04 20 03 14 11.695     186.4
 2013 04 20 16 49 54.826     2013 04 20 16 53  4.880     190.1
183
 2013 04 20 08 10 42.334     2013 04 20 08 14 36.641     234.3
184
 2013 04 20 04 37 55.163     2013 04 20 04 41 33.375     218.2
185
 2013 04 20 18 21 12.360     2013 04 20 18 24 24.441     192.1
186
187
 2013 04 20 02 39 26.356     2013 04 20 02 42 18.052     171.7
188
 2013 04 20 07 56 46.811     2013 04 20 07 59 23.864     157.1
189
 2013 04 20 04 22  4.973     2013 04 20 04 24 48.580     163.6
 2013 04 20 09 17 42.504     2013 04 20 09 21 15.796     213.3
190
 2013 04 20 04 12  8.605     2013 04 20 04 15  3.545     174.9
 2013 04 20 14 14  4.984     2013 04 20 14 17  3.250     178.3
191
 2013 04 20 03 24 56.249     2013 04 20 03 27 45.651     169.4
 2013 04 20 13 25 49.283     2013 04 20 13 28 32.222     162.9
192
 2013 04 20 03 58 29.964     2013 04 20 04 01 55.616     205.7
 2013 04 20 17 37 14.384     2013 04 20 17 40 47.385     213.0
193
 2013 04 20 08 38 40.583     2013 04 20 08 39  4.606      24.0
194
 2013 04 20 17 00 13.837     2013 04 20 17 02 55.480     161.6
 2013 04 20 21 55 49.611     2013 04 20 21 59   .357     190.7
195
 2013 04 20 02 32 24.299     2013 04 20 02 35 53.972     209.7
196
 2013 04 20 09 38 27.251     2013 04 20 09 39 41.120      73.9
197
 2013 04 20 22 57 59.800     2013 04 20 23 00 56.416     176.6
198
 2013 04 20 08 14 25.770     2013 04 20 08 15  2.927      37.2
199
 2013 04 20 00 04 57.231     2013 04 20 00 08 47.898     230.7
 2013 04 20 12 03 41.940     2013 04 20 12 04 26.509      44.6
200
 2013 04 20 02 20 51.127     2013 04 20 02 23 51.175     180.0
201
 2013 04 20 03 50 13.851     2013 04 20 03 54  4.815     231.0
 2013 04 20 20 56  1.273     2013 04 20 20 59 53.555     232.3
202
 2013 04 20 05 06  2.683     2013 04 20 05 09   .505     177.8
203
 2013 04 20 01 27 56.342     2013 04 20 01 30 40.924     164.6
 2013 04 20 18 32 38.109     2013 04 20 18 35 44.421     186.3
204
 2013 04 20 01 30 11.185     2013 04 20 01 32 50.788     159.6
 2013 04 20 16 54 59.248     2013 04 20 16 57 53.403     174.2
205
206
 2013 04 20 04 40 45.911     2013 04 20 04 43 58.830     192.9
 2013 04 20 20 03 11.460     2013 04 20 20 06  3.799     172.3
207
 2013 04 20 04 57 27.378     2013 04 20 05 00 28.849     181.5
 2013 04 20 15 02  7.775     2013 04 20 15 05 34.772     207.0
208
 2013 04 20 11 13 49.169     2013 04 20 11 16 50.306     181.1
209
 2013 04 20 11 09 45.034     2013 04 20 11 13 21.045     216.0
 2013 04 20 23 03 24.621     2013 04 20 23 04 30.873      66.3
210
 2013 04 20 14 37 29.896     2013 04 20 14 40 24.259     174.4
 2013 04 20 19 33 15.468     2013 04 20 19 33 52.438      37.0
 2013 04 20 21 11 30.784     2013 04 20 21 15 23.432     232.6
211
 2013 04 20 01 39 48.923     2013 04 20 01 42 42.957     174.0
212
 2013 04 20 20 36 56.333     2013 04 20 20 40 43.653     227.3
213
 2013 04 20 08 53 38.908     2013 04 20 08 54 31.461      52.6
 2013 04 20 18 59 45.815     2013 04 20 19 03  2.094     196.3
214
 2013 04 20 22 56 55.321     2013 04 20 22 59 40.432     165.1
215
 2013 04 20 14 17 23.784     2013 04 20 14 20  1.651     157.9
216
 2013 04 20 14 29 29.391     2013 04 20 14 32 11.356     162.0
217
 2013 04 20 03 15 47.718     2013 04 20 03 18 56.879     189.2
 2013 04 20 15 09 21.679     2013 04 20 15 12 30.489     188.8
218
 2013 04 20 16 47 58.501     2013 04 20 16 51  8.412     189.9
219
220
 2013 04 20 14 17 28.219     2013 04 20 14 20  5.299     157.1
221
 2013 04 20 06 17 53.786     2013 04 20 06 20 31.893     158.1
222
 2013 04 20 02 29 47.152     2013 04 20 02 32 49.505     182.4
 2013 04 20 14 21 30.845     2013 04 20 14 24  9.420     158.6
223
 2013 04 20 15 59 49.942     2013 04 20 16 02 32.307     162.4
224
 2013 04 20 02 00  6.656     2013 04 20 02 03 29.893     203.2
 2013 04 20 06 56 27.212     2013 04 20 06 59 49.746     202.5
225
 2013 04 20 07 24 42.422     2013 04 20 07 27 51.305     188.9
 2013 04 20 15 43 55.403     2013 04 20 15 47 45.610     230.2
226
 2013 04 20 02 13 39.472     2013 04 20 02 16 36.124     176.7
 2013 04 20 19 19 32.252     2013 04 20 19 22 45.792     193.5
227
 2013 04 20 00 40 57.865     2013 04 20 00 44 34.191     216.3
228
 2013 04 20 00 20 37.031     2013 04 20 00 24  3.827     206.8
 2013 04 20 08 37 34.259     2013 04 20 08 41  4.964     210.7
229
 2013 04 20 08 50 28.245     2013 04 20 08 53  3.381     155.1
 2013 04 20 20 38 32.896     2013 04 20 20 41 55.560     202.7
230
 2013 04 20 07 13 22.249     2013 04 20 07 16 15.137     172.9
 2013 04 20 19 05 49.302     2013 04 20 19 08 39.300     170.0
231
 2013 04 20 01 33 26.568     2013 04 20 01 36 21.652     175.1
232
 2013 04 20 11 01  2.751     2013 04 20 11 04 20.051     197.3
233
 2013 04 20 03 18 59.487     2013 04 20 03 21 37.200     157.7
 2013 04 20 15 06 53.698     2013 04 20 15 10 25.957     212.3
234
 2013 04 20 16 33 29.946     2013 04 20 16 36 55.129     205.2
235
 2013 04 20 03 55 39.797     2013 04 20 03 56 59.888      80.1
 2013 04 20 17 38 39.545     2013 04 20 17 42  7.479     207.9
236
 2013 04 20 01 10  2.454     2013 04 20 01 12 40.681     158.2
 2013 04 20 07 45 48.256     2013 04 20 07 49 18.475     210.2
237
 2013 04 20 03 52  1.260     2013 04 20 03 54 58.648     177.4
 2013 04 20 19 17 26.210     2013 04 20 19 20 30.338     184.1
238
239
 2013 04 20 10 39  2.180     2013 04 20 10 42 45.560     223.4
 2013 04 20 17 15 47.682     2013 04 20 17 18 25.914     158.2
240
 2013 04 20 15 23 22.451     2013 04 20 15 26 45.595     203.1
 2013 04 20 21 59 46.043     2013 04 20 22 02 24.320     158.3
241
 2013 04 20 01 27 10.189     2013 04 20 01 30 51.573     221.4
 2013 04 20 18 34 18.193     2013 04 20 18 36 59.462     161.3
 2013 04 20 23 29 48.166     2013 04 20 23 29 58.394      10.2
242
 2013 04 20 08 57 40.184     2013 04 20 09 00 20.166     160.0
 2013 04 20 18 56 48.677     2013 04 20 18 56 52.945       4.3
243
 2013 04 20 22 14 59.797     2013 04 20 22 15 51.908      52.1
244
245
 2013 04 20 03 00 44.602     2013 04 20 03 04  9.954     205.4
 2013 04 20 20 06 32.800     2013 04 20 20 09 37.871     185.1
246
 2013 04 20 07 08 59.622     2013 04 20 07 09 57.301      57.7
 2013 04 20 20 48   .897     2013 04 20 20 48 55.082      54.2
247
 2013 04 20 14 29 42.144     2013 04 20 14 32 33.303     171.2
248
 2013 04 20 16 43 26.960     2013 04 20 16 44  8.027      41.1
249
 2013 04 20 11 10 55.722     2013 04 20 11 11 39.195      43.5
250
 2013 04 20 02 15 55.591     2013 04 20 02 19  4.718     189.1
251
 2013 04 20 21 17 27.813     2013 04 20 21 20 31.326     183.5
252
253
254
 2013 04 20 04 58 50.579     2013 04 20 05 01 47.606     177.0
 2013 04 20 15 01 54.914     2013 04 20 15 04 31.820     156.9
255
 2013 04 20 02 44 40.130     2013 04 20 02 45 32.979      52.8
 2013 04 20 10 57 49.225     2013 04 20 11 00 30.646     161.4
256
 2013 04 20 04 10 29.698     2013 04 20 04 13 49.603     199.9
 2013 04 20 14 12 43.825     2013 04 20 14 16 32.468     228.6
257
 2013 04 20 02 24  2.930     2013 04 20 02 24 10.020       7.1
258
 2013 04 20 03 02 19.276     2013 04 20 03 05 17.090     177.8
 2013 04 20 20 07 11.051     2013 04 20 20 10  3.928     172.9
259
 2013 04 20 03 47 37.820     2013 04 20 03 50 19.242     161.4
 2013 04 20 22 32 35.445     2013 04 20 22 35 50.024     194.6
260
 2013 04 20 20 43 11.917     2013 04 20 20 46 28.113     196.2
261
 2013 04 20 03 16 59.488     2013 04 20 03 20  8.076     188.6
 2013 04 20 15 09  2.377     2013 04 20 15 11 37.900     155.5
262
 2013 04 20 02 11 49.729     2013 04 20 02 15 50.236     240.5
 2013 04 20 03 49 48.215     2013 04 20 03 50  2.203      14.0
 2013 04 20 20 56 26.259     2013 04 20 20 59 56.208     209.9
263
 2013 04 20 03 19 33.503     2013 04 20 03 23 16.495     223.0
 2013 04 20 15 05  1.266     2013 04 20 15 05 39.803      38.5
264
 2013 04 20 15 17 56.981     2013 04 20 15 20 42.963     166.0
265
 2013 04 20 01 05 43.290     2013 04 20 01 08 51.090     187.8
 2013 04 20 09 24 56.184     2013 04 20 09 25 23.209      27.0
266
 2013 04 20 13 48 51.628     2013 04 20 13 51 37.079     165.5
 2013 04 20 20 24 27.133     2013 04 20 20 27  5.597     158.5
267
 2013 04 20 11 01 28.872     2013 04 20 11 04 11.527     162.7
268
 2013 04 20 09 31 36.068     2013 04 20 09 34 39.191     183.1
269
 2013 04 20 10 36 50.237     2013 04 20 10 40 23.446     213.2
 2013 04 20 18 51  2.052     2013 04 20 18 54 41.270     219.2
270
 2013 04 20 07 11 28.578     2013 04 20 07 12 25.107      56.5
 2013 04 20 19 06 49.686     2013 04 20 19 10 29.277     219.6
271
 2013 04 20 01 35 25.557     2013 04 20 01 36 29.447      63.9
 2013 04 20 15 16  3.775     2013 04 20 15 19  2.501     178.7
272
 2013 04 20 05 31  9.197     2013 04 20 05 34 12.568     183.4
273
 2013 04 20 04 59 37.074     2013 04 20 05 02 26.830     169.8
 2013 04 20 15 00 34.830     2013 04 20 15 03 16.190     161.4
274
 2013 04 20 03 54 28.767     2013 04 20 03 57 13.288     164.5
 2013 04 20 19 16  6.306     2013 04 20 19 16 16.770      10.5
275
 2013 04 20 00 54 22.370     2013 04 20 00 57 21.756     179.4
 2013 04 20 12 45 18.724     2013 04 20 12 48 55.331     216.6
276
 2013 04 20 02 45 41.238     2013 04 20 02 45 49.255       8.0
 2013 04 20 09 22 23.010     2013 04 20 09 25 14.335     171.3
277
 2013 04 20 14 37 49.679     2013 04 20 14 40 33.473     163.8
 2013 04 20 19 33 11.109     2013 04 20 19 36 29.321     198.2
278
279
 2013 04 20 22 08 59.257     2013 04 20 22 12   .172     180.9
280
 2013 04 20 00 12 31.098     2013 04 20 00 15 13.287     162.2
281
 2013 04 20 15 04 22.299     2013 04 20 15 06 57.927     155.6
282
 2013 04 20 10 24 18.847     2013 04 20 10 27 37.185     198.3
 2013 04 20 22 13  6.990     2013 04 20 22 15 44.968     158.0
283
 2013 04 20 05 57 31.676     2013 04 20 06 00 11.731     160.1
 2013 04 20 10 53  1.428     2013 04 20 10 55 48.121     166.7
284
 2013 04 20 03 47 11.478     2013 04 20 03 49 57.371     165.9
 2013 04 20 22 32 21.336     2013 04 20 22 35 18.850     177.5
285
 2013 04 20 00 19 49.314     2013 04 20 00 22 37.433     168.1
 2013 04 20 08 36 48.683     2013 04 20 08 39 31.757     163.1
286
 2013 04 20 03 11  3.207     2013 04 20 03 13 43.117     159.9
 2013 04 20 16 49 20.195     2013 04 20 16 51 57.414     157.2
287
 2013 04 20 11 23 16.979     2013 04 20 11 24 20.780      63.8
288
 2013 04 20 19 07 48.207     2013 04 20 19 10 45.930     177.7
289
 2013 04 20 11 54 10.105     2013 04 20 11 57 16.829     186.7
290
291
 2013 04 20 08 04 45.356     2013 04 20 08 07 41.710     176.4
292
 2013 04 20 12 01 30.314     2013 04 20 12 04 16.644     166.3
293
 2013 04 20 01 27 11.018     2013 04 20 01 30 10.877     179.9
 2013 04 20 18 33 46.873     2013 04 20 18 36 24.026     157.2
294
295
 2013 04 20 03 32 26.150     2013 04 20 03 35 17.848     171.7
 2013 04 20 10 07 41.108     2013 04 20 10 10 37.843     176.7
296
 2013 04 20 07 11 43.958     2013 04 20 07 14 24.694     160.7
297
 2013 04 20 17 27 10.076     2013 04 20 17 29 59.165     169.1
298
 2013 04 20 08 57  5.380     2013 04 20 08 59 42.074     156.7
 2013 04 20 18 57 10.059     2013 04 20 19 00 21.969     191.9
299
 2013 04 20 06 22  1.067     2013 04 20 06 22 10.781       9.7
300
 2013 04 20 13 42 38.277     2013 04 20 13 43 19.719      41.4
301
 2013 04 20 05 40 41.339     2013 04 20 05 43 23.631     162.3
 2013 04 20 17 29  9.449     2013 04 20 17 32  6.727     177.3
302
 2013 04 20 01 34 44.300     2013 04 20 01 38  2.320     198.0
 2013 04 20 15 13 57.470     2013 04 20 15 17 34.941     217.5
303
 2013 04 20 01 00 42.375     2013 04 20 01 03 32.764     170.4
 2013 04 20 11 05  3.334     2013 04 20 11 08 39.612     216.3
304
 2013 04 20 02 45 25.098     2013 04 20 02 48 36.182     191.1
 2013 04 20 09 20  6.220     2013 04 20 09 22 44.624     158.4
305
 2013 04 20 03 08 25.918     2013 04 20 03 11  3.244     157.3
306
 2013 04 20 04 07 24.734     2013 04 20 04 10  5.192     160.5
307
308
 2013 04 20 15 52  6.832     2013 04 20 15 54 52.421     165.6
309
 2013 04 20 17 43 18.444     2013 04 20 17 47  2.781     224.3
310
 2013 04 20 09 39  6.600     2013 04 20 09 42 38.437     211.8
311
 2013 04 20 04 50 52.046     2013 04 20 04 53 29.180     157.1
 2013 04 20 16 43   .349     2013 04 20 16 46 40.389     220.0
312
 2013 04 20 04 35  8.258     2013 04 20 04 37 52.500     164.2
 2013 04 20 21 45 24.452     2013 04 20 21 45 29.595       5.1
 2013 04 20 23 19 37.932     2013 04 20 23 23 13.982     216.0
313
314
 2013 04 20 15 41 32.396     2013 04 20 15 44 11.665     159.3
315
 2013 04 20 06 13 22.423     2013 04 20 06 16 54.518     212.1
 2013 04 20 21 39 56.804     2013 04 20 21 43 19.523     202.7
316
 2013 04 20 02 36 13.680     2013 04 20 02 38 48.657     155.0
 2013 04 20 12 39 16.857     2013 04 20 12 42 23.413     186.6
317
 2013 04 20 07 05 28.620     2013 04 20 07 08  7.301     158.7
318
 2013 04 20 03 52 38.259     2013 04 20 03 55 28.716     170.5
 2013 04 20 19 16 25.363     2013 04 20 19 19 11.794     166.4
319
 2013 04 20 20 48 58.782     2013 04 20 20 52 32.577     213.8
320
321
 2013 04 20 07 11 33.271     2013 04 20 07 14 51.833     198.6
322
 2013 04 20 05 04 41.578     2013 04 20 05 07 50.010     188.4
 2013 04 20 13 21 47.091     2013 04 20 13 24 53.391     186.3
323
 2013 04 20 01 32 52.870     2013 04 20 01 33 48.169      55.3
 2013 04 20 15 20 29.449     2013 04 20 15 20 41.878      12.4
324
325
 2013 04 20 22 00 36.864     2013 04 20 22 03 15.142     158.3
326
 2013 04 20 09 51 46.372     2013 04 20 09 55 30.349     224.0
 2013 04 20 11 29 51.878     2013 04 20 11 33 38.677     226.8
 2013 04 20 16 26  4.371     2013 04 20 16 28 52.726     168.4
327
 2013 04 20 17 20 20.511     2013 04 20 17 23  9.602     169.1
328
329
330
 2013 04 20 08 00 12.965     2013 04 20 08 02 57.571     164.6
 2013 04 20 19 55 11.209     2013 04 20 19 56  1.538      50.3
331
 2013 04 20 12 51 29.919     2013 04 20 12 54 32.606     182.7
 2013 04 20 22 54  8.388     2013 04 20 22 57 56.882     228.5
332
 2013 04 20 02 37 29.425     2013 04 20 02 38 24.941      55.5
 2013 04 20 12 39 13.496     2013 04 20 12 39 37.009      23.5
333
334
 2013 04 20 15 18 32.869     2013 04 20 15 22  2.220     209.4
 2013 04 20 23 35 37.671     2013 04 20 23 39 29.087     231.4
335
336
337
 2013 04 20 15 50 34.450     2013 04 20 15 54 10.016     215.6
338
 2013 04 20 03 15  6.696     2013 04 20 03 15 44.925      38.2
 2013 04 20 15 10  9.720     2013 04 20 15 13  6.763     177.0
339
 2013 04 20 00 41 21.516     2013 04 20 00 44 43.635     202.1
340
 2013 04 20 09 38 36.745     2013 04 20 09 41 29.048     172.3
341
 2013 04 20 02 43 43.623     2013 04 20 02 47 18.692     215.1
342
 2013 04 20 04 01 30.268     2013 04 20 04 05  5.053     214.8
343
 2013 04 20 07 14  6.194     2013 04 20 07 14 53.558      47.4
344
 2013 04 20 01 01 13.381     2013 04 20 01 04 39.500     206.1
 2013 04 20 11 05 39.655     2013 04 20 11 08 19.334     159.7
345
 2013 04 20 05 00 52.102     2013 04 20 05 03 49.676     177.6
346
 2013 04 20 22 51  4.167     2013 04 20 22 51 59.516      55.3
347
 2013 04 20 10 20 46.011     2013 04 20 10 23 44.458     178.4
348
 2013 04 20 08 05 45.831     2013 04 20 08 08 32.208     166.4
349
 2013 04 20 07 14 41.630     2013 04 20 07 17 54.199     192.6
 2013 04 20 19 03 49.548     2013 04 20 19 06 26.768     157.2
350
 2013 04 20 05 30  8.132     2013 04 20 05 32 53.374     165.2
351
 2013 04 20 18 07 52.182     2013 04 20 18 10 33.650     161.5
352
353
 2013 04 20 12 55 31.439     2013 04 20 12 58 21.213     169.8
354
 2013 04 20 01 39 57.505     2013 04 20 01 40 43.498      46.0
 2013 04 20 15 12 53.773     2013 04 20 15 15 47.043     173.3
355
 2013 04 20 01 50 59.758     2013 04 20 01 53 44.184     164.4
 2013 04 20 11 50 32.045     2013 04 20 11 54   .278     208.2
356
 2013 04 20 02 25 17.408     2013 04 20 02 26 32.536      75.1
 2013 04 20 16 00 50.619     2013 04 20 16 03 54.190     183.6
357
 2013 04 20 18 08  7.897     2013 04 20 18 10 50.281     162.4
358
 2013 04 20 15 25 22.899     2013 04 20 15 29   .074     217.2
 2013 04 20 20 21 57.087     2013 04 20 20 25 12.648     195.6
359
 2013 04 20 06 31 27.332     2013 04 20 06 31 29.026       1.7
360
 2013 04 20 08 09  5.747     2013 04 20 08 12 50.945     225.2
 2013 04 20 18 10 48.004     2013 04 20 18 11 55.734      67.7
361
 2013 04 20 17 26 59.730     2013 04 20 17 30 25.242     205.5
362
363
 2013 04 20 21 17 22.247     2013 04 20 21 20  1.010     158.8
364
 2013 04 20 07 52 47.992     2013 04 20 07 55 28.678     160.7
365
 2013 04 20 04 39 26.517     2013 04 20 04 42 53.904     207.4
 2013 04 20 20 05 22.780     2013 04 20 20 08  2.683     159.9
366
 2013 04 20 11 04 15.581     2013 04 20 11 05 10.300      54.7
367
 2013 04 20 01 06 24.488     2013 04 20 01 09 32.883     188.4
 2013 04 20 09 23 28.963     2013 04 20 09 26 51.290     202.3
368
 2013 04 20 01 50 34.540     2013 04 20 01 54 16.653     222.1
 2013 04 20 11 49 52.432     2013 04 20 11 52 57.395     185.0
369
 2013 04 20 05 38 24.670     2013 04 20 05 41   .260     155.6
 2013 04 20 17 30 30.100     2013 04 20 17 33 57.972     207.9
370
 2013 04 20 06 45  3.052     2013 04 20 06 45 14.489      11.4
 2013 04 20 08 19 15.198     2013 04 20 08 23  3.729     228.5
 2013 04 20 13 15 58.910     2013 04 20 13 19  2.484     183.6
371
 2013 04 20 06 11 22.289     2013 04 20 06 14 39.470     197.2
 2013 04 20 23 16 26.148     2013 04 20 23 19  8.876     162.7
372
 2013 04 20 09 49 50.201     2013 04 20 09 52 41.212     171.0
 2013 04 20 18 04 15.957     2013 04 20 18 08  9.959     234.0
373
 2013 04 20 07 07 26.842     2013 04 20 07 07 42.230      15.4
 2013 04 20 20 47  9.286     2013 04 20 20 50 51.974     222.7
374
 2013 04 20 15 21 32.945     2013 04 20 15 25 24.159     231.2
 2013 04 20 21 56 40.807     2013 04 20 21 57 38.587      57.8
375
 2013 04 20 12 58 55.940     2013 04 20 13 02 43.129     227.2
 2013 04 20 21 12 58.133     2013 04 20 21 16 47.864     229.7
376
 2013 04 20 05 53 46.182     2013 04 20 05 54 49.628      63.4
 2013 04 20 12 31 15.531     2013 04 20 12 34 39.925     204.4
377
 2013 04 20 03 27 23.801     2013 04 20 03 28 24.824      61.0
 2013 04 20 11 47 50.508     2013 04 20 11 51 28.227     217.7
378
379
 2013 04 20 01 31 31.648     2013 04 20 01 34 57.686     206.0
 2013 04 20 16 53 20.044     2013 04 20 16 56 32.335     192.3
380
 2013 04 20 01 40 20.052     2013 04 20 01 44  9.867     229.8
381
 2013 04 20 15 03 36.901     2013 04 20 15 06 36.560     179.7
382
 2013 04 20 04 10  8.922     2013 04 20 04 12 54.210     165.3
 2013 04 20 14 14 22.427     2013 04 20 14 18  8.190     225.8
383
 2013 04 20 13 49 56.744     2013 04 20 13 52 34.164     157.4
 2013 04 20 18 48 53.799     2013 04 20 18 49 21.565      27.8
 2013 04 20 20 23 44.137     2013 04 20 20 27 11.672     207.5
384
 2013 04 20 02 33 42.580     2013 04 20 02 36 19.734     157.2
385
 2013 04 20 17 27  9.775     2013 04 20 17 30  5.721     175.9
386
 2013 04 20 00 54 33.260     2013 04 20 00 56  6.416      93.2
 2013 04 20 12 47 18.837     2013 04 20 12 50  3.649     164.8
387
388
 2013 04 20 03 13 55.661     2013 04 20 03 16 45.541     169.9
389
 2013 04 20 12 48 48.507     2013 04 20 12 51 52.175     183.7
390
 2013 04 20 00 25 42.200     2013 04 20 00 29 28.795     226.6
 2013 04 20 05 22 23.621     2013 04 20 05 25 21.189     177.6
 2013 04 20 22 32 24.534     2013 04 20 22 32 39.751      15.2
391
 2013 04 20 04 55 51.366     2013 04 20 04 58 39.231     167.9
392
 2013 04 20 06 31 23.224     2013 04 20 06 34  1.323     158.1
393
 2013 04 20 08 45 50.852     2013 04 20 08 49 38.569     227.7
394
 2013 04 20 18 18  7.261     2013 04 20 18 19   .366      53.1
395
 2013 04 20 03 47 14.187     2013 04 20 03 50  3.732     169.5
 2013 04 20 22 32 14.626     2013 04 20 22 35 18.873     184.2
396
 2013 04 20 08 06 15.302     2013 04 20 08 08 56.000     160.7
397
 2013 04 20 19 55 12.070     2013 04 20 19 57 19.869     127.8
398
 2013 04 20 06 19 33.794     2013 04 20 06 23  4.243     210.4
 2013 04 20 19 58  5.480     2013 04 20 20 00 58.452     173.0
399
 2013 04 20 06 39 44.723     2013 04 20 06 42 42.538     177.8
 2013 04 20 14 56 11.243     2013 04 20 14 59 32.084     200.8
