s4
0
 2013 04 20 03 38  7.321     2013 04 20 03 41  2.725     175.4
 2013 04 20 22 22 36.721     2013 04 20 22 26 13.013     216.3
1
 2013 04 20 12 00 39.838     2013 04 20 12 04 32.295     232.5
 2013 04 20 20 16 54.979     2013 04 20 20 19 32.942     158.0
2
 2013 04 20 06 01 17.646     2013 04 20 06 03 58.230     160.6
 2013 04 20 23 07 49.272     2013 04 20 23 10 56.745     187.5
3
 2013 04 20 04 26 24.210     2013 04 20 04 29  1.977     157.8
 2013 04 20 21 32 48.270     2013 04 20 21 36  7.848     199.6
 2013 04 20 23 10 32.323     2013 04 20 23 10 33.611       1.3
4
 2013 04 20 12 01 28.623     2013 04 20 12 04 26.016     177.4
 2013 04 20 20 18 39.161     2013 04 20 20 21 30.001     170.8
5
 2013 04 20 03 46 10.011     2013 04 20 03 49 51.481     221.5
 2013 04 20 17 28 56.157     2013 04 20 17 32 43.239     227.1
6
7
 2013 04 20 20 25 48.073     2013 04 20 20 28 23.908     155.8
8
 2013 04 20 19 45  9.805     2013 04 20 19 48 59.322     229.5
9
10
 2013 04 20 11 40 15.566     2013 04 20 11 43 58.995     223.4
11
 2013 04 20 22 14 31.906     2013 04 20 22 17 12.211     160.3
12
 2013 04 20 15 10 44.329     2013 04 20 15 14 33.919     229.6
 2013 04 20 23 28 32.405     2013 04 20 23 31 45.382     193.0
13
 2013 04 20 03 53 22.053     2013 04 20 03 55 59.797     157.7
14
 2013 04 20 08 25 29.601     2013 04 20 08 29  8.921     219.3
15
 2013 04 20 04 44 47.080     2013 04 20 04 47 27.935     160.9
16
 2013 04 20 00 42 19.832     2013 04 20 00 46  6.041     226.2
17
 2013 04 20 20 27  8.563     2013 04 20 20 29 59.114     170.6
18
 2013 04 20 18 17 26.341     2013 04 20 18 20  5.691     159.4
19
 2013 04 20 07 18 53.634     2013 04 20 07 21 34.395     160.8
20
 2013 04 20 01 35 50.399     2013 04 20 01 39  7.090     196.7
21
 2013 04 20 03 08 16.049     2013 04 20 03 11  8.262     172.2
 2013 04 20 14 58  1.013     2013 04 20 15 00 38.486     157.5
22
 2013 04 20 06 12  9.464     2013 04 20 06 15 18.397     188.9
 2013 04 20 19 47 47.450     2013 04 20 19 51 21.421     214.0
23
 2013 04 20 10 19 27.815     2013 04 20 10 22 10.565     162.7
24
 2013 04 20 07 50 35.086     2013 04 20 07 53 25.723     170.6
 2013 04 20 19 43 47.038     2013 04 20 19 47 16.121     209.1
25
26
 2013 04 20 11 04 17.779     2013 04 20 11 06 54.297     156.5
27
 2013 04 20 21 58 28.497     2013 04 20 21 59 23.057      54.6
28
 2013 04 20 01 03 34.329     2013 04 20 01 06 13.460     159.1
 2013 04 20 05 59  3.355     2013 04 20 06 02  3.047     179.7
29
 2013 04 20 00 40 33.084     2013 04 20 00 43 14.218     161.1
 2013 04 20 14 16 52.842     2013 04 20 14 20 25.614     212.8
30
 2013 04 20 09 40  4.966     2013 04 20 09 43  9.631     184.7
 2013 04 20 17 54 43.894     2013 04 20 17 58 18.782     214.9
31
 2013 04 20 16 48 41.666     2013 04 20 16 52 12.308     210.6
 2013 04 20 18 26 37.691     2013 04 20 18 28 30.425     112.7
 2013 04 20 23 23  4.511     2013 04 20 23 25 46.415     161.9
32
 2013 04 20 12 42 17.512     2013 04 20 12 45 16.151     178.6
 2013 04 20 22 44 46.981     2013 04 20 22 48 19.119     212.1
33
 2013 04 20 16 29  1.138     2013 04 20 16 32  5.523     184.4
34
 2013 04 20 06 04 24.236     2013 04 20 06 04 53.215      29.0
 2013 04 20 21 31  7.765     2013 04 20 21 33 47.816     160.1
35
 2013 04 20 03 45 41.221     2013 04 20 03 48 53.360     192.1
36
 2013 04 20 00 42 41.991     2013 04 20 00 45 32.669     170.7
37
 2013 04 20 00 17  3.640     2013 04 20 00 17 44.311      40.7
 2013 04 20 01 51 58.565     2013 04 20 01 55 24.500     205.9
 2013 04 20 06 47 55.762     2013 04 20 06 50 42.762     167.0
38
 2013 04 20 03 42  6.571     2013 04 20 03 44 50.728     164.2
 2013 04 20 19 06 46.875     2013 04 20 19 07  6.955      20.1
39
 2013 04 20 18 16 57.982     2013 04 20 18 17  2.822       4.8
40
 2013 04 20 21 55 20.217     2013 04 20 21 58  8.240     168.0
41
 2013 04 20 01 28 22.674     2013 04 20 01 31 18.570     175.9
42
 2013 04 20 04 27 32.779     2013 04 20 04 30 49.818     197.0
 2013 04 20 21 34  3.216     2013 04 20 21 36 51.909     168.7
43
 2013 04 20 11 15 25.770     2013 04 20 11 19 15.895     230.1
 2013 04 20 17 56 35.518     2013 04 20 17 57  4.520      29.0
44
 2013 04 20 04 41 34.785     2013 04 20 04 44 27.669     172.9
 2013 04 20 16 32 52.329     2013 04 20 16 36 37.731     225.4
45
 2013 04 20 04 28 49.215     2013 04 20 04 31 29.458     160.2
46
 2013 04 20 06 11 56.157     2013 04 20 06 14 42.506     166.3
 2013 04 20 19 49  3.648     2013 04 20 19 52 54.856     231.2
47
 2013 04 20 22 00 35.236     2013 04 20 22 00 55.907      20.7
48
49
50
 2013 04 20 11 45 43.241     2013 04 20 11 49 26.395     223.2
51
 2013 04 20 00 06  6.804     2013 04 20 00 08 44.295     157.5
 2013 04 20 10 07 10.114     2013 04 20 10 10  1.658     171.5
52
 2013 04 20 17 58 46.333     2013 04 20 18 01 37.699     171.4
53
 2013 04 20 07 51 13.664     2013 04 20 07 54 24.984     191.3
 2013 04 20 19 42  1.901     2013 04 20 19 45 34.561     212.7
54
 2013 04 20 04 49 26.343     2013 04 20 04 52 10.801     164.5
 2013 04 20 14 52 16.084     2013 04 20 14 54 54.742     158.7
55
 2013 04 20 00 15  5.342     2013 04 20 00 18 41.202     215.9
 2013 04 20 06 50  4.663     2013 04 20 06 53 52.718     228.1
56
 2013 04 20 12 51 17.551     2013 04 20 12 52  9.237      51.7
 2013 04 20 21 04  6.716     2013 04 20 21 06 47.707     161.0
57
 2013 04 20 07 37 57.972     2013 04 20 07 38 21.371      23.4
 2013 04 20 23 05 28.375     2013 04 20 23 09 22.553     234.2
58
 2013 04 20 07 15  9.545     2013 04 20 07 15 11.707       2.2
 2013 04 20 15 32 10.783     2013 04 20 15 32 20.096       9.3
59
 2013 04 20 12 03  5.413     2013 04 20 12 05 45.999     160.6
60
 2013 04 20 08 00 18.632     2013 04 20 08 03  1.629     163.0
 2013 04 20 18 00 10.085     2013 04 20 18 03 27.214     197.1
61
 2013 04 20 14 01 35.824     2013 04 20 14 04 22.689     166.9
62
 2013 04 20 18 58 15.152     2013 04 20 19 01  9.588     174.4
63
 2013 04 20 12 02 44.659     2013 04 20 12 06 12.244     207.6
 2013 04 20 18 41 57.371     2013 04 20 18 42  8.544      11.2
64
 2013 04 20 11 38 25.216     2013 04 20 11 40  5.515     100.3
65
 2013 04 20 06 23 14.707     2013 04 20 06 26  2.018     167.3
 2013 04 20 16 26  3.197     2013 04 20 16 29 43.734     220.5
66
 2013 04 20 01 41 51.802     2013 04 20 01 44 59.375     187.6
 2013 04 20 11 40 11.664     2013 04 20 11 44  6.681     235.0
67
 2013 04 20 07 10  3.618     2013 04 20 07 13  1.935     178.3
 2013 04 20 17 14 41.381     2013 04 20 17 18 17.879     216.5
68
 2013 04 20 07 15 17.745     2013 04 20 07 18 31.892     194.1
 2013 04 20 15 36 44.227     2013 04 20 15 36 51.305       7.1
69
 2013 04 20 15 13 59.853     2013 04 20 15 14 27.979      28.1
 2013 04 20 23 26  9.926     2013 04 20 23 28 47.376     157.4
70
 2013 04 20 13 09 51.635     2013 04 20 13 12 36.312     164.7
71
 2013 04 20 01 32 21.184     2013 04 20 01 35 27.182     186.0
 2013 04 20 13 25  3.330     2013 04 20 13 27 43.913     160.6
72
 2013 04 20 01 41 38.439     2013 04 20 01 42 11.459      33.0
73
 2013 04 20 13 28 55.260     2013 04 20 13 32 10.161     194.9
74
 2013 04 20 02 52 51.350     2013 04 20 02 56 18.621     207.3
 2013 04 20 19 59 24.525     2013 04 20 20 02 18.933     174.4
75
 2013 04 20 05 19 43.644     2013 04 20 05 22 56.469     192.8
76
 2013 04 20 06 14 14.431     2013 04 20 06 15 17.042      62.6
 2013 04 20 19 47 48.671     2013 04 20 19 50 38.974     170.3
77
 2013 04 20 15 02 36.203     2013 04 20 15 05 13.344     157.1
78
 2013 04 20 08 55 46.088     2013 04 20 08 58 24.731     158.6
 2013 04 20 15 30 20.969     2013 04 20 15 33 10.105     169.1
79
 2013 04 20 06 53 49.350     2013 04 20 06 57 36.182     226.8
80
 2013 04 20 12 46 20.571     2013 04 20 12 50  8.002     227.4
 2013 04 20 21 06 29.276     2013 04 20 21 10 25.980     236.7
81
82
 2013 04 20 09 24 31.097     2013 04 20 09 27  9.026     157.9
83
 2013 04 20 15 11  4.814     2013 04 20 15 14  4.237     179.4
 2013 04 20 23 28  3.222     2013 04 20 23 31  3.040     179.8
84
 2013 04 20 11 16  6.023     2013 04 20 11 19 11.377     185.4
 2013 04 20 17 51 20.926     2013 04 20 17 54 45.535     204.6
85
 2013 04 20 05 48   .794     2013 04 20 05 51 22.024     201.2
 2013 04 20 10 44 19.469     2013 04 20 10 47  9.518     170.0
86
87
 2013 04 20 07 00 58.018     2013 04 20 07 02 46.888     108.9
88
89
 2013 04 20 04 01  4.129     2013 04 20 04 02 22.148      78.0
90
91
 2013 04 20 06 06 21.618     2013 04 20 06 09 15.295     173.7
 2013 04 20 21 29 40.123     2013 04 20 21 33  2.104     202.0
92
 2013 04 20 01 36 34.180     2013 04 20 01 39 36.329     182.1
93
 2013 04 20 21 31 12.862     2013 04 20 21 34 18.378     185.5
94
 2013 04 20 10 29 20.216     2013 04 20 10 32 38.476     198.3
 2013 04 20 17 05 56.439     2013 04 20 17 08 45.616     169.2
95
 2013 04 20 00 32 11.225     2013 04 20 00 35 33.190     202.0
 2013 04 20 15 58 33.996     2013 04 20 16 02 26.671     232.7
96
 2013 04 20 04 09 24.309     2013 04 20 04 12 37.749     193.4
 2013 04 20 10 50 15.384     2013 04 20 10 50 21.014       5.6
97
 2013 04 20 06 09 36.136     2013 04 20 06 12 25.499     169.4
 2013 04 20 19 50 28.117     2013 04 20 19 53 29.983     181.9
98
 2013 04 20 05 44 20.422     2013 04 20 05 47 29.833     189.4
 2013 04 20 12 19 33.484     2013 04 20 12 23 10.891     217.4
99
 2013 04 20 09 39  8.968     2013 04 20 09 42 48.499     219.5
 2013 04 20 17 56 53.577     2013 04 20 18 00  5.016     191.4
100
 2013 04 20 01 43 30.933     2013 04 20 01 43 43.768      12.8
 2013 04 20 10 03 57.062     2013 04 20 10 07  2.840     185.8
101
102
103
 2013 04 20 11 10 41.787     2013 04 20 11 14 30.386     228.6
104
105
 2013 04 20 12 25 58.762     2013 04 20 12 28 52.906     174.1
106
 2013 04 20 07 47 18.577     2013 04 20 07 50   .722     162.1
 2013 04 20 21 22 35.458     2013 04 20 21 23  9.394      33.9
107
 2013 04 20 12 48 35.867     2013 04 20 12 51 49.433     193.6
 2013 04 20 21 06 14.580     2013 04 20 21 09  8.354     173.8
108
 2013 04 20 07 51 19.788     2013 04 20 07 54 21.321     181.5
 2013 04 20 19 42 12.462     2013 04 20 19 45 37.874     205.4
109
 2013 04 20 06 30 59.990     2013 04 20 06 34 18.506     198.5
 2013 04 20 14 44 36.799     2013 04 20 14 44 52.263      15.5
110
 2013 04 20 04 33  3.417     2013 04 20 04 36 40.254     216.8
111
112
 2013 04 20 06 22 40.831     2013 04 20 06 23 46.797      66.0
113
114
 2013 04 20 07 19 17.420     2013 04 20 07 22 22.991     185.6
 2013 04 20 13 54 30.012     2013 04 20 13 57 51.832     201.8
115
 2013 04 20 08 06  7.288     2013 04 20 08 09 48.202     220.9
 2013 04 20 14 41 18.180     2013 04 20 14 44 55.997     217.8
116
 2013 04 20 08 32 53.914     2013 04 20 08 36  8.910     195.0
 2013 04 20 22 12 18.972     2013 04 20 22 15 16.782     177.8
117
 2013 04 20 06 53 27.027     2013 04 20 06 57  3.057     216.0
 2013 04 20 22 17 22.342     2013 04 20 22 20 58.532     216.2
118
 2013 04 20 15 41 26.478     2013 04 20 15 44 10.493     164.0
119
 2013 04 20 00 30 16.233     2013 04 20 00 33  8.567     172.3
 2013 04 20 17 36 42.185     2013 04 20 17 39 24.077     161.9
120
 2013 04 20 08 36 38.233     2013 04 20 08 40  8.171     209.9
121
 2013 04 20 15 08 18.337     2013 04 20 15 11 37.495     199.2
122
 2013 04 20 03 40 15.009     2013 04 20 03 43  5.422     170.4
 2013 04 20 20 45 18.468     2013 04 20 20 48  9.760     171.3
123
124
 2013 04 20 03 09  9.192     2013 04 20 03 12 50.418     221.2
 2013 04 20 14 56 36.162     2013 04 20 14 59 36.081     179.9
125
 2013 04 20 07 18 51.236     2013 04 20 07 20 56.868     125.6
 2013 04 20 13 56 18.710     2013 04 20 14 00  5.024     226.3
126
 2013 04 20 01 19 15.899     2013 04 20 01 22 17.686     181.8
 2013 04 20 18 23 45.934     2013 04 20 18 23 45.302       -.6
127
 2013 04 20 03 10 57.398     2013 04 20 03 13 37.384     160.0
128
 2013 04 20 17 22  1.850     2013 04 20 17 25 19.979     198.1
129
 2013 04 20 23 34 53.170     2013 04 20 23 37 30.343     157.2
130
131
 2013 04 20 05 39 54.703     2013 04 20 05 42 43.653     169.0
132
 2013 04 20 02 28 50.089     2013 04 20 02 29 28.835      38.7
133
 2013 04 20 19 40 23.795     2013 04 20 19 44  8.108     224.3
134
 2013 04 20 13 38 11.940     2013 04 20 13 41 40.902     209.0
 2013 04 20 20 15  9.783     2013 04 20 20 18 36.143     206.4
135
 2013 04 20 05 26 27.776     2013 04 20 05 29 28.747     181.0
136
 2013 04 20 01 44 35.327     2013 04 20 01 47 38.161     182.8
 2013 04 20 10 03  9.507     2013 04 20 10 05 59.855     170.3
137
 2013 04 20 06 15 23.085     2013 04 20 06 18 18.388     175.3
138
 2013 04 20 03 13 35.285     2013 04 20 03 16 54.569     199.3
 2013 04 20 13 18 17.789     2013 04 20 13 21  9.982     172.2
139
 2013 04 20 06 24 59.284     2013 04 20 06 27 39.936     160.7
 2013 04 20 16 25 59.841     2013 04 20 16 28 46.591     166.7
140
141
142
 2013 04 20 02 32 28.172     2013 04 20 02 32 54.634      26.5
 2013 04 20 12 27  8.155     2013 04 20 12 30 31.108     203.0
143
 2013 04 20 16 50 26.656     2013 04 20 16 53  5.639     159.0
 2013 04 20 21 45 47.535     2013 04 20 21 49 13.067     205.5
 2013 04 20 23 23 26.634     2013 04 20 23 23 40.693      14.1
144
 2013 04 20 17 38 46.516     2013 04 20 17 41 33.857     167.3
 2013 04 20 22 34 21.160     2013 04 20 22 37  5.715     164.6
145
146
 2013 04 20 04 08 20.471     2013 04 20 04 10 59.623     159.2
 2013 04 20 12 24  1.336     2013 04 20 12 27  6.717     185.4
147
148
 2013 04 20 09 23  5.790     2013 04 20 09 25 51.763     166.0
149
150
 2013 04 20 15 00 59.614     2013 04 20 15 04 23.469     203.9
151
 2013 04 20 06 29 54.883     2013 04 20 06 32 46.645     171.8
 2013 04 20 14 46  1.325     2013 04 20 14 48 48.206     166.9
152
 2013 04 20 07 55 59.813     2013 04 20 07 58 46.033     166.2
153
 2013 04 20 02 25 48.870     2013 04 20 02 27 52.685     123.8
 2013 04 20 12 31 20.366     2013 04 20 12 34  9.520     169.2
154
 2013 04 20 03 43  5.138     2013 04 20 03 46 21.851     196.7
 2013 04 20 19 08 19.896     2013 04 20 19 10 59.456     159.6
155
 2013 04 20 04 00 51.041     2013 04 20 04 03 39.492     168.5
 2013 04 20 14 07 26.974     2013 04 20 14 07 56.517      29.5
156
 2013 04 20 05 16 36.790     2013 04 20 05 19 55.896     199.1
 2013 04 20 20 42 50.585     2013 04 20 20 46 26.060     215.5
157
158
 2013 04 20 07 11 30.521     2013 04 20 07 15 13.470     222.9
 2013 04 20 17 12 37.900     2013 04 20 17 15 19.108     161.2
159
 2013 04 20 00 35 52.436     2013 04 20 00 39 16.682     204.2
160
 2013 04 20 10 31  3.736     2013 04 20 10 33 42.416     158.7
 2013 04 20 15 26 20.654     2013 04 20 15 26 28.238       7.6
 2013 04 20 17 04 49.719     2013 04 20 17 08 17.641     207.9
161
 2013 04 20 18 11  3.793     2013 04 20 18 12 49.415     105.6
162
 2013 04 20 00 29 46.794     2013 04 20 00 33   .944     194.2
 2013 04 20 17 36 55.410     2013 04 20 17 39 49.120     173.7
 2013 04 20 22 35 54.015     2013 04 20 22 36 19.589      25.6
163
 2013 04 20 13 22  7.283     2013 04 20 13 24 48.430     161.1
164
 2013 04 20 15 07 14.841     2013 04 20 15 07 38.040      23.2
165
166
167
 2013 04 20 06 29 11.170     2013 04 20 06 32  6.995     175.8
 2013 04 20 14 47 15.640     2013 04 20 14 49 56.967     161.3
168
 2013 04 20 07 12 18.924     2013 04 20 07 16  1.155     222.2
 2013 04 20 17 12 18.016     2013 04 20 17 15   .739     162.7
169
 2013 04 20 21 20 59.096     2013 04 20 21 24  4.428     185.3
170
171
 2013 04 20 14 54 14.735     2013 04 20 14 57  2.567     167.8
172
 2013 04 20 06 35 30.798     2013 04 20 06 38 17.550     166.8
 2013 04 20 11 31  7.057     2013 04 20 11 33 54.568     167.5
173
 2013 04 20 08 44 12.423     2013 04 20 08 46 49.399     157.0
174
 2013 04 20 13 36  2.441     2013 04 20 13 39 30.687     208.2
 2013 04 20 21 51 47.980     2013 04 20 21 54 29.814     161.8
175
 2013 04 20 01 26 12.632     2013 04 20 01 28 55.449     162.8
 2013 04 20 15 06  1.423     2013 04 20 15 08 38.975     157.6
176
 2013 04 20 20 20 14.390     2013 04 20 20 23  3.834     169.4
177
 2013 04 20 13 24 47.512     2013 04 20 13 25 16.968      29.5
178
 2013 04 20 10 59 11.798     2013 04 20 11 02  9.326     177.5
179
 2013 04 20 14 22 59.111     2013 04 20 14 25 56.082     177.0
 2013 04 20 22 40 56.044     2013 04 20 22 43 36.374     160.3
180
181
 2013 04 20 10 23 39.956     2013 04 20 10 26 38.304     178.3
182
 2013 04 20 03 01 31.807     2013 04 20 03 04  9.599     157.8
 2013 04 20 16 40 21.102     2013 04 20 16 43  3.338     162.2
183
 2013 04 20 17 57 56.549     2013 04 20 17 59 51.438     114.9
184
 2013 04 20 04 28 25.572     2013 04 20 04 31 33.732     188.2
 2013 04 20 21 33 31.438     2013 04 20 21 37 22.014     230.6
185
 2013 04 20 18 14 24.522     2013 04 20 18 15  4.664      40.1
186
187
 2013 04 20 02 29 45.401     2013 04 20 02 32 23.017     157.6
188
 2013 04 20 07 46 52.117     2013 04 20 07 49 41.963     169.8
 2013 04 20 21 22 54.534     2013 04 20 21 26 25.391     210.9
189
 2013 04 20 04 12 21.240     2013 04 20 04 15   .101     158.9
 2013 04 20 09 07 45.868     2013 04 20 09 11 37.389     231.5
 2013 04 20 10 45 55.140     2013 04 20 10 49 42.223     227.1
190
 2013 04 20 04 02 28.963     2013 04 20 04 05  6.547     157.6
 2013 04 20 14 04 29.239     2013 04 20 14 07  4.997     155.8
191
 2013 04 20 03 14 51.116     2013 04 20 03 18 13.092     202.0
 2013 04 20 13 16  1.567     2013 04 20 13 18 42.514     160.9
192
 2013 04 20 03 48 58.620     2013 04 20 03 51 49.172     170.6
 2013 04 20 17 27 45.245     2013 04 20 17 30 37.739     172.5
193
194
 2013 04 20 16 50 30.379     2013 04 20 16 53  8.881     158.5
 2013 04 20 21 45 55.824     2013 04 20 21 49 22.092     206.3
 2013 04 20 23 23 33.015     2013 04 20 23 23 34.532       1.5
195
 2013 04 20 02 22 54.898     2013 04 20 02 25 44.629     169.7
196
 2013 04 20 09 29  4.751     2013 04 20 09 32 11.275     186.5
197
 2013 04 20 22 47 46.766     2013 04 20 22 51 31.866     225.1
198
 2013 04 20 08 04 54.175     2013 04 20 08 08 28.662     214.5
 2013 04 20 16 21 43.649     2013 04 20 16 25 30.663     227.0
199
 2013 04 20 23 36 35.179     2013 04 20 23 39 34.740     179.6
200
 2013 04 20 02 11 11.384     2013 04 20 02 13 52.975     161.6
201
 2013 04 20 03 40 41.298     2013 04 20 03 44  3.266     202.0
 2013 04 20 20 46 24.051     2013 04 20 20 49 51.365     207.3
202
 2013 04 20 04 56 21.038     2013 04 20 04 59  2.914     161.9
 2013 04 20 13 11  1.990     2013 04 20 13 11 21.543      19.6
203
 2013 04 20 01 18  1.454     2013 04 20 01 21  1.321     179.9
 2013 04 20 18 23   .805     2013 04 20 18 25 49.463     168.7
204
 2013 04 20 01 20 24.753     2013 04 20 01 23  3.573     158.8
 2013 04 20 16 44 59.209     2013 04 20 16 48 24.220     205.0
205
206
 2013 04 20 04 30 38.967     2013 04 20 04 34 28.676     229.7
 2013 04 20 19 53 32.129     2013 04 20 19 56 10.358     158.2
207
 2013 04 20 04 47 49.951     2013 04 20 04 50 26.709     156.8
 2013 04 20 14 56 11.563     2013 04 20 14 56 13.112       1.5
208
 2013 04 20 11 03 37.401     2013 04 20 11 07 24.789     227.4
 2013 04 20 22 49 20.321     2013 04 20 22 51 16.357     116.0
209
210
 2013 04 20 14 27 46.605     2013 04 20 14 30 30.223     163.6
 2013 04 20 21 01 58.845     2013 04 20 21 05 24.201     205.4
211
 2013 04 20 01 30  9.688     2013 04 20 01 32 44.412     154.7
212
213
 2013 04 20 08 44 14.415     2013 04 20 08 47 25.592     191.2
 2013 04 20 18 53  8.880     2013 04 20 18 53 39.127      30.2
214
 2013 04 20 12 41 19.998     2013 04 20 12 44 48.069     208.1
 2013 04 20 22 46 47.094     2013 04 20 22 50 11.180     204.1
215
 2013 04 20 14 07 31.707     2013 04 20 14 10 17.618     165.9
216
 2013 04 20 00 37 39.968     2013 04 20 00 41 31.179     231.2
 2013 04 20 14 19 40.761     2013 04 20 14 22 22.778     162.0
217
 2013 04 20 03 06 14.683     2013 04 20 03 08 51.891     157.2
 2013 04 20 15 02 18.888     2013 04 20 15 03 10.063      51.2
218
 2013 04 20 16 40 49.273     2013 04 20 16 41 47.689      58.4
219
 2013 04 20 16 35 12.213     2013 04 20 16 38 49.943     217.7
220
 2013 04 20 14 07 32.815     2013 04 20 14 10 24.456     171.6
221
 2013 04 20 06 08  4.057     2013 04 20 06 10 46.768     162.7
222
 2013 04 20 02 20  9.714     2013 04 20 02 22 48.144     158.4
 2013 04 20 14 11 38.711     2013 04 20 14 14 24.490     165.8
223
 2013 04 20 15 49 47.159     2013 04 20 15 52 58.487     191.3
224
 2013 04 20 01 50 25.423     2013 04 20 01 53 30.181     184.8
 2013 04 20 06 46 26.319     2013 04 20 06 50  9.513     223.2
225
 2013 04 20 07 15  6.958     2013 04 20 07 17 51.220     164.3
226
 2013 04 20 02 03 39.909     2013 04 20 02 06 55.175     195.3
 2013 04 20 19 09 33.352     2013 04 20 19 13 12.649     219.3
227
 2013 04 20 00 34 17.366     2013 04 20 00 35   .434      43.1
 2013 04 20 17 34 22.428     2013 04 20 17 38 16.722     234.3
228
 2013 04 20 00 11  1.273     2013 04 20 00 13 58.119     176.8
 2013 04 20 08 28  1.842     2013 04 20 08 31  2.064     180.2
229
 2013 04 20 08 40 26.640     2013 04 20 08 43 27.513     180.9
 2013 04 20 20 29  4.991     2013 04 20 20 31 47.701     162.7
230
 2013 04 20 07 03 40.912     2013 04 20 07 06 18.318     157.4
 2013 04 20 18 55 41.066     2013 04 20 18 59 11.214     210.1
231
 2013 04 20 01 23 48.826     2013 04 20 01 26 25.016     156.2
232
 2013 04 20 02 30 21.487     2013 04 20 02 31  3.217      41.7
 2013 04 20 10 53 49.838     2013 04 20 10 54 52.441      62.6
233
 2013 04 20 03 09   .007     2013 04 20 03 11 57.945     177.9
 2013 04 20 14 57 25.785     2013 04 20 15 00 16.898     171.1
234
 2013 04 20 16 26 59.892     2013 04 20 16 27 29.471      29.6
235
 2013 04 20 03 46 12.830     2013 04 20 03 49 29.055     196.2
 2013 04 20 17 32 22.410     2013 04 20 17 32 43.315      20.9
236
 2013 04 20 01 00 15.188     2013 04 20 01 02 55.035     159.8
 2013 04 20 07 35 46.481     2013 04 20 07 36 18.777      32.3
237
 2013 04 20 03 42 19.849     2013 04 20 03 45  3.198     163.3
 2013 04 20 19 07 25.174     2013 04 20 19 10 58.231     213.1
238
239
 2013 04 20 10 29 27.667     2013 04 20 10 32 45.064     197.4
 2013 04 20 17 05 59.233     2013 04 20 17 08 43.236     164.0
240
 2013 04 20 15 13 46.697     2013 04 20 15 16 47.881     181.2
 2013 04 20 21 49 58.055     2013 04 20 21 52 41.965     163.9
241
 2013 04 20 01 17 39.491     2013 04 20 01 20 53.461     194.0
 2013 04 20 18 24 34.674     2013 04 20 18 27 13.014     158.3
242
 2013 04 20 08 47 53.030     2013 04 20 08 50 32.571     159.5
 2013 04 20 18 47 29.288     2013 04 20 18 50 55.915     206.6
243
 2013 04 20 10 14 13.471     2013 04 20 10 17 57.042     223.6
 2013 04 20 22 05 39.322     2013 04 20 22 08 48.813     189.5
244
 2013 04 20 01 35 10.090     2013 04 20 01 35 44.549      34.5
245
 2013 04 20 02 50 44.610     2013 04 20 02 54 33.765     229.2
 2013 04 20 19 56 35.107     2013 04 20 20 00  8.618     213.5
246
247
 2013 04 20 00 36 54.314     2013 04 20 00 40 44.568     230.3
 2013 04 20 14 19 39.054     2013 04 20 14 23   .834     201.8
248
 2013 04 20 04 42 40.421     2013 04 20 04 46 18.613     218.2
 2013 04 20 16 34  4.404     2013 04 20 16 37 15.832     191.4
249
250
 2013 04 20 02 05 49.815     2013 04 20 02 09 28.838     219.0
 2013 04 20 19 09 27.659     2013 04 20 19 13 19.419     231.8
251
 2013 04 20 21 07 17.700     2013 04 20 21 11  2.537     224.8
252
253
 2013 04 20 04 08 18.658     2013 04 20 04 11 59.717     221.1
 2013 04 20 12 24 43.776     2013 04 20 12 25  5.339      21.6
254
 2013 04 20 04 49 10.978     2013 04 20 04 51 47.677     156.7
 2013 04 20 14 51 59.995     2013 04 20 14 54 48.974     169.0
255
 2013 04 20 10 47 54.993     2013 04 20 10 50 51.573     176.6
256
 2013 04 20 04 04 11.946     2013 04 20 04 04 29.329      17.4
257
 2013 04 20 17 29 27.263     2013 04 20 17 29 28.442       1.2
258
 2013 04 20 02 52 20.956     2013 04 20 02 55 40.246     199.3
 2013 04 20 19 57 31.376     2013 04 20 20 00 12.279     160.9
259
 2013 04 20 03 37 45.890     2013 04 20 03 40 33.016     167.1
 2013 04 20 22 22 54.025     2013 04 20 22 25 54.036     180.0
260
 2013 04 20 20 33 40.963     2013 04 20 20 36 21.792     160.8
261
 2013 04 20 03 07 26.025     2013 04 20 03 10  3.020     157.0
 2013 04 20 14 59  7.578     2013 04 20 15 01 56.011     168.4
262
 2013 04 20 03 40 17.737     2013 04 20 03 44  2.893     225.2
 2013 04 20 20 46 47.450     2013 04 20 20 49 56.585     189.1
263
 2013 04 20 14 55 38.645     2013 04 20 14 58 52.181     193.5
264
 2013 04 20 15 08 14.493     2013 04 20 15 10 51.861     157.4
265
 2013 04 20 00 56  7.109     2013 04 20 00 58 50.758     163.6
266
 2013 04 20 13 39  9.263     2013 04 20 13 41 47.915     158.7
 2013 04 20 20 14 39.029     2013 04 20 20 17 23.309     164.3
267
 2013 04 20 10 51 45.035     2013 04 20 10 54 22.021     157.0
268
 2013 04 20 09 21 24.266     2013 04 20 09 22  9.257      45.0
 2013 04 20 22 56 50.665     2013 04 20 23 00 16.359     205.7
269
 2013 04 20 10 30 35.787     2013 04 20 10 30 58.331      22.5
 2013 04 20 18 41 34.058     2013 04 20 18 44 41.816     187.8
270
 2013 04 20 07 02  4.764     2013 04 20 07 05 14.788     190.0
271
 2013 04 20 01 26  3.091     2013 04 20 01 29 14.416     191.3
 2013 04 20 15 06 26.404     2013 04 20 15 09  5.000     158.6
272
 2013 04 20 05 20 56.755     2013 04 20 05 24 43.852     227.1
273
 2013 04 20 04 49 31.879     2013 04 20 04 52 54.587     202.7
 2013 04 20 14 50 45.906     2013 04 20 14 53 27.829     161.9
274
 2013 04 20 03 44 41.453     2013 04 20 03 47 22.340     160.9
 2013 04 20 19 06 38.007     2013 04 20 19 10 15.917     217.9
275
 2013 04 20 00 44  6.481     2013 04 20 00 47 57.753     231.3
276
 2013 04 20 02 36  6.798     2013 04 20 02 39 51.983     225.2
 2013 04 20 09 12 44.289     2013 04 20 09 15 22.452     158.2
277
 2013 04 20 14 27 58.905     2013 04 20 14 30 49.553     170.6
 2013 04 20 19 23 13.749     2013 04 20 19 26 47.835     214.1
 2013 04 20 21 01  6.858     2013 04 20 21 05  3.309     236.5
278
 2013 04 20 03 44 23.170     2013 04 20 03 44 46.025      22.9
279
 2013 04 20 11 55  7.270     2013 04 20 11 58 49.501     222.2
 2013 04 20 21 59 25.027     2013 04 20 22 02   .952     155.9
280
 2013 04 20 00 02 27.160     2013 04 20 00 05 38.222     191.1
 2013 04 20 23 43 28.392     2013 04 20 23 46 39.689     191.3
281
 2013 04 20 14 54 24.824     2013 04 20 14 57 17.660     172.8
282
 2013 04 20 10 18  5.702     2013 04 20 10 18 17.863      12.2
 2013 04 20 22 03 14.910     2013 04 20 22 06  1.562     166.7
283
 2013 04 20 05 47 46.777     2013 04 20 05 50 25.344     158.6
 2013 04 20 10 43 10.618     2013 04 20 10 46  6.923     176.3
284
 2013 04 20 03 37 16.896     2013 04 20 03 40 12.954     176.1
 2013 04 20 22 22 38.473     2013 04 20 22 25 25.385     166.9
285
 2013 04 20 00 09 49.467     2013 04 20 00 13   .076     190.6
 2013 04 20 08 26 48.710     2013 04 20 08 29 52.555     183.8
286
 2013 04 20 03 01  2.182     2013 04 20 03 04  6.879     184.7
 2013 04 20 16 39 30.268     2013 04 20 16 42 13.002     162.7
287
 2013 04 20 21 07  8.238     2013 04 20 21 07 54.061      45.8
288
 2013 04 20 18 58 10.751     2013 04 20 19 00 46.380     155.6
289
 2013 04 20 11 44 34.467     2013 04 20 11 47 15.179     160.7
290
 2013 04 20 03 57  1.731     2013 04 20 04 00 35.360     213.6
291
 2013 04 20 07 55  6.461     2013 04 20 07 57 41.939     155.5
292
 2013 04 20 11 51 46.311     2013 04 20 11 54 23.944     157.6
293
 2013 04 20 01 17 33.785     2013 04 20 01 20 17.606     163.8
 2013 04 20 18 23 59.712     2013 04 20 18 26 42.050     162.3
294
 2013 04 20 17 14 48.562     2013 04 20 17 15  4.293      15.7
295
 2013 04 20 03 22 29.398     2013 04 20 03 25 38.892     189.5
 2013 04 20 09 57 41.570     2013 04 20 10 00 57.992     196.4
296
 2013 04 20 07 01 54.297     2013 04 20 07 04 35.890     161.6
297
 2013 04 20 17 17 29.179     2013 04 20 17 20  4.623     155.4
298
 2013 04 20 08 47  6.214     2013 04 20 08 50  7.171     181.0
 2013 04 20 18 47 39.394     2013 04 20 18 50 20.316     160.9
299
 2013 04 20 06 12 41.563     2013 04 20 06 16  2.423     200.9
300
 2013 04 20 13 33 11.468     2013 04 20 13 36 31.971     200.5
301
 2013 04 20 05 30 32.382     2013 04 20 05 33 54.554     202.2
 2013 04 20 17 19 32.512     2013 04 20 17 22  7.497     155.0
302
 2013 04 20 01 27 58.270     2013 04 20 01 28 36.165      37.9
303
 2013 04 20 00 51   .208     2013 04 20 00 53 37.213     157.0
304
 2013 04 20 02 35 27.313     2013 04 20 02 39  5.248     217.9
 2013 04 20 04 13 22.021     2013 04 20 04 13 50.185      28.2
 2013 04 20 09 10 19.111     2013 04 20 09 13   .424     161.3
305
 2013 04 20 02 58 32.883     2013 04 20 03 01 20.635     167.8
306
 2013 04 20 03 57 17.356     2013 04 20 04 00 34.977     197.6
 2013 04 20 15 43 34.312     2013 04 20 15 47 17.473     223.2
307
308
 2013 04 20 15 42   .853     2013 04 20 15 45 21.915     201.1
309
 2013 04 20 02 08 37.844     2013 04 20 02 09 42.524      64.7
 2013 04 20 17 33 45.112     2013 04 20 17 36 56.585     191.5
310
 2013 04 20 09 29 39.012     2013 04 20 09 32 27.068     168.1
311
 2013 04 20 04 40 53.762     2013 04 20 04 43 49.341     175.6
312
 2013 04 20 04 25 16.568     2013 04 20 04 28 11.150     174.6
 2013 04 20 23 10   .475     2013 04 20 23 13 19.041     198.6
313
 2013 04 20 22 00 41.111     2013 04 20 22 04 20.879     219.8
314
 2013 04 20 08 54 15.908     2013 04 20 08 55 10.448      54.5
 2013 04 20 15 31 41.099     2013 04 20 15 34 30.954     169.9
315
 2013 04 20 06 03 52.709     2013 04 20 06 06 54.568     181.9
 2013 04 20 21 29 55.380     2013 04 20 21 30 17.271      21.9
316
 2013 04 20 02 26 17.719     2013 04 20 02 29  8.208     170.5
 2013 04 20 12 29  5.896     2013 04 20 12 29 29.584      23.7
317
 2013 04 20 06 55 35.686     2013 04 20 06 58 21.637     166.0
318
 2013 04 20 03 42 34.332     2013 04 20 03 45 52.112     197.8
 2013 04 20 19 06 27.481     2013 04 20 19 09 35.156     187.7
319
 2013 04 20 20 43   .235     2013 04 20 20 43  8.442       8.2
320
321
 2013 04 20 07 05 14.298     2013 04 20 07 05 30.978      16.7
322
 2013 04 20 04 55  3.218     2013 04 20 04 57 48.457     165.2
 2013 04 20 13 12  9.579     2013 04 20 13 14 55.431     165.9
323
 2013 04 20 01 23 29.411     2013 04 20 01 26 46.573     197.2
324
325
 2013 04 20 15 13 18.694     2013 04 20 15 13 26.883       8.2
 2013 04 20 21 50 49.948     2013 04 20 21 53 31.625     161.7
326
 2013 04 20 09 45 26.668     2013 04 20 09 45 58.523      31.9
 2013 04 20 11 20 10.154     2013 04 20 11 23 39.782     209.6
 2013 04 20 16 16 19.820     2013 04 20 16 19  2.606     162.8
327
 2013 04 20 17 10 41.163     2013 04 20 17 13 16.959     155.8
328
329
 2013 04 20 02 21 46.859     2013 04 20 02 23  5.186      78.3
330
 2013 04 20 07 50  6.349     2013 04 20 07 53 26.309     200.0
331
 2013 04 20 12 41 19.999     2013 04 20 12 45  6.154     226.2
332
 2013 04 20 02 28  2.996     2013 04 20 02 31 17.208     194.2
 2013 04 20 12 29 53.416     2013 04 20 12 33 12.322     198.9
333
334
 2013 04 20 15 12 25.717     2013 04 20 15 12 40.049      14.3
335
336
337
 2013 04 20 05 34 10.564     2013 04 20 05 37 44.551     214.0
338
 2013 04 20 03 05 45.922     2013 04 20 03 08 57.651     191.7
 2013 04 20 14 59 56.562     2013 04 20 15 03 43.855     227.3
339
 2013 04 20 00 31 13.234     2013 04 20 00 35  9.335     236.1
 2013 04 20 17 34 19.861     2013 04 20 17 34 23.335       3.5
340
 2013 04 20 09 28 56.076     2013 04 20 09 31 31.541     155.5
 2013 04 20 21 15 52.692     2013 04 20 21 16 27.054      34.4
341
 2013 04 20 02 34  9.709     2013 04 20 02 37 16.339     186.6
342
343
344
 2013 04 20 00 51 42.517     2013 04 20 00 54 31.997     169.5
 2013 04 20 10 55 38.807     2013 04 20 10 58 43.834     185.0
345
 2013 04 20 04 51 12.202     2013 04 20 04 53 50.009     157.8
 2013 04 20 14 50 38.187     2013 04 20 14 52 25.836     107.6
346
 2013 04 20 22 41 38.227     2013 04 20 22 45  1.266     203.0
347
 2013 04 20 10 11  7.267     2013 04 20 10 13 45.503     158.2
348
 2013 04 20 07 56  1.018     2013 04 20 07 58 38.466     157.4
349
 2013 04 20 07 07 59.808     2013 04 20 07 08 33.711      33.9
 2013 04 20 18 53 53.365     2013 04 20 18 56 46.915     173.5
350
 2013 04 20 05 20 21.476     2013 04 20 05 23  1.909     160.4
351
 2013 04 20 17 58  3.563     2013 04 20 18 00 45.725     162.2
352
353
 2013 04 20 12 45 29.351     2013 04 20 12 48 47.567     198.2
354
 2013 04 20 15 03 14.045     2013 04 20 15 05 50.974     156.9
355
 2013 04 20 01 40 57.709     2013 04 20 01 44  8.203     190.5
 2013 04 20 11 41  1.245     2013 04 20 11 43 54.947     173.7
356
 2013 04 20 15 50 40.666     2013 04 20 15 54 28.249     227.6
357
 2013 04 20 17 58 20.104     2013 04 20 18 01  1.574     161.5
358
 2013 04 20 15 15 45.718     2013 04 20 15 19  3.588     197.9
 2013 04 20 20 12  1.125     2013 04 20 20 15 35.819     214.7
359
360
 2013 04 20 07 59 37.637     2013 04 20 08 02 38.452     180.8
 2013 04 20 18 01 23.598     2013 04 20 18 04 36.425     192.8
361
362
363
 2013 04 20 21 07 23.717     2013 04 20 21 10 22.341     178.6
364
 2013 04 20 07 42 48.994     2013 04 20 07 45 52.012     183.0
365
 2013 04 20 04 29 56.511     2013 04 20 04 32 53.320     176.8
 2013 04 20 19 55 28.656     2013 04 20 19 58 27.505     178.8
366
367
 2013 04 20 00 56 19.074     2013 04 20 01 00  6.573     227.5
 2013 04 20 09 13 23.175     2013 04 20 09 13 37.378      14.2
368
 2013 04 20 11 40 15.276     2013 04 20 11 42 58.025     162.7
369
 2013 04 20 05 28 28.024     2013 04 20 05 31 18.266     170.2
370
 2013 04 20 08 09 35.178     2013 04 20 08 13  2.589     207.4
 2013 04 20 13 06   .074     2013 04 20 13 09 22.095     202.0
371
 2013 04 20 06 01 21.516     2013 04 20 06 05  4.601     223.1
 2013 04 20 23 06 43.356     2013 04 20 23 09 21.465     158.1
372
 2013 04 20 09 39 52.177     2013 04 20 09 43  4.092     191.9
 2013 04 20 17 54 46.230     2013 04 20 17 58  7.152     200.9
373
 2013 04 20 06 58  3.443     2013 04 20 07 01 27.977     204.5
 2013 04 20 20 37 41.586     2013 04 20 20 40 41.019     179.4
374
 2013 04 20 16 49 49.695     2013 04 20 16 50 32.214      42.5
 2013 04 20 23 25  1.327     2013 04 20 23 25 46.362      45.0
375
 2013 04 20 21 03 27.396     2013 04 20 21 06 46.722     199.3
376
 2013 04 20 05 44 13.461     2013 04 20 05 47 41.974     208.5
 2013 04 20 12 21 12.560     2013 04 20 12 22   .849      48.3
377
 2013 04 20 03 17 55.168     2013 04 20 03 21 16.792     201.6
378
379
 2013 04 20 01 24 59.312     2013 04 20 01 25 29.097      29.8
 2013 04 20 16 43 45.948     2013 04 20 16 46 32.210     166.3
380
381
 2013 04 20 14 53 58.837     2013 04 20 14 56 37.686     158.8
382
 2013 04 20 04 00 24.152     2013 04 20 04 03  1.906     157.8
383
 2013 04 20 13 40  8.773     2013 04 20 13 42 52.623     163.8
 2013 04 20 20 14 12.934     2013 04 20 20 17 16.577     183.6
384
 2013 04 20 02 23 50.200     2013 04 20 02 26 34.409     164.2
385
 2013 04 20 17 16 59.621     2013 04 20 17 20 39.311     219.7
386
 2013 04 20 00 45  8.074     2013 04 20 00 48 12.059     184.0
 2013 04 20 12 37 33.595     2013 04 20 12 40 11.415     157.8
387
 2013 04 20 08 00 53.257     2013 04 20 08 04 36.444     223.2
388
 2013 04 20 03 04 14.427     2013 04 20 03 06 49.473     155.0
389
 2013 04 20 00 42 42.201     2013 04 20 00 43  2.060      19.9
 2013 04 20 12 38 36.397     2013 04 20 12 39  4.542      28.1
390
 2013 04 20 00 16  1.349     2013 04 20 00 19 27.369     206.0
 2013 04 20 05 12 25.222     2013 04 20 05 15 39.634     194.4
391
 2013 04 20 04 45 43.908     2013 04 20 04 49  8.468     204.6
392
 2013 04 20 06 21 27.218     2013 04 20 06 24 18.988     171.8
393
394
 2013 04 20 06 17 29.276     2013 04 20 06 20 59.491     210.2
 2013 04 20 18 08 44.396     2013 04 20 18 11 53.452     189.1
395
 2013 04 20 03 37 18.277     2013 04 20 03 40 20.211     181.9
 2013 04 20 22 22 32.689     2013 04 20 22 25 24.010     171.3
396
 2013 04 20 07 56 25.207     2013 04 20 07 59  7.742     162.5
397
 2013 04 20 19 45 47.302     2013 04 20 19 48 49.141     181.8
398
 2013 04 20 19 47 56.958     2013 04 20 19 51 33.967     217.0
399
 2013 04 20 06 30  3.637     2013 04 20 06 32 44.532     160.9
 2013 04 20 14 46 37.212     2013 04 20 14 49 31.530     174.3
