s1
0
 2013 04 20 04 02 44.831     2013 04 20 04 05 21.832     157.0
 2013 04 20 21 06  6.888     2013 04 20 21 09 23.508     196.6
1
 2013 04 20 12 24 12.412     2013 04 20 12 26 54.746     162.3
 2013 04 20 20 38 18.639     2013 04 20 20 41 16.846     178.2
2
 2013 04 20 04 50 49.741     2013 04 20 04 50 49.112       -.6
 2013 04 20 06 25   .024     2013 04 20 06 28 19.050     199.0
 2013 04 20 23 29  4.559     2013 04 20 23 31 41.743     157.2
3
 2013 04 20 04 50 29.004     2013 04 20 04 53 35.125     186.1
 2013 04 20 21 54 24.034     2013 04 20 21 57  4.616     160.6
4
 2013 04 20 20 39 32.300     2013 04 20 20 39 35.963       3.7
5
 2013 04 20 17 51 36.703     2013 04 20 17 54  9.739     153.0
6
 2013 04 20 05 11 50.763     2013 04 20 05 15 13.603     202.8
 2013 04 20 15 14 46.526     2013 04 20 15 16  5.347      78.8
7
 2013 04 20 20 46 43.227     2013 04 20 20 47 19.949      36.7
8
 2013 04 20 20 07 28.131     2013 04 20 20 10  1.333     153.2
9
 2013 04 20 10 34 44.146     2013 04 20 10 38 10.982     206.8
10
 2013 04 20 02 04 32.327     2013 04 20 02 07 15.426     163.1
 2013 04 20 12 03 57.116     2013 04 20 12 06 31.079     154.0
11
 2013 04 20 07 16 41.248     2013 04 20 07 20 28.361     227.1
 2013 04 20 22 35 35.281     2013 04 20 22 38 40.140     184.9
12
13
 2013 04 20 04 17  4.011     2013 04 20 04 17 12.198       8.2
 2013 04 20 16 09 32.433     2013 04 20 16 12 10.507     158.1
14
 2013 04 20 00 34 38.821     2013 04 20 00 37 43.518     184.7
 2013 04 20 08 49 41.176     2013 04 20 08 52 18.462     157.3
15
16
 2013 04 20 01 07 57.867     2013 04 20 01 10 34.860     157.0
17
 2013 04 20 09 05 10.526     2013 04 20 09 08  9.423     178.9
18
 2013 04 20 03 24 33.607     2013 04 20 03 24 57.636      24.0
 2013 04 20 18 38 50.008     2013 04 20 18 42 36.434     226.4
19
 2013 04 20 07 42 37.292     2013 04 20 07 45 31.994     174.7
 2013 04 20 14 17 46.202     2013 04 20 14 21  1.174     195.0
20
 2013 04 20 02 01  1.407     2013 04 20 02 03 47.447     166.0
21
 2013 04 20 03 32 46.644     2013 04 20 03 35 57.649     191.0
 2013 04 20 15 19 57.367     2013 04 20 15 21 38.705     101.3
22
 2013 04 20 06 36 27.569     2013 04 20 06 39 14.511     166.9
23
 2013 04 20 10 42 29.889     2013 04 20 10 45 50.739     200.9
 2013 04 20 20 45 22.487     2013 04 20 20 48  7.007     164.5
24
 2013 04 20 20 05 54.244     2013 04 20 20 08 30.813     156.6
25
 2013 04 20 12 55 29.494     2013 04 20 12 58  7.138     157.6
26
 2013 04 20 11 27  1.835     2013 04 20 11 30 42.540     220.7
27
 2013 04 20 12 18  6.838     2013 04 20 12 21 36.061     209.2
 2013 04 20 22 17 26.188     2013 04 20 22 20  2.022     155.8
28
 2013 04 20 01 28 21.889     2013 04 20 01 31 20.053     178.2
 2013 04 20 06 23 21.444     2013 04 20 06 25 56.687     155.2
29
 2013 04 20 01 05  5.485     2013 04 20 01 08 45.712     220.2
30
 2013 04 20 10 03 44.976     2013 04 20 10 06 19.712     154.7
31
 2013 04 20 00 06 50.433     2013 04 20 00 10 13.866     203.4
 2013 04 20 17 11 10.008     2013 04 20 17 13 55.243     165.2
 2013 04 20 22 09  6.844     2013 04 20 22 09 30.760      23.9
32
 2013 04 20 13 05 18.939     2013 04 20 13 08  9.098     170.2
 2013 04 20 23 06 25.219     2013 04 20 23 08 59.359     154.1
33
34
 2013 04 20 04 50 48.130     2013 04 20 04 54 32.805     224.7
 2013 04 20 21 52 21.726     2013 04 20 21 55 14.518     172.8
35
 2013 04 20 04 10 24.943     2013 04 20 04 13  8.287     163.3
36
 2013 04 20 01 07 29.584     2013 04 20 01 10 50.306     200.7
 2013 04 20 13 03 58.849     2013 04 20 13 04  1.754       2.9
37
 2013 04 20 00 39  8.253     2013 04 20 00 42  9.685     181.4
 2013 04 20 02 16 34.712     2013 04 20 02 17 17.265      42.6
 2013 04 20 05 33 25.448     2013 04 20 05 37 11.705     226.3
 2013 04 20 07 11 30.091     2013 04 20 07 14 50.551     200.5
38
 2013 04 20 04 06 24.572     2013 04 20 04 09 26.651     182.1
 2013 04 20 19 29  8.054     2013 04 20 19 31 53.064     165.0
39
 2013 04 20 03 22 41.956     2013 04 20 03 25 41.569     179.6
40
 2013 04 20 12 20 14.453     2013 04 20 12 23 34.657     200.2
41
42
 2013 04 20 03 13 52.456     2013 04 20 03 17 29.548     217.1
 2013 04 20 21 55  7.167     2013 04 20 21 58 30.969     203.8
43
 2013 04 20 18 15 29.076     2013 04 20 18 18 28.085     179.0
44
 2013 04 20 05 05 50.357     2013 04 20 05 08 58.949     188.6
 2013 04 20 16 55 43.089     2013 04 20 16 58 16.871     153.8
45
 2013 04 20 04 53  2.460     2013 04 20 04 55 57.914     175.5
 2013 04 20 20 16  1.059     2013 04 20 20 19 37.800     216.7
46
47
 2013 04 20 10 40 46.726     2013 04 20 10 43 50.405     183.7
48
 2013 04 20 06 45 22.798     2013 04 20 06 48  9.461     166.7
49
 2013 04 20 10 41 19.246     2013 04 20 10 44  3.097     163.9
50
 2013 04 20 00 26 27.439     2013 04 20 00 29  2.140     154.7
51
 2013 04 20 00 30 47.216     2013 04 20 00 34 27.765     220.5
52
 2013 04 20 08 24  9.984     2013 04 20 08 27  6.827     176.8
53
 2013 04 20 08 15 15.388     2013 04 20 08 18  3.129     167.7
 2013 04 20 20 04 11.861     2013 04 20 20 06 47.634     155.8
54
 2013 04 20 15 14 15.070     2013 04 20 15 17 57.467     222.4
55
 2013 04 20 05 36 19.685     2013 04 20 05 39 46.574     206.9
 2013 04 20 22 39  6.382     2013 04 20 22 42 53.010     226.6
56
 2013 04 20 13 11 32.617     2013 04 20 13 14 19.379     166.8
 2013 04 20 21 25 14.827     2013 04 20 21 28 24.735     189.9
57
 2013 04 20 06 24 22.083     2013 04 20 06 27 41.712     199.6
 2013 04 20 23 26 58.692     2013 04 20 23 29 50.932     172.2
58
 2013 04 20 07 39 37.761     2013 04 20 07 42 18.731     161.0
 2013 04 20 15 55 16.755     2013 04 20 15 58   .423     163.7
59
 2013 04 20 12 25 45.227     2013 04 20 12 29 10.838     205.6
 2013 04 20 19 01 31.971     2013 04 20 19 04 51.758     199.8
60
 2013 04 20 08 23 51.934     2013 04 20 08 27  2.412     190.5
61
 2013 04 20 04 27 57.376     2013 04 20 04 31 18.585     201.2
62
 2013 04 20 19 20  6.597     2013 04 20 19 23  1.428     174.8
63
 2013 04 20 12 26  6.397     2013 04 20 12 28 44.724     158.3
 2013 04 20 19 00 22.762     2013 04 20 19 03 33.441     190.7
64
 2013 04 20 02 07 14.025     2013 04 20 02 10 41.530     207.5
65
 2013 04 20 06 47  8.593     2013 04 20 06 50 17.580     189.0
 2013 04 20 16 48 52.927     2013 04 20 16 51 26.752     153.8
66
 2013 04 20 02 06 56.530     2013 04 20 02 09 39.063     162.5
67
 2013 04 20 17 37 24.609     2013 04 20 17 39 55.817     151.2
68
 2013 04 20 07 39 26.557     2013 04 20 07 42  3.597     157.0
 2013 04 20 15 55 48.152     2013 04 20 15 58 37.730     169.6
69
 2013 04 20 00 09 51.701     2013 04 20 00 13 21.858     210.2
 2013 04 20 15 33 20.321     2013 04 20 15 36 12.817     172.5
70
 2013 04 20 05 18 45.897     2013 04 20 05 22  8.845     202.9
 2013 04 20 13 32 33.804     2013 04 20 13 35 27.963     174.2
71
 2013 04 20 13 47 26.310     2013 04 20 13 50 57.964     211.7
72
 2013 04 20 02 03 45.088     2013 04 20 02 06 16.060     151.0
 2013 04 20 12 04 32.780     2013 04 20 12 07 24.503     171.7
73
 2013 04 20 00 16 52.912     2013 04 20 00 19 29.739     156.8
 2013 04 20 13 51 58.166     2013 04 20 13 54 40.236     162.1
74
 2013 04 20 01 39 38.606     2013 04 20 01 43  6.861     208.3
 2013 04 20 20 20 43.638     2013 04 20 20 24 17.168     213.5
75
76
 2013 04 20 06 36 11.097     2013 04 20 06 38 41.357     150.3
77
 2013 04 20 01 52 15.155     2013 04 20 01 55 47.194     212.0
 2013 04 20 15 24 34.798     2013 04 20 15 28 17.963     223.2
78
 2013 04 20 09 19 12.155     2013 04 20 09 22  5.347     173.2
 2013 04 20 14 18 15.774     2013 04 20 14 18 17.901       2.1
 2013 04 20 15 52 16.496     2013 04 20 15 55 56.305     219.8
79
80
 2013 04 20 21 28 35.340     2013 04 20 21 31 13.979     158.6
81
 2013 04 20 22 22 15.362     2013 04 20 22 25 53.528     218.2
82
 2013 04 20 09 47 36.226     2013 04 20 09 51 10.081     213.9
 2013 04 20 21 39 46.127     2013 04 20 21 42 58.257     192.1
83
84
 2013 04 20 11 39 28.972     2013 04 20 11 42  2.930     154.0
 2013 04 20 18 13 43.135     2013 04 20 18 16 23.048     159.9
85
 2013 04 20 04 34 16.526     2013 04 20 04 37 40.149     203.6
 2013 04 20 06 11 49.968     2013 04 20 06 12 16.653      26.7
 2013 04 20 11 07 41.875     2013 04 20 11 10 16.978     155.1
86
 2013 04 20 02 03 25.763     2013 04 20 02 03 37.304      11.5
 2013 04 20 12 03  8.424     2013 04 20 12 06 15.314     186.9
87
 2013 04 20 19 20  2.600     2013 04 20 19 23  3.854     181.3
88
 2013 04 20 07 38 29.368     2013 04 20 07 41 45.840     196.5
 2013 04 20 15 57 24.412     2013 04 20 15 58 10.693      46.3
89
 2013 04 20 04 23 33.314     2013 04 20 04 26  6.987     153.7
90
 2013 04 20 16 52 46.799     2013 04 20 16 55 56.869     190.1
91
92
 2013 04 20 12 09 39.227     2013 04 20 12 10 53.998      74.8
93
 2013 04 20 04 51 56.649     2013 04 20 04 55 17.151     200.5
 2013 04 20 21 52  3.605     2013 04 20 21 52 10.441       6.8
94
 2013 04 20 17 28 10.014     2013 04 20 17 30 48.484     158.5
95
 2013 04 20 16 21 24.216     2013 04 20 16 24  8.618     164.4
96
 2013 04 20 11 10  4.070     2013 04 20 11 13  2.133     178.1
97
 2013 04 20 20 12 15.851     2013 04 20 20 14 59.337     163.5
98
 2013 04 20 06 08 41.872     2013 04 20 06 11 17.503     155.6
 2013 04 20 12 43   .900     2013 04 20 12 45 45.890     165.0
99
100
 2013 04 20 10 27 30.399     2013 04 20 10 30 13.739     163.3
101
 2013 04 20 11 21 41.868     2013 04 20 11 25  5.720     203.9
102
103
 2013 04 20 19 53 55.406     2013 04 20 19 57 28.215     212.8
104
 2013 04 20 13 43 55.104     2013 04 20 13 46 39.605     164.5
105
106
 2013 04 20 08 10 49.590     2013 04 20 08 14  9.063     199.5
107
 2013 04 20 21 26 58.306     2013 04 20 21 27 11.502      13.2
108
 2013 04 20 08 15 12.315     2013 04 20 08 18  8.609     176.3
 2013 04 20 20 04 17.555     2013 04 20 20 06 55.710     158.2
109
 2013 04 20 06 55 19.689     2013 04 20 06 57 53.295     153.6
 2013 04 20 13 29 44.084     2013 04 20 13 33 11.100     207.0
110
 2013 04 20 18 38 51.784     2013 04 20 18 41 44.912     173.1
111
 2013 04 20 05 04 19.822     2013 04 20 05 07  1.767     161.9
112
 2013 04 20 06 44 37.420     2013 04 20 06 47  7.562     150.1
113
 2013 04 20 02 04 14.356     2013 04 20 02 05 24.933      70.6
114
 2013 04 20 07 43 20.312     2013 04 20 07 45 56.060     155.7
 2013 04 20 14 17 35.458     2013 04 20 14 20 13.738     158.3
115
 2013 04 20 08 30 16.231     2013 04 20 08 32 57.139     160.9
 2013 04 20 15 04 17.856     2013 04 20 15 07  4.518     166.7
116
117
118
 2013 04 20 16 03 39.474     2013 04 20 16 06 49.761     190.3
119
 2013 04 20 00 54 46.369     2013 04 20 00 58 32.616     226.2
 2013 04 20 17 58 41.783     2013 04 20 18 01 27.882     166.1
120
 2013 04 20 20 54  5.811     2013 04 20 20 56 42.489     156.7
121
 2013 04 20 00 13 10.130     2013 04 20 00 15 59.977     169.8
122
 2013 04 20 04 04 45.400     2013 04 20 04 07 30.322     164.9
 2013 04 20 21 06 29.099     2013 04 20 21 10  1.798     212.7
123
 2013 04 20 05 04 24.346     2013 04 20 05 07 46.066     201.7
124
 2013 04 20 03 34 22.123     2013 04 20 03 36 56.063     153.9
125
 2013 04 20 06 08 51.831     2013 04 20 06 08 52.852       1.0
 2013 04 20 14 19 35.702     2013 04 20 14 22 17.586     161.9
126
 2013 04 20 17 08 13.263     2013 04 20 17 11 30.257     197.0
127
 2013 04 20 03 35 10.409     2013 04 20 03 38 43.752     213.3
128
129
130
 2013 04 20 08 13 30.761     2013 04 20 08 17  1.905     211.1
131
 2013 04 20 14 22 35.138     2013 04 20 14 25 59.589     204.5
132
133
 2013 04 20 08 15 48.983     2013 04 20 08 18 45.822     176.8
 2013 04 20 20 02 41.225     2013 04 20 20 05 14.730     153.5
134
 2013 04 20 20 37 11.623     2013 04 20 20 39 48.231     156.6
135
 2013 04 20 05 50 39.514     2013 04 20 05 53 41.963     182.4
136
 2013 04 20 10 26 28.188     2013 04 20 10 29 23.427     175.2
137
 2013 04 20 06 39 25.644     2013 04 20 06 42 29.381     183.7
 2013 04 20 18 30 24.097     2013 04 20 18 33 19.401     175.3
138
 2013 04 20 13 41   .008     2013 04 20 13 44  4.838     184.8
139
 2013 04 20 06 48 44.218     2013 04 20 06 52  3.669     199.5
140
 2013 04 20 07 19 52.394     2013 04 20 07 22 38.944     166.5
 2013 04 20 21 00 32.520     2013 04 20 21 01  4.136      31.6
141
 2013 04 20 17 35 54.146     2013 04 20 17 36 34.808      40.7
142
 2013 04 20 02 54 10.185     2013 04 20 02 56 48.425     158.2
143
 2013 04 20 17 12 32.268     2013 04 20 17 15 18.120     165.9
 2013 04 20 22 07 25.598     2013 04 20 22 10 15.898     170.3
144
 2013 04 20 18 00 39.972     2013 04 20 18 03 45.213     185.2
 2013 04 20 22 55 29.909     2013 04 20 22 58 10.675     160.8
145
 2013 04 20 19 55  9.811     2013 04 20 19 58 14.126     184.3
146
 2013 04 20 04 32 32.002     2013 04 20 04 35 38.246     186.2
147
 2013 04 20 07 22 57.698     2013 04 20 07 23 27.008      29.3
148
 2013 04 20 09 46 25.597     2013 04 20 09 49 38.273     192.7
149
 2013 04 20 14 43 20.402     2013 04 20 14 46 23.424     183.0
150
 2013 04 20 15 23 52.538     2013 04 20 15 26 32.053     159.5
151
 2013 04 20 06 53 58.788     2013 04 20 06 56 42.808     164.0
 2013 04 20 15 07 58.680     2013 04 20 15 11 47.289     228.6
152
 2013 04 20 18 24 30.394     2013 04 20 18 28 12.549     222.2
153
 2013 04 20 12 54 13.042     2013 04 20 12 57 16.290     183.2
154
 2013 04 20 19 29 51.855     2013 04 20 19 33  3.299     191.4
155
 2013 04 20 04 25  6.253     2013 04 20 04 28 19.857     193.6
 2013 04 20 14 27 21.536     2013 04 20 14 29 54.221     152.7
156
 2013 04 20 21 04 46.059     2013 04 20 21 07 24.088     158.0
157
 2013 04 20 05 45 11.134     2013 04 20 05 48 30.313     199.2
158
 2013 04 20 07 35 56.626     2013 04 20 07 38 30.878     154.3
 2013 04 20 17 34 33.808     2013 04 20 17 37 40.674     186.9
159
 2013 04 20 14 42 25.393     2013 04 20 14 45 50.599     205.2
160
 2013 04 20 10 54 14.351     2013 04 20 10 57  4.326     170.0
 2013 04 20 15 49 13.341     2013 04 20 15 52 32.153     198.8
161
 2013 04 20 05 02 51.465     2013 04 20 05 05 58.282     186.8
162
 2013 04 20 17 59  4.745     2013 04 20 18 01 39.624     154.9
 2013 04 20 22 53 39.258     2013 04 20 22 57 10.017     210.8
163
 2013 04 20 01 59  2.007     2013 04 20 02 01 32.185     150.2
 2013 04 20 13 44 30.748     2013 04 20 13 48  2.084     211.3
164
 2013 04 20 01 50 37.367     2013 04 20 01 53 17.090     159.7
 2013 04 20 15 26 42.173     2013 04 20 15 29 19.066     156.9
165
 2013 04 20 05 17 18.039     2013 04 20 05 20 13.354     175.3
 2013 04 20 13 32 59.498     2013 04 20 13 36 21.066     201.6
166
167
 2013 04 20 15 09 29.867     2013 04 20 15 12 42.837     193.0
168
 2013 04 20 07 36 44.117     2013 04 20 07 39 18.391     154.3
169
 2013 04 20 21 42 32.163     2013 04 20 21 45 18.590     166.4
170
 2013 04 20 05 52 57.632     2013 04 20 05 56 18.311     200.7
 2013 04 20 17 40 58.056     2013 04 20 17 44  1.372     183.3
171
172
 2013 04 20 06 59 19.955     2013 04 20 07 02 27.502     187.5
 2013 04 20 11 54 15.384     2013 04 20 11 56 54.423     159.0
173
 2013 04 20 09 07 13.381     2013 04 20 09 08 33.122      79.7
 2013 04 20 19 11 16.765     2013 04 20 19 14 22.894     186.1
174
 2013 04 20 13 59  9.829     2013 04 20 14 01 46.150     156.3
 2013 04 20 22 12 36.277     2013 04 20 22 16 12.553     216.3
175
 2013 04 20 15 28  5.819     2013 04 20 15 31 35.810     210.0
176
 2013 04 20 20 41 50.683     2013 04 20 20 44 38.521     167.8
177
178
 2013 04 20 11 22 28.449     2013 04 20 11 25 25.874     177.4
 2013 04 20 23 13 40.858     2013 04 20 23 17  4.322     203.5
179
 2013 04 20 23 01 43.122     2013 04 20 23 05  1.678     198.6
180
 2013 04 20 05 59 45.581     2013 04 20 06 03 15.725     210.1
 2013 04 20 15 59 34.763     2013 04 20 16 02 32.276     177.5
181
 2013 04 20 19 09 16.003     2013 04 20 19 09 54.072      38.1
182
 2013 04 20 17 01 51.903     2013 04 20 17 02  3.212      11.3
183
 2013 04 20 08 25  7.706     2013 04 20 08 28   .677     173.0
184
 2013 04 20 03 18 24.654     2013 04 20 03 18 29.720       5.1
 2013 04 20 20 17  3.766     2013 04 20 20 20 43.787     220.0
185
 2013 04 20 18 33 40.223     2013 04 20 18 36 15.012     154.8
186
187
 2013 04 20 02 53 54.670     2013 04 20 02 56 21.445     146.8
188
 2013 04 20 08 10 34.315     2013 04 20 08 13 39.530     185.2
189
 2013 04 20 04 36 34.467     2013 04 20 04 39 34.547     180.1
 2013 04 20 09 31 44.938     2013 04 20 09 34 49.490     184.6
190
 2013 04 20 04 26 16.677     2013 04 20 04 27  5.220      48.5
 2013 04 20 14 26 32.194     2013 04 20 14 27 22.734      50.5
191
 2013 04 20 03 39 49.779     2013 04 20 03 42 26.727     156.9
 2013 04 20 13 38 27.228     2013 04 20 13 41 51.953     204.7
192
193
 2013 04 20 00 33 44.034     2013 04 20 00 37 13.045     209.0
 2013 04 20 08 49 10.330     2013 04 20 08 52 28.905     198.6
194
 2013 04 20 17 12 33.000     2013 04 20 17 15 25.528     172.5
 2013 04 20 22 07 34.375     2013 04 20 22 10 24.482     170.1
195
196
197
 2013 04 20 23 09 31.770     2013 04 20 23 12  5.009     153.2
198
199
 2013 04 20 12 14 14.633     2013 04 20 12 17  8.329     173.7
200
 2013 04 20 02 35 14.837     2013 04 20 02 35 56.659      41.8
 2013 04 20 16 15 57.911     2013 04 20 16 19 32.048     214.1
201
 2013 04 20 02 27  1.385     2013 04 20 02 30 51.543     230.2
 2013 04 20 19 33 23.273     2013 04 20 19 33 48.640      25.4
202
 2013 04 20 05 20 16.464     2013 04 20 05 23 45.315     208.9
 2013 04 20 11 56  8.931     2013 04 20 11 56 57.226      48.3
203
 2013 04 20 01 43  9.794     2013 04 20 01 45 44.969     155.2
 2013 04 20 18 44 32.800     2013 04 20 18 48  8.940     216.1
204
 2013 04 20 01 45  5.849     2013 04 20 01 48 11.013     185.2
 2013 04 20 17 07 32.493     2013 04 20 17 10  7.974     155.5
205
206
 2013 04 20 04 55 42.045     2013 04 20 04 58 15.937     153.9
 2013 04 20 20 14 45.409     2013 04 20 20 18 16.312     210.9
207
 2013 04 20 05 11 27.996     2013 04 20 05 11 33.697       5.7
 2013 04 20 15 15 15.948     2013 04 20 15 17 54.468     158.5
208
 2013 04 20 11 27 30.765     2013 04 20 11 30  1.544     150.8
209
 2013 04 20 11 23 43.564     2013 04 20 11 26 18.713     155.1
 2013 04 20 23 12 24.219     2013 04 20 23 15 20.827     176.6
210
 2013 04 20 14 50 11.285     2013 04 20 14 53 18.402     187.1
 2013 04 20 19 45 27.164     2013 04 20 19 49  1.610     214.4
211
 2013 04 20 01 54 21.608     2013 04 20 01 54 33.118      11.5
 2013 04 20 13 47 46.171     2013 04 20 13 48 24.007      37.8
212
 2013 04 20 09 06   .515     2013 04 20 09 06 16.749      16.2
 2013 04 20 20 49 16.275     2013 04 20 20 52  1.373     165.1
213
 2013 04 20 19 12 13.843     2013 04 20 19 14 46.197     152.4
214
 2013 04 20 23 08 19.721     2013 04 20 23 10 56.305     156.6
215
 2013 04 20 14 30  2.944     2013 04 20 14 33 12.356     189.4
216
 2013 04 20 14 42  7.795     2013 04 20 14 45 15.519     187.7
217
 2013 04 20 15 22 22.429     2013 04 20 15 24 55.735     153.3
218
 2013 04 20 03 25 11.739     2013 04 20 03 28 14.448     182.7
 2013 04 20 17 00 41.627     2013 04 20 17 03 16.322     154.7
219
220
 2013 04 20 14 30 11.206     2013 04 20 14 33 12.263     181.1
221
 2013 04 20 06 31 57.607     2013 04 20 06 35  4.187     186.6
 2013 04 20 20 11 24.879     2013 04 20 20 11 30.935       6.1
222
 2013 04 20 14 34  8.252     2013 04 20 14 37 20.437     192.2
223
 2013 04 20 02 41 26.919     2013 04 20 02 42 24.503      57.6
 2013 04 20 16 12 26.537     2013 04 20 16 15  7.803     161.3
224
 2013 04 20 00 40 42.824     2013 04 20 00 41  2.841      20.0
 2013 04 20 02 14 56.664     2013 04 20 02 18 43.297     226.6
 2013 04 20 07 10 49.765     2013 04 20 07 13 42.568     172.8
225
 2013 04 20 07 38 20.633     2013 04 20 07 38 44.747      24.1
 2013 04 20 15 57  3.718     2013 04 20 15 59 59.599     175.9
226
 2013 04 20 02 28 45.806     2013 04 20 02 31 22.268     156.5
 2013 04 20 19 31 43.191     2013 04 20 19 34 26.770     163.6
227
 2013 04 20 00 56 35.155     2013 04 20 00 59 25.382     170.2
228
229
 2013 04 20 09 04  5.136     2013 04 20 09 07  6.120     181.0
230
 2013 04 20 07 26 53.577     2013 04 20 07 27 25.366      31.8
 2013 04 20 19 18  1.792     2013 04 20 19 20 34.937     153.1
231
 2013 04 20 01 48  5.285     2013 04 20 01 49  5.323      60.0
 2013 04 20 15 28 38.432     2013 04 20 15 32 19.217     220.8
232
 2013 04 20 11 14 54.132     2013 04 20 11 17 28.962     154.8
233
 2013 04 20 03 33 37.082     2013 04 20 03 36 40.404     183.3
234
 2013 04 20 06 51 12.529     2013 04 20 06 51 21.394       8.9
 2013 04 20 16 46 19.464     2013 04 20 16 49   .507     161.0
235
 2013 04 20 17 51 19.298     2013 04 20 17 53 59.879     160.6
236
 2013 04 20 01 25  3.667     2013 04 20 01 28  1.863     178.2
 2013 04 20 08 00 11.684     2013 04 20 08 03  3.659     172.0
237
 2013 04 20 04 06 16.795     2013 04 20 04 09 56.677     219.9
 2013 04 20 19 29 38.087     2013 04 20 19 32 13.605     155.5
238
239
 2013 04 20 17 28  7.479     2013 04 20 17 30 50.480     163.0
240
 2013 04 20 15 35 48.816     2013 04 20 15 36 52.815      64.0
 2013 04 20 22 11 16.958     2013 04 20 22 13 58.376     161.4
241
 2013 04 20 00 04 35.536     2013 04 20 00 08  4.968     209.4
 2013 04 20 18 46 20.228     2013 04 20 18 49 13.652     173.4
 2013 04 20 23 41 21.306     2013 04 20 23 44 59.143     217.8
242
 2013 04 20 09 11  9.003     2013 04 20 09 14 30.687     201.7
243
244
245
 2013 04 20 03 15 56.296     2013 04 20 03 18 46.411     170.1
 2013 04 20 20 18 33.882     2013 04 20 20 21 16.227     162.3
246
 2013 04 20 07 20 36.251     2013 04 20 07 23 31.581     175.3
 2013 04 20 20 57  5.647     2013 04 20 21 00  7.035     181.4
247
 2013 04 20 14 42 41.156     2013 04 20 14 45 14.275     153.1
248
249
 2013 04 20 11 21 39.202     2013 04 20 11 24 30.475     171.3
250
 2013 04 20 02 31  7.992     2013 04 20 02 33 45.674     157.7
251
 2013 04 20 21 29 19.182     2013 04 20 21 31 54.182     155.0
252
253
254
 2013 04 20 05 12 54.057     2013 04 20 05 13 35.798      41.7
 2013 04 20 15 14 22.796     2013 04 20 15 17 29.308     186.5
255
 2013 04 20 02 56 51.294     2013 04 20 02 59 57.248     186.0
 2013 04 20 11 11 20.382     2013 04 20 11 13 57.479     157.1
256
 2013 04 20 04 25 30.286     2013 04 20 04 28  5.483     155.2
 2013 04 20 14 26 11.610     2013 04 20 14 28 58.834     167.2
257
 2013 04 20 02 35 25.621     2013 04 20 02 38 32.190     186.6
258
 2013 04 20 03 17 23.974     2013 04 20 03 19 58.208     154.2
 2013 04 20 20 18 51.013     2013 04 20 20 22  9.003     198.0
259
 2013 04 20 04 02 16.268     2013 04 20 04 04 57.397     161.1
 2013 04 20 21 09 16.102     2013 04 20 21 09 51.278      35.2
 2013 04 20 22 43 54.697     2013 04 20 22 47 20.211     205.5
260
 2013 04 20 07 26 11.624     2013 04 20 07 27  7.288      55.7
261
 2013 04 20 15 21 27.117     2013 04 20 15 24 39.823     192.7
262
 2013 04 20 02 27  8.161     2013 04 20 02 30 29.460     201.3
 2013 04 20 21 07 58.931     2013 04 20 21 11 48.329     229.4
263
 2013 04 20 03 34 56.654     2013 04 20 03 37 32.260     155.6
264
 2013 04 20 00 11 54.355     2013 04 20 00 15 35.055     220.7
 2013 04 20 15 30 19.878     2013 04 20 15 33 46.335     206.5
265
 2013 04 20 01 20 25.713     2013 04 20 01 20 38.184      12.5
 2013 04 20 09 39 13.905     2013 04 20 09 42 10.640     176.7
266
 2013 04 20 14 01 39.623     2013 04 20 14 04 46.229     186.6
 2013 04 20 20 36 15.404     2013 04 20 20 38 55.543     160.1
267
 2013 04 20 11 14 39.282     2013 04 20 11 17 57.047     197.8
268
 2013 04 20 09 45 37.969     2013 04 20 09 48  8.518     150.5
269
 2013 04 20 10 50 38.296     2013 04 20 10 53 32.845     174.5
270
 2013 04 20 19 19 22.462     2013 04 20 19 22  3.074     160.6
271
 2013 04 20 15 28 20.196     2013 04 20 15 29 38.412      78.2
272
 2013 04 20 05 45 47.145     2013 04 20 05 48 21.199     154.1
 2013 04 20 19 23 22.282     2013 04 20 19 26 38.143     195.9
273
 2013 04 20 05 14 14.540     2013 04 20 05 16 50.742     156.2
 2013 04 20 15 12 58.041     2013 04 20 15 16 17.555     199.5
274
 2013 04 20 04 08 46.124     2013 04 20 04 12 11.432     205.3
275
 2013 04 20 01 09 47.151     2013 04 20 01 12 23.106     156.0
 2013 04 20 12 59   .178     2013 04 20 13 01 36.119     155.9
276
 2013 04 20 01 22 52.975     2013 04 20 01 26 41.643     228.7
 2013 04 20 09 35 51.155     2013 04 20 09 39 13.718     202.6
277
 2013 04 20 14 50 39.727     2013 04 20 14 53 15.274     155.5
 2013 04 20 19 45 17.219     2013 04 20 19 48 12.904     175.7
278
 2013 04 20 17 54 44.155     2013 04 20 17 55 42.613      58.5
279
 2013 04 20 22 20  5.443     2013 04 20 22 21   .292      54.8
280
 2013 04 20 00 27 49.747     2013 04 20 00 30 39.406     169.7
 2013 04 20 10 34 11.838     2013 04 20 10 34 43.951      32.1
281
 2013 04 20 15 16 50.811     2013 04 20 15 19 55.454     184.6
282
 2013 04 20 10 38 14.009     2013 04 20 10 40 48.045     154.0
 2013 04 20 22 24 25.506     2013 04 20 22 27 29.431     183.9
283
 2013 04 20 06 11 47.243     2013 04 20 06 14 37.279     170.0
 2013 04 20 11 06 36.802     2013 04 20 11 09 11.777     155.0
284
 2013 04 20 04 01 55.377     2013 04 20 04 04 31.496     156.1
 2013 04 20 22 43 41.659     2013 04 20 22 46 47.012     185.4
285
 2013 04 20 00 35 13.185     2013 04 20 00 37 49.516     156.3
 2013 04 20 08 50 39.242     2013 04 20 08 53 19.356     160.1
286
 2013 04 20 03 25 50.399     2013 04 20 03 28 39.472     169.1
 2013 04 20 17 01 28.921     2013 04 20 17 04 41.752     192.8
287
 2013 04 20 11 34  7.950     2013 04 20 11 37 10.634     182.7
288
 2013 04 20 19 19 25.840     2013 04 20 19 20 25.830      60.0
289
290
291
 2013 04 20 08 18 14.363     2013 04 20 08 18 40.306      25.9
292
 2013 04 20 12 14 17.899     2013 04 20 12 18  2.938     225.0
293
 2013 04 20 01 41 59.865     2013 04 20 01 45 33.932     214.1
 2013 04 20 18 45 52.010     2013 04 20 18 48 34.079     162.1
294
295
 2013 04 20 03 47 17.628     2013 04 20 03 49 51.468     153.8
 2013 04 20 10 21 24.366     2013 04 20 10 24  1.095     156.7
296
 2013 04 20 07 25 22.750     2013 04 20 07 28 58.278     215.5
 2013 04 20 19 20 31.181     2013 04 20 19 21 48.114      76.9
297
 2013 04 20 05 55 25.780     2013 04 20 05 59 10.186     224.4
 2013 04 20 17 39  6.924     2013 04 20 17 42 45.350     218.4
298
 2013 04 20 09 10 47.899     2013 04 20 09 13 37.453     169.6
 2013 04 20 19 08 47.162     2013 04 20 19 08 53.932       6.8
299
300
 2013 04 20 22 15 18.926     2013 04 20 22 18 49.487     210.6
301
 2013 04 20 05 55  2.505     2013 04 20 05 57 48.420     165.9
 2013 04 20 17 41  2.435     2013 04 20 17 41 46.329      43.9
302
 2013 04 20 01 50 17.143     2013 04 20 01 52 48.662     151.5
 2013 04 20 15 27  4.927     2013 04 20 15 29 50.590     165.7
303
 2013 04 20 01 15 21.342     2013 04 20 01 16  7.243      45.9
 2013 04 20 11 19  2.423     2013 04 20 11 21 39.951     157.5
304
 2013 04 20 03 00 30.190     2013 04 20 03 03 14.008     163.8
 2013 04 20 09 33 48.959     2013 04 20 09 36 31.777     162.8
305
 2013 04 20 03 23  5.997     2013 04 20 03 26  6.045     180.0
 2013 04 20 17 05 10.469     2013 04 20 17 06 17.333      66.9
306
 2013 04 20 04 22   .104     2013 04 20 04 24 48.885     168.8
307
 2013 04 20 12 16  1.319     2013 04 20 12 19 20.335     199.0
308
 2013 04 20 16 04 49.741     2013 04 20 16 07 26.638     156.9
309
 2013 04 20 00 59 27.568     2013 04 20 00 59 35.180       7.6
310
311
 2013 04 20 05 05 12.681     2013 04 20 05 08 17.427     184.7
 2013 04 20 16 55 55.172     2013 04 20 16 58 38.580     163.4
312
 2013 04 20 04 49 48.709     2013 04 20 04 52 23.215     154.5
 2013 04 20 21 53  5.569     2013 04 20 21 56 42.475     216.9
 2013 04 20 23 30 47.886     2013 04 20 23 31 58.246      70.4
313
 2013 04 20 10 40 23.653     2013 04 20 10 43 48.915     205.3
314
 2013 04 20 07 40  2.036     2013 04 20 07 41 19.579      77.5
 2013 04 20 15 54 11.419     2013 04 20 15 56 50.682     159.3
315
 2013 04 20 21 51 45.570     2013 04 20 21 54 36.870     171.3
316
 2013 04 20 02 50 51.893     2013 04 20 02 54  2.836     190.9
 2013 04 20 12 52 47.601     2013 04 20 12 55 18.270     150.7
317
 2013 04 20 07 19 17.848     2013 04 20 07 22 28.480     190.6
 2013 04 20 20 58 43.429     2013 04 20 21 02 19.413     216.0
318
 2013 04 20 04 07 24.643     2013 04 20 04 10   .898     156.3
 2013 04 20 19 28 30.354     2013 04 20 19 31  4.666     154.3
319
 2013 04 20 21 01  4.640     2013 04 20 21 03 51.140     166.5
320
 2013 04 20 20 57 55.042     2013 04 20 20 59 12.575      77.5
321
 2013 04 20 07 26  2.447     2013 04 20 07 28 36.166     153.7
322
 2013 04 20 05 18 50.817     2013 04 20 05 20  9.480      78.7
 2013 04 20 13 34 21.278     2013 04 20 13 35 44.268      83.0
323
 2013 04 20 15 29 39.439     2013 04 20 15 32 52.701     193.3
324
 2013 04 20 15 58 29.954     2013 04 20 16 01 53.750     203.8
325
 2013 04 20 13 58  8.538     2013 04 20 14 01 46.727     218.2
 2013 04 20 22 12  5.112     2013 04 20 22 14 51.508     166.4
326
 2013 04 20 10 05 39.715     2013 04 20 10 08 44.658     184.9
 2013 04 20 11 43  6.031     2013 04 20 11 43 31.530      25.5
 2013 04 20 15 03 42.877     2013 04 20 15 04   .233      17.4
 2013 04 20 16 38 21.951     2013 04 20 16 41 24.465     182.5
327
 2013 04 20 17 32 23.057     2013 04 20 17 35 49.876     206.8
328
329
330
 2013 04 20 08 14 15.696     2013 04 20 08 16 57.384     161.7
 2013 04 20 20 04 26.149     2013 04 20 20 07 22.962     176.8
331
 2013 04 20 13 04 54.151     2013 04 20 13 07 24.910     150.8
 2013 04 20 23 05 56.521     2013 04 20 23 08 51.092     174.6
332
333
 2013 04 20 04 25  1.223     2013 04 20 04 28 11.789     190.6
 2013 04 20 14 25 19.526     2013 04 20 14 28 39.457     199.9
334
 2013 04 20 00 10 34.519     2013 04 20 00 13 28.659     174.1
 2013 04 20 15 31 33.471     2013 04 20 15 34 21.748     168.3
335
 2013 04 20 07 19 41.449     2013 04 20 07 23  9.638     208.2
 2013 04 20 21 00 28.619     2013 04 20 21 00 31.501       2.9
336
 2013 04 20 09 40 48.837     2013 04 20 09 44   .705     191.9
337
 2013 04 20 16 03 42.622     2013 04 20 16 06 20.717     158.1
338
 2013 04 20 15 23  4.346     2013 04 20 15 25 38.000     153.7
339
 2013 04 20 00 56 55.287     2013 04 20 00 59 37.384     162.1
 2013 04 20 16 21 53.633     2013 04 20 16 22 36.111      42.5
340
 2013 04 20 09 51 51.124     2013 04 20 09 52 44.879      53.8
341
 2013 04 20 09 35  6.704     2013 04 20 09 38 51.351     224.6
342
 2013 04 20 04 16 39.466     2013 04 20 04 19 16.296     156.8
343
 2013 04 20 07 25 34.219     2013 04 20 07 28 24.608     170.4
344
 2013 04 20 11 19  5.016     2013 04 20 11 21 51.251     166.2
345
 2013 04 20 05 14 57.919     2013 04 20 05 16 10.592      72.7
346
347
 2013 04 20 10 33 44.350     2013 04 20 10 34  3.462      19.1
 2013 04 20 22 30 37.147     2013 04 20 22 31 15.418      38.3
348
 2013 04 20 08 19 20.197     2013 04 20 08 22 57.975     217.8
349
 2013 04 20 07 29  7.655     2013 04 20 07 31 40.827     153.2
 2013 04 20 19 15 44.350     2013 04 20 19 18 41.383     177.0
350
 2013 04 20 05 44  7.275     2013 04 20 05 47 36.831     209.6
351
 2013 04 20 18 19 46.273     2013 04 20 18 22 57.141     190.9
352
353
 2013 04 20 13 08 45.736     2013 04 20 13 11 19.606     153.9
354
 2013 04 20 01 52 26.675     2013 04 20 01 55 14.086     167.4
 2013 04 20 15 25  8.180     2013 04 20 15 26 29.762      81.6
355
 2013 04 20 02 06  4.485     2013 04 20 02 08 46.916     162.4
356
 2013 04 20 02 38  6.165     2013 04 20 02 40 55.532     169.4
 2013 04 20 16 13 42.127     2013 04 20 16 16 12.805     150.7
357
 2013 04 20 08 26 37.114     2013 04 20 08 27 10.481      33.4
 2013 04 20 18 20   .782     2013 04 20 18 23 14.949     194.2
358
 2013 04 20 14 00  8.848     2013 04 20 14 03 56.765     227.9
 2013 04 20 15 37 53.381     2013 04 20 15 38 26.347      33.0
 2013 04 20 20 34   .548     2013 04 20 20 36 51.419     170.9
359
 2013 04 20 06 46 17.974     2013 04 20 06 49  4.943     167.0
 2013 04 20 16 50 30.353     2013 04 20 16 51 12.808      42.5
360
361
 2013 04 20 17 39 47.710     2013 04 20 17 42 21.631     153.9
362
 2013 04 20 05 09  3.320     2013 04 20 05 09  9.155       5.8
 2013 04 20 16 53  1.544     2013 04 20 16 53  6.448       4.9
363
 2013 04 20 21 28 55.576     2013 04 20 21 31 40.092     164.5
364
 2013 04 20 08 06 48.926     2013 04 20 08 09 31.934     163.0
 2013 04 20 21 45 27.352     2013 04 20 21 45 41.489      14.1
365
 2013 04 20 20 17 15.271     2013 04 20 20 19 52.494     157.2
366
 2013 04 20 11 15 10.121     2013 04 20 11 18  8.832     178.7
367
 2013 04 20 01 21 50.427     2013 04 20 01 24 26.595     156.2
 2013 04 20 09 37 36.956     2013 04 20 09 40 17.676     160.7
368
 2013 04 20 02 06  7.464     2013 04 20 02 08 48.202     160.7
 2013 04 20 12 02 38.390     2013 04 20 12 03 13.428      35.0
369
 2013 04 20 05 52 26.289     2013 04 20 05 55 44.672     198.4
 2013 04 20 17 43 17.606     2013 04 20 17 45 52.016     154.4
370
 2013 04 20 06 55 26.583     2013 04 20 06 58 55.589     209.0
 2013 04 20 13 29 10.579     2013 04 20 13 31 51.827     161.2
371
 2013 04 20 06 25 59.837     2013 04 20 06 28 42.862     163.0
 2013 04 20 23 27 35.910     2013 04 20 23 30 36.795     180.9
372
 2013 04 20 10 03 36.128     2013 04 20 10 06  9.654     153.5
373
374
 2013 04 20 15 34 31.119     2013 04 20 15 37 42.739     191.6
 2013 04 20 22 08 33.179     2013 04 20 22 11 57.088     203.9
375
 2013 04 20 13 12 21.273     2013 04 20 13 15 22.301     181.0
376
 2013 04 20 12 44 48.666     2013 04 20 12 47 35.184     166.5
377
 2013 04 20 12 01 33.346     2013 04 20 12 04 20.730     167.4
378
379
 2013 04 20 01 47  6.371     2013 04 20 01 49 43.384     157.0
 2013 04 20 17 05 21.917     2013 04 20 17 05 58.252      36.3
380
 2013 04 20 01 56  4.799     2013 04 20 01 58 41.844     157.0
 2013 04 20 13 48 33.995     2013 04 20 13 49 25.483      51.5
381
 2013 04 20 15 15 48.248     2013 04 20 15 16 22.750      34.5
382
 2013 04 20 04 24 18.387     2013 04 20 04 26 43.266     144.9
 2013 04 20 14 27 50.150     2013 04 20 14 30 33.694     163.5
383
 2013 04 20 14 02 52.445     2013 04 20 14 05 32.818     160.4
 2013 04 20 18 57 36.192     2013 04 20 19 01 16.911     220.7
 2013 04 20 20 35 14.686     2013 04 20 20 35 48.525      33.8
384
 2013 04 20 02 48 13.194     2013 04 20 02 51 42.326     209.1
385
 2013 04 20 17 39 44.172     2013 04 20 17 42 15.237     151.1
386
 2013 04 20 13 00  5.407     2013 04 20 13 03 38.734     213.3
387
 2013 04 20 16 48 32.796     2013 04 20 16 48 53.632      20.8
388
 2013 04 20 03 28 14.828     2013 04 20 03 28 59.129      44.3
389
 2013 04 20 13 02 14.844     2013 04 20 13 04 45.150     150.3
390
 2013 04 20 05 36 56.790     2013 04 20 05 39 34.342     157.6
 2013 04 20 22 40  3.485     2013 04 20 22 43 39.700     216.2
391
 2013 04 20 05 10 28.347     2013 04 20 05 13  7.611     159.3
392
 2013 04 20 06 45 25.658     2013 04 20 06 48 31.245     185.6
 2013 04 20 16 52 27.869     2013 04 20 16 52 53.461      25.6
393
 2013 04 20 09 00 13.368     2013 04 20 09 02 56.853     163.5
394
395
 2013 04 20 04 02   .312     2013 04 20 04 04 36.227     155.9
 2013 04 20 22 43 34.109     2013 04 20 22 46 48.481     194.4
396
 2013 04 20 08 19 55.055     2013 04 20 08 23 15.666     200.6
 2013 04 20 18 23 33.091     2013 04 20 18 27 17.790     224.7
397
398
 2013 04 20 06 34 21.331     2013 04 20 06 36 56.334     155.0
 2013 04 20 20 10  7.405     2013 04 20 20 12 41.262     153.9
399
 2013 04 20 06 53 40.634     2013 04 20 06 57 13.059     212.4
 2013 04 20 15 08 26.916     2013 04 20 15 08 35.998       9.1
