s5
0
 2013 04 20 03 25 12.760     2013 04 20 03 28 21.873     189.1
 2013 04 20 22 08  4.505     2013 04 20 22 11  9.119     184.6
1
 2013 04 20 20 02  9.128     2013 04 20 20 05 10.274     181.1
2
 2013 04 20 00 52  1.892     2013 04 20 00 53  1.788      59.9
 2013 04 20 05 48 18.138     2013 04 20 05 50 56.171     158.0
 2013 04 20 22 52 39.836     2013 04 20 22 56 24.802     225.0
3
 2013 04 20 04 13 31.689     2013 04 20 04 16 12.548     160.9
 2013 04 20 21 17 47.433     2013 04 20 21 17 55.145       7.7
 2013 04 20 22 55 50.460     2013 04 20 22 59 36.553     226.1
4
 2013 04 20 11 47 55.695     2013 04 20 11 50 32.009     156.3
 2013 04 20 20 04 13.310     2013 04 20 20 06 49.689     156.4
5
 2013 04 20 03 33 47.494     2013 04 20 03 36 37.336     169.8
6
7
 2013 04 20 10 06 10.685     2013 04 20 10 06 56.977      46.3
 2013 04 20 20 11  1.287     2013 04 20 20 13 59.940     178.7
8
 2013 04 20 07 36 11.366     2013 04 20 07 39 25.391     194.0
9
10
11
 2013 04 20 21 59 29.663     2013 04 20 22 02 45.239     195.6
12
 2013 04 20 14 57  3.702     2013 04 20 15 00  3.839     180.1
 2013 04 20 23 13 56.731     2013 04 20 23 16 35.124     158.4
13
 2013 04 20 03 40 19.271     2013 04 20 03 43 18.566     179.3
14
15
 2013 04 20 04 31 52.226     2013 04 20 04 34 35.600     163.4
 2013 04 20 16 18 13.904     2013 04 20 16 21 26.832     192.9
16
17
 2013 04 20 20 12 39.390     2013 04 20 20 15 17.838     158.4
18
 2013 04 20 18 02 57.779     2013 04 20 18 05 46.713     168.9
19
 2013 04 20 07 05 32.093     2013 04 20 07 08 34.271     182.2
 2013 04 20 15 18 52.737     2013 04 20 15 22 41.473     228.7
20
 2013 04 20 13 07 29.009     2013 04 20 13 10 48.066     199.1
21
 2013 04 20 02 57 41.726     2013 04 20 02 58 54.998      73.3
 2013 04 20 14 43 39.049     2013 04 20 14 46 52.935     193.9
22
 2013 04 20 19 33 39.782     2013 04 20 19 36 18.135     158.4
23
 2013 04 20 10 05 30.986     2013 04 20 10 09  1.741     210.8
24
 2013 04 20 07 37 28.602     2013 04 20 07 40  4.757     156.2
25
 2013 04 20 02 11 47.409     2013 04 20 02 15  4.273     196.9
26
 2013 04 20 10 50 23.551     2013 04 20 10 53 39.975     196.4
 2013 04 20 22 35 40.251     2013 04 20 22 39  7.428     207.2
27
28
 2013 04 20 00 51  3.408     2013 04 20 00 53 43.446     160.0
 2013 04 20 05 45 51.379     2013 04 20 05 49  9.395     198.0
29
 2013 04 20 00 27 44.940     2013 04 20 00 31   .108     195.2
 2013 04 20 14 03 23.903     2013 04 20 14 06  2.982     159.1
30
 2013 04 20 09 26 23.884     2013 04 20 09 30  7.236     223.4
 2013 04 20 17 40 48.381     2013 04 20 17 43 39.116     170.7
31
 2013 04 20 16 38 11.821     2013 04 20 16 38 23.674      11.9
 2013 04 20 18 12 25.159     2013 04 20 18 15 55.271     210.1
 2013 04 20 23 08 13.756     2013 04 20 23 10 51.862     158.1
32
 2013 04 20 12 31 26.158     2013 04 20 12 32  3.805      37.6
33
 2013 04 20 16 15  3.710     2013 04 20 16 17 37.611     153.9
34
 2013 04 20 05 51 48.891     2013 04 20 05 55  7.846     199.0
 2013 04 20 21 16 12.696     2013 04 20 21 19 17.906     185.2
35
 2013 04 20 03 35 49.261     2013 04 20 03 36 27.423      38.2
 2013 04 20 18 50 53.719     2013 04 20 18 50 54.811       1.1
36
 2013 04 20 00 29 44.380     2013 04 20 00 33 26.613     222.2
37
 2013 04 20 01 39 35.014     2013 04 20 01 42 37.472     182.5
 2013 04 20 06 34 54.972     2013 04 20 06 37 31.395     156.4
38
 2013 04 20 03 29  9.239     2013 04 20 03 32 10.635     181.4
39
 2013 04 20 18 03  5.711     2013 04 20 18 06 16.666     191.0
40
 2013 04 20 21 40 41.374     2013 04 20 21 43 19.151     157.8
41
 2013 04 20 01 16  1.332     2013 04 20 01 18 35.356     154.0
 2013 04 20 14 50 41.855     2013 04 20 14 54 24.146     222.3
42
 2013 04 20 04 14 56.709     2013 04 20 04 17 47.257     170.5
 2013 04 20 21 19 25.100     2013 04 20 21 22  2.557     157.5
43
 2013 04 20 11 02 12.266     2013 04 20 11 05 16.426     184.2
44
 2013 04 20 04 31  1.645     2013 04 20 04 32  4.835      63.2
45
 2013 04 20 04 15 46.164     2013 04 20 04 18 47.936     181.8
 2013 04 20 21 17 52.443     2013 04 20 21 21 25.320     212.9
46
 2013 04 20 05 58 57.702     2013 04 20 06 01 35.184     157.5
 2013 04 20 19 34 59.760     2013 04 20 19 37 46.985     167.2
47
 2013 04 20 21 46 27.828     2013 04 20 21 49 22.785     175.0
48
 2013 04 20 17 49 29.913     2013 04 20 17 53 14.517     224.6
49
 2013 04 20 21 46 17.343     2013 04 20 21 49 48.878     211.5
50
 2013 04 20 11 32 31.460     2013 04 20 11 35 13.630     162.2
51
 2013 04 20 09 53 46.706     2013 04 20 09 56 23.355     156.6
 2013 04 20 23 31 55.656     2013 04 20 23 35  7.511     191.9
52
 2013 04 20 17 44 32.636     2013 04 20 17 47  9.540     156.9
53
54
 2013 04 20 04 36 35.451     2013 04 20 04 39 14.419     159.0
 2013 04 20 14 38   .377     2013 04 20 14 41  5.394     185.0
55
 2013 04 20 00 02 56.107     2013 04 20 00 06   .325     184.2
 2013 04 20 06 37 20.212     2013 04 20 06 40 26.629     186.4
 2013 04 20 23 41 26.842     2013 04 20 23 44 26.327     179.5
56
 2013 04 20 20 49 21.668     2013 04 20 20 52 12.169     170.5
57
 2013 04 20 00 50   .414     2013 04 20 00 50 39.945      39.5
 2013 04 20 07 25 11.363     2013 04 20 07 28 35.183     203.8
58
59
 2013 04 20 11 49 22.746     2013 04 20 11 52  3.920     161.2
 2013 04 20 20 02 59.482     2013 04 20 20 04 59.468     120.0
60
 2013 04 20 07 46 45.627     2013 04 20 07 50  8.582     203.0
 2013 04 20 17 46  9.882     2013 04 20 17 48 45.258     155.4
61
 2013 04 20 13 47 47.592     2013 04 20 13 50 24.955     157.4
62
 2013 04 20 06 49 12.633     2013 04 20 06 51  6.084     113.5
 2013 04 20 18 46 51.299     2013 04 20 18 47 19.337      28.0
63
 2013 04 20 11 52 51.798     2013 04 20 11 52 56.357       4.6
 2013 04 20 20 01 50.369     2013 04 20 20 05 30.120     219.8
64
 2013 04 20 11 25 16.067     2013 04 20 11 28 17.745     181.7
65
 2013 04 20 06 09 46.301     2013 04 20 06 13 24.264     218.0
66
 2013 04 20 01 32 13.286     2013 04 20 01 32 54.228      40.9
 2013 04 20 11 27  2.435     2013 04 20 11 29 57.286     174.9
67
 2013 04 20 06 57  2.137     2013 04 20 06 59 36.871     154.7
68
 2013 04 20 07 05 26.031     2013 04 20 07 05 48.684      22.7
69
 2013 04 20 23 11 11.771     2013 04 20 23 13 57.694     165.9
70
 2013 04 20 06 19 28.256     2013 04 20 06 23  7.639     219.4
 2013 04 20 12 55 52.808     2013 04 20 12 58 55.780     183.0
71
 2013 04 20 01 20  4.611     2013 04 20 01 22 37.776     153.2
 2013 04 20 13 10 45.442     2013 04 20 13 14 14.511     209.1
72
73
74
 2013 04 20 02 40 27.348     2013 04 20 02 43 24.792     177.4
 2013 04 20 19 44 58.560     2013 04 20 19 47 37.204     158.6
75
 2013 04 20 05 07  2.937     2013 04 20 05 09 40.643     157.7
 2013 04 20 20 27 29.149     2013 04 20 20 31 13.899     224.7
76
 2013 04 20 19 33 19.316     2013 04 20 19 35 58.806     159.5
77
 2013 04 20 14 48 14.769     2013 04 20 14 51 27.291     192.5
78
 2013 04 20 08 42 19.848     2013 04 20 08 45  8.963     169.1
 2013 04 20 15 16 25.304     2013 04 20 15 19  2.866     157.6
79
 2013 04 20 06 41  7.389     2013 04 20 06 44  3.034     175.6
 2013 04 20 22 02 43.408     2013 04 20 22 06  4.519     201.1
80
 2013 04 20 12 33  1.840     2013 04 20 12 35 54.212     172.4
81
 2013 04 20 11 38 11.775     2013 04 20 11 41 31.909     200.1
82
 2013 04 20 09 10 43.791     2013 04 20 09 14  7.715     203.9
83
 2013 04 20 14 57 12.359     2013 04 20 14 59 48.858     156.5
 2013 04 20 23 13 21.877     2013 04 20 23 15 58.063     156.2
84
 2013 04 20 11 02 17.276     2013 04 20 11 05 56.651     219.4
 2013 04 20 17 36 44.701     2013 04 20 17 37 32.474      47.8
85
 2013 04 20 05 35  8.858     2013 04 20 05 38  7.781     178.9
 2013 04 20 10 30 36.613     2013 04 20 10 33 46.137     189.5
86
87
 2013 04 20 06 48 19.268     2013 04 20 06 51  9.524     170.3
88
 2013 04 20 16 55 53.925     2013 04 20 16 59 41.167     227.2
89
 2013 04 20 15 28 16.642     2013 04 20 15 29 31.537      74.9
90
91
 2013 04 20 05 53 29.237     2013 04 20 05 56  5.027     155.8
 2013 04 20 21 15 14.417     2013 04 20 21 17 56.911     162.5
92
 2013 04 20 01 24 15.266     2013 04 20 01 26 48.286     153.0
93
 2013 04 20 05 52 23.243     2013 04 20 05 53 26.847      63.6
 2013 04 20 21 16 41.555     2013 04 20 21 19 20.092     158.5
94
 2013 04 20 10 16  1.513     2013 04 20 10 18 49.692     168.2
 2013 04 20 16 51 26.608     2013 04 20 16 54 46.619     200.0
95
 2013 04 20 00 20  2.653     2013 04 20 00 22 50.206     167.6
96
 2013 04 20 03 56 45.916     2013 04 20 03 59 30.378     164.5
97
 2013 04 20 05 56 40.610     2013 04 20 05 59 16.431     155.8
 2013 04 20 19 39  2.941     2013 04 20 19 39 29.391      26.4
98
 2013 04 20 05 31  1.984     2013 04 20 05 34 49.668     227.7
 2013 04 20 12 09 36.232     2013 04 20 12 09 43.701       7.5
99
 2013 04 20 09 26  6.371     2013 04 20 09 28 59.418     173.0
 2013 04 20 17 42 51.602     2013 04 20 17 45 28.215     156.6
100
 2013 04 20 01 31 24.916     2013 04 20 01 34 43.266     198.4
 2013 04 20 09 50  1.038     2013 04 20 09 50 11.781      10.7
101
 2013 04 20 00 35 37.999     2013 04 20 00 35 55.079      17.1
102
103
 2013 04 20 10 57 34.194     2013 04 20 11 00 26.044     171.8
104
105
 2013 04 20 03 54 29.033     2013 04 20 03 58   .585     211.6
 2013 04 20 12 12 25.741     2013 04 20 12 15  1.341     155.6
106
 2013 04 20 07 33 39.556     2013 04 20 07 37 11.428     211.9
 2013 04 20 21 08 26.246     2013 04 20 21 11 21.471     175.2
107
 2013 04 20 12 35  7.828     2013 04 20 12 37 46.417     158.6
 2013 04 20 20 51 43.386     2013 04 20 20 54 19.097     155.7
108
 2013 04 20 07 41 32.503     2013 04 20 07 41 41.798       9.3
109
 2013 04 20 06 20 46.013     2013 04 20 06 21 37.616      51.6
 2013 04 20 14 31  7.837     2013 04 20 14 34 32.676     204.8
110
 2013 04 20 04 20 35.900     2013 04 20 04 23 26.296     170.4
111
112
 2013 04 20 17 50 48.747     2013 04 20 17 53 54.544     185.8
113
 2013 04 20 13 05 11.672     2013 04 20 13 08 31.970     200.3
114
 2013 04 20 07 05 49.494     2013 04 20 07 09 31.850     222.4
 2013 04 20 13 40 17.872     2013 04 20 13 41 15.358      57.5
115
 2013 04 20 09 30 43.254     2013 04 20 09 31 29.888      46.6
 2013 04 20 14 30 48.763     2013 04 20 14 31  9.779      21.0
116
 2013 04 20 08 19 53.302     2013 04 20 08 22 28.517     155.2
 2013 04 20 21 57 44.239     2013 04 20 22 00 19.143     154.9
117
 2013 04 20 06 40 42.639     2013 04 20 06 43 32.467     169.8
 2013 04 20 22 02 58.641     2013 04 20 22 05 47.401     168.8
118
 2013 04 20 05 22 14.066     2013 04 20 05 25 47.043     213.0
 2013 04 20 15 26 52.529     2013 04 20 15 30 33.717     221.2
119
 2013 04 20 00 17 58.376     2013 04 20 00 20 35.022     156.6
 2013 04 20 17 22 22.965     2013 04 20 17 25 15.833     172.9
120
 2013 04 20 08 23 42.384     2013 04 20 08 26 19.945     157.6
121
 2013 04 20 14 54 33.822     2013 04 20 14 57 12.628     158.8
122
 2013 04 20 03 27 17.631     2013 04 20 03 30 26.129     188.5
 2013 04 20 20 30 50.615     2013 04 20 20 33 26.286     155.7
123
124
 2013 04 20 14 42 45.439     2013 04 20 14 45 20.272     154.8
125
 2013 04 20 07 05 58.310     2013 04 20 07 09 10.748     192.4
126
 2013 04 20 01 06 56.711     2013 04 20 01 09 37.345     160.6
 2013 04 20 18 09 40.802     2013 04 20 18 13 16.634     215.8
127
 2013 04 20 02 57 51.930     2013 04 20 03 01 16.475     204.5
 2013 04 20 14 42 19.219     2013 04 20 14 43 35.703      76.5
128
 2013 04 20 05 16 56.033     2013 04 20 05 20 18.526     202.5
 2013 04 20 17 08  8.629     2013 04 20 17 10 42.205     153.6
129
 2013 04 20 13 15 47.079     2013 04 20 13 19 18.060     211.0
 2013 04 20 23 19 48.685     2013 04 20 23 22 43.424     174.7
130
131
 2013 04 20 05 26 58.084     2013 04 20 05 29 34.975     156.9
132
 2013 04 20 02 16 36.453     2013 04 20 02 19 43.726     187.3
 2013 04 20 12 15 49.198     2013 04 20 12 15 56.851       7.7
133
134
 2013 04 20 13 24 35.503     2013 04 20 13 27 28.306     172.8
 2013 04 20 20 04 11.362     2013 04 20 20 04 22.931      11.6
135
 2013 04 20 05 16 20.236     2013 04 20 05 16 56.972      36.7
136
 2013 04 20 01 32 15.174     2013 04 20 01 34 50.704     155.5
 2013 04 20 09 49 21.356     2013 04 20 09 52 46.263     204.9
137
 2013 04 20 06 05  1.767     2013 04 20 06 05 46.387      44.6
138
 2013 04 20 03 01 12.774     2013 04 20 03 03 48.898     156.1
 2013 04 20 13 03 56.568     2013 04 20 13 04 31.857      35.3
139
 2013 04 20 06 11 37.715     2013 04 20 06 14 55.494     197.8
 2013 04 20 16 11 51.064     2013 04 20 16 14 31.825     160.8
140
141
 2013 04 20 08 34 58.280     2013 04 20 08 38 25.167     206.9
142
 2013 04 20 12 13 47.039     2013 04 20 12 16 28.149     161.1
143
 2013 04 20 16 36  9.782     2013 04 20 16 38 59.271     169.5
 2013 04 20 21 30 49.499     2013 04 20 21 34 39.275     229.8
 2013 04 20 23 08 58.035     2013 04 20 23 12 27.099     209.1
144
 2013 04 20 17 24 36.776     2013 04 20 17 27 13.139     156.4
 2013 04 20 22 19 29.149     2013 04 20 22 22 19.867     170.7
145
146
 2013 04 20 03 55 19.593     2013 04 20 03 58 18.769     179.2
 2013 04 20 12 10 33.261     2013 04 20 12 13 12.045     158.8
147
148
 2013 04 20 09 09 12.909     2013 04 20 09 12 55.619     222.7
 2013 04 20 22 41 48.246     2013 04 20 22 41 58.906      10.7
149
 2013 04 20 00 23 20.338     2013 04 20 00 26 55.747     215.4
150
 2013 04 20 02 52 49.942     2013 04 20 02 56  5.785     195.8
151
 2013 04 20 06 16 36.201     2013 04 20 06 20  1.404     205.2
 2013 04 20 14 32  6.791     2013 04 20 14 34 44.462     157.7
152
 2013 04 20 07 42 49.417     2013 04 20 07 45 28.211     158.8
153
 2013 04 20 02 13 35.741     2013 04 20 02 16 28.191     172.5
 2013 04 20 12 17  5.446     2013 04 20 12 17 34.328      28.9
154
 2013 04 20 03 30 35.604     2013 04 20 03 33 17.400     161.8
 2013 04 20 18 53 50.219     2013 04 20 18 56 40.304     170.1
155
 2013 04 20 03 47 33.695     2013 04 20 03 51 13.049     219.4
156
 2013 04 20 05 03 57.558     2013 04 20 05 06 42.263     164.7
157
158
 2013 04 20 16 57 59.669     2013 04 20 17 01 26.991     207.3
159
 2013 04 20 00 23 45.458     2013 04 20 00 26 28.157     162.7
160
 2013 04 20 10 17 27.794     2013 04 20 10 20 16.213     168.4
 2013 04 20 16 50 55.004     2013 04 20 16 53 52.042     177.0
161
 2013 04 20 17 57 12.810     2013 04 20 17 59 58.687     165.9
162
 2013 04 20 00 17 35.328     2013 04 20 00 20 23.024     167.7
 2013 04 20 17 22 31.396     2013 04 20 17 25 47.566     196.2
 2013 04 20 19 00  8.185     2013 04 20 19 00 37.404      29.2
163
 2013 04 20 13 07 49.848     2013 04 20 13 11 18.783     208.9
164
165
166
167
 2013 04 20 06 16 17.642     2013 04 20 06 18 52.246     154.6
 2013 04 20 14 33  4.387     2013 04 20 14 36  6.652     182.3
168
 2013 04 20 16 58  4.922     2013 04 20 17 00 46.118     161.2
169
170
171
 2013 04 20 14 40 15.616     2013 04 20 14 42 56.379     160.8
172
 2013 04 20 06 22 32.100     2013 04 20 06 25  8.346     156.2
 2013 04 20 11 17 25.403     2013 04 20 11 20 20.536     175.1
173
 2013 04 20 08 30 35.163     2013 04 20 08 33 40.815     185.7
174
 2013 04 20 21 37  5.794     2013 04 20 21 39 45.373     159.6
175
 2013 04 20 01 13 42.649     2013 04 20 01 16 21.280     158.6
 2013 04 20 14 51 41.986     2013 04 20 14 54 51.878     189.9
176
 2013 04 20 11 45 53.542     2013 04 20 11 47 24.150      90.6
 2013 04 20 20 05 13.086     2013 04 20 20 08 53.630     220.5
177
 2013 04 20 01 20 50.113     2013 04 20 01 22 30.656     100.5
 2013 04 20 13 11 30.992     2013 04 20 13 14 26.896     175.9
178
 2013 04 20 10 48 44.770     2013 04 20 10 49  8.718      23.9
179
 2013 04 20 14 09 15.066     2013 04 20 14 11 49.835     154.8
 2013 04 20 22 25 56.766     2013 04 20 22 28 52.600     175.8
180
181
 2013 04 20 10 10 17.949     2013 04 20 10 12 53.168     155.2
182
 2013 04 20 02 48 45.558     2013 04 20 02 51 30.698     165.1
 2013 04 20 16 26  5.466     2013 04 20 16 28 50.885     165.4
183
 2013 04 20 17 44  7.676     2013 04 20 17 47  4.714     177.0
184
 2013 04 20 04 15 47.990     2013 04 20 04 18 31.689     163.7
 2013 04 20 21 19  4.345     2013 04 20 21 22 16.897     192.6
185
 2013 04 20 06 00 46.048     2013 04 20 06 01 41.429      55.4
186
187
 2013 04 20 02 16 56.473     2013 04 20 02 19 48.458     172.0
 2013 04 20 12 14 43.814     2013 04 20 12 18 19.290     215.5
188
 2013 04 20 07 33  9.183     2013 04 20 07 36 56.171     227.0
 2013 04 20 21 08 35.584     2013 04 20 21 11 12.962     157.4
189
 2013 04 20 03 59 29.170     2013 04 20 04 02 10.579     161.4
 2013 04 20 10 32 43.632     2013 04 20 10 35 55.660     192.0
190
 2013 04 20 03 49 28.749     2013 04 20 03 52 22.353     173.6
 2013 04 20 13 50 25.404     2013 04 20 13 53 20.430     175.0
191
 2013 04 20 13 01 53.298     2013 04 20 13 05  6.662     193.4
192
 2013 04 20 03 36 15.220     2013 04 20 03 38 51.802     156.6
 2013 04 20 17 13 37.897     2013 04 20 17 16 14.200     156.3
193
 2013 04 20 01 34  1.952     2013 04 20 01 34 53.827      51.9
194
 2013 04 20 16 36 15.795     2013 04 20 16 38 59.480     163.7
 2013 04 20 21 30 57.286     2013 04 20 21 34 48.706     231.4
 2013 04 20 23 09  5.142     2013 04 20 23 12 37.199     212.1
195
 2013 04 20 02 10 18.682     2013 04 20 02 12 56.099     157.4
 2013 04 20 13 56 12.464     2013 04 20 13 59 52.172     219.7
196
 2013 04 20 09 15 57.074     2013 04 20 09 18 30.082     153.0
 2013 04 20 21 01 52.274     2013 04 20 21 03  3.411      71.1
197
 2013 04 20 12 26 46.888     2013 04 20 12 30 22.040     215.2
198
 2013 04 20 07 52   .234     2013 04 20 07 54 51.491     171.3
 2013 04 20 16 08  1.733     2013 04 20 16 10 55.995     174.3
199
 2013 04 20 23 21 51.797     2013 04 20 23 24 26.939     155.1
200
 2013 04 20 01 58 30.814     2013 04 20 02 01 14.904     164.1
201
 2013 04 20 03 28 12.221     2013 04 20 03 31  1.230     169.0
 2013 04 20 20 32  3.830     2013 04 20 20 34 56.976     173.1
202
 2013 04 20 04 43 28.977     2013 04 20 04 46  8.585     159.6
 2013 04 20 12 57 44.003     2013 04 20 13 01  4.257     200.3
203
 2013 04 20 01 05 13.769     2013 04 20 01 08 43.602     209.8
 2013 04 20 18 08 43.093     2013 04 20 18 11 20.103     157.0
204
 2013 04 20 01 07 41.963     2013 04 20 01 10 42.388     180.4
205
206
 2013 04 20 19 38 51.927     2013 04 20 19 41 43.403     171.5
207
 2013 04 20 04 34 48.361     2013 04 20 04 37 41.447     173.1
208
 2013 04 20 22 35  1.582     2013 04 20 22 37 45.515     163.9
209
210
 2013 04 20 14 13 55.191     2013 04 20 14 16 32.792     157.6
 2013 04 20 20 47 39.715     2013 04 20 20 50 29.719     170.0
211
 2013 04 20 01 17 23.468     2013 04 20 01 20 24.564     181.1
212
213
 2013 04 20 08 31  9.219     2013 04 20 08 33 43.476     154.3
214
 2013 04 20 12 28   .033     2013 04 20 12 30 37.194     157.2
215
 2013 04 20 13 53  6.662     2013 04 20 13 56 52.253     225.6
216
 2013 04 20 00 25 39.611     2013 04 20 00 28 34.648     175.0
 2013 04 20 14 05 27.092     2013 04 20 14 08 48.931     201.8
217
 2013 04 20 02 53 25.867     2013 04 20 02 56 14.301     168.4
218
219
 2013 04 20 16 21 27.198     2013 04 20 16 24  5.734     158.5
220
 2013 04 20 13 56  2.741     2013 04 20 13 57  1.671      58.9
221
 2013 04 20 05 54 40.886     2013 04 20 05 58  2.958     202.1
222
 2013 04 20 02 07 20.288     2013 04 20 02 10 13.555     173.3
 2013 04 20 13 57 13.144     2013 04 20 13 57 41.312      28.2
223
224
 2013 04 20 01 38  2.015     2013 04 20 01 40 45.027     163.0
 2013 04 20 06 36 44.547     2013 04 20 06 37 11.106      26.6
 2013 04 20 08 11 17.825     2013 04 20 08 14 57.625     219.8
225
 2013 04 20 07 01 56.734     2013 04 20 07 04 36.235     159.5
226
 2013 04 20 01 50 50.492     2013 04 20 01 54 27.594     217.1
 2013 04 20 20 33   .661     2013 04 20 20 36 52.559     231.9
227
 2013 04 20 17 20 29.354     2013 04 20 17 23 34.924     185.6
228
 2013 04 20 00 00   .000     2013 04 20 00 01 23.841      83.8
 2013 04 20 08 14 55.928     2013 04 20 08 17 31.314     155.4
 2013 04 20 23 37 17.269     2013 04 20 23 39 52.279     155.0
229
 2013 04 20 08 30 18.513     2013 04 20 08 30 38.076      19.6
 2013 04 20 20 14 27.923     2013 04 20 20 17 13.667     165.7
230
 2013 04 20 06 50 14.591     2013 04 20 06 53 19.482     184.9
231
 2013 04 20 01 11 11.084     2013 04 20 01 13 58.762     167.7
232
 2013 04 20 02 18  5.890     2013 04 20 02 21 16.067     190.2
233
 2013 04 20 02 59 11.680     2013 04 20 02 59 46.518      34.8
 2013 04 20 14 43 28.401     2013 04 20 14 46  7.274     158.9
234
235
 2013 04 20 03 33 43.316     2013 04 20 03 36 21.218     157.9
236
 2013 04 20 00 47 36.263     2013 04 20 00 50 33.463     177.2
237
 2013 04 20 03 29 33.920     2013 04 20 03 32 13.493     159.6
238
 2013 04 20 10 49 37.003     2013 04 20 10 52 41.672     184.7
 2013 04 20 22 37 36.331     2013 04 20 22 41 17.692     221.4
239
 2013 04 20 10 16  8.683     2013 04 20 10 18 56.631     167.9
 2013 04 20 16 51 31.823     2013 04 20 16 54 42.461     190.6
240
 2013 04 20 14 59 53.808     2013 04 20 15 02 33.328     159.5
 2013 04 20 21 34 59.950     2013 04 20 21 38 10.725     190.8
241
 2013 04 20 01 05 22.446     2013 04 20 01 08 12.543     170.1
 2013 04 20 18 10  8.627     2013 04 20 18 12 54.738     166.1
242
 2013 04 20 08 34 13.348     2013 04 20 08 37 27.822     194.5
 2013 04 20 18 33 29.524     2013 04 20 18 36  9.171     159.6
243
 2013 04 20 10 01 11.002     2013 04 20 10 03 52.991     162.0
 2013 04 20 21 51 11.442     2013 04 20 21 53 44.686     153.2
244
 2013 04 20 01 23 10.093     2013 04 20 01 26  8.660     178.6
245
 2013 04 20 04 15 52.396     2013 04 20 04 16 24.568      32.2
 2013 04 20 21 19 44.705     2013 04 20 21 20  5.960      21.3
246
247
 2013 04 20 00 24 53.550     2013 04 20 00 27 49.282     175.7
248
 2013 04 20 04 30 15.065     2013 04 20 04 32 56.664     161.6
 2013 04 20 16 20  9.266     2013 04 20 16 22 42.630     153.4
249
 2013 04 20 00 36 14.183     2013 04 20 00 36 51.663      37.5
250
 2013 04 20 18 55 23.742     2013 04 20 18 58 28.122     184.4
251
 2013 04 20 12 32 30.870     2013 04 20 12 34 31.979     121.1
252
 2013 04 20 06 05 33.511     2013 04 20 06 05 58.750      25.2
253
 2013 04 20 03 55 45.873     2013 04 20 03 58 45.169     179.3
 2013 04 20 12 11 30.798     2013 04 20 12 14 44.841     194.0
254
 2013 04 20 04 36  8.339     2013 04 20 04 39  3.750     175.4
 2013 04 20 14 37 31.474     2013 04 20 14 41 11.293     219.8
255
 2013 04 20 03 57   .656     2013 04 20 03 57 17.967      17.3
 2013 04 20 10 34  2.293     2013 04 20 10 37 36.121     213.8
256
257
 2013 04 20 17 15 44.689     2013 04 20 17 18 56.315     191.6
258
 2013 04 20 02 39 19.920     2013 04 20 02 40 29.878      70.0
 2013 04 20 19 42 58.182     2013 04 20 19 45 39.126     160.9
259
 2013 04 20 03 24 55.264     2013 04 20 03 27 49.634     174.4
 2013 04 20 22 08 17.353     2013 04 20 22 10 57.540     160.2
260
 2013 04 20 20 19  1.338     2013 04 20 20 21 50.078     168.7
261
 2013 04 20 02 54 36.539     2013 04 20 02 57 25.930     169.4
 2013 04 20 14 44 33.009     2013 04 20 14 44 38.774       5.8
262
 2013 04 20 03 27 52.462     2013 04 20 03 30 58.484     186.0
 2013 04 20 20 32 24.043     2013 04 20 20 35  6.694     162.7
263
 2013 04 20 14 41 55.753     2013 04 20 14 44 29.240     153.5
264
 2013 04 20 14 53 59.697     2013 04 20 14 57   .726     181.0
265
 2013 04 20 00 43 37.514     2013 04 20 00 46 16.624     159.1
266
 2013 04 20 13 25 14.446     2013 04 20 13 27 58.624     164.2
 2013 04 20 19 59 52.395     2013 04 20 20 03  1.239     188.8
267
 2013 04 20 02 18 56.585     2013 04 20 02 22 45.954     229.4
 2013 04 20 10 37 56.903     2013 04 20 10 41  2.880     186.0
268
 2013 04 20 22 42 20.060     2013 04 20 22 44 55.423     155.4
269
 2013 04 20 11 51 17.903     2013 04 20 11 52  3.245      45.3
 2013 04 20 18 27 25.881     2013 04 20 18 30  6.844     161.0
270
 2013 04 20 06 49 11.066     2013 04 20 06 51 44.648     153.6
271
 2013 04 20 01 13 48.970     2013 04 20 01 16 25.527     156.6
 2013 04 20 14 52 16.280     2013 04 20 14 55  8.005     171.7
272
273
 2013 04 20 14 36 25.594     2013 04 20 14 39 43.429     197.8
274
 2013 04 20 03 31 43.130     2013 04 20 03 34 41.615     178.5
 2013 04 20 18 52 36.134     2013 04 20 18 55 23.901     167.8
275
276
 2013 04 20 02 23 40.622     2013 04 20 02 26 51.197     190.6
 2013 04 20 08 59 20.831     2013 04 20 09 02  2.265     161.4
277
 2013 04 20 14 13 57.368     2013 04 20 14 17  5.724     188.4
 2013 04 20 15 51 34.170     2013 04 20 15 52 51.180      77.0
 2013 04 20 19 08 34.572     2013 04 20 19 12 25.945     231.4
 2013 04 20 20 46 52.125     2013 04 20 20 50  7.025     194.9
278
 2013 04 20 03 32  5.783     2013 04 20 03 35 23.259     197.5
 2013 04 20 18 53 33.892     2013 04 20 18 55  5.721      91.8
279
 2013 04 20 11 41 51.431     2013 04 20 11 44 36.038     164.6
 2013 04 20 21 44 28.512     2013 04 20 21 47 26.568     178.1
280
281
 2013 04 20 04 34 28.352     2013 04 20 04 35 16.608      48.3
 2013 04 20 14 42 29.650     2013 04 20 14 43 44.238      74.6
282
 2013 04 20 21 50 38.054     2013 04 20 21 51 48.888      70.8
283
 2013 04 20 05 34 43.462     2013 04 20 05 37 27.431     164.0
 2013 04 20 10 29 28.527     2013 04 20 10 32 42.485     194.0
284
 2013 04 20 03 24 24.000     2013 04 20 03 27 31.066     187.1
 2013 04 20 22 07 58.081     2013 04 20 22 10 34.389     156.3
285
 2013 04 20 00 00   .000     2013 04 20 00 01  1.199      61.2
 2013 04 20 08 13  9.483     2013 04 20 08 16 50.546     221.1
 2013 04 20 23 39 12.817     2013 04 20 23 39 35.898      23.1
286
 2013 04 20 02 51 22.852     2013 04 20 02 51 53.079      30.2
 2013 04 20 16 24 52.065     2013 04 20 16 28 24.368     212.3
287
 2013 04 20 20 53  1.524     2013 04 20 20 56  5.596     184.1
288
 2013 04 20 06 49 48.775     2013 04 20 06 50 28.600      39.8
 2013 04 20 18 43 30.166     2013 04 20 18 46 36.242     186.1
289
 2013 04 20 01 26 18.531     2013 04 20 01 27 31.463      72.9
 2013 04 20 11 30 47.544     2013 04 20 11 33 37.413     169.9
290
 2013 04 20 03 44 35.852     2013 04 20 03 47 15.592     159.7
 2013 04 20 15 31 24.167     2013 04 20 15 33 16.586     112.4
291
 2013 04 20 07 41 39.055     2013 04 20 07 44 41.549     182.5
 2013 04 20 19 26 18.275     2013 04 20 19 27 10.949      52.7
292
 2013 04 20 11 37 44.075     2013 04 20 11 40 59.391     195.3
 2013 04 20 23 22 54.910     2013 04 20 23 26 27.751     212.8
293
 2013 04 20 01 05  6.928     2013 04 20 01 07 44.226     157.3
 2013 04 20 18 09 27.967     2013 04 20 18 12 30.828     182.9
294
 2013 04 20 06 58 41.327     2013 04 20 06 59 37.165      55.8
 2013 04 20 17 01 10.701     2013 04 20 17 04 10.673     180.0
295
 2013 04 20 03 09 32.303     2013 04 20 03 13 14.247     221.9
 2013 04 20 09 43 58.956     2013 04 20 09 47 41.144     222.2
296
 2013 04 20 06 48 20.148     2013 04 20 06 51 45.044     204.9
297
 2013 04 20 17 02 53.716     2013 04 20 17 06  9.528     195.8
298
 2013 04 20 08 36 21.773     2013 04 20 08 37 14.630      52.9
 2013 04 20 18 33 13.623     2013 04 20 18 35 57.508     163.9
299
 2013 04 20 06 00   .868     2013 04 20 06 02 37.759     156.9
300
 2013 04 20 13 19 37.644     2013 04 20 13 22 16.718     159.1
301
 2013 04 20 17 05  1.548     2013 04 20 17 08  7.957     186.4
302
303
 2013 04 20 00 38 16.220     2013 04 20 00 41 17.350     181.1
304
 2013 04 20 04 00 41.658     2013 04 20 04 04 22.711     221.1
 2013 04 20 08 56 49.042     2013 04 20 08 59 45.634     176.6
305
 2013 04 20 02 45 28.069     2013 04 20 02 48 58.879     210.8
306
 2013 04 20 15 30   .433     2013 04 20 15 32 42.195     161.8
307
 2013 04 20 23 19 58.051     2013 04 20 23 21 43.373     105.3
308
309
 2013 04 20 01 56 28.113     2013 04 20 01 59 40.988     192.9
 2013 04 20 17 19 45.555     2013 04 20 17 22 23.993     158.4
310
 2013 04 20 09 16 19.740     2013 04 20 09 18 57.728     158.0
 2013 04 20 21 01 13.227     2013 04 20 21 01 17.231       4.0
311
 2013 04 20 04 30 41.508     2013 04 20 04 31 27.239      45.7
312
 2013 04 20 04 12 14.057     2013 04 20 04 15 28.616     194.6
 2013 04 20 22 55 17.500     2013 04 20 22 58 11.569     174.1
313
 2013 04 20 21 46 26.081     2013 04 20 21 49  6.200     160.1
314
 2013 04 20 08 41 12.346     2013 04 20 08 44 33.522     201.2
 2013 04 20 15 17 20.365     2013 04 20 15 20 43.022     202.7
315
 2013 04 20 05 51  3.439     2013 04 20 05 53 43.090     159.7
 2013 04 20 22 53  4.550     2013 04 20 22 53  8.593       4.0
316
 2013 04 20 02 13 10.277     2013 04 20 02 16 52.362     222.1
317
 2013 04 20 06 42  7.349     2013 04 20 06 45 28.059     200.7
318
 2013 04 20 03 32 25.020     2013 04 20 03 33 22.230      57.2
 2013 04 20 18 54 54.755     2013 04 20 18 55 38.557      43.8
319
 2013 04 20 06 42  4.613     2013 04 20 06 45 28.228     203.6
320
 2013 04 20 08 21 13.071     2013 04 20 08 22  8.969      55.9
321
322
 2013 04 20 04 42 13.888     2013 04 20 04 44 50.829     156.9
 2013 04 20 12 58 23.673     2013 04 20 13 01  2.451     158.8
323
 2013 04 20 01 11 16.695     2013 04 20 01 13 57.988     161.3
324
 2013 04 20 07 00 36.401     2013 04 20 07 04 16.691     220.3
325
 2013 04 20 14 59 35.655     2013 04 20 15 03  5.955     210.3
 2013 04 20 21 35 51.459     2013 04 20 21 39   .737     189.3
326
 2013 04 20 11 06 46.705     2013 04 20 11 09 50.163     183.5
 2013 04 20 16 02 14.024     2013 04 20 16 04 53.124     159.1
327
 2013 04 20 08 37 22.023     2013 04 20 08 41 10.469     228.4
 2013 04 20 16 56 16.197     2013 04 20 16 59 13.575     177.4
328
 2013 04 20 07 46 14.508     2013 04 20 07 47 46.300      91.8
 2013 04 20 17 48 13.577     2013 04 20 17 51 22.616     189.0
329
 2013 04 20 02 09 37.210     2013 04 20 02 12 30.061     172.9
 2013 04 20 13 57 19.073     2013 04 20 14 00 56.286     217.2
330
331
332
 2013 04 20 02 15 38.705     2013 04 20 02 18 15.499     156.8
 2013 04 20 12 16 31.477     2013 04 20 12 19  8.240     156.8
333
334
335
336
 2013 04 20 00 42 20.840     2013 04 20 00 46 10.105     229.3
337
 2013 04 20 05 21 33.762     2013 04 20 05 24 14.441     160.7
338
 2013 04 20 02 53 21.875     2013 04 20 02 55 55.824     153.9
339
 2013 04 20 17 20 28.815     2013 04 20 17 23 56.196     207.4
340
 2013 04 20 09 15 15.029     2013 04 20 09 18 24.329     189.3
 2013 04 20 21 01 47.411     2013 04 20 21 04 39.413     172.0
341
 2013 04 20 02 21 40.190     2013 04 20 02 24 20.799     160.6
 2013 04 20 10 36 19.338     2013 04 20 10 39 53.813     214.5
342
 2013 04 20 17 09 30.762     2013 04 20 17 10  9.948      39.2
343
 2013 04 20 20 18 21.987     2013 04 20 20 19 24.085      62.1
344
 2013 04 20 00 39 16.510     2013 04 20 00 41 53.320     156.8
 2013 04 20 10 45 33.796     2013 04 20 10 45 42.397       8.6
345
 2013 04 20 04 38 12.537     2013 04 20 04 41  3.314     170.8
 2013 04 20 14 37  9.880     2013 04 20 14 40  3.372     173.5
346
 2013 04 20 14 09 24.092     2013 04 20 14 13  6.414     222.3
 2013 04 20 22 27 10.172     2013 04 20 22 29 49.250     159.1
347
 2013 04 20 09 57 24.690     2013 04 20 10 00 22.920     178.2
348
 2013 04 20 07 42 27.564     2013 04 20 07 45 44.432     196.9
349
 2013 04 20 18 42 29.585     2013 04 20 18 42 56.780      27.2
350
 2013 04 20 05 07 11.484     2013 04 20 05 10 11.740     180.3
 2013 04 20 20 26 22.504     2013 04 20 20 27 16.915      54.4
351
 2013 04 20 09 24 27.709     2013 04 20 09 28 13.520     225.8
 2013 04 20 17 43 26.641     2013 04 20 17 46 38.800     192.2
352
 2013 04 20 03 36 57.594     2013 04 20 03 40 10.586     193.0
 2013 04 20 17 13 48.723     2013 04 20 17 17 20.603     211.9
353
 2013 04 20 22 28 24.036     2013 04 20 22 31 48.416     204.4
354
 2013 04 20 14 48 56.789     2013 04 20 14 52   .703     183.9
355
 2013 04 20 01 31 46.532     2013 04 20 01 32  4.849      18.3
 2013 04 20 11 27 29.592     2013 04 20 11 30  5.363     155.8
356
357
 2013 04 20 09 24 12.273     2013 04 20 09 24 17.843       5.6
 2013 04 20 17 43 43.562     2013 04 20 17 46 54.171     190.6
358
 2013 04 20 15 01 53.964     2013 04 20 15 04 46.931     173.0
 2013 04 20 19 57  9.434     2013 04 20 19 57 12.731       3.3
 2013 04 20 21 35 17.252     2013 04 20 21 39  5.222     228.0
359
360
 2013 04 20 07 46 36.792     2013 04 20 07 49 10.408     153.6
 2013 04 20 17 47 21.195     2013 04 20 17 49 55.320     154.1
361
362
363
 2013 04 20 12 33 16.390     2013 04 20 12 36 52.613     216.2
 2013 04 20 20 52 15.190     2013 04 20 20 53 16.577      61.4
364
 2013 04 20 07 32  4.999     2013 04 20 07 33  5.226      60.2
365
 2013 04 20 04 17 15.659     2013 04 20 04 19 53.013     157.4
 2013 04 20 19 40 34.432     2013 04 20 19 44 18.796     224.4
366
 2013 04 20 02 17 16.679     2013 04 20 02 20 51.805     215.1
367
368
 2013 04 20 11 26 33.952     2013 04 20 11 29 17.960     164.0
369
 2013 04 20 05 14 57.474     2013 04 20 05 15 53.925      56.5
370
 2013 04 20 07 56 33.727     2013 04 20 07 59 32.263     178.5
 2013 04 20 12 51 58.914     2013 04 20 12 55 43.412     224.5
 2013 04 20 14 29 39.114     2013 04 20 14 29 40.338       1.2
371
 2013 04 20 22 51 43.655     2013 04 20 22 54 35.152     171.5
372
 2013 04 20 09 26  9.553     2013 04 20 09 26 29.901      20.3
 2013 04 20 17 40 47.230     2013 04 20 17 43 30.299     163.1
373
 2013 04 20 06 45 16.464     2013 04 20 06 47 54.657     158.2
 2013 04 20 20 23 18.083     2013 04 20 20 25 52.483     154.4
374
 2013 04 20 16 35 52.301     2013 04 20 16 39 21.076     208.8
 2013 04 20 23 10 34.237     2013 04 20 23 13 50.193     196.0
375
 2013 04 20 14 13 22.197     2013 04 20 14 17 10.388     228.2
 2013 04 20 20 49  7.571     2013 04 20 20 51 50.846     163.3
376
 2013 04 20 05 31 27.522     2013 04 20 05 34 20.938     173.4
377
 2013 04 20 03 05 31.272     2013 04 20 03 08 11.833     160.6
378
 2013 04 20 09 14 37.472     2013 04 20 09 14 56.056      18.6
379
 2013 04 20 16 29 35.725     2013 04 20 16 32 14.785     159.1
380
381
 2013 04 20 04 35 29.087     2013 04 20 04 39  9.489     220.4
 2013 04 20 14 39 46.909     2013 04 20 14 42 43.889     177.0
382
 2013 04 20 03 47 15.801     2013 04 20 03 50 25.812     190.0
383
 2013 04 20 13 26  7.950     2013 04 20 13 29 11.786     183.8
 2013 04 20 19 59 52.236     2013 04 20 20 02 34.791     162.6
384
 2013 04 20 02 10 44.274     2013 04 20 02 14 16.195     211.9
 2013 04 20 13 54 44.085     2013 04 20 13 55  1.504      17.4
385
386
 2013 04 20 00 32 51.599     2013 04 20 00 35 25.102     153.5
 2013 04 20 12 23 25.495     2013 04 20 12 26 50.273     204.8
387
 2013 04 20 07 48  4.955     2013 04 20 07 50 53.921     169.0
388
 2013 04 20 02 51 15.497     2013 04 20 02 54 21.896     186.4
389
 2013 04 20 00 30 46.640     2013 04 20 00 33 51.589     184.9
390
 2013 04 20 00 03 49.915     2013 04 20 00 06 49.011     179.1
 2013 04 20 04 59 17.036     2013 04 20 05 02 50.655     213.6
 2013 04 20 23 42 20.271     2013 04 20 23 45 15.511     175.2
391
 2013 04 20 16 16  2.182     2013 04 20 16 17 43.846     101.7
392
 2013 04 20 06 07 54.773     2013 04 20 06 07 58.338       3.6
393
 2013 04 20 21 52 51.243     2013 04 20 21 52 54.831       3.6
394
 2013 04 20 06 04 51.553     2013 04 20 06 07 29.539     158.0
 2013 04 20 17 54 37.828     2013 04 20 17 57 11.323     153.5
395
 2013 04 20 03 24 23.869     2013 04 20 03 27 39.219     195.4
 2013 04 20 22 07 54.032     2013 04 20 22 10 30.617     156.6
396
 2013 04 20 07 42 47.061     2013 04 20 07 46 18.682     211.6
397
 2013 04 20 19 31 25.955     2013 04 20 19 34   .799     154.8
398
399
 2013 04 20 06 16 59.870     2013 04 20 06 19 41.659     161.8
 2013 04 20 14 32 47.584     2013 04 20 14 35 22.975     155.4
