0 -50.6603 163.2516 5 27 9
2  45.0 45.0 0.00
1 41.7690 107.7377 9 18 7
2  45.0 45.0 0.00
2 50.7504 -45.9779 5 26 6
2  45.0 45.0 0.00
3 50.7203 -23.3264 5 21 7
2  45.0 45.0 0.00
4 38.0998 115.5472 10 16 7
2  45.0 45.0 0.00
5 -31.3558 -163.9772 9 16 9
2  45.0 45.0 0.00
6 -21.6692 17.0830 5 19 8
2  45.0 45.0 0.00
7 14.8874 129.1514 10 24 6
2  45.0 45.0 0.00
8 12.1504 -30.9392 3 18 8
2  45.0 45.0 0.00
9 -3.8072 100.2163 5 27 6
2  45.0 45.0 0.00
10 -24.6743 69.2735 1 25 8
2  45.0 45.0 0.00
11 -31.6826 129.4290 7 19 5
2  45.0 45.0 0.00
12 37.0512 70.3082 7 20 9
2  45.0 45.0 0.00
13 -7.2796 -155.2437 2 16 7
2  45.0 45.0 0.00
14 -40.3077 103.1968 8 16 5
2  45.0 45.0 0.00
15 -5.7904 20.4281 4 21 9
2  45.0 45.0 0.00
16 -7.8639 -112.8181 5 27 8
2  45.0 45.0 0.00
17 10.9336 132.9766 2 24 5
2  45.0 45.0 0.00
18 29.7777 10.0241 8 24 8
2  45.0 45.0 0.00
19 44.4485 -170.6721 5 19 7
2  45.0 45.0 0.00
20 -11.0965 65.9935 1 21 7
2  45.0 45.0 0.00
21 -2.0601 38.8912 10 22 6
2  45.0 45.0 0.00
22 15.3025 -19.1885 2 20 8
2  45.0 45.0 0.00
23 17.2698 119.7185 2 24 9
2  45.0 45.0 0.00
24 6.5662 -32.8127 6 15 8
2  45.0 45.0 0.00
25 9.7408 -115.9060 1 20 8
2  45.0 45.0 0.00
26 -8.5369 -76.0837 5 28 9
2  45.0 45.0 0.00
27 25.7047 91.5439 1 21 9
2  45.0 45.0 0.00
28 52.4823 -58.8013 8 20 9
2  45.0 45.0 0.00
29 -17.5723 -113.8836 2 29 7
2  45.0 45.0 0.00
30 -43.8020 -30.5972 8 21 9
2  45.0 45.0 0.00
31 51.5650 48.9022 5 26 7
2  45.0 45.0 0.00
32 -20.9322 -95.6466 4 26 9
2  45.0 45.0 0.00
33 -15.2951 11.4454 8 21 8
2  45.0 45.0 0.00
34 43.3152 -27.8374 5 26 5
2  45.0 45.0 0.00
35 -29.1201 -172.1859 6 17 7
2  45.0 45.0 0.00
36 -9.7268 -110.7545 7 27 9
2  45.0 45.0 0.00
37 -52.5278 119.2021 4 29 7
2  45.0 45.0 0.00
38 -41.6943 179.2834 1 29 7
2  45.0 45.0 0.00
39 27.6449 15.1825 5 23 5
2  45.0 45.0 0.00
40 32.0577 96.1495 8 20 5
2  45.0 45.0 0.00
41 17.3946 57.9561 9 20 6
2  45.0 45.0 0.00
42 49.2642 -14.2752 3 17 8
2  45.0 45.0 0.00
43 -41.3212 -44.6179 10 27 7
2  45.0 45.0 0.00
44 2.6065 12.5099 8 29 7
2  45.0 45.0 0.00
45 43.5262 -15.0335 4 18 8
2  45.0 45.0 0.00
46 19.4095 -15.9072 9 15 9
2  45.0 45.0 0.00
47 14.9625 110.8451 9 26 5
2  45.0 45.0 0.00
48 -16.5926 -7.5210 8 24 5
2  45.0 45.0 0.00
49 15.5090 112.5456 1 17 8
2  45.0 45.0 0.00
50 -12.2176 87.0132 3 16 6
2  45.0 45.0 0.00
51 -24.6258 101.1448 3 27 8
2  45.0 45.0 0.00
52 -31.1789 -23.2598 10 24 7
2  45.0 45.0 0.00
53 0.9479 -35.7496 6 20 9
2  45.0 45.0 0.00
54 -20.9589 28.9985 3 24 8
2  45.0 45.0 0.00
55 -48.1790 133.4260 5 27 7
2  45.0 45.0 0.00
56 -42.6122 -84.2233 7 24 7
2  45.0 45.0 0.00
57 46.7889 -55.2816 5 25 7
2  45.0 45.0 0.00
58 38.1810 176.2133 7 16 6
2  45.0 45.0 0.00
59 43.2561 118.8504 5 17 7
2  45.0 45.0 0.00
60 -26.9647 -18.4698 6 19 6
2  45.0 45.0 0.00
61 32.2440 -144.1156 10 20 9
2  45.0 45.0 0.00
62 -10.9123 163.2253 2 19 5
2  45.0 45.0 0.00
63 46.6202 114.4731 9 18 5
2  45.0 45.0 0.00
64 -35.7747 73.8720 7 26 6
2  45.0 45.0 0.00
65 -19.8439 0.6206 5 21 6
2  45.0 45.0 0.00
66 -30.1738 77.5032 6 18 9
2  45.0 45.0 0.00
67 15.8262 171.1149 5 19 7
2  45.0 45.0 0.00
68 36.2230 177.4616 7 26 7
2  45.0 45.0 0.00
69 43.1202 59.9824 3 15 7
2  45.0 45.0 0.00
70 -43.4499 33.0835 6 16 9
2  45.0 45.0 0.00
71 4.2841 65.2893 4 29 9
2  45.0 45.0 0.00
72 -20.9387 68.8146 7 16 7
2  45.0 45.0 0.00
73 19.2673 70.4326 10 20 7
2  45.0 45.0 0.00
74 49.2364 10.6890 2 27 7
2  45.0 45.0 0.00
75 -35.0273 167.6303 9 20 5
2  45.0 45.0 0.00
76 15.4946 -21.6616 6 15 8
2  45.0 45.0 0.00
77 13.0849 46.5573 5 20 7
2  45.0 45.0 0.00
78 49.6021 173.8677 10 20 8
2  45.0 45.0 0.00
79 -37.0391 144.2026 4 19 7
2  45.0 45.0 0.00
80 -30.6183 -79.9954 6 22 6
2  45.0 45.0 0.00
81 6.4028 98.7641 6 24 5
2  45.0 45.0 0.00
82 7.9263 -60.7517 3 28 6
2  45.0 45.0 0.00
83 38.4394 68.1019 1 20 5
2  45.0 45.0 0.00
84 -47.4413 -50.2856 4 27 8
2  45.0 45.0 0.00
85 51.0420 -125.4067 3 16 5
2  45.0 45.0 0.00
86 -24.4869 65.4735 7 28 7
2  45.0 45.0 0.00
87 -13.9512 158.6637 4 26 5
2  45.0 45.0 0.00
88 37.0044 171.9117 9 18 6
2  45.0 45.0 0.00
89 14.4901 -150.1385 4 29 8
2  45.0 45.0 0.00
90 -4.0913 5.1547 5 18 5
2  45.0 45.0 0.00
91 37.1880 -27.3672 5 27 5
2  45.0 45.0 0.00
92 -9.6719 72.0841 7 23 7
2  45.0 45.0 0.00
93 41.6479 -23.6445 10 19 5
2  45.0 45.0 0.00
94 44.7217 149.7933 7 19 5
2  45.0 45.0 0.00
95 -45.0597 -128.9605 5 23 6
2  45.0 45.0 0.00
96 42.2494 -118.1624 6 20 8
2  45.0 45.0 0.00
97 26.9953 -20.2158 2 26 5
2  45.0 45.0 0.00
98 47.1069 -147.3421 5 26 7
2  45.0 45.0 0.00
99 -37.2203 -26.2225 5 26 6
2  45.0 45.0 0.00
100 -31.5479 90.3581 5 28 5
2  45.0 45.0 0.00
101 4.8029 -92.2513 6 15 8
2  45.0 45.0 0.00
102 22.1597 135.2596 4 23 7
2  45.0 45.0 0.00
103 -27.8796 -58.1418 8 28 6
2  45.0 45.0 0.00
104 -5.3996 53.9984 3 18 8
2  45.0 45.0 0.00
105 35.1058 -121.6041 8 26 8
2  45.0 45.0 0.00
106 15.6614 -41.4162 4 18 9
2  45.0 45.0 0.00
107 -37.3560 -75.9135 4 19 5
2  45.0 45.0 0.00
108 1.1582 -35.3095 7 17 8
2  45.0 45.0 0.00
109 -45.7195 18.3017 8 19 8
2  45.0 45.0 0.00
110 32.8992 2.9143 3 22 5
2  45.0 45.0 0.00
111 5.5525 5.4986 10 18 6
2  45.0 45.0 0.00
112 -12.3915 -7.2342 8 19 6
2  45.0 45.0 0.00
113 -18.6455 62.1144 8 25 5
2  45.0 45.0 0.00
114 47.4727 -170.4800 6 27 8
2  45.0 45.0 0.00
115 -48.0029 -4.7598 7 23 9
2  45.0 45.0 0.00
116 -23.2831 127.6282 7 29 7
2  45.0 45.0 0.00
117 -38.1967 142.6277 6 15 9
2  45.0 45.0 0.00
118 14.0250 -160.6959 9 29 6
2  45.0 45.0 0.00
119 -49.7117 -138.5275 3 28 9
2  45.0 45.0 0.00
120 -11.0087 135.0218 5 18 6
2  45.0 45.0 0.00
121 30.0961 61.9669 3 28 7
2  45.0 45.0 0.00
122 -46.0460 172.3907 10 19 8
2  45.0 45.0 0.00
123 3.0291 4.4758 5 26 8
2  45.0 45.0 0.00
124 -7.6414 39.1089 7 27 6
2  45.0 45.0 0.00
125 41.7887 -163.5112 10 22 6
2  45.0 45.0 0.00
126 45.7857 36.7351 7 23 7
2  45.0 45.0 0.00
127 -10.0395 44.0649 3 26 6
2  45.0 45.0 0.00
128 -3.4426 -170.2364 8 24 9
2  45.0 45.0 0.00
129 16.2655 80.7136 8 19 9
2  45.0 45.0 0.00
130 1.9704 -43.2752 8 17 6
2  45.0 45.0 0.00
131 30.4759 -156.0939 10 29 6
2  45.0 45.0 0.00
132 25.2411 -107.1925 4 22 8
2  45.0 45.0 0.00
133 -3.8624 -38.6681 1 27 7
2  45.0 45.0 0.00
134 43.0544 100.2791 1 21 9
2  45.0 45.0 0.00
135 -10.5163 176.0880 2 28 7
2  45.0 45.0 0.00
136 -34.9770 88.9103 3 23 8
2  45.0 45.0 0.00
137 5.5278 -13.1296 2 18 7
2  45.0 45.0 0.00
138 -17.0785 53.1382 5 21 9
2  45.0 45.0 0.00
139 -24.8803 4.4993 1 27 9
2  45.0 45.0 0.00
140 -25.3489 138.2139 3 28 9
2  45.0 45.0 0.00
141 25.4438 158.2703 9 17 5
2  45.0 45.0 0.00
142 31.6277 -116.9858 6 22 5
2  45.0 45.0 0.00
143 52.0619 58.2334 2 28 8
2  45.0 45.0 0.00
144 -52.9965 -127.1053 5 20 9
2  45.0 45.0 0.00
145 -25.5918 -54.7918 7 22 9
2  45.0 45.0 0.00
146 41.1589 -125.9355 9 29 6
2  45.0 45.0 0.00
147 -22.6733 135.5418 1 24 8
2  45.0 45.0 0.00
148 11.9260 -63.7532 5 15 9
2  45.0 45.0 0.00
149 -35.6327 -116.1021 7 21 8
2  45.0 45.0 0.00
150 10.9732 41.6302 1 18 7
2  45.0 45.0 0.00
151 -40.9235 15.7522 3 28 6
2  45.0 45.0 0.00
152 -11.4231 -24.1445 6 17 6
2  45.0 45.0 0.00
153 15.7087 -114.0961 7 18 5
2  45.0 45.0 0.00
154 -40.8476 -173.0540 10 16 6
2  45.0 45.0 0.00
155 18.7753 -144.0399 9 21 6
2  45.0 45.0 0.00
156 -44.4062 159.5367 6 26 9
2  45.0 45.0 0.00
157 -24.0989 160.7432 3 23 9
2  45.0 45.0 0.00
158 25.6886 168.6437 10 21 6
2  45.0 45.0 0.00
159 -33.9648 -118.8110 1 25 6
2  45.0 45.0 0.00
160 50.9623 152.2760 1 20 9
2  45.0 45.0 0.00
161 8.9280 2.1744 10 29 7
2  45.0 45.0 0.00
162 -51.5117 -138.4404 7 24 8
2  45.0 45.0 0.00
163 -5.3978 60.4373 5 17 5
2  45.0 45.0 0.00
164 21.3788 44.9070 5 19 5
2  45.0 45.0 0.00
165 -37.5038 29.6438 2 28 6
2  45.0 45.0 0.00
166 0.7585 -45.0903 7 18 6
2  45.0 45.0 0.00
167 -36.2430 17.4477 6 28 5
2  45.0 45.0 0.00
168 28.2609 170.2417 7 29 6
2  45.0 45.0 0.00
169 13.4516 -52.1088 9 26 8
2  45.0 45.0 0.00
170 1.2398 174.8359 6 25 8
2  45.0 45.0 0.00
171 -15.2603 34.2167 4 19 8
2  45.0 45.0 0.00
172 -52.8005 40.2340 8 26 9
2  45.0 45.0 0.00
173 14.7649 143.6526 2 20 5
2  45.0 45.0 0.00
174 42.4649 85.9692 4 16 6
2  45.0 45.0 0.00
175 24.2521 52.8587 7 15 6
2  45.0 45.0 0.00
176 30.8393 116.0092 6 17 8
2  45.0 45.0 0.00
177 2.2791 71.3926 2 21 9
2  45.0 45.0 0.00
178 6.6820 -85.8611 2 18 6
2  45.0 45.0 0.00
179 -36.5858 -102.1180 7 16 6
2  45.0 45.0 0.00
180 24.1539 -173.6899 3 24 6
2  45.0 45.0 0.00
181 28.9267 131.5987 7 19 5
2  45.0 45.0 0.00
182 22.1757 29.4290 6 16 5
2  45.0 45.0 0.00
183 -33.9587 -20.9021 10 16 8
2  45.0 45.0 0.00
184 46.7437 -11.7978 6 20 9
2  45.0 45.0 0.00
185 14.7462 -6.3514 8 27 8
2  45.0 45.0 0.00
186 1.3201 27.2423 6 27 9
2  45.0 45.0 0.00
187 28.9814 -111.1964 9 26 9
2  45.0 45.0 0.00
188 16.5306 -42.6207 4 19 6
2  45.0 45.0 0.00
189 51.0168 -110.1374 5 16 6
2  45.0 45.0 0.00
190 22.5687 -139.3455 6 19 8
2  45.0 45.0 0.00
191 -25.3724 49.5333 4 25 8
2  45.0 45.0 0.00
192 -22.2032 -161.4827 1 24 8
2  45.0 45.0 0.00
193 -38.8456 100.1983 1 16 6
2  45.0 45.0 0.00
194 51.7824 58.9653 2 16 6
2  45.0 45.0 0.00
195 6.2931 -122.6398 10 15 7
2  45.0 45.0 0.00
196 -5.8245 -49.6421 8 22 5
2  45.0 45.0 0.00
197 -10.6504 -90.2482 8 17 8
2  45.0 45.0 0.00
198 -38.6034 -1.0389 6 17 9
2  45.0 45.0 0.00
199 11.0783 85.5180 1 25 6
2  45.0 45.0 0.00
200 -31.4860 -144.9840 4 26 5
2  45.0 45.0 0.00
201 -47.7933 179.7695 6 29 8
2  45.0 45.0 0.00
202 -42.2617 45.5591 8 18 9
2  45.0 45.0 0.00
203 45.4136 27.3690 6 22 9
2  45.0 45.0 0.00
204 40.7275 36.5502 7 21 8
2  45.0 45.0 0.00
205 -0.9117 2.7289 1 17 6
2  45.0 45.0 0.00
206 34.1129 -10.9757 4 25 5
2  45.0 45.0 0.00
207 -16.1347 25.0112 6 19 8
2  45.0 45.0 0.00
208 -10.5825 -79.6774 8 22 9
2  45.0 45.0 0.00
209 0.9819 -87.2701 5 19 6
2  45.0 45.0 0.00
210 -49.9804 -86.8749 2 27 8
2  45.0 45.0 0.00
211 10.7520 58.7484 5 15 5
2  45.0 45.0 0.00
212 4.4032 126.5190 1 25 6
2  45.0 45.0 0.00
213 13.9700 146.8695 10 17 6
2  45.0 45.0 0.00
214 -14.9508 -91.6419 3 27 5
2  45.0 45.0 0.00
215 11.1881 -135.3481 3 22 6
2  45.0 45.0 0.00
216 -28.2155 -113.4535 6 26 5
2  45.0 45.0 0.00
217 6.6927 37.7412 3 16 8
2  45.0 45.0 0.00
218 19.5672 20.3523 10 18 8
2  45.0 45.0 0.00
219 5.1647 23.4833 3 16 9
2  45.0 45.0 0.00
220 10.7370 -135.5707 9 16 5
2  45.0 45.0 0.00
221 30.0031 -26.6179 9 26 6
2  45.0 45.0 0.00
222 -2.3955 -128.4177 9 25 7
2  45.0 45.0 0.00
223 -15.1910 -147.5865 8 24 5
2  45.0 45.0 0.00
224 -50.1427 109.7753 4 22 6
2  45.0 45.0 0.00
225 32.0566 -179.4168 6 18 9
2  45.0 45.0 0.00
226 -48.7265 -171.7052 8 22 7
2  45.0 45.0 0.00
227 -41.2975 -140.3579 10 24 6
2  45.0 45.0 0.00
228 -38.4698 115.7405 6 26 8
2  45.0 45.0 0.00
229 4.3790 135.5949 6 25 9
2  45.0 45.0 0.00
230 -4.3793 157.9971 9 15 8
2  45.0 45.0 0.00
231 31.4143 46.6990 8 27 8
2  45.0 45.0 0.00
232 29.8313 -103.6259 1 28 8
2  45.0 45.0 0.00
233 -4.8379 39.8951 9 17 7
2  45.0 45.0 0.00
234 -26.8635 -5.8332 7 20 7
2  45.0 45.0 0.00
235 -31.2218 -165.3530 3 25 8
2  45.0 45.0 0.00
236 45.1314 -73.5224 1 20 5
2  45.0 45.0 0.00
237 -42.2478 -178.4743 3 28 8
2  45.0 45.0 0.00
238 -2.0477 -72.2441 2 29 6
2  45.0 45.0 0.00
239 45.0422 150.2062 8 17 9
2  45.0 45.0 0.00
240 45.6321 77.3977 1 16 5
2  45.0 45.0 0.00
241 50.3382 31.8513 6 21 6
2  45.0 45.0 0.00
242 27.1016 150.1754 6 15 8
2  45.0 45.0 0.00
243 -1.5204 116.3600 1 28 6
2  45.0 45.0 0.00
244 -5.2871 72.7938 8 21 7
2  45.0 45.0 0.00
245 47.4084 -5.0530 3 16 9
2  45.0 45.0 0.00
246 -22.4492 139.3952 4 26 8
2  45.0 45.0 0.00
247 -30.6579 -115.0601 1 18 7
2  45.0 45.0 0.00
248 1.3737 20.2886 3 22 5
2  45.0 45.0 0.00
249 6.7340 -91.5076 4 20 5
2  45.0 45.0 0.00
250 -42.2193 -163.2700 3 27 6
2  45.0 45.0 0.00
251 -28.8016 -77.8764 7 25 9
2  45.0 45.0 0.00
252 -1.1739 1.9044 7 24 5
2  45.0 45.0 0.00
253 39.0574 -119.9909 3 20 7
2  45.0 45.0 0.00
254 -20.6416 27.3431 9 21 5
2  45.0 45.0 0.00
255 41.7390 -111.2664 3 19 5
2  45.0 45.0 0.00
256 21.3523 -147.2059 7 28 7
2  45.0 45.0 0.00
257 -27.3753 -152.9424 2 22 5
2  45.0 45.0 0.00
258 45.2724 1.5592 9 19 8
2  45.0 45.0 0.00
259 -52.1870 161.8414 9 21 9
2  45.0 45.0 0.00
260 -10.9354 143.0258 6 28 6
2  45.0 45.0 0.00
261 2.7297 39.6694 10 26 5
2  45.0 45.0 0.00
262 -49.0398 -179.9011 8 24 6
2  45.0 45.0 0.00
263 -10.8300 38.2916 10 15 9
2  45.0 45.0 0.00
264 31.0905 57.8675 1 18 8
2  45.0 45.0 0.00
265 31.8993 -83.6276 10 24 6
2  45.0 45.0 0.00
266 47.0857 99.1429 2 21 7
2  45.0 45.0 0.00
267 32.2392 -99.2744 3 23 8
2  45.0 45.0 0.00
268 13.9443 -68.3682 7 21 6
2  45.0 45.0 0.00
269 45.2432 133.9671 9 15 9
2  45.0 45.0 0.00
270 -10.4618 158.2785 5 22 9
2  45.0 45.0 0.00
271 25.0259 54.5740 8 17 6
2  45.0 45.0 0.00
272 -25.6466 164.3914 2 22 9
2  45.0 45.0 0.00
273 -25.2319 25.4075 8 16 5
2  45.0 45.0 0.00
274 -34.5992 -172.9731 2 20 6
2  45.0 45.0 0.00
275 -1.7789 -109.9165 5 27 9
2  45.0 45.0 0.00
276 45.4535 -86.6332 1 27 9
2  45.0 45.0 0.00
277 -52.5185 -87.9358 8 24 8
2  45.0 45.0 0.00
278 -36.8298 -166.0581 6 18 7
2  45.0 45.0 0.00
279 18.5402 103.1288 5 24 8
2  45.0 45.0 0.00
280 -15.2378 92.4435 6 29 8
2  45.0 45.0 0.00
281 -12.5308 31.5908 3 19 6
2  45.0 45.0 0.00
282 4.3902 108.1100 3 19 6
2  45.0 45.0 0.00
283 52.8620 -131.2193 3 25 5
2  45.0 45.0 0.00
284 -52.3397 159.1605 8 19 7
2  45.0 45.0 0.00
285 -38.7043 107.8792 10 27 9
2  45.0 45.0 0.00
286 20.8554 25.7511 8 18 6
2  45.0 45.0 0.00
287 -34.7660 -68.8937 7 17 7
2  45.0 45.0 0.00
288 -8.8202 164.8102 5 18 7
2  45.0 45.0 0.00
289 -15.6622 81.0931 10 28 6
2  45.0 45.0 0.00
290 4.1770 -145.2219 5 23 9
2  45.0 45.0 0.00
291 -9.1018 -27.1414 6 20 8
2  45.0 45.0 0.00
292 8.7048 92.1066 1 22 8
2  45.0 45.0 0.00
293 49.8079 28.5208 6 29 8
2  45.0 45.0 0.00
294 20.1474 -179.7871 1 16 8
2  45.0 45.0 0.00
295 -47.8672 69.8275 4 26 7
2  45.0 45.0 0.00
296 -9.5817 154.2740 7 22 6
2  45.0 45.0 0.00
297 10.6152 178.4337 3 20 8
2  45.0 45.0 0.00
298 26.2256 147.3645 3 21 7
2  45.0 45.0 0.00
299 17.0595 -12.4077 9 24 9
2  45.0 45.0 0.00
300 28.9400 85.1361 10 17 6
2  45.0 45.0 0.00
301 4.1143 -177.6969 8 29 7
2  45.0 45.0 0.00
302 23.3379 45.0410 5 27 5
2  45.0 45.0 0.00
303 16.2797 -95.4757 7 16 7
2  45.0 45.0 0.00
304 50.2691 -97.6713 10 18 7
2  45.0 45.0 0.00
305 29.7567 20.9817 3 23 9
2  45.0 45.0 0.00
306 8.7862 -151.1557 7 27 7
2  45.0 45.0 0.00
307 18.3504 87.8853 9 18 8
2  45.0 45.0 0.00
308 9.9371 -160.8624 7 27 6
2  45.0 45.0 0.00
309 -40.0364 -145.1755 6 20 9
2  45.0 45.0 0.00
310 -7.8282 -49.8471 2 17 5
2  45.0 45.0 0.00
311 4.6988 11.2700 1 26 9
2  45.0 45.0 0.00
312 50.9363 -30.0220 10 17 9
2  45.0 45.0 0.00
313 14.8448 109.6493 10 18 5
2  45.0 45.0 0.00
314 43.4023 175.4693 1 21 8
2  45.0 45.0 0.00
315 44.6341 -33.8997 4 28 9
2  45.0 45.0 0.00
316 19.5029 -119.8121 2 26 8
2  45.0 45.0 0.00
317 -29.5366 141.8330 3 26 7
2  45.0 45.0 0.00
318 -37.9680 179.4758 4 18 8
2  45.0 45.0 0.00
319 -34.2231 148.4324 7 29 6
2  45.0 45.0 0.00
320 -19.3221 135.3288 9 18 8
2  45.0 45.0 0.00
321 -6.4941 150.6599 3 21 8
2  45.0 45.0 0.00
322 -38.3197 42.1264 1 27 9
2  45.0 45.0 0.00
323 33.2143 49.5360 3 22 7
2  45.0 45.0 0.00
324 26.0829 -176.6066 7 24 9
2  45.0 45.0 0.00
325 43.5567 80.6351 9 25 5
2  45.0 45.0 0.00
326 -52.0710 -25.6596 2 22 5
2  45.0 45.0 0.00
327 32.6560 165.2192 9 29 6
2  45.0 45.0 0.00
328 -20.8976 -11.6115 9 16 7
2  45.0 45.0 0.00
329 2.6282 -120.9316 2 21 7
2  45.0 45.0 0.00
330 4.1913 -37.8231 9 20 8
2  45.0 45.0 0.00
331 -20.3212 -98.5551 2 20 9
2  45.0 45.0 0.00
332 22.7633 -111.6583 4 20 7
2  45.0 45.0 0.00
333 22.2357 -149.8234 1 27 9
2  45.0 45.0 0.00
334 37.5665 55.0319 5 17 8
2  45.0 45.0 0.00
335 -23.4982 136.7319 4 17 8
2  45.0 45.0 0.00
336 26.1643 -80.2575 4 19 5
2  45.0 45.0 0.00
337 12.0658 -165.0327 7 27 9
2  45.0 45.0 0.00
338 8.6751 39.4213 6 15 9
2  45.0 45.0 0.00
339 -41.0204 -138.9029 2 24 6
2  45.0 45.0 0.00
340 -6.2572 -52.8970 5 22 9
2  45.0 45.0 0.00
341 40.9874 -96.3655 1 24 6
2  45.0 45.0 0.00
342 -7.5812 -162.6723 9 25 7
2  45.0 45.0 0.00
343 -6.6053 148.6629 7 17 9
2  45.0 45.0 0.00
344 17.8286 -92.4207 5 28 7
2  45.0 45.0 0.00
345 -27.0409 31.5731 9 17 8
2  45.0 45.0 0.00
346 -35.5990 -96.1061 3 26 5
2  45.0 45.0 0.00
347 -11.2605 106.8900 10 19 5
2  45.0 45.0 0.00
348 -12.5599 -26.1562 8 23 5
2  45.0 45.0 0.00
349 3.5730 155.9977 2 22 6
2  45.0 45.0 0.00
350 -31.7934 165.3487 7 27 9
2  45.0 45.0 0.00
351 -32.0444 -27.3976 9 15 5
2  45.0 45.0 0.00
352 -21.3091 -156.0035 8 29 5
2  45.0 45.0 0.00
353 -32.2833 -89.7125 7 22 8
2  45.0 45.0 0.00
354 14.9215 47.9953 3 29 5
2  45.0 45.0 0.00
355 -27.4698 75.5199 1 28 6
2  45.0 45.0 0.00
356 -19.9736 -146.8073 4 26 5
2  45.0 45.0 0.00
357 -31.2850 -26.6570 1 28 6
2  45.0 45.0 0.00
358 49.8066 87.1608 8 17 7
2  45.0 45.0 0.00
359 -19.6255 -5.8581 5 22 6
2  45.0 45.0 0.00
360 -23.0116 -16.3309 10 27 5
2  45.0 45.0 0.00
361 7.0747 174.1171 1 25 9
2  45.0 45.0 0.00
362 -1.2808 4.7847 6 26 8
2  45.0 45.0 0.00
363 -31.0825 -76.6855 5 29 9
2  45.0 45.0 0.00
364 28.5657 -51.3871 5 16 9
2  45.0 45.0 0.00
365 42.2575 -7.8269 3 23 8
2  45.0 45.0 0.00
366 27.2551 -104.1307 8 23 6
2  45.0 45.0 0.00
367 37.8350 -87.3272 1 24 9
2  45.0 45.0 0.00
368 -29.5528 72.7454 6 16 9
2  45.0 45.0 0.00
369 -4.6022 179.8906 3 20 9
2  45.0 45.0 0.00
370 -50.0459 16.6005 3 23 9
2  45.0 45.0 0.00
371 45.1190 -48.2935 2 28 9
2  45.0 45.0 0.00
372 -43.6207 -31.4609 2 16 5
2  45.0 45.0 0.00
373 -23.6201 151.9655 9 20 8
2  45.0 45.0 0.00
374 47.6305 63.3968 7 29 7
2  45.0 45.0 0.00
375 -45.8537 -82.0636 3 18 8
2  45.0 45.0 0.00
376 42.2897 -140.8344 8 24 6
2  45.0 45.0 0.00
377 -30.6329 62.5212 8 26 6
2  45.0 45.0 0.00
378 -0.9453 -46.0342 2 25 9
2  45.0 45.0 0.00
379 32.7107 37.3966 5 15 5
2  45.0 45.0 0.00
380 3.6524 54.7738 10 24 6
2  45.0 45.0 0.00
381 -15.7127 32.6352 4 16 7
2  45.0 45.0 0.00
382 16.2822 -143.9130 1 17 5
2  45.0 45.0 0.00
383 50.8472 101.9168 3 25 6
2  45.0 45.0 0.00
384 10.9709 -123.7904 6 16 7
2  45.0 45.0 0.00
385 8.1850 175.2063 2 16 5
2  45.0 45.0 0.00
386 -3.8650 -102.7624 5 18 8
2  45.0 45.0 0.00
387 -26.8382 -11.2111 3 19 5
2  45.0 45.0 0.00
388 12.7579 33.3960 5 18 5
2  45.0 45.0 0.00
389 -11.5709 -103.3263 5 23 8
2  45.0 45.0 0.00
390 -50.2981 137.0293 5 26 7
2  45.0 45.0 0.00
391 -12.8982 18.5205 4 15 6
2  45.0 45.0 0.00
392 -14.3012 -2.8223 8 15 5
2  45.0 45.0 0.00
393 -6.4600 125.3521 7 20 9
2  45.0 45.0 0.00
394 1.1482 -3.9517 10 24 9
2  45.0 45.0 0.00
395 -51.8624 159.2138 10 29 5
2  45.0 45.0 0.00
396 -14.3911 -25.9243 8 22 8
2  45.0 45.0 0.00
397 8.7875 -24.4709 5 27 7
2  45.0 45.0 0.00
398 20.7085 -25.9063 9 16 6
2  45.0 45.0 0.00
399 -39.4111 18.2685 1 16 7
2  45.0 45.0 0.00
