s2
0
 2013 04 20 15 30 13.029     2013 04 20 15 33 48.315     215.3
 2013 04 20 20 26 10.341     2013 04 20 20 26 24.946      14.6
 2013 04 20 22 04  3.058     2013 04 20 22 04 16.170      13.1
1
 2013 04 20 20 34 19.182     2013 04 20 20 35 20.062      60.9
2
3
 2013 04 20 10 32 18.407     2013 04 20 10 32 30.945      12.5
4
 2013 04 20 12 12  3.132     2013 04 20 12 14 57.448     174.3
 2013 04 20 22 11 59.345     2013 04 20 22 15 26.851     207.5
5
 2013 04 20 12 08  3.661     2013 04 20 12 11 45.565     221.9
6
 2013 04 20 10 40  9.132     2013 04 20 10 42 44.347     155.2
7
 2013 04 20 12 06  9.770     2013 04 20 12 08 40.581     150.8
8
9
 2013 04 20 12 16   .214     2013 04 20 12 18 39.326     159.1
 2013 04 20 20 32 15.602     2013 04 20 20 35   .445     164.8
10
 2013 04 20 13 55 57.494     2013 04 20 13 58 40.682     163.2
 2013 04 20 18 51  3.821     2013 04 20 18 54 43.231     219.4
 2013 04 20 20 28 42.712     2013 04 20 20 29  3.385      20.7
11
12
 2013 04 20 22 14 37.836     2013 04 20 22 18 10.527     212.7
13
14
 2013 04 20 12 18 54.611     2013 04 20 12 19 40.388      45.8
 2013 04 20 20 31  4.996     2013 04 20 20 33 45.973     161.0
15
16
 2013 04 20 10 39 45.456     2013 04 20 10 42 29.257     163.8
17
 2013 04 20 00 12 32.075     2013 04 20 00 15 15.344     163.3
18
 2013 04 20 10 31 22.370     2013 04 20 10 34 15.702     173.3
 2013 04 20 22 17 14.897     2013 04 20 22 20 36.649     201.8
19
 2013 04 20 22 15 13.685     2013 04 20 22 17 50.682     157.0
20
 2013 04 20 12 20 25.053     2013 04 20 12 23 15.297     170.2
 2013 04 20 18 54 49.790     2013 04 20 18 57 42.105     172.3
21
 2013 04 20 10 37 54.749     2013 04 20 10 40 43.969     169.2
 2013 04 20 20 36 56.370     2013 04 20 20 38  7.250      70.9
22
 2013 04 20 13 49  4.490     2013 04 20 13 52 44.520     220.0
 2013 04 20 22 09 27.874     2013 04 20 22 09 34.429       6.6
23
 2013 04 20 10 35  6.506     2013 04 20 10 38 42.667     216.2
 2013 04 20 20 39 41.671     2013 04 20 20 40 17.966      36.3
24
 2013 04 20 10 31 34.051     2013 04 20 10 34 38.875     184.8
25
 2013 04 20 20 41 14.314     2013 04 20 20 44 54.039     219.7
26
 2013 04 20 13 48 26.801     2013 04 20 13 51  4.638     157.8
27
 2013 04 20 12 17  3.447     2013 04 20 12 19 39.476     156.0
 2013 04 20 20 32 12.357     2013 04 20 20 35 10.349     178.0
28
 2013 04 20 10 34 21.464     2013 04 20 10 37  3.304     161.8
29
30
 2013 04 20 20 35 11.599     2013 04 20 20 38 19.672     188.1
31
32
33
 2013 04 20 10 39 47.469     2013 04 20 10 42 22.495     155.0
34
 2013 04 20 12 16 47.483     2013 04 20 12 19 27.523     160.0
 2013 04 20 20 32  6.003     2013 04 20 20 34 50.064     164.1
35
 2013 04 20 00 09 30.040     2013 04 20 00 12  6.953     156.9
 2013 04 20 13 44 42.957     2013 04 20 13 47 56.505     193.5
36
37
 2013 04 20 15 29 19.580     2013 04 20 15 32 47.821     208.2
 2013 04 20 22 04 29.943     2013 04 20 22 07 23.153     173.2
38
 2013 04 20 20 35 13.447     2013 04 20 20 37 50.153     156.7
39
 2013 04 20 10 31  8.646     2013 04 20 10 33 58.158     169.5
 2013 04 20 22 17 33.454     2013 04 20 22 20 40.806     187.4
40
 2013 04 20 08 56 31.591     2013 04 20 08 57  6.027      34.4
 2013 04 20 20 42  7.125     2013 04 20 20 45 13.888     186.8
41
 2013 04 20 13 54  9.727     2013 04 20 13 56 48.329     158.6
 2013 04 20 20 28 41.908     2013 04 20 20 31 24.472     162.6
42
 2013 04 20 20 40 10.811     2013 04 20 20 42 51.411     160.6
43
44
 2013 04 20 00 06 57.063     2013 04 20 00 10 32.078     215.0
 2013 04 20 13 47  7.612     2013 04 20 13 49 48.377     160.8
 2013 04 20 23 45 30.707     2013 04 20 23 48 54.113     203.4
45
 2013 04 20 10 31 31.277     2013 04 20 10 34 38.367     187.1
46
 2013 04 20 12 16  5.066     2013 04 20 12 18 42.709     157.6
 2013 04 20 20 32 20.064     2013 04 20 20 35  1.984     161.9
47
 2013 04 20 12 09 42.902     2013 04 20 12 13 12.347     209.4
 2013 04 20 22 14 14.858     2013 04 20 22 14 56.152      41.3
48
 2013 04 20 10 38 55.357     2013 04 20 10 41 39.732     164.4
49
 2013 04 20 10 41 20.447     2013 04 20 10 44  1.167     160.7
 2013 04 20 18 57 37.003     2013 04 20 19 00 25.798     168.8
50
 2013 04 20 10 37 11.402     2013 04 20 10 39 52.194     160.8
 2013 04 20 20 37  2.845     2013 04 20 20 39 42.983     160.1
51
 2013 04 20 00 11 29.860     2013 04 20 00 15  4.940     215.1
52
 2013 04 20 00 11  2.522     2013 04 20 00 13 37.149     154.6
53
 2013 04 20 12 15 46.175     2013 04 20 12 19 27.682     221.5
 2013 04 20 20 33 42.842     2013 04 20 20 36 20.127     157.3
54
 2013 04 20 00 11 43.017     2013 04 20 00 14 58.970     196.0
55
 2013 04 20 13 49 27.959     2013 04 20 13 52 27.224     179.3
 2013 04 20 22 07 30.565     2013 04 20 22 11  6.760     216.2
56
57
 2013 04 20 12 18  1.105     2013 04 20 12 18  6.784       5.7
 2013 04 20 13 55 54.557     2013 04 20 13 56  9.122      14.6
 2013 04 20 18 52 27.000     2013 04 20 18 55 55.910     208.9
58
 2013 04 20 10 36   .990     2013 04 20 10 39 16.553     195.6
 2013 04 20 20 38 40.169     2013 04 20 20 41 15.011     154.8
59
 2013 04 20 13 47   .042     2013 04 20 13 50 21.625     201.6
60
 2013 04 20 10 31 36.849     2013 04 20 10 32 38.522      61.7
61
62
 2013 04 20 13 54  3.459     2013 04 20 13 57  2.541     179.1
 2013 04 20 20 28 15.642     2013 04 20 20 30 55.007     159.4
63
 2013 04 20 12 18  6.570     2013 04 20 12 20 44.270     157.7
64
 2013 04 20 12 05 47.570     2013 04 20 12 09 24.535     217.0
65
66
67
 2013 04 20 12 10 35.343     2013 04 20 12 13 12.407     157.1
 2013 04 20 22 12  2.727     2013 04 20 22 15  2.564     179.8
68
 2013 04 20 13 52 12.305     2013 04 20 13 52 47.046      34.7
69
 2013 04 20 12 19 52.183     2013 04 20 12 23 33.361     221.2
 2013 04 20 13 57 51.126     2013 04 20 14 01 24.121     213.0
 2013 04 20 17 14 31.110     2013 04 20 17 14 55.616      24.5
 2013 04 20 18 53  6.777     2013 04 20 18 56  4.696     177.9
70
 2013 04 20 12 17 52.363     2013 04 20 12 18 28.835      36.5
 2013 04 20 18 58 53.762     2013 04 20 18 59  3.085       9.3
71
 2013 04 20 10 41  5.426     2013 04 20 10 44 35.403     210.0
 2013 04 20 18 56 49.721     2013 04 20 18 59 37.745     168.0
72
 2013 04 20 10 31 37.799     2013 04 20 10 34 10.811     153.0
 2013 04 20 22 17 30.646     2013 04 20 22 18 18.606      48.0
73
 2013 04 20 10 44 31.405     2013 04 20 10 44 40.138       8.7
 2013 04 20 18 56 16.125     2013 04 20 18 59 25.061     188.9
74
 2013 04 20 12 12 18.544     2013 04 20 12 15   .928     162.4
 2013 04 20 22 11 40.119     2013 04 20 22 15 11.449     211.3
75
 2013 04 20 13 51  9.467     2013 04 20 13 52  8.417      58.9
76
 2013 04 20 13 48 55.816     2013 04 20 13 51 37.547     161.7
77
 2013 04 20 13 51 36.862     2013 04 20 13 55  8.301     211.4
 2013 04 20 22 07 21.739     2013 04 20 22 11 11.273     229.5
78
79
 2013 04 20 00 12 50.368     2013 04 20 00 16 30.963     220.6
 2013 04 20 12 06  1.157     2013 04 20 12 09 13.403     192.2
80
 2013 04 20 20 41 15.032     2013 04 20 20 44  8.569     173.5
81
82
 2013 04 20 10 42   .165     2013 04 20 10 44 36.325     156.2
 2013 04 20 18 57 49.322     2013 04 20 19 00 27.308     158.0
83
 2013 04 20 15 31  7.403     2013 04 20 15 34   .705     173.3
 2013 04 20 20 26 28.378     2013 04 20 20 29 26.583     178.2
84
85
 2013 04 20 20 39 52.043     2013 04 20 20 43 14.828     202.8
86
 2013 04 20 12 12 27.723     2013 04 20 12 15 31.426     183.7
 2013 04 20 22 11 32.064     2013 04 20 22 11 37.392       5.3
87
 2013 04 20 10 41  2.146     2013 04 20 10 44 24.043     201.9
 2013 04 20 18 56 53.986     2013 04 20 18 59 47.273     173.3
88
 2013 04 20 13 47 46.137     2013 04 20 13 50 51.813     185.7
89
 2013 04 20 12 12 32.315     2013 04 20 12 15 40.991     188.7
90
 2013 04 20 13 53 30.658     2013 04 20 13 56 48.356     197.7
 2013 04 20 20 27 50.823     2013 04 20 20 30 43.402     172.6
91
 2013 04 20 13 47 37.587     2013 04 20 13 50 28.595     171.0
 2013 04 20 23 44 43.965     2013 04 20 23 45 23.570      39.6
92
 2013 04 20 00 08 35.934     2013 04 20 00 11 27.983     172.0
 2013 04 20 13 45 59.110     2013 04 20 13 48 49.084     170.0
93
 2013 04 20 20 40  8.145     2013 04 20 20 43 53.075     224.9
94
 2013 04 20 00 13 26.505     2013 04 20 00 16  2.270     155.8
 2013 04 20 12 07 28.572     2013 04 20 12 08 35.423      66.9
95
96
 2013 04 20 12 17 49.029     2013 04 20 12 20 31.333     162.3
 2013 04 20 20 31 47.722     2013 04 20 20 32  1.752      14.0
97
 2013 04 20 00 11 58.001     2013 04 20 00 14 33.867     155.9
98
 2013 04 20 12 16 51.696     2013 04 20 12 20 26.804     215.1
 2013 04 20 20 32 58.167     2013 04 20 20 36 34.426     216.3
99
