s1
0
 2013 04 20 15 37 12.515     2013 04 20 15 41  2.861     230.3
 2013 04 20 20 33  6.435     2013 04 20 20 36 50.117     223.7
1
 2013 04 20 10 48 44.123     2013 04 20 10 49 46.513      62.4
2
3
4
 2013 04 20 12 19  9.499     2013 04 20 12 22 31.672     202.2
 2013 04 20 22 18 20.576     2013 04 20 22 18 50.904      30.3
5
 2013 04 20 22 23 58.991     2013 04 20 22 24 24.690      25.7
6
 2013 04 20 10 47 31.670     2013 04 20 10 50 13.736     162.1
 2013 04 20 19 04 32.562     2013 04 20 19 04 42.486       9.9
7
8
 2013 04 20 20 40 14.001     2013 04 20 20 40 44.346      30.3
9
 2013 04 20 12 23 21.212     2013 04 20 12 25 56.281     155.1
 2013 04 20 20 39  5.973     2013 04 20 20 41 39.350     153.4
10
 2013 04 20 14 03  6.838     2013 04 20 14 05 56.130     169.3
 2013 04 20 18 58  4.567     2013 04 20 19 01 27.818     203.3
11
12
 2013 04 20 22 20 57.319     2013 04 20 22 21  1.428       4.1
13
 2013 04 20 20 46 43.338     2013 04 20 20 46 45.691       2.4
14
 2013 04 20 12 23 11.169     2013 04 20 12 26 43.284     212.1
 2013 04 20 20 37 53.487     2013 04 20 20 40 26.657     153.2
15
16
 2013 04 20 10 47 15.556     2013 04 20 10 49 50.256     154.7
17
 2013 04 20 00 20 46.619     2013 04 20 00 23 16.733     150.1
18
 2013 04 20 10 38 57.883     2013 04 20 10 41 32.887     155.0
 2013 04 20 22 23 34.666     2013 04 20 22 24 11.701      37.0
19
 2013 04 20 22 21 53.598     2013 04 20 22 24 25.247     151.6
20
 2013 04 20 12 27 38.969     2013 04 20 12 30 39.907     180.9
 2013 04 20 19 01 34.505     2013 04 20 19 04 37.676     183.2
21
 2013 04 20 10 45  8.725     2013 04 20 10 48 23.348     194.6
22
 2013 04 20 13 56 30.322     2013 04 20 13 59 42.099     191.8
 2013 04 20 22 12 13.932     2013 04 20 22 15 58.678     224.7
23
 2013 04 20 10 42 49.109     2013 04 20 10 45 51.451     182.3
 2013 04 20 20 43 17.575     2013 04 20 20 46 43.848     206.3
24
 2013 04 20 10 38 41.711     2013 04 20 10 42 24.758     223.0
25
 2013 04 20 09 04 50.998     2013 04 20 09 08 23.306     212.3
26
 2013 04 20 13 55 33.060     2013 04 20 13 58 24.972     171.9
27
 2013 04 20 12 24 20.948     2013 04 20 12 27   .174     159.2
 2013 04 20 20 38 47.374     2013 04 20 20 42  2.378     195.0
28
 2013 04 20 10 41 35.528     2013 04 20 10 44 42.598     187.1
 2013 04 20 20 48 47.489     2013 04 20 20 49  2.162      14.7
29
 2013 04 20 20 52  4.311     2013 04 20 20 52 14.575      10.3
30
 2013 04 20 20 42  8.716     2013 04 20 20 44 52.067     163.4
31
 2013 04 20 12 14 28.508     2013 04 20 12 18  4.427     215.9
32
33
 2013 04 20 10 47 10.468     2013 04 20 10 49 51.444     161.0
34
 2013 04 20 12 24  8.774     2013 04 20 12 26 43.866     155.1
 2013 04 20 20 38 44.427     2013 04 20 20 41 39.264     174.8
35
 2013 04 20 00 17 39.839     2013 04 20 00 20 13.611     153.8
 2013 04 20 13 51 39.135     2013 04 20 13 53 23.370     104.2
36
37
 2013 04 20 15 36 18.144     2013 04 20 15 40  3.308     225.2
 2013 04 20 22 11  1.394     2013 04 20 22 14  6.098     184.7
38
 2013 04 20 20 41 53.943     2013 04 20 20 44 37.529     163.6
39
 2013 04 20 10 38 42.822     2013 04 20 10 41 16.719     153.9
 2013 04 20 22 23 54.894     2013 04 20 22 27 33.023     218.1
40
 2013 04 20 09 04 23.862     2013 04 20 09 07 31.161     187.3
 2013 04 20 20 48 35.025     2013 04 20 20 52 12.694     217.7
41
 2013 04 20 14 01 23.144     2013 04 20 14 03 58.879     155.7
 2013 04 20 20 35 30.705     2013 04 20 20 38  5.256     154.6
42
 2013 04 20 20 46 59.730     2013 04 20 20 49 30.149     150.4
43
 2013 04 20 20 41 19.108     2013 04 20 20 45  1.029     221.9
44
 2013 04 20 13 54 23.840     2013 04 20 13 56 57.975     154.1
45
 2013 04 20 10 38 38.597     2013 04 20 10 40 53.691     135.1
46
 2013 04 20 12 23 25.094     2013 04 20 12 26   .756     155.7
 2013 04 20 20 39  9.204     2013 04 20 20 41 41.942     152.7
47
 2013 04 20 12 17 18.030     2013 04 20 12 20 15.740     177.7
 2013 04 20 22 17 50.371     2013 04 20 22 21 15.819     205.4
48
 2013 04 20 10 46 11.322     2013 04 20 10 49 16.769     185.4
49
 2013 04 20 10 48 48.777     2013 04 20 10 51 23.629     154.9
 2013 04 20 19 04 35.232     2013 04 20 19 07 10.005     154.8
50
 2013 04 20 10 44 40.763     2013 04 20 10 47 14.778     154.0
 2013 04 20 20 43 39.683     2013 04 20 20 46 33.610     173.9
51
 2013 04 20 00 19 59.216     2013 04 20 00 22 52.413     173.2
52
 2013 04 20 00 19  4.359     2013 04 20 00 21 51.203     166.8
53
 2013 04 20 12 22 51.754     2013 04 20 12 23   .478       8.7
 2013 04 20 20 40 23.845     2013 04 20 20 43  7.113     163.3
54
 2013 04 20 00 19 30.204     2013 04 20 00 20  3.437      33.2
55
 2013 04 20 13 56 29.488     2013 04 20 13 59 53.037     203.5
 2013 04 20 22 14 23.910     2013 04 20 22 17 31.129     187.2
56
 2013 04 20 22 24 39.424     2013 04 20 22 25 39.634      60.2
57
 2013 04 20 12 25 30.464     2013 04 20 12 29  5.777     215.3
 2013 04 20 18 59 28.377     2013 04 20 19 02 39.273     190.9
58
 2013 04 20 10 43  9.691     2013 04 20 10 44 32.086      82.4
 2013 04 20 20 45 21.071     2013 04 20 20 48  1.692     160.6
59
 2013 04 20 13 53 57.207     2013 04 20 13 55  4.207      67.0
60
61
62
 2013 04 20 14 01 21.377     2013 04 20 14 04  7.263     165.9
 2013 04 20 20 35  2.869     2013 04 20 20 37 37.090     154.2
63
 2013 04 20 12 25 22.244     2013 04 20 12 28  6.892     164.6
64
65
 2013 04 20 12 19 20.963     2013 04 20 12 20  8.758      47.8
66
 2013 04 20 22 19  4.278     2013 04 20 22 19  6.110       1.8
67
 2013 04 20 12 17 56.047     2013 04 20 12 20 31.109     155.1
 2013 04 20 22 18 51.994     2013 04 20 22 21 29.091     157.1
68
69
 2013 04 20 12 27 18.724     2013 04 20 12 30 40.627     201.9
 2013 04 20 14 04 59.811     2013 04 20 14 08 41.817     222.0
 2013 04 20 17 21 37.361     2013 04 20 17 25 27.705     230.3
 2013 04 20 18 59 52.062     2013 04 20 19 02 59.552     187.5
70
 2013 04 20 19 01 55.751     2013 04 20 19 05 41.609     225.9
71
 2013 04 20 10 48 42.688     2013 04 20 10 51 47.142     184.5
 2013 04 20 19 03 47.506     2013 04 20 19 06 22.473     155.0
72
 2013 04 20 10 38 58.015     2013 04 20 10 41 43.572     165.6
73
 2013 04 20 10 48  7.785     2013 04 20 10 51 48.216     220.4
 2013 04 20 19 03 18.100     2013 04 20 19 06  6.485     168.4
74
 2013 04 20 12 19 28.066     2013 04 20 12 22 31.542     183.5
 2013 04 20 22 18  1.186     2013 04 20 22 18 18.976      17.8
75
 2013 04 20 13 55 38.245     2013 04 20 13 59  4.070     205.8
76
 2013 04 20 13 56 12.062     2013 04 20 13 58 46.592     154.5
77
 2013 04 20 13 58 38.003     2013 04 20 13 59 41.961      64.0
78
79
 2013 04 20 12 13 34.913     2013 04 20 12 16 19.278     164.4
80
 2013 04 20 20 48  9.245     2013 04 20 20 50 41.890     152.6
81
 2013 04 20 12 18 10.842     2013 04 20 12 19 25.536      74.7
82
 2013 04 20 10 49 24.977     2013 04 20 10 52  2.641     157.7
 2013 04 20 19 04 36.983     2013 04 20 19 07 20.637     163.7
83
 2013 04 20 15 38  9.510     2013 04 20 15 41 10.856     181.3
 2013 04 20 20 33 19.678     2013 04 20 20 36  6.075     166.4
84
85
 2013 04 20 20 46 18.707     2013 04 20 20 46 55.973      37.3
86
 2013 04 20 12 19 32.955     2013 04 20 12 23  7.014     214.1
87
 2013 04 20 10 48 38.766     2013 04 20 10 51 36.686     177.9
 2013 04 20 19 03 53.237     2013 04 20 19 06 30.757     157.5
88
 2013 04 20 13 54 45.451     2013 04 20 13 58 20.292     214.8
89
 2013 04 20 12 19 37.014     2013 04 20 12 23 17.238     220.2
90
 2013 04 20 14 00 50.655     2013 04 20 14 03 50.472     179.8
 2013 04 20 20 34 41.939     2013 04 20 20 37 22.591     160.7
91
 2013 04 20 13 54 57.480     2013 04 20 13 57 33.990     156.5
92
 2013 04 20 00 16 29.236     2013 04 20 00 19 50.200     201.0
 2013 04 20 13 52 59.651     2013 04 20 13 56 16.061     196.4
93
94
 2013 04 20 00 21 25.380     2013 04 20 00 24 18.845     173.5
 2013 04 20 12 12 21.476     2013 04 20 12 15 35.401     193.9
95
96
 2013 04 20 12 25  2.503     2013 04 20 12 27 56.696     174.2
97
 2013 04 20 00 19 57.379     2013 04 20 00 22 50.180     172.8
98
 2013 04 20 12 23 58.776     2013 04 20 12 24 39.600      40.8
 2013 04 20 20 39 28.087     2013 04 20 20 39 49.399      21.3
99
