s4
0
 2013 04 20 15 15  6.049     2013 04 20 15 18  9.935     183.9
 2013 04 20 21 49 50.987     2013 04 20 21 53 14.306     203.3
1
 2013 04 20 20 20   .282     2013 04 20 20 22 58.183     177.9
2
 2013 04 20 10 16 21.749     2013 04 20 10 19 25.072     183.3
3
 2013 04 20 10 17  1.213     2013 04 20 10 19 53.844     172.6
4
 2013 04 20 11 56 26.912     2013 04 20 11 59  6.524     159.6
 2013 04 20 21 57 42.930     2013 04 20 22 00 21.588     158.7
5
 2013 04 20 11 52 48.629     2013 04 20 11 55 30.275     161.6
6
 2013 04 20 10 24  3.223     2013 04 20 10 27  6.590     183.4
7
 2013 04 20 11 50 56.020     2013 04 20 11 53 38.234     162.2
8
 2013 04 20 13 36 49.440     2013 04 20 13 38 38.911     109.5
9
 2013 04 20 11 59 59.219     2013 04 20 12 03 19.333     200.1
 2013 04 20 20 17  3.001     2013 04 20 20 20 28.456     205.5
10
 2013 04 20 13 40 29.251     2013 04 20 13 43  8.011     158.8
 2013 04 20 18 39 35.937     2013 04 20 18 39 54.954      19.0
 2013 04 20 20 14 19.098     2013 04 20 20 17 43.296     204.2
11
 2013 04 20 10 22 45.176     2013 04 20 10 26  4.898     199.7
12
 2013 04 20 22 00 23.292     2013 04 20 22 03  1.773     158.5
13
 2013 04 20 10 17 37.249     2013 04 20 10 20 53.213     196.0
14
 2013 04 20 20 15 58.101     2013 04 20 20 19  9.545     191.4
15
 2013 04 20 10 15 53.843     2013 04 20 10 18 17.935     144.1
16
 2013 04 20 10 23 26.387     2013 04 20 10 27  6.169     219.8
17
 2013 04 20 23 39 14.370     2013 04 20 23 39 50.748      36.4
18
 2013 04 20 22 02 55.769     2013 04 20 22 05 31.250     155.5
19
 2013 04 20 22 00  3.836     2013 04 20 22 03 34.770     210.9
20
 2013 04 20 12 04 49.665     2013 04 20 12 07 28.001     158.3
 2013 04 20 18 39 58.138     2013 04 20 18 42 35.453     157.3
21
 2013 04 20 10 22  4.827     2013 04 20 10 24 46.845     162.0
 2013 04 20 20 22 38.220     2013 04 20 20 25 29.360     171.1
22
23
24
 2013 04 20 10 15 51.920     2013 04 20 10 18 30.416     158.5
 2013 04 20 22 03 41.292     2013 04 20 22 07  7.790     206.5
25
 2013 04 20 20 26 52.024     2013 04 20 20 29 31.957     159.9
26
 2013 04 20 13 32 47.528     2013 04 20 13 35 39.717     172.2
27
 2013 04 20 12 01 11.017     2013 04 20 12 04 10.493     179.5
 2013 04 20 20 17 33.377     2013 04 20 20 20  9.875     156.5
28
 2013 04 20 10 18 22.192     2013 04 20 10 21 13.765     171.6
29
30
 2013 04 20 20 23 59.422     2013 04 20 20 24   .520       1.1
31
 2013 04 20 23 35 40.275     2013 04 20 23 38 55.418     195.1
32
 2013 04 20 13 32 29.365     2013 04 20 13 35 42.225     192.9
33
 2013 04 20 10 23 39.774     2013 04 20 10 26 46.389     186.6
34
 2013 04 20 12 00 47.798     2013 04 20 12 04  6.942     199.1
 2013 04 20 20 17 17.997     2013 04 20 20 19 57.454     159.5
35
 2013 04 20 13 29 27.062     2013 04 20 13 32  4.020     157.0
 2013 04 20 23 32 53.858     2013 04 20 23 36 32.545     218.7
36
37
 2013 04 20 15 14 13.304     2013 04 20 15 17  9.072     175.8
 2013 04 20 21 49 59.084     2013 04 20 21 52 36.295     157.2
38
 2013 04 20 20 20 13.013     2013 04 20 20 23  7.003     174.0
39
 2013 04 20 10 18 29.723     2013 04 20 10 18 45.984      16.3
 2013 04 20 22 03  7.218     2013 04 20 22 05 42.400     155.2
40
 2013 04 20 20 27 30.415     2013 04 20 20 30  5.681     155.3
41
 2013 04 20 13 38 28.819     2013 04 20 13 41 30.653     181.8
 2013 04 20 20 13 39.330     2013 04 20 20 16 44.875     185.5
42
 2013 04 20 10 18 49.740     2013 04 20 10 22 32.025     222.3
 2013 04 20 20 24 46.860     2013 04 20 20 28 28.799     221.9
43
 2013 04 20 11 57 47.944     2013 04 20 11 58 31.578      43.6
44
 2013 04 20 13 31  7.213     2013 04 20 13 34 45.559     218.3
 2013 04 20 23 31 22.861     2013 04 20 23 34  1.407     158.5
45
 2013 04 20 10 15 50.505     2013 04 20 10 18 28.510     158.0
 2013 04 20 22 03 44.122     2013 04 20 22 07  9.978     205.9
46
 2013 04 20 12 00  5.813     2013 04 20 12 03 20.738     194.9
 2013 04 20 20 17  9.394     2013 04 20 20 20 28.440     199.0
47
48
 2013 04 20 10 23  2.185     2013 04 20 10 25 46.839     164.7
 2013 04 20 20 21 36.849     2013 04 20 20 22 39.592      62.7
49
 2013 04 20 10 25  7.415     2013 04 20 10 28 33.009     205.6
 2013 04 20 18 42 11.784     2013 04 20 18 45 45.452     213.7
50
 2013 04 20 10 20 47.897     2013 04 20 10 24 30.863     223.0
 2013 04 20 20 22  7.027     2013 04 20 20 24 54.901     167.9
51
52
 2013 04 20 13 28 18.956     2013 04 20 13 28 58.969      40.0
 2013 04 20 23 34 37.303     2013 04 20 23 37 52.474     195.2
53
 2013 04 20 12 00 27.235     2013 04 20 12 03 18.588     171.4
 2013 04 20 20 18 44.770     2013 04 20 20 21 35.493     170.7
54
 2013 04 20 23 35 59.088     2013 04 20 23 38 34.341     155.3
55
 2013 04 20 13 34  6.104     2013 04 20 13 36 43.630     157.5
56
 2013 04 20 11 51 34.629     2013 04 20 11 52 14.306      39.7
57
 2013 04 20 13 40 38.673     2013 04 20 13 44 13.236     214.6
 2013 04 20 18 37  5.616     2013 04 20 18 37  8.154       2.5
 2013 04 20 20 15 11.132     2013 04 20 20 15 30.974      19.8
58
 2013 04 20 10 20 25.640     2013 04 20 10 23  2.671     157.0
 2013 04 20 20 23 32.064     2013 04 20 20 26 37.836     185.8
59
 2013 04 20 13 31 47.537     2013 04 20 13 34 26.363     158.8
 2013 04 20 23 32 15.460     2013 04 20 23 35 33.176     197.7
60
 2013 04 20 10 16 16.000     2013 04 20 10 19  1.490     165.5
61
 2013 04 20 23 34 32.312     2013 04 20 23 37 52.079     199.8
62
 2013 04 20 13 38 15.231     2013 04 20 13 41 54.962     219.7
 2013 04 20 20 13 16.890     2013 04 20 20 16 12.614     175.7
63
 2013 04 20 12 02 20.620     2013 04 20 12 05  8.558     167.9
 2013 04 20 20 17  6.636     2013 04 20 20 20 39.518     212.9
64
 2013 04 20 00 00   .000     2013 04 20 00 01 20.755      80.8
 2013 04 20 11 50 30.918     2013 04 20 11 53 10.592     159.7
 2013 04 20 23 38 43.338     2013 04 20 23 42 21.985     218.6
65
66
 2013 04 20 13 32 54.549     2013 04 20 13 36  3.838     189.3
67
 2013 04 20 11 54 23.327     2013 04 20 11 57 58.617     215.3
 2013 04 20 22 00 39.145     2013 04 20 22 00 55.037      15.9
68
 2013 04 20 13 37  4.104     2013 04 20 13 40 17.462     193.4
 2013 04 20 21 52 44.636     2013 04 20 21 52 49.004       4.4
69
 2013 04 20 13 42 29.524     2013 04 20 13 45 40.187     190.7
 2013 04 20 18 38 17.247     2013 04 20 18 40 57.681     160.4
70
 2013 04 20 12 02 33.681     2013 04 20 12 05 47.180     193.5
71
 2013 04 20 18 41 26.848     2013 04 20 18 44 55.556     208.7
72
 2013 04 20 10 15 20.143     2013 04 20 10 18 38.291     198.1
 2013 04 20 22 03 24.042     2013 04 20 22 06 12.445     168.4
73
 2013 04 20 18 40 47.407     2013 04 20 18 40 56.356       8.9
74
 2013 04 20 11 56 32.855     2013 04 20 11 59 20.386     167.5
 2013 04 20 21 57 25.011     2013 04 20 22 00  5.203     160.2
75
 2013 04 20 23 29  5.900     2013 04 20 23 30 22.719      76.8
76
 2013 04 20 13 32 59.167     2013 04 20 13 36 32.687     213.5
77
 2013 04 20 13 36 24.768     2013 04 20 13 39 13.826     169.1
 2013 04 20 21 53  9.704     2013 04 20 21 56  6.222     176.5
78
 2013 04 20 13 32  1.785     2013 04 20 13 35 47.316     225.5
79
 2013 04 20 23 37 17.940     2013 04 20 23 39 54.473     156.5
80
 2013 04 20 20 29 35.179     2013 04 20 20 29 53.788      18.6
81
82
 2013 04 20 10 25 54.445     2013 04 20 10 29   .245     185.8
 2013 04 20 18 42 43.338     2013 04 20 18 45 30.983     167.6
83
 2013 04 20 15 15 53.092     2013 04 20 15 18 33.326     160.2
 2013 04 20 20 11 24.971     2013 04 20 20 14 46.937     202.0
84
 2013 04 20 11 57 11.865     2013 04 20 11 59 46.504     154.6
85
 2013 04 20 20 25 23.544     2013 04 20 20 27 59.535     156.0
86
 2013 04 20 11 56 57.197     2013 04 20 11 59 34.539     157.3
 2013 04 20 21 57 27.904     2013 04 20 22 00 30.603     182.7
87
 2013 04 20 18 41 28.546     2013 04 20 18 45  7.035     218.5
88
 2013 04 20 13 32 27.036     2013 04 20 13 35  4.245     157.2
 2013 04 20 23 31 26.705     2013 04 20 23 32  7.496      40.8
89
 2013 04 20 11 57  4.269     2013 04 20 11 59 41.417     157.1
 2013 04 20 21 57 24.363     2013 04 20 22 00 36.618     192.3
90
 2013 04 20 13 41 10.038     2013 04 20 13 41 45.660      35.6
 2013 04 20 15 15 48.195     2013 04 20 15 16 40.620      52.4
 2013 04 20 20 12 45.541     2013 04 20 20 16  5.553     200.0
91
 2013 04 20 13 31 33.450     2013 04 20 13 31 44.807      11.4
 2013 04 20 23 30 46.780     2013 04 20 23 33 45.719     178.9
92
 2013 04 20 13 30 29.813     2013 04 20 13 33 11.591     161.8
 2013 04 20 23 32 37.006     2013 04 20 23 35 19.230     162.2
93
 2013 04 20 20 25 47.535     2013 04 20 20 28 29.967     162.4
94
 2013 04 20 23 37  4.479     2013 04 20 23 40 14.496     190.0
95
 2013 04 20 13 30  9.527     2013 04 20 13 30 49.026      39.5
 2013 04 20 23 33 59.941     2013 04 20 23 36 58.460     178.5
96
 2013 04 20 12 02  7.893     2013 04 20 12 04 49.699     161.8
 2013 04 20 20 17 28.847     2013 04 20 20 20 42.789     193.9
97
 2013 04 20 23 35 36.499     2013 04 20 23 38 45.585     189.1
98
 2013 04 20 12 01 30.419     2013 04 20 12 04 20.746     170.3
 2013 04 20 20 18 33.099     2013 04 20 20 21 21.336     168.2
99
 2013 04 20 13 32 19.790     2013 04 20 13 33 35.014      75.2
