s5
0
 2013 04 20 15 01 12.874     2013 04 20 15 03 55.664     162.8
 2013 04 20 21 35 26.115     2013 04 20 21 38 17.045     170.9
1
 2013 04 20 11 47   .208     2013 04 20 11 47 37.367      37.2
 2013 04 20 20 05 38.205     2013 04 20 20 08 13.740     155.5
2
 2013 04 20 10 03  2.976     2013 04 20 10 05 36.882     153.9
 2013 04 20 21 49 19.348     2013 04 20 21 52 56.463     217.1
3
 2013 04 20 10 03 35.556     2013 04 20 10 06 12.579     157.0
4
 2013 04 20 11 42 24.869     2013 04 20 11 45 43.073     198.2
 2013 04 20 21 42 52.913     2013 04 20 21 45 41.679     168.8
5
 2013 04 20 11 39  2.324     2013 04 20 11 41 49.441     167.1
6
 2013 04 20 10 12 58.805     2013 04 20 10 14  2.482      63.7
 2013 04 20 20 06  8.559     2013 04 20 20 06 10.340       1.8
7
 2013 04 20 11 37 10.172     2013 04 20 11 39 57.076     166.9
 2013 04 20 23 23 59.929     2013 04 20 23 26 57.544     177.6
8
 2013 04 20 13 23 18.257     2013 04 20 13 26 25.958     187.7
 2013 04 20 21 38 53.151     2013 04 20 21 42 24.310     211.2
9
10
 2013 04 20 13 26 32.619     2013 04 20 13 29 21.810     169.2
 2013 04 20 20 00  3.623     2013 04 20 20 02 57.586     174.0
11
 2013 04 20 10 09 31.814     2013 04 20 10 12 10.033     158.2
 2013 04 20 20 08 31.153     2013 04 20 20 12  6.485     215.3
12
 2013 04 20 11 40 58.066     2013 04 20 11 42 13.247      75.2
 2013 04 20 21 45 31.448     2013 04 20 21 48 22.725     171.3
13
 2013 04 20 10 04 24.306     2013 04 20 10 06 58.602     154.3
14
 2013 04 20 13 24 22.941     2013 04 20 13 28  8.326     225.4
 2013 04 20 20 00 59.379     2013 04 20 20 01 27.822      28.4
15
 2013 04 20 10 02 52.798     2013 04 20 10 05 39.000     166.2
 2013 04 20 21 49 42.079     2013 04 20 21 50 27.184      45.1
16
 2013 04 20 20 06 11.597     2013 04 20 20 09 43.042     211.4
17
18
 2013 04 20 21 47 56.229     2013 04 20 21 50 59.114     182.9
19
 2013 04 20 11 40   .225     2013 04 20 11 43 10.139     189.9
20
 2013 04 20 11 51  4.375     2013 04 20 11 53 49.951     165.6
 2013 04 20 18 25 31.433     2013 04 20 18 28 16.171     164.7
21
 2013 04 20 10 08 11.464     2013 04 20 10 11 35.463     204.0
 2013 04 20 20 08 11.125     2013 04 20 20 10 48.029     156.9
22
 2013 04 20 23 14  5.768     2013 04 20 23 14 52.372      46.6
23
24
 2013 04 20 10 01 58.286     2013 04 20 10 05 17.644     199.4
 2013 04 20 21 49 21.459     2013 04 20 21 51 56.216     154.8
25
 2013 04 20 20 12 12.235     2013 04 20 20 15  1.051     168.8
26
 2013 04 20 13 18 29.690     2013 04 20 13 22 13.322     223.6
 2013 04 20 23 16 17.479     2013 04 20 23 19 29.547     192.1
27
 2013 04 20 11 47  7.733     2013 04 20 11 50 52.122     224.4
 2013 04 20 20 02 52.074     2013 04 20 20 05 43.326     171.3
28
 2013 04 20 10 04 19.563     2013 04 20 10 04 23.804       4.2
29
 2013 04 20 10 02 48.877     2013 04 20 10 04  2.966      74.1
30
 2013 04 20 11 44 50.598     2013 04 20 11 47 10.306     139.7
31
 2013 04 20 23 21  5.658     2013 04 20 23 23 39.497     153.8
32
 2013 04 20 13 18 53.307     2013 04 20 13 21 29.515     156.2
 2013 04 20 23 17 22.697     2013 04 20 23 19 37.137     134.4
33
 2013 04 20 10 13  5.461     2013 04 20 10 13 43.578      38.1
 2013 04 20 20 06 31.252     2013 04 20 20 10 12.418     221.2
34
 2013 04 20 11 50 42.590     2013 04 20 11 50 53.315      10.7
 2013 04 20 20 02 29.402     2013 04 20 20 05 36.967     187.6
35
 2013 04 20 13 15 20.463     2013 04 20 13 18 23.681     183.2
36
 2013 04 20 10 07 46.803     2013 04 20 10 07 54.841       8.0
 2013 04 20 20 10 21.325     2013 04 20 20 13 29.576     188.3
37
 2013 04 20 15 00 18.593     2013 04 20 15 02 56.882     158.3
 2013 04 20 21 35 11.148     2013 04 20 21 37 57.197     166.0
38
 2013 04 20 11 45 48.650     2013 04 20 11 47 22.859      94.2
 2013 04 20 20 05  9.772     2013 04 20 20 08 58.360     228.6
39
 2013 04 20 21 48   .370     2013 04 20 21 51 17.322     197.0
40
 2013 04 20 20 12 34.056     2013 04 20 20 15 50.590     196.5
41
 2013 04 20 13 24 20.276     2013 04 20 13 27 58.740     218.5
 2013 04 20 19 58 47.980     2013 04 20 20 02 25.610     217.6
42
 2013 04 20 10 05 44.885     2013 04 20 10 08 28.356     163.5
43
 2013 04 20 11 44 34.025     2013 04 20 11 47 37.782     183.8
44
 2013 04 20 23 16 22.968     2013 04 20 23 19 11.354     168.4
45
 2013 04 20 10 01 57.875     2013 04 20 10 05 14.731     196.9
 2013 04 20 21 49 24.028     2013 04 20 21 51 58.645     154.6
46
 2013 04 20 11 49 48.950     2013 04 20 11 50  7.498      18.5
 2013 04 20 20 06  8.346     2013 04 20 20 06 19.010      10.7
47
48
 2013 04 20 10 09  8.385     2013 04 20 10 12 36.515     208.1
 2013 04 20 20 07 35.163     2013 04 20 20 10 30.894     175.7
49
50
 2013 04 20 20 07  3.179     2013 04 20 20 10 46.878     223.7
51
 2013 04 20 13 13 14.643     2013 04 20 13 16 27.903     193.3
52
 2013 04 20 13 14 59.501     2013 04 20 13 17 55.907     176.4
53
 2013 04 20 11 46 51.384     2013 04 20 11 49 27.736     156.4
 2013 04 20 20 03 45.910     2013 04 20 20 07 23.216     217.3
54
 2013 04 20 23 20 41.972     2013 04 20 23 23 59.167     197.2
55
 2013 04 20 13 20  2.099     2013 04 20 13 23  2.327     180.2
56
 2013 04 20 11 38 26.544     2013 04 20 11 41 21.816     175.3
57
 2013 04 20 13 26 59.137     2013 04 20 13 30  3.630     184.5
 2013 04 20 20 01  4.311     2013 04 20 20 04 27.746     203.4
58
 2013 04 20 10 06 40.985     2013 04 20 10 09 41.276     180.3
59
 2013 04 20 13 17 48.286     2013 04 20 13 20 38.860     170.6
 2013 04 20 23 17 42.162     2013 04 20 23 20 18.084     155.9
60
 2013 04 20 10 02 44.275     2013 04 20 10 05 26.566     162.3
 2013 04 20 21 49 23.623     2013 04 20 21 52 30.390     186.8
61
 2013 04 20 13 16 14.213     2013 04 20 13 16 50.956      36.7
 2013 04 20 23 19 59.862     2013 04 20 23 22 34.708     154.8
62
 2013 04 20 15 02 17.495     2013 04 20 15 06  3.211     225.7
 2013 04 20 19 58 28.955     2013 04 20 20 01 50.998     202.0
63
 2013 04 20 11 48 22.818     2013 04 20 11 51 44.346     201.5
 2013 04 20 20 02 55.885     2013 04 20 20 05 47.518     171.6
64
 2013 04 20 11 36 41.320     2013 04 20 11 39 33.286     172.0
 2013 04 20 23 24 17.771     2013 04 20 23 26 55.478     157.7
65
 2013 04 20 23 19 11.012     2013 04 20 23 19 31.259      20.2
66
 2013 04 20 13 19 17.003     2013 04 20 13 21 52.818     155.8
67
68
 2013 04 20 13 23 25.814     2013 04 20 13 26  7.503     161.7
 2013 04 20 21 38 32.744     2013 04 20 21 41 49.241     196.5
69
 2013 04 20 13 28 45.036     2013 04 20 13 31 37.288     172.3
 2013 04 20 18 23 56.173     2013 04 20 18 26 34.552     158.4
70
 2013 04 20 11 49  5.347     2013 04 20 11 51 47.704     162.4
 2013 04 20 20 03 47.151     2013 04 20 20 07 23.635     216.5
71
72
 2013 04 20 21 48 42.265     2013 04 20 21 51 22.840     160.6
73
 2013 04 20 11 49 17.208     2013 04 20 11 53  2.519     225.3
74
 2013 04 20 11 42 25.206     2013 04 20 11 46  3.156     218.0
 2013 04 20 21 42 37.328     2013 04 20 21 45 23.249     165.9
75
 2013 04 20 23 14 42.395     2013 04 20 23 17 40.445     178.1
76
 2013 04 20 23 15 21.349     2013 04 20 23 18 55.791     214.4
77
 2013 04 20 13 22 37.557     2013 04 20 13 25 14.424     156.9
 2013 04 20 21 38 36.905     2013 04 20 21 41 13.005     156.1
78
 2013 04 20 13 18 34.985     2013 04 20 13 21 23.994     169.0
 2013 04 20 23 17 49.954     2013 04 20 23 21 35.877     225.9
79
 2013 04 20 23 22 10.977     2013 04 20 23 25  9.434     178.5
80
 2013 04 20 10 04 24.920     2013 04 20 10 06 19.971     115.1
81
 2013 04 20 23 19 58.508     2013 04 20 23 23 16.974     198.5
82
 2013 04 20 10 11 59.335     2013 04 20 10 12 19.718      20.4
 2013 04 20 18 27 59.208     2013 04 20 18 31 25.207     206.0
83
 2013 04 20 15 01 51.287     2013 04 20 15 04 30.703     159.4
 2013 04 20 19 56 36.782     2013 04 20 20 00 23.924     227.1
 2013 04 20 21 34 36.301     2013 04 20 21 38 18.025     221.7
84
 2013 04 20 11 43 56.463     2013 04 20 11 46 49.864     173.4
 2013 04 20 21 43 20.973     2013 04 20 21 47  7.044     226.1
85
 2013 04 20 10 06 38.290     2013 04 20 10 10  5.862     207.6
 2013 04 20 20 10 37.393     2013 04 20 20 13 35.056     177.7
86
 2013 04 20 11 43   .291     2013 04 20 11 46  5.727     185.4
 2013 04 20 21 42 57.709     2013 04 20 21 45 32.396     154.7
87
88
 2013 04 20 13 18 22.267     2013 04 20 13 21 22.985     180.7
 2013 04 20 23 17  6.442     2013 04 20 23 20  3.432     177.0
89
 2013 04 20 11 43  9.742     2013 04 20 11 46 10.071     180.3
 2013 04 20 21 42 58.876     2013 04 20 21 45 34.068     155.2
90
 2013 04 20 15 01 59.124     2013 04 20 15 05 29.616     210.5
 2013 04 20 19 57 53.857     2013 04 20 20 01 45.759     231.9
91
 2013 04 20 23 16  4.564     2013 04 20 23 18 39.803     155.2
92
 2013 04 20 13 16 14.165     2013 04 20 13 19 41.271     207.1
 2013 04 20 23 17 13.853     2013 04 20 23 20 49.818     216.0
93
 2013 04 20 10 06 15.861     2013 04 20 10 06 17.008       1.1
 2013 04 20 20 11 11.267     2013 04 20 20 13 55.984     164.7
94
95
 2013 04 20 13 16 48.459     2013 04 20 13 19 47.606     179.1
 2013 04 20 23 19 16.582     2013 04 20 23 21 51.815     155.2
96
 2013 04 20 11 48 12.713     2013 04 20 11 51 22.019     189.3
 2013 04 20 20 03 13.164     2013 04 20 20 05 54.527     161.4
97
 2013 04 20 13 14  3.025     2013 04 20 13 14 21.252      18.2
98
 2013 04 20 11 47 54.126     2013 04 20 11 50 30.665     156.5
 2013 04 20 20 04  5.577     2013 04 20 20 06 42.538     157.0
99
 2013 04 20 13 18 55.157     2013 04 20 13 21 53.154     178.0
