s3
0
 2013 04 20 15 24 43.172     2013 04 20 15 28  5.962     202.8
 2013 04 20 20 25 10.615     2013 04 20 20 25 13.889       3.3
 2013 04 20 21 59 18.144     2013 04 20 22 01 32.721     134.6
1
 2013 04 20 20 29 26.258     2013 04 20 20 33  2.134     215.9
2
 2013 04 20 10 25 46.577     2013 04 20 10 27 25.498      98.9
3
 2013 04 20 10 26 29.060     2013 04 20 10 30  3.569     214.5
4
 2013 04 20 12 06 14.036     2013 04 20 12 08 54.114     160.1
 2013 04 20 22 07 14.707     2013 04 20 22 10 22.143     187.4
5
 2013 04 20 12 02 21.790     2013 04 20 12 05 33.995     192.2
6
 2013 04 20 10 34  1.572     2013 04 20 10 36 40.582     159.0
7
 2013 04 20 12 00 28.486     2013 04 20 12 03 42.998     194.5
8
9
 2013 04 20 12 09 59.847     2013 04 20 12 12 49.369     169.5
 2013 04 20 20 27  3.846     2013 04 20 20 30  1.149     177.3
10
 2013 04 20 13 50 14.213     2013 04 20 13 52 53.348     159.1
 2013 04 20 18 45 41.956     2013 04 20 18 49 32.742     230.8
 2013 04 20 20 23 47.387     2013 04 20 20 27 40.483     233.1
11
 2013 04 20 10 32 11.280     2013 04 20 10 32 47.555      36.3
12
 2013 04 20 22 09 54.141     2013 04 20 22 13  4.762     190.6
13
 2013 04 20 10 27   .186     2013 04 20 10 27 25.690      25.5
14
 2013 04 20 20 25 55.149     2013 04 20 20 28 45.079     169.9
15
16
 2013 04 20 10 33 31.974     2013 04 20 10 36 32.072     180.1
17
 2013 04 20 00 05   .137     2013 04 20 00 08 13.173     193.0
18
 2013 04 20 10 25  1.322     2013 04 20 10 28 23.721     202.4
 2013 04 20 22 12 30.283     2013 04 20 22 15 31.878     181.6
19
 2013 04 20 22 10 11.470     2013 04 20 22 13  2.721     171.3
20
 2013 04 20 12 14 33.075     2013 04 20 12 17 15.957     162.9
 2013 04 20 18 49 38.792     2013 04 20 18 52 23.895     165.1
21
 2013 04 20 10 31 54.352     2013 04 20 10 34 31.867     157.5
 2013 04 20 20 32  4.146     2013 04 20 20 35 35.326     211.2
22
 2013 04 20 13 46 44.805     2013 04 20 13 47 13.294      28.5
23
 2013 04 20 10 32 40.286     2013 04 20 10 32 54.554      14.3
24
 2013 04 20 10 25 37.655     2013 04 20 10 28 21.873     164.2
25
 2013 04 20 20 36 21.615     2013 04 20 20 39 37.038     195.4
26
 2013 04 20 13 42 42.301     2013 04 20 13 45 17.809     155.5
27
 2013 04 20 12 11  6.377     2013 04 20 12 13 45.958     159.6
 2013 04 20 20 27 12.908     2013 04 20 20 30   .487     167.6
28
 2013 04 20 10 28 18.610     2013 04 20 10 30 53.315     154.7
29
30
 2013 04 20 20 29 54.173     2013 04 20 20 33 25.371     211.2
31
 2013 04 20 00 03 59.446     2013 04 20 00 04 26.558      27.1
 2013 04 20 23 44 59.212     2013 04 20 23 45 27.773      28.6
32
 2013 04 20 13 41 56.364     2013 04 20 13 43 15.307      78.9
33
 2013 04 20 10 33 39.282     2013 04 20 10 36 19.341     160.1
34
 2013 04 20 12 10 47.355     2013 04 20 12 13 37.538     170.2
 2013 04 20 20 27  3.525     2013 04 20 20 29 42.812     159.3
35
 2013 04 20 00 02  2.730     2013 04 20 00 04 59.787     177.1
 2013 04 20 13 39  7.437     2013 04 20 13 41 59.332     171.9
 2013 04 20 23 43  2.138     2013 04 20 23 45 59.470     177.3
36
37
 2013 04 20 15 23 50.272     2013 04 20 15 27  5.079     194.8
 2013 04 20 21 59 39.204     2013 04 20 22 02 25.025     165.8
38
 2013 04 20 20 30  7.467     2013 04 20 20 32 45.735     158.3
39
 2013 04 20 10 24 48.288     2013 04 20 10 28  5.407     197.1
 2013 04 20 22 12 46.931     2013 04 20 22 15 37.956     171.0
40
 2013 04 20 20 37 10.578     2013 04 20 20 40   .688     170.1
41
 2013 04 20 13 48 22.286     2013 04 20 13 51  6.142     163.9
 2013 04 20 20 23 33.048     2013 04 20 20 26 22.790     169.7
42
 2013 04 20 20 34 56.635     2013 04 20 20 37 54.961     178.3
43
44
 2013 04 20 00 00   .000     2013 04 20 00 03  1.097     181.1
 2013 04 20 13 41 14.436     2013 04 20 13 44 10.769     176.3
 2013 04 20 23 40 55.250     2013 04 20 23 44   .528     185.3
45
 2013 04 20 10 25 35.317     2013 04 20 10 28 20.911     165.6
46
 2013 04 20 12 10  5.452     2013 04 20 12 12 51.897     166.4
 2013 04 20 20 27  9.112     2013 04 20 20 30  2.015     172.9
47
 2013 04 20 12 06 52.284     2013 04 20 12 07 33.383      41.1
48
 2013 04 20 10 32 53.417     2013 04 20 10 35 29.479     156.1
49
 2013 04 20 10 35  9.117     2013 04 20 10 38  2.055     172.9
 2013 04 20 18 52 14.029     2013 04 20 18 55 17.291     183.3
50
 2013 04 20 10 30 56.873     2013 04 20 10 33 55.264     178.4
 2013 04 20 20 31 59.116     2013 04 20 20 34 36.448     157.3
51
 2013 04 20 00 08  7.668     2013 04 20 00 08 10.648       3.0
 2013 04 20 23 49  8.421     2013 04 20 23 49 10.439       2.0
52
 2013 04 20 00 03 41.318     2013 04 20 00 06 24.379     163.1
 2013 04 20 23 44 40.775     2013 04 20 23 47 24.019     163.2
53
 2013 04 20 12 10   .863     2013 04 20 12 13 19.839     199.0
 2013 04 20 20 28 37.261     2013 04 20 20 31 15.432     158.2
54
 2013 04 20 00 04 39.427     2013 04 20 00 07 29.229     169.8
 2013 04 20 23 45 39.070     2013 04 20 23 48 28.692     169.6
55
 2013 04 20 13 43 49.156     2013 04 20 13 46 34.085     164.9
 2013 04 20 22 02 22.758     2013 04 20 22 02 30.012       7.3
56
57
 2013 04 20 13 50 14.854     2013 04 20 13 51 40.475      85.6
 2013 04 20 18 47  4.222     2013 04 20 18 50 46.470     222.2
58
 2013 04 20 10 30  5.889     2013 04 20 10 32 58.400     172.5
 2013 04 20 20 33 32.236     2013 04 20 20 36 12.462     160.2
59
 2013 04 20 00 00 35.636     2013 04 20 00 01  7.233      31.6
 2013 04 20 13 41 24.827     2013 04 20 13 44 24.173     179.3
 2013 04 20 23 41 35.391     2013 04 20 23 42  8.394      33.0
60
 2013 04 20 10 25 46.616     2013 04 20 10 29  8.375     201.8
61
 2013 04 20 00 02 51.083     2013 04 20 00 03  4.730      13.6
 2013 04 20 23 43 50.850     2013 04 20 23 44  5.746      14.9
62
 2013 04 20 13 48 12.862     2013 04 20 13 51 24.572     191.7
 2013 04 20 20 23  8.136     2013 04 20 20 25 52.290     164.2
63
 2013 04 20 12 12 11.680     2013 04 20 12 14 48.388     156.7
 2013 04 20 20 26 30.174     2013 04 20 20 26 48.196      18.0
64
 2013 04 20 12 00  5.530     2013 04 20 12 03 13.201     187.7
65
66
 2013 04 20 13 42 22.449     2013 04 20 13 46 12.231     229.8
67
 2013 04 20 12 04 32.052     2013 04 20 12 07 24.034     172.0
 2013 04 20 22 06 55.704     2013 04 20 22 10 18.508     202.8
68
 2013 04 20 13 46 36.232     2013 04 20 13 50 20.379     224.1
69
 2013 04 20 12 13 50.247     2013 04 20 12 14 19.839      29.6
 2013 04 20 13 52  9.209     2013 04 20 13 55 33.611     204.4
 2013 04 20 17 13   .061     2013 04 20 17 13 12.311      12.2
 2013 04 20 18 47 56.118     2013 04 20 18 50 46.651     170.5
70
 2013 04 20 12 12  6.200     2013 04 20 12 15 49.856     223.7
71
 2013 04 20 10 34 48.512     2013 04 20 10 35 10.479      22.0
 2013 04 20 18 51 27.459     2013 04 20 18 54 28.619     181.2
72
 2013 04 20 10 25 27.512     2013 04 20 10 28  8.001     160.5
 2013 04 20 22 12 49.247     2013 04 20 22 16 22.619     213.4
73
 2013 04 20 18 50 51.320     2013 04 20 18 54 17.860     206.5
74
 2013 04 20 12 06 26.022     2013 04 20 12 09  1.384     155.4
 2013 04 20 22 06 55.775     2013 04 20 22 10  6.512     190.7
75
76
 2013 04 20 13 43  3.641     2013 04 20 13 45 59.412     175.8
77
 2013 04 20 13 46   .045     2013 04 20 13 49 12.554     192.5
 2013 04 20 22 02 37.382     2013 04 20 22 06  7.277     209.9
78
79
 2013 04 20 00 05 50.776     2013 04 20 00 08 57.275     186.5
 2013 04 20 11 59 48.081     2013 04 20 12 03 33.782     225.7
80
 2013 04 20 20 35 57.427     2013 04 20 20 39 15.617     198.2
81
82
 2013 04 20 10 35 51.869     2013 04 20 10 38 33.871     162.0
 2013 04 20 18 52 34.091     2013 04 20 18 55 12.184     158.1
83
 2013 04 20 15 25 35.182     2013 04 20 15 28 22.060     166.9
 2013 04 20 20 21 18.679     2013 04 20 20 24 25.310     186.6
84
85
 2013 04 20 20 34 57.499     2013 04 20 20 37 59.609     182.1
86
 2013 04 20 12 06 40.317     2013 04 20 12 09 26.239     165.9
 2013 04 20 22 06 50.655     2013 04 20 22 10 39.363     228.7
87
 2013 04 20 10 34 45.546     2013 04 20 10 38 31.421     225.9
 2013 04 20 18 51 30.695     2013 04 20 18 54 38.977     188.3
88
 2013 04 20 13 42  8.777     2013 04 20 13 44 56.894     168.1
89
 2013 04 20 12 06 45.638     2013 04 20 12 09 34.978     169.3
 2013 04 20 22 06 45.338     2013 04 20 22 07 47.043      61.7
90
 2013 04 20 13 47 38.556     2013 04 20 13 51 12.366     213.8
 2013 04 20 20 22 40.699     2013 04 20 20 25 42.607     181.9
91
 2013 04 20 00 00   .000     2013 04 20 00 02 52.228     172.2
 2013 04 20 13 41 42.407     2013 04 20 13 44 53.429     191.0
 2013 04 20 23 40 11.240     2013 04 20 23 43 51.620     220.4
92
 2013 04 20 00 01 25.849     2013 04 20 00 04  4.624     158.8
 2013 04 20 13 40 19.065     2013 04 20 13 42 56.991     157.9
 2013 04 20 23 42 25.424     2013 04 20 23 45  4.150     158.7
93
 2013 04 20 20 35 15.758     2013 04 20 20 38 35.792     200.0
94
 2013 04 20 00 06  7.398     2013 04 20 00 08 47.850     160.5
95
 2013 04 20 00 02 22.894     2013 04 20 00 06  9.011     226.1
 2013 04 20 23 43 22.635     2013 04 20 23 47  8.381     225.7
96
 2013 04 20 12 11 56.057     2013 04 20 12 14 33.117     157.1
 2013 04 20 20 26 54.348     2013 04 20 20 30 45.019     230.7
97
 2013 04 20 00 04 38.863     2013 04 20 00 07 19.223     160.4
 2013 04 20 23 45 38.338     2013 04 20 23 48 18.849     160.5
98
 2013 04 20 12 11  5.306     2013 04 20 12 14 20.244     194.9
 2013 04 20 20 28  3.163     2013 04 20 20 31 20.671     197.5
99
