s5
0
 2013 04 20 10 06 40.933     2013 04 20 10 09 21.591     160.7
 2013 04 20 20 09 39.989     2013 04 20 20 10 37.537      57.5
1
 2013 04 20 13 20 50.063     2013 04 20 13 23 35.179     165.1
2
3
 2013 04 20 13 16 27.057     2013 04 20 13 17  6.513      39.5
 2013 04 20 23 19 52.253     2013 04 20 23 22 31.279     159.0
4
 2013 04 20 10 05 49.776     2013 04 20 10 05 59.027       9.3
 2013 04 20 20 11  8.077     2013 04 20 20 14 18.751     190.7
5
 2013 04 20 20 07 12.717     2013 04 20 20 10 59.042     226.3
6
7
 2013 04 20 13 20  8.868     2013 04 20 13 22 55.516     166.6
8
 2013 04 20 23 21 15.920     2013 04 20 23 24 27.899     192.0
9
 2013 04 20 21 40 13.564     2013 04 20 21 43  7.412     173.8
10
 2013 04 20 11 51 58.931     2013 04 20 11 54 50.946     172.0
 2013 04 20 18 26 31.159     2013 04 20 18 29 20.028     168.9
11
 2013 04 20 10 06 36.850     2013 04 20 10 09 50.399     193.5
12
 2013 04 20 13 24 42.913     2013 04 20 13 28 14.632     211.7
 2013 04 20 20 01  3.686     2013 04 20 20 04 37.824     214.1
13
 2013 04 20 11 48 47.717     2013 04 20 11 52 20.549     212.8
 2013 04 20 20 04 19.291     2013 04 20 20 05  5.806      46.5
14
 2013 04 20 11 39  3.850     2013 04 20 11 42 37.841     214.0
15
 2013 04 20 15 02 26.128     2013 04 20 15 05 16.049     169.9
 2013 04 20 19 57 43.262     2013 04 20 20 01  2.433     199.2
16
 2013 04 20 23 26 24.635     2013 04 20 23 26 39.919      15.3
17
18
 2013 04 20 13 24 18.508     2013 04 20 13 26 15.242     116.7
 2013 04 20 20 01  3.715     2013 04 20 20 01 22.183      18.5
19
 2013 04 20 13 20 58.563     2013 04 20 13 21 17.462      18.9
 2013 04 20 21 37  2.467     2013 04 20 21 40 41.905     219.4
20
 2013 04 20 13 22 29.535     2013 04 20 13 23 29.144      59.6
 2013 04 20 21 37 17.439     2013 04 20 21 39 58.342     160.9
21
 2013 04 20 11 42 30.103     2013 04 20 11 45 53.345     203.2
 2013 04 20 21 42 48.477     2013 04 20 21 45 32.969     164.5
22
 2013 04 20 11 37 17.581     2013 04 20 11 40 16.918     179.3
 2013 04 20 23 23 38.764     2013 04 20 23 26 41.991     183.2
23
 2013 04 20 10 10 49.824     2013 04 20 10 14  5.361     195.5
24
 2013 04 20 13 18  1.718     2013 04 20 13 20 40.655     158.9
 2013 04 20 23 18 17.901     2013 04 20 23 21 11.209     173.3
25
 2013 04 20 13 20 38.410     2013 04 20 13 23 24.165     165.8
26
 2013 04 20 11 50 52.313     2013 04 20 11 51 16.644      24.3
 2013 04 20 20 02 39.360     2013 04 20 20 05 23.103     163.7
27
 2013 04 20 11 49 25.336     2013 04 20 11 50 33.596      68.3
28
 2013 04 20 21 36 55.170     2013 04 20 21 39 33.010     157.8
29
 2013 04 20 20 07 32.701     2013 04 20 20 10 33.894     181.2
30
 2013 04 20 14 58 28.579     2013 04 20 15 01 46.913     198.3
31
 2013 04 20 21 39 54.043     2013 04 20 21 39 59.359       5.3
32
 2013 04 20 10 06  6.667     2013 04 20 10 09 37.830     211.2
 2013 04 20 20 10 35.942     2013 04 20 20 14  5.992     210.1
33
 2013 04 20 13 17 21.507     2013 04 20 13 20 41.078     199.6
 2013 04 20 23 17 23.024     2013 04 20 23 19 59.637     156.6
34
35
 2013 04 20 10 05  7.563     2013 04 20 10 07 51.962     164.4
36
 2013 04 20 11 50 16.990     2013 04 20 11 51 38.234      81.2
 2013 04 20 18 27   .981     2013 04 20 18 30  8.521     187.5
37
38
39
 2013 04 20 15 01 10.323     2013 04 20 15 04 20.284     190.0
 2013 04 20 21 35 53.106     2013 04 20 21 38 50.883     177.8
40
 2013 04 20 11 43  9.796     2013 04 20 11 46 58.030     228.2
 2013 04 20 21 44  8.250     2013 04 20 21 47 53.562     225.3
41
 2013 04 20 11 45 56.790     2013 04 20 11 48 50.115     173.3
42
 2013 04 20 11 50 25.460     2013 04 20 11 53  9.916     164.5
 2013 04 20 18 25  6.076     2013 04 20 18 28 34.489     208.4
43
 2013 04 20 13 15 50.396     2013 04 20 13 18 24.609     154.2
 2013 04 20 23 21 59.041     2013 04 20 23 22 24.870      25.8
44
 2013 04 20 23 16  9.573     2013 04 20 23 18 46.183     156.6
45
46
 2013 04 20 13 28 59.772     2013 04 20 13 31 57.826     178.1
 2013 04 20 18 24  9.463     2013 04 20 18 26 47.858     158.4
47
 2013 04 20 13 14 33.530     2013 04 20 13 17 13.546     160.0
48
49
 2013 04 20 10 08 42.790     2013 04 20 10 11 31.959     169.2
 2013 04 20 20 08 33.841     2013 04 20 20 11 10.591     156.8
50
 2013 04 20 14 59 52.381     2013 04 20 15 02 49.522     177.1
 2013 04 20 21 35 27.729     2013 04 20 21 38 33.107     185.4
51
 2013 04 20 10 10  1.419     2013 04 20 10 10  4.081       2.7
52
 2013 04 20 23 20 12.858     2013 04 20 23 22 59.260     166.4
53
 2013 04 20 10 03 24.017     2013 04 20 10 06  6.128     162.1
 2013 04 20 21 48 40.264     2013 04 20 21 49 45.095      64.8
54
 2013 04 20 11 39 34.054     2013 04 20 11 43  1.173     207.1
55
 2013 04 20 13 12  8.608     2013 04 20 13 15 21.551     192.9
56
 2013 04 20 13 19 35.168     2013 04 20 13 19 55.935      20.8
57
 2013 04 20 11 51 12.305     2013 04 20 11 53 50.813     158.5
 2013 04 20 18 25 47.114     2013 04 20 18 28 30.229     163.1
58
 2013 04 20 11 43  7.286     2013 04 20 11 45 44.428     157.1
 2013 04 20 21 43 33.192     2013 04 20 21 46  8.183     155.0
59
 2013 04 20 15 00 16.276     2013 04 20 15 03 19.846     183.6
 2013 04 20 21 34 25.414     2013 04 20 21 37  3.664     158.2
60
61
 2013 04 20 21 42  7.833     2013 04 20 21 44 57.829     170.0
62
 2013 04 20 11 41 29.174     2013 04 20 11 44 26.875     177.7
 2013 04 20 21 45 55.637     2013 04 20 21 46 58.248      62.6
63
 2013 04 20 15 03 57.102     2013 04 20 15 04 18.396      21.3
 2013 04 20 16 38 25.609     2013 04 20 16 41 43.518     197.9
 2013 04 20 19 59  3.025     2013 04 20 19 59  5.087       2.1
 2013 04 20 21 33 40.894     2013 04 20 21 36 27.205     166.3
64
 2013 04 20 11 40 22.174     2013 04 20 11 43 17.682     175.5
65
 2013 04 20 20 02  7.982     2013 04 20 20 05 40.442     212.5
66
 2013 04 20 13 27 37.153     2013 04 20 13 30 15.025     157.9
 2013 04 20 18 22 32.308     2013 04 20 18 26  2.012     209.7
 2013 04 20 20 00  4.257     2013 04 20 20 00 19.375      15.1
67
 2013 04 20 15 01 39.142     2013 04 20 15 04 17.631     158.5
 2013 04 20 20 00 10.830     2013 04 20 20 00 31.926      21.1
 2013 04 20 21 34 47.261     2013 04 20 21 38  9.766     202.5
68
 2013 04 20 11 43  2.333     2013 04 20 11 46 23.804     201.5
 2013 04 20 21 42 41.882     2013 04 20 21 45 16.672     154.8
69
 2013 04 20 15 02 19.373     2013 04 20 15 04 57.119     157.7
 2013 04 20 19 57 13.811     2013 04 20 20 00 31.866     198.1
70
 2013 04 20 13 25  1.722     2013 04 20 13 28  7.251     185.5
 2013 04 20 19 59 29.844     2013 04 20 20 02 37.488     187.6
71
72
 2013 04 20 15 00 36.676     2013 04 20 15 03 13.965     157.3
 2013 04 20 21 35  9.965     2013 04 20 21 37 47.690     157.7
73
 2013 04 20 11 48  2.065     2013 04 20 11 50 39.889     157.8
 2013 04 20 20 03 59.058     2013 04 20 20 06 35.154     156.1
74
 2013 04 20 13 24 58.599     2013 04 20 13 27 45.101     166.5
 2013 04 20 20 00 22.595     2013 04 20 20 04   .238     217.6
75
 2013 04 20 13 23  7.357     2013 04 20 13 25 44.023     156.7
 2013 04 20 21 38 34.980     2013 04 20 21 41 25.716     170.7
76
 2013 04 20 10 12  9.580     2013 04 20 10 12 32.293      22.7
 2013 04 20 20 07 31.323     2013 04 20 20 10  7.032     155.7
77
 2013 04 20 21 40 50.203     2013 04 20 21 43 32.055     161.9
78
 2013 04 20 11 40 51.159     2013 04 20 11 43 25.659     154.5
79
80
 2013 04 20 23 20 19.286     2013 04 20 23 22 56.421     157.1
81
82
 2013 04 20 11 50 52.830     2013 04 20 11 53 36.768     163.9
 2013 04 20 18 25 27.107     2013 04 20 18 28 22.168     175.1
83
 2013 04 20 21 50 55.612     2013 04 20 21 51 35.907      40.3
84
 2013 04 20 11 42 16.055     2013 04 20 11 43 20.795      64.7
 2013 04 20 21 45   .220     2013 04 20 21 47 51.480     171.3
85
86
 2013 04 20 11 44 49.123     2013 04 20 11 48  1.609     192.5
87
 2013 04 20 13 16 38.814     2013 04 20 13 19 23.162     164.3
 2013 04 20 23 19  2.500     2013 04 20 23 21 49.722     167.2
88
 2013 04 20 13 26 39.959     2013 04 20 13 26 55.650      15.7
 2013 04 20 21 36 53.476     2013 04 20 21 39 51.608     178.1
89
 2013 04 20 10 08 49.234     2013 04 20 10 11 41.797     172.6
 2013 04 20 20 09 20.552     2013 04 20 20 12 24.588     184.0
90
 2013 04 20 11 49 53.279     2013 04 20 11 52 58.939     185.7
91
 2013 04 20 11 50  2.310     2013 04 20 11 50  1.681       -.6
92
 2013 04 20 10 04 56.562     2013 04 20 10 08 36.550     220.0
93
 2013 04 20 11 40 36.180     2013 04 20 11 43 14.818     158.6
94
 2013 04 20 15 01 47.452     2013 04 20 15 04 37.456     170.0
 2013 04 20 21 35 18.702     2013 04 20 21 38 54.838     216.1
95
 2013 04 20 21 51 10.100     2013 04 20 21 51 14.368       4.3
96
 2013 04 20 13 18  6.231     2013 04 20 13 19  7.080      60.8
97
 2013 04 20 11 48  2.131     2013 04 20 11 48 57.360      55.2
98
 2013 04 20 13 24  6.518     2013 04 20 13 27 16.418     189.9
99
 2013 04 20 15 01 14.201     2013 04 20 15 03 58.807     164.6
 2013 04 20 21 34 42.670     2013 04 20 21 37 40.759     178.1
100
 2013 04 20 15 02 32.584     2013 04 20 15 05 11.782     159.2
 2013 04 20 19 57 33.252     2013 04 20 20 00 40.164     186.9
101
 2013 04 20 20 06 42.480     2013 04 20 20 09 20.920     158.4
102
 2013 04 20 23 22 29.955     2013 04 20 23 25 19.364     169.4
103
 2013 04 20 15 01 58.541     2013 04 20 15 05 13.625     195.1
 2013 04 20 19 57 38.316     2013 04 20 19 58 40.481      62.2
 2013 04 20 21 35 27.997     2013 04 20 21 35 45.921      17.9
104
 2013 04 20 13 23 26.587     2013 04 20 13 27  2.131     215.5
 2013 04 20 21 38 49.023     2013 04 20 21 39   .041      11.0
105
106
 2013 04 20 13 25 45.373     2013 04 20 13 28 49.183     183.8
 2013 04 20 19 59 51.799     2013 04 20 20 02 29.431     157.6
107
 2013 04 20 11 38 47.608     2013 04 20 11 41 38.736     171.1
108
 2013 04 20 11 51  9.878     2013 04 20 11 51 38.686      28.8
 2013 04 20 20 02 39.675     2013 04 20 20 05 16.212     156.5
109
 2013 04 20 10 08 59.051     2013 04 20 10 12 20.165     201.1
 2013 04 20 20 07 49.337     2013 04 20 20 10 36.453     167.1
110
111
 2013 04 20 13 20   .786     2013 04 20 13 22 41.908     161.1
112
 2013 04 20 14 59 37.928     2013 04 20 15 02 18.015     160.1
 2013 04 20 21 34 23.104     2013 04 20 21 37 50.519     207.4
113
 2013 04 20 11 47 53.575     2013 04 20 11 50 40.044     166.5
 2013 04 20 20 04 36.398     2013 04 20 20 07 12.353     156.0
114
 2013 04 20 11 45 41.433     2013 04 20 11 48 16.958     155.5
115
 2013 04 20 10 03 29.819     2013 04 20 10 06  9.680     159.9
 2013 04 20 21 48 36.479     2013 04 20 21 49  5.750      29.3
116
 2013 04 20 23 15 34.213     2013 04 20 23 18 41.986     187.8
117
118
 2013 04 20 13 25  9.516     2013 04 20 13 28 39.912     210.4
 2013 04 20 19 59 24.894     2013 04 20 20 02 10.738     165.8
119
 2013 04 20 11 48 34.831     2013 04 20 11 51 18.607     163.8
 2013 04 20 20 03 33.136     2013 04 20 20 06 24.327     171.2
120
 2013 04 20 11 48 23.693     2013 04 20 11 51 16.601     172.9
 2013 04 20 20 03 26.083     2013 04 20 20 06 10.653     164.6
121
 2013 04 20 11 38 10.810     2013 04 20 11 40 52.814     162.0
122
 2013 04 20 11 49 38.347     2013 04 20 11 52 17.661     159.3
123
 2013 04 20 11 49  6.685     2013 04 20 11 51 51.877     165.2
 2013 04 20 20 03  6.695     2013 04 20 20 06 35.539     208.8
124
 2013 04 20 14 58 27.556     2013 04 20 15 01 11.279     163.7
 2013 04 20 23 12 43.752     2013 04 20 23 13 39.910      56.2
125
 2013 04 20 11 39  9.673     2013 04 20 11 41 45.510     155.8
126
 2013 04 20 13 17 26.758     2013 04 20 13 20 22.020     175.3
 2013 04 20 23 18 55.183     2013 04 20 23 21 36.329     161.1
127
 2013 04 20 13 24 12.793     2013 04 20 13 27 50.792     218.0
 2013 04 20 19 58 41.116     2013 04 20 20 02 31.085     230.0
128
129
 2013 04 20 23 22 39.219     2013 04 20 23 25 19.104     159.9
130
131
 2013 04 20 11 49 36.168     2013 04 20 11 53 12.153     216.0
132
 2013 04 20 10 14 42.368     2013 04 20 10 15 15.547      33.2
133
134
 2013 04 20 11 45 56.323     2013 04 20 11 46  7.440      11.1
 2013 04 20 21 42 13.118     2013 04 20 21 45 18.475     185.4
135
136
 2013 04 20 13 26 32.177     2013 04 20 13 29 27.990     175.8
 2013 04 20 20 01  9.327     2013 04 20 20 03 58.471     169.1
137
 2013 04 20 15 00 45.994     2013 04 20 15 03 25.668     159.7
 2013 04 20 21 35 22.961     2013 04 20 21 38   .250     157.3
138
139
140
 2013 04 20 11 40 31.422     2013 04 20 11 43 23.158     171.7
141
 2013 04 20 13 19 57.683     2013 04 20 13 23   .085     182.4
142
 2013 04 20 13 25 37.890     2013 04 20 13 28 31.803     173.9
 2013 04 20 20 01  1.527     2013 04 20 20 03 48.762     167.2
143
144
 2013 04 20 11 47   .325     2013 04 20 11 47 10.807      10.5
 2013 04 20 21 42  2.164     2013 04 20 21 44 38.107     155.9
145
 2013 04 20 11 41 21.078     2013 04 20 11 44   .833     159.8
 2013 04 20 21 47  7.966     2013 04 20 21 47 31.006      23.0
146
 2013 04 20 13 17 41.876     2013 04 20 13 21 22.077     220.2
 2013 04 20 23 16 57.485     2013 04 20 23 19 33.763     156.3
147
 2013 04 20 10 09  4.151     2013 04 20 10 11 44.911     160.8
 2013 04 20 20 09  1.334     2013 04 20 20 12  7.518     186.2
148
 2013 04 20 13 21 57.832     2013 04 20 13 25  9.096     191.3
 2013 04 20 21 37 50.811     2013 04 20 21 40 39.185     168.4
149
 2013 04 20 20 06 55.833     2013 04 20 20 10  1.623     185.8
150
 2013 04 20 10 05 18.066     2013 04 20 10 07 55.646     157.6
151
 2013 04 20 13 23 42.498     2013 04 20 13 26 20.858     158.4
 2013 04 20 21 38 12.916     2013 04 20 21 41 48.333     215.4
152
 2013 04 20 23 21 58.109     2013 04 20 23 24 34.412     156.3
153
 2013 04 20 14 59   .060     2013 04 20 15 02 17.921     197.9
 2013 04 20 21 39  5.693     2013 04 20 21 39 18.698      13.0
154
 2013 04 20 10 04 50.107     2013 04 20 10 08 19.227     209.1
155
 2013 04 20 13 15 33.716     2013 04 20 13 18  7.840     154.1
156
 2013 04 20 21 43 47.016     2013 04 20 21 44 12.195      25.2
157
158
 2013 04 20 13 12 28.988     2013 04 20 13 15 48.476     199.5
159
 2013 04 20 20 05 48.164     2013 04 20 20 09 28.967     220.8
160
161
 2013 04 20 11 41 44.337     2013 04 20 11 44 18.791     154.5
 2013 04 20 21 43 58.429     2013 04 20 21 47 22.257     203.8
162
 2013 04 20 18 30 57.535     2013 04 20 18 31 29.505      32.0
163
 2013 04 20 11 50 40.401     2013 04 20 11 53 52.735     192.3
 2013 04 20 18 26 34.300     2013 04 20 18 29 36.647     182.3
164
165
 2013 04 20 10 04 30.932     2013 04 20 10 07 47.486     196.6
166
 2013 04 20 10 10 25.077     2013 04 20 10 13   .494     155.4
167
 2013 04 20 10 04 51.156     2013 04 20 10 07 27.675     156.5
168
 2013 04 20 23 21 46.076     2013 04 20 23 24 27.198     161.1
169
 2013 04 20 23 21 34.759     2013 04 20 23 21 45.507      10.7
170
 2013 04 20 10 10 42.657     2013 04 20 10 13 55.891     193.2
171
172
173
 2013 04 20 11 47 51.677     2013 04 20 11 50 44.983     173.3
 2013 04 20 20 03 34.988     2013 04 20 20 06 12.015     157.0
174
 2013 04 20 13 12 13.357     2013 04 20 13 13 42.540      89.2
175
 2013 04 20 13 18 13.099     2013 04 20 13 20 48.274     155.2
 2013 04 20 23 17 53.623     2013 04 20 23 20 46.582     173.0
176
 2013 04 20 13 28 27.060     2013 04 20 13 31 50.155     203.1
 2013 04 20 18 24 15.319     2013 04 20 18 26 59.423     164.1
177
 2013 04 20 11 46  8.403     2013 04 20 11 49 56.868     228.5
 2013 04 20 20 05 15.516     2013 04 20 20 08 39.639     204.1
178
 2013 04 20 13 24  6.466     2013 04 20 13 27 41.812     215.3
 2013 04 20 19 58 35.198     2013 04 20 19 58 42.334       7.1
179
 2013 04 20 20 07 30.113     2013 04 20 20 10  7.613     157.5
180
 2013 04 20 11 43 20.482     2013 04 20 11 45 55.969     155.5
 2013 04 20 21 43 42.860     2013 04 20 21 46 26.339     163.5
181
 2013 04 20 21 40 47.699     2013 04 20 21 43 30.881     163.2
182
 2013 04 20 11 42   .823     2013 04 20 11 44 47.771     166.9
 2013 04 20 21 43 22.560     2013 04 20 21 46 37.416     194.9
183
 2013 04 20 11 46 31.464     2013 04 20 11 50   .969     209.5
 2013 04 20 20 02 43.332     2013 04 20 20 06 26.879     223.5
184
 2013 04 20 10 01 25.895     2013 04 20 10 04 56.034     210.1
 2013 04 20 21 49 26.831     2013 04 20 21 52  3.745     156.9
185
 2013 04 20 13 22 37.544     2013 04 20 13 25 38.194     180.6
 2013 04 20 21 39 19.307     2013 04 20 21 42  1.850     162.5
186
 2013 04 20 13 21 16.648     2013 04 20 13 24 46.327     209.7
 2013 04 20 21 39 46.454     2013 04 20 21 42 43.737     177.3
187
188
 2013 04 20 13 14 36.876     2013 04 20 13 17 42.114     185.2
189
 2013 04 20 13 18 16.334     2013 04 20 13 21 35.941     199.6
 2013 04 20 23 18 10.470     2013 04 20 23 19  2.881      52.4
190
 2013 04 20 15 00 37.536     2013 04 20 15 03 15.600     158.1
 2013 04 20 21 35 16.414     2013 04 20 21 37 54.031     157.6
191
 2013 04 20 18 27 32.256     2013 04 20 18 30 56.761     204.5
192
 2013 04 20 21 47   .156     2013 04 20 21 49 46.636     166.5
193
194
 2013 04 20 11 42 24.759     2013 04 20 11 44 59.394     154.6
 2013 04 20 21 44  1.772     2013 04 20 21 46 45.913     164.1
195
 2013 04 20 15 02  1.810     2013 04 20 15 04 52.078     170.3
 2013 04 20 19 57 15.891     2013 04 20 20 01  9.094     233.2
 2013 04 20 21 35  9.413     2013 04 20 21 36 11.639      62.2
196
 2013 04 20 20 06 31.178     2013 04 20 20 10  3.128     211.9
197
198
 2013 04 20 20 06 57.142     2013 04 20 20 10 25.546     208.4
199
 2013 04 20 13 20 22.003     2013 04 20 13 23 38.271     196.3
200
201
202
 2013 04 20 20 06 10.999     2013 04 20 20 09 41.288     210.3
203
204
205
 2013 04 20 11 45  6.684     2013 04 20 11 48   .845     174.2
206
 2013 04 20 13 21 11.721     2013 04 20 13 24  7.668     175.9
 2013 04 20 21 37 41.312     2013 04 20 21 38 28.145      46.8
207
 2013 04 20 21 46 33.423     2013 04 20 21 49 29.839     176.4
208
 2013 04 20 13 14 37.900     2013 04 20 13 16 15.853      98.0
 2013 04 20 23 23  5.106     2013 04 20 23 23 52.632      47.5
209
 2013 04 20 11 47 48.985     2013 04 20 11 50 26.335     157.4
 2013 04 20 20 04  1.579     2013 04 20 20 06 40.225     158.6
210
211
 2013 04 20 13 27 44.153     2013 04 20 13 30 22.811     158.7
 2013 04 20 18 22 42.958     2013 04 20 18 26  5.899     202.9
212
 2013 04 20 13 23 34.382     2013 04 20 13 26 56.213     201.8
 2013 04 20 21 37   .679     2013 04 20 21 40 37.582     216.9
213
 2013 04 20 10 05 38.021     2013 04 20 10 09  4.836     206.8
214
 2013 04 20 13 24 37.568     2013 04 20 13 27 32.197     174.6
 2013 04 20 19 59 13.591     2013 04 20 20 03  6.215     232.6
215
 2013 04 20 20 11 19.627     2013 04 20 20 14 40.179     200.6
216
 2013 04 20 13 24 41.742     2013 04 20 13 27 42.603     180.9
 2013 04 20 19 59 15.094     2013 04 20 20 02 54.644     219.6
217
218
 2013 04 20 20 06 36.725     2013 04 20 20 09 18.770     162.0
219
 2013 04 20 13 25 17.772     2013 04 20 13 27 56.365     158.6
 2013 04 20 20 00  3.515     2013 04 20 20 03 13.559     190.0
220
 2013 04 20 13 27 17.636     2013 04 20 13 30 33.391     195.8
 2013 04 20 18 26 32.285     2013 04 20 18 27  3.323      31.0
 2013 04 20 20 00 58.864     2013 04 20 20 02  2.008      63.1
221
 2013 04 20 13 25  8.746     2013 04 20 13 27 46.692     157.9
 2013 04 20 19 59 58.162     2013 04 20 20 03 21.022     202.9
222
223
 2013 04 20 11 44  1.438     2013 04 20 11 46 58.386     176.9
 2013 04 20 21 43 15.568     2013 04 20 21 44 11.375      55.8
224
 2013 04 20 13 25 26.384     2013 04 20 13 25 42.896      16.5
 2013 04 20 15 03 34.009     2013 04 20 15 07  5.651     211.6
 2013 04 20 19 59 13.884     2013 04 20 20 01 53.065     159.2
225
 2013 04 20 11 38  6.650     2013 04 20 11 40 47.547     160.9
226
 2013 04 20 11 48 34.721     2013 04 20 11 51 11.310     156.6
 2013 04 20 20 03 52.656     2013 04 20 20 06 43.547     170.9
227
 2013 04 20 10 05 46.888     2013 04 20 10 08 32.596     165.7
228
 2013 04 20 13 27  4.322     2013 04 20 13 29 55.101     170.8
 2013 04 20 20 00 50.587     2013 04 20 20 04 14.120     203.5
229
 2013 04 20 13 20 41.662     2013 04 20 13 20 47.875       6.2
 2013 04 20 23 16 46.691     2013 04 20 23 19 47.209     180.5
230
 2013 04 20 13 16   .083     2013 04 20 13 16 37.286      37.2
 2013 04 20 23 20  5.918     2013 04 20 23 22 40.158     154.2
231
 2013 04 20 11 44 50.850     2013 04 20 11 47 44.438     173.6
232
 2013 04 20 11 44 24.106     2013 04 20 11 47  7.366     163.3
 2013 04 20 21 42 47.655     2013 04 20 21 43   .148      12.5
233
 2013 04 20 23 20  1.617     2013 04 20 23 23 47.700     226.1
234
 2013 04 20 11 46 23.134     2013 04 20 11 49 33.180     190.0
 2013 04 20 20 04 43.141     2013 04 20 20 08 21.312     218.2
235
236
237
 2013 04 20 11 45 25.793     2013 04 20 11 48 16.078     170.3
238
 2013 04 20 20 06  4.845     2013 04 20 20 08 40.292     155.4
239
 2013 04 20 13 16 35.362     2013 04 20 13 19 10.680     155.3
 2013 04 20 23 18 22.133     2013 04 20 23 21 31.798     189.7
240
 2013 04 20 13 14 51.279     2013 04 20 13 18 16.518     205.2
 2013 04 20 23 23 29.090     2013 04 20 23 23 42.169      13.1
241
 2013 04 20 11 44 37.586     2013 04 20 11 48 14.257     216.7
 2013 04 20 21 41  4.553     2013 04 20 21 41 31.107      26.6
242
 2013 04 20 21 46 20.792     2013 04 20 21 49 44.898     204.1
243
244
 2013 04 20 14 58  3.015     2013 04 20 15 01 45.759     222.7
245
 2013 04 20 11 49 20.484     2013 04 20 11 51 57.879     157.4
 2013 04 20 20 03 12.335     2013 04 20 20 07   .705     228.4
246
247
 2013 04 20 13 28  8.555     2013 04 20 13 31 48.903     220.3
 2013 04 20 18 24 15.316     2013 04 20 18 27 10.711     175.4
248
 2013 04 20 23 22 43.153     2013 04 20 23 25 49.963     186.8
249
 2013 04 20 15 00 41.943     2013 04 20 15 03 34.507     172.6
 2013 04 20 21 34 38.141     2013 04 20 21 37 17.414     159.3
250
 2013 04 20 14 59 58.827     2013 04 20 15 02 41.374     162.5
 2013 04 20 21 35 10.456     2013 04 20 21 38 14.281     183.8
251
 2013 04 20 10 04 54.383     2013 04 20 10 07 45.376     171.0
252
 2013 04 20 11 50 20.125     2013 04 20 11 53 18.432     178.3
 2013 04 20 18 26  1.710     2013 04 20 18 29 39.141     217.4
253
 2013 04 20 11 45 28.844     2013 04 20 11 48 16.624     167.8
254
 2013 04 20 13 15 22.498     2013 04 20 13 18 57.045     214.5
 2013 04 20 23 19 49.097     2013 04 20 23 23  6.497     197.4
255
 2013 04 20 21 40 54.441     2013 04 20 21 44  5.360     190.9
256
 2013 04 20 13 22 58.811     2013 04 20 13 26 15.581     196.8
 2013 04 20 21 39 12.046     2013 04 20 21 42 24.792     192.7
257
 2013 04 20 11 40 15.953     2013 04 20 11 41 24.562      68.6
 2013 04 20 21 45 26.521     2013 04 20 21 49  3.607     217.1
258
 2013 04 20 10 04 14.258     2013 04 20 10 07 42.187     207.9
259
 2013 04 20 10 05 19.993     2013 04 20 10 08 17.930     177.9
260
 2013 04 20 10 07 17.758     2013 04 20 10 10  9.699     171.9
 2013 04 20 20 10  4.366     2013 04 20 20 12 55.147     170.8
261
 2013 04 20 11 47  2.859     2013 04 20 11 50 36.679     213.8
 2013 04 20 20 02 56.394     2013 04 20 20 05 56.217     179.8
262
 2013 04 20 13 24 18.613     2013 04 20 13 27 19.267     180.7
263
 2013 04 20 11 43 36.272     2013 04 20 11 47 16.279     220.0
 2013 04 20 21 43 39.563     2013 04 20 21 43 41.804       2.2
264
 2013 04 20 20 16 13.048     2013 04 20 20 17 20.332      67.3
265
 2013 04 20 13 16 28.260     2013 04 20 13 19 42.057     193.8
 2013 04 20 23 17 27.681     2013 04 20 23 20 48.348     200.7
266
 2013 04 20 13 22 19.148     2013 04 20 13 22 42.542      23.4
 2013 04 20 21 39 52.163     2013 04 20 21 42 56.008     183.8
267
 2013 04 20 13 23 52.132     2013 04 20 13 26 30.657     158.5
 2013 04 20 21 37 44.902     2013 04 20 21 41 28.899     224.0
268
 2013 04 20 10 11  4.938     2013 04 20 10 13 46.184     161.2
269
 2013 04 20 11 46 19.661     2013 04 20 11 49 25.227     185.6
270
 2013 04 20 20 05 44.973     2013 04 20 20 08 48.661     183.7
271
 2013 04 20 13 16 39.146     2013 04 20 13 17 44.396      65.2
 2013 04 20 23 19 43.103     2013 04 20 23 22 26.150     163.0
272
 2013 04 20 21 39 23.707     2013 04 20 21 40 22.346      58.6
273
 2013 04 20 11 41 22.613     2013 04 20 11 44 49.909     207.3
 2013 04 20 21 45 47.047     2013 04 20 21 46 34.617      47.6
274
 2013 04 20 13 12 25.886     2013 04 20 13 12 29.780       3.9
275
 2013 04 20 23 23  3.514     2013 04 20 23 26 17.774     194.3
276
 2013 04 20 11 49 11.670     2013 04 20 11 51 49.194     157.5
 2013 04 20 20 03 19.830     2013 04 20 20 06 54.653     214.8
277
 2013 04 20 15 01 39.330     2013 04 20 15 04 54.189     194.9
 2013 04 20 21 35 40.932     2013 04 20 21 39 19.164     218.2
278
 2013 04 20 11 46 12.461     2013 04 20 11 48 52.841     160.4
279
 2013 04 20 23 22 35.464     2013 04 20 23 25 13.741     158.3
280
 2013 04 20 11 40  7.738     2013 04 20 11 42 55.489     167.8
281
 2013 04 20 21 40 33.232     2013 04 20 21 44 20.993     227.8
282
 2013 04 20 11 37 38.991     2013 04 20 11 40 54.077     195.1
 2013 04 20 23 23   .745     2013 04 20 23 26 27.398     206.7
283
 2013 04 20 15 00 15.937     2013 04 20 15 03 16.794     180.9
 2013 04 20 21 34 27.352     2013 04 20 21 37  6.106     158.8
284
 2013 04 20 11 38 57.838     2013 04 20 11 42  6.401     188.6
285
286
 2013 04 20 18 27 47.018     2013 04 20 18 30 39.566     172.5
287
 2013 04 20 13 17 15.626     2013 04 20 13 19 50.941     155.3
 2013 04 20 23 18 22.364     2013 04 20 23 21   .221     157.9
288
 2013 04 20 11 45 58.143     2013 04 20 11 48 55.487     177.3
289
 2013 04 20 10 06 59.821     2013 04 20 10 09 34.845     155.0
 2013 04 20 20 09 26.847     2013 04 20 20 13  1.259     214.4
290
 2013 04 20 10 03 44.440     2013 04 20 10 07 25.149     220.7
291
 2013 04 20 11 48   .352     2013 04 20 11 51 41.341     221.0
 2013 04 20 20 02 50.215     2013 04 20 20 05 31.410     161.2
292
 2013 04 20 13 25 24.739     2013 04 20 13 28 15.894     171.2
 2013 04 20 20 00 50.232     2013 04 20 20 03 50.635     180.4
293
 2013 04 20 11 38 53.496     2013 04 20 11 41 44.300     170.8
294
 2013 04 20 11 48 36.771     2013 04 20 11 52 15.799     219.0
 2013 04 20 20 02 28.929     2013 04 20 20 05 42.669     193.7
295
 2013 04 20 20 07  8.193     2013 04 20 20 10 35.256     207.1
296
 2013 04 20 11 44 10.704     2013 04 20 11 47 53.022     222.3
 2013 04 20 21 41 28.958     2013 04 20 21 44 59.254     210.3
297
 2013 04 20 13 26 46.759     2013 04 20 13 29 25.857     159.1
 2013 04 20 20 00 40.813     2013 04 20 20 03 38.742     177.9
298
 2013 04 20 13 24  8.772     2013 04 20 13 24 58.116      49.3
 2013 04 20 21 36 59.041     2013 04 20 21 40 37.217     218.2
299
300
 2013 04 20 15 01  2.628     2013 04 20 15 04 37.961     215.3
 2013 04 20 21 36 10.313     2013 04 20 21 39 10.883     180.6
301
302
 2013 04 20 10 02 33.825     2013 04 20 10 02 54.179      20.4
303
 2013 04 20 10 07  5.041     2013 04 20 10 09 52.414     167.4
 2013 04 20 20 08 42.467     2013 04 20 20 12 25.260     222.8
304
 2013 04 20 11 43 59.549     2013 04 20 11 47 39.457     219.9
 2013 04 20 21 41 42.627     2013 04 20 21 44 58.521     195.9
305
 2013 04 20 13 21 30.713     2013 04 20 13 24  6.630     155.9
 2013 04 20 21 38 27.178     2013 04 20 21 41 56.288     209.1
306
 2013 04 20 10 07  7.276     2013 04 20 10 09 49.445     162.2
 2013 04 20 20 09 49.031     2013 04 20 20 13   .427     191.4
307
 2013 04 20 10 07 43.317     2013 04 20 10 10 53.606     190.3
 2013 04 20 20 10 13.822     2013 04 20 20 12 48.060     154.2
308
 2013 04 20 11 45 54.425     2013 04 20 11 49  8.348     193.9
309
 2013 04 20 15 01 18.678     2013 04 20 15 02 35.187      76.5
 2013 04 20 21 36 11.295     2013 04 20 21 39 45.597     214.3
310
 2013 04 20 13 15   .309     2013 04 20 13 15 22.518      22.2
 2013 04 20 23 20 13.225     2013 04 20 23 23 25.662     192.4
311
 2013 04 20 10 08   .778     2013 04 20 10 10 36.715     155.9
 2013 04 20 20 09 12.169     2013 04 20 20 11 53.511     161.3
312
 2013 04 20 10 04 26.702     2013 04 20 10 07 37.520     190.8
313
314
 2013 04 20 11 44 55.142     2013 04 20 11 45 20.685      25.5
 2013 04 20 21 45 19.433     2013 04 20 21 46  6.716      47.3
315
 2013 04 20 15 00 24.564     2013 04 20 15 03 13.126     168.6
 2013 04 20 21 35 34.043     2013 04 20 21 38 14.844     160.8
316
 2013 04 20 10 08 16.937     2013 04 20 10 11  4.703     167.8
 2013 04 20 20 09 43.171     2013 04 20 20 12 20.297     157.1
317
 2013 04 20 23 21 54.468     2013 04 20 23 24 28.087     153.6
318
 2013 04 20 13 17 58.501     2013 04 20 13 20 40.184     161.7
 2013 04 20 23 17 48.755     2013 04 20 23 20 28.764     160.0
319
320
 2013 04 20 11 48 29.384     2013 04 20 11 51  8.867     159.5
 2013 04 20 20 03 44.844     2013 04 20 20 06 31.095     166.3
321
 2013 04 20 11 50 13.454     2013 04 20 11 53   .362     166.9
 2013 04 20 18 25 39.022     2013 04 20 18 26 32.401      53.4
322
 2013 04 20 11 41  2.588     2013 04 20 11 44 34.627     212.0
 2013 04 20 21 45 14.582     2013 04 20 21 48 18.360     183.8
323
 2013 04 20 10 05 23.666     2013 04 20 10 08 31.994     188.3
324
 2013 04 20 11 53  8.246     2013 04 20 11 53 14.568       6.3
 2013 04 20 13 26 58.674     2013 04 20 13 27  1.123       2.4
 2013 04 20 20 01 32.649     2013 04 20 20 01 52.346      19.7
325
 2013 04 20 10 06 56.839     2013 04 20 10 09 55.542     178.7
 2013 04 20 20 10 11.222     2013 04 20 20 13 15.376     184.2
326
 2013 04 20 11 52  3.584     2013 04 20 11 54 43.613     160.0
 2013 04 20 18 25 45.145     2013 04 20 18 28 37.862     172.7
327
 2013 04 20 11 47 33.411     2013 04 20 11 49 13.802     100.4
 2013 04 20 20 05 22.038     2013 04 20 20 08  6.827     164.8
328
 2013 04 20 21 45 18.578     2013 04 20 21 46 28.902      70.3
329
 2013 04 20 15 01  7.724     2013 04 20 15 03 45.796     158.1
 2013 04 20 21 35 15.322     2013 04 20 21 38  1.602     166.3
330
 2013 04 20 15 00 30.568     2013 04 20 15 00 38.015       7.4
 2013 04 20 21 36 38.688     2013 04 20 21 39 24.931     166.2
331
 2013 04 20 11 37 46.210     2013 04 20 11 39 50.799     124.6
332
 2013 04 20 15 01 27.285     2013 04 20 15 04 33.332     186.0
 2013 04 20 21 35 42.825     2013 04 20 21 38 58.790     196.0
333
 2013 04 20 13 16 29.833     2013 04 20 13 19  6.389     156.6
 2013 04 20 23 18 45.807     2013 04 20 23 21 50.502     184.7
334
335
 2013 04 20 23 20 59.619     2013 04 20 23 24 33.316     213.7
336
 2013 04 20 20 12 36.393     2013 04 20 20 15 31.577     175.2
337
 2013 04 20 11 48 26.759     2013 04 20 11 51 28.954     182.2
 2013 04 20 20 04 31.293     2013 04 20 20 07 35.424     184.1
338
 2013 04 20 23 21 24.926     2013 04 20 23 24 46.691     201.8
339
 2013 04 20 23 21 46.715     2013 04 20 23 25 24.809     218.1
340
 2013 04 20 13 23 20.573     2013 04 20 13 26 47.656     207.1
 2013 04 20 21 37  7.267     2013 04 20 21 40 27.471     200.2
341
 2013 04 20 10 09 21.517     2013 04 20 10 12  1.357     159.8
 2013 04 20 20 08 18.385     2013 04 20 20 11 23.867     185.5
342
 2013 04 20 21 37  3.627     2013 04 20 21 39 50.476     166.8
343
 2013 04 20 13 26 12.019     2013 04 20 13 28 52.667     160.6
 2013 04 20 20 00 21.659     2013 04 20 20 02 59.740     158.1
344
 2013 04 20 20 05 26.078     2013 04 20 20 09 11.309     225.2
345
 2013 04 20 10 03 20.663     2013 04 20 10 06 34.514     193.9
 2013 04 20 21 48  9.839     2013 04 20 21 50 20.253     130.4
346
 2013 04 20 23 22 58.211     2013 04 20 23 25 42.946     164.7
347
 2013 04 20 14 59  9.074     2013 04 20 15 01 46.990     157.9
348
 2013 04 20 13 23 32.232     2013 04 20 13 26 13.142     160.9
 2013 04 20 21 37 56.319     2013 04 20 21 41 12.196     195.9
349
350
 2013 04 20 10 10 39.646     2013 04 20 10 13 42.031     182.4
351
 2013 04 20 10 03 21.245     2013 04 20 10 06 16.997     175.8
 2013 04 20 21 48 27.527     2013 04 20 21 50 22.180     114.7
352
 2013 04 20 11 47 11.752     2013 04 20 11 50 53.077     221.3
 2013 04 20 20 02 54.752     2013 04 20 20 05 43.642     168.9
353
 2013 04 20 20 05 44.399     2013 04 20 20 09  2.184     197.8
354
 2013 04 20 13 27   .115     2013 04 20 13 30  1.513     181.4
 2013 04 20 20 01  1.670     2013 04 20 20 04 24.800     203.1
355
 2013 04 20 10 05 34.553     2013 04 20 10 08 38.858     184.3
356
 2013 04 20 23 22 50.122     2013 04 20 23 25 49.947     179.8
357
 2013 04 20 10 04 16.203     2013 04 20 10 07 57.227     221.0
358
 2013 04 20 11 38 33.633     2013 04 20 11 41 11.003     157.4
359
 2013 04 20 23 21 46.905     2013 04 20 23 24 28.071     161.2
360
 2013 04 20 23 20 35.504     2013 04 20 23 23 16.159     160.7
361
 2013 04 20 13 27 13.705     2013 04 20 13 29 51.712     158.0
 2013 04 20 18 22   .639     2013 04 20 18 22 56.964      56.3
 2013 04 20 20 00 10.999     2013 04 20 20 03 45.389     214.4
362
 2013 04 20 10 05 35.052     2013 04 20 10 08 17.150     162.1
363
 2013 04 20 13 21 32.426     2013 04 20 13 22  4.368      31.9
 2013 04 20 23 16 25.142     2013 04 20 23 19 13.051     167.9
364
365
 2013 04 20 20 08 24.483     2013 04 20 20 09 27.580      63.1
366
 2013 04 20 15 00 33.821     2013 04 20 15 04 22.416     228.6
 2013 04 20 16 38 37.898     2013 04 20 16 42  5.360     207.5
 2013 04 20 19 55 14.167     2013 04 20 19 55 47.044      32.9
 2013 04 20 21 33 49.432     2013 04 20 21 36 46.338     176.9
367
 2013 04 20 11 51 22.303     2013 04 20 11 54 36.827     194.5
 2013 04 20 18 26 53.912     2013 04 20 18 29 30.825     156.9
368
 2013 04 20 10 09 34.777     2013 04 20 10 12 45.121     190.3
 2013 04 20 20 07 27.940     2013 04 20 20 10 48.806     200.9
369
370
 2013 04 20 10 03 48.675     2013 04 20 10 07 26.748     218.1
371
 2013 04 20 13 22  2.464     2013 04 20 13 22 51.074      48.6
 2013 04 20 21 37 23.607     2013 04 20 21 40  1.311     157.7
372
 2013 04 20 10 07 38.766     2013 04 20 10 08 22.525      43.8
373
 2013 04 20 20 12 19.692     2013 04 20 20 15  4.870     165.2
374
 2013 04 20 20 06 44.540     2013 04 20 20 09 32.432     167.9
375
 2013 04 20 11 47 35.597     2013 04 20 11 51 12.431     216.8
 2013 04 20 20 02 59.591     2013 04 20 20 05 36.923     157.3
376
 2013 04 20 20 11 42.627     2013 04 20 20 14 44.845     182.2
377
 2013 04 20 11 39 23.353     2013 04 20 11 42  5.803     162.5
378
 2013 04 20 13 20 42.057     2013 04 20 13 23 30.019     168.0
379
 2013 04 20 11 49 58.681     2013 04 20 11 53 10.469     191.8
 2013 04 20 18 29 19.767     2013 04 20 18 30  2.106      42.3
380
 2013 04 20 11 41 52.154     2013 04 20 11 42 33.447      41.3
 2013 04 20 21 45 18.284     2013 04 20 21 47 56.845     158.6
381
382
 2013 04 20 20 15 28.055     2013 04 20 20 15 40.736      12.7
383
 2013 04 20 13 16  1.110     2013 04 20 13 16  8.165       7.1
 2013 04 20 23 20  9.087     2013 04 20 23 22 43.137     154.0
384
 2013 04 20 11 49  6.542     2013 04 20 11 52 20.513     194.0
 2013 04 20 20 03 58.440     2013 04 20 20 04  6.243       7.8
385
386
 2013 04 20 13 26 31.560     2013 04 20 13 29 34.297     182.7
 2013 04 20 20 01 15.328     2013 04 20 20 04  6.143     170.8
387
 2013 04 20 11 46 50.764     2013 04 20 11 50 10.317     199.6
 2013 04 20 20 05  5.529     2013 04 20 20 08   .897     175.4
388
 2013 04 20 13 16 45.494     2013 04 20 13 20 26.902     221.4
 2013 04 20 23 17  9.097     2013 04 20 23 20  5.672     176.6
389
 2013 04 20 13 22 50.350     2013 04 20 13 26  6.823     196.5
 2013 04 20 21 39 18.455     2013 04 20 21 42 20.988     182.5
390
 2013 04 20 11 47  1.178     2013 04 20 11 47 48.644      47.5
 2013 04 20 20 05 36.757     2013 04 20 20 08 12.317     155.6
391
 2013 04 20 11 44  5.854     2013 04 20 11 46 43.251     157.4
 2013 04 20 21 42 47.711     2013 04 20 21 46  6.186     198.5
392
 2013 04 20 11 46 25.219     2013 04 20 11 47 16.758      51.5
 2013 04 20 20 05 33.375     2013 04 20 20 08 28.126     174.8
393
 2013 04 20 23 16  3.935     2013 04 20 23 18 39.091     155.2
394
 2013 04 20 11 43 58.524     2013 04 20 11 44 37.111      38.6
 2013 04 20 21 41 33.761     2013 04 20 21 44 51.124     197.4
395
 2013 04 20 13 23  3.296     2013 04 20 13 24 23.213      79.9
 2013 04 20 21 39 12.895     2013 04 20 21 40 33.017      80.1
396
 2013 04 20 13 25 18.308     2013 04 20 13 25 29.229      10.9
 2013 04 20 15 03 25.251     2013 04 20 15 07   .012     214.8
 2013 04 20 19 59 13.141     2013 04 20 20 01 50.834     157.7
397
 2013 04 20 10 04  4.515     2013 04 20 10 06 39.198     154.7
398
 2013 04 20 23 22 57.567     2013 04 20 23 25 40.382     162.8
399
 2013 04 20 13 21 30.998     2013 04 20 13 24 28.812     177.8
 2013 04 20 21 37 50.894     2013 04 20 21 41 14.050     203.2
400
 2013 04 20 13 23 35.636     2013 04 20 13 24 10.739      35.1
401
 2013 04 20 23 22 11.078     2013 04 20 23 24 53.769     162.7
402
 2013 04 20 11 37 42.154     2013 04 20 11 41 22.769     220.6
403
 2013 04 20 13 14 22.059     2013 04 20 13 17 32.279     190.2
404
 2013 04 20 13 24  2.678     2013 04 20 13 27  6.549     183.9
405
 2013 04 20 10 07 38.352     2013 04 20 10 11  5.126     206.8
 2013 04 20 20 10 23.146     2013 04 20 20 12 58.928     155.8
406
407
 2013 04 20 13 24 52.208     2013 04 20 13 27 35.024     162.8
 2013 04 20 20 00 10.082     2013 04 20 20 03 59.834     229.8
408
 2013 04 20 11 51 15.661     2013 04 20 11 53 59.494     163.8
 2013 04 20 18 25 38.029     2013 04 20 18 28 17.592     159.6
409
 2013 04 20 11 47 22.877     2013 04 20 11 48 29.747      66.9
 2013 04 20 20 05 28.558     2013 04 20 20 08  8.698     160.1
410
 2013 04 20 11 46 10.327     2013 04 20 11 48 53.633     163.3
411
 2013 04 20 10 06  2.802     2013 04 20 10 08 44.533     161.7
412
 2013 04 20 23 20 38.290     2013 04 20 23 24 10.543     212.3
413
414
 2013 04 20 13 23 16.856     2013 04 20 13 26 48.351     211.5
 2013 04 20 21 38 58.414     2013 04 20 21 40 46.835     108.4
415
 2013 04 20 13 25 56.844     2013 04 20 13 28 34.166     157.3
 2013 04 20 20 00 35.412     2013 04 20 20 03 14.625     159.2
416
 2013 04 20 11 46 21.185     2013 04 20 11 47 33.981      72.8
 2013 04 20 21 41 48.090     2013 04 20 21 44 45.298     177.2
417
 2013 04 20 15 00 18.284     2013 04 20 15 03 10.602     172.3
 2013 04 20 21 35 36.547     2013 04 20 21 38 20.002     163.5
418
 2013 04 20 13 26 35.156     2013 04 20 13 29 27.428     172.3
 2013 04 20 19 59 58.334     2013 04 20 20 02 56.781     178.4
419
 2013 04 20 21 36 22.997     2013 04 20 21 39 41.002     198.0
420
 2013 04 20 23 19 58.946     2013 04 20 23 20  7.019       8.1
421
 2013 04 20 11 38 40.961     2013 04 20 11 42 10.087     209.1
422
 2013 04 20 11 49 39.635     2013 04 20 11 50 34.578      54.9
 2013 04 20 20 02 31.759     2013 04 20 20 05 53.529     201.8
423
424
 2013 04 20 11 40 21.185     2013 04 20 11 43 24.423     183.2
425
 2013 04 20 21 47  3.542     2013 04 20 21 50  1.048     177.5
426
 2013 04 20 13 21 51.935     2013 04 20 13 25 15.193     203.3
 2013 04 20 21 37 41.232     2013 04 20 21 40 30.862     169.6
427
428
 2013 04 20 21 40 17.108     2013 04 20 21 44  3.639     226.5
429
 2013 04 20 11 41 12.962     2013 04 20 11 44 54.491     221.5
 2013 04 20 21 46 17.913     2013 04 20 21 46 31.819      13.9
430
 2013 04 20 13 15 40.643     2013 04 20 13 18 16.429     155.8
 2013 04 20 23 22 30.833     2013 04 20 23 22 42.560      11.7
431
 2013 04 20 13 23  9.361     2013 04 20 13 26 43.059     213.7
 2013 04 20 21 37  9.664     2013 04 20 21 40 18.869     189.2
432
 2013 04 20 10 09 38.622     2013 04 20 10 12 56.861     198.2
 2013 04 20 20 07 15.922     2013 04 20 20 10 43.073     207.2
433
 2013 04 20 10 09  8.677     2013 04 20 10 12 13.425     184.7
 2013 04 20 20 07 57.985     2013 04 20 20 10 50.740     172.8
434
435
 2013 04 20 11 51 32.306     2013 04 20 11 54 37.246     184.9
 2013 04 20 18 26 46.582     2013 04 20 18 29 24.212     157.6
436
 2013 04 20 21 36 52.450     2013 04 20 21 39 37.178     164.7
437
 2013 04 20 13 22  4.373     2013 04 20 13 24 40.984     156.6
 2013 04 20 21 38 49.384     2013 04 20 21 41 37.729     168.3
438
 2013 04 20 15 03 23.356     2013 04 20 15 06 44.255     200.9
 2013 04 20 19 59   .832     2013 04 20 20 01 38.469     157.6
439
 2013 04 20 13 19 41.677     2013 04 20 13 23  7.571     205.9
440
 2013 04 20 13 18 58.474     2013 04 20 13 20 33.450      95.0
441
 2013 04 20 10 04 29.416     2013 04 20 10 07 45.004     195.6
442
 2013 04 20 13 24 43.659     2013 04 20 13 27 31.543     167.9
 2013 04 20 19 59 22.964     2013 04 20 20 03 12.798     229.8
443
444
 2013 04 20 23 21 19.711     2013 04 20 23 23 53.848     154.1
445
 2013 04 20 11 45 10.762     2013 04 20 11 48 34.963     204.2
446
 2013 04 20 11 48  5.193     2013 04 20 11 50 44.174     159.0
 2013 04 20 20 03 55.137     2013 04 20 20 06 31.358     156.2
447
 2013 04 20 20 07  5.313     2013 04 20 20 09 40.470     155.2
448
 2013 04 20 13 26 11.965     2013 04 20 13 28 51.118     159.2
 2013 04 20 20 00 25.506     2013 04 20 20 03  3.305     157.8
449
 2013 04 20 13 20  4.165     2013 04 20 13 22 47.429     163.3
450
 2013 04 20 13 15  8.303     2013 04 20 13 17 43.403     155.1
451
 2013 04 20 11 40 23.200     2013 04 20 11 43 21.549     178.3
452
 2013 04 20 11 46  6.683     2013 04 20 11 49 19.017     192.3
453
 2013 04 20 10 04 59.720     2013 04 20 10 07 56.032     176.3
454
 2013 04 20 23 16 19.656     2013 04 20 23 19  1.161     161.5
455
 2013 04 20 13 22 50.188     2013 04 20 13 26 20.720     210.5
 2013 04 20 21 39 22.039     2013 04 20 21 42 34.809     192.8
456
 2013 04 20 13 16 48.146     2013 04 20 13 20 16.595     208.4
 2013 04 20 23 17 18.804     2013 04 20 23 20 15.290     176.5
457
 2013 04 20 20 05  1.565     2013 04 20 20 07 12.884     131.3
458
 2013 04 20 23 21 17.664     2013 04 20 23 24 45.037     207.4
459
 2013 04 20 23 19 35.156     2013 04 20 23 19 57.636      22.5
460
461
 2013 04 20 11 40 21.109     2013 04 20 11 40 49.659      28.6
 2013 04 20 21 45 36.432     2013 04 20 21 48 56.595     200.2
462
 2013 04 20 14 59 54.570     2013 04 20 15 02 31.679     157.1
 2013 04 20 21 34 46.671     2013 04 20 21 37 55.803     189.1
463
 2013 04 20 11 46 43.272     2013 04 20 11 50  2.191     198.9
 2013 04 20 20 05  2.394     2013 04 20 20 08  6.081     183.7
464
 2013 04 20 11 41 49.500     2013 04 20 11 42 59.264      69.8
 2013 04 20 21 45 18.425     2013 04 20 21 47 54.146     155.7
465
 2013 04 20 13 17  4.277     2013 04 20 13 20 18.809     194.5
 2013 04 20 23 19 17.298     2013 04 20 23 21 55.755     158.5
466
 2013 04 20 13 17 16.328     2013 04 20 13 20 35.361     199.0
 2013 04 20 23 17 24.660     2013 04 20 23 20  3.140     158.5
467
 2013 04 20 13 16 28.355     2013 04 20 13 19 26.599     178.2
 2013 04 20 23 19 19.594     2013 04 20 23 22  4.240     164.6
468
 2013 04 20 10 04 31.944     2013 04 20 10 07  7.785     155.8
469
 2013 04 20 21 48 16.150     2013 04 20 21 51  5.472     169.3
470
 2013 04 20 13 21   .888     2013 04 20 13 23 37.298     156.4
 2013 04 20 21 42 23.695     2013 04 20 21 42 32.741       9.0
471
 2013 04 20 11 39 38.884     2013 04 20 11 42 29.384     170.5
472
 2013 04 20 10 02 22.428     2013 04 20 10 05 33.377     190.9
 2013 04 20 21 49 11.836     2013 04 20 21 51 57.649     165.8
473
 2013 04 20 14 59 32.428     2013 04 20 14 59 44.447      12.0
 2013 04 20 21 36 27.196     2013 04 20 21 39 20.100     172.9
474
 2013 04 20 20 07 28.006     2013 04 20 20 10 10.829     162.8
475
 2013 04 20 21 41 37.602     2013 04 20 21 44 15.680     158.1
476
 2013 04 20 11 47 20.642     2013 04 20 11 50 31.846     191.2
 2013 04 20 20 03 15.968     2013 04 20 20 06  6.757     170.8
477
 2013 04 20 20 11 30.631     2013 04 20 20 14 37.756     187.1
478
 2013 04 20 13 26 11.722     2013 04 20 13 29 43.777     212.1
 2013 04 20 20 01 39.548     2013 04 20 20 04 24.188     164.6
479
 2013 04 20 11 43 37.235     2013 04 20 11 46 17.551     160.3
 2013 04 20 21 43  7.552     2013 04 20 21 45 55.990     168.4
480
 2013 04 20 11 50 43.817     2013 04 20 11 53 41.490     177.7
 2013 04 20 18 25 10.556     2013 04 20 18 28  5.648     175.1
481
 2013 04 20 11 48 45.238     2013 04 20 11 51 32.663     167.4
 2013 04 20 20 03 20.351     2013 04 20 20 06 22.700     182.3
482
 2013 04 20 21 39 32.764     2013 04 20 21 40  6.665      33.9
483
 2013 04 20 13 17 19.131     2013 04 20 13 20  9.265     170.1
 2013 04 20 23 17 53.195     2013 04 20 23 20 31.598     158.4
484
 2013 04 20 13 24  2.724     2013 04 20 13 27 15.370     192.6
485
 2013 04 20 11 49 24.074     2013 04 20 11 53  6.984     222.9
 2013 04 20 18 27 41.036     2013 04 20 18 28  2.009      21.0
486
 2013 04 20 21 51 10.665     2013 04 20 21 52 11.467      60.8
487
 2013 04 20 15 00 24.808     2013 04 20 15 03  3.074     158.3
 2013 04 20 21 34 57.862     2013 04 20 21 37 39.018     161.2
488
 2013 04 20 13 20 56.158     2013 04 20 13 21  5.728       9.6
 2013 04 20 23 16 47.710     2013 04 20 23 19 32.714     165.0
489
 2013 04 20 13 24 29.741     2013 04 20 13 25 14.643      44.9
 2013 04 20 21 37  6.700     2013 04 20 21 40 22.649     195.9
490
491
 2013 04 20 11 45 52.463     2013 04 20 11 49 33.823     221.4
 2013 04 20 20 04 59.533     2013 04 20 20 05 13.719      14.2
492
 2013 04 20 11 39 31.726     2013 04 20 11 40  1.282      29.6
 2013 04 20 23 23 34.715     2013 04 20 23 26 11.290     156.6
493
 2013 04 20 21 46 57.375     2013 04 20 21 49 55.239     177.9
494
 2013 04 20 11 42  9.021     2013 04 20 11 44 55.540     166.5
 2013 04 20 21 44 30.832     2013 04 20 21 47 13.497     162.7
495
 2013 04 20 13 24 11.053     2013 04 20 13 26 52.617     161.6
 2013 04 20 21 37 18.917     2013 04 20 21 37 21.426       2.5
496
 2013 04 20 13 22 27.484     2013 04 20 13 25 12.705     165.2
 2013 04 20 21 39  9.127     2013 04 20 21 41 45.041     155.9
497
 2013 04 20 10 07 17.071     2013 04 20 10 09 52.254     155.2
 2013 04 20 20 09 31.026     2013 04 20 20 12 43.645     192.6
498
 2013 04 20 23 21 43.072     2013 04 20 23 24 34.212     171.1
499
 2013 04 20 11 39 28.117     2013 04 20 11 42 33.545     185.4
