s4
0
 2013 04 20 10 19 48.543     2013 04 20 10 23 22.491     213.9
 2013 04 20 20 24 46.633     2013 04 20 20 27 33.066     166.4
1
 2013 04 20 13 34 22.143     2013 04 20 13 37 52.569     210.4
 2013 04 20 21 53 54.515     2013 04 20 21 57 10.373     195.9
2
 2013 04 20 22 02 52.675     2013 04 20 22 06  4.194     191.5
3
 2013 04 20 23 34 18.942     2013 04 20 23 37 54.043     215.1
4
 2013 04 20 20 26  1.524     2013 04 20 20 28 36.467     154.9
5
 2013 04 20 10 20 49.043     2013 04 20 10 24 18.378     209.3
 2013 04 20 20 22 17.398     2013 04 20 20 25  6.355     169.0
6
 2013 04 20 11 52 28.372     2013 04 20 11 56  6.982     218.6
7
 2013 04 20 13 34  5.507     2013 04 20 13 36 45.052     159.5
8
9
 2013 04 20 21 54 28.570     2013 04 20 21 58 17.111     228.5
10
 2013 04 20 12 05 29.303     2013 04 20 12 08 48.356     199.1
 2013 04 20 18 40 36.545     2013 04 20 18 43 56.433     199.9
11
 2013 04 20 10 20 27.431     2013 04 20 10 23  5.502     158.1
 2013 04 20 20 23 19.204     2013 04 20 20 26 28.019     188.8
12
 2013 04 20 13 38 15.180     2013 04 20 13 38 16.502       1.3
 2013 04 20 20 15 58.167     2013 04 20 20 18 53.932     175.8
13
14
15
 2013 04 20 15 16 19.433     2013 04 20 15 19 30.617     191.2
 2013 04 20 20 12 29.410     2013 04 20 20 15 25.591     176.2
16
 2013 04 20 11 52 16.226     2013 04 20 11 52 46.201      30.0
 2013 04 20 23 38  4.840     2013 04 20 23 40 58.959     174.1
17
 2013 04 20 11 52 46.584     2013 04 20 11 56 28.192     221.6
18
 2013 04 20 20 16  2.803     2013 04 20 20 19 14.978     192.2
19
 2013 04 20 13 35 14.778     2013 04 20 13 38 19.287     184.5
 2013 04 20 21 52 10.583     2013 04 20 21 55  5.298     174.7
20
 2013 04 20 13 36 42.853     2013 04 20 13 39 49.548     186.7
 2013 04 20 21 51 44.305     2013 04 20 21 54 55.619     191.3
21
 2013 04 20 11 56 33.725     2013 04 20 11 59 15.014     161.3
 2013 04 20 21 57 34.852     2013 04 20 22 00 16.196     161.3
22
 2013 04 20 11 51 11.937     2013 04 20 11 53 49.480     157.5
23
 2013 04 20 10 24 38.825     2013 04 20 10 27 20.099     161.3
24
 2013 04 20 13 31 33.223     2013 04 20 13 34 58.457     205.2
 2013 04 20 23 32 38.036     2013 04 20 23 33 27.652      49.6
25
 2013 04 20 13 34 34.438     2013 04 20 13 37 14.187     159.7
 2013 04 20 21 52 48.977     2013 04 20 21 56 38.464     229.5
26
 2013 04 20 12 01 14.359     2013 04 20 12 04 31.359     197.0
 2013 04 20 20 17 15.546     2013 04 20 20 19 53.873     158.3
27
 2013 04 20 18 41  8.281     2013 04 20 18 44 44.439     216.2
28
 2013 04 20 13 36  1.243     2013 04 20 13 39 45.403     224.2
 2013 04 20 21 51 34.771     2013 04 20 21 54 19.529     164.8
29
 2013 04 20 10 21 28.011     2013 04 20 10 24 43.614     195.6
 2013 04 20 20 22 20.612     2013 04 20 20 24 55.978     155.4
30
 2013 04 20 15 12  9.802     2013 04 20 15 12 48.084      38.3
 2013 04 20 21 53 58.779     2013 04 20 21 54  4.877       6.1
31
 2013 04 20 12 02  2.030     2013 04 20 12 02 40.745      38.7
32
 2013 04 20 20 25 37.428     2013 04 20 20 28 16.189     158.8
33
 2013 04 20 13 31 34.126     2013 04 20 13 34 14.162     160.0
 2013 04 20 23 32  9.502     2013 04 20 23 35  2.402     172.9
34
 2013 04 20 13 34 24.916     2013 04 20 13 35  5.790      40.9
 2013 04 20 21 51 20.403     2013 04 20 21 54 52.930     212.5
35
 2013 04 20 10 18 41.660     2013 04 20 10 21 24.644     163.0
36
 2013 04 20 18 41 38.573     2013 04 20 18 44 19.439     160.9
37
 2013 04 20 18 41 23.095     2013 04 20 18 45 15.231     232.1
38
 2013 04 20 11 53   .060     2013 04 20 11 56 33.445     213.4
39
 2013 04 20 15 14 58.511     2013 04 20 15 18 42.206     223.7
 2013 04 20 21 50 14.815     2013 04 20 21 53 50.914     216.1
40
41
 2013 04 20 11 59 47.182     2013 04 20 12 02 24.827     157.6
 2013 04 20 20 20 47.285     2013 04 20 20 21 50.846      63.6
42
 2013 04 20 12 04 10.295     2013 04 20 12 06 48.880     158.6
 2013 04 20 18 39 46.848     2013 04 20 18 42 43.400     176.6
43
 2013 04 20 13 29 29.124     2013 04 20 13 32 34.365     185.2
 2013 04 20 23 33 50.461     2013 04 20 23 36 46.475     176.0
44
 2013 04 20 13 31 52.256     2013 04 20 13 35 33.261     221.0
 2013 04 20 23 30 44.077     2013 04 20 23 33 59.097     195.0
45
 2013 04 20 22 00  5.677     2013 04 20 22 00 14.082       8.4
46
 2013 04 20 12 08  3.516     2013 04 20 12 08 27.011      23.5
 2013 04 20 13 42 44.101     2013 04 20 13 46  1.365     197.3
 2013 04 20 16 59 30.672     2013 04 20 16 59 30.040       -.6
 2013 04 20 18 38 25.713     2013 04 20 18 41 14.564     168.9
47
 2013 04 20 13 27 59.814     2013 04 20 13 31 36.435     216.6
 2013 04 20 23 38 10.030     2013 04 20 23 38 18.666       8.6
48
 2013 04 20 22 01 16.760     2013 04 20 22 04 24.950     188.2
49
 2013 04 20 10 22 20.870     2013 04 20 10 24 59.843     159.0
 2013 04 20 20 22 46.050     2013 04 20 20 26  5.846     199.8
50
 2013 04 20 15 13 39.336     2013 04 20 15 17 12.143     212.8
 2013 04 20 21 50 24.547     2013 04 20 21 53  5.291     160.7
51
 2013 04 20 10 19 54.893     2013 04 20 10 23  2.839     187.9
 2013 04 20 20 25   .409     2013 04 20 20 26 21.072      80.7
52
 2013 04 20 23 34 34.212     2013 04 20 23 36  2.702      88.5
53
 2013 04 20 10 16 55.687     2013 04 20 10 19 41.212     165.5
54
 2013 04 20 11 53 40.310     2013 04 20 11 56 21.212     160.9
55
56
 2013 04 20 21 54 52.903     2013 04 20 21 58 32.847     219.9
57
 2013 04 20 12 04 52.688     2013 04 20 12 07 34.980     162.3
 2013 04 20 18 40 12.723     2013 04 20 18 42 50.428     157.7
58
 2013 04 20 11 56 44.102     2013 04 20 11 59 34.965     170.9
 2013 04 20 21 57 58.277     2013 04 20 22 01 11.474     193.2
59
 2013 04 20 15 14 27.744     2013 04 20 15 17 10.636     162.9
 2013 04 20 21 49  6.214     2013 04 20 21 51 48.119     161.9
60
 2013 04 20 11 59 46.852     2013 04 20 12 03 21.460     214.6
 2013 04 20 20 16 48.799     2013 04 20 20 20 24.248     215.4
61
 2013 04 20 11 56 25.099     2013 04 20 11 59 40.010     194.9
 2013 04 20 21 56 58.817     2013 04 20 21 59 36.589     157.8
62
 2013 04 20 11 55 22.596     2013 04 20 11 57 59.953     157.4
 2013 04 20 21 58 20.078     2013 04 20 22 01 12.329     172.3
63
 2013 04 20 15 14 27.600     2013 04 20 15 17 58.249     210.6
 2013 04 20 16 52 29.752     2013 04 20 16 56  9.557     219.8
 2013 04 20 20 09 37.547     2013 04 20 20 13 31.563     234.0
 2013 04 20 21 48 10.999     2013 04 20 21 51 19.157     188.2
64
 2013 04 20 11 53 32.088     2013 04 20 11 54 20.601      48.5
 2013 04 20 21 59 50.791     2013 04 20 22 03 11.390     200.6
65
 2013 04 20 12 00 22.671     2013 04 20 12 03 57.977     215.3
 2013 04 20 20 17  3.593     2013 04 20 20 19 55.457     171.9
66
 2013 04 20 13 41 25.263     2013 04 20 13 44 12.146     166.9
 2013 04 20 18 37  8.834     2013 04 20 18 40 15.138     186.3
67
 2013 04 20 15 15 39.981     2013 04 20 15 18 21.607     161.6
 2013 04 20 20 11 12.971     2013 04 20 20 14 54.360     221.4
 2013 04 20 21 49  6.052     2013 04 20 21 49 44.035      38.0
68
 2013 04 20 11 57  5.078     2013 04 20 11 59 46.160     161.1
 2013 04 20 21 57  9.946     2013 04 20 22 00 16.676     186.7
69
 2013 04 20 15 16 18.281     2013 04 20 15 19  3.532     165.3
 2013 04 20 20 11 58.944     2013 04 20 20 14 55.943     177.0
70
 2013 04 20 13 39  4.077     2013 04 20 13 41 47.062     163.0
 2013 04 20 20 14 15.725     2013 04 20 20 17   .165     164.4
71
 2013 04 20 10 17 49.722     2013 04 20 10 21 19.095     209.4
72
 2013 04 20 15 14 34.122     2013 04 20 15 17 22.607     168.5
 2013 04 20 21 49 49.544     2013 04 20 21 52 33.412     163.9
73
 2013 04 20 12 01 40.934     2013 04 20 12 04 26.933     166.0
 2013 04 20 20 18 22.689     2013 04 20 20 21 17.242     174.6
74
 2013 04 20 13 38 37.497     2013 04 20 13 41 54.454     197.0
 2013 04 20 20 15 16.721     2013 04 20 20 18 16.843     180.1
75
 2013 04 20 13 36 50.425     2013 04 20 13 39 48.191     177.8
 2013 04 20 21 52 54.003     2013 04 20 21 56 30.501     216.5
76
 2013 04 20 10 22 26.357     2013 04 20 10 25 33.533     187.2
 2013 04 20 20 21 47.092     2013 04 20 20 24 58.331     191.2
77
 2013 04 20 21 55 34.251     2013 04 20 21 58 16.556     162.3
78
 2013 04 20 11 54 15.820     2013 04 20 11 57 29.272     193.5
 2013 04 20 21 59 11.627     2013 04 20 22 02 30.651     199.0
79
80
 2013 04 20 23 34 47.571     2013 04 20 23 38 17.966     210.4
81
 2013 04 20 20 21  3.187     2013 04 20 20 21  5.449       2.3
82
 2013 04 20 12 04 37.315     2013 04 20 12 07 15.933     158.6
 2013 04 20 18 39 58.940     2013 04 20 18 42 37.499     158.6
83
 2013 04 20 22 02 56.465     2013 04 20 22 05 46.883     170.4
84
 2013 04 20 21 59 10.142     2013 04 20 22 00  3.847      53.7
85
86
 2013 04 20 11 58  1.985     2013 04 20 11 58 10.845       8.9
87
 2013 04 20 13 30  4.867     2013 04 20 13 33 46.889     222.0
 2013 04 20 23 34  1.229     2013 04 20 23 36 41.816     160.6
88
 2013 04 20 13 36 59.132     2013 04 20 13 40 21.174     202.0
 2013 04 20 21 51 13.062     2013 04 20 21 54 54.275     221.2
89
 2013 04 20 10 21 54.237     2013 04 20 10 25 46.214     232.0
 2013 04 20 20 23 17.599     2013 04 20 20 23 18.888       1.3
90
 2013 04 20 12 03 17.248     2013 04 20 12 07  4.598     227.3
 2013 04 20 18 40 35.338     2013 04 20 18 44  5.686     210.3
91
 2013 04 20 11 59 55.317     2013 04 20 12 03 14.885     199.6
 2013 04 20 20 17  1.246     2013 04 20 20 20 32.525     211.3
92
 2013 04 20 20 25 42.843     2013 04 20 20 29 19.357     216.5
93
 2013 04 20 11 54 14.522     2013 04 20 11 57  3.931     169.4
 2013 04 20 21 58 39.684     2013 04 20 21 59  4.888      25.2
94
 2013 04 20 15 15 39.552     2013 04 20 15 18 53.500     193.9
 2013 04 20 20 11 50.109     2013 04 20 20 15 34.373     224.3
95
 2013 04 20 22 02 25.119     2013 04 20 22 05 22.858     177.7
96
97
 2013 04 20 11 59  6.440     2013 04 20 12 02 11.302     184.9
98
 2013 04 20 13 37 39.155     2013 04 20 13 39 47.341     128.2
 2013 04 20 20 15  6.738     2013 04 20 20 15 12.271       5.5
99
 2013 04 20 15 15 19.143     2013 04 20 15 17 57.572     158.4
 2013 04 20 20 10 39.430     2013 04 20 20 10 45.631       6.2
 2013 04 20 21 49  6.714     2013 04 20 21 52 37.892     211.2
100
 2013 04 20 15 16 29.643     2013 04 20 15 19 20.773     171.1
 2013 04 20 20 12 16.609     2013 04 20 20 15  5.137     168.5
101
 2013 04 20 10 25 43.847     2013 04 20 10 26 27.863      44.0
 2013 04 20 20 20 55.202     2013 04 20 20 24 14.385     199.2
102
 2013 04 20 11 51 12.346     2013 04 20 11 54 39.444     207.1
 2013 04 20 23 36 48.523     2013 04 20 23 37 29.630      41.1
103
 2013 04 20 15 15 48.234     2013 04 20 15 19 34.127     225.9
 2013 04 20 20 12 30.011     2013 04 20 20 15 54.754     204.7
104
105
 2013 04 20 20 20 23.108     2013 04 20 20 24  9.382     226.3
106
 2013 04 20 13 39 46.591     2013 04 20 13 42 29.842     163.3
 2013 04 20 20 14 21.051     2013 04 20 20 17  4.741     163.7
107
 2013 04 20 11 52 36.875     2013 04 20 11 55 16.517     159.6
108
 2013 04 20 12 01 36.839     2013 04 20 12 04 54.010     197.2
 2013 04 20 20 17  4.475     2013 04 20 20 19 56.532     172.1
109
 2013 04 20 10 22 51.035     2013 04 20 10 25 32.645     161.6
 2013 04 20 20 21 54.286     2013 04 20 20 25 37.750     223.5
110
 2013 04 20 10 28 19.047     2013 04 20 10 28 20.164       1.1
111
 2013 04 20 13 33 33.680     2013 04 20 13 36 58.259     204.6
112
 2013 04 20 15 13 40.063     2013 04 20 15 16 21.099     161.0
 2013 04 20 21 49 24.606     2013 04 20 21 52 19.468     174.9
113
 2013 04 20 12 01 18.004     2013 04 20 12 04 44.310     206.3
 2013 04 20 20 18 57.992     2013 04 20 20 21 56.580     178.6
114
 2013 04 20 11 59 12.293     2013 04 20 12 02 13.704     181.4
115
 2013 04 20 10 16 59.123     2013 04 20 10 19 47.194     168.1
116
 2013 04 20 13 32 34.735     2013 04 20 13 36 20.219     225.5
 2013 04 20 23 29 53.576     2013 04 20 23 30   .837       7.3
117
 2013 04 20 20 29 51.349     2013 04 20 20 31  1.532      70.2
118
 2013 04 20 13 39 15.744     2013 04 20 13 42 14.069     178.3
 2013 04 20 20 14  2.311     2013 04 20 20 16 39.673     157.4
119
 2013 04 20 12 02 19.375     2013 04 20 12 04 58.810     159.4
 2013 04 20 20 17 42.934     2013 04 20 20 21 17.672     214.7
120
 2013 04 20 12 02 13.161     2013 04 20 12 04 51.072     157.9
 2013 04 20 20 17 39.246     2013 04 20 20 21  1.159     201.9
121
 2013 04 20 11 51 24.362     2013 04 20 11 55  7.485     223.1
122
 2013 04 20 12 03  9.566     2013 04 20 12 06 13.527     184.0
 2013 04 20 18 43 41.342     2013 04 20 18 43 52.923      11.6
123
 2013 04 20 12 02 52.096     2013 04 20 12 05 30.799     158.7
124
 2013 04 20 15 12 15.557     2013 04 20 15 15 32.036     196.5
125
 2013 04 20 11 52 43.484     2013 04 20 11 55 39.270     175.8
126
 2013 04 20 13 30 49.793     2013 04 20 13 32  2.752      73.0
 2013 04 20 23 33 21.043     2013 04 20 23 36 59.188     218.1
127
 2013 04 20 13 38 21.506     2013 04 20 13 41 22.650     181.1
 2013 04 20 20 13 34.203     2013 04 20 20 16 49.372     195.2
128
 2013 04 20 13 33 58.806     2013 04 20 13 37 19.790     201.0
129
 2013 04 20 11 50 56.807     2013 04 20 11 54 27.491     210.7
 2013 04 20 23 37  3.259     2013 04 20 23 40 46.241     223.0
130
131
 2013 04 20 18 40 54.484     2013 04 20 18 44 30.130     215.6
132
 2013 04 20 10 25  7.923     2013 04 20 10 28 19.319     191.4
 2013 04 20 18 42 20.131     2013 04 20 18 46   .762     220.6
133
 2013 04 20 10 24  5.266     2013 04 20 10 27 39.307     214.0
134
 2013 04 20 11 56  9.844     2013 04 20 11 59 17.310     187.5
 2013 04 20 21 57 13.458     2013 04 20 21 59 48.800     155.3
135
 2013 04 20 10 24  9.840     2013 04 20 10 27 36.861     207.0
136
 2013 04 20 13 40 11.875     2013 04 20 13 43 36.874     205.0
 2013 04 20 20 15 24.399     2013 04 20 20 18 45.499     201.1
137
 2013 04 20 15 14 40.143     2013 04 20 15 17 38.577     178.4
 2013 04 20 21 49 58.368     2013 04 20 21 52 49.382     171.0
138
 2013 04 20 00 00   .000     2013 04 20 00 00  1.244       1.2
 2013 04 20 23 37 14.187     2013 04 20 23 38  2.099      47.9
139
 2013 04 20 13 34 31.828     2013 04 20 13 38   .879     209.1
 2013 04 20 21 51 36.039     2013 04 20 21 55 13.332     217.3
140
 2013 04 20 11 53 42.716     2013 04 20 11 55  1.075      78.4
 2013 04 20 21 59 47.140     2013 04 20 22 03  1.439     194.3
141
 2013 04 20 13 34  2.641     2013 04 20 13 36 40.346     157.7
142
 2013 04 20 13 39 16.128     2013 04 20 13 42 42.315     206.2
 2013 04 20 20 15 40.087     2013 04 20 20 18 17.105     157.0
143
 2013 04 20 22 01 24.835     2013 04 20 22 04 52.501     207.7
144
 2013 04 20 11 57 11.557     2013 04 20 12 00 21.237     189.7
 2013 04 20 21 56 27.368     2013 04 20 21 59 40.283     192.9
145
 2013 04 20 11 55   .923     2013 04 20 11 57 48.327     167.4
 2013 04 20 21 58 45.011     2013 04 20 22 01 42.730     177.7
146
 2013 04 20 13 31 59.824     2013 04 20 13 34 48.961     169.1
 2013 04 20 23 31 31.274     2013 04 20 23 34 47.889     196.6
147
 2013 04 20 10 22 14.794     2013 04 20 10 25 42.828     208.0
148
 2013 04 20 13 36  4.562     2013 04 20 13 38 45.974     161.4
 2013 04 20 21 52 40.550     2013 04 20 21 55 17.539     157.0
149
 2013 04 20 10 24 30.361     2013 04 20 10 25 17.482      47.1
 2013 04 20 20 21 45.955     2013 04 20 20 24 21.582     155.6
150
 2013 04 20 10 18 26.746     2013 04 20 10 21 55.024     208.3
151
 2013 04 20 13 37 23.803     2013 04 20 13 40 27.083     183.3
152
 2013 04 20 23 36 43.834     2013 04 20 23 39 39.976     176.1
153
 2013 04 20 15 12 42.538     2013 04 20 15 13 33.964      51.4
 2013 04 20 21 50 17.167     2013 04 20 21 53 41.164     204.0
154
 2013 04 20 20 28 24.240     2013 04 20 20 29 28.556      64.3
155
 2013 04 20 13 29 11.870     2013 04 20 13 32 18.189     186.3
 2013 04 20 23 33 50.026     2013 04 20 23 37  2.541     192.5
156
 2013 04 20 21 55 22.760     2013 04 20 21 58 27.149     184.4
157
 2013 04 20 13 33 37.809     2013 04 20 13 37 26.932     229.1
158
159
 2013 04 20 20 20 50.118     2013 04 20 20 23 38.610     168.5
160
 2013 04 20 21 58 49.826     2013 04 20 22 00  3.694      73.9
161
 2013 04 20 11 55 10.840     2013 04 20 11 58 20.515     189.7
 2013 04 20 21 59  7.537     2013 04 20 22 01 44.954     157.4
162
 2013 04 20 10 25 18.756     2013 04 20 10 28 49.758     211.0
 2013 04 20 18 42 14.706     2013 04 20 18 45 29.970     195.3
163
 2013 04 20 12 04  5.333     2013 04 20 12 07 57.642     232.3
 2013 04 20 18 41  9.698     2013 04 20 18 43 49.270     159.6
164
 2013 04 20 10 24 28.624     2013 04 20 10 28 13.778     225.2
165
166
 2013 04 20 10 23 48.209     2013 04 20 10 26 44.359     176.1
167
 2013 04 20 10 18 16.277     2013 04 20 10 21  9.670     173.4
168
 2013 04 20 23 36  9.597     2013 04 20 23 39 54.294     224.7
169
 2013 04 20 23 37  3.808     2013 04 20 23 39 48.368     164.6
170
 2013 04 20 10 24 31.048     2013 04 20 10 27 11.413     160.4
171
 2013 04 20 21 54 54.246     2013 04 20 21 58 43.740     229.5
172
 2013 04 20 20 24 23.335     2013 04 20 20 24 30.758       7.4
173
 2013 04 20 12 01 41.515     2013 04 20 12 04 19.324     157.8
 2013 04 20 20 18  2.682     2013 04 20 20 20 50.396     167.7
174
175
 2013 04 20 13 31 55.672     2013 04 20 13 34 53.810     178.1
 2013 04 20 23 32 14.363     2013 04 20 23 33 12.029      57.7
176
 2013 04 20 12 04  2.854     2013 04 20 12 07 50.408     227.6
 2013 04 20 13 42  8.896     2013 04 20 13 45 58.282     229.4
 2013 04 20 18 38 41.435     2013 04 20 18 41 18.937     157.5
177
 2013 04 20 20 20 12.053     2013 04 20 20 22 53.789     161.7
178
 2013 04 20 13 38 15.056     2013 04 20 13 41 14.020     179.0
 2013 04 20 20 13 29.940     2013 04 20 20 16 55.858     205.9
179
 2013 04 20 10 22  1.690     2013 04 20 10 25 19.048     197.4
 2013 04 20 20 21 58.317     2013 04 20 20 24 47.584     169.3
180
 2013 04 20 11 56 46.465     2013 04 20 11 59 58.319     191.9
 2013 04 20 21 57 58.025     2013 04 20 22 01 38.925     220.9
181
 2013 04 20 21 55 33.092     2013 04 20 21 58 14.159     161.1
182
 2013 04 20 11 55 47.354     2013 04 20 11 58 28.069     160.7
 2013 04 20 21 58 27.739     2013 04 20 22 01  3.601     155.9
183
 2013 04 20 12 00 33.098     2013 04 20 12 03 22.116     169.0
 2013 04 20 20 17 42.299     2013 04 20 20 20 39.247     176.9
184
 2013 04 20 10 15 23.419     2013 04 20 10 18  4.933     161.5
 2013 04 20 22 04  3.705     2013 04 20 22 06 58.380     174.7
185
 2013 04 20 13 36  8.457     2013 04 20 13 39 57.551     229.1
 2013 04 20 21 53 41.404     2013 04 20 21 57  4.721     203.3
186
 2013 04 20 21 54 41.899     2013 04 20 21 57 17.764     155.9
187
 2013 04 20 21 56  3.541     2013 04 20 21 59 41.955     218.4
188
 2013 04 20 13 27 53.692     2013 04 20 13 27 54.573        .9
 2013 04 20 23 34 44.037     2013 04 20 23 38 16.464     212.4
189
190
 2013 04 20 15 14 33.029     2013 04 20 15 17 26.754     173.7
 2013 04 20 21 49 55.706     2013 04 20 21 52 40.028     164.3
191
 2013 04 20 10 25 40.598     2013 04 20 10 29 23.639     223.0
 2013 04 20 18 42 15.463     2013 04 20 18 45  3.296     167.8
192
 2013 04 20 22 01 10.809     2013 04 20 22 02 27.219      76.4
193
 2013 04 20 23 37 30.984     2013 04 20 23 40 39.767     188.8
194
 2013 04 20 11 55 51.817     2013 04 20 11 59   .548     188.7
 2013 04 20 21 58 47.675     2013 04 20 22 01 30.054     162.4
195
 2013 04 20 15 15 54.302     2013 04 20 15 19  7.661     193.4
 2013 04 20 20 12  6.326     2013 04 20 20 15 30.219     203.9
196
 2013 04 20 20 21 31.196     2013 04 20 20 24 14.400     163.2
197
 2013 04 20 20 20 51.055     2013 04 20 20 24  2.518     191.5
198
 2013 04 20 10 20 55.876     2013 04 20 10 21  8.349      12.5
 2013 04 20 20 21 56.327     2013 04 20 20 24 37.556     161.2
199
 2013 04 20 13 33 46.001     2013 04 20 13 33 48.820       2.8
 2013 04 20 21 54 23.043     2013 04 20 21 57 45.990     202.9
200
 2013 04 20 11 52 52.016     2013 04 20 11 56 31.409     219.4
201
202
 2013 04 20 20 21 10.240     2013 04 20 20 23 53.205     163.0
203
204
205
 2013 04 20 11 58 57.684     2013 04 20 12 01 35.261     157.6
206
 2013 04 20 13 35 13.394     2013 04 20 13 37 51.003     157.6
 2013 04 20 21 52 53.308     2013 04 20 21 55 54.668     181.4
207
 2013 04 20 22 01 28.905     2013 04 20 22 04  5.671     156.8
208
 2013 04 20 23 35 24.220     2013 04 20 23 38 14.725     170.5
209
 2013 04 20 12 01 27.057     2013 04 20 12 04 14.372     167.3
 2013 04 20 20 18 32.144     2013 04 20 20 21 16.361     164.2
210
 2013 04 20 11 52 33.997     2013 04 20 11 56 21.180     227.2
211
 2013 04 20 13 41 31.284     2013 04 20 13 44 21.282     170.0
 2013 04 20 18 37 18.732     2013 04 20 18 40 19.307     180.6
212
 2013 04 20 13 37 41.774     2013 04 20 13 40 30.784     169.0
213
 2013 04 20 10 19 33.598     2013 04 20 10 22 14.950     161.4
214
 2013 04 20 13 38 37.143     2013 04 20 13 41 15.914     158.8
 2013 04 20 20 14  8.189     2013 04 20 20 17 23.168     195.0
215
 2013 04 20 20 26 17.594     2013 04 20 20 28 53.677     156.1
216
 2013 04 20 13 38 43.220     2013 04 20 13 41 23.851     160.6
 2013 04 20 20 14  7.609     2013 04 20 20 17 12.889     185.3
217
218
 2013 04 20 20 21 10.874     2013 04 20 20 23 52.934     162.1
219
 2013 04 20 13 39  8.300     2013 04 20 13 41 50.948     162.6
 2013 04 20 20 14 50.696     2013 04 20 20 17 35.200     164.5
220
 2013 04 20 13 40 57.008     2013 04 20 13 44 43.874     226.9
 2013 04 20 18 37 38.894     2013 04 20 18 41 12.983     214.1
221
 2013 04 20 13 38 58.364     2013 04 20 13 41 42.451     164.1
 2013 04 20 20 14 48.518     2013 04 20 20 17 40.401     171.9
222
223
 2013 04 20 11 57 15.989     2013 04 20 11 58 39.563      83.6
224
 2013 04 20 13 39 34.263     2013 04 20 13 42 56.833     202.6
 2013 04 20 15 17 27.128     2013 04 20 15 21 23.300     236.2
 2013 04 20 20 13 38.372     2013 04 20 20 16 31.638     173.3
225
 2013 04 20 11 51 20.872     2013 04 20 11 55  1.473     220.6
226
 2013 04 20 12 02 11.012     2013 04 20 12 05  1.218     170.2
 2013 04 20 20 18  1.997     2013 04 20 20 21 37.568     215.6
227
 2013 04 20 10 18 50.646     2013 04 20 10 22 37.490     226.8
 2013 04 20 20 24 51.348     2013 04 20 20 28 27.131     215.8
228
 2013 04 20 13 40 45.955     2013 04 20 13 44  1.355     195.4
 2013 04 20 18 36 56.127     2013 04 20 18 37 38.112      42.0
 2013 04 20 20 14 57.905     2013 04 20 20 15 21.131      23.2
229
 2013 04 20 13 30 59.080     2013 04 20 13 34  7.351     188.3
 2013 04 20 23 31 54.649     2013 04 20 23 34 30.096     155.4
230
 2013 04 20 23 34 46.133     2013 04 20 23 37 50.197     184.1
231
 2013 04 20 11 58  7.659     2013 04 20 12 01 57.525     229.9
232
 2013 04 20 11 57 44.223     2013 04 20 12 01 16.417     212.2
233
234
 2013 04 20 11 59 39.306     2013 04 20 12 00 15.374      36.1
 2013 04 20 20 19 43.299     2013 04 20 20 22 32.475     169.2
235
236
237
 2013 04 20 11 59 14.597     2013 04 20 12 01 52.812     158.2
238
 2013 04 20 20 20 24.961     2013 04 20 20 23 26.750     181.8
239
 2013 04 20 13 30 18.454     2013 04 20 13 33 15.775     177.3
 2013 04 20 23 33 35.256     2013 04 20 23 36 10.357     155.1
240
 2013 04 20 23 35  5.231     2013 04 20 23 38  2.167     176.9
241
 2013 04 20 11 58 42.843     2013 04 20 12 01 32.662     169.8
242
243
244
245
 2013 04 20 12 02 58.859     2013 04 20 12 05 45.101     166.2
246
 2013 04 20 10 21   .493     2013 04 20 10 22 15.233      74.7
247
 2013 04 20 12 03 56.223     2013 04 20 12 07 31.316     215.1
 2013 04 20 13 41 49.305     2013 04 20 13 42 12.557      23.3
 2013 04 20 18 38 46.469     2013 04 20 18 41 26.568     160.1
248
 2013 04 20 11 52 33.012     2013 04 20 11 53 29.709      56.7
 2013 04 20 23 37 55.129     2013 04 20 23 40 30.207     155.1
249
 2013 04 20 15 14 50.130     2013 04 20 15 17 29.341     159.2
 2013 04 20 21 49 11.211     2013 04 20 21 52  7.906     176.7
250
 2013 04 20 15 13 50.039     2013 04 20 15 16 58.118     188.1
 2013 04 20 21 50  6.491     2013 04 20 21 52 47.070     160.6
251
 2013 04 20 10 17 55.091     2013 04 20 10 19 15.474      80.4
252
 2013 04 20 12 03 46.119     2013 04 20 12 07 21.374     215.3
 2013 04 20 18 40 45.775     2013 04 20 18 43 45.413     179.6
253
 2013 04 20 11 58 48.624     2013 04 20 12 02 26.237     217.6
254
 2013 04 20 23 35  6.169     2013 04 20 23 37 41.628     155.5
255
 2013 04 20 21 55 56.954     2013 04 20 21 58 33.482     156.5
256
 2013 04 20 13 36 28.208     2013 04 20 13 37   .584      32.4
 2013 04 20 21 53 23.506     2013 04 20 21 53 33.944      10.4
257
 2013 04 20 22 00 40.889     2013 04 20 22 03 21.570     160.7
258
259
 2013 04 20 10 18 18.970     2013 04 20 10 18 54.396      35.4
 2013 04 20 20 27 40.075     2013 04 20 20 28 58.172      78.1
260
 2013 04 20 10 20 20.845     2013 04 20 10 22  3.598     102.8
 2013 04 20 20 24 45.776     2013 04 20 20 27 23.928     158.2
261
 2013 04 20 12 01  4.633     2013 04 20 12 03 57.129     172.5
 2013 04 20 20 17 42.096     2013 04 20 20 20 19.123     157.0
262
 2013 04 20 13 37 52.962     2013 04 20 13 41 34.692     221.7
 2013 04 20 20 15  6.159     2013 04 20 20 18 53.417     227.3
263
264
 2013 04 20 08 42 57.854     2013 04 20 08 43 27.308      29.5
 2013 04 20 20 28 35.389     2013 04 20 20 31 22.842     167.5
265
 2013 04 20 13 30 39.239     2013 04 20 13 33 17.346     158.1
 2013 04 20 23 32 45.455     2013 04 20 23 35 22.546     157.1
266
 2013 04 20 21 54  4.609     2013 04 20 21 54 47.453      42.8
267
 2013 04 20 13 37 42.303     2013 04 20 13 40 26.177     163.9
268
 2013 04 20 10 24 37.130     2013 04 20 10 27 19.798     162.7
269
 2013 04 20 12 00 15.090     2013 04 20 12 02 53.950     158.9
 2013 04 20 20 17 53.770     2013 04 20 20 21 13.649     199.9
270
 2013 04 20 20 20 33.677     2013 04 20 20 23  9.600     155.9
271
 2013 04 20 23 34  6.830     2013 04 20 23 37 51.615     224.8
272
273
 2013 04 20 11 55 28.118     2013 04 20 11 58 10.063     161.9
 2013 04 20 21 57 53.337     2013 04 20 22 00 48.308     175.0
274
275
 2013 04 20 11 49 22.920     2013 04 20 11 52 58.967     216.0
 2013 04 20 23 38 19.354     2013 04 20 23 40 54.281     154.9
276
 2013 04 20 12 02 50.264     2013 04 20 12 05 36.199     165.9
277
 2013 04 20 15 15 28.281     2013 04 20 15 19 15.528     227.2
 2013 04 20 20 12  8.158     2013 04 20 20 16   .915     232.8
278
 2013 04 20 11 59 53.969     2013 04 20 12 02 37.468     163.5
 2013 04 20 20 18 17.167     2013 04 20 20 21 55.731     218.6
279
 2013 04 20 11 50 52.563     2013 04 20 11 54 30.948     218.4
 2013 04 20 23 37   .949     2013 04 20 23 40 39.408     218.5
280
 2013 04 20 11 53 54.679     2013 04 20 11 56 35.620     160.9
281
 2013 04 20 21 55 47.606     2013 04 20 21 58 38.995     171.4
282
 2013 04 20 11 51 41.135     2013 04 20 11 54 18.730     157.6
283
 2013 04 20 15 14 26.773     2013 04 20 15 17  8.446     161.7
 2013 04 20 21 49  8.974     2013 04 20 21 51 49.937     161.0
284
285
286
 2013 04 20 10 26  9.612     2013 04 20 10 29 48.683     219.1
 2013 04 20 18 42 18.729     2013 04 20 18 44 55.313     156.6
287
 2013 04 20 13 30 58.738     2013 04 20 13 33 55.977     177.2
 2013 04 20 23 33 10.885     2013 04 20 23 36  1.586     170.7
288
 2013 04 20 11 59 15.908     2013 04 20 12 03  7.729     231.8
 2013 04 20 20 19 20.475     2013 04 20 20 22 48.019     207.5
289
 2013 04 20 10 20 14.182     2013 04 20 10 23 28.432     194.3
 2013 04 20 20 24 29.412     2013 04 20 20 27 10.433     161.0
290
291
 2013 04 20 12 02  1.802     2013 04 20 12 05  1.096     179.3
 2013 04 20 20 17  6.695     2013 04 20 20 20 18.723     192.0
292
 2013 04 20 13 39  3.146     2013 04 20 13 42 26.062     202.9
 2013 04 20 20 15 34.929     2013 04 20 20 18 14.112     159.2
293
 2013 04 20 11 52  3.470     2013 04 20 11 53 16.108      72.6
294
 2013 04 20 12 02 36.987     2013 04 20 12 05 36.465     179.5
 2013 04 20 20 16 34.515     2013 04 20 20 17 15.353      40.8
295
 2013 04 20 10 21   .544     2013 04 20 10 24 41.690     221.1
 2013 04 20 20 22  7.045     2013 04 20 20 24 47.569     160.5
296
 2013 04 20 11 58 17.582     2013 04 20 12 01  9.869     172.3
297
 2013 04 20 13 40 32.183     2013 04 20 13 43 26.664     174.5
 2013 04 20 20 14 53.858     2013 04 20 20 18 26.795     212.9
298
 2013 04 20 13 35 13.872     2013 04 20 13 38 22.917     189.0
 2013 04 20 21 52  6.787     2013 04 20 21 55   .901     174.1
299
 2013 04 20 23 37  8.960     2013 04 20 23 40  9.767     180.8
300
 2013 04 20 15 14 49.126     2013 04 20 15 15  1.225      12.1
 2013 04 20 21 50 30.647     2013 04 20 21 54 12.228     221.6
301
 2013 04 20 11 54 46.335     2013 04 20 11 58 18.987     212.7
 2013 04 20 21 56 52.497     2013 04 20 22 00 31.623     219.1
302
303
 2013 04 20 10 20 41.781     2013 04 20 10 23 22.126     160.3
 2013 04 20 20 23 47.234     2013 04 20 20 26 32.469     165.2
304
 2013 04 20 11 58  6.151     2013 04 20 12 00 56.781     170.6
305
 2013 04 20 13 35 14.805     2013 04 20 13 38  9.914     175.1
 2013 04 20 21 53 34.361     2013 04 20 21 56 20.243     165.9
306
 2013 04 20 10 20 14.437     2013 04 20 10 23 50.948     216.5
 2013 04 20 20 24 42.614     2013 04 20 20 27 17.823     155.2
307
 2013 04 20 20 24 29.889     2013 04 20 20 27 40.772     190.9
308
 2013 04 20 11 59  9.119     2013 04 20 11 59 23.282      14.2
 2013 04 20 20 19 38.596     2013 04 20 20 22 55.490     196.9
309
 2013 04 20 13 37 15.567     2013 04 20 13 41  7.336     231.8
 2013 04 20 20 16 18.564     2013 04 20 20 16 35.944      17.4
310
 2013 04 20 23 35 28.027     2013 04 20 23 38  2.960     154.9
311
 2013 04 20 10 21 25.415     2013 04 20 10 24 19.232     173.8
 2013 04 20 20 23 45.203     2013 04 20 20 26 29.808     164.6
312
313
 2013 04 20 23 36 28.238     2013 04 20 23 39 28.271     180.0
314
 2013 04 20 11 55 28.287     2013 04 20 11 58 31.131     182.8
 2013 04 20 21 57 24.854     2013 04 20 22 00 20.753     175.9
315
 2013 04 20 15 14 14.422     2013 04 20 15 17 31.815     197.4
 2013 04 20 21 50 17.878     2013 04 20 21 52 57.324     159.4
316
 2013 04 20 10 21 22.870     2013 04 20 10 25  7.882     225.0
 2013 04 20 20 23 53.399     2013 04 20 20 27 18.176     204.8
317
 2013 04 20 23 36 29.168     2013 04 20 23 39 44.347     195.2
318
 2013 04 20 13 31 50.841     2013 04 20 13 34 35.130     164.3
 2013 04 20 23 32 16.842     2013 04 20 23 35 48.723     211.9
319
 2013 04 20 10 28   .758     2013 04 20 10 28 50.150      49.4
 2013 04 20 18 41 42.933     2013 04 20 18 45 26.174     223.2
320
 2013 04 20 12 02 10.384     2013 04 20 12 04 53.269     162.9
 2013 04 20 20 17 56.541     2013 04 20 20 21 23.072     206.5
321
 2013 04 20 12 03 41.892     2013 04 20 12 06 59.850     198.0
 2013 04 20 18 40 25.545     2013 04 20 18 43 38.844     193.3
322
 2013 04 20 22 00 14.555     2013 04 20 22 02 49.684     155.1
323
 2013 04 20 20 25 16.690     2013 04 20 20 28 53.460     216.8
324
 2013 04 20 12 03  2.811     2013 04 20 12 06 30.968     208.2
 2013 04 20 18 38 13.397     2013 04 20 18 41 54.922     221.5
325
 2013 04 20 10 19 57.513     2013 04 20 10 20 39.754      42.2
 2013 04 20 20 25  1.165     2013 04 20 20 27 36.211     155.0
326
 2013 04 20 12 05 45.538     2013 04 20 12 08 25.462     159.9
 2013 04 20 18 39 50.572     2013 04 20 18 43 13.539     203.0
327
 2013 04 20 20 19 31.834     2013 04 20 20 23  1.789     210.0
328
329
 2013 04 20 15 15  3.976     2013 04 20 15 17 55.915     171.9
 2013 04 20 21 49 42.505     2013 04 20 21 52 56.987     194.5
330
 2013 04 20 13 36 31.501     2013 04 20 13 37 20.556      49.1
 2013 04 20 21 51  3.299     2013 04 20 21 54 23.481     200.2
331
332
 2013 04 20 15 15 16.461     2013 04 20 15 18 53.872     217.4
 2013 04 20 20 15 54.536     2013 04 20 20 15 58.941       4.4
 2013 04 20 21 50   .667     2013 04 20 21 50 55.291      54.6
333
 2013 04 20 13 30  1.745     2013 04 20 13 33 23.571     201.8
 2013 04 20 23 33 56.395     2013 04 20 23 36 31.474     155.1
334
 2013 04 20 11 54 54.732     2013 04 20 11 58 27.925     213.2
 2013 04 20 21 56 54.256     2013 04 20 22 00 22.158     207.9
335
336
 2013 04 20 20 27 20.917     2013 04 20 20 29 58.016     157.1
337
 2013 04 20 12 01 48.269     2013 04 20 12 05 37.250     229.0
 2013 04 20 20 18 35.216     2013 04 20 20 19 34.328      59.1
338
 2013 04 20 11 55 15.422     2013 04 20 11 55 49.803      34.4
339
 2013 04 20 23 37 12.183     2013 04 20 23 39 52.120     159.9
340
 2013 04 20 13 37 29.185     2013 04 20 13 40 20.844     171.7
 2013 04 20 21 51 21.293     2013 04 20 21 51 30.106       8.8
341
 2013 04 20 10 22 51.988     2013 04 20 10 25 37.346     165.4
 2013 04 20 20 22 16.228     2013 04 20 20 22 19.798       3.6
342
 2013 04 20 13 35 49.720     2013 04 20 13 39 18.368     208.6
 2013 04 20 21 51 52.275     2013 04 20 21 54 29.501     157.2
343
 2013 04 20 13 40  4.568     2013 04 20 13 42 44.360     159.8
 2013 04 20 20 14 45.823     2013 04 20 20 17 39.232     173.4
344
 2013 04 20 20 20 28.804     2013 04 20 20 23 20.342     171.5
345
 2013 04 20 10 17 12.005     2013 04 20 10 19 49.532     157.5
346
 2013 04 20 11 49 55.810     2013 04 20 11 53 36.518     220.7
 2013 04 20 23 37 54.401     2013 04 20 23 40 38.607     164.2
347
 2013 04 20 15 13  8.657     2013 04 20 15 15 53.370     164.7
 2013 04 20 21 49  8.975     2013 04 20 21 52 42.333     213.4
348
 2013 04 20 13 37 24.767     2013 04 20 13 40  5.981     161.2
 2013 04 20 21 52  9.513     2013 04 20 21 52 23.836      14.3
349
350
 2013 04 20 10 24 24.205     2013 04 20 10 27  1.958     157.8
351
 2013 04 20 10 17  3.364     2013 04 20 10 19 41.422     158.1
352
 2013 04 20 12 01 14.503     2013 04 20 12 04 12.082     177.6
 2013 04 20 20 17 34.630     2013 04 20 20 20 11.397     156.8
353
 2013 04 20 20 20 39.061     2013 04 20 20 23 17.968     158.9
354
 2013 04 20 13 40 40.016     2013 04 20 13 44 10.502     210.5
 2013 04 20 18 37  3.423     2013 04 20 18 37 10.629       7.2
 2013 04 20 20 15  8.640     2013 04 20 20 15 30.482      21.8
355
 2013 04 20 10 18 32.242     2013 04 20 10 18 41.640       9.4
 2013 04 20 20 25 14.286     2013 04 20 20 28 41.843     207.6
356
 2013 04 20 11 49 35.062     2013 04 20 11 50  2.612      27.6
 2013 04 20 23 37 57.951     2013 04 20 23 40 34.229     156.3
357
358
 2013 04 20 11 51 51.144     2013 04 20 11 55 21.632     210.5
359
 2013 04 20 23 36 39.415     2013 04 20 23 39 26.996     167.6
360
 2013 04 20 23 35   .177     2013 04 20 23 38 41.349     221.2
361
 2013 04 20 13 41  3.725     2013 04 20 13 43 46.333     162.6
 2013 04 20 18 36 39.630     2013 04 20 18 40 10.719     211.1
362
 2013 04 20 10 19  7.112     2013 04 20 10 21 51.944     164.8
363
 2013 04 20 13 32 21.253     2013 04 20 13 35 26.165     184.9
 2013 04 20 23 30 50.018     2013 04 20 23 34 34.771     224.8
364
365
 2013 04 20 20 20 35.282     2013 04 20 20 23 34.171     178.9
366
 2013 04 20 15 14 50.228     2013 04 20 15 18  5.004     194.8
 2013 04 20 16 52 42.409     2013 04 20 16 56 31.624     229.2
 2013 04 20 20 10   .561     2013 04 20 20 13 41.759     221.2
 2013 04 20 21 48 15.657     2013 04 20 21 51 41.058     205.4
367
 2013 04 20 12 04 48.620     2013 04 20 12 08 40.271     231.7
 2013 04 20 18 41  9.702     2013 04 20 18 43 59.330     169.6
368
 2013 04 20 10 23 22.891     2013 04 20 10 26  1.618     158.7
369
 2013 04 20 11 53 32.293     2013 04 20 11 56 56.523     204.2
370
371
 2013 04 20 13 36 16.619     2013 04 20 13 39 22.315     185.7
 2013 04 20 21 52  2.869     2013 04 20 21 54 48.346     165.5
372
 2013 04 20 10 18 26.350     2013 04 20 10 21 23.511     177.2
373
 2013 04 20 20 26 56.319     2013 04 20 20 29 38.849     162.5
374
 2013 04 20 10 22 43.893     2013 04 20 10 26 29.939     226.0
 2013 04 20 20 20 50.594     2013 04 20 20 24 31.823     221.2
375
 2013 04 20 12 01 37.093     2013 04 20 12 04 32.639     175.5
 2013 04 20 20 17 28.032     2013 04 20 20 20 14.365     166.3
376
 2013 04 20 20 26 31.587     2013 04 20 20 29  6.886     155.3
377
 2013 04 20 11 52 37.649     2013 04 20 11 56 20.186     222.5
378
 2013 04 20 13 34 39.551     2013 04 20 13 37 18.362     158.8
 2013 04 20 21 52 48.339     2013 04 20 21 56 31.463     223.1
379
 2013 04 20 12 03 22.127     2013 04 20 12 07 17.039     234.9
 2013 04 20 18 40 46.678     2013 04 20 18 44  5.408     198.7
380
 2013 04 20 21 59 35.641     2013 04 20 22 03  8.537     212.9
381
 2013 04 20 10 18  1.878     2013 04 20 10 21 14.425     192.5
382
 2013 04 20 20 26 43.219     2013 04 20 20 29 40.323     177.1
383
 2013 04 20 23 34 44.239     2013 04 20 23 37 58.026     193.8
384
 2013 04 20 12 02 27.854     2013 04 20 12 03 32.283      64.4
385
386
 2013 04 20 13 40 10.296     2013 04 20 13 43 44.731     214.4
 2013 04 20 20 15 29.550     2013 04 20 20 18 53.899     204.3
387
 2013 04 20 12 00  6.648     2013 04 20 12 00 11.051       4.4
 2013 04 20 20 19 49.679     2013 04 20 20 22 25.634     156.0
388
 2013 04 20 13 31  4.559     2013 04 20 13 33 53.152     168.6
 2013 04 20 23 32 14.735     2013 04 20 23 34 50.769     156.0
389
 2013 04 20 13 36 19.470     2013 04 20 13 36 50.973      31.5
 2013 04 20 21 53 32.231     2013 04 20 21 54 34.795      62.6
390
 2013 04 20 20 19 59.194     2013 04 20 20 22 56.426     177.2
391
 2013 04 20 11 57 43.271     2013 04 20 12 00 32.972     169.7
392
 2013 04 20 20 20 17.251     2013 04 20 20 22 53.239     156.0
393
 2013 04 20 13 31 34.655     2013 04 20 13 31 44.319       9.7
 2013 04 20 23 30 45.474     2013 04 20 23 33 45.613     180.1
394
 2013 04 20 11 58  7.134     2013 04 20 12 01  4.062     176.9
395
396
 2013 04 20 13 39 26.535     2013 04 20 13 42 49.360     202.8
 2013 04 20 15 17 17.966     2013 04 20 15 18 28.391      70.4
 2013 04 20 20 13 40.349     2013 04 20 20 16 27.396     167.0
397
 2013 04 20 10 17 25.841     2013 04 20 10 20 25.011     179.2
398
 2013 04 20 11 49 58.912     2013 04 20 11 53 39.717     220.8
 2013 04 20 23 37 51.829     2013 04 20 23 40 37.927     166.1
399
 2013 04 20 13 35 33.369     2013 04 20 13 38 11.157     157.8
 2013 04 20 21 52 55.703     2013 04 20 21 55 39.923     164.2
400
 2013 04 20 13 34 24.866     2013 04 20 13 37 34.229     189.4
 2013 04 20 21 51 42.629     2013 04 20 21 51 43.539        .9
401
 2013 04 20 23 37  5.242     2013 04 20 23 39 51.209     166.0
402
403
 2013 04 20 23 34 46.430     2013 04 20 23 38 32.502     226.1
404
 2013 04 20 13 37 35.972     2013 04 20 13 41 23.349     227.4
 2013 04 20 20 18 53.610     2013 04 20 20 19  7.720      14.1
405
 2013 04 20 20 24 34.596     2013 04 20 20 27 56.093     201.5
406
 2013 04 20 20 20 28.058     2013 04 20 20 20 45.578      17.5
407
 2013 04 20 13 38 32.375     2013 04 20 13 41 42.682     190.3
 2013 04 20 20 15  6.054     2013 04 20 20 18 15.299     189.2
408
 2013 04 20 12 05   .035     2013 04 20 12 07 38.607     158.6
 2013 04 20 18 40   .452     2013 04 20 18 42 40.247     159.8
409
 2013 04 20 20 19 41.496     2013 04 20 20 23  1.040     199.5
410
 2013 04 20 11 59 54.417     2013 04 20 12 02 35.364     160.9
 2013 04 20 20 18 11.034     2013 04 20 20 21 52.327     221.3
411
 2013 04 20 10 19  8.992     2013 04 20 10 22 46.827     217.8
 2013 04 20 20 24 47.075     2013 04 20 20 28  8.847     201.8
412
 2013 04 20 23 36  1.529     2013 04 20 23 38 39.980     158.5
413
 2013 04 20 11 53 55.400     2013 04 20 11 57 34.760     219.4
414
415
 2013 04 20 13 39 43.780     2013 04 20 13 42 33.077     169.3
 2013 04 20 20 15  7.432     2013 04 20 20 17 48.057     160.6
416
 2013 04 20 11 57 48.233     2013 04 20 12 00 47.744     179.5
 2013 04 20 21 55 59.523     2013 04 20 21 56 53.145      53.6
417
 2013 04 20 15 14  7.041     2013 04 20 15 17 30.821     203.8
 2013 04 20 21 50 22.697     2013 04 20 21 53   .636     157.9
418
 2013 04 20 13 40 32.751     2013 04 20 13 43 12.307     159.6
 2013 04 20 18 35 48.411     2013 04 20 18 36 23.342      34.9
 2013 04 20 20 14 12.691     2013 04 20 20 17 43.177     210.5
419
 2013 04 20 13 39  3.980     2013 04 20 13 39 15.712      11.7
 2013 04 20 21 51 24.737     2013 04 20 21 54  9.353     164.6
420
421
 2013 04 20 11 52 48.145     2013 04 20 11 55 29.400     161.3
422
 2013 04 20 12 00 40.609     2013 04 20 12 03 49.829     189.2
 2013 04 20 20 17 25.025     2013 04 20 20 20 10.302     165.3
423
 2013 04 20 12 02 26.517     2013 04 20 12 03  7.228      40.7
424
 2013 04 20 11 53 29.078     2013 04 20 11 53 40.884      11.8
 2013 04 20 21 59 59.824     2013 04 20 22 03 13.001     193.2
425
 2013 04 20 22 01  9.761     2013 04 20 22 01 16.530       6.8
426
 2013 04 20 13 36  1.721     2013 04 20 13 38 48.395     166.7
 2013 04 20 21 52 31.772     2013 04 20 21 55  8.490     156.7
427
428
 2013 04 20 21 55 30.899     2013 04 20 21 58 22.141     171.2
429
 2013 04 20 11 55 22.389     2013 04 20 11 58 10.443     168.1
 2013 04 20 21 57 42.243     2013 04 20 22 00 43.808     181.6
430
 2013 04 20 13 29 12.610     2013 04 20 13 32 33.432     200.8
 2013 04 20 23 34  4.467     2013 04 20 23 37  3.080     178.6
431
 2013 04 20 13 37 19.270     2013 04 20 13 40 14.702     175.4
 2013 04 20 21 51 25.839     2013 04 20 21 52 30.531      64.7
432
 2013 04 20 10 23 29.292     2013 04 20 10 26 10.436     161.1
433
 2013 04 20 10 22 54.820     2013 04 20 10 25 32.332     157.5
 2013 04 20 20 22   .264     2013 04 20 20 23 23.855      83.6
434
435
 2013 04 20 12 04 59.887     2013 04 20 12 08 38.699     218.8
 2013 04 20 18 40 59.808     2013 04 20 18 43 54.709     174.9
436
 2013 04 20 13 35 45.577     2013 04 20 13 39 31.822     226.2
 2013 04 20 21 51 39.558     2013 04 20 21 54 17.425     157.9
437
 2013 04 20 13 35 45.449     2013 04 20 13 38 47.670     182.2
 2013 04 20 21 53 39.158     2013 04 20 21 56 16.379     157.2
438
 2013 04 20 13 39 12.089     2013 04 20 13 42 51.892     219.8
 2013 04 20 15 17 16.209     2013 04 20 15 21  1.519     225.3
 2013 04 20 20 13 29.632     2013 04 20 20 16 13.756     164.1
439
 2013 04 20 13 33 54.359     2013 04 20 13 36 39.098     164.7
440
441
 2013 04 20 10 18 21.333     2013 04 20 10 20 59.267     157.9
442
 2013 04 20 13 38 40.469     2013 04 20 13 41 18.640     158.2
 2013 04 20 20 14 17.440     2013 04 20 20 17 29.715     192.3
443
 2013 04 20 11 54 33.971     2013 04 20 11 57 42.348     188.4
 2013 04 20 22 00 23.645     2013 04 20 22 01 10.310      46.7
444
 2013 04 20 23 36   .078     2013 04 20 23 39  4.337     184.3
445
 2013 04 20 11 59 12.617     2013 04 20 12 01 56.963     164.3
446
 2013 04 20 12 01 45.570     2013 04 20 12 04 29.449     163.9
 2013 04 20 20 18 17.263     2013 04 20 20 21 14.695     177.4
447
 2013 04 20 10 22 14.430     2013 04 20 10 25 56.524     222.1
 2013 04 20 20 21 24.095     2013 04 20 20 24 28.762     184.7
448
 2013 04 20 13 40  3.253     2013 04 20 13 42 44.422     161.2
 2013 04 20 20 14 50.110     2013 04 20 20 17 42.495     172.4
449
 2013 04 20 13 33 58.258     2013 04 20 13 36 39.837     161.6
450
 2013 04 20 13 28 40.833     2013 04 20 13 31 59.705     198.9
 2013 04 20 23 33 57.453     2013 04 20 23 37 34.645     217.2
451
 2013 04 20 11 54 17.051     2013 04 20 11 56 54.415     157.4
 2013 04 20 22 02  7.629     2013 04 20 22 02 20.157      12.5
452
 2013 04 20 12 00  4.471     2013 04 20 12 02 45.127     160.7
 2013 04 20 20 17 42.851     2013 04 20 20 21 17.839     215.0
453
 2013 04 20 10 17 58.804     2013 04 20 10 18 41.078      42.3
454
 2013 04 20 13 31 16.984     2013 04 20 13 34 59.077     222.1
 2013 04 20 23 31 13.239     2013 04 20 23 33 56.913     163.7
455
 2013 04 20 21 53 33.195     2013 04 20 21 53 41.582       8.4
456
 2013 04 20 13 31  3.843     2013 04 20 13 33 46.572     162.7
 2013 04 20 23 32 24.397     2013 04 20 23 35   .476     156.1
457
458
 2013 04 20 23 36 39.169     2013 04 20 23 39 16.103     156.9
459
460
 2013 04 20 21 50 56.913     2013 04 20 21 54 36.343     219.4
461
 2013 04 20 22 00 44.479     2013 04 20 22 03 20.416     155.9
462
 2013 04 20 15 13 52.177     2013 04 20 15 16 40.271     168.1
 2013 04 20 21 49 44.050     2013 04 20 21 52 27.608     163.6
463
 2013 04 20 11 59 58.970     2013 04 20 12 00  4.180       5.2
 2013 04 20 20 19 50.823     2013 04 20 20 22 27.100     156.3
464
 2013 04 20 21 59 39.410     2013 04 20 22 03  2.394     203.0
465
 2013 04 20 23 33 45.132     2013 04 20 23 37 17.030     211.9
466
 2013 04 20 13 31 28.816     2013 04 20 13 34  8.633     159.8
 2013 04 20 23 32 14.251     2013 04 20 23 35  3.051     168.8
467
 2013 04 20 13 29 49.184     2013 04 20 13 30 30.552      41.4
 2013 04 20 23 34 15.961     2013 04 20 23 36 58.653     162.7
468
 2013 04 20 10 17 55.832     2013 04 20 10 20 51.022     175.2
469
 2013 04 20 10 15  3.008     2013 04 20 10 15 37.948      34.9
 2013 04 20 22 03  6.346     2013 04 20 22 05 46.739     160.4
470
 2013 04 20 13 34 40.368     2013 04 20 13 37 45.971     185.6
 2013 04 20 21 53 36.077     2013 04 20 21 56 49.302     193.2
471
 2013 04 20 11 52 49.686     2013 04 20 11 54 11.222      81.5
472
 2013 04 20 10 16 12.518     2013 04 20 10 18 49.709     157.2
 2013 04 20 22 03 22.067     2013 04 20 22 04 31.442      69.4
473
 2013 04 20 21 51 19.335     2013 04 20 21 53 56.094     156.8
474
 2013 04 20 10 21 49.599     2013 04 20 10 25 11.449     201.9
 2013 04 20 20 22  2.825     2013 04 20 20 24 44.755     161.9
475
 2013 04 20 11 56 37.536     2013 04 20 12 00 29.826     232.3
 2013 04 20 21 56 16.772     2013 04 20 21 59  4.953     168.2
476
 2013 04 20 12 01 17.104     2013 04 20 12 03 58.637     161.5
 2013 04 20 20 17 57.076     2013 04 20 20 20 33.579     156.5
477
 2013 04 20 20 26 22.303     2013 04 20 20 28 57.196     154.9
478
 2013 04 20 13 39 47.645     2013 04 20 13 40  8.961      21.3
 2013 04 20 20 15 55.831     2013 04 20 20 19 10.721     194.9
479
 2013 04 20 11 57 18.175     2013 04 20 12 00  3.526     165.4
 2013 04 20 21 57 20.706     2013 04 20 21 59 42.425     141.7
480
 2013 04 20 12 04 33.668     2013 04 20 12 07 13.918     160.2
 2013 04 20 18 39 42.230     2013 04 20 18 42 21.092     158.9
481
 2013 04 20 12 02 31.958     2013 04 20 12 05 10.206     158.2
 2013 04 20 20 17 26.913     2013 04 20 20 19 45.067     138.2
482
 2013 04 20 21 51 12.208     2013 04 20 21 54 28.010     195.8
483
 2013 04 20 13 31 18.089     2013 04 20 13 33 57.229     159.1
 2013 04 20 23 32 42.601     2013 04 20 23 35 31.909     169.3
484
 2013 04 20 13 38  7.723     2013 04 20 13 40 52.621     164.9
 2013 04 20 20 13 31.931     2013 04 20 20 17 23.530     231.6
485
 2013 04 20 12 03 23.370     2013 04 20 12 06 27.803     184.4
 2013 04 20 18 38 37.298     2013 04 20 18 42  9.286     212.0
486
 2013 04 20 10 14  3.314     2013 04 20 10 17 51.838     228.5
 2013 04 20 22 03 36.013     2013 04 20 22 06 23.569     167.6
487
 2013 04 20 15 14 25.141     2013 04 20 15 17  8.107     163.0
 2013 04 20 21 49 42.117     2013 04 20 21 52 20.964     158.8
488
 2013 04 20 13 31 17.638     2013 04 20 13 34 25.594     188.0
 2013 04 20 23 31 44.708     2013 04 20 23 34 25.559     160.9
489
 2013 04 20 13 35 28.949     2013 04 20 13 38 39.526     190.6
 2013 04 20 21 52  8.540     2013 04 20 21 54 50.895     162.4
490
491
 2013 04 20 20 20  3.985     2013 04 20 20 23  2.053     178.1
492
 2013 04 20 00 00   .000     2013 04 20 00 00 15.605      15.6
 2013 04 20 11 50 13.626     2013 04 20 11 53 11.167     177.5
 2013 04 20 23 38 20.964     2013 04 20 23 41 16.879     175.9
493
 2013 04 20 22 01 53.811     2013 04 20 22 04 30.232     156.4
494
 2013 04 20 11 55 24.339     2013 04 20 11 59  9.674     225.3
 2013 04 20 21 59 15.205     2013 04 20 22 01 59.256     164.1
495
 2013 04 20 13 38  4.181     2013 04 20 13 40 44.472     160.3
 2013 04 20 20 17 40.065     2013 04 20 20 18  4.551      24.5
496
 2013 04 20 13 36  2.342     2013 04 20 13 39 26.874     204.5
 2013 04 20 21 53 41.381     2013 04 20 21 56 39.065     177.7
497
 2013 04 20 10 20 31.484     2013 04 20 10 23 45.812     194.3
 2013 04 20 20 24 25.117     2013 04 20 20 27   .526     155.4
498
 2013 04 20 23 36  1.251     2013 04 20 23 36 35.379      34.1
499
 2013 04 20 11 53 25.731     2013 04 20 11 56  2.638     156.9
