s3
0
 2013 04 20 20 34 38.353     2013 04 20 20 37 15.940     157.6
1
 2013 04 20 13 43 49.424     2013 04 20 13 44  2.056      12.6
 2013 04 20 22 03 55.107     2013 04 20 22 06 43.347     168.2
2
 2013 04 20 10 23 47.013     2013 04 20 10 27 34.798     227.8
 2013 04 20 22 12 55.712     2013 04 20 22 15 36.843     161.1
3
4
 2013 04 20 20 35 40.125     2013 04 20 20 38 32.372     172.2
5
 2013 04 20 10 30 55.834     2013 04 20 10 33 45.263     169.4
 2013 04 20 20 32 10.115     2013 04 20 20 34 47.394     157.3
6
 2013 04 20 12 02 39.108     2013 04 20 12 05 31.609     172.5
7
 2013 04 20 13 43 43.474     2013 04 20 13 46 41.269     177.8
 2013 04 20 22 02 39.884     2013 04 20 22 03 45.474      65.6
8
 2013 04 20 12 01 46.069     2013 04 20 12 05 20.495     214.4
9
10
 2013 04 20 12 15  5.483     2013 04 20 12 18 46.623     221.1
 2013 04 20 18 50  4.028     2013 04 20 18 53 55.388     231.4
11
 2013 04 20 10 30 12.573     2013 04 20 10 32 55.996     163.4
 2013 04 20 20 33 20.298     2013 04 20 20 36  1.751     161.5
12
 2013 04 20 20 25 51.189     2013 04 20 20 28 32.629     161.4
13
14
 2013 04 20 22 10 30.335     2013 04 20 22 13 56.311     206.0
15
 2013 04 20 15 25 57.716     2013 04 20 15 29 25.488     207.8
 2013 04 20 20 22 20.181     2013 04 20 20 25  5.590     165.4
16
 2013 04 20 00 07  1.447     2013 04 20 00 09 38.607     157.2
 2013 04 20 11 58 52.747     2013 04 20 12 02  6.214     193.5
17
 2013 04 20 12 02 57.627     2013 04 20 12 05 52.278     174.7
18
 2013 04 20 20 26   .078     2013 04 20 20 28 50.346     170.3
19
 2013 04 20 13 45 11.808     2013 04 20 13 47 53.023     161.2
 2013 04 20 22 02  3.964     2013 04 20 22 04 43.873     159.9
20
 2013 04 20 13 46 38.959     2013 04 20 13 49 23.178     164.2
 2013 04 20 22 01 10.663     2013 04 20 22 04 56.556     225.9
21
 2013 04 20 12 06 22.536     2013 04 20 12 09   .724     158.2
 2013 04 20 22 07  4.778     2013 04 20 22 10 18.388     193.6
22
 2013 04 20 12 00 49.689     2013 04 20 12 03 48.749     179.1
23
 2013 04 20 10 34 27.310     2013 04 20 10 37  4.897     157.6
 2013 04 20 18 52 40.483     2013 04 20 18 52 46.084       5.6
24
 2013 04 20 13 40 57.888     2013 04 20 13 41  9.060      11.2
25
 2013 04 20 13 44 12.549     2013 04 20 13 47 10.065     177.5
 2013 04 20 22 02 54.658     2013 04 20 22 06  7.309     192.7
26
 2013 04 20 12 11 13.084     2013 04 20 12 14  2.584     169.5
 2013 04 20 20 26 52.084     2013 04 20 20 29 46.862     174.8
27
 2013 04 20 18 51  9.685     2013 04 20 18 54 16.945     187.3
28
 2013 04 20 13 46  2.716     2013 04 20 13 49 12.527     189.8
 2013 04 20 22 01  7.684     2013 04 20 22 04 15.081     187.4
29
 2013 04 20 10 31 31.434     2013 04 20 10 34 13.785     162.4
 2013 04 20 20 31 58.441     2013 04 20 20 34 50.758     172.3
30
 2013 04 20 21 59 54.570     2013 04 20 22 03 35.044     220.5
31
 2013 04 20 12 08 41.391     2013 04 20 12 12  3.529     202.1
32
 2013 04 20 20 35 23.134     2013 04 20 20 38  5.094     162.0
33
 2013 04 20 00 00 34.914     2013 04 20 00 04  9.327     214.4
 2013 04 20 13 41 21.589     2013 04 20 13 44   .967     159.4
 2013 04 20 23 41 34.638     2013 04 20 23 45  8.717     214.1
34
 2013 04 20 13 44 29.689     2013 04 20 13 47 44.904     195.2
 2013 04 20 22 01 21.875     2013 04 20 22 04 24.953     183.1
35
 2013 04 20 10 28 14.199     2013 04 20 10 31 29.109     194.9
 2013 04 20 20 37 52.133     2013 04 20 20 38  2.030       9.9
36
 2013 04 20 10 38 54.055     2013 04 20 10 39 35.473      41.4
 2013 04 20 18 51 25.227     2013 04 20 18 54  3.692     158.5
37
 2013 04 20 10 34 36.888     2013 04 20 10 38 22.661     225.8
 2013 04 20 18 51 26.949     2013 04 20 18 54 45.985     199.0
38
 2013 04 20 12 03  9.483     2013 04 20 12 05 59.119     169.6
39
 2013 04 20 15 24 33.715     2013 04 20 15 24 57.739      24.0
 2013 04 20 20 25 43.272     2013 04 20 20 25 45.144       1.9
 2013 04 20 21 59 40.035     2013 04 20 22 00  1.478      21.4
40
41
 2013 04 20 12 09 28.472     2013 04 20 12 12 17.328     168.9
 2013 04 20 20 27 58.489     2013 04 20 20 31 19.061     200.6
42
 2013 04 20 12 13 52.717     2013 04 20 12 16 38.310     165.6
 2013 04 20 18 49 39.294     2013 04 20 18 52 22.507     163.2
43
 2013 04 20 00 02 47.378     2013 04 20 00 05 24.788     157.4
 2013 04 20 13 38 54.944     2013 04 20 13 40 44.691     109.7
 2013 04 20 23 43 46.893     2013 04 20 23 46 24.371     157.5
44
 2013 04 20 00 00   .000     2013 04 20 00 00  2.696       2.7
 2013 04 20 13 41 59.013     2013 04 20 13 44 58.309     179.3
 2013 04 20 23 40  5.494     2013 04 20 23 41  4.227      58.7
45
 2013 04 20 12 04 22.412     2013 04 20 12 08  3.405     221.0
 2013 04 20 22 06 11.661     2013 04 20 22 09 37.796     206.1
46
 2013 04 20 12 14 14.532     2013 04 20 12 17 55.359     220.8
 2013 04 20 13 52 23.951     2013 04 20 13 55 54.907     211.0
 2013 04 20 17 09 24.511     2013 04 20 17 13 20.366     235.9
 2013 04 20 18 48  1.358     2013 04 20 18 51  5.928     184.6
47
 2013 04 20 00 03 19.051     2013 04 20 00 06 40.554     201.5
 2013 04 20 23 44 18.405     2013 04 20 23 47 40.290     201.9
48
 2013 04 20 22 11 18.479     2013 04 20 22 13 58.618     160.1
49
 2013 04 20 10 31 58.200     2013 04 20 10 34 58.054     179.9
 2013 04 20 20 32  5.895     2013 04 20 20 32 30.741      24.8
50
 2013 04 20 15 23 12.722     2013 04 20 15 24  8.345      55.6
 2013 04 20 22 00 10.751     2013 04 20 22 02 49.240     158.5
51
 2013 04 20 10 29 57.272     2013 04 20 10 32 35.224     158.0
 2013 04 20 20 32 36.650     2013 04 20 20 35 46.275     189.6
52
53
 2013 04 20 10 26 26.380     2013 04 20 10 29 47.939     201.6
54
 2013 04 20 12 03 29.035     2013 04 20 12 06  8.344     159.3
55
56
 2013 04 20 22 04 59.167     2013 04 20 22 08  1.298     182.1
57
 2013 04 20 12 14 33.062     2013 04 20 12 17 26.854     173.8
 2013 04 20 18 49 52.290     2013 04 20 18 52 39.855     167.6
58
 2013 04 20 12 06 14.824     2013 04 20 12 09 40.463     205.6
 2013 04 20 22 07 18.760     2013 04 20 22 08 10.409      51.6
59
 2013 04 20 15 24 15.394     2013 04 20 15 26 52.560     157.2
 2013 04 20 21 58 42.841     2013 04 20 22 01 39.131     176.3
60
 2013 04 20 12 09 49.678     2013 04 20 12 12 48.902     179.2
 2013 04 20 20 26 51.073     2013 04 20 20 29 55.861     184.8
61
 2013 04 20 12 06 28.079     2013 04 20 12 09 10.294     162.2
 2013 04 20 22 06 31.855     2013 04 20 22 09 35.526     183.7
62
 2013 04 20 12 05  1.655     2013 04 20 12 07 56.669     175.0
 2013 04 20 22 08 14.676     2013 04 20 22 10 51.892     157.2
63
 2013 04 20 15 24 22.229     2013 04 20 15 27 30.133     187.9
 2013 04 20 17 02  9.642     2013 04 20 17 06  3.571     233.9
 2013 04 20 20 19 31.345     2013 04 20 20 23 11.155     219.8
 2013 04 20 21 57 42.434     2013 04 20 22 01 13.248     210.8
64
 2013 04 20 22 09 55.853     2013 04 20 22 12 41.670     165.8
65
 2013 04 20 12 10 24.777     2013 04 20 12 13 25.681     180.9
 2013 04 20 20 26 55.842     2013 04 20 20 29 35.063     159.2
66
 2013 04 20 13 51  5.755     2013 04 20 13 54  3.476     177.7
 2013 04 20 18 47  1.084     2013 04 20 18 49 54.426     173.3
67
 2013 04 20 15 25 21.329     2013 04 20 15 28 11.411     170.1
 2013 04 20 20 21  8.392     2013 04 20 20 24 31.922     203.5
68
 2013 04 20 12 06 53.633     2013 04 20 12 09 31.884     158.3
 2013 04 20 22 06 32.067     2013 04 20 22 08 29.834     117.8
69
 2013 04 20 15 25 59.102     2013 04 20 15 28 54.076     175.0
 2013 04 20 20 21 49.492     2013 04 20 20 24 36.116     166.6
70
 2013 04 20 13 48 52.122     2013 04 20 13 51 29.133     157.0
 2013 04 20 20 24  3.779     2013 04 20 20 26 42.392     158.6
71
 2013 04 20 10 27 58.731     2013 04 20 10 30 45.718     167.0
72
 2013 04 20 15 24 12.698     2013 04 20 15 27 16.346     183.6
 2013 04 20 21 59 24.571     2013 04 20 22 02 26.108     181.5
73
 2013 04 20 12 11 17.274     2013 04 20 12 14 24.594     187.3
 2013 04 20 20 27 51.017     2013 04 20 20 31 17.912     206.9
74
 2013 04 20 13 48 11.409     2013 04 20 13 51 55.201     223.8
 2013 04 20 20 25 10.532     2013 04 20 20 27 54.795     164.3
75
 2013 04 20 13 46 24.253     2013 04 20 13 49 48.728     204.5
76
 2013 04 20 10 32 26.923     2013 04 20 10 35  6.193     159.3
 2013 04 20 20 31  8.945     2013 04 20 20 32 27.627      78.7
77
 2013 04 20 12 10 26.566     2013 04 20 12 10 35.856       9.3
 2013 04 20 22 05  4.908     2013 04 20 22 08 16.761     191.9
78
 2013 04 20 12 03 40.055     2013 04 20 12 04 23.677      43.6
 2013 04 20 22 09 16.038     2013 04 20 22 12  1.408     165.4
79
80
81
 2013 04 20 10 33 19.993     2013 04 20 10 33 50.812      30.8
 2013 04 20 20 31 12.825     2013 04 20 20 34 24.682     191.9
82
 2013 04 20 12 14 19.970     2013 04 20 12 17  4.922     165.0
 2013 04 20 18 49 43.413     2013 04 20 18 52 22.904     159.5
83
 2013 04 20 10 24 11.233     2013 04 20 10 27 52.792     221.6
 2013 04 20 22 12 50.760     2013 04 20 22 15 28.051     157.3
84
85
86
 2013 04 20 20 33  3.474     2013 04 20 20 33 26.452      23.0
87
 2013 04 20 00 02 31.022     2013 04 20 00 05 45.853     194.8
 2013 04 20 23 43 30.724     2013 04 20 23 46 45.260     194.5
88
 2013 04 20 13 46 57.166     2013 04 20 13 49 51.978     174.8
89
90
 2013 04 20 18 50 35.223     2013 04 20 18 53 39.324     184.1
91
 2013 04 20 12 09 55.930     2013 04 20 12 12 45.001     169.1
 2013 04 20 20 27  3.075     2013 04 20 20 30  4.468     181.4
92
 2013 04 20 20 35 51.904     2013 04 20 20 38 46.257     174.4
93
 2013 04 20 12 03 44.288     2013 04 20 12 07 11.018     206.7
 2013 04 20 22 08 50.504     2013 04 20 22 11 55.504     185.0
94
 2013 04 20 15 25 16.763     2013 04 20 15 28 49.792     213.0
 2013 04 20 20 21 46.764     2013 04 20 20 25 10.915     204.2
95
 2013 04 20 22 12 22.964     2013 04 20 22 15   .464     157.5
96
97
 2013 04 20 12 09  4.828     2013 04 20 12 11 44.784     160.0
 2013 04 20 20 30 59.742     2013 04 20 20 31  6.347       6.6
98
 2013 04 20 20 25 10.058     2013 04 20 20 28 38.620     208.6
99
 2013 04 20 15 25  2.710     2013 04 20 15 27 44.441     161.7
 2013 04 20 20 20 35.898     2013 04 20 20 24 22.627     226.7
 2013 04 20 21 58 34.067     2013 04 20 21 59 35.224      61.2
100
 2013 04 20 15 26  9.689     2013 04 20 15 29 12.561     182.9
 2013 04 20 20 22  5.311     2013 04 20 20 24 46.558     161.2
101
 2013 04 20 10 32 31.971     2013 04 20 10 35 49.957     198.0
 2013 04 20 20 30 16.479     2013 04 20 20 30 56.758      40.3
102
 2013 04 20 12 01 21.457     2013 04 20 12 04  6.571     165.1
103
 2013 04 20 13 47 23.037     2013 04 20 13 48 20.001      57.0
 2013 04 20 15 25 24.820     2013 04 20 15 25 50.943      26.1
 2013 04 20 20 22 25.474     2013 04 20 20 25 31.690     186.2
104
 2013 04 20 20 29  1.521     2013 04 20 20 29 18.661      17.1
105
 2013 04 20 20 30 30.742     2013 04 20 20 33 36.943     186.2
106
 2013 04 20 13 49 34.485     2013 04 20 13 52 11.699     157.2
 2013 04 20 20 23 56.998     2013 04 20 20 26 56.449     179.5
107
 2013 04 20 12 02 11.687     2013 04 20 12 05 18.541     186.9
108
 2013 04 20 12 11 35.150     2013 04 20 12 14 25.394     170.2
 2013 04 20 20 26 34.802     2013 04 20 20 29 54.557     199.8
109
 2013 04 20 10 32 40.100     2013 04 20 10 35 17.767     157.7
110
 2013 04 20 10 34  8.914     2013 04 20 10 37 42.078     213.2
 2013 04 20 18 54 50.647     2013 04 20 18 55 25.157      34.5
111
 2013 04 20 13 43   .496     2013 04 20 13 43 27.777      27.3
 2013 04 20 22 03 30.814     2013 04 20 22 07 22.175     231.4
112
 2013 04 20 15 23 20.274     2013 04 20 15 26 12.790     172.5
 2013 04 20 21 59 16.451     2013 04 20 22 01 58.657     162.2
113
 2013 04 20 12 10 47.833     2013 04 20 12 11 33.631      45.8
 2013 04 20 20 28 24.758     2013 04 20 20 31 59.029     214.3
114
 2013 04 20 12 08 42.571     2013 04 20 12 12 19.285     216.7
 2013 04 20 20 28 31.383     2013 04 20 20 32 12.184     220.8
115
 2013 04 20 10 26 28.655     2013 04 20 10 29 55.136     206.5
116
 2013 04 20 13 42 41.172     2013 04 20 13 45 44.926     183.8
117
 2013 04 20 20 37 17.856     2013 04 20 20 40 24.869     187.0
118
 2013 04 20 13 49  7.843     2013 04 20 13 51 50.719     162.9
 2013 04 20 20 23 44.038     2013 04 20 20 26 26.758     162.7
119
 2013 04 20 12 11 59.617     2013 04 20 12 14 51.545     171.9
 2013 04 20 20 27  5.530     2013 04 20 20 27 12.290       6.8
120
 2013 04 20 12 11 56.663     2013 04 20 12 14 39.958     163.3
 2013 04 20 20 27  3.430     2013 04 20 20 28  7.282      63.9
121
122
 2013 04 20 12 12 43.831     2013 04 20 12 16 13.778     209.9
 2013 04 20 18 49 43.640     2013 04 20 18 53 24.398     220.8
123
 2013 04 20 12 12 33.497     2013 04 20 12 15 21.943     168.4
124
 2013 04 20 15 21 47.888     2013 04 20 15 25 34.485     226.6
 2013 04 20 22 02 41.523     2013 04 20 22 03 15.082      33.6
125
 2013 04 20 12 02 10.575     2013 04 20 12 05 49.500     218.9
126
127
 2013 04 20 13 48 14.971     2013 04 20 13 50 58.251     163.3
 2013 04 20 20 23 29.567     2013 04 20 20 26 26.145     176.6
128
 2013 04 20 13 44   .281     2013 04 20 13 46 49.234     169.0
 2013 04 20 22 01 27.154     2013 04 20 22 02 13.393      46.2
129
 2013 04 20 12 01  6.831     2013 04 20 12 03 53.819     167.0
130
 2013 04 20 22 15 23.114     2013 04 20 22 15 38.807      15.7
131
 2013 04 20 18 50 55.534     2013 04 20 18 54  2.910     187.4
132
 2013 04 20 10 35  7.241     2013 04 20 10 37 51.306     164.1
 2013 04 20 18 52 23.606     2013 04 20 18 55 31.683     188.1
133
 2013 04 20 10 34  9.347     2013 04 20 10 37  6.419     177.1
134
 2013 04 20 12 06 11.063     2013 04 20 12 08 49.740     158.7
 2013 04 20 22 06 52.385     2013 04 20 22 09 42.434     170.0
135
 2013 04 20 10 34 12.865     2013 04 20 10 37  5.212     172.3
136
 2013 04 20 13 49 47.648     2013 04 20 13 53 35.607     228.0
 2013 04 20 20 24 51.529     2013 04 20 20 28 44.564     233.0
137
 2013 04 20 15 24 17.283     2013 04 20 15 27 34.416     197.1
 2013 04 20 21 59 30.873     2013 04 20 22 02 44.132     193.3
138
 2013 04 20 00 06 26.353     2013 04 20 00 09 27.271     180.9
 2013 04 20 12 02  1.993     2013 04 20 12 02 10.434       8.4
139
 2013 04 20 13 44 33.850     2013 04 20 13 47 29.091     175.2
 2013 04 20 22 01 38.549     2013 04 20 22 04 44.579     186.0
140
 2013 04 20 22 09 50.427     2013 04 20 22 12 33.346     162.9
141
 2013 04 20 13 43 46.375     2013 04 20 13 46 30.060     163.7
 2013 04 20 22 05 38.404     2013 04 20 22 06 24.526      46.1
142
 2013 04 20 13 48 50.445     2013 04 20 13 52 42.855     232.4
 2013 04 20 20 25 20.390     2013 04 20 20 28  6.087     165.7
143
 2013 04 20 22 11 32.097     2013 04 20 22 14 20.954     168.9
144
 2013 04 20 12 07 12.661     2013 04 20 12 09 53.057     160.4
 2013 04 20 22 05 48.880     2013 04 20 22 06 56.080      67.2
145
 2013 04 20 12 04 31.847     2013 04 20 12 07 53.982     202.1
 2013 04 20 22 08 42.184     2013 04 20 22 11 20.041     157.9
146
 2013 04 20 00 00   .000     2013 04 20 00 00 33.651      33.7
 2013 04 20 13 41 53.513     2013 04 20 13 44 28.742     155.2
 2013 04 20 23 40 51.857     2013 04 20 23 41 34.931      43.1
147
 2013 04 20 10 31 39.543     2013 04 20 10 31 42.761       3.2
148
 2013 04 20 13 45 52.535     2013 04 20 13 48 29.813     157.3
 2013 04 20 22 02 18.108     2013 04 20 22 05  9.858     171.7
149
 2013 04 20 10 31 23.763     2013 04 20 10 34 39.082     195.3
 2013 04 20 20 31 26.099     2013 04 20 20 34 13.918     167.8
150
 2013 04 20 20 34 41.591     2013 04 20 20 38 18.369     216.8
151
 2013 04 20 13 46 57.444     2013 04 20 13 50 27.884     210.4
152
 2013 04 20 00 05  6.740     2013 04 20 00 08 52.364     225.6
 2013 04 20 12 03  2.005     2013 04 20 12 04 16.681      74.7
153
 2013 04 20 22 00 16.073     2013 04 20 22 03 15.103     179.0
154
 2013 04 20 20 35 43.442     2013 04 20 20 38 52.097     188.7
155
 2013 04 20 00 02 52.986     2013 04 20 00 05 35.257     162.3
 2013 04 20 13 38 37.310     2013 04 20 13 40 10.164      92.9
 2013 04 20 23 43 52.451     2013 04 20 23 46 34.888     162.4
156
 2013 04 20 22 05 21.095     2013 04 20 22 08  2.404     161.3
157
 2013 04 20 13 43 43.215     2013 04 20 13 46 51.749     188.5
 2013 04 20 22 04 54.890     2013 04 20 22 05 14.375      19.5
158
159
 2013 04 20 20 30 42.220     2013 04 20 20 33 19.656     157.4
160
 2013 04 20 12 04 35.303     2013 04 20 12 08 11.782     216.5
 2013 04 20 22 06 17.176     2013 04 20 22 09 29.235     192.1
161
 2013 04 20 12 04 36.277     2013 04 20 12 05 48.285      72.0
 2013 04 20 22 08 51.469     2013 04 20 22 11 34.821     163.4
162
 2013 04 20 10 35 20.927     2013 04 20 10 38 18.000     177.1
 2013 04 20 18 52 13.598     2013 04 20 18 55  4.385     170.8
163
 2013 04 20 18 50 55.270     2013 04 20 18 53 34.234     159.0
164
 2013 04 20 10 34 33.437     2013 04 20 10 37 39.503     186.1
 2013 04 20 18 51 46.095     2013 04 20 18 55 31.316     225.2
165
 2013 04 20 20 35 28.729     2013 04 20 20 39 13.263     224.5
166
 2013 04 20 10 33 19.019     2013 04 20 10 36 49.611     210.6
167
 2013 04 20 10 27 44.271     2013 04 20 10 31 19.101     214.8
168
 2013 04 20 12 01  8.080     2013 04 20 12 04 47.143     219.1
169
 2013 04 20 00 05 54.784     2013 04 20 00 08 33.290     158.5
170
 2013 04 20 10 34 18.766     2013 04 20 10 36 57.143     158.4
 2013 04 20 18 56 29.719     2013 04 20 18 56 50.929      21.2
171
 2013 04 20 22 05  2.080     2013 04 20 22 08 10.933     188.9
172
 2013 04 20 20 30 27.199     2013 04 20 20 33 55.345     208.1
173
 2013 04 20 12 11 24.659     2013 04 20 12 14  8.864     164.2
 2013 04 20 20 27 33.406     2013 04 20 20 30 48.806     195.4
174
175
 2013 04 20 13 41 24.703     2013 04 20 13 45   .942     216.2
176
 2013 04 20 12 14   .071     2013 04 20 12 17 19.983     199.9
 2013 04 20 13 51 47.481     2013 04 20 13 52 14.327      26.8
 2013 04 20 18 48 23.334     2013 04 20 18 51  5.843     162.5
177
 2013 04 20 20 29 59.868     2013 04 20 20 32 38.411     158.5
178
 2013 04 20 13 48  8.208     2013 04 20 13 50 50.126     161.9
 2013 04 20 20 23 26.832     2013 04 20 20 26 31.619     184.8
179
 2013 04 20 10 32  5.062     2013 04 20 10 34 48.846     163.8
 2013 04 20 20 31 25.287     2013 04 20 20 34 52.118     206.8
180
 2013 04 20 12 06 12.819     2013 04 20 12 07 26.193      73.4
181
 2013 04 20 22 05  4.487     2013 04 20 22 08 13.688     189.2
182
 2013 04 20 12 05 22.330     2013 04 20 12 08 29.074     186.7
 2013 04 20 22 08  9.025     2013 04 20 22 10 55.657     166.6
183
 2013 04 20 12 10 25.470     2013 04 20 12 13  1.563     156.1
 2013 04 20 20 27 36.701     2013 04 20 20 30 17.240     160.5
184
 2013 04 20 10 25 12.996     2013 04 20 10 27 52.622     159.6
 2013 04 20 22 13 26.975     2013 04 20 22 17 10.887     223.9
185
 2013 04 20 22 03  3.855     2013 04 20 22 03 43.403      39.5
186
 2013 04 20 22 04 20.525     2013 04 20 22 07 10.291     169.8
187
 2013 04 20 12 04 45.464     2013 04 20 12 08 32.869     227.4
 2013 04 20 22 06 10.494     2013 04 20 22 09  9.959     179.5
188
 2013 04 20 00 03 52.454     2013 04 20 00 06 44.338     171.9
 2013 04 20 23 44 51.872     2013 04 20 23 47 44.015     172.1
189
190
 2013 04 20 15 24 10.659     2013 04 20 15 27 21.840     191.2
 2013 04 20 21 59 30.443     2013 04 20 22 02 33.018     182.6
191
 2013 04 20 10 35 43.511     2013 04 20 10 38 50.435     186.9
 2013 04 20 18 52  6.137     2013 04 20 18 54 44.410     158.3
192
 2013 04 20 10 26 31.367     2013 04 20 10 30 17.380     226.0
193
 2013 04 20 00 06 33.533     2013 04 20 00 09 13.537     160.0
 2013 04 20 12 01 15.577     2013 04 20 12 02 28.175      72.6
194
 2013 04 20 12 05 17.908     2013 04 20 12 06 45.139      87.2
 2013 04 20 22 08 16.406     2013 04 20 22 11 34.134     197.7
195
 2013 04 20 15 25 31.891     2013 04 20 15 29  3.468     211.6
 2013 04 20 20 22  1.169     2013 04 20 20 25  7.663     186.5
196
 2013 04 20 10 30 56.794     2013 04 20 10 34 37.246     220.5
 2013 04 20 20 31 20.286     2013 04 20 20 33 58.439     158.2
197
 2013 04 20 20 30 51.731     2013 04 20 20 33 35.993     164.3
198
 2013 04 20 10 31  6.374     2013 04 20 10 34 14.885     188.5
 2013 04 20 20 31 44.001     2013 04 20 20 34 23.069     159.1
199
 2013 04 20 22 04 25.614     2013 04 20 22 07 17.406     171.8
200
 2013 04 20 12 03  2.619     2013 04 20 12 05 55.904     173.3
201
 2013 04 20 22 08 57.712     2013 04 20 22 09 43.961      46.2
202
 2013 04 20 10 34 47.185     2013 04 20 10 35  1.167      14.0
 2013 04 20 20 30 59.105     2013 04 20 20 33 37.301     158.2
203
 2013 04 20 22 05 30.213     2013 04 20 22 09 10.343     220.1
204
 2013 04 20 12 02 58.396     2013 04 20 12 06 30.694     212.3
205
 2013 04 20 12 08 38.475     2013 04 20 12 11 28.673     170.2
206
 2013 04 20 13 44 56.034     2013 04 20 13 47 41.418     165.4
 2013 04 20 22 02 49.284     2013 04 20 22 05 31.265     162.0
207
 2013 04 20 22 11  1.322     2013 04 20 22 14  7.706     186.4
208
 2013 04 20 00 04 18.712     2013 04 20 00 06 55.787     157.1
 2013 04 20 23 45 18.253     2013 04 20 23 47 55.349     157.1
209
 2013 04 20 12 11  2.757     2013 04 20 12 14 12.873     190.1
 2013 04 20 20 28  3.816     2013 04 20 20 31 14.312     190.5
210
 2013 04 20 12 02 46.079     2013 04 20 12 05 44.295     178.2
211
 2013 04 20 13 51 11.365     2013 04 20 13 54 13.266     181.9
 2013 04 20 18 47 10.152     2013 04 20 18 49 59.099     168.9
212
 2013 04 20 13 47 32.776     2013 04 20 13 50 10.027     157.3
 2013 04 20 20 23  5.486     2013 04 20 20 23 20.176      14.7
213
 2013 04 20 10 29 22.837     2013 04 20 10 32  1.487     158.7
 2013 04 20 20 33  8.582     2013 04 20 20 36 41.378     212.8
214
 2013 04 20 13 48 22.328     2013 04 20 13 51  1.777     159.4
 2013 04 20 20 24  4.131     2013 04 20 20 26 59.488     175.4
215
 2013 04 20 20 35 59.666     2013 04 20 20 38 46.345     166.7
216
 2013 04 20 13 48 30.071     2013 04 20 13 51  7.605     157.5
 2013 04 20 20 24  1.700     2013 04 20 20 26 50.536     168.8
217
 2013 04 20 12 03 45.102     2013 04 20 12 07 31.481     226.4
 2013 04 20 22 10  2.314     2013 04 20 22 10 14.086      11.8
218
 2013 04 20 10 31 45.942     2013 04 20 10 35 28.559     222.6
 2013 04 20 20 30 41.528     2013 04 20 20 33 53.581     192.1
219
 2013 04 20 13 48 48.053     2013 04 20 13 51 43.462     175.4
 2013 04 20 20 24 38.968     2013 04 20 20 27 17.410     158.4
220
 2013 04 20 12 12 31.196     2013 04 20 12 13  4.147      33.0
 2013 04 20 13 50 33.497     2013 04 20 13 50 54.320      20.8
 2013 04 20 18 47 35.431     2013 04 20 18 50 49.508     194.1
221
 2013 04 20 13 48 37.454     2013 04 20 13 51 35.859     178.4
 2013 04 20 20 24 39.634     2013 04 20 20 27 20.367     160.7
222
 2013 04 20 00 05 18.270     2013 04 20 00 09  2.473     224.2
223
224
 2013 04 20 13 49 28.751     2013 04 20 13 52 29.579     180.8
 2013 04 20 15 27  6.652     2013 04 20 15 27 15.275       8.6
 2013 04 20 18 44 34.879     2013 04 20 18 44 56.043      21.2
 2013 04 20 20 23 12.280     2013 04 20 20 26 24.365     192.1
225
226
 2013 04 20 12 11 46.581     2013 04 20 12 14 59.747     193.2
 2013 04 20 20 27 24.127     2013 04 20 20 27 26.025       1.9
227
 2013 04 20 20 34 59.948     2013 04 20 20 37 54.357     174.4
228
 2013 04 20 13 50 22.987     2013 04 20 13 53 58.192     215.2
 2013 04 20 18 46 53.899     2013 04 20 18 50 30.741     216.8
229
 2013 04 20 00 00 31.813     2013 04 20 00 03 25.995     174.2
 2013 04 20 13 41   .366     2013 04 20 13 43 39.413     159.0
 2013 04 20 23 41 31.465     2013 04 20 23 44 25.449     174.0
230
 2013 04 20 00 03  7.550     2013 04 20 00 04 47.208      99.7
 2013 04 20 23 44  7.302     2013 04 20 23 45 50.712     103.4
231
232
233
234
 2013 04 20 20 29 35.416     2013 04 20 20 32 13.088     157.7
235
236
 2013 04 20 22 14 24.049     2013 04 20 22 15 17.046      53.0
237
 2013 04 20 12 08 54.186     2013 04 20 12 11 47.467     173.3
 2013 04 20 20 31 14.555     2013 04 20 20 31 53.801      39.2
238
 2013 04 20 20 29 49.701     2013 04 20 20 33 32.106     222.4
239
 2013 04 20 00 02 14.351     2013 04 20 00 05  5.335     171.0
 2013 04 20 13 39 46.494     2013 04 20 13 43 24.320     217.8
 2013 04 20 23 43 13.995     2013 04 20 23 46  4.795     170.8
240
 2013 04 20 00 04  2.820     2013 04 20 00 06 40.199     157.4
 2013 04 20 23 45  2.334     2013 04 20 23 47 39.785     157.5
241
 2013 04 20 12 08 36.394     2013 04 20 12 11 11.942     155.5
242
 2013 04 20 10 27 10.747     2013 04 20 10 30 58.190     227.4
243
 2013 04 20 22 15 22.004     2013 04 20 22 15 55.884      33.9
244
 2013 04 20 22 03  5.996     2013 04 20 22 04  2.521      56.5
245
 2013 04 20 12 12 36.272     2013 04 20 12 15 41.150     184.9
 2013 04 20 18 52 52.421     2013 04 20 18 53 18.616      26.2
246
 2013 04 20 10 28 29.857     2013 04 20 10 31 36.739     186.9
247
 2013 04 20 12 13 53.017     2013 04 20 12 17  1.925     188.9
 2013 04 20 18 48 32.110     2013 04 20 18 51 10.659     158.5
248
 2013 04 20 00 06 31.036     2013 04 20 00 09 30.225     179.2
 2013 04 20 11 59 42.717     2013 04 20 12 02 50.562     187.8
249
 2013 04 20 15 24 35.535     2013 04 20 15 27 13.983     158.4
 2013 04 20 21 58 43.295     2013 04 20 22 02  2.379     199.1
250
 2013 04 20 15 23 25.163     2013 04 20 15 26 56.813     211.7
 2013 04 20 21 59 52.526     2013 04 20 22 02 31.048     158.5
251
 2013 04 20 20 35  2.432     2013 04 20 20 38 48.409     226.0
252
 2013 04 20 12 13 18.998     2013 04 20 12 13 55.685      36.7
 2013 04 20 18 50 39.738     2013 04 20 18 53 23.491     163.8
253
 2013 04 20 20 29   .227     2013 04 20 20 32 39.963     219.7
254
 2013 04 20 00 03 47.039     2013 04 20 00 06 35.625     168.6
 2013 04 20 23 44 46.676     2013 04 20 23 47 35.093     168.4
255
 2013 04 20 12 09 12.469     2013 04 20 12 09 54.744      42.3
 2013 04 20 22 05 39.173     2013 04 20 22 08 23.428     164.3
256
257
 2013 04 20 22 10 28.381     2013 04 20 22 13  8.669     160.3
258
 2013 04 20 20 35 36.779     2013 04 20 20 36  4.316      27.5
259
 2013 04 20 20 35 15.156     2013 04 20 20 38 22.229     187.1
260
 2013 04 20 20 34 17.305     2013 04 20 20 37 25.983     188.7
261
 2013 04 20 12 10 58.025     2013 04 20 12 13 35.028     157.0
 2013 04 20 20 27 24.657     2013 04 20 20 30  7.208     162.6
262
 2013 04 20 13 47 24.522     2013 04 20 13 47 30.296       5.8
 2013 04 20 20 25  7.927     2013 04 20 20 28 25.593     197.7
263
264
 2013 04 20 08 49 33.888     2013 04 20 08 52 47.489     193.6
 2013 04 20 20 38 28.082     2013 04 20 20 41  5.884     157.8
265
 2013 04 20 00 01 29.165     2013 04 20 00 04 12.785     163.6
 2013 04 20 13 40 24.195     2013 04 20 13 43  7.282     163.1
 2013 04 20 23 42 28.776     2013 04 20 23 45 12.276     163.5
266
267
 2013 04 20 13 47 20.412     2013 04 20 13 50 21.093     180.7
 2013 04 20 20 27 42.855     2013 04 20 20 28   .054      17.2
268
 2013 04 20 10 34 13.130     2013 04 20 10 37 18.741     185.6
 2013 04 20 18 53 20.929     2013 04 20 18 57 10.294     229.4
269
 2013 04 20 12 10   .918     2013 04 20 12 12 41.075     160.2
 2013 04 20 20 27 54.329     2013 04 20 20 30 46.643     172.3
270
 2013 04 20 20 30 14.329     2013 04 20 20 33   .837     166.5
271
272
273
 2013 04 20 12 05 17.651     2013 04 20 12 07 55.536     157.9
 2013 04 20 22 07 49.087     2013 04 20 22 10 26.660     157.6
274
 2013 04 20 00 08 39.569     2013 04 20 00 08 53.555      14.0
275
 2013 04 20 00 06 57.977     2013 04 20 00 09 51.749     173.8
 2013 04 20 11 59 34.674     2013 04 20 12 02 24.374     169.7
276
 2013 04 20 12 12 27.645     2013 04 20 12 15 32.315     184.7
277
 2013 04 20 13 50 14.617     2013 04 20 13 51  1.730      47.1
 2013 04 20 15 25  4.277     2013 04 20 15 25 20.997      16.7
 2013 04 20 20 22  6.085     2013 04 20 20 25 36.597     210.5
278
 2013 04 20 12 09 29.871     2013 04 20 12 12 36.135     186.3
 2013 04 20 20 28 21.528     2013 04 20 20 31 25.768     184.2
279
 2013 04 20 12 01  4.175     2013 04 20 12 03 55.676     171.5
280
 2013 04 20 12 03 28.694     2013 04 20 12 06 38.185     189.5
 2013 04 20 22 08 30.558     2013 04 20 22 12 11.546     221.0
281
 2013 04 20 22 05 41.096     2013 04 20 22 08 18.674     157.6
282
 2013 04 20 12 01 25.034     2013 04 20 12 04 11.562     166.5
283
 2013 04 20 15 24 13.866     2013 04 20 15 26 51.098     157.2
 2013 04 20 21 58 46.054     2013 04 20 22 01 40.627     174.6
284
 2013 04 20 22 13 10.423     2013 04 20 22 14  6.537      56.1
285
286
 2013 04 20 10 36 11.470     2013 04 20 10 39 16.328     184.9
 2013 04 20 18 51 59.678     2013 04 20 18 54 44.668     165.0
287
 2013 04 20 00 01 36.436     2013 04 20 00 05  9.102     212.7
 2013 04 20 13 40 27.257     2013 04 20 13 44  3.862     216.6
 2013 04 20 23 42 36.160     2013 04 20 23 46  8.488     212.3
288
 2013 04 20 20 29 23.855     2013 04 20 20 32 18.924     175.1
289
 2013 04 20 10 29 38.863     2013 04 20 10 30 22.435      43.6
 2013 04 20 20 34 17.195     2013 04 20 20 36 56.916     159.7
290
 2013 04 20 20 39 57.695     2013 04 20 20 40  2.634       4.9
291
 2013 04 20 12 11 56.428     2013 04 20 12 14 36.794     160.4
 2013 04 20 20 26 32.919     2013 04 20 20 30 20.052     227.1
292
 2013 04 20 13 48 37.304     2013 04 20 13 52 26.687     229.4
 2013 04 20 20 25 19.984     2013 04 20 20 27 59.163     159.2
293
294
 2013 04 20 12 12 31.154     2013 04 20 12 15 12.265     161.1
295
 2013 04 20 10 31  9.050     2013 04 20 10 34  6.448     177.4
 2013 04 20 20 31 54.151     2013 04 20 20 34 33.680     159.5
296
 2013 04 20 12 08 12.390     2013 04 20 12 10 48.005     155.6
297
 2013 04 20 13 50 10.618     2013 04 20 13 53 20.976     190.4
 2013 04 20 18 46 15.295     2013 04 20 18 46 47.739      32.4
 2013 04 20 20 24 20.377     2013 04 20 20 25  2.913      42.5
298
 2013 04 20 13 45 11.891     2013 04 20 13 47 55.463     163.6
 2013 04 20 22 01 59.920     2013 04 20 22 04 39.664     159.7
299
 2013 04 20 00 06  8.497     2013 04 20 00 08 46.396     157.9
300
 2013 04 20 13 46 36.285     2013 04 20 13 50 26.094     229.8
 2013 04 20 21 59 54.965     2013 04 20 21 59 54.334       -.6
301
 2013 04 20 12 04 54.280     2013 04 20 12 07 44.974     170.7
 2013 04 20 22 07   .168     2013 04 20 22 09 59.117     178.9
302
303
 2013 04 20 10 30 16.967     2013 04 20 10 33 23.224     186.3
 2013 04 20 20 33 38.050     2013 04 20 20 36 15.830     157.8
304
 2013 04 20 12 08   .328     2013 04 20 12 10 35.744     155.4
305
 2013 04 20 13 44 47.489     2013 04 20 13 48 12.074     204.6
 2013 04 20 22 03 24.416     2013 04 20 22 06  2.123     157.7
306
 2013 04 20 20 34 22.280     2013 04 20 20 37 12.097     169.8
307
 2013 04 20 20 33 50.260     2013 04 20 20 34 46.167      55.9
308
 2013 04 20 20 29 39.890     2013 04 20 20 32 28.169     168.3
309
 2013 04 20 13 47 15.505     2013 04 20 13 50 34.815     199.3
 2013 04 20 20 22 25.285     2013 04 20 20 26 10.368     225.1
310
 2013 04 20 00 04  6.883     2013 04 20 00 06 59.058     172.2
 2013 04 20 23 45  6.534     2013 04 20 23 47 58.512     172.0
311
 2013 04 20 10 30 54.957     2013 04 20 10 34 26.417     211.5
 2013 04 20 20 33 13.050     2013 04 20 20 36 34.741     201.7
312
 2013 04 20 20 37 51.857     2013 04 20 20 39 18.852      87.0
313
 2013 04 20 00 05 27.378     2013 04 20 00 08  5.153     157.8
314
 2013 04 20 12 05 28.470     2013 04 20 12 08  5.155     156.7
 2013 04 20 22 07 20.869     2013 04 20 22 09 58.708     157.8
315
 2013 04 20 15 23 49.424     2013 04 20 15 27 30.949     221.5
 2013 04 20 21 59 54.884     2013 04 20 22 02 48.736     173.9
316
 2013 04 20 20 33 11.938     2013 04 20 20 33 14.987       3.0
317
 2013 04 20 00 04 48.215     2013 04 20 00 05 13.339      25.1
 2013 04 20 12 00 42.175     2013 04 20 12 01 22.333      40.2
318
 2013 04 20 13 41 24.263     2013 04 20 13 44 37.233     193.0
319
 2013 04 20 10 34 52.068     2013 04 20 10 38 14.000     201.9
 2013 04 20 18 51 46.045     2013 04 20 18 54 57.404     191.4
320
 2013 04 20 12 11 48.373     2013 04 20 12 14 48.784     180.4
 2013 04 20 20 27 19.808     2013 04 20 20 27 55.237      35.4
321
 2013 04 20 12 13 15.580     2013 04 20 12 17  1.160     225.6
 2013 04 20 18 50 22.341     2013 04 20 18 53 14.731     172.4
322
 2013 04 20 22 09 50.466     2013 04 20 22 12 47.721     177.3
323
 2013 04 20 20 35 25.654     2013 04 20 20 38 20.404     174.7
324
 2013 04 20 12 13   .465     2013 04 20 12 16  1.589     181.1
 2013 04 20 18 48 11.585     2013 04 20 18 51 30.233     198.6
325
 2013 04 20 20 34 37.898     2013 04 20 20 37 33.434     175.5
326
 2013 04 20 12 15 27.652     2013 04 20 12 18 14.844     167.2
 2013 04 20 17 11  7.199     2013 04 20 17 11 49.909      42.7
 2013 04 20 18 49 18.747     2013 04 20 18 53 11.261     232.5
327
 2013 04 20 20 28 52.975     2013 04 20 20 29  2.182       9.2
328
329
 2013 04 20 15 24 42.431     2013 04 20 15 27 49.857     187.4
 2013 04 20 21 59 10.971     2013 04 20 22 02 54.508     223.5
330
 2013 04 20 13 46 32.899     2013 04 20 13 49 53.725     200.8
 2013 04 20 22 00 29.237     2013 04 20 22 02 29.186     119.9
331
332
 2013 04 20 15 24 52.288     2013 04 20 15 25 52.112      59.8
 2013 04 20 20 21 43.456     2013 04 20 20 25 34.314     230.9
333
 2013 04 20 00 02 33.348     2013 04 20 00 05 28.658     175.3
 2013 04 20 13 39 25.470     2013 04 20 13 39 40.274      14.8
 2013 04 20 23 43 33.007     2013 04 20 23 46 28.104     175.1
334
 2013 04 20 12 05  2.654     2013 04 20 12 07 53.829     171.2
 2013 04 20 22 06 59.686     2013 04 20 22 09 51.581     171.9
335
 2013 04 20 12 02  5.251     2013 04 20 12 05 35.062     209.8
336
 2013 04 20 20 36 52.989     2013 04 20 20 40   .899     187.9
337
338
 2013 04 20 12 01 56.515     2013 04 20 12 05  9.786     193.3
339
 2013 04 20 00 05 59.383     2013 04 20 00 08 40.767     161.4
 2013 04 20 12 03 19.415     2013 04 20 12 03 23.678       4.3
340
 2013 04 20 13 47 21.152     2013 04 20 13 49 59.041     157.9
341
 2013 04 20 10 32 25.435     2013 04 20 10 35 39.738     194.3
342
 2013 04 20 13 45 50.030     2013 04 20 13 48 47.394     177.4
 2013 04 20 22 01 30.235     2013 04 20 22 04 21.019     170.8
343
 2013 04 20 13 49 46.404     2013 04 20 13 52 33.944     167.5
 2013 04 20 20 24 18.367     2013 04 20 20 27 33.791     195.4
344
 2013 04 20 20 30 22.282     2013 04 20 20 33   .029     157.7
345
 2013 04 20 10 26 55.898     2013 04 20 10 29 42.508     166.6
346
 2013 04 20 00 06 21.523     2013 04 20 00 09 47.396     205.9
 2013 04 20 12 00  8.278     2013 04 20 12 03   .911     172.6
347
 2013 04 20 15 22 46.935     2013 04 20 15 25 47.652     180.7
 2013 04 20 21 59  7.942     2013 04 20 22 02 16.350     188.4
348
 2013 04 20 13 47  3.888     2013 04 20 13 49 59.717     175.8
349
350
 2013 04 20 10 34  8.367     2013 04 20 10 36 51.729     163.4
351
 2013 04 20 10 26 40.165     2013 04 20 10 29 41.760     181.6
352
 2013 04 20 12 11  9.320     2013 04 20 12 13 48.160     158.8
 2013 04 20 20 27 13.147     2013 04 20 20 30  2.888     169.7
353
 2013 04 20 20 30 24.480     2013 04 20 20 33  4.947     160.5
354
 2013 04 20 13 50 16.336     2013 04 20 13 54  8.785     232.4
 2013 04 20 18 47  1.883     2013 04 20 18 50 43.377     221.5
355
 2013 04 20 20 35 21.226     2013 04 20 20 38 10.627     169.4
356
 2013 04 20 00 06 31.198     2013 04 20 00 09 36.912     185.7
 2013 04 20 11 59 49.863     2013 04 20 12 02 50.942     181.1
357
 2013 04 20 20 35 49.721     2013 04 20 20 39 25.884     216.2
358
359
 2013 04 20 00 05  5.084     2013 04 20 00 08 36.577     211.5
 2013 04 20 12 04 16.863     2013 04 20 12 04 22.485       5.6
360
361
 2013 04 20 13 50 44.949     2013 04 20 13 53 36.589     171.6
 2013 04 20 18 46 34.431     2013 04 20 18 49 48.685     194.3
362
 2013 04 20 10 28 38.774     2013 04 20 10 31 57.261     198.5
 2013 04 20 20 33 54.963     2013 04 20 20 37 33.563     218.6
363
 2013 04 20 13 42 20.656     2013 04 20 13 44 59.357     158.7
364
 2013 04 20 12 08 48.907     2013 04 20 12 12 28.923     220.0
 2013 04 20 20 29 38.889     2013 04 20 20 30  5.826      26.9
365
 2013 04 20 20 30 31.807     2013 04 20 20 33 11.202     159.4
366
 2013 04 20 15 24 43.247     2013 04 20 15 27 39.086     175.8
 2013 04 20 17 02 22.717     2013 04 20 17 03  8.365      45.6
 2013 04 20 20 19 54.047     2013 04 20 20 23 21.120     207.1
 2013 04 20 21 57 44.879     2013 04 20 22 01 36.655     231.8
367
 2013 04 20 18 50 42.097     2013 04 20 18 53 55.043     192.9
368
 2013 04 20 10 33  8.894     2013 04 20 10 35 49.837     160.9
369
 2013 04 20 12 03 39.473     2013 04 20 12 06 24.244     164.8
370
 2013 04 20 20 39 46.095     2013 04 20 20 39 58.211      12.1
371
 2013 04 20 13 46 12.962     2013 04 20 13 48 56.030     163.1
 2013 04 20 22 01 35.034     2013 04 20 22 04 44.837     189.8
372
 2013 04 20 10 28 25.425     2013 04 20 10 31   .249     154.8
373
 2013 04 20 20 36 24.285     2013 04 20 20 39 45.567     201.3
374
 2013 04 20 10 32 51.084     2013 04 20 10 35 54.593     183.5
375
 2013 04 20 12 11 31.071     2013 04 20 12 14  9.447     158.4
 2013 04 20 20 26 59.817     2013 04 20 20 30 11.476     191.7
376
 2013 04 20 20 36  6.737     2013 04 20 20 39  6.368     179.6
377
 2013 04 20 22 12 50.217     2013 04 20 22 13 37.246      47.0
378
 2013 04 20 13 44 18.662     2013 04 20 13 47 13.057     174.4
 2013 04 20 22 02 53.079     2013 04 20 22 06  1.016     187.9
379
 2013 04 20 18 50 44.849     2013 04 20 18 53 40.281     175.4
380
381
 2013 04 20 10 28  6.599     2013 04 20 10 30 45.456     158.9
382
 2013 04 20 20 36 40.779     2013 04 20 20 39 18.212     157.4
383
 2013 04 20 00 03  3.869     2013 04 20 00 03 39.691      35.8
 2013 04 20 23 44  3.631     2013 04 20 23 44 41.009      37.4
384
 2013 04 20 18 53 37.286     2013 04 20 18 54 16.132      38.8
385
386
 2013 04 20 13 49 45.716     2013 04 20 13 50 57.971      72.3
 2013 04 20 20 24 56.173     2013 04 20 20 26 27.387      91.2
387
 2013 04 20 20 29 28.011     2013 04 20 20 32 18.553     170.5
388
 2013 04 20 00 00 50.007     2013 04 20 00 03 48.611     178.6
 2013 04 20 13 40 58.270     2013 04 20 13 43 33.443     155.2
 2013 04 20 23 41 49.672     2013 04 20 23 44 48.053     178.4
389
390
 2013 04 20 20 29 25.348     2013 04 20 20 33   .207     214.9
391
 2013 04 20 12 07 15.078     2013 04 20 12 10 36.995     201.9
392
 2013 04 20 20 29 54.786     2013 04 20 20 32 47.132     172.3
393
 2013 04 20 00 00   .000     2013 04 20 00 02 52.341     172.3
 2013 04 20 13 41 43.613     2013 04 20 13 44 54.885     191.3
 2013 04 20 23 40  9.671     2013 04 20 23 43 51.733     222.1
394
 2013 04 20 12 08  3.806     2013 04 20 12 10 40.221     156.4
395
396
 2013 04 20 13 49 21.230     2013 04 20 13 52 21.957     180.7
 2013 04 20 18 48 41.053     2013 04 20 18 48 41.698        .6
 2013 04 20 20 23 15.826     2013 04 20 20 26 19.019     183.2
397
 2013 04 20 10 26 51.941     2013 04 20 10 30 36.583     224.6
398
 2013 04 20 00 06 18.089     2013 04 20 00 09 47.565     209.5
 2013 04 20 12 00 11.378     2013 04 20 12 03  4.084     172.7
399
 2013 04 20 13 45 16.949     2013 04 20 13 48   .339     163.4
 2013 04 20 22 02 44.653     2013 04 20 22 05 22.512     157.9
400
 2013 04 20 13 44 23.717     2013 04 20 13 47  6.462     162.7
 2013 04 20 22 01 48.283     2013 04 20 22 05 11.182     202.9
401
 2013 04 20 00 05 31.547     2013 04 20 00 09   .393     208.8
 2013 04 20 12 00  9.397     2013 04 20 12 03 51.959     222.6
402
403
 2013 04 20 00 03 57.563     2013 04 20 00 06 57.917     180.4
 2013 04 20 23 44 56.956     2013 04 20 23 47 57.619     180.7
404
 2013 04 20 20 24 59.799     2013 04 20 20 28 38.394     218.6
405
 2013 04 20 20 33 53.278     2013 04 20 20 34  4.155      10.9
406
 2013 04 20 20 30 36.911     2013 04 20 20 33 48.376     191.5
407
 2013 04 20 13 48  6.689     2013 04 20 13 51 42.741     216.1
 2013 04 20 20 25  1.852     2013 04 20 20 27 51.719     169.9
408
 2013 04 20 12 14 42.993     2013 04 20 12 17 27.084     164.1
 2013 04 20 18 49 38.164     2013 04 20 18 52 31.032     172.9
409
 2013 04 20 20 29  3.825     2013 04 20 20 29 54.326      50.5
410
 2013 04 20 12 09 31.773     2013 04 20 12 12 32.332     180.6
 2013 04 20 20 28 15.722     2013 04 20 20 31 22.111     186.4
411
 2013 04 20 20 34 52.435     2013 04 20 20 37 39.006     166.6
412
 2013 04 20 00 04 47.147     2013 04 20 00 07 29.772     162.6
 2013 04 20 23 45 46.755     2013 04 20 23 48 29.269     162.5
413
 2013 04 20 12 04  5.192     2013 04 20 12 06 59.356     174.2
 2013 04 20 22 09 27.064     2013 04 20 22 10 44.958      77.9
414
415
 2013 04 20 13 49 22.210     2013 04 20 13 52 27.310     185.1
 2013 04 20 20 24 44.142     2013 04 20 20 27 39.641     175.5
416
 2013 04 20 12 07 45.970     2013 04 20 12 10 22.919     156.9
417
 2013 04 20 15 23 41.521     2013 04 20 15 27 30.809     229.3
 2013 04 20 22 00  1.076     2013 04 20 22 02 50.980     169.9
418
 2013 04 20 13 50 18.493     2013 04 20 13 52 56.587     158.1
 2013 04 20 18 45 44.394     2013 04 20 18 49 26.730     222.3
 2013 04 20 20 23 40.465     2013 04 20 20 24 49.851      69.4
419
 2013 04 20 13 45  5.835     2013 04 20 13 48 39.089     213.3
 2013 04 20 22 01 13.505     2013 04 20 22 03 51.536     158.0
420
 2013 04 20 12 06  3.127     2013 04 20 12 06 34.978      31.9
421
 2013 04 20 12 02 37.276     2013 04 20 12 05 16.454     159.2
422
 2013 04 20 12 10 38.596     2013 04 20 12 13 22.506     163.9
 2013 04 20 20 27 14.464     2013 04 20 20 29 52.381     157.9
423
 2013 04 20 12 09  7.709     2013 04 20 12 12 30.396     202.7
 2013 04 20 20 26 14.677     2013 04 20 20 30  5.639     231.0
424
 2013 04 20 22 10  2.839     2013 04 20 22 12 45.202     162.4
425
 2013 04 20 10 26 47.560     2013 04 20 10 30 13.772     206.2
426
 2013 04 20 13 45 52.640     2013 04 20 13 48 28.821     156.2
 2013 04 20 22 02 10.066     2013 04 20 22 05   .094     170.0
427
 2013 04 20 10 27 56.808     2013 04 20 10 31 21.767     205.0
428
 2013 04 20 22 05 24.231     2013 04 20 22 08  1.860     157.6
429
 2013 04 20 12 05 16.179     2013 04 20 12 07 51.411     155.2
 2013 04 20 22 07 40.608     2013 04 20 22 10 19.713     159.1
430
 2013 04 20 00 03  2.559     2013 04 20 00 05 40.363     157.8
 2013 04 20 13 38 35.858     2013 04 20 13 38 50.597      14.7
 2013 04 20 23 44  2.067     2013 04 20 23 46 39.954     157.9
431
 2013 04 20 13 47 12.396     2013 04 20 13 49 51.582     159.2
432
 2013 04 20 10 33 17.861     2013 04 20 10 35 55.766     157.9
433
 2013 04 20 10 32 38.564     2013 04 20 10 35 23.256     164.7
434
435
 2013 04 20 12 14 34.594     2013 04 20 12 15 12.605      38.0
 2013 04 20 18 50 30.995     2013 04 20 18 53 51.241     200.2
436
 2013 04 20 13 45 47.609     2013 04 20 13 48 58.499     190.9
 2013 04 20 22 01 16.812     2013 04 20 22 04  9.418     172.6
437
 2013 04 20 13 45 17.370     2013 04 20 13 48 50.759     213.4
 2013 04 20 22 03 15.410     2013 04 20 22 06 10.402     175.0
438
 2013 04 20 13 49  8.147     2013 04 20 13 52 22.477     194.3
 2013 04 20 15 26 55.360     2013 04 20 15 27 49.191      53.8
 2013 04 20 20 23  6.275     2013 04 20 20 26  4.415     178.1
439
 2013 04 20 13 43 45.037     2013 04 20 13 46 21.093     156.1
 2013 04 20 22 06 14.448     2013 04 20 22 06 13.817       -.6
440
 2013 04 20 22 07 55.327     2013 04 20 22 08 36.149      40.8
441
 2013 04 20 10 28  6.212     2013 04 20 10 30 50.849     164.6
442
 2013 04 20 13 48 23.674     2013 04 20 13 51  6.925     163.3
 2013 04 20 20 24 13.058     2013 04 20 20 27  6.258     173.2
443
 2013 04 20 12 04 36.415     2013 04 20 12 07 14.500     158.1
 2013 04 20 22 07 19.619     2013 04 20 22 10 34.554     194.9
444
 2013 04 20 00 04 21.161     2013 04 20 00 05 49.025      87.9
445
 2013 04 20 12 09  3.152     2013 04 20 12 11 39.333     156.2
 2013 04 20 20 31 18.466     2013 04 20 20 31 29.231      10.8
446
 2013 04 20 12 11 22.786     2013 04 20 12 14 26.019     183.2
 2013 04 20 20 27 44.966     2013 04 20 20 31 15.817     210.9
447
 2013 04 20 10 32 21.732     2013 04 20 10 35 21.548     179.8
 2013 04 20 20 30 47.449     2013 04 20 20 34 36.139     228.7
448
 2013 04 20 13 49 44.315     2013 04 20 13 52 35.038     170.7
 2013 04 20 20 24 22.820     2013 04 20 20 27 36.981     194.2
449
 2013 04 20 13 43 34.612     2013 04 20 13 46 37.947     183.3
 2013 04 20 22 05 41.466     2013 04 20 22 06 44.146      62.7
450
 2013 04 20 00 03  6.559     2013 04 20 00 06  1.804     175.2
 2013 04 20 13 38  3.988     2013 04 20 13 38 23.553      19.6
 2013 04 20 23 44  5.969     2013 04 20 23 47  1.488     175.5
451
 2013 04 20 12 03 55.647     2013 04 20 12 06 51.992     176.3
 2013 04 20 22 08 20.691     2013 04 20 22 11 42.649     202.0
452
 2013 04 20 12 09 52.192     2013 04 20 12 12 30.191     158.0
 2013 04 20 20 27 46.032     2013 04 20 20 30 48.768     182.7
453
 2013 04 20 20 35 10.856     2013 04 20 20 38 42.762     211.9
454
 2013 04 20 00 00   .000     2013 04 20 00 02 59.429     179.4
 2013 04 20 13 41 24.546     2013 04 20 13 44 23.732     179.2
 2013 04 20 23 40 42.442     2013 04 20 23 43 58.844     196.4
455
456
 2013 04 20 00 00 59.475     2013 04 20 00 03 58.590     179.1
 2013 04 20 13 40 53.797     2013 04 20 13 43 30.933     157.1
 2013 04 20 23 41 59.142     2013 04 20 23 44 58.031     178.9
457
 2013 04 20 10 37 37.034     2013 04 20 10 37 42.606       5.6
458
 2013 04 20 00 05 22.865     2013 04 20 00 08  7.987     165.1
459
460
 2013 04 20 13 44 13.264     2013 04 20 13 47 58.162     224.9
 2013 04 20 22 00 58.973     2013 04 20 22 04  7.959     189.0
461
 2013 04 20 22 10 26.153     2013 04 20 22 13 13.133     167.0
462
 2013 04 20 15 23 30.169     2013 04 20 15 26 34.838     184.7
 2013 04 20 21 59 31.791     2013 04 20 22 02 10.091     158.3
463
 2013 04 20 20 29 32.275     2013 04 20 20 32 17.245     165.0
464
 2013 04 20 22 08 57.653     2013 04 20 22 09  2.761       5.1
465
466
 2013 04 20 00 00 40.967     2013 04 20 00 04  8.826     207.9
 2013 04 20 13 41 16.051     2013 04 20 13 43 55.730     159.7
 2013 04 20 23 41 40.683     2013 04 20 23 45  8.222     207.5
467
 2013 04 20 00 02 44.407     2013 04 20 00 06  4.123     199.7
 2013 04 20 23 43 44.117     2013 04 20 23 47  3.521     199.4
468
 2013 04 20 10 27 23.165     2013 04 20 10 31  1.211     218.0
469
 2013 04 20 10 25 17.731     2013 04 20 10 28 18.394     180.7
 2013 04 20 22 12 35.471     2013 04 20 22 15 52.813     197.3
470
 2013 04 20 13 44 10.605     2013 04 20 13 47 51.295     220.7
 2013 04 20 22 03 35.800     2013 04 20 22 06 22.937     167.1
471
 2013 04 20 22 09 48.530     2013 04 20 22 13 20.842     212.3
472
 2013 04 20 10 25 55.144     2013 04 20 10 28 44.249     169.1
473
 2013 04 20 13 45 24.026     2013 04 20 13 49  6.307     222.3
 2013 04 20 22 01   .497     2013 04 20 22 03 44.623     164.1
474
 2013 04 20 10 31 54.080     2013 04 20 10 34 40.145     166.1
 2013 04 20 20 31 32.981     2013 04 20 20 34 46.428     193.4
475
 2013 04 20 12 06 46.333     2013 04 20 12 09 53.153     186.8
 2013 04 20 22 05 44.314     2013 04 20 22 09  8.457     204.1
476
 2013 04 20 12 11  5.281     2013 04 20 12 13 42.514     157.2
 2013 04 20 20 27 35.907     2013 04 20 20 30 25.008     169.1
477
 2013 04 20 20 35 59.402     2013 04 20 20 38 54.713     175.3
478
 2013 04 20 12 14 39.250     2013 04 20 12 15 29.772      50.5
 2013 04 20 20 25 23.087     2013 04 20 20 29 10.192     227.1
479
 2013 04 20 12 06 51.338     2013 04 20 12 10  6.104     194.8
480
 2013 04 20 12 14 20.247     2013 04 20 12 16 57.972     157.7
 2013 04 20 18 49 26.981     2013 04 20 18 52  6.175     159.2
481
 2013 04 20 12 12 13.860     2013 04 20 12 15   .869     167.0
482
 2013 04 20 13 44 33.656     2013 04 20 13 48  9.403     215.7
 2013 04 20 22 01 10.520     2013 04 20 22 04  2.423     171.9
483
 2013 04 20 00 01  8.871     2013 04 20 00 04 38.427     209.6
 2013 04 20 13 40 54.763     2013 04 20 13 43 55.891     181.1
 2013 04 20 23 42  8.590     2013 04 20 23 45 37.818     209.2
484
 2013 04 20 13 47 56.974     2013 04 20 13 50 33.745     156.8
 2013 04 20 20 23 31.929     2013 04 20 20 26 57.330     205.4
485
 2013 04 20 12 13 17.748     2013 04 20 12 16  2.660     164.9
 2013 04 20 18 48 34.926     2013 04 20 18 51 44.805     189.9
486
 2013 04 20 10 24 17.680     2013 04 20 10 27 15.143     177.5
 2013 04 20 22 13 28.672     2013 04 20 22 16  6.483     157.8
487
 2013 04 20 15 24  5.077     2013 04 20 15 27   .005     174.9
 2013 04 20 21 59 20.164     2013 04 20 22 02 11.206     171.0
488
 2013 04 20 00 00 15.465     2013 04 20 00 03 27.276     191.8
 2013 04 20 13 41 18.628     2013 04 20 13 43 57.767     159.1
 2013 04 20 23 41 15.155     2013 04 20 23 44 26.695     191.5
489
 2013 04 20 13 45 27.018     2013 04 20 13 48 11.788     164.8
 2013 04 20 22 01 56.165     2013 04 20 22 04 34.313     158.1
490
491
 2013 04 20 20 29 59.972     2013 04 20 20 32 39.392     159.4
492
 2013 04 20 00 06 43.967     2013 04 20 00 10 30.098     226.1
 2013 04 20 12 00 13.484     2013 04 20 12 02 48.214     154.7
493
 2013 04 20 22 11 26.647     2013 04 20 22 14 32.056     185.4
494
 2013 04 20 22 08 42.883     2013 04 20 22 12  4.622     201.7
495
 2013 04 20 13 47 44.350     2013 04 20 13 50 36.723     172.4
 2013 04 20 20 23 58.069     2013 04 20 20 27 36.801     218.7
496
 2013 04 20 13 45 32.195     2013 04 20 13 46 27.405      55.2
 2013 04 20 22 03  8.263     2013 04 20 22 06 41.206     212.9
497
 2013 04 20 10 29 56.361     2013 04 20 10 30 41.359      45.0
 2013 04 20 20 34  5.438     2013 04 20 20 36 54.039     168.6
498
 2013 04 20 12 01 24.448     2013 04 20 12 04 51.832     207.4
499
 2013 04 20 12 03  6.602     2013 04 20 12 05 58.087     171.5
