s2
0
 2013 04 20 20 39 40.862     2013 04 20 20 42 23.571     162.7
1
 2013 04 20 22 08 55.386     2013 04 20 22 11 33.659     158.3
2
 2013 04 20 10 30 11.266     2013 04 20 10 33 23.964     192.7
 2013 04 20 22 17 54.062     2013 04 20 22 20 27.974     153.9
3
4
 2013 04 20 20 40 36.321     2013 04 20 20 43 46.009     189.7
5
 2013 04 20 10 37  8.240     2013 04 20 10 39 44.522     156.3
 2013 04 20 20 37 14.117     2013 04 20 20 39 53.678     159.6
6
 2013 04 20 12 08 43.192     2013 04 20 12 11 19.671     156.5
7
 2013 04 20 13 49 20.082     2013 04 20 13 52 37.050     197.0
 2013 04 20 22 07 47.514     2013 04 20 22 11 18.122     210.6
8
 2013 04 20 12 07 57.213     2013 04 20 12 11  1.393     184.2
9
 2013 04 20 12 13 32.434     2013 04 20 12 13 35.479       3.0
10
 2013 04 20 12 20 54.781     2013 04 20 12 22 32.057      97.3
 2013 04 20 17 21  7.339     2013 04 20 17 21 21.003      13.7
 2013 04 20 18 55  8.497     2013 04 20 18 55 28.003      19.5
11
 2013 04 20 10 36  9.911     2013 04 20 10 39 11.654     181.7
 2013 04 20 20 38 28.928     2013 04 20 20 41  3.660     154.7
12
 2013 04 20 12 19 48.608     2013 04 20 12 20   .238      11.6
 2013 04 20 20 30 58.517     2013 04 20 20 33 35.619     157.1
13
 2013 04 20 18 58 52.178     2013 04 20 18 59 43.199      51.0
14
 2013 04 20 22 15 38.408     2013 04 20 22 18 38.607     180.2
15
 2013 04 20 13 56 58.053     2013 04 20 13 57 26.917      28.9
 2013 04 20 15 31 28.675     2013 04 20 15 35  6.802     218.1
 2013 04 20 20 27 27.714     2013 04 20 20 30  8.275     160.6
16
 2013 04 20 00 14 14.908     2013 04 20 00 16 58.430     163.5
 2013 04 20 12 05  2.314     2013 04 20 12 07 49.689     167.4
17
 2013 04 20 12 09  2.162     2013 04 20 12 11 39.780     157.6
18
 2013 04 20 12 15 41.709     2013 04 20 12 16 13.448      31.7
 2013 04 20 20 31 10.030     2013 04 20 20 33 51.153     161.1
19
 2013 04 20 13 50 59.582     2013 04 20 13 53 35.612     156.0
 2013 04 20 22 07   .703     2013 04 20 22 09 37.245     156.5
20
 2013 04 20 13 52 27.125     2013 04 20 13 55  4.926     157.8
 2013 04 20 22 05 54.829     2013 04 20 22 06 30.579      35.7
21
 2013 04 20 12 12 12.569     2013 04 20 12 15  3.006     170.4
 2013 04 20 22 11 48.772     2013 04 20 22 15 23.660     214.9
22
 2013 04 20 12 06 33.011     2013 04 20 12 09 58.712     205.7
23
 2013 04 20 10 40 28.635     2013 04 20 10 43 15.621     167.0
 2013 04 20 18 58  9.126     2013 04 20 19 01 44.714     215.6
24
25
 2013 04 20 13 49 49.471     2013 04 20 13 53  5.470     196.0
 2013 04 20 22 07 58.846     2013 04 20 22 10 54.304     175.5
26
 2013 04 20 12 17 12.874     2013 04 20 12 19 52.837     160.0
 2013 04 20 20 31 50.294     2013 04 20 20 34 57.685     187.4
27
 2013 04 20 10 40 50.355     2013 04 20 10 41 14.894      24.5
 2013 04 20 18 56 32.644     2013 04 20 18 59 25.530     172.9
28
 2013 04 20 13 51 54.825     2013 04 20 13 54 49.557     174.7
 2013 04 20 22 05 54.666     2013 04 20 22 09 16.561     201.9
29
 2013 04 20 10 37 41.250     2013 04 20 10 40 15.695     154.4
 2013 04 20 20 36 55.342     2013 04 20 20 40  3.597     188.3
30
 2013 04 20 22 04 59.372     2013 04 20 22 08 21.968     202.6
31
 2013 04 20 12 14 46.851     2013 04 20 12 17 47.876     181.0
 2013 04 20 20 35 10.296     2013 04 20 20 35 27.578      17.3
32
 2013 04 20 20 40 22.444     2013 04 20 20 43 15.749     173.3
33
 2013 04 20 00 07 32.452     2013 04 20 00 07 45.719      13.3
 2013 04 20 13 47  1.210     2013 04 20 13 49 53.400     172.2
34
 2013 04 20 13 50 23.410     2013 04 20 13 53 20.606     177.2
 2013 04 20 22 06 24.054     2013 04 20 22 09 13.710     169.7
35
 2013 04 20 10 34  5.648     2013 04 20 10 37 51.427     225.8
 2013 04 20 20 39  5.873     2013 04 20 20 42 51.297     225.4
36
 2013 04 20 10 41 48.853     2013 04 20 10 45 27.653     218.8
 2013 04 20 18 56 38.672     2013 04 20 18 59 20.211     161.5
37
 2013 04 20 10 40 53.625     2013 04 20 10 44 15.201     201.6
 2013 04 20 18 56 51.440     2013 04 20 18 59 53.345     181.9
38
 2013 04 20 12 09 12.597     2013 04 20 12 11 48.064     155.5
39
 2013 04 20 13 52 13.982     2013 04 20 13 52 16.154       2.2
 2013 04 20 20 26 41.329     2013 04 20 20 26 54.573      13.2
40
41
 2013 04 20 12 15 16.543     2013 04 20 12 18 21.586     185.0
 2013 04 20 20 33 13.838     2013 04 20 20 36 15.330     181.5
42
 2013 04 20 12 19 43.849     2013 04 20 12 22 38.751     174.9
 2013 04 20 18 54 57.067     2013 04 20 18 57 35.261     158.2
43
 2013 04 20 00 10  2.701     2013 04 20 00 12 43.244     160.5
44
 2013 04 20 13 47 52.358     2013 04 20 13 50 35.476     163.1
45
 2013 04 20 12 10 32.577     2013 04 20 12 13 44.260     191.7
 2013 04 20 22 11 18.796     2013 04 20 22 14 21.877     183.1
46
 2013 04 20 12 20 15.760     2013 04 20 12 23 41.876     206.1
 2013 04 20 13 58  6.091     2013 04 20 14 01 45.372     219.3
 2013 04 20 17 14 55.223     2013 04 20 17 18 42.358     227.1
 2013 04 20 18 53 10.332     2013 04 20 18 56 25.185     194.9
47
 2013 04 20 00 10 52.534     2013 04 20 00 13 41.715     169.2
48
 2013 04 20 22 16 16.324     2013 04 20 22 18 50.598     154.3
49
 2013 04 20 10 37 52.929     2013 04 20 10 41 16.589     203.7
50
 2013 04 20 22 05  4.350     2013 04 20 22 07 45.112     160.8
51
 2013 04 20 10 36  5.185     2013 04 20 10 38 39.562     154.4
 2013 04 20 20 37 52.473     2013 04 20 20 40 41.584     169.1
52
53
 2013 04 20 10 32 16.742     2013 04 20 10 33 21.203      64.5
54
 2013 04 20 12 09 17.806     2013 04 20 12 12 12.331     174.5
 2013 04 20 22 15 25.856     2013 04 20 22 16 48.397      82.5
55
56
 2013 04 20 22 10  2.714     2013 04 20 22 12 48.673     166.0
57
 2013 04 20 12 20 23.637     2013 04 20 12 23 28.161     184.5
 2013 04 20 18 55  2.647     2013 04 20 18 57 58.623     176.0
58
 2013 04 20 12 11 57.171     2013 04 20 12 13 12.481      75.3
59
 2013 04 20 15 29 49.761     2013 04 20 15 32 28.214     158.5
 2013 04 20 22 03 32.234     2013 04 20 22 06 38.081     185.8
60
 2013 04 20 12 15 51.843     2013 04 20 12 18 36.784     164.9
 2013 04 20 20 32  3.902     2013 04 20 20 34 54.279     170.4
61
 2013 04 20 12 12 27.622     2013 04 20 12 15  2.189     154.6
 2013 04 20 22 11 17.169     2013 04 20 22 14 39.535     202.4
62
 2013 04 20 12 10 46.612     2013 04 20 12 14  4.722     198.1
 2013 04 20 22 13  9.248     2013 04 20 22 15 47.364     158.1
63
 2013 04 20 15 30  1.277     2013 04 20 15 32 59.301     178.0
 2013 04 20 17 07 32.099     2013 04 20 17 08 25.454      53.4
 2013 04 20 20 24 41.532     2013 04 20 20 28 12.729     211.2
 2013 04 20 22 02 29.640     2013 04 20 22 06 13.368     223.7
64
 2013 04 20 22 14 56.349     2013 04 20 22 17 31.325     155.0
65
 2013 04 20 12 16 26.817     2013 04 20 12 19 13.482     166.7
 2013 04 20 20 32  2.150     2013 04 20 20 34 38.996     156.8
66
 2013 04 20 13 56 47.384     2013 04 20 13 59 53.451     186.1
 2013 04 20 18 52 19.874     2013 04 20 18 55  6.422     166.5
67
 2013 04 20 15 30 53.120     2013 04 20 15 33 50.665     177.5
 2013 04 20 20 26 19.182     2013 04 20 20 29 32.572     193.4
68
 2013 04 20 12 12 43.797     2013 04 20 12 15 33.956     170.2
69
 2013 04 20 15 31 30.971     2013 04 20 15 34 33.414     182.4
 2013 04 20 20 26 57.077     2013 04 20 20 29 38.770     161.7
70
 2013 04 20 13 54 36.368     2013 04 20 13 57 15.277     158.9
 2013 04 20 20 29  8.989     2013 04 20 20 31 46.978     158.0
71
 2013 04 20 10 34 11.335     2013 04 20 10 36 45.579     154.2
72
 2013 04 20 15 29 42.800     2013 04 20 15 32 57.917     195.1
 2013 04 20 22 04 13.017     2013 04 20 22 07 25.967     192.9
73
 2013 04 20 12 17  4.331     2013 04 20 12 20 30.252     205.9
 2013 04 20 20 32 45.355     2013 04 20 20 36 32.143     226.8
74
 2013 04 20 13 53 49.037     2013 04 20 13 54 40.572      51.5
 2013 04 20 20 30 18.691     2013 04 20 20 32 57.062     158.4
75
 2013 04 20 13 52   .780     2013 04 20 13 55 45.044     224.3
76
 2013 04 20 10 38 35.042     2013 04 20 10 41  9.724     154.7
77
 2013 04 20 12 12 33.153     2013 04 20 12 16 15.386     222.2
 2013 04 20 22 09 49.734     2013 04 20 22 13 20.972     211.2
78
 2013 04 20 22 14 16.329     2013 04 20 22 16 51.357     155.0
79
80
81
 2013 04 20 10 36  7.309     2013 04 20 10 39 39.626     212.3
 2013 04 20 20 36 28.554     2013 04 20 20 39 20.263     171.7
82
 2013 04 20 12 20 11.463     2013 04 20 12 23  4.905     173.4
 2013 04 20 18 54 56.417     2013 04 20 18 57 39.527     163.1
83
 2013 04 20 10 30 34.770     2013 04 20 10 33 42.533     187.8
 2013 04 20 22 17 43.914     2013 04 20 22 20 24.338     160.4
84
85
 2013 04 20 12 12 34.748     2013 04 20 12 13 23.053      48.3
86
 2013 04 20 20 34 33.617     2013 04 20 20 38 18.749     225.1
87
 2013 04 20 00 09 30.007     2013 04 20 00 11 19.553     109.5
88
 2013 04 20 13 52 47.082     2013 04 20 13 55 31.461     164.4
89
90
 2013 04 20 18 55 57.440     2013 04 20 18 58 48.533     171.1
91
 2013 04 20 12 15 56.230     2013 04 20 12 18 35.059     158.8
 2013 04 20 20 32 15.501     2013 04 20 20 35  3.208     167.7
92
 2013 04 20 20 41  5.220     2013 04 20 20 43 43.344     158.1
93
 2013 04 20 12 09 25.334     2013 04 20 12 10 17.448      52.1
 2013 04 20 22 13 55.522     2013 04 20 22 16 41.056     165.5
94
 2013 04 20 15 30 46.986     2013 04 20 15 34 32.020     225.0
 2013 04 20 20 26 58.119     2013 04 20 20 30 11.052     192.9
95
 2013 04 20 10 30 22.200     2013 04 20 10 30 55.943      33.7
 2013 04 20 22 17 18.187     2013 04 20 22 19 54.805     156.6
96
97
 2013 04 20 12 15  2.638     2013 04 20 12 17 37.940     155.3
 2013 04 20 20 32  6.759     2013 04 20 20 32 48.976      42.2
98
 2013 04 20 20 30 24.360     2013 04 20 20 33 36.074     191.7
99
 2013 04 20 15 30 35.352     2013 04 20 15 33 22.396     167.0
 2013 04 20 20 25 47.436     2013 04 20 20 29 23.063     215.6
100
 2013 04 20 15 31 41.343     2013 04 20 15 34 52.402     191.1
 2013 04 20 20 27 11.686     2013 04 20 20 29 50.092     158.4
101
 2013 04 20 10 38 48.452     2013 04 20 10 41 44.045     175.6
102
 2013 04 20 12 07 23.518     2013 04 20 12 09 57.056     153.5
103
 2013 04 20 13 53 15.919     2013 04 20 13 56 51.503     215.6
 2013 04 20 20 27 35.883     2013 04 20 20 30 32.318     176.4
104
 2013 04 20 20 30 21.751     2013 04 20 20 34 14.230     232.5
105
 2013 04 20 20 35 45.378     2013 04 20 20 38 33.566     168.2
106
 2013 04 20 13 55 19.032     2013 04 20 13 57 57.378     158.3
 2013 04 20 20 28 55.932     2013 04 20 20 32  5.927     190.0
107
 2013 04 20 12 07 54.127     2013 04 20 12 11 29.467     215.3
108
 2013 04 20 12 17 34.902     2013 04 20 12 20 15.573     160.7
 2013 04 20 20 31 30.371     2013 04 20 20 35  7.414     217.0
109
 2013 04 20 10 38 40.669     2013 04 20 10 41 29.578     168.9
110
 2013 04 20 10 40 25.390     2013 04 20 10 43 35.307     189.9
 2013 04 20 18 56 44.349     2013 04 20 19 00 29.944     225.6
111
 2013 04 20 22 08 38.794     2013 04 20 22 12  6.027     207.2
112
 2013 04 20 15 28 50.574     2013 04 20 15 31 53.844     183.3
 2013 04 20 22 04 13.621     2013 04 20 22 06 51.502     157.9
113
 2013 04 20 20 33 18.284     2013 04 20 20 34 37.983      79.7
114
 2013 04 20 12 14 25.983     2013 04 20 12 15  4.363      38.4
 2013 04 20 20 33 48.905     2013 04 20 20 37  6.634     197.7
115
 2013 04 20 10 32 18.604     2013 04 20 10 32 59.414      40.8
116
 2013 04 20 13 48 34.814     2013 04 20 13 51 21.495     166.7
117
 2013 04 20 20 42 33.809     2013 04 20 20 45 19.033     165.2
118
 2013 04 20 13 54 54.806     2013 04 20 13 57 33.327     158.5
 2013 04 20 20 28 45.918     2013 04 20 20 31 33.940     168.0
119
 2013 04 20 12 17 48.680     2013 04 20 12 20 54.595     185.9
120
 2013 04 20 12 17 47.192     2013 04 20 12 20 41.148     174.0
121
122
 2013 04 20 12 18 30.974     2013 04 20 12 22 19.839     228.9
 2013 04 20 18 55  8.679     2013 04 20 18 58 31.650     203.0
123
 2013 04 20 12 18 23.401     2013 04 20 12 21 23.930     180.5
 2013 04 20 18 57 43.570     2013 04 20 18 58 15.925      32.4
124
 2013 04 20 15 27 14.483     2013 04 20 15 27 45.194      30.7
 2013 04 20 22 04 11.992     2013 04 20 22 08  1.578     229.6
125
 2013 04 20 12 07 50.260     2013 04 20 12 07 54.448       4.2
126
127
 2013 04 20 13 54  2.329     2013 04 20 13 56 40.575     158.2
 2013 04 20 20 28 39.490     2013 04 20 20 31 27.024     167.5
128
 2013 04 20 13 49 50.645     2013 04 20 13 52 29.154     158.5
 2013 04 20 22 06 34.065     2013 04 20 22 10  7.890     213.8
129
 2013 04 20 12 07  9.640     2013 04 20 12 09 43.592     154.0
130
 2013 04 20 22 16 34.066     2013 04 20 22 20 17.194     223.1
131
 2013 04 20 18 56 18.372     2013 04 20 18 59 11.608     173.2
132
 2013 04 20 10 41 16.466     2013 04 20 10 43 52.886     156.4
 2013 04 20 18 57 47.354     2013 04 20 19 00 39.546     172.2
133
 2013 04 20 10 40 21.965     2013 04 20 10 43  4.376     162.4
 2013 04 20 19 00 32.052     2013 04 20 19 01 11.016      39.0
134
 2013 04 20 12 12  8.989     2013 04 20 12 14 43.464     154.5
 2013 04 20 22 11 39.928     2013 04 20 22 14 44.450     184.5
135
 2013 04 20 10 40 24.551     2013 04 20 10 43  4.232     159.7
 2013 04 20 19 00 20.098     2013 04 20 19 01 13.797      53.7
136
 2013 04 20 13 55 26.899     2013 04 20 13 56 14.981      48.1
 2013 04 20 18 55 49.636     2013 04 20 18 55 59.766      10.1
 2013 04 20 20 29 46.097     2013 04 20 20 30  1.621      15.5
137
 2013 04 20 15 29 46.900     2013 04 20 15 33 16.879     210.0
 2013 04 20 22 04 18.153     2013 04 20 22 07 44.893     206.7
138
 2013 04 20 00 13 55.125     2013 04 20 00 16 32.084     157.0
 2013 04 20 12 04 11.759     2013 04 20 12 07 47.972     216.2
139
 2013 04 20 13 50 25.147     2013 04 20 13 53  7.734     162.6
 2013 04 20 22 06 41.268     2013 04 20 22 09 32.880     171.6
140
 2013 04 20 22 14 49.749     2013 04 20 22 17 24.141     154.4
141
 2013 04 20 13 49 25.466     2013 04 20 13 52 22.867     177.4
 2013 04 20 22 07 26.653     2013 04 20 22 11  8.537     221.9
142
 2013 04 20 13 54 28.629     2013 04 20 13 54 49.135      20.5
 2013 04 20 20 30 20.951     2013 04 20 20 33 14.647     173.7
143
 2013 04 20 22 16 33.648     2013 04 20 22 19  9.276     155.6
144
 2013 04 20 12 13 11.206     2013 04 20 12 15 45.857     154.7
145
 2013 04 20 12 10 13.570     2013 04 20 12 11 38.037      84.5
 2013 04 20 22 13 38.067     2013 04 20 22 16 14.241     156.2
146
 2013 04 20 13 47 36.847     2013 04 20 13 50 17.003     160.2
147
148
 2013 04 20 13 51 34.964     2013 04 20 13 54 18.509     163.5
 2013 04 20 22 07  6.698     2013 04 20 22 10 10.297     183.6
149
 2013 04 20 10 37 40.700     2013 04 20 10 40 33.142     172.4
 2013 04 20 20 36 24.175     2013 04 20 20 39 25.631     181.5
150
 2013 04 20 20 40  1.119     2013 04 20 20 43  9.859     188.7
151
 2013 04 20 13 52 34.230     2013 04 20 13 56 24.047     229.8
 2013 04 20 20 33 12.365     2013 04 20 20 33 27.484      15.1
152
 2013 04 20 12 06 35.167     2013 04 20 12 09 55.566     200.4
153
 2013 04 20 22 05 17.134     2013 04 20 22 08  4.815     167.7
154
 2013 04 20 20 40 59.631     2013 04 20 20 43 46.462     166.8
155
 2013 04 20 00 10 13.643     2013 04 20 00 12 48.626     155.0
156
 2013 04 20 22 10 19.180     2013 04 20 22 12 54.675     155.5
157
 2013 04 20 13 49 36.815     2013 04 20 13 52 27.953     171.1
 2013 04 20 22 06  8.403     2013 04 20 22 09 59.107     230.7
158
159
 2013 04 20 10 40 47.656     2013 04 20 10 41  4.586      16.9
 2013 04 20 20 35 46.541     2013 04 20 20 38 25.608     159.1
160
 2013 04 20 12 10 44.968     2013 04 20 12 13 53.114     188.1
 2013 04 20 22 11 22.665     2013 04 20 22 14 14.751     172.1
161
 2013 04 20 22 13 40.530     2013 04 20 22 16 35.491     175.0
162
 2013 04 20 10 41 32.868     2013 04 20 10 44 16.311     163.4
 2013 04 20 18 57 34.256     2013 04 20 19 00 14.824     160.6
163
 2013 04 20 18 56  8.349     2013 04 20 18 58 50.987     162.6
164
 2013 04 20 10 40 47.143     2013 04 20 10 43 36.006     168.9
 2013 04 20 18 57 13.053     2013 04 20 19 00 36.763     203.7
165
 2013 04 20 20 40 49.041     2013 04 20 20 44  3.800     194.8
166
 2013 04 20 10 39 11.983     2013 04 20 10 40 10.146      58.2
167
 2013 04 20 10 33 33.951     2013 04 20 10 33 47.979      14.0
 2013 04 20 20 42 46.571     2013 04 20 20 43 22.385      35.8
168
 2013 04 20 12 07 19.973     2013 04 20 12 10 27.490     187.5
169
 2013 04 20 00 13  4.395     2013 04 20 00 15 57.089     172.7
 2013 04 20 12 07 45.727     2013 04 20 12 09  4.202      78.5
170
 2013 04 20 10 40 19.579     2013 04 20 10 43  8.471     168.9
 2013 04 20 18 58  7.130     2013 04 20 19 01 54.416     227.3
171
 2013 04 20 22 10  6.686     2013 04 20 22 12 57.374     170.7
172
 2013 04 20 20 35 44.579     2013 04 20 20 38 49.599     185.0
173
 2013 04 20 12 17 14.701     2013 04 20 12 20 10.669     176.0
 2013 04 20 20 32 28.844     2013 04 20 20 36  2.068     213.2
174
 2013 04 20 00 16  2.875     2013 04 20 00 16  7.985       5.1
175
 2013 04 20 13 46 56.972     2013 04 20 13 47 27.435      30.5
176
 2013 04 20 12 20   .904     2013 04 20 12 23  7.537     186.6
 2013 04 20 18 53 35.455     2013 04 20 18 56 22.914     167.5
177
 2013 04 20 20 35  2.187     2013 04 20 20 37 46.139     164.0
178
 2013 04 20 13 53 55.270     2013 04 20 13 56 32.853     157.6
 2013 04 20 20 28 37.743     2013 04 20 20 31 31.772     174.0
179
 2013 04 20 10 38 15.257     2013 04 20 10 40 50.190     154.9
 2013 04 20 20 36 18.072     2013 04 20 20 38 13.250     115.2
180
181
 2013 04 20 12 12 29.870     2013 04 20 12 16 15.916     226.0
 2013 04 20 22 09 49.601     2013 04 20 22 13 17.647     208.0
182
 2013 04 20 12 11  5.840     2013 04 20 12 14 38.800     213.0
 2013 04 20 22 12 57.155     2013 04 20 22 15 57.197     180.0
183
 2013 04 20 12 16 20.006     2013 04 20 12 18 58.168     158.2
 2013 04 20 20 32 43.966     2013 04 20 20 35 20.390     156.4
184
 2013 04 20 10 31 11.260     2013 04 20 10 34  7.718     176.5
 2013 04 20 22 18  7.699     2013 04 20 22 18 19.091      11.4
185
186
 2013 04 20 22 09  8.823     2013 04 20 22 12 11.336     182.5
187
 2013 04 20 12 10 55.810     2013 04 20 12 14 13.320     197.5
 2013 04 20 22 11 13.928     2013 04 20 22 13 57.330     163.4
188
 2013 04 20 00 11 18.098     2013 04 20 00 13 52.819     154.7
189
190
 2013 04 20 15 29 40.390     2013 04 20 15 33  4.023     203.6
 2013 04 20 22 04 18.728     2013 04 20 22 07 33.026     194.3
191
 2013 04 20 10 41 56.515     2013 04 20 10 44 47.281     170.8
 2013 04 20 18 57 21.563     2013 04 20 18 59 59.319     157.8
192
 2013 04 20 10 32 54.310     2013 04 20 10 36  6.845     192.5
193
 2013 04 20 00 13 52.174     2013 04 20 00 16 28.322     156.1
 2013 04 20 12 04 46.774     2013 04 20 12 08  6.954     200.2
194
 2013 04 20 22 12 59.678     2013 04 20 22 16 40.201     220.5
195
 2013 04 20 13 57  6.132     2013 04 20 13 57  7.248       1.1
 2013 04 20 15 31  2.382     2013 04 20 15 34 45.377     223.0
 2013 04 20 20 27 11.336     2013 04 20 20 30  8.513     177.2
196
 2013 04 20 10 37 16.423     2013 04 20 10 40 28.369     191.9
 2013 04 20 20 36 22.677     2013 04 20 20 39  6.191     163.5
197
 2013 04 20 10 40  3.877     2013 04 20 10 40 36.576      32.7
 2013 04 20 20 36  1.295     2013 04 20 20 38 37.153     155.9
198
 2013 04 20 10 37 22.568     2013 04 20 10 40  9.905     167.3
 2013 04 20 20 36 45.495     2013 04 20 20 39 31.667     166.2
199
 2013 04 20 22 09 26.935     2013 04 20 22 12  6.782     159.8
200
 2013 04 20 12 09  6.781     2013 04 20 12 11 43.776     157.0
201
 2013 04 20 12 09 57.745     2013 04 20 12 13 41.499     223.8
 2013 04 20 22 10 47.925     2013 04 20 22 14 25.714     217.8
202
 2013 04 20 10 37 11.391     2013 04 20 10 40 50.102     218.7
 2013 04 20 20 36  1.531     2013 04 20 20 38 45.002     163.5
203
 2013 04 20 12 13 42.244     2013 04 20 12 14 14.683      32.4
 2013 04 20 22 10 38.366     2013 04 20 22 13 53.675     195.3
204
 2013 04 20 12 09  8.690     2013 04 20 12 12 12.029     183.3
205
 2013 04 20 12 14 25.868     2013 04 20 12 17 33.768     187.9
 2013 04 20 20 36 45.637     2013 04 20 20 37  2.221      16.6
206
 2013 04 20 13 50 35.268     2013 04 20 13 53 33.988     178.7
 2013 04 20 22 07 47.205     2013 04 20 22 10 23.642     156.4
207
 2013 04 20 22 15 45.383     2013 04 20 22 19 13.115     207.7
208
 2013 04 20 00 11 31.372     2013 04 20 00 14 16.744     165.4
209
 2013 04 20 12 16 49.427     2013 04 20 12 20 19.023     209.6
 2013 04 20 20 32 59.491     2013 04 20 20 36 27.521     208.0
210
 2013 04 20 12 08 51.514     2013 04 20 12 11 30.904     159.4
211
 2013 04 20 13 56 52.877     2013 04 20 14 00  3.509     190.6
 2013 04 20 18 52 28.360     2013 04 20 18 55 11.494     163.1
212
 2013 04 20 13 53 18.022     2013 04 20 13 55 55.117     157.1
 2013 04 20 20 28 20.167     2013 04 20 20 32  5.468     225.3
213
 2013 04 20 10 35 21.895     2013 04 20 10 38 15.361     173.5
 2013 04 20 20 38 27.393     2013 04 20 20 41 33.893     186.5
214
 2013 04 20 13 54  4.740     2013 04 20 13 56 50.289     165.5
 2013 04 20 20 29 14.168     2013 04 20 20 32   .253     166.1
215
 2013 04 20 20 40 57.225     2013 04 20 20 43 58.654     181.4
216
 2013 04 20 13 54 13.438     2013 04 20 13 56 54.898     161.5
 2013 04 20 20 29 10.581     2013 04 20 20 31 52.199     161.6
217
 2013 04 20 12 09 56.087     2013 04 20 12 13 11.697     195.6
 2013 04 20 22 11  7.595     2013 04 20 22 14 55.125     227.5
218
 2013 04 20 10 38  5.069     2013 04 20 10 41 19.837     194.8
 2013 04 20 20 35 35.948     2013 04 20 20 39  8.457     212.5
219
 2013 04 20 13 54 28.182     2013 04 20 13 57 35.061     186.9
 2013 04 20 20 29 44.046     2013 04 20 20 32 22.166     158.1
220
 2013 04 20 12 18 34.590     2013 04 20 12 22 11.613     217.0
 2013 04 20 18 52 56.750     2013 04 20 18 55 59.715     183.0
221
 2013 04 20 13 54 17.214     2013 04 20 13 57 27.957     190.7
 2013 04 20 20 29 46.383     2013 04 20 20 32 23.759     157.4
222
 2013 04 20 00 12 55.399     2013 04 20 00 15 59.547     184.1
223
224
 2013 04 20 13 55 17.701     2013 04 20 13 58  9.308     171.6
 2013 04 20 18 49 56.108     2013 04 20 18 53 50.302     234.2
 2013 04 20 20 28 10.437     2013 04 20 20 31 34.147     203.7
225
226
 2013 04 20 12 17 33.628     2013 04 20 12 21  5.534     211.9
227
 2013 04 20 20 40 13.219     2013 04 20 20 42 51.657     158.4
228
 2013 04 20 13 56  2.989     2013 04 20 13 59 51.016     228.0
 2013 04 20 18 52 16.212     2013 04 20 18 55 40.508     204.3
229
 2013 04 20 00 07 35.359     2013 04 20 00 10 55.271     199.9
 2013 04 20 13 46 48.377     2013 04 20 13 49 22.750     154.4
230
231
 2013 04 20 20 37 36.161     2013 04 20 20 38 14.340      38.2
232
233
 2013 04 20 12 11 19.899     2013 04 20 12 12 17.019      57.1
234
 2013 04 20 20 34 40.288     2013 04 20 20 37 18.481     158.2
235
236
 2013 04 20 22 16 23.640     2013 04 20 22 19 56.134     212.5
237
 2013 04 20 12 14 41.210     2013 04 20 12 17 53.000     191.8
 2013 04 20 20 33  4.850     2013 04 20 20 36 47.394     222.5
238
 2013 04 20 10 38 22.381     2013 04 20 10 38 59.821      37.4
 2013 04 20 20 34 42.025     2013 04 20 20 35 11.843      29.8
239
 2013 04 20 00 09 18.141     2013 04 20 00 12 34.688     196.5
 2013 04 20 13 45 17.756     2013 04 20 13 45 35.529      17.8
240
 2013 04 20 00 11 18.040     2013 04 20 00 13 58.698     160.7
241
 2013 04 20 12 14 30.469     2013 04 20 12 17  9.398     158.9
242
 2013 04 20 10 33 33.452     2013 04 20 10 36 47.632     194.2
243
 2013 04 20 22 16 57.170     2013 04 20 22 20 34.461     217.3
244
 2013 04 20 22 05  5.257     2013 04 20 22 08 48.451     223.2
245
 2013 04 20 12 18 24.513     2013 04 20 12 21 45.407     200.9
 2013 04 20 18 54 34.119     2013 04 20 18 58 25.261     231.1
246
 2013 04 20 10 34 47.121     2013 04 20 10 37 31.530     164.4
247
 2013 04 20 12 19 53.370     2013 04 20 12 22 50.330     177.0
 2013 04 20 18 53 46.262     2013 04 20 18 56 26.189     159.9
248
 2013 04 20 00 13 31.994     2013 04 20 00 17  2.545     210.6
 2013 04 20 12 05 51.092     2013 04 20 12 08 35.006     163.9
249
 2013 04 20 15 30  8.866     2013 04 20 15 32 50.985     162.1
 2013 04 20 20 29 16.377     2013 04 20 20 29 22.731       6.4
 2013 04 20 22 03 30.587     2013 04 20 22 07  2.852     212.3
250
 2013 04 20 15 28 53.606     2013 04 20 15 32 40.904     227.3
 2013 04 20 22 04 46.163     2013 04 20 22 07 26.848     160.7
251
 2013 04 20 20 40 22.815     2013 04 20 20 43 39.014     196.2
252
 2013 04 20 18 55 57.973     2013 04 20 18 58 35.916     157.9
253
 2013 04 20 20 34 17.939     2013 04 20 20 37 34.177     196.2
254
 2013 04 20 00 10 51.192     2013 04 20 00 14  4.787     193.6
255
 2013 04 20 12 12  2.609     2013 04 20 12 15 34.611     212.0
 2013 04 20 22 10 28.554     2013 04 20 22 13 23.661     175.1
256
257
 2013 04 20 22 15 18.620     2013 04 20 22 18  8.140     169.5
258
 2013 04 20 20 40 57.810     2013 04 20 20 44 20.200     202.4
259
 2013 04 20 20 40 31.040     2013 04 20 20 43 16.994     166.0
260
 2013 04 20 20 39 11.089     2013 04 20 20 42 41.894     210.8
261
 2013 04 20 12 16 53.609     2013 04 20 12 19 30.315     156.7
 2013 04 20 20 32 25.475     2013 04 20 20 35 15.938     170.5
262
 2013 04 20 20 30 21.246     2013 04 20 20 33 23.779     182.5
263
264
 2013 04 20 08 56  4.231     2013 04 20 08 58 50.708     166.5
 2013 04 20 20 43 30.213     2013 04 20 20 46 13.385     163.2
265
 2013 04 20 00 08 35.942     2013 04 20 00 11 39.242     183.3
 2013 04 20 13 46  2.183     2013 04 20 13 49  1.625     179.4
266
 2013 04 20 12 17 51.112     2013 04 20 12 17 52.402       1.3
267
 2013 04 20 13 52 59.065     2013 04 20 13 56 14.515     195.4
 2013 04 20 20 29  2.414     2013 04 20 20 30  8.227      65.8
268
 2013 04 20 10 40  8.512     2013 04 20 10 43 36.554     208.0
 2013 04 20 18 58 49.298     2013 04 20 19 02 14.364     205.1
269
 2013 04 20 12 15 51.450     2013 04 20 12 18 42.381     170.9
 2013 04 20 20 33  5.435     2013 04 20 20 35 46.473     161.0
270
 2013 04 20 20 35 13.080     2013 04 20 20 38 11.802     178.7
271
272
 2013 04 20 12 14 24.876     2013 04 20 12 14 40.675      15.8
 2013 04 20 20 34 43.826     2013 04 20 20 34 51.075       7.2
273
 2013 04 20 12 11  7.548     2013 04 20 12 13 58.101     170.6
 2013 04 20 22 12 44.485     2013 04 20 22 15 21.371     156.9
274
 2013 04 20 00 12 16.922     2013 04 20 00 15 47.782     210.9
275
 2013 04 20 00 14   .222     2013 04 20 00 17 22.755     202.5
 2013 04 20 12 05 38.727     2013 04 20 12 08 13.228     154.5
276
 2013 04 20 12 18 15.791     2013 04 20 12 21 36.677     200.9
 2013 04 20 18 57 54.972     2013 04 20 18 58 31.674      36.7
277
 2013 04 20 13 52 53.242     2013 04 20 13 56 35.883     222.6
 2013 04 20 20 27 18.117     2013 04 20 20 30 36.233     198.1
278
 2013 04 20 12 15 15.743     2013 04 20 12 18 43.134     207.4
 2013 04 20 20 33 34.992     2013 04 20 20 36 23.569     168.6
279
 2013 04 20 12 07  8.439     2013 04 20 12 09 43.964     155.5
280
 2013 04 20 12 09 11.176     2013 04 20 12 12 49.079     217.9
 2013 04 20 22 13 39.777     2013 04 20 22 16 53.310     193.5
281
 2013 04 20 12 11 30.327     2013 04 20 12 12  2.535      32.2
 2013 04 20 22 10 36.126     2013 04 20 22 13 13.743     157.6
282
 2013 04 20 12 07 11.006     2013 04 20 12 10 18.687     187.7
283
 2013 04 20 15 29 47.912     2013 04 20 15 32 27.175     159.3
 2013 04 20 22 03 35.644     2013 04 20 22 06 39.445     183.8
284
 2013 04 20 22 15 13.930     2013 04 20 22 18 46.135     212.2
285
 2013 04 20 20 38 21.836     2013 04 20 20 39 15.268      53.4
286
 2013 04 20 10 42 23.917     2013 04 20 10 45 13.664     169.7
 2013 04 20 18 57  9.864     2013 04 20 19 00  4.036     174.2
287
 2013 04 20 00 08 33.685     2013 04 20 00 08 48.927      15.2
 2013 04 20 13 45 58.946     2013 04 20 13 46 23.500      24.6
288
 2013 04 20 20 34 36.072     2013 04 20 20 37 17.750     161.7
289
 2013 04 20 20 39 17.809     2013 04 20 20 42  6.370     168.6
290
 2013 04 20 20 41  4.468     2013 04 20 20 44 50.857     226.4
291
 2013 04 20 12 17 53.579     2013 04 20 12 20 30.020     156.4
 2013 04 20 20 31 26.697     2013 04 20 20 31 54.571      27.9
292
 2013 04 20 13 54 15.291     2013 04 20 13 54 45.538      30.2
 2013 04 20 20 30 22.979     2013 04 20 20 33  5.725     162.7
293
 2013 04 20 22 18 10.255     2013 04 20 22 18 52.038      41.8
294
 2013 04 20 12 18 28.392     2013 04 20 12 21  5.247     156.9
 2013 04 20 18 57  6.748     2013 04 20 18 57 31.156      24.4
295
 2013 04 20 10 37 23.280     2013 04 20 10 40  3.639     160.4
 2013 04 20 20 36 55.292     2013 04 20 20 39 42.613     167.3
296
 2013 04 20 12 14  7.023     2013 04 20 12 16 44.912     157.9
297
 2013 04 20 13 55 50.967     2013 04 20 13 59 12.749     201.8
 2013 04 20 18 51 38.190     2013 04 20 18 55 25.940     227.8
298
 2013 04 20 13 51   .418     2013 04 20 13 53 37.174     156.8
 2013 04 20 22 06 56.547     2013 04 20 22 09 33.130     156.6
299
 2013 04 20 00 13 24.562     2013 04 20 00 16  3.809     159.2
 2013 04 20 12 04 51.915     2013 04 20 12 05  7.712      15.8
300
 2013 04 20 13 52 29.897     2013 04 20 13 56   .478     210.6
 2013 04 20 20 30 25.093     2013 04 20 20 31  3.917      38.8
301
 2013 04 20 12 10 57.093     2013 04 20 12 13 33.753     156.7
 2013 04 20 22 12  3.713     2013 04 20 22 14 46.302     162.6
302
303
 2013 04 20 10 36 10.111     2013 04 20 10 39 43.620     213.5
 2013 04 20 20 38 40.428     2013 04 20 20 41 23.627     163.2
304
 2013 04 20 12 13 54.418     2013 04 20 12 16 33.292     158.9
305
 2013 04 20 13 50 22.708     2013 04 20 13 54  9.834     227.1
 2013 04 20 22 08 18.611     2013 04 20 22 10 57.827     159.2
306
 2013 04 20 20 39 19.221     2013 04 20 20 42 25.035     185.8
307
308
 2013 04 20 20 34 50.521     2013 04 20 20 37 28.391     157.9
309
 2013 04 20 13 53  7.323     2013 04 20 13 56 11.568     184.2
 2013 04 20 20 27 38.450     2013 04 20 20 31  9.222     210.8
310
 2013 04 20 00 11  9.850     2013 04 20 00 14 29.380     199.5
311
 2013 04 20 10 36 46.303     2013 04 20 10 37 23.701      37.4
 2013 04 20 20 38  5.720     2013 04 20 20 41 51.589     225.9
312
 2013 04 20 20 40 42.686     2013 04 20 20 44  8.528     205.8
313
 2013 04 20 00 12 43.318     2013 04 20 00 15 22.799     159.5
314
 2013 04 20 12 11 25.163     2013 04 20 12 14   .366     155.2
 2013 04 20 22 12 16.616     2013 04 20 22 14 53.107     156.5
315
 2013 04 20 15 29 18.078     2013 04 20 15 30 40.967      82.9
 2013 04 20 22 04 44.073     2013 04 20 22 07 48.154     184.1
316
317
 2013 04 20 12 06 55.108     2013 04 20 12 10 10.398     195.3
318
 2013 04 20 13 46 58.043     2013 04 20 13 50 36.424     218.4
319
 2013 04 20 10 41  7.130     2013 04 20 10 44  8.655     181.5
 2013 04 20 18 57  9.869     2013 04 20 19 00  5.255     175.4
320
 2013 04 20 12 17 36.383     2013 04 20 12 20 53.217     196.8
321
 2013 04 20 12 19  2.869     2013 04 20 12 19 41.525      38.7
 2013 04 20 18 55 42.589     2013 04 20 18 58 25.509     162.9
322
 2013 04 20 22 14 36.022     2013 04 20 22 17 51.712     195.7
323
 2013 04 20 20 40 39.044     2013 04 20 20 43 17.510     158.5
324
 2013 04 20 12 19   .839     2013 04 20 12 21 50.423     169.6
 2013 04 20 18 53 33.740     2013 04 20 18 56 39.767     186.0
325
 2013 04 20 20 39 33.587     2013 04 20 20 42 47.560     194.0
326
 2013 04 20 12 21 19.493     2013 04 20 12 24 14.472     175.0
 2013 04 20 17 16 39.949     2013 04 20 17 20 27.130     227.2
 2013 04 20 18 54 23.709     2013 04 20 18 54 43.152      19.4
327
328
 2013 04 20 10 37  2.137     2013 04 20 10 37 50.894      48.8
329
 2013 04 20 15 30 12.748     2013 04 20 15 33 31.296     198.5
 2013 04 20 20 29 33.048     2013 04 20 20 30  1.804      28.8
 2013 04 20 22 03 56.508     2013 04 20 22 04 58.517      62.0
330
 2013 04 20 13 52 25.400     2013 04 20 13 55 29.935     184.5
 2013 04 20 22 05 13.370     2013 04 20 22 05 21.100       7.7
331
332
 2013 04 20 13 52 29.811     2013 04 20 13 52 35.487       5.7
 2013 04 20 15 30 21.900     2013 04 20 15 30 25.771       3.9
 2013 04 20 20 26 56.275     2013 04 20 20 30 33.612     217.3
333
 2013 04 20 00 09 35.874     2013 04 20 00 12 59.245     203.4
334
 2013 04 20 12 11  5.541     2013 04 20 12 13 42.486     156.9
 2013 04 20 22 12  1.662     2013 04 20 22 14 40.208     158.5
335
 2013 04 20 12 08 15.767     2013 04 20 12 11 16.508     180.7
336
 2013 04 20 08 56 53.343     2013 04 20 09 00 37.035     223.7
 2013 04 20 20 41 46.501     2013 04 20 20 45 17.092     210.6
337
338
 2013 04 20 12 08  5.012     2013 04 20 12 10 53.426     168.4
339
 2013 04 20 00 13  6.547     2013 04 20 00 16  6.968     180.4
 2013 04 20 12 05 23.220     2013 04 20 12 09  1.103     217.9
340
 2013 04 20 13 53  6.894     2013 04 20 13 55 43.563     156.7
 2013 04 20 20 28  6.888     2013 04 20 20 28  7.644        .8
341
 2013 04 20 10 38 18.894     2013 04 20 10 41 59.852     221.0
342
 2013 04 20 13 51 40.931     2013 04 20 13 54 26.055     165.1
 2013 04 20 22 06 19.297     2013 04 20 22 09 20.900     181.6
343
 2013 04 20 13 55 27.947     2013 04 20 13 58 23.675     175.7
 2013 04 20 20 29 15.591     2013 04 20 20 32 44.630     209.0
344
 2013 04 20 20 35 27.559     2013 04 20 20 38  5.095     157.5
345
 2013 04 20 10 32 51.633     2013 04 20 10 36   .134     188.5
346
 2013 04 20 00 13 18.457     2013 04 20 00 13 47.482      29.0
 2013 04 20 12 06 13.098     2013 04 20 12 08 48.858     155.8
347
 2013 04 20 15 28 16.163     2013 04 20 15 31 30.134     194.0
 2013 04 20 22 04  9.550     2013 04 20 22 07  5.715     176.2
348
 2013 04 20 13 52 42.795     2013 04 20 13 55 52.747     190.0
349
 2013 04 20 00 15 15.301     2013 04 20 00 16 29.646      74.3
350
 2013 04 20 10 40  7.251     2013 04 20 10 43  5.302     178.1
 2013 04 20 18 58 13.347     2013 04 20 18 58 23.661      10.3
351
 2013 04 20 10 32 32.867     2013 04 20 10 36  2.649     209.8
352
 2013 04 20 12 17  6.033     2013 04 20 12 19 42.086     156.1
 2013 04 20 20 32 12.124     2013 04 20 20 35 13.148     181.0
353
 2013 04 20 20 35 25.405     2013 04 20 20 38 13.973     168.6
354
 2013 04 20 12 21 28.137     2013 04 20 12 22  3.420      35.3
 2013 04 20 13 55 56.083     2013 04 20 13 56 28.075      32.0
 2013 04 20 18 52 24.583     2013 04 20 18 55 52.875     208.3
355
 2013 04 20 20 40 33.138     2013 04 20 20 43  9.163     156.0
356
 2013 04 20 00 13 30.890     2013 04 20 00 17 10.500     219.6
 2013 04 20 12 05 56.856     2013 04 20 12 08 36.757     159.9
357
 2013 04 20 20 41  9.320     2013 04 20 20 44 16.982     187.7
358
359
 2013 04 20 00 12  1.527     2013 04 20 00 12 12.715      11.2
 2013 04 20 12 06 22.301     2013 04 20 12 10   .009     217.7
360
361
 2013 04 20 13 56 26.711     2013 04 20 13 59 26.201     179.5
 2013 04 20 18 51 54.991     2013 04 20 18 54 59.590     184.6
362
 2013 04 20 10 34 30.026     2013 04 20 10 36  8.619      98.6
 2013 04 20 20 39 14.514     2013 04 20 20 42 25.233     190.7
363
 2013 04 20 13 48  8.134     2013 04 20 13 50 42.967     154.8
364
 2013 04 20 12 14 55.464     2013 04 20 12 18 11.764     196.3
 2013 04 20 20 31 12.368     2013 04 20 20 35   .775     228.4
365
 2013 04 20 20 35 38.849     2013 04 20 20 38 14.664     155.8
366
 2013 04 20 15 30 21.296     2013 04 20 15 33  9.629     168.3
 2013 04 20 17 07 45.491     2013 04 20 17 07 59.921      14.4
 2013 04 20 20 25  3.979     2013 04 20 20 28 22.651     198.7
 2013 04 20 22 02 31.023     2013 04 20 22 03  3.134      32.1
367
 2013 04 20 10 46  9.779     2013 04 20 10 46 31.898      22.1
 2013 04 20 18 55 48.709     2013 04 20 18 59 16.943     208.2
368
 2013 04 20 10 39  8.118     2013 04 20 10 42  3.105     175.0
369
 2013 04 20 12 09 40.826     2013 04 20 12 12 14.917     154.1
 2013 04 20 22 15 36.124     2013 04 20 22 16  7.047      30.9
370
 2013 04 20 20 41  2.879     2013 04 20 20 44 46.593     223.7
371
 2013 04 20 13 52   .984     2013 04 20 13 54 38.068     157.1
 2013 04 20 22 06 21.555     2013 04 20 22 09 46.808     205.3
372
 2013 04 20 10 34 30.111     2013 04 20 10 37  8.297     158.2
373
 2013 04 20 09 00 41.773     2013 04 20 09 01  8.186      26.4
 2013 04 20 20 41 16.405     2013 04 20 20 45  3.132     226.7
374
 2013 04 20 10 39  5.504     2013 04 20 10 41 50.953     165.4
375
 2013 04 20 12 17 27.452     2013 04 20 12 20  3.687     156.2
 2013 04 20 20 31 55.888     2013 04 20 20 35 24.068     208.2
376
 2013 04 20 20 41  1.504     2013 04 20 20 44 21.367     199.9
377
 2013 04 20 22 14 42.392     2013 04 20 22 18 16.941     214.5
378
 2013 04 20 13 49 56.040     2013 04 20 13 53  7.897     191.9
 2013 04 20 22 07 56.654     2013 04 20 22 10 48.523     171.9
379
 2013 04 20 18 56  5.825     2013 04 20 18 58 50.469     164.6
380
381
 2013 04 20 10 34 15.476     2013 04 20 10 36 49.181     153.7
382
 2013 04 20 20 41 45.998     2013 04 20 20 44 23.004     157.0
383
384
 2013 04 20 18 55 35.631     2013 04 20 18 59 21.954     226.3
385
386
 2013 04 20 12 21 33.160     2013 04 20 12 21 39.732       6.6
 2013 04 20 13 55 24.865     2013 04 20 13 55 31.242       6.4
 2013 04 20 18 55 53.910     2013 04 20 18 56  6.426      12.5
 2013 04 20 20 29 50.488     2013 04 20 20 29 52.744       2.3
387
 2013 04 20 20 34 26.029     2013 04 20 20 37 30.056     184.0
388
 2013 04 20 00 07 52.401     2013 04 20 00 11 19.007     206.6
 2013 04 20 13 46 41.113     2013 04 20 13 49 22.394     161.3
389
390
 2013 04 20 20 34 18.348     2013 04 20 20 35 25.147      66.8
391
 2013 04 20 12 12 58.275     2013 04 20 12 15 20.376     142.1
392
 2013 04 20 20 34 52.290     2013 04 20 20 37 59.160     186.9
393
 2013 04 20 13 47 38.811     2013 04 20 13 50 30.022     171.2
 2013 04 20 23 44 42.304     2013 04 20 23 45 15.436      33.1
394
 2013 04 20 12 13 59.618     2013 04 20 12 16 35.845     156.2
395
 2013 04 20 12 18 29.867     2013 04 20 12 18 31.733       1.9
 2013 04 20 20 34 30.280     2013 04 20 20 34 38.308       8.0
396
 2013 04 20 13 55 10.258     2013 04 20 13 58  1.636     171.4
 2013 04 20 18 49 46.950     2013 04 20 18 49 55.310       8.4
 2013 04 20 20 28 14.729     2013 04 20 20 31 28.303     193.6
397
398
 2013 04 20 00 13 14.643     2013 04 20 00 13 31.155      16.5
 2013 04 20 12 06 16.206     2013 04 20 12 08 52.010     155.8
399
 2013 04 20 13 50 56.813     2013 04 20 13 53 52.137     175.3
 2013 04 20 22 07 38.561     2013 04 20 22 10 18.411     159.8
400
 2013 04 20 13 50 12.271     2013 04 20 13 52 48.355     156.1
 2013 04 20 22 06 52.966     2013 04 20 22 09 57.893     184.9
401
 2013 04 20 00 12 28.211     2013 04 20 00 12 47.383      19.2
 2013 04 20 12 06 22.050     2013 04 20 12 09 31.884     189.8
402
403
 2013 04 20 00 11 26.157     2013 04 20 00 14  3.559     157.4
404
 2013 04 20 20 30 14.726     2013 04 20 20 33 35.433     200.7
405
406
 2013 04 20 20 35 52.370     2013 04 20 20 38 44.267     171.9
407
 2013 04 20 13 53 44.395     2013 04 20 13 55 45.054     120.7
 2013 04 20 20 30 11.342     2013 04 20 20 32 52.901     161.6
408
 2013 04 20 12 20 34.840     2013 04 20 12 23 26.612     171.8
 2013 04 20 18 54 47.677     2013 04 20 18 57 50.397     182.7
409
410
 2013 04 20 12 15 18.230     2013 04 20 12 18 38.582     200.4
 2013 04 20 20 33 29.463     2013 04 20 20 36 19.685     170.2
411
 2013 04 20 20 40  3.379     2013 04 20 20 42 38.546     155.2
412
 2013 04 20 00 11 53.677     2013 04 20 00 14 56.656     183.0
413
 2013 04 20 12 10  9.197     2013 04 20 12 12 47.094     157.9
 2013 04 20 22 11 55.952     2013 04 20 22 15 26.418     210.5
414
 2013 04 20 20 34  7.381     2013 04 20 20 34 21.452      14.1
415
 2013 04 20 13 55  2.115     2013 04 20 13 58 19.424     197.3
 2013 04 20 20 29 43.190     2013 04 20 20 32 49.257     186.1
416
 2013 04 20 12 13 42.340     2013 04 20 12 16 17.989     155.6
417
 2013 04 20 15 29  9.944     2013 04 20 15 29 45.296      35.4
 2013 04 20 22 04 50.864     2013 04 20 22 07 49.948     179.1
418
 2013 04 20 13 56  2.218     2013 04 20 13 58 43.312     161.1
 2013 04 20 18 51  5.901     2013 04 20 18 54 37.379     211.5
419
 2013 04 20 13 51   .276     2013 04 20 13 54 13.476     193.2
 2013 04 20 22 06  8.022     2013 04 20 22 08 46.755     158.7
420
 2013 04 20 12 08 42.611     2013 04 20 12 12 13.490     210.9
421
 2013 04 20 12 08 25.996     2013 04 20 12 11 20.582     174.6
422
 2013 04 20 12 16 37.316     2013 04 20 12 19 14.206     156.9
 2013 04 20 20 32 18.981     2013 04 20 20 34 57.894     158.9
423
 2013 04 20 12 15 12.869     2013 04 20 12 18 14.891     182.0
 2013 04 20 20 31 31.395     2013 04 20 20 35  1.140     209.7
424
 2013 04 20 22 15  1.909     2013 04 20 22 17 36.208     154.3
425
 2013 04 20 10 33  8.389     2013 04 20 10 36  5.373     177.0
426
 2013 04 20 13 51 36.766     2013 04 20 13 54 15.521     158.8
 2013 04 20 22 06 59.031     2013 04 20 22 10   .190     181.2
427
 2013 04 20 10 34 16.922     2013 04 20 10 37 13.697     176.8
428
 2013 04 20 12 15 37.788     2013 04 20 12 15 39.062       1.3
 2013 04 20 22 10 19.303     2013 04 20 22 12 56.884     157.6
429
 2013 04 20 12 11  8.475     2013 04 20 12 13 51.386     162.9
 2013 04 20 22 12 37.624     2013 04 20 22 15 12.909     155.3
430
 2013 04 20 00 10 18.721     2013 04 20 00 12 58.013     159.3
431
 2013 04 20 13 52 58.817     2013 04 20 13 55 35.310     156.5
432
 2013 04 20 10 39 18.525     2013 04 20 10 42  7.390     168.9
433
 2013 04 20 10 38 36.411     2013 04 20 10 41 38.141     181.7
434
 2013 04 20 00 15 12.157     2013 04 20 00 16 34.220      82.1
435
 2013 04 20 18 55 37.100     2013 04 20 18 59 13.451     216.4
436
 2013 04 20 13 51 39.995     2013 04 20 13 54 35.288     175.3
 2013 04 20 22 06  5.640     2013 04 20 22 09  9.445     183.8
437
 2013 04 20 13 50 52.605     2013 04 20 13 52 10.814      78.2
 2013 04 20 22 08  3.092     2013 04 20 22 11 11.800     188.7
438
 2013 04 20 13 54 58.138     2013 04 20 13 58   .780     182.6
 2013 04 20 15 32 27.318     2013 04 20 15 32 40.827      13.5
 2013 04 20 18 49 33.661     2013 04 20 18 49 38.402       4.7
 2013 04 20 20 28  5.794     2013 04 20 20 31 13.211     187.4
439
 2013 04 20 13 49 27.686     2013 04 20 13 52  9.818     162.1
 2013 04 20 22 07  2.762     2013 04 20 22 07 20.272      17.5
440
 2013 04 20 22 09 38.190     2013 04 20 22 13 18.569     220.4
441
 2013 04 20 10 34  2.682     2013 04 20 10 37  7.619     184.9
442
 2013 04 20 13 54  5.121     2013 04 20 13 56 56.682     171.6
 2013 04 20 20 29 22.821     2013 04 20 20 32  7.231     164.4
443
 2013 04 20 12 10 34.340     2013 04 20 12 13  8.581     154.2
 2013 04 20 22 12 25.803     2013 04 20 22 15 19.295     173.5
444
 2013 04 20 12 10 21.749     2013 04 20 12 10 44.749      23.0
445
 2013 04 20 12 14 55.664     2013 04 20 12 17 38.476     162.8
 2013 04 20 20 32 31.332     2013 04 20 20 33 51.291      80.0
446
 2013 04 20 12 17 10.238     2013 04 20 12 20 31.147     200.9
 2013 04 20 20 32 39.069     2013 04 20 20 36 30.201     231.1
447
 2013 04 20 10 38 35.814     2013 04 20 10 41 18.479     162.7
 2013 04 20 20 35 38.986     2013 04 20 20 35 45.386       6.4
448
 2013 04 20 13 55 25.498     2013 04 20 13 58 25.287     179.8
 2013 04 20 20 29 20.101     2013 04 20 20 32 47.805     207.7
449
 2013 04 20 13 49 10.519     2013 04 20 13 52 34.598     204.1
 2013 04 20 22 07 50.077     2013 04 20 22 11 28.033     218.0
450
 2013 04 20 00 10 33.407     2013 04 20 00 13  9.262     155.9
451
 2013 04 20 12 09 40.021     2013 04 20 12 13   .737     200.7
 2013 04 20 22 13 27.993     2013 04 20 22 16 26.186     178.2
452
 2013 04 20 12 15 43.628     2013 04 20 12 18 30.457     166.8
 2013 04 20 20 32 58.998     2013 04 20 20 35 47.022     168.0
453
 2013 04 20 20 40 29.976     2013 04 20 20 43 34.497     184.5
454
 2013 04 20 00 06 42.692     2013 04 20 00 09  9.103     146.4
 2013 04 20 13 47 18.167     2013 04 20 13 50   .786     162.6
 2013 04 20 23 45 16.781     2013 04 20 23 48 53.390     216.6
455
456
 2013 04 20 00 08  1.695     2013 04 20 00 11 29.180     207.5
 2013 04 20 13 46 34.479     2013 04 20 13 49 22.255     167.8
457
 2013 04 20 10 39 47.349     2013 04 20 10 43 32.837     225.5
458
 2013 04 20 00 12 28.108     2013 04 20 00 15 36.111     188.0
459
 2013 04 20 12 12 25.394     2013 04 20 12 12 42.399      17.0
460
 2013 04 20 13 50  9.050     2013 04 20 13 53 31.242     202.2
 2013 04 20 22 06  1.715     2013 04 20 22 08 56.288     174.6
461
 2013 04 20 22 15 13.851     2013 04 20 22 18 15.056     181.2
462
 2013 04 20 15 28 59.673     2013 04 20 15 32 17.103     197.4
 2013 04 20 22 04 26.498     2013 04 20 22 07  4.968     158.5
463
 2013 04 20 20 34 31.669     2013 04 20 20 37 27.543     175.9
464
465
466
 2013 04 20 00 07 39.115     2013 04 20 00 08 15.663      36.5
 2013 04 20 13 46 55.514     2013 04 20 13 49 48.349     172.8
467
 2013 04 20 00 09 42.679     2013 04 20 00 10 49.175      66.5
468
 2013 04 20 10 33 12.522     2013 04 20 10 33 16.476       4.0
469
 2013 04 20 10 31 34.895     2013 04 20 10 34 14.250     159.4
 2013 04 20 22 17 18.201     2013 04 20 22 20 59.446     221.2
470
 2013 04 20 13 49 44.658     2013 04 20 13 50 15.019      30.4
 2013 04 20 22 08 35.683     2013 04 20 22 11 13.601     157.9
471
 2013 04 20 22 14 57.187     2013 04 20 22 18  2.784     185.6
472
 2013 04 20 10 31 50.153     2013 04 20 10 35  2.687     192.5
473
 2013 04 20 13 51 18.592     2013 04 20 13 54 40.276     201.7
 2013 04 20 22 05 51.225     2013 04 20 22 08 43.021     171.8
474
 2013 04 20 10 38  5.116     2013 04 20 10 40 40.617     155.5
 2013 04 20 20 36 26.954     2013 04 20 20 40  1.853     214.9
475
 2013 04 20 12 12 51.411     2013 04 20 12 15 38.804     167.4
 2013 04 20 22 10 27.769     2013 04 20 22 14 13.989     226.2
476
 2013 04 20 12 16 57.726     2013 04 20 12 19 41.456     163.7
 2013 04 20 20 32 34.879     2013 04 20 20 35 35.349     180.5
477
 2013 04 20 20 40 54.939     2013 04 20 20 44  8.973     194.0
478
 2013 04 20 12 17 33.304     2013 04 20 12 21 13.158     219.9
 2013 04 20 20 30 17.601     2013 04 20 20 30 52.171      34.6
479
 2013 04 20 12 12 34.831     2013 04 20 12 16 15.921     221.1
480
 2013 04 20 12 20 13.767     2013 04 20 12 22 55.283     161.5
 2013 04 20 18 54 40.254     2013 04 20 18 57 22.537     162.3
481
 2013 04 20 12 18  3.803     2013 04 20 12 21  2.795     179.0
482
 2013 04 20 13 50 28.703     2013 04 20 13 53 43.299     194.6
 2013 04 20 22 06 10.759     2013 04 20 22 08 52.785     162.0
483
 2013 04 20 00 08  6.627     2013 04 20 00 08 34.370      27.7
 2013 04 20 13 46 29.523     2013 04 20 13 49 53.881     204.4
484
 2013 04 20 13 53 41.391     2013 04 20 13 56 19.788     158.4
 2013 04 20 20 28 44.763     2013 04 20 20 31 56.114     191.4
485
 2013 04 20 12 19 15.701     2013 04 20 12 21 54.551     158.9
 2013 04 20 18 53 56.566     2013 04 20 18 56 54.635     178.1
486
 2013 04 20 10 30 34.317     2013 04 20 10 33 11.787     157.5
 2013 04 20 22 18 20.882     2013 04 20 22 21  3.573     162.7
487
 2013 04 20 15 29 35.650     2013 04 20 15 32 40.804     185.2
 2013 04 20 22 04 10.029     2013 04 20 22 07  9.955     179.9
488
 2013 04 20 00 07 15.803     2013 04 20 00 10 59.385     223.6
 2013 04 20 13 47  6.610     2013 04 20 13 49 41.064     154.5
489
 2013 04 20 13 51 15.779     2013 04 20 13 53 53.156     157.4
 2013 04 20 22 06 49.740     2013 04 20 22 09 30.419     160.7
490
 2013 04 20 10 34 57.726     2013 04 20 10 35 23.264      25.5
 2013 04 20 20 40  7.411     2013 04 20 20 40 16.010       8.6
491
 2013 04 20 20 35  6.953     2013 04 20 20 37 42.897     155.9
492
 2013 04 20 12 06  8.058     2013 04 20 12 08 46.565     158.5
493
 2013 04 20 10 34 48.668     2013 04 20 10 35 23.772      35.1
 2013 04 20 22 16 10.795     2013 04 20 22 19 37.365     206.6
494
 2013 04 20 22 13 25.686     2013 04 20 22 17 11.165     225.5
495
 2013 04 20 13 53 24.071     2013 04 20 13 56 28.730     184.7
 2013 04 20 20 29 12.186     2013 04 20 20 32 34.624     202.4
496
 2013 04 20 22 07 52.159     2013 04 20 22 09 29.098      96.9
497
 2013 04 20 20 39  2.729     2013 04 20 20 42  6.641     183.9
498
 2013 04 20 12 07 35.022     2013 04 20 12 10 33.468     178.4
499
 2013 04 20 12 08 51.653     2013 04 20 12 12  6.114     194.5
 2013 04 20 22 16 46.136     2013 04 20 22 17 17.091      31.0
