s1
0
 2013 04 20 20 46 15.175     2013 04 20 20 49 16.385     181.2
1
 2013 04 20 22 15 36.058     2013 04 20 22 18  8.634     152.6
2
 2013 04 20 10 37 51.935     2013 04 20 10 40 36.073     164.1
 2013 04 20 22 24 27.895     2013 04 20 22 27  7.815     159.9
3
4
 2013 04 20 20 47  4.269     2013 04 20 20 50 44.843     220.6
5
 2013 04 20 10 44 34.511     2013 04 20 10 47 10.459     155.9
 2013 04 20 20 43 51.154     2013 04 20 20 46 44.111     173.0
6
 2013 04 20 12 16  3.676     2013 04 20 12 18 38.880     155.2
7
 2013 04 20 13 56 19.706     2013 04 20 14 00  5.319     225.6
 2013 04 20 22 14 40.418     2013 04 20 22 17 42.742     182.3
8
 2013 04 20 12 15 28.785     2013 04 20 12 18  9.148     160.4
9
 2013 04 20 12 21  6.805     2013 04 20 12 24 29.785     203.0
10
 2013 04 20 10 53 56.114     2013 04 20 10 54 22.872      26.8
 2013 04 20 12 28  6.568     2013 04 20 12 28  5.940       -.6
 2013 04 20 17 24 18.808     2013 04 20 17 25 16.140      57.3
11
 2013 04 20 10 43 20.388     2013 04 20 10 46 55.035     214.6
 2013 04 20 20 45 10.802     2013 04 20 20 47 49.448     158.6
12
 2013 04 20 12 23 21.144     2013 04 20 12 27  2.671     221.5
 2013 04 20 20 37 43.642     2013 04 20 20 40 19.163     155.5
13
 2013 04 20 10 50 53.428     2013 04 20 10 51 25.177      31.7
 2013 04 20 19 02 47.637     2013 04 20 19 06 21.198     213.6
14
 2013 04 20 22 22 27.905     2013 04 20 22 25  3.799     155.9
15
 2013 04 20 14 00 42.379     2013 04 20 14 04 25.672     223.3
 2013 04 20 15 38 29.715     2013 04 20 15 42 19.549     229.8
 2013 04 20 20 34 15.481     2013 04 20 20 36 50.057     154.6
16
 2013 04 20 00 22  8.720     2013 04 20 00 25 19.907     191.2
 2013 04 20 12 12 29.163     2013 04 20 12 15  2.660     153.5
17
 2013 04 20 12 16 23.515     2013 04 20 12 18 58.041     154.5
18
 2013 04 20 12 23 13.680     2013 04 20 12 26 38.535     204.9
 2013 04 20 20 37 58.608     2013 04 20 20 40 31.753     153.1
19
 2013 04 20 13 58 11.341     2013 04 20 14 00 49.143     157.8
 2013 04 20 22 13 37.874     2013 04 20 22 16 15.499     157.6
20
 2013 04 20 13 59 40.411     2013 04 20 14 02 16.222     155.8
21
 2013 04 20 12 19 19.818     2013 04 20 12 22 36.210     196.4
 2013 04 20 22 18  9.442     2013 04 20 22 18 15.331       5.9
22
 2013 04 20 12 13 32.261     2013 04 20 12 13 50.053      17.8
23
 2013 04 20 10 47 45.064     2013 04 20 10 50 51.997     186.9
 2013 04 20 19 05 15.614     2013 04 20 19 08 21.935     186.3
24
25
 2013 04 20 13 56 49.640     2013 04 20 14 00 33.088     223.4
 2013 04 20 22 14 46.143     2013 04 20 22 17 23.579     157.4
26
 2013 04 20 12 24 34.019     2013 04 20 12 27  9.200     155.2
 2013 04 20 20 38 24.187     2013 04 20 20 41 50.551     206.4
27
 2013 04 20 10 48 29.318     2013 04 20 10 51 53.765     204.4
 2013 04 20 19 03 31.673     2013 04 20 19 06  9.275     157.6
28
 2013 04 20 13 59 13.511     2013 04 20 14 01 54.526     161.0
 2013 04 20 22 12 21.109     2013 04 20 22 16  3.578     222.5
29
 2013 04 20 10 45  4.606     2013 04 20 10 47 44.685     160.1
 2013 04 20 20 43 25.298     2013 04 20 20 47   .470     215.2
30
 2013 04 20 22 11 49.645     2013 04 20 22 14 49.642     180.0
31
 2013 04 20 12 22 14.735     2013 04 20 12 24 57.319     162.6
 2013 04 20 20 38 17.748     2013 04 20 20 41 57.700     220.0
32
 2013 04 20 20 46 53.344     2013 04 20 20 50 11.764     198.4
33
 2013 04 20 13 54  1.983     2013 04 20 13 57 20.111     198.1
34
 2013 04 20 13 57 43.426     2013 04 20 14 00 24.712     161.3
 2013 04 20 22 13  9.380     2013 04 20 22 15 45.003     155.6
35
 2013 04 20 20 46  9.157     2013 04 20 20 49 16.874     187.7
36
 2013 04 20 10 49 25.964     2013 04 20 10 52 38.951     193.0
 2013 04 20 19 03 25.039     2013 04 20 19 06 14.621     169.6
37
 2013 04 20 10 48 30.338     2013 04 20 10 51 27.822     177.5
 2013 04 20 19 03 52.522     2013 04 20 19 06 35.325     162.8
38
 2013 04 20 12 16 32.054     2013 04 20 12 19  8.293     156.2
39
 2013 04 20 13 59 37.186     2013 04 20 14 03 12.322     215.1
 2013 04 20 20 33 37.991     2013 04 20 20 37 20.148     222.2
40
41
 2013 04 20 12 22 24.015     2013 04 20 12 25 54.571     210.6
 2013 04 20 20 40  8.992     2013 04 20 20 42 49.931     160.9
42
 2013 04 20 12 26 56.606     2013 04 20 12 30  4.957     188.4
 2013 04 20 19 01 49.983     2013 04 20 19 04 24.300     154.3
43
 2013 04 20 00 17 59.509     2013 04 20 00 21  2.195     182.7
44
 2013 04 20 13 55  9.487     2013 04 20 13 57 43.867     154.4
45
 2013 04 20 12 18  4.683     2013 04 20 12 20 50.687     166.0
 2013 04 20 22 18  8.686     2013 04 20 22 20 48.038     159.4
46
 2013 04 20 12 27 41.367     2013 04 20 12 30 50.432     189.1
 2013 04 20 14 05 15.085     2013 04 20 14 09  2.886     227.8
 2013 04 20 17 22  1.216     2013 04 20 17 25 35.246     214.0
 2013 04 20 18 59 53.609     2013 04 20 19 03 21.385     207.8
47
 2013 04 20 00 19 10.206     2013 04 20 00 21 40.556     150.4
48
 2013 04 20 22 22 49.893     2013 04 20 22 25 31.085     161.2
49
 2013 04 20 10 45  2.411     2013 04 20 10 45 53.181      50.8
50
 2013 04 20 22 11 38.855     2013 04 20 22 14 25.665     166.8
51
 2013 04 20 10 43 25.216     2013 04 20 10 46 12.378     167.2
 2013 04 20 20 44 45.214     2013 04 20 20 47 17.270     152.1
52
53
54
 2013 04 20 12 16 22.405     2013 04 20 12 19 48.440     206.0
 2013 04 20 22 19 51.896     2013 04 20 22 23  7.418     195.5
55
56
 2013 04 20 22 16 47.530     2013 04 20 22 19 19.728     152.2
57
 2013 04 20 12 27 36.216     2013 04 20 12 30 54.763     198.5
 2013 04 20 19 01 46.510     2013 04 20 19 04 54.872     188.4
58
59
 2013 04 20 15 36 53.692     2013 04 20 15 39 35.832     162.1
 2013 04 20 22 10  2.635     2013 04 20 22 13 21.634     199.0
60
 2013 04 20 12 23 15.349     2013 04 20 12 25 50.885     155.5
 2013 04 20 20 38 56.026     2013 04 20 20 41 31.719     155.7
61
 2013 04 20 12 19 44.754     2013 04 20 12 22 24.390     159.6
 2013 04 20 22 17 39.338     2013 04 20 22 18 37.982      58.6
62
 2013 04 20 12 17 49.001     2013 04 20 12 18 58.980      70.0
 2013 04 20 22 19 40.112     2013 04 20 22 22 30.928     170.8
63
 2013 04 20 15 37 11.531     2013 04 20 15 39 58.275     166.7
 2013 04 20 17 14 28.753     2013 04 20 17 14 33.859       5.1
 2013 04 20 20 31 34.220     2013 04 20 20 34 52.349     198.1
 2013 04 20 22 08 57.901     2013 04 20 22 09 31.664      33.8
64
 2013 04 20 22 21 33.886     2013 04 20 22 24  8.248     154.4
65
 2013 04 20 12 23 50.638     2013 04 20 12 26 26.979     156.3
 2013 04 20 20 38 45.206     2013 04 20 20 41 24.248     159.0
66
 2013 04 20 14 03 55.371     2013 04 20 14 07 11.201     195.8
 2013 04 20 18 59 15.889     2013 04 20 19 01 53.472     157.6
67
 2013 04 20 15 37 54.700     2013 04 20 15 41  1.616     186.9
 2013 04 20 20 33 12.042     2013 04 20 20 36 11.119     179.1
68
 2013 04 20 12 19 51.473     2013 04 20 12 23  6.659     195.2
69
 2013 04 20 15 38 32.865     2013 04 20 15 41 44.080     191.2
 2013 04 20 20 33 45.220     2013 04 20 20 36 20.361     155.1
70
 2013 04 20 14 01 46.143     2013 04 20 14 04 30.320     164.2
 2013 04 20 20 35 52.622     2013 04 20 20 38 31.844     159.2
71
 2013 04 20 10 41 35.721     2013 04 20 10 44 13.963     158.2
72
 2013 04 20 15 36 42.259     2013 04 20 15 40 11.992     209.7
 2013 04 20 22 10 41.969     2013 04 20 22 14 10.714     208.7
73
 2013 04 20 12 24 12.065     2013 04 20 12 26  5.057     113.0
74
 2013 04 20 20 37  5.402     2013 04 20 20 39 39.331     153.9
75
 2013 04 20 13 59  1.925     2013 04 20 13 59 14.381      12.5
76
 2013 04 20 10 45 57.055     2013 04 20 10 48 40.019     163.0
77
 2013 04 20 12 20  7.569     2013 04 20 12 23 18.153     190.6
 2013 04 20 22 16 12.034     2013 04 20 22 16 39.451      27.4
78
 2013 04 20 22 20 53.860     2013 04 20 22 23 28.424     154.6
79
 2013 04 20 12 19 16.924     2013 04 20 12 20 14.336      57.4
80
81
 2013 04 20 10 43 48.851     2013 04 20 10 46 49.153     180.3
 2013 04 20 20 43 22.022     2013 04 20 20 45 55.609     153.6
82
 2013 04 20 12 27 24.798     2013 04 20 12 30 30.329     185.5
 2013 04 20 19 01 43.385     2013 04 20 19 04 33.365     170.0
83
 2013 04 20 10 38 14.327     2013 04 20 10 40 55.711     161.4
 2013 04 20 22 24 11.750     2013 04 20 22 27 10.163     178.4
84
85
 2013 04 20 12 17  2.149     2013 04 20 12 20 23.164     201.0
 2013 04 20 22 17 25.659     2013 04 20 22 21  8.507     222.8
86
 2013 04 20 20 41 35.442     2013 04 20 20 44 47.358     191.9
87
88
 2013 04 20 14 00  3.051     2013 04 20 14 02 39.382     156.3
 2013 04 20 20 37 59.916     2013 04 20 20 38 28.498      28.6
89
90
 2013 04 20 19 02 55.819     2013 04 20 19 05 32.938     157.1
91
 2013 04 20 12 23 17.079     2013 04 20 12 25 52.207     155.1
 2013 04 20 20 39  6.872     2013 04 20 20 41 41.255     154.4
92
 2013 04 20 20 47 52.460     2013 04 20 20 50 23.469     151.0
93
 2013 04 20 22 20 40.407     2013 04 20 22 23 11.183     150.8
94
 2013 04 20 13 59 57.470     2013 04 20 14 00 16.545      19.1
 2013 04 20 15 37 47.075     2013 04 20 15 38 39.380      52.3
 2013 04 20 20 33 51.443     2013 04 20 20 36 48.997     177.6
95
 2013 04 20 10 38  7.901     2013 04 20 10 41 15.339     187.4
 2013 04 20 22 23 48.369     2013 04 20 22 26 38.396     170.0
96
97
 2013 04 20 12 22 19.580     2013 04 20 12 24 59.793     160.2
 2013 04 20 20 39  7.830     2013 04 20 20 42 30.497     202.7
98
 2013 04 20 20 37 19.887     2013 04 20 20 40 11.144     171.3
99
 2013 04 20 15 37 37.696     2013 04 20 15 40 32.124     174.4
 2013 04 20 20 32 41.516     2013 04 20 20 36  1.195     199.7
100
 2013 04 20 15 38 43.089     2013 04 20 15 42  3.503     200.4
 2013 04 20 20 33 58.058     2013 04 20 20 36 32.956     154.9
101
 2013 04 20 10 46 22.494     2013 04 20 10 49   .943     158.4
102
 2013 04 20 12 14 40.477     2013 04 20 12 17 20.023     159.5
103
 2013 04 20 14 00 37.098     2013 04 20 14 03 51.934     194.8
 2013 04 20 20 34 27.547     2013 04 20 20 37 11.176     163.6
104
 2013 04 20 12 25  8.033     2013 04 20 12 25 56.487      48.5
 2013 04 20 20 37 21.357     2013 04 20 20 40 46.300     204.9
105
 2013 04 20 10 46 31.372     2013 04 20 10 47 37.922      66.6
 2013 04 20 20 42 37.574     2013 04 20 20 45 10.225     152.7
106
 2013 04 20 14 02 29.496     2013 04 20 14 05 11.387     161.9
 2013 04 20 20 35 32.191     2013 04 20 20 38 56.371     204.2
107
108
 2013 04 20 12 24 56.271     2013 04 20 12 27 31.533     155.3
 2013 04 20 20 38  1.585     2013 04 20 20 38 30.501      28.9
109
 2013 04 20 10 45 55.271     2013 04 20 10 49  8.207     192.9
110
 2013 04 20 10 48  1.119     2013 04 20 10 50 49.463     168.3
 2013 04 20 19 03 50.826     2013 04 20 19 07  7.746     196.9
111
 2013 04 20 22 15 31.737     2013 04 20 22 18 30.321     178.6
112
 2013 04 20 15 35 49.801     2013 04 20 15 39  7.964     198.2
 2013 04 20 22 10 53.279     2013 04 20 22 13 27.850     154.6
113
114
 2013 04 20 20 40 47.098     2013 04 20 20 43 38.500     171.4
115
116
 2013 04 20 13 55 53.044     2013 04 20 13 58 28.422     155.4
117
 2013 04 20 09 02 46.929     2013 04 20 09 06 30.158     223.2
 2013 04 20 20 49 24.850     2013 04 20 20 51 55.003     150.2
118
 2013 04 20 14 02  8.018     2013 04 20 14 04 43.871     155.9
 2013 04 20 20 35 25.707     2013 04 20 20 38 21.790     176.1
119
 2013 04 20 12 24 58.516     2013 04 20 12 28 24.685     206.2
120
 2013 04 20 12 24 58.311     2013 04 20 12 28  9.497     191.2
121
122
 2013 04 20 12 25 39.652     2013 04 20 12 25 44.259       4.6
 2013 04 20 19 02 11.733     2013 04 20 19 05 12.631     180.9
123
 2013 04 20 12 25 34.306     2013 04 20 12 28 52.602     198.3
 2013 04 20 19 01 14.542     2013 04 20 19 04 55.566     221.0
124
 2013 04 20 22 11  4.090     2013 04 20 22 14 28.279     204.2
125
 2013 04 20 22 20 49.903     2013 04 20 22 21 13.742      23.8
126
127
 2013 04 20 14 01 15.563     2013 04 20 14 03 51.397     155.8
 2013 04 20 20 35 29.805     2013 04 20 20 38  6.625     156.8
128
 2013 04 20 13 57  4.999     2013 04 20 13 59 40.048     155.0
 2013 04 20 22 13 26.584     2013 04 20 22 16 33.259     186.7
129
 2013 04 20 12 14 27.442     2013 04 20 12 17  5.696     158.3
130
 2013 04 20 22 23 30.322     2013 04 20 22 26 35.499     185.2
131
 2013 04 20 10 48 20.571     2013 04 20 10 52  6.089     225.5
 2013 04 20 19 03 17.401     2013 04 20 19 05 55.405     158.0
132
 2013 04 20 10 48 41.892     2013 04 20 10 51 18.706     156.8
 2013 04 20 19 04 46.609     2013 04 20 19 07 22.843     156.2
133
 2013 04 20 10 47 51.318     2013 04 20 10 50 26.009     154.7
 2013 04 20 19 04 14.262     2013 04 20 19 07 47.308     213.0
134
 2013 04 20 12 19 23.966     2013 04 20 12 22  8.070     164.1
 2013 04 20 22 18  4.123     2013 04 20 22 21 34.203     210.1
135
 2013 04 20 10 47 52.586     2013 04 20 10 50 27.347     154.8
 2013 04 20 19 04 20.401     2013 04 20 19 07 50.168     209.8
136
 2013 04 20 12 24 49.398     2013 04 20 12 24 54.289       4.9
 2013 04 20 18 58 49.951     2013 04 20 18 59 34.475      44.5
137
 2013 04 20 15 36 45.963     2013 04 20 15 40 31.805     225.8
 2013 04 20 22 10 45.715     2013 04 20 22 14 30.634     224.9
138
 2013 04 20 00 22  4.805     2013 04 20 00 24 37.847     153.0
 2013 04 20 12 11 49.676     2013 04 20 12 14 49.957     180.3
139
 2013 04 20 13 57 41.322     2013 04 20 14 00 16.347     155.0
 2013 04 20 22 13 27.209     2013 04 20 22 16  3.593     156.4
140
 2013 04 20 22 21 25.726     2013 04 20 22 24  2.589     156.9
141
 2013 04 20 13 56 27.216     2013 04 20 13 59 48.403     201.2
 2013 04 20 22 14 20.522     2013 04 20 22 17 32.520     192.0
142
 2013 04 20 20 36 58.282     2013 04 20 20 40  4.577     186.3
143
 2013 04 20 22 23 12.147     2013 04 20 22 25 44.876     152.7
144
 2013 04 20 12 20 27.656     2013 04 20 12 23  8.665     161.0
145
 2013 04 20 22 20 10.234     2013 04 20 22 22 56.522     166.3
146
 2013 04 20 13 54 41.391     2013 04 20 13 57 39.374     178.0
147
148
 2013 04 20 13 58 41.114     2013 04 20 14 01 38.532     177.4
 2013 04 20 22 13 34.269     2013 04 20 22 16 56.685     202.4
149
 2013 04 20 10 45 14.383     2013 04 20 10 47 50.860     156.5
 2013 04 20 20 42 55.514     2013 04 20 20 46 21.235     205.7
150
 2013 04 20 20 46 59.165     2013 04 20 20 49 39.934     160.8
151
 2013 04 20 20 36 15.147     2013 04 20 20 39 59.933     224.8
152
 2013 04 20 12 14 10.275     2013 04 20 12 16 59.940     169.7
153
 2013 04 20 14 00 52.635     2013 04 20 14 01 19.650      27.0
 2013 04 20 22 12  1.586     2013 04 20 22 14 37.054     155.5
154
 2013 04 20 20 47 51.500     2013 04 20 20 50 22.130     150.6
155
 2013 04 20 00 18 15.356     2013 04 20 00 21  2.893     167.5
156
 2013 04 20 12 18 45.187     2013 04 20 12 22 31.820     226.6
 2013 04 20 22 16 55.898     2013 04 20 22 19 33.079     157.2
157
 2013 04 20 13 56 55.916     2013 04 20 13 59 33.489     157.6
 2013 04 20 22 13  2.160     2013 04 20 22 16 23.719     201.6
158
 2013 04 20 00 20   .800     2013 04 20 00 23 39.312     218.5
159
 2013 04 20 10 44 39.389     2013 04 20 10 48 10.895     211.5
 2013 04 20 20 42 24.760     2013 04 20 20 45 15.022     170.3
160
 2013 04 20 12 18 16.336     2013 04 20 12 21   .280     163.9
 2013 04 20 22 18  9.748     2013 04 20 22 20 43.455     153.7
161
 2013 04 20 22 20  5.389     2013 04 20 22 23 24.659     199.3
162
 2013 04 20 10 49  2.267     2013 04 20 10 51 37.457     155.2
 2013 04 20 19 04 29.158     2013 04 20 19 07  1.900     152.7
163
 2013 04 20 10 49 10.575     2013 04 20 10 49 18.148       7.6
 2013 04 20 19 02 54.628     2013 04 20 19 05 45.446     170.8
164
 2013 04 20 10 48 18.557     2013 04 20 10 50 55.112     156.6
 2013 04 20 19 04 17.602     2013 04 20 19 07 15.848     178.2
165
 2013 04 20 20 47 48.222     2013 04 20 20 50 32.503     164.3
166
 2013 04 20 19 05 57.549     2013 04 20 19 06 22.246      24.7
167
 2013 04 20 20 46 23.376     2013 04 20 20 49 46.304     202.9
168
 2013 04 20 12 14 52.453     2013 04 20 12 17 34.431     162.0
169
 2013 04 20 00 20 55.487     2013 04 20 00 24 21.410     205.9
 2013 04 20 12 12 52.065     2013 04 20 12 16  4.397     192.3
170
 2013 04 20 10 47 35.454     2013 04 20 10 50 45.517     190.1
 2013 04 20 19 05 14.753     2013 04 20 19 08 30.769     196.0
171
 2013 04 20 22 16 53.151     2013 04 20 22 19 26.925     153.8
172
 2013 04 20 10 46 10.272     2013 04 20 10 47 18.806      68.5
 2013 04 20 20 42 41.252     2013 04 20 20 45 22.235     161.0
173
 2013 04 20 12 24 25.060     2013 04 20 12 27 40.005     194.9
 2013 04 20 20 38 59.453     2013 04 20 20 39 36.574      37.1
174
 2013 04 20 00 20 27.653     2013 04 20 00 23 50.957     203.3
175
176
 2013 04 20 12 27 25.665     2013 04 20 12 30 17.807     172.1
 2013 04 20 19 00 22.202     2013 04 20 19 03 16.806     174.6
177
 2013 04 20 20 41 38.621     2013 04 20 20 44 37.162     178.5
178
 2013 04 20 14 01  8.050     2013 04 20 14 03 44.282     156.2
 2013 04 20 20 35 29.483     2013 04 20 20 38 10.281     160.8
179
 2013 04 20 10 45 39.520     2013 04 20 10 48 18.077     158.6
180
181
 2013 04 20 12 20  4.624     2013 04 20 12 23 18.294     193.7
 2013 04 20 22 16 12.195     2013 04 20 22 16 52.929      40.7
182
 2013 04 20 12 18  7.316     2013 04 20 12 18 16.877       9.6
 2013 04 20 22 19 21.385     2013 04 20 22 22 46.959     205.6
183
 2013 04 20 12 23 34.151     2013 04 20 12 26 22.963     168.8
 2013 04 20 20 39 27.754     2013 04 20 20 42  4.972     157.2
184
 2013 04 20 10 38 20.214     2013 04 20 10 41 52.125     211.9
185
186
 2013 04 20 22 15 34.995     2013 04 20 22 18 59.153     204.2
187
 2013 04 20 12 18 28.651     2013 04 20 12 21 18.779     170.1
 2013 04 20 22 17 57.780     2013 04 20 22 20 29.037     151.3
188
 2013 04 20 00 19 24.736     2013 04 20 00 22  2.197     157.5
189
190
 2013 04 20 15 36 39.497     2013 04 20 15 40 18.737     219.2
 2013 04 20 22 10 47.446     2013 04 20 22 14 17.965     210.5
191
 2013 04 20 10 49 27.895     2013 04 20 10 52  5.920     158.0
 2013 04 20 19 04  9.784     2013 04 20 19 06 52.172     162.4
192
 2013 04 20 10 40 34.400     2013 04 20 10 43 19.062     164.7
193
 2013 04 20 00 21 50.517     2013 04 20 00 24 45.345     174.8
 2013 04 20 12 12 22.204     2013 04 20 12 15 11.329     169.1
194
195
 2013 04 20 14 00 14.559     2013 04 20 14 01 36.428      81.9
 2013 04 20 15 38  2.821     2013 04 20 15 39 13.013      70.2
 2013 04 20 20 34  2.897     2013 04 20 20 36 47.577     164.7
196
 2013 04 20 10 44 54.502     2013 04 20 10 47 41.327     166.8
 2013 04 20 20 42 58.428     2013 04 20 20 45 57.831     179.4
197
 2013 04 20 10 44 16.633     2013 04 20 10 47 43.110     206.5
 2013 04 20 20 42 45.843     2013 04 20 20 45 20.766     154.9
198
 2013 04 20 10 44 54.717     2013 04 20 10 47 29.406     154.7
 2013 04 20 20 43 20.098     2013 04 20 20 46 24.345     184.2
199
 2013 04 20 22 16  8.761     2013 04 20 22 18 40.647     151.9
200
 2013 04 20 12 16 27.646     2013 04 20 12 19  2.539     154.9
201
 2013 04 20 12 17 34.248     2013 04 20 12 20 43.227     189.0
 2013 04 20 22 17 42.998     2013 04 20 22 20 47.460     184.5
202
 2013 04 20 10 44 52.820     2013 04 20 10 47 59.200     186.4
 2013 04 20 20 42 37.514     2013 04 20 20 45 36.434     178.9
203
 2013 04 20 12 17 48.907     2013 04 20 12 21 14.659     205.8
 2013 04 20 22 17 30.385     2013 04 20 22 20 18.128     167.7
204
 2013 04 20 12 16 39.707     2013 04 20 12 19 20.079     160.4
205
 2013 04 20 12 21 32.270     2013 04 20 12 25  8.057     215.8
 2013 04 20 20 39 53.536     2013 04 20 20 43 30.672     217.1
206
 2013 04 20 13 57 37.843     2013 04 20 14 00 58.510     200.7
 2013 04 20 22 14 25.401     2013 04 20 22 17   .943     155.5
207
 2013 04 20 10 41 31.767     2013 04 20 10 42 57.476      85.7
 2013 04 20 22 22  4.929     2013 04 20 22 22 22.103      17.2
208
 2013 04 20 00 19 25.282     2013 04 20 00 22 38.405     193.1
209
 2013 04 20 12 23 56.705     2013 04 20 12 25  7.095      70.4
 2013 04 20 20 39 30.104     2013 04 20 20 40 28.711      58.6
210
 2013 04 20 12 16 14.082     2013 04 20 12 18 47.917     153.8
211
 2013 04 20 14 04   .791     2013 04 20 14 07 21.482     200.7
 2013 04 20 18 59 23.502     2013 04 20 19 01 59.146     155.6
212
 2013 04 20 14 00 28.219     2013 04 20 14 03  9.904     161.7
 2013 04 20 20 35 17.413     2013 04 20 20 38 40.170     202.8
213
 2013 04 20 10 42 33.292     2013 04 20 10 45 57.630     204.3
 2013 04 20 20 45 24.881     2013 04 20 20 48  5.008     160.1
214
 2013 04 20 14 01 12.289     2013 04 20 14 04  8.299     176.0
 2013 04 20 20 36  4.255     2013 04 20 20 38 39.917     155.7
215
 2013 04 20 20 47 26.316     2013 04 20 20 50 56.371     210.1
216
 2013 04 20 14 01 22.057     2013 04 20 14 04 11.494     169.4
 2013 04 20 20 35 59.082     2013 04 20 20 38 33.142     154.1
217
 2013 04 20 12 17 29.146     2013 04 20 12 20 17.294     168.1
 2013 04 20 22 18  3.795     2013 04 20 22 21 15.786     192.0
218
 2013 04 20 10 45 43.092     2013 04 20 10 48 32.488     169.4
 2013 04 20 20 42  4.078     2013 04 20 20 42 23.234      19.2
219
 2013 04 20 14 01 33.726     2013 04 20 14 04 55.938     202.2
 2013 04 20 20 36 27.128     2013 04 20 20 39  7.462     160.3
220
 2013 04 20 12 26  2.554     2013 04 20 12 29 18.185     195.6
 2013 04 20 18 59 55.873     2013 04 20 19 02 44.361     168.5
221
 2013 04 20 14 01 22.333     2013 04 20 14 04 49.449     207.1
 2013 04 20 20 36 31.586     2013 04 20 20 39  7.321     155.7
222
 2013 04 20 00 21 18.188     2013 04 20 00 23 52.741     154.6
223
224
 2013 04 20 14 02 33.877     2013 04 20 14 05 15.691     161.8
 2013 04 20 18 56 56.398     2013 04 20 19 00 36.000     219.6
 2013 04 20 20 34 46.156     2013 04 20 20 38 24.710     218.6
225
226
 2013 04 20 12 24 41.647     2013 04 20 12 25 48.295      66.6
227
 2013 04 20 20 47   .728     2013 04 20 20 49 31.740     151.0
228
 2013 04 20 12 25 20.532     2013 04 20 12 25 33.110      12.6
 2013 04 20 14 03  9.225     2013 04 20 14 03 43.405      34.2
 2013 04 20 18 59 17.049     2013 04 20 19 02 24.306     187.3
229
 2013 04 20 00 15 24.256     2013 04 20 00 15 59.842      35.6
 2013 04 20 13 53 57.428     2013 04 20 13 56 40.242     162.8
230
231
 2013 04 20 20 41 12.910     2013 04 20 20 44 41.927     209.0
232
233
 2013 04 20 12 15 59.022     2013 04 20 12 19 17.084     198.1
234
 2013 04 20 20 41 19.821     2013 04 20 20 44  6.745     166.9
235
 2013 04 20 12 16 28.358     2013 04 20 12 16 40.219      11.9
236
 2013 04 20 22 23 18.707     2013 04 20 22 26 15.664     177.0
237
 2013 04 20 12 21 47.471     2013 04 20 12 25 27.503     220.0
 2013 04 20 20 40  5.589     2013 04 20 20 43 17.444     191.9
238
 2013 04 20 10 46  3.700     2013 04 20 10 49 21.072     197.4
239
 2013 04 20 00 17  6.369     2013 04 20 00 17 46.920      40.6
240
 2013 04 20 00 19 14.156     2013 04 20 00 22 18.243     184.1
241
 2013 04 20 12 21 42.917     2013 04 20 12 24 36.460     173.5
 2013 04 20 20 42 57.089     2013 04 20 20 43 13.887      16.8
242
 2013 04 20 10 41 13.643     2013 04 20 10 43 59.577     165.9
243
 2013 04 20 10 39 27.615     2013 04 20 10 40 17.854      50.2
 2013 04 20 22 23 52.723     2013 04 20 22 26 53.258     180.5
244
 2013 04 20 13 56 34.372     2013 04 20 13 57 16.124      41.8
 2013 04 20 22 11 57.584     2013 04 20 22 15 14.571     197.0
245
 2013 04 20 12 25 34.000     2013 04 20 12 29 16.194     222.2
 2013 04 20 19 01 39.195     2013 04 20 19 05  5.093     205.9
246
 2013 04 20 10 42 18.708     2013 04 20 10 44 52.274     153.6
 2013 04 20 20 47 37.274     2013 04 20 20 48   .776      23.5
247
 2013 04 20 12 27 17.285     2013 04 20 12 30  1.934     164.6
 2013 04 20 19 00 35.351     2013 04 20 19 03 18.326     163.0
248
 2013 04 20 12 13 16.375     2013 04 20 12 15 49.519     153.1
249
 2013 04 20 15 37 11.769     2013 04 20 15 39 59.938     168.2
 2013 04 20 20 32  4.081     2013 04 20 20 32 28.017      23.9
 2013 04 20 22 09 58.526     2013 04 20 22 11 35.704      97.2
250
 2013 04 20 15 35 51.223     2013 04 20 15 36 12.419      21.2
 2013 04 20 22 11 20.908     2013 04 20 22 14  7.199     166.3
251
 2013 04 20 20 47 22.257     2013 04 20 20 50  7.636     165.4
252
 2013 04 20 19 02 50.769     2013 04 20 19 05 24.960     154.2
253
 2013 04 20 20 41 16.119     2013 04 20 20 44  5.909     169.8
254
 2013 04 20 00 18 39.050     2013 04 20 00 19 26.341      47.3
255
 2013 04 20 12 19 36.514     2013 04 20 12 22 38.312     181.8
 2013 04 20 22 16 55.161     2013 04 20 22 20 11.202     196.0
256
257
 2013 04 20 22 21 44.077     2013 04 20 22 24 56.640     192.6
258
 2013 04 20 20 47 58.243     2013 04 20 20 50 47.652     169.4
259
 2013 04 20 20 47 22.577     2013 04 20 20 49 53.124     150.5
260
 2013 04 20 20 45 37.265     2013 04 20 20 45 47.662      10.4
261
 2013 04 20 12 24  9.269     2013 04 20 12 26 53.217     163.9
 2013 04 20 20 39  1.848     2013 04 20 20 42  6.878     185.0
262
 2013 04 20 20 37 15.344     2013 04 20 20 39 59.986     164.6
263
264
 2013 04 20 09 03 43.726     2013 04 20 09 06 17.005     153.3
 2013 04 20 20 50  3.094     2013 04 20 20 53  7.063     184.0
265
 2013 04 20 00 16 26.711     2013 04 20 00 20  3.790     217.1
 2013 04 20 13 53  1.024     2013 04 20 13 56 30.565     209.5
266
 2013 04 20 12 21 12.329     2013 04 20 12 24 53.185     220.9
267
 2013 04 20 14 00  2.516     2013 04 20 14 03 38.166     215.7
 2013 04 20 20 36   .977     2013 04 20 20 39 30.279     209.3
268
 2013 04 20 10 47 19.858     2013 04 20 10 48  9.925      50.1
 2013 04 20 19 05 54.939     2013 04 20 19 08 52.029     177.1
269
 2013 04 20 12 23  1.398     2013 04 20 12 26 12.257     190.9
 2013 04 20 20 39 54.227     2013 04 20 20 42 26.628     152.4
270
 2013 04 20 10 45  3.941     2013 04 20 10 45 46.244      42.3
 2013 04 20 20 41 45.689     2013 04 20 20 45  6.198     200.5
271
272
 2013 04 20 12 21 58.287     2013 04 20 12 25 21.655     203.4
 2013 04 20 20 37 37.393     2013 04 20 20 41 21.796     224.4
273
 2013 04 20 12 18 14.051     2013 04 20 12 21 32.155     198.1
 2013 04 20 22 19 16.498     2013 04 20 22 22  3.896     167.4
274
 2013 04 20 00 20 45.550     2013 04 20 00 23 35.590     170.0
275
 2013 04 20 00 21 46.043     2013 04 20 00 21 52.013       6.0
 2013 04 20 12 12 57.453     2013 04 20 12 15 34.398     156.9
276
 2013 04 20 12 25 25.115     2013 04 20 12 29  7.662     222.5
 2013 04 20 19 01 31.637     2013 04 20 19 05 11.009     219.4
277
 2013 04 20 14 00 15.124     2013 04 20 14 03 35.561     200.4
 2013 04 20 20 34 12.208     2013 04 20 20 37 13.522     181.3
278
 2013 04 20 12 22 21.444     2013 04 20 12 23 23.729      62.3
 2013 04 20 20 40 26.943     2013 04 20 20 43   .869     153.9
279
 2013 04 20 12 14 28.201     2013 04 20 12 17  4.051     155.8
280
 2013 04 20 22 20 32.055     2013 04 20 22 23 16.555     164.5
281
 2013 04 20 12 19  6.180     2013 04 20 12 22 21.555     195.4
 2013 04 20 22 17  8.861     2013 04 20 22 19 55.764     166.9
282
 2013 04 20 12 14 12.477     2013 04 20 12 17 58.000     225.5
283
 2013 04 20 15 36 51.459     2013 04 20 15 39 35.305     163.8
 2013 04 20 22 10  6.246     2013 04 20 22 13 22.866     196.6
284
 2013 04 20 22 22  9.049     2013 04 20 22 25  6.125     177.1
285
 2013 04 20 20 42 18.263     2013 04 20 20 45 42.195     203.9
286
 2013 04 20 10 49 54.833     2013 04 20 10 52 32.649     157.8
 2013 04 20 19 03 52.270     2013 04 20 19 07  1.742     189.5
287
288
 2013 04 20 20 41 25.377     2013 04 20 20 43 57.228     151.9
289
 2013 04 20 20 45 50.357     2013 04 20 20 49   .881     190.5
290
 2013 04 20 20 48  7.896     2013 04 20 20 51 15.430     187.5
291
 2013 04 20 12 25 11.751     2013 04 20 12 27 49.692     157.9
292
 2013 04 20 20 37  3.100     2013 04 20 20 39 53.436     170.3
293
 2013 04 20 22 21 48.116     2013 04 20 22 25  9.393     201.3
294
 2013 04 20 12 25 47.055     2013 04 20 12 28 24.156     157.1
 2013 04 20 19 00 26.931     2013 04 20 19 04 11.722     224.8
295
 2013 04 20 10 44 52.365     2013 04 20 10 47 26.472     154.1
 2013 04 20 20 43 29.446     2013 04 20 20 46 35.700     186.3
296
 2013 04 20 12 21 19.778     2013 04 20 12 24 11.682     171.9
297
 2013 04 20 14 02 57.377     2013 04 20 14 06 32.902     215.5
 2013 04 20 18 58 40.064     2013 04 20 19 02  9.514     209.4
298
 2013 04 20 13 58 13.158     2013 04 20 14 00 49.565     156.4
 2013 04 20 22 13 33.618     2013 04 20 22 16 11.474     157.9
299
 2013 04 20 00 21 20.697     2013 04 20 00 24 23.100     182.4
 2013 04 20 12 12 31.084     2013 04 20 12 15 40.239     189.2
300
 2013 04 20 13 59 51.687     2013 04 20 14 03   .805     189.1
 2013 04 20 20 33 55.544     2013 04 20 20 37 39.536     224.0
301
 2013 04 20 12 18 17.401     2013 04 20 12 20 52.810     155.4
 2013 04 20 22 18 47.224     2013 04 20 22 21 18.156     150.9
302
303
 2013 04 20 10 43 17.458     2013 04 20 10 43 22.303       4.8
 2013 04 20 20 45 15.024     2013 04 20 20 48 16.249     181.2
304
 2013 04 20 12 21  6.480     2013 04 20 12 24   .878     174.4
305
 2013 04 20 22 14 51.756     2013 04 20 22 17 39.556     167.8
306
 2013 04 20 20 45 48.256     2013 04 20 20 49 22.849     214.6
307
308
 2013 04 20 20 41 37.349     2013 04 20 20 44 10.069     152.7
309
 2013 04 20 14 00 26.521     2013 04 20 14 03 15.156     168.6
 2013 04 20 20 34 33.938     2013 04 20 20 37 45.431     191.5
310
 2013 04 20 00 18 56.773     2013 04 20 00 19 17.477      20.7
311
312
 2013 04 20 20 47 43.640     2013 04 20 20 50 35.590     172.0
313
 2013 04 20 00 20 39.532     2013 04 20 00 23 42.106     182.6
 2013 04 20 12 15 42.355     2013 04 20 12 16 26.054      43.7
314
 2013 04 20 12 18 38.279     2013 04 20 12 21 27.096     168.8
 2013 04 20 22 18 49.276     2013 04 20 22 21 35.072     165.8
315
 2013 04 20 22 11 13.607     2013 04 20 22 14 32.595     199.0
316
317
 2013 04 20 12 14 29.238     2013 04 20 12 17 15.712     166.5
318
 2013 04 20 13 53 54.082     2013 04 20 13 53 55.092       1.0
319
 2013 04 20 10 48 41.106     2013 04 20 10 51 24.567     163.5
 2013 04 20 19 04  9.716     2013 04 20 19 06 48.183     158.5
320
 2013 04 20 12 24 45.209     2013 04 20 12 28 24.727     219.5
321
 2013 04 20 19 02 38.333     2013 04 20 19 05 12.129     153.8
322
 2013 04 20 22 20 57.239     2013 04 20 22 22 15.367      78.1
323
 2013 04 20 20 47 26.557     2013 04 20 20 49 57.482     150.9
324
 2013 04 20 12 26 24.171     2013 04 20 12 29  3.326     159.2
 2013 04 20 19 00 33.664     2013 04 20 19 03 23.622     170.0
325
 2013 04 20 20 46  1.389     2013 04 20 20 47 33.385      92.0
326
 2013 04 20 12 28 33.697     2013 04 20 12 31 38.762     185.1
 2013 04 20 17 23 47.956     2013 04 20 17 27 17.630     209.7
327
 2013 04 20 10 49 29.969     2013 04 20 10 50 16.996      47.0
328
 2013 04 20 10 41 37.706     2013 04 20 10 44 57.022     199.3
329
 2013 04 20 15 37 12.633     2013 04 20 15 40 44.924     212.3
 2013 04 20 20 32 50.017     2013 04 20 20 36 38.821     228.8
330
 2013 04 20 13 59 45.167     2013 04 20 14 02 33.222     168.1
331
 2013 04 20 22 22 36.552     2013 04 20 22 26 17.131     220.6
332
 2013 04 20 13 59 52.671     2013 04 20 14 03 27.986     215.3
 2013 04 20 20 33 51.608     2013 04 20 20 37 10.305     198.7
333
 2013 04 20 00 17 23.064     2013 04 20 00 17 35.493      12.4
334
 2013 04 20 12 18 26.064     2013 04 20 12 21  1.286     155.2
 2013 04 20 22 18 42.784     2013 04 20 22 21 14.298     151.5
335
 2013 04 20 12 15 46.429     2013 04 20 12 18 25.149     158.7
336
 2013 04 20 09 04 45.209     2013 04 20 09 07 50.639     185.4
 2013 04 20 20 48 11.781     2013 04 20 20 48 17.371       5.6
337
338
 2013 04 20 12 15 31.950     2013 04 20 12 18  5.995     154.0
339
 2013 04 20 00 20 55.869     2013 04 20 00 24 33.047     217.2
 2013 04 20 12 13  1.135     2013 04 20 12 16  2.860     181.7
340
 2013 04 20 14 00 17.562     2013 04 20 14 02 57.819     160.3
 2013 04 20 20 35  5.145     2013 04 20 20 38 44.809     219.7
341
342
 2013 04 20 13 58 57.537     2013 04 20 14 01 33.671     156.1
 2013 04 20 22 12 47.818     2013 04 20 22 16  6.404     198.6
343
 2013 04 20 14 02 35.298     2013 04 20 14 05 42.004     186.7
 2013 04 20 19 01 53.381     2013 04 20 19 01 55.232       1.9
 2013 04 20 20 35 49.720     2013 04 20 20 39 36.622     226.9
344
 2013 04 20 10 47 54.412     2013 04 20 10 48 30.038      35.6
 2013 04 20 20 42  7.071     2013 04 20 20 44 53.349     166.3
345
 2013 04 20 10 39 59.292     2013 04 20 10 42  1.689     122.4
346
 2013 04 20 12 13 33.154     2013 04 20 12 16  8.675     155.5
347
 2013 04 20 15 35 14.118     2013 04 20 15 38 46.054     211.9
 2013 04 20 22 10 55.585     2013 04 20 22 13 36.919     161.3
348
 2013 04 20 13 59 46.316     2013 04 20 14 03 16.215     209.9
 2013 04 20 20 39  3.221     2013 04 20 20 39 39.492      36.3
349
 2013 04 20 00 21  7.473     2013 04 20 00 24 14.286     186.8
350
 2013 04 20 10 47 21.348     2013 04 20 10 50 44.516     203.2
 2013 04 20 19 05 21.864     2013 04 20 19 08 45.690     203.8
351
 2013 04 20 10 39 38.183     2013 04 20 10 39 42.870       4.7
352
 2013 04 20 12 24 23.135     2013 04 20 12 27  3.242     160.1
 2013 04 20 20 38 46.638     2013 04 20 20 42  5.584     198.9
353
 2013 04 20 10 44 52.775     2013 04 20 10 48 38.003     225.2
 2013 04 20 20 42   .132     2013 04 20 20 45  6.519     186.4
354
 2013 04 20 12 25 28.276     2013 04 20 12 29  7.885     219.6
 2013 04 20 18 59 25.874     2013 04 20 19 02 36.315     190.4
355
 2013 04 20 20 47 18.506     2013 04 20 20 49 51.230     152.7
356
 2013 04 20 12 13 19.992     2013 04 20 12 15 53.445     153.5
357
 2013 04 20 20 48  7.115     2013 04 20 20 50 46.881     159.8
358
359
 2013 04 20 12 13 59.920     2013 04 20 12 17  1.832     181.9
360
 2013 04 20 12 17 52.167     2013 04 20 12 18 45.124      53.0
361
 2013 04 20 14 03 34.692     2013 04 20 14 06 43.782     189.1
 2013 04 20 18 58 53.635     2013 04 20 19 01 44.962     171.3
362
 2013 04 20 20 46 12.920     2013 04 20 20 48 55.238     162.3
363
 2013 04 20 13 55 17.485     2013 04 20 13 57 59.894     162.4
364
 2013 04 20 12 22 25.457     2013 04 20 12 25 18.568     173.1
 2013 04 20 20 38 12.333     2013 04 20 20 41 32.194     199.9
365
 2013 04 20 10 44 22.419     2013 04 20 10 44 36.080      13.7
 2013 04 20 20 42 20.374     2013 04 20 20 45  1.079     160.7
366
 2013 04 20 15 37 30.231     2013 04 20 15 40 10.335     160.1
 2013 04 20 20 31 56.210     2013 04 20 20 35  2.253     186.0
367
 2013 04 20 10 50  1.281     2013 04 20 10 53 41.635     220.4
 2013 04 20 19 02 28.016     2013 04 20 19 04  5.814      97.8
368
 2013 04 20 10 46 21.875     2013 04 20 10 49 42.726     200.9
369
 2013 04 20 12 16 58.264     2013 04 20 12 19 37.218     159.0
 2013 04 20 22 18 59.146     2013 04 20 22 22 25.730     206.6
370
 2013 04 20 20 48  6.028     2013 04 20 20 51 11.439     185.4
371
 2013 04 20 13 59 13.780     2013 04 20 14 01 50.086     156.3
 2013 04 20 22 12 47.268     2013 04 20 22 14 34.012     106.7
372
 2013 04 20 10 41 45.926     2013 04 20 10 44 45.712     179.8
 2013 04 20 20 48 18.463     2013 04 20 20 48 50.669      32.2
373
 2013 04 20 09 04 57.245     2013 04 20 09 08 19.655     202.4
374
 2013 04 20 10 46 36.438     2013 04 20 10 49 11.245     154.8
375
 2013 04 20 12 24 44.403     2013 04 20 12 27 24.929     160.5
 2013 04 20 20 38 27.441     2013 04 20 20 39 38.518      71.1
376
 2013 04 20 09 08 40.475     2013 04 20 09 08 42.939       2.5
 2013 04 20 20 47 28.060     2013 04 20 20 48 14.678      46.6
377
 2013 04 20 22 21 37.804     2013 04 20 22 24 36.879     179.1
378
 2013 04 20 13 56 56.649     2013 04 20 14 00 34.937     218.3
 2013 04 20 22 14 43.011     2013 04 20 22 17 18.623     155.6
379
 2013 04 20 10 52 22.317     2013 04 20 10 52 31.858       9.5
 2013 04 20 19 03  2.308     2013 04 20 19 05 36.414     154.1
380
381
 2013 04 20 10 41 35.438     2013 04 20 10 44 22.204     166.8
382
 2013 04 20 20 48 22.502     2013 04 20 20 51 13.428     170.9
383
384
 2013 04 20 19 02 41.245     2013 04 20 19 06   .900     199.7
385
 2013 04 20 10 45  3.593     2013 04 20 10 45 48.713      45.1
386
 2013 04 20 12 24 56.724     2013 04 20 12 28 43.332     226.6
 2013 04 20 18 58 57.443     2013 04 20 18 59 50.815      53.4
387
 2013 04 20 20 40 58.310     2013 04 20 20 44 24.651     206.3
388
 2013 04 20 00 15 40.289     2013 04 20 00 15 49.222       8.9
 2013 04 20 13 53 44.606     2013 04 20 13 56 46.024     181.4
389
390
 2013 04 20 10 48 57.238     2013 04 20 10 49 47.675      50.4
391
392
 2013 04 20 10 49  2.166     2013 04 20 10 49 16.248      14.1
 2013 04 20 20 41 23.823     2013 04 20 20 44 54.445     210.6
393
 2013 04 20 13 54 58.753     2013 04 20 13 57 35.355     156.6
394
 2013 04 20 12 21 13.530     2013 04 20 12 24  1.328     167.8
395
 2013 04 20 12 21 51.076     2013 04 20 12 25 32.931     221.9
 2013 04 20 20 37 24.710     2013 04 20 20 41  9.284     224.6
396
 2013 04 20 14 02 26.478     2013 04 20 14 05  8.032     161.6
 2013 04 20 18 56 47.617     2013 04 20 18 58 14.462      86.8
 2013 04 20 20 34 51.294     2013 04 20 20 38 18.343     207.0
397
398
 2013 04 20 12 13 36.300     2013 04 20 12 16 11.787     155.5
399
 2013 04 20 13 58   .160     2013 04 20 14 01 15.679     195.5
 2013 04 20 22 14 11.792     2013 04 20 22 17   .070     168.3
400
 2013 04 20 13 57 24.457     2013 04 20 14 00  1.612     157.2
 2013 04 20 22 13 41.823     2013 04 20 22 16 26.108     164.3
401
 2013 04 20 12 13 55.244     2013 04 20 12 16 38.274     163.0
402
 2013 04 20 22 25 39.204     2013 04 20 22 26 23.399      44.2
403
 2013 04 20 00 19 36.457     2013 04 20 00 22  9.366     152.9
404
 2013 04 20 20 37 11.282     2013 04 20 20 40  9.770     178.5
405
406
 2013 04 20 10 43 40.606     2013 04 20 10 47 25.369     224.8
 2013 04 20 20 42 45.804     2013 04 20 20 45 19.778     154.0
407
 2013 04 20 20 36 59.982     2013 04 20 20 39 33.584     153.6
408
 2013 04 20 12 27 48.708     2013 04 20 12 30 51.302     182.6
 2013 04 20 19 01 30.734     2013 04 20 19 04 47.194     196.5
409
 2013 04 20 10 49 10.173     2013 04 20 10 50  7.166      57.0
410
 2013 04 20 12 22 24.415     2013 04 20 12 26 13.302     228.9
 2013 04 20 20 40 21.909     2013 04 20 20 42 56.569     154.7
411
 2013 04 20 20 46 47.586     2013 04 20 20 49 21.841     154.3
412
 2013 04 20 00 19 42.868     2013 04 20 00 23 22.891     220.0
413
 2013 04 20 12 17 30.597     2013 04 20 12 20  5.133     154.5
 2013 04 20 22 18 50.491     2013 04 20 22 21 48.218     177.7
414
 2013 04 20 12 25 29.444     2013 04 20 12 25 49.051      19.6
 2013 04 20 20 37  9.608     2013 04 20 20 40 52.807     223.2
415
 2013 04 20 14 02  7.738     2013 04 20 14 05 40.435     212.7
 2013 04 20 20 36 19.166     2013 04 20 20 39 40.098     200.9
416
 2013 04 20 12 20 56.661     2013 04 20 12 23 43.063     166.4
417
 2013 04 20 22 11 21.020     2013 04 20 22 14 33.938     192.9
418
 2013 04 20 14 03 12.076     2013 04 20 14 05 58.030     166.0
 2013 04 20 18 58  6.169     2013 04 20 19 01 22.201     196.0
419
 2013 04 20 13 58 22.126     2013 04 20 14 01 14.949     172.8
 2013 04 20 22 12 42.968     2013 04 20 22 15 26.948     164.0
420
 2013 04 20 12 16 18.440     2013 04 20 12 19 16.493     178.1
421
 2013 04 20 12 15 30.141     2013 04 20 12 18 57.114     207.0
422
 2013 04 20 12 23 56.571     2013 04 20 12 26 32.981     156.4
 2013 04 20 20 38 59.641     2013 04 20 20 41 45.200     165.6
423
 2013 04 20 12 22 40.664     2013 04 20 12 25 24.225     163.6
 2013 04 20 20 38 29.822     2013 04 20 20 41 33.581     183.8
424
 2013 04 20 22 21 37.472     2013 04 20 22 24 15.014     157.5
425
 2013 04 20 10 40 44.753     2013 04 20 10 43 21.426     156.7
426
 2013 04 20 13 58 44.688     2013 04 20 14 01 33.405     168.7
 2013 04 20 22 13 27.078     2013 04 20 22 16 46.174     199.1
427
 2013 04 20 10 41 52.950     2013 04 20 10 44 29.861     156.9
428
 2013 04 20 12 19  1.525     2013 04 20 12 22 38.705     217.2
 2013 04 20 22 16 52.251     2013 04 20 22 19 38.725     166.5
429
 2013 04 20 12 18 17.082     2013 04 20 12 21 23.081     186.0
 2013 04 20 22 19 11.647     2013 04 20 22 21 53.561     161.9
430
 2013 04 20 00 18 16.122     2013 04 20 00 21 16.387     180.3
431
 2013 04 20 14 00 10.220     2013 04 20 14 02 48.709     158.5
 2013 04 20 20 34 54.179     2013 04 20 20 35 24.919      30.7
432
 2013 04 20 10 46 33.611     2013 04 20 10 49 45.426     191.8
433
 2013 04 20 10 45 48.720     2013 04 20 10 49 19.498     210.8
434
 2013 04 20 00 21 13.246     2013 04 20 00 24 18.976     185.7
435
 2013 04 20 10 50  2.700     2013 04 20 10 51  3.069      60.4
 2013 04 20 19 02 15.944     2013 04 20 19 02 58.118      42.2
436
 2013 04 20 13 58 58.925     2013 04 20 14 01 40.081     161.2
 2013 04 20 22 12 34.027     2013 04 20 22 15 55.017     201.0
437
 2013 04 20 22 14 29.191     2013 04 20 22 17 59.534     210.3
438
 2013 04 20 14 02 15.708     2013 04 20 14 05  5.338     169.6
 2013 04 20 18 56 34.097     2013 04 20 18 57 35.790      61.7
 2013 04 20 20 34 43.156     2013 04 20 20 38  2.677     199.5
439
 2013 04 20 13 56 32.732     2013 04 20 13 59 31.411     178.7
 2013 04 20 22 13 57.599     2013 04 20 22 17 22.166     204.6
440
 2013 04 20 22 16 33.080     2013 04 20 22 19 40.899     187.8
441
 2013 04 20 10 41 11.409     2013 04 20 10 44 52.768     221.4
 2013 04 20 20 48 48.598     2013 04 20 20 49 24.471      35.9
442
 2013 04 20 14 01 11.714     2013 04 20 14 04 15.978     184.3
 2013 04 20 20 36 12.419     2013 04 20 20 38 47.260     154.8
443
 2013 04 20 12 17 48.259     2013 04 20 12 20 34.533     166.3
 2013 04 20 22 19 13.419     2013 04 20 22 21 47.242     153.8
444
 2013 04 20 12 14 19.010     2013 04 20 12 17 43.722     204.7
445
 2013 04 20 12 22  6.853     2013 04 20 12 25  6.941     180.1
 2013 04 20 20 39 32.528     2013 04 20 20 42 52.831     200.3
446
 2013 04 20 12 24 18.350     2013 04 20 12 28  3.595     225.2
447
 2013 04 20 10 46  5.763     2013 04 20 10 48 40.027     154.3
448
 2013 04 20 14 02 32.482     2013 04 20 14 05 44.174     191.7
 2013 04 20 20 35 54.262     2013 04 20 20 39 39.804     225.5
449
 2013 04 20 13 56  9.487     2013 04 20 13 57 26.982      77.5
 2013 04 20 22 14 43.792     2013 04 20 22 17 51.987     188.2
450
 2013 04 20 00 18 41.929     2013 04 20 00 21 16.959     155.0
451
 2013 04 20 12 16 41.400     2013 04 20 12 17 29.395      48.0
 2013 04 20 22 20 16.985     2013 04 20 22 22 52.563     155.6
452
 2013 04 20 12 22 54.319     2013 04 20 12 25 59.437     185.1
 2013 04 20 20 39 50.638     2013 04 20 20 42 24.705     154.1
453
 2013 04 20 20 47 27.118     2013 04 20 20 50  5.261     158.1
454
 2013 04 20 13 54 35.231     2013 04 20 13 57  9.419     154.2
455
456
 2013 04 20 00 15 49.377     2013 04 20 00 15 54.847       5.5
 2013 04 20 13 53 35.918     2013 04 20 13 56 48.205     192.3
457
 2013 04 20 10 47 26.979     2013 04 20 10 50 42.408     195.4
 2013 04 20 19 06  9.823     2013 04 20 19 07  6.007      56.2
458
 2013 04 20 00 20 16.236     2013 04 20 00 21 30.771      74.5
 2013 04 20 12 13  6.933     2013 04 20 12 16 43.102     216.2
459
 2013 04 20 12 16 13.329     2013 04 20 12 19 41.527     208.2
460
 2013 04 20 13 57 32.502     2013 04 20 14 00 31.197     178.7
 2013 04 20 22 12 48.166     2013 04 20 22 15 26.713     158.5
461
 2013 04 20 22 21 36.885     2013 04 20 22 25  5.892     209.0
462
 2013 04 20 15 35 58.243     2013 04 20 15 39 32.334     214.1
 2013 04 20 22 11  2.785     2013 04 20 22 13 44.061     161.3
463
 2013 04 20 20 41  5.308     2013 04 20 20 44 20.987     195.7
464
465
466
 2013 04 20 13 53 56.096     2013 04 20 13 57 15.282     199.2
467
468
 2013 04 20 20 48 52.364     2013 04 20 20 50  9.066      76.7
469
 2013 04 20 10 39  4.143     2013 04 20 10 41 37.791     153.6
470
 2013 04 20 22 15 16.021     2013 04 20 22 17 48.918     152.9
471
 2013 04 20 22 21 47.956     2013 04 20 22 24 27.000     159.0
472
 2013 04 20 10 38 56.880     2013 04 20 10 40 11.710      74.8
473
 2013 04 20 13 58 40.966     2013 04 20 14 01 40.825     179.9
 2013 04 20 22 12 21.877     2013 04 20 22 15 26.757     184.9
474
 2013 04 20 10 45 30.322     2013 04 20 10 48  7.508     157.2
 2013 04 20 20 42 54.291     2013 04 20 20 43  1.705       7.4
475
 2013 04 20 12 20 16.778     2013 04 20 12 22 51.880     155.1
476
 2013 04 20 12 24 10.153     2013 04 20 12 27  8.210     178.1
 2013 04 20 20 39  9.171     2013 04 20 20 42 28.021     198.9
477
 2013 04 20 20 47 22.211     2013 04 20 20 48 44.326      82.1
478
 2013 04 20 12 25  2.560     2013 04 20 12 28 18.823     196.3
479
480
 2013 04 20 12 27 29.161     2013 04 20 12 30 17.888     168.7
 2013 04 20 19 01 27.711     2013 04 20 19 04 15.974     168.3
481
 2013 04 20 12 25 14.556     2013 04 20 12 28 31.646     197.1
482
 2013 04 20 13 57 51.127     2013 04 20 14 00 44.371     173.2
 2013 04 20 22 12 53.356     2013 04 20 22 15 26.437     153.1
483
 2013 04 20 13 53 26.052     2013 04 20 13 54 13.801      47.7
484
 2013 04 20 14 00 50.869     2013 04 20 14 03 35.382     164.5
 2013 04 20 20 35 39.188     2013 04 20 20 38 32.578     173.4
485
 2013 04 20 12 26 35.788     2013 04 20 12 29 11.449     155.7
 2013 04 20 19 00 55.527     2013 04 20 19 03 39.075     163.5
486
 2013 04 20 10 38  2.285     2013 04 20 10 40 36.642     154.4
 2013 04 20 22 24 47.640     2013 04 20 22 27 50.348     182.7
487
 2013 04 20 15 36 35.493     2013 04 20 15 39 54.173     198.7
 2013 04 20 22 10 40.648     2013 04 20 22 13 53.479     192.8
488
 2013 04 20 13 54 15.837     2013 04 20 13 56 58.315     162.5
489
 2013 04 20 13 58 29.017     2013 04 20 14 01  4.891     155.9
 2013 04 20 22 13 23.093     2013 04 20 22 16 11.966     168.9
490
 2013 04 20 10 42 41.662     2013 04 20 10 45 53.818     192.2
 2013 04 20 20 43  6.896     2013 04 20 20 46 41.451     214.6
491
 2013 04 20 20 41 48.746     2013 04 20 20 44 29.107     160.4
492
 2013 04 20 12 13 16.311     2013 04 20 12 16 18.484     182.2
493
 2013 04 20 10 39  8.786     2013 04 20 10 42 29.237     200.5
 2013 04 20 22 22 30.331     2013 04 20 22 22 50.686      20.4
494
495
 2013 04 20 14 00 28.690     2013 04 20 14 03 50.738     202.0
 2013 04 20 20 36  8.187     2013 04 20 20 39  9.770     181.6
496
497
 2013 04 20 20 45 32.188     2013 04 20 20 49  4.057     211.9
498
 2013 04 20 12 15  5.250     2013 04 20 12 17 42.702     157.5
499
 2013 04 20 12 15 53.152     2013 04 20 12 17 11.858      78.7
 2013 04 20 22 20  9.727     2013 04 20 22 23 35.056     205.3
