0 16.6722 125.6052 5 28 7
2  45.0 45.0 0.00
1 32.4371 88.6318 8 20 9
2  45.0 45.0 0.00
2 4.1172 106.6546 6 26 6
2  45.0 45.0 0.00
3 18.5117 83.5132 1 26 7
2  45.0 45.0 0.00
4 13.8344 129.0309 10 15 6
2  45.0 45.0 0.00
5 24.4798 120.6115 1 26 6
2  45.0 45.0 0.00
6 14.8608 90.9161 10 25 8
2  45.0 45.0 0.00
7 32.4207 84.0569 10 25 6
2  45.0 45.0 0.00
8 14.2339 88.2810 6 24 7
2  45.0 45.0 0.00
9 34.9496 98.0838 3 24 6
2  45.0 45.0 0.00
10 48.0556 131.6202 4 29 5
2  45.0 45.0 0.00
11 19.9797 122.0654 3 25 7
2  45.0 45.0 0.00
12 42.7609 103.5675 3 15 5
2  45.0 45.0 0.00
13 39.1872 123.0411 3 17 6
2  45.0 45.0 0.00
14 9.2977 100.9280 5 22 9
2  45.0 45.0 0.00
15 51.1002 89.3441 8 22 9
2  45.0 45.0 0.00
16 3.5767 83.9553 5 23 9
2  45.0 45.0 0.00
17 16.0107 91.3748 1 25 6
2  45.0 45.0 0.00
18 41.5328 103.5057 7 18 9
2  45.0 45.0 0.00
19 38.7610 84.3250 9 24 6
2  45.0 45.0 0.00
20 43.2487 88.4657 6 19 8
2  45.0 45.0 0.00
21 24.7823 100.3454 3 16 6
2  45.0 45.0 0.00
22 6.3597 91.8075 3 25 5
2  45.0 45.0 0.00
23 33.6315 130.5828 3 17 9
2  45.0 45.0 0.00
24 23.8748 81.7267 1 26 8
2  45.0 45.0 0.00
25 33.8763 85.2808 8 23 5
2  45.0 45.0 0.00
26 41.6627 110.0139 10 18 7
2  45.0 45.0 0.00
27 40.6886 126.6783 7 27 8
2  45.0 45.0 0.00
28 43.2229 85.6327 7 20 5
2  45.0 45.0 0.00
29 25.8599 122.1930 6 18 8
2  45.0 45.0 0.00
30 40.7753 75.9349 2 25 6
2  45.0 45.0 0.00
31 35.9765 102.2188 1 23 5
2  45.0 45.0 0.00
32 14.5483 127.6463 7 15 6
2  45.0 45.0 0.00
33 25.5148 77.0258 6 18 6
2  45.0 45.0 0.00
34 38.8996 81.0934 6 21 6
2  45.0 45.0 0.00
35 13.3476 120.4259 3 25 5
2  45.0 45.0 0.00
36 42.8821 129.6386 3 27 9
2  45.0 45.0 0.00
37 39.2169 127.4040 3 15 6
2  45.0 45.0 0.00
38 16.3396 91.9251 10 27 5
2  45.0 45.0 0.00
39 47.6842 85.4229 4 15 7
2  45.0 45.0 0.00
40 22.5051 109.4006 1 28 5
2  45.0 45.0 0.00
41 34.0309 108.5896 5 20 9
2  45.0 45.0 0.00
42 46.4549 122.1866 9 21 8
2  45.0 45.0 0.00
43 17.3495 76.4568 9 16 5
2  45.0 45.0 0.00
44 30.1781 75.5277 8 27 6
2  45.0 45.0 0.00
45 23.1287 92.7545 3 20 9
2  45.0 45.0 0.00
46 52.9952 119.7660 4 16 5
2  45.0 45.0 0.00
47 12.5483 75.3671 9 25 7
2  45.0 45.0 0.00
48 9.5589 104.0169 7 15 7
2  45.0 45.0 0.00
49 25.3507 126.8722 2 15 6
2  45.0 45.0 0.00
50 44.8036 79.2367 2 28 9
2  45.0 45.0 0.00
51 20.3986 119.4600 6 22 9
2  45.0 45.0 0.00
52 17.5688 84.8193 1 21 8
2  45.0 45.0 0.00
53 7.4832 117.6084 9 20 9
2  45.0 45.0 0.00
54 15.3769 94.9366 7 25 7
2  45.0 45.0 0.00
55 4.3306 73.3878 7 20 6
2  45.0 45.0 0.00
56 28.2352 90.6534 9 17 9
2  45.0 45.0 0.00
57 47.7979 125.7049 6 19 7
2  45.0 45.0 0.00
58 23.8317 103.4037 6 26 6
2  45.0 45.0 0.00
59 49.7095 76.2130 4 20 8
2  45.0 45.0 0.00
60 38.1770 105.7136 1 16 7
2  45.0 45.0 0.00
61 26.5231 98.6446 9 21 5
2  45.0 45.0 0.00
62 20.0754 99.1199 6 19 5
2  45.0 45.0 0.00
63 52.8576 75.0129 6 24 5
2  45.0 45.0 0.00
64 13.5624 101.1835 10 27 7
2  45.0 45.0 0.00
65 40.0405 107.2531 3 19 5
2  45.0 45.0 0.00
66 51.6532 110.3019 8 25 6
2  45.0 45.0 0.00
67 50.9739 83.2832 2 23 9
2  45.0 45.0 0.00
68 26.4275 101.4376 1 16 9
2  45.0 45.0 0.00
69 52.0651 86.8318 2 25 8
2  45.0 45.0 0.00
70 48.0321 97.5719 4 18 8
2  45.0 45.0 0.00
71 14.6908 115.2572 9 25 6
2  45.0 45.0 0.00
72 47.9788 79.3717 2 18 7
2  45.0 45.0 0.00
73 38.9905 115.1233 6 15 9
2  45.0 45.0 0.00
74 44.2883 101.0172 7 25 5
2  45.0 45.0 0.00
75 39.8644 93.4817 6 27 6
2  45.0 45.0 0.00
76 28.5140 124.3948 3 22 9
2  45.0 45.0 0.00
77 31.1766 96.1300 9 16 7
2  45.0 45.0 0.00
78 15.7595 100.0155 9 17 9
2  45.0 45.0 0.00
79 21.1177 87.6415 2 25 7
2  45.0 45.0 0.00
80 16.9623 84.1143 5 26 5
2  45.0 45.0 0.00
81 24.6844 116.5259 5 16 5
2  45.0 45.0 0.00
82 47.6227 123.9076 1 22 5
2  45.0 45.0 0.00
83 5.1498 107.4253 7 20 8
2  45.0 45.0 0.00
84 19.7155 107.9704 10 24 5
2  45.0 45.0 0.00
85 21.7753 89.6772 4 27 9
2  45.0 45.0 0.00
86 27.6632 111.1246 2 21 8
2  45.0 45.0 0.00
87 19.2521 79.5624 10 20 6
2  45.0 45.0 0.00
88 44.9049 88.9600 4 15 6
2  45.0 45.0 0.00
89 23.3365 130.7124 10 15 6
2  45.0 45.0 0.00
90 42.4300 124.8231 1 16 7
2  45.0 45.0 0.00
91 37.8203 106.3895 2 24 9
2  45.0 45.0 0.00
92 10.7867 125.9557 2 17 9
2  45.0 45.0 0.00
93 15.8523 98.4531 6 25 5
2  45.0 45.0 0.00
94 49.6811 86.3814 3 15 6
2  45.0 45.0 0.00
95 6.4155 106.2747 2 19 5
2  45.0 45.0 0.00
96 23.6817 86.7157 10 24 9
2  45.0 45.0 0.00
97 34.4773 104.7720 4 29 8
2  45.0 45.0 0.00
98 41.4275 99.9858 3 22 6
2  45.0 45.0 0.00
99 50.7752 80.8543 3 16 8
2  45.0 45.0 0.00
100 52.1256 88.4245 8 28 9
2  45.0 45.0 0.00
101 31.2788 123.0351 2 28 6
2  45.0 45.0 0.00
102 10.0914 89.0325 1 23 9
2  45.0 45.0 0.00
103 49.3570 89.3588 8 18 7
2  45.0 45.0 0.00
104 39.3756 99.4940 10 15 9
2  45.0 45.0 0.00
105 27.1930 115.1274 6 27 9
2  45.0 45.0 0.00
106 49.8703 100.3907 2 23 6
2  45.0 45.0 0.00
107 10.8279 94.6105 10 24 8
2  45.0 45.0 0.00
108 42.7814 111.1051 9 25 8
2  45.0 45.0 0.00
109 28.0671 126.4418 2 24 7
2  45.0 45.0 0.00
110 37.1429 126.4552 4 23 9
2  45.0 45.0 0.00
111 30.0473 86.2613 1 29 7
2  45.0 45.0 0.00
112 46.1726 74.8601 7 28 5
2  45.0 45.0 0.00
113 37.2658 117.0147 2 17 9
2  45.0 45.0 0.00
114 31.3482 109.7353 6 22 8
2  45.0 45.0 0.00
115 7.6214 117.9164 2 21 8
2  45.0 45.0 0.00
116 32.6581 76.9544 1 19 8
2  45.0 45.0 0.00
117 5.3243 127.9891 6 25 6
2  45.0 45.0 0.00
118 49.7768 97.6238 5 18 5
2  45.0 45.0 0.00
119 41.2313 116.1492 10 23 7
2  45.0 45.0 0.00
120 41.3882 115.1305 5 25 9
2  45.0 45.0 0.00
121 6.5302 96.4223 8 26 8
2  45.0 45.0 0.00
122 42.6170 121.4307 10 17 7
2  45.0 45.0 0.00
123 42.8772 117.6992 1 18 7
2  45.0 45.0 0.00
124 41.4415 73.0799 1 27 7
2  45.0 45.0 0.00
125 10.8284 96.1983 7 21 9
2  45.0 45.0 0.00
126 21.6637 81.9367 4 28 6
2  45.0 45.0 0.00
127 47.5493 94.1044 3 19 9
2  45.0 45.0 0.00
128 35.8057 80.6750 5 16 7
2  45.0 45.0 0.00
129 9.4179 88.5273 7 27 9
2  45.0 45.0 0.00
130 3.9820 101.5579 2 15 7
2  45.0 45.0 0.00
131 41.3215 125.9023 7 18 6
2  45.0 45.0 0.00
132 37.1982 130.4467 6 29 6
2  45.0 45.0 0.00
133 35.1697 127.3850 6 26 5
2  45.0 45.0 0.00
134 25.2902 98.3467 2 19 5
2  45.0 45.0 0.00
135 35.0457 127.7099 5 20 9
2  45.0 45.0 0.00
136 47.8889 107.9415 5 21 8
2  45.0 45.0 0.00
137 47.8655 80.7430 4 21 8
2  45.0 45.0 0.00
138 3.4641 81.2759 5 29 6
2  45.0 45.0 0.00
139 37.9335 81.8606 8 27 9
2  45.0 45.0 0.00
140 14.0971 101.2120 10 24 9
2  45.0 45.0 0.00
141 32.8597 83.0027 7 28 5
2  45.0 45.0 0.00
142 45.7300 104.1535 1 20 9
2  45.0 45.0 0.00
143 8.0803 103.8093 7 19 9
2  45.0 45.0 0.00
144 28.7172 100.3656 7 16 8
2  45.0 45.0 0.00
145 18.3936 99.7291 2 29 6
2  45.0 45.0 0.00
146 27.6618 77.2636 8 21 9
2  45.0 45.0 0.00
147 24.3790 130.2242 3 24 9
2  45.0 45.0 0.00
148 39.5299 87.7591 8 21 8
2  45.0 45.0 0.00
149 27.5028 120.7079 7 16 8
2  45.0 45.0 0.00
150 12.2591 122.8109 7 29 6
2  45.0 45.0 0.00
151 41.2924 95.6983 5 28 8
2  45.0 45.0 0.00
152 10.5855 85.5491 4 22 6
2  45.0 45.0 0.00
153 42.1770 77.6766 6 21 7
2  45.0 45.0 0.00
154 10.3934 125.2503 3 20 5
2  45.0 45.0 0.00
155 16.4179 75.9808 10 21 5
2  45.0 45.0 0.00
156 28.6370 92.4744 7 19 8
2  45.0 45.0 0.00
157 36.1527 79.2787 6 17 7
2  45.0 45.0 0.00
158 5.4637 74.2918 6 15 7
2  45.0 45.0 0.00
159 29.0724 117.4471 7 16 5
2  45.0 45.0 0.00
160 23.6057 93.2431 9 22 7
2  45.0 45.0 0.00
161 18.7172 101.5390 6 28 6
2  45.0 45.0 0.00
162 38.8084 130.4619 3 27 9
2  45.0 45.0 0.00
163 44.3568 128.1293 9 26 9
2  45.0 45.0 0.00
164 36.9448 128.1030 9 15 5
2  45.0 45.0 0.00
165 9.3169 124.0667 3 26 7
2  45.0 45.0 0.00
166 29.3787 131.7592 4 19 6
2  45.0 45.0 0.00
167 11.7678 120.5269 3 28 6
2  45.0 45.0 0.00
168 12.3702 87.1242 3 26 6
2  45.0 45.0 0.00
169 7.5788 82.6654 8 16 8
2  45.0 45.0 0.00
170 33.1313 130.3652 8 18 6
2  45.0 45.0 0.00
171 27.6865 90.5846 2 21 6
2  45.0 45.0 0.00
172 26.1616 114.5306 4 20 9
2  45.0 45.0 0.00
173 39.8424 113.5722 7 24 8
2  45.0 45.0 0.00
174 4.7511 75.3302 8 23 8
2  45.0 45.0 0.00
175 25.1746 80.8998 7 27 6
2  45.0 45.0 0.00
176 51.2624 118.9588 2 16 8
2  45.0 45.0 0.00
177 31.5743 116.3403 8 15 5
2  45.0 45.0 0.00
178 47.1140 93.7820 8 25 9
2  45.0 45.0 0.00
179 27.7614 123.2720 8 27 7
2  45.0 45.0 0.00
180 23.7686 104.8787 1 21 9
2  45.0 45.0 0.00
181 31.1895 95.9438 8 24 7
2  45.0 45.0 0.00
182 21.1033 100.5373 8 17 5
2  45.0 45.0 0.00
183 37.8626 109.0357 5 25 6
2  45.0 45.0 0.00
184 3.7255 112.8823 2 23 9
2  45.0 45.0 0.00
185 37.4327 94.6953 9 26 9
2  45.0 45.0 0.00
186 33.2812 92.8212 2 19 6
2  45.0 45.0 0.00
187 24.6968 93.3538 8 16 9
2  45.0 45.0 0.00
188 12.4545 77.2242 3 21 6
2  45.0 45.0 0.00
189 24.1662 85.1053 5 23 7
2  45.0 45.0 0.00
190 47.7316 79.8219 1 24 7
2  45.0 45.0 0.00
191 40.5334 131.1992 1 23 5
2  45.0 45.0 0.00
192 13.1101 111.1935 1 26 7
2  45.0 45.0 0.00
193 4.5857 82.5605 2 28 6
2  45.0 45.0 0.00
194 20.9011 102.8257 10 27 9
2  45.0 45.0 0.00
195 50.2053 87.4892 10 18 7
2  45.0 45.0 0.00
196 27.3450 119.2625 4 20 9
2  45.0 45.0 0.00
197 27.5963 116.7786 3 28 6
2  45.0 45.0 0.00
198 26.1975 120.3027 10 29 9
2  45.0 45.0 0.00
199 30.6266 89.7048 1 15 6
2  45.0 45.0 0.00
200 16.1991 91.5731 4 18 7
2  45.0 45.0 0.00
201 22.8769 90.9751 7 24 7
2  45.0 45.0 0.00
202 28.4591 118.5037 1 16 8
2  45.0 45.0 0.00
203 24.5580 91.0399 6 29 5
2  45.0 45.0 0.00
204 18.1035 90.4025 7 25 7
2  45.0 45.0 0.00
205 31.4822 106.6089 6 29 9
2  45.0 45.0 0.00
206 36.2846 86.2040 4 29 5
2  45.0 45.0 0.00
207 11.8674 106.9920 2 28 5
2  45.0 45.0 0.00
208 12.6171 79.5112 9 20 5
2  45.0 45.0 0.00
209 38.2777 114.5806 5 17 6
2  45.0 45.0 0.00
210 15.5934 90.9115 6 28 8
2  45.0 45.0 0.00
211 51.6970 111.1322 1 26 9
2  45.0 45.0 0.00
212 44.8694 92.2520 2 24 5
2  45.0 45.0 0.00
213 17.4558 120.0066 5 15 8
2  45.0 45.0 0.00
214 46.2313 96.4447 5 27 6
2  45.0 45.0 0.00
215 12.6775 129.1570 5 23 9
2  45.0 45.0 0.00
216 46.8317 96.4929 9 25 6
2  45.0 45.0 0.00
217 21.3584 91.5153 2 20 9
2  45.0 45.0 0.00
218 30.0906 120.8845 2 15 5
2  45.0 45.0 0.00
219 46.5737 99.8900 1 18 8
2  45.0 45.0 0.00
220 49.1055 112.8650 2 23 9
2  45.0 45.0 0.00
221 46.0561 99.4547 8 25 5
2  45.0 45.0 0.00
222 4.8995 78.3761 9 26 5
2  45.0 45.0 0.00
223 25.2920 108.3872 3 19 5
2  45.0 45.0 0.00
224 52.0263 98.4379 1 15 7
2  45.0 45.0 0.00
225 6.3276 96.2067 9 27 5
2  45.0 45.0 0.00
226 40.2691 117.0698 6 27 9
2  45.0 45.0 0.00
227 13.6109 124.4243 9 28 8
2  45.0 45.0 0.00
228 49.3129 109.7643 3 17 5
2  45.0 45.0 0.00
229 25.6105 74.4911 2 28 8
2  45.0 45.0 0.00
230 17.0844 82.6558 7 17 8
2  45.0 45.0 0.00
231 27.9073 109.9582 2 15 9
2  45.0 45.0 0.00
232 26.7172 108.1237 7 23 8
2  45.0 45.0 0.00
233 18.1747 87.8395 2 28 5
2  45.0 45.0 0.00
234 32.4384 114.7560 1 24 8
2  45.0 45.0 0.00
235 21.3894 88.0681 2 29 6
2  45.0 45.0 0.00
236 5.0850 101.4580 5 16 7
2  45.0 45.0 0.00
237 32.2226 107.4985 3 17 8
2  45.0 45.0 0.00
238 32.8124 120.7862 4 28 9
2  45.0 45.0 0.00
239 20.0431 77.5354 8 23 9
2  45.0 45.0 0.00
240 13.2442 78.7101 9 25 8
2  45.0 45.0 0.00
241 32.2877 104.4267 1 20 7
2  45.0 45.0 0.00
242 15.3505 112.2749 9 25 7
2  45.0 45.0 0.00
243 3.0022 102.3057 7 29 6
2  45.0 45.0 0.00
244 39.4259 76.0876 6 18 9
2  45.0 45.0 0.00
245 42.6166 119.2422 5 24 5
2  45.0 45.0 0.00
246 17.6099 115.4562 8 15 7
2  45.0 45.0 0.00
247 50.3266 118.6571 3 20 7
2  45.0 45.0 0.00
248 6.0337 85.4681 7 25 9
2  45.0 45.0 0.00
249 50.0833 78.2410 2 20 6
2  45.0 45.0 0.00
250 45.6217 78.1633 8 17 6
2  45.0 45.0 0.00
251 10.6713 123.2714 1 28 6
2  45.0 45.0 0.00
252 43.7526 125.8144 3 20 8
2  45.0 45.0 0.00
253 29.9704 110.9531 6 17 6
2  45.0 45.0 0.00
254 14.9547 80.1210 7 21 8
2  45.0 45.0 0.00
255 29.0358 95.2606 6 20 8
2  45.0 45.0 0.00
256 38.2491 96.8626 5 18 6
2  45.0 45.0 0.00
257 13.3071 104.0624 10 24 7
2  45.0 45.0 0.00
258 8.4338 124.1514 1 16 6
2  45.0 45.0 0.00
259 12.0217 124.4642 9 29 6
2  45.0 45.0 0.00
260 18.4557 127.6609 7 15 8
2  45.0 45.0 0.00
261 39.6875 110.3090 6 22 9
2  45.0 45.0 0.00
262 42.1208 99.9723 6 18 8
2  45.0 45.0 0.00
263 23.8671 109.9321 6 16 8
2  45.0 45.0 0.00
264 4.0850 132.1979 4 26 6
2  45.0 45.0 0.00
265 22.3285 75.4647 6 17 8
2  45.0 45.0 0.00
266 36.1490 97.9508 4 15 5
2  45.0 45.0 0.00
267 42.6983 94.9268 2 23 8
2  45.0 45.0 0.00
268 32.2163 132.4922 3 26 9
2  45.0 45.0 0.00
269 35.9569 109.1089 3 19 8
2  45.0 45.0 0.00
270 31.2449 117.9751 5 17 5
2  45.0 45.0 0.00
271 19.1241 83.6289 6 26 5
2  45.0 45.0 0.00
272 37.6337 100.1734 2 26 7
2  45.0 45.0 0.00
273 21.3284 98.1416 10 18 8
2  45.0 45.0 0.00
274 5.5948 76.6854 8 21 7
2  45.0 45.0 0.00
275 4.5082 85.8547 8 27 5
2  45.0 45.0 0.00
276 42.2378 118.7319 10 20 6
2  45.0 45.0 0.00
277 48.6697 87.8964 8 29 7
2  45.0 45.0 0.00
278 33.8409 109.9499 9 21 7
2  45.0 45.0 0.00
279 9.5718 88.2544 6 18 9
2  45.0 45.0 0.00
280 15.0055 97.0620 10 24 5
2  45.0 45.0 0.00
281 28.1737 93.8347 5 23 6
2  45.0 45.0 0.00
282 8.4119 91.9713 6 26 6
2  45.0 45.0 0.00
283 49.5238 76.2562 4 21 8
2  45.0 45.0 0.00
284 8.9147 99.4771 10 26 8
2  45.0 45.0 0.00
285 24.8032 112.5003 2 27 5
2  45.0 45.0 0.00
286 41.7962 132.5950 6 28 5
2  45.0 45.0 0.00
287 22.1861 78.8646 7 20 9
2  45.0 45.0 0.00
288 31.3074 112.8607 3 24 9
2  45.0 45.0 0.00
289 18.0315 125.3923 8 17 5
2  45.0 45.0 0.00
290 6.8582 123.8979 6 21 9
2  45.0 45.0 0.00
291 42.9412 112.8452 8 28 9
2  45.0 45.0 0.00
292 45.2568 103.0711 10 22 8
2  45.0 45.0 0.00
293 8.7494 98.2930 8 24 7
2  45.0 45.0 0.00
294 44.6366 114.6953 10 22 7
2  45.0 45.0 0.00
295 25.6975 120.7358 5 27 9
2  45.0 45.0 0.00
296 31.1429 103.3509 9 24 7
2  45.0 45.0 0.00
297 49.3813 106.9842 6 28 6
2  45.0 45.0 0.00
298 38.9817 84.1539 9 21 9
2  45.0 45.0 0.00
299 6.2481 82.1672 5 28 5
2  45.0 45.0 0.00
300 46.9540 86.7080 7 23 6
2  45.0 45.0 0.00
301 22.1122 95.0858 8 28 7
2  45.0 45.0 0.00
302 3.1614 123.1027 4 28 5
2  45.0 45.0 0.00
303 19.9644 123.7977 5 15 6
2  45.0 45.0 0.00
304 30.4293 103.0026 9 20 8
2  45.0 45.0 0.00
305 35.3417 88.6374 3 22 5
2  45.0 45.0 0.00
306 18.0582 126.5610 4 25 6
2  45.0 45.0 0.00
307 19.7196 129.6181 10 21 8
2  45.0 45.0 0.00
308 30.9765 113.7962 2 20 9
2  45.0 45.0 0.00
309 47.2294 89.3848 9 19 7
2  45.0 45.0 0.00
310 13.9167 80.9681 1 25 6
2  45.0 45.0 0.00
311 21.9518 126.4490 1 27 9
2  45.0 45.0 0.00
312 9.0810 123.6447 2 26 5
2  45.0 45.0 0.00
313 8.5272 81.0342 1 23 5
2  45.0 45.0 0.00
314 22.7827 97.1512 1 19 5
2  45.0 45.0 0.00
315 46.4324 80.4776 3 20 9
2  45.0 45.0 0.00
316 21.6877 129.2673 4 29 5
2  45.0 45.0 0.00
317 11.4181 86.2257 2 21 6
2  45.0 45.0 0.00
318 25.1788 79.6122 6 22 8
2  45.0 45.0 0.00
319 38.7725 128.5132 1 17 9
2  45.0 45.0 0.00
320 40.5343 116.2418 8 17 7
2  45.0 45.0 0.00
321 43.7907 124.3795 7 23 9
2  45.0 45.0 0.00
322 15.7205 104.4041 3 29 7
2  45.0 45.0 0.00
323 12.1916 125.1730 8 25 5
2  45.0 45.0 0.00
324 47.5058 115.4969 9 19 8
2  45.0 45.0 0.00
325 17.2725 127.4463 7 24 5
2  45.0 45.0 0.00
326 50.1714 128.9933 6 21 5
2  45.0 45.0 0.00
327 35.6529 120.5143 7 22 6
2  45.0 45.0 0.00
328 18.6018 111.9378 4 21 5
2  45.0 45.0 0.00
329 49.0087 81.8371 4 28 9
2  45.0 45.0 0.00
330 45.2951 86.9746 9 17 5
2  45.0 45.0 0.00
331 5.1202 99.3247 9 22 9
2  45.0 45.0 0.00
332 48.4188 86.3274 4 22 7
2  45.0 45.0 0.00
333 19.0594 78.4321 3 27 9
2  45.0 45.0 0.00
334 22.5963 95.3324 1 19 8
2  45.0 45.0 0.00
335 15.0577 88.9198 6 18 6
2  45.0 45.0 0.00
336 9.9083 132.0732 8 25 6
2  45.0 45.0 0.00
337 38.5259 119.9249 8 20 6
2  45.0 45.0 0.00
338 13.7156 89.0498 6 24 5
2  45.0 45.0 0.00
339 7.4957 83.2020 5 15 8
2  45.0 45.0 0.00
340 44.4820 91.4296 10 29 9
2  45.0 45.0 0.00
341 26.6847 128.7588 5 21 7
2  45.0 45.0 0.00
342 41.8537 85.3520 7 18 5
2  45.0 45.0 0.00
343 49.1911 103.1630 3 18 8
2  45.0 45.0 0.00
344 29.9553 116.4934 6 23 6
2  45.0 45.0 0.00
345 9.2215 116.3993 9 19 6
2  45.0 45.0 0.00
346 6.5560 86.6589 5 21 6
2  45.0 45.0 0.00
347 44.5502 73.4630 9 28 9
2  45.0 45.0 0.00
348 42.0602 93.5968 3 27 8
2  45.0 45.0 0.00
349 3.4223 76.8100 9 22 8
2  45.0 45.0 0.00
350 32.3598 130.5534 5 20 6
2  45.0 45.0 0.00
351 8.2375 116.9334 5 24 9
2  45.0 45.0 0.00
352 40.5187 110.5716 4 17 5
2  45.0 45.0 0.00
353 30.4713 117.6479 6 27 6
2  45.0 45.0 0.00
354 48.8053 110.4211 5 20 7
2  45.0 45.0 0.00
355 12.7913 125.2707 8 28 7
2  45.0 45.0 0.00
356 6.0465 85.8606 9 23 8
2  45.0 45.0 0.00
357 8.5948 124.8243 9 18 9
2  45.0 45.0 0.00
358 7.9391 96.5913 8 28 7
2  45.0 45.0 0.00
359 10.7506 84.8356 6 27 5
2  45.0 45.0 0.00
360 16.2157 85.0022 3 18 6
2  45.0 45.0 0.00
361 51.1756 108.0422 6 29 7
2  45.0 45.0 0.00
362 14.6786 121.3612 3 15 5
2  45.0 45.0 0.00
363 29.8015 77.4084 3 20 5
2  45.0 45.0 0.00
364 37.2844 102.1679 5 29 7
2  45.0 45.0 0.00
365 29.1459 116.4951 4 27 9
2  45.0 45.0 0.00
366 52.9283 76.8413 7 27 6
2  45.0 45.0 0.00
367 46.0446 130.9816 6 18 6
2  45.0 45.0 0.00
368 29.3930 127.9479 10 27 8
2  45.0 45.0 0.00
369 17.6380 93.0579 6 26 6
2  45.0 45.0 0.00
370 7.0769 123.8973 10 24 8
2  45.0 45.0 0.00
371 41.9092 87.1800 6 26 5
2  45.0 45.0 0.00
372 14.9296 117.1846 1 15 8
2  45.0 45.0 0.00
373 11.4775 131.9933 3 26 7
2  45.0 45.0 0.00
374 31.4834 124.1250 4 16 6
2  45.0 45.0 0.00
375 41.4945 111.7396 10 19 9
2  45.0 45.0 0.00
376 12.4309 130.2852 1 23 9
2  45.0 45.0 0.00
377 10.5139 98.5145 6 17 8
2  45.0 45.0 0.00
378 34.2280 85.3125 9 18 5
2  45.0 45.0 0.00
379 42.5725 125.5838 7 15 7
2  45.0 45.0 0.00
380 18.4770 107.4286 4 18 9
2  45.0 45.0 0.00
381 14.4727 116.0043 5 20 8
2  45.0 45.0 0.00
382 9.6261 128.6466 9 27 9
2  45.0 45.0 0.00
383 17.1919 83.1526 9 16 6
2  45.0 45.0 0.00
384 40.2154 122.8234 1 15 8
2  45.0 45.0 0.00
385 21.2230 111.5040 8 29 7
2  45.0 45.0 0.00
386 47.6747 108.4915 2 28 7
2  45.0 45.0 0.00
387 33.7404 116.5507 8 25 7
2  45.0 45.0 0.00
388 24.6770 75.4102 4 20 9
2  45.0 45.0 0.00
389 37.8559 96.4178 7 18 6
2  45.0 45.0 0.00
390 34.1121 119.4479 4 27 6
2  45.0 45.0 0.00
391 26.9575 105.4101 7 22 5
2  45.0 45.0 0.00
392 32.3861 117.7542 1 27 8
2  45.0 45.0 0.00
393 30.0499 74.6191 10 18 6
2  45.0 45.0 0.00
394 30.8997 102.7715 3 23 9
2  45.0 45.0 0.00
395 38.2068 99.5171 7 16 5
2  45.0 45.0 0.00
396 51.7082 97.8937 1 25 5
2  45.0 45.0 0.00
397 8.9681 119.4440 5 23 9
2  45.0 45.0 0.00
398 6.7320 86.7415 3 23 7
2  45.0 45.0 0.00
399 37.3818 86.9637 8 26 5
2  45.0 45.0 0.00
400 36.5066 82.0350 2 29 5
2  45.0 45.0 0.00
401 9.3024 85.4362 9 28 8
2  45.0 45.0 0.00
402 4.8599 98.9028 10 21 5
2  45.0 45.0 0.00
403 11.6413 77.0614 1 24 5
2  45.0 45.0 0.00
404 41.3465 99.3315 8 19 5
2  45.0 45.0 0.00
405 19.4484 130.3406 2 16 5
2  45.0 45.0 0.00
406 26.5704 115.2268 10 16 9
2  45.0 45.0 0.00
407 44.1791 100.2149 4 24 6
2  45.0 45.0 0.00
408 48.6045 125.3852 4 29 5
2  45.0 45.0 0.00
409 35.1463 120.2593 3 22 7
2  45.0 45.0 0.00
410 33.9973 109.6409 6 23 6
2  45.0 45.0 0.00
411 14.5636 124.5600 4 29 9
2  45.0 45.0 0.00
412 11.5186 81.3126 6 25 8
2  45.0 45.0 0.00
413 19.6709 93.4163 5 22 8
2  45.0 45.0 0.00
414 38.9623 98.7289 3 19 8
2  45.0 45.0 0.00
415 47.6922 103.0299 9 18 9
2  45.0 45.0 0.00
416 30.0657 101.9859 6 24 8
2  45.0 45.0 0.00
417 46.0363 80.4395 4 27 7
2  45.0 45.0 0.00
418 51.2124 104.1371 2 26 9
2  45.0 45.0 0.00
419 41.6774 82.3663 2 18 7
2  45.0 45.0 0.00
420 18.1328 88.9653 9 26 5
2  45.0 45.0 0.00
421 12.5566 93.3870 9 26 6
2  45.0 45.0 0.00
422 39.5387 108.6369 5 16 6
2  45.0 45.0 0.00
423 37.3637 103.2904 10 16 6
2  45.0 45.0 0.00
424 13.4714 101.6222 6 29 7
2  45.0 45.0 0.00
425 13.0147 112.0382 3 21 7
2  45.0 45.0 0.00
426 39.8870 87.2187 2 25 9
2  45.0 45.0 0.00
427 16.7612 114.0415 3 21 8
2  45.0 45.0 0.00
428 29.0472 93.2051 2 22 5
2  45.0 45.0 0.00
429 21.5150 97.5618 5 21 9
2  45.0 45.0 0.00
430 16.4354 76.8081 6 29 9
2  45.0 45.0 0.00
431 44.2810 90.7367 7 19 9
2  45.0 45.0 0.00
432 30.0248 127.8856 7 17 6
2  45.0 45.0 0.00
433 27.6898 127.1944 8 17 5
2  45.0 45.0 0.00
434 3.1624 76.9980 7 19 5
2  45.0 45.0 0.00
435 46.6338 130.9175 1 28 5
2  45.0 45.0 0.00
436 42.5466 84.8464 10 23 5
2  45.0 45.0 0.00
437 36.7136 90.5990 9 25 6
2  45.0 45.0 0.00
438 51.9807 96.7177 5 22 5
2  45.0 45.0 0.00
439 33.3092 81.7958 7 18 6
2  45.0 45.0 0.00
440 26.3530 88.3956 10 20 5
2  45.0 45.0 0.00
441 13.1038 118.2862 6 26 9
2  45.0 45.0 0.00
442 46.0164 97.0812 8 18 5
2  45.0 45.0 0.00
443 20.1528 95.2990 9 16 7
2  45.0 45.0 0.00
444 13.0240 84.8046 1 27 8
2  45.0 45.0 0.00
445 33.3977 105.9187 8 17 7
2  45.0 45.0 0.00
446 39.3039 115.1121 5 23 5
2  45.0 45.0 0.00
447 29.7169 123.1697 5 20 7
2  45.0 45.0 0.00
448 48.9751 103.3399 7 26 7
2  45.0 45.0 0.00
449 31.9130 84.0713 6 22 6
2  45.0 45.0 0.00
450 14.7267 75.7203 3 27 6
2  45.0 45.0 0.00
451 16.5158 97.1108 8 25 7
2  45.0 45.0 0.00
452 35.6715 108.3940 9 18 7
2  45.0 45.0 0.00
453 10.9230 123.7711 1 16 7
2  45.0 45.0 0.00
454 28.3447 74.3028 4 22 8
2  45.0 45.0 0.00
455 37.7407 97.2964 2 20 5
2  45.0 45.0 0.00
456 24.1716 75.7538 2 28 6
2  45.0 45.0 0.00
457 37.0370 124.1383 3 19 7
2  45.0 45.0 0.00
458 9.6246 82.5617 2 27 8
2  45.0 45.0 0.00
459 19.4801 88.0401 10 20 7
2  45.0 45.0 0.00
460 39.6037 79.7871 4 28 9
2  45.0 45.0 0.00
461 13.6410 104.6821 8 16 5
2  45.0 45.0 0.00
462 46.2688 76.5400 1 23 6
2  45.0 45.0 0.00
463 33.3766 116.1805 5 15 6
2  45.0 45.0 0.00
464 18.3077 107.0348 4 25 7
2  45.0 45.0 0.00
465 20.3766 82.3497 2 27 9
2  45.0 45.0 0.00
466 25.2073 76.8696 9 28 8
2  45.0 45.0 0.00
467 18.5157 80.2282 4 28 7
2  45.0 45.0 0.00
468 10.6353 120.0530 1 17 6
2  45.0 45.0 0.00
469 6.6746 110.1956 4 22 6
2  45.0 45.0 0.00
470 33.4964 87.8819 4 16 5
2  45.0 45.0 0.00
471 11.2414 99.5782 1 22 8
2  45.0 45.0 0.00
472 5.8497 114.8620 5 18 6
2  45.0 45.0 0.00
473 43.0441 83.0809 6 26 9
2  45.0 45.0 0.00
474 27.3532 122.7553 2 22 6
2  45.0 45.0 0.00
475 29.0969 98.2707 3 19 5
2  45.0 45.0 0.00
476 39.3803 111.5877 2 24 7
2  45.0 45.0 0.00
477 12.8058 129.7960 3 27 8
2  45.0 45.0 0.00
478 46.3672 109.2856 3 16 5
2  45.0 45.0 0.00
479 25.7502 104.1191 10 27 8
2  45.0 45.0 0.00
480 48.2738 122.7520 6 23 5
2  45.0 45.0 0.00
481 42.0336 116.4610 9 28 9
2  45.0 45.0 0.00
482 40.1824 80.8469 6 21 8
2  45.0 45.0 0.00
483 23.6932 77.8469 7 27 5
2  45.0 45.0 0.00
484 45.7141 93.9752 5 16 8
2  45.0 45.0 0.00
485 47.1151 117.1774 3 22 6
2  45.0 45.0 0.00
486 3.1643 108.6536 8 23 8
2  45.0 45.0 0.00
487 47.9203 78.0896 3 23 7
2  45.0 45.0 0.00
488 26.5883 75.1167 5 29 5
2  45.0 45.0 0.00
489 39.8281 84.7926 5 21 6
2  45.0 45.0 0.00
490 21.7112 114.0513 6 25 6
2  45.0 45.0 0.00
491 30.7945 115.2809 7 27 8
2  45.0 45.0 0.00
492 5.2191 88.2252 1 24 5
2  45.0 45.0 0.00
493 10.4711 107.6442 6 27 7
2  45.0 45.0 0.00
494 19.4518 103.8422 8 19 8
2  45.0 45.0 0.00
495 43.9502 95.6272 10 15 6
2  45.0 45.0 0.00
496 37.2880 92.9152 6 16 8
2  45.0 45.0 0.00
497 18.9548 125.9536 4 17 9
2  45.0 45.0 0.00
498 12.6863 87.8176 7 27 7
2  45.0 45.0 0.00
499 13.9007 95.2924 4 28 7
2  45.0 45.0 0.00
