s4
0
 2013 04 20 06 29 54.275     2013 04 20 06 30 40.666      46.4
1
 2013 04 20 18 41 30.609     2013 04 20 18 44  9.415     158.8
2
 2013 04 20 18 12 30.007     2013 04 20 18 15 16.247     166.2
3
 2013 04 20 08 55 52.477     2013 04 20 08 59  1.958     189.5
 2013 04 20 15 31  7.088     2013 04 20 15 34 11.261     184.2
4
 2013 04 20 22 42 13.451     2013 04 20 22 43 29.767      76.3
5
 2013 04 20 01 19 31.462     2013 04 20 01 23   .924     209.5
6
 2013 04 20 08 35 48.841     2013 04 20 08 35 50.528       1.7
 2013 04 20 22 10   .559     2013 04 20 22 13 36.047     215.5
7
 2013 04 20 01 46 18.744     2013 04 20 01 49  2.317     163.6
 2013 04 20 10 02  9.101     2013 04 20 10 05 36.693     207.6
8
 2013 04 20 00 35 19.840     2013 04 20 00 38   .640     160.8
 2013 04 20 15 57 14.504     2013 04 20 16 01  6.348     231.8
9
 2013 04 20 09 30 46.014     2013 04 20 09 34 17.116     211.1
10
 2013 04 20 11 05 25.915     2013 04 20 11 07 41.863     135.9
11
 2013 04 20 04 08 31.293     2013 04 20 04 12  6.851     215.6
 2013 04 20 12 22 37.370     2013 04 20 12 26 21.009     223.6
12
 2013 04 20 22 47  8.837     2013 04 20 22 50 25.960     197.1
13
 2013 04 20 10 51 44.921     2013 04 20 10 55 17.415     212.5
14
 2013 04 20 08 30  6.930     2013 04 20 08 33 24.355     197.4
15
 2013 04 20 05 00  8.026     2013 04 20 05 03 30.774     202.7
 2013 04 20 09 56 28.528     2013 04 20 09 59 50.224     201.7
16
 2013 04 20 05 30 33.249     2013 04 20 05 33 32.670     179.4
 2013 04 20 17 20 56.336     2013 04 20 17 23 56.200     179.9
17
 2013 04 20 04 24 39.965     2013 04 20 04 27 29.618     169.7
 2013 04 20 23 10  6.112     2013 04 20 23 12 48.410     162.3
18
 2013 04 20 07 20 22.010     2013 04 20 07 23 22.149     180.1
 2013 04 20 13 55  4.653     2013 04 20 13 57 42.220     157.6
19
 2013 04 20 15 10 38.609     2013 04 20 15 14 31.531     232.9
 2013 04 20 23 26 14.878     2013 04 20 23 28 57.613     162.7
20
21
22
 2013 04 20 16 24 19.969     2013 04 20 16 27 36.884     196.9
23
 2013 04 20 06 59 10.227     2013 04 20 07 02 27.914     197.7
 2013 04 20 20 36 32.110     2013 04 20 20 36 40.329       8.2
24
 2013 04 20 12 39 42.052     2013 04 20 12 42 56.084     194.0
25
 2013 04 20 17 57 12.721     2013 04 20 17 58 18.730      66.0
26
 2013 04 20 15 50 11.719     2013 04 20 15 53   .634     168.9
27
 2013 04 20 20 21 30.340     2013 04 20 20 25 16.799     226.5
28
 2013 04 20 03 17 30.572     2013 04 20 03 21 22.126     231.6
29
30
 2013 04 20 05 47 58.826     2013 04 20 05 51 15.765     196.9
 2013 04 20 10 44 13.833     2013 04 20 10 47  5.911     172.1
31
 2013 04 20 08 54  4.195     2013 04 20 08 56 47.113     162.9
 2013 04 20 15 30  1.826     2013 04 20 15 33 48.652     226.8
32
 2013 04 20 03 41 14.210     2013 04 20 03 44 49.501     215.3
33
 2013 04 20 09 36 43.625     2013 04 20 09 37 14.511      30.9
34
 2013 04 20 10 14  4.285     2013 04 20 10 16 42.834     158.5
 2013 04 20 22 05 16.624     2013 04 20 22 07 55.079     158.5
35
 2013 04 20 01 27 56.001     2013 04 20 01 28  8.527      12.5
36
 2013 04 20 20 27 14.411     2013 04 20 20 29 50.009     155.6
37
 2013 04 20 09 36 55.240     2013 04 20 09 39 47.077     171.8
38
39
 2013 04 20 06 26 26.830     2013 04 20 06 29 28.036     181.2
40
 2013 04 20 14 23 27.734     2013 04 20 14 27  5.231     217.5
 2013 04 20 22 38 58.166     2013 04 20 22 41 50.692     172.5
41
 2013 04 20 11 12 42.367     2013 04 20 11 15 21.889     159.5
 2013 04 20 19 30 46.850     2013 04 20 19 34 15.637     208.8
42
43
 2013 04 20 21 08 37.651     2013 04 20 21 11 54.586     196.9
44
 2013 04 20 01 25 26.323     2013 04 20 01 29  8.802     222.5
 2013 04 20 15 06 56.443     2013 04 20 15 09 33.596     157.2
45
46
 2013 04 20 08 03  9.783     2013 04 20 08 04 21.704      71.9
 2013 04 20 17 58 45.341     2013 04 20 18 02 17.110     211.8
47
 2013 04 20 21 14  9.979     2013 04 20 21 17 27.633     197.7
48
 2013 04 20 05 41 42.401     2013 04 20 05 44 44.534     182.1
 2013 04 20 13 58 34.301     2013 04 20 14 01 22.689     168.4
49
 2013 04 20 04 08 54.223     2013 04 20 04 12 15.592     201.4
 2013 04 20 12 22 30.189     2013 04 20 12 22 41.593      11.4
50
 2013 04 20 04 11  9.667     2013 04 20 04 14  7.936     178.3
 2013 04 20 10 46 53.205     2013 04 20 10 49 31.350     158.1
51
 2013 04 20 12 38 42.191     2013 04 20 12 41 32.351     170.2
52
 2013 04 20 02 15 23.285     2013 04 20 02 19 14.583     231.3
53
54
 2013 04 20 13 37 53.111     2013 04 20 13 40 31.141     158.0
55
56
 2013 04 20 04 26 10.955     2013 04 20 04 28 58.342     167.4
 2013 04 20 21 32 59.896     2013 04 20 21 36 35.181     215.3
 2013 04 20 23 11  1.521     2013 04 20 23 14 48.470     226.9
57
 2013 04 20 03 25   .501     2013 04 20 03 27 41.832     161.3
 2013 04 20 08 20 27.172     2013 04 20 08 24 14.264     227.1
 2013 04 20 09 58 27.066     2013 04 20 10 02 26.724     239.7
58
 2013 04 20 03 43 16.628     2013 04 20 03 46 29.863     193.2
 2013 04 20 19 06 37.858     2013 04 20 19 09 17.208     159.4
59
60
 2013 04 20 05 25 19.569     2013 04 20 05 28  9.003     169.4
 2013 04 20 19 00 13.112     2013 04 20 19 00 20.086       7.0
61
 2013 04 20 11 12 30.637     2013 04 20 11 15 21.499     170.9
 2013 04 20 19 31  7.911     2013 04 20 19 34 39.297     211.4
62
 2013 04 20 04 56 45.362     2013 04 20 04 59 44.197     178.8
 2013 04 20 11 37 33.254     2013 04 20 11 37 33.896        .6
63
 2013 04 20 07 18 16.525     2013 04 20 07 21  4.108     167.6
 2013 04 20 15 33 31.095     2013 04 20 15 34 26.037      54.9
64
 2013 04 20 03 18 44.583     2013 04 20 03 18 45.411        .8
 2013 04 20 11 35 34.851     2013 04 20 11 38 54.545     199.7
65
 2013 04 20 02 33 41.275     2013 04 20 02 36 45.894     184.6
 2013 04 20 10 48 32.594     2013 04 20 10 51 51.716     199.1
66
 2013 04 20 03 25 41.852     2013 04 20 03 28 26.529     164.7
 2013 04 20 08 21 18.543     2013 04 20 08 24 20.224     181.7
67
 2013 04 20 00 28 28.284     2013 04 20 00 31 11.894     163.6
 2013 04 20 19 13 35.181     2013 04 20 19 16 39.653     184.5
68
69
70
71
72
 2013 04 20 12 04  2.838     2013 04 20 12 07 19.378     196.5
 2013 04 20 18 38 58.114     2013 04 20 18 41 40.196     162.1
73
 2013 04 20 03 12 56.953     2013 04 20 03 15 58.739     181.8
 2013 04 20 13 17 54.029     2013 04 20 13 21 46.391     232.4
74
 2013 04 20 18 45 38.931     2013 04 20 18 48 14.776     155.8
75
 2013 04 20 19 42 35.690     2013 04 20 19 43 41.703      66.0
76
 2013 04 20 07 49  4.180     2013 04 20 07 52  3.982     179.8
77
 2013 04 20 05 47   .643     2013 04 20 05 47 14.242      13.6
 2013 04 20 13 56 57.372     2013 04 20 14 00 40.980     223.6
78
 2013 04 20 23 34 33.478     2013 04 20 23 38  4.912     211.4
79
 2013 04 20 12 00 45.875     2013 04 20 12 03 28.265     162.4
 2013 04 20 20 18 33.435     2013 04 20 20 21 15.801     162.4
80
 2013 04 20 02 53 42.925     2013 04 20 02 57 28.302     225.4
81
 2013 04 20 07 14 13.938     2013 04 20 07 17 33.522     199.6
82
 2013 04 20 09 33 26.670     2013 04 20 09 37 13.492     226.8
 2013 04 20 19 37   .931     2013 04 20 19 39 57.693     176.8
83
 2013 04 20 18 10 15.930     2013 04 20 18 12 52.982     157.1
84
85
 2013 04 20 01 47 59.502     2013 04 20 01 50 39.940     160.4
 2013 04 20 08 23 42.540     2013 04 20 08 27  7.664     205.1
86
 2013 04 20 22 00 47.467     2013 04 20 22 04  5.698     198.2
87
 2013 04 20 09 41 20.746     2013 04 20 09 44 46.370     205.6
 2013 04 20 16 18 15.017     2013 04 20 16 21 44.383     209.4
88
 2013 04 20 13 38 26.446     2013 04 20 13 41 33.623     187.2
 2013 04 20 20 13 35.249     2013 04 20 20 16 39.732     184.5
89
90
91
 2013 04 20 03 52 54.026     2013 04 20 03 56  5.929     191.9
 2013 04 20 15 50 57.149     2013 04 20 15 51 20.737      23.6
92
 2013 04 20 00 29 19.219     2013 04 20 00 32 26.854     187.6
 2013 04 20 17 35 11.244     2013 04 20 17 38 24.600     193.4
93
94
 2013 04 20 00 33 42.004     2013 04 20 00 36 35.607     173.6
 2013 04 20 15 58 30.847     2013 04 20 16 01 11.053     160.2
95
 2013 04 20 05 31 10.300     2013 04 20 05 34 27.641     197.3
 2013 04 20 17 20 15.253     2013 04 20 17 20 52.573      37.3
96
97
 2013 04 20 04 57 15.284     2013 04 20 05 01  4.319     229.0
 2013 04 20 11 34 30.758     2013 04 20 11 37 38.657     187.9
98
 2013 04 20 17 38 25.582     2013 04 20 17 41 42.451     196.9
 2013 04 20 22 34 39.336     2013 04 20 22 37 36.264     176.9
99
100
 2013 04 20 02 52 59.166     2013 04 20 02 55 54.148     175.0
 2013 04 20 19 58 59.606     2013 04 20 20 01 49.797     170.2
101
 2013 04 20 02 11 10.310     2013 04 20 02 13 50.404     160.1
102
 2013 04 20 22 08 52.854     2013 04 20 22 11 57.162     184.3
103
 2013 04 20 15 09 18.944     2013 04 20 15 12  6.370     167.4
 2013 04 20 23 26 51.591     2013 04 20 23 27 24.100      32.5
104
 2013 04 20 00 59 22.848     2013 04 20 01 00 10.941      48.1
 2013 04 20 09 16 46.612     2013 04 20 09 17 16.123      29.5
105
 2013 04 20 01 01 58.982     2013 04 20 01 04 40.312     161.3
 2013 04 20 07 36 31.853     2013 04 20 07 39 17.849     166.0
106
 2013 04 20 03 50  7.068     2013 04 20 03 52 55.179     168.1
 2013 04 20 17 26  3.254     2013 04 20 17 29 40.277     217.0
107
 2013 04 20 11 38 58.333     2013 04 20 11 39  2.843       4.5
108
 2013 04 20 02 50 59.324     2013 04 20 02 53 39.851     160.5
 2013 04 20 21 36  9.780     2013 04 20 21 39 23.523     193.7
109
 2013 04 20 13 13 45.010     2013 04 20 13 17 39.548     234.5
110
 2013 04 20 12 46 38.909     2013 04 20 12 49 19.626     160.7
111
112
 2013 04 20 13 36 21.084     2013 04 20 13 39 20.564     179.5
 2013 04 20 21 52  7.412     2013 04 20 21 54 54.585     167.2
113
 2013 04 20 11 07 19.680     2013 04 20 11 10 15.565     175.9
 2013 04 20 21 11 35.016     2013 04 20 21 14 42.265     187.2
114
 2013 04 20 17 30 31.917     2013 04 20 17 33 23.565     171.6
115
 2013 04 20 22 48 11.371     2013 04 20 22 51 52.144     220.8
116
 2013 04 20 00 03 49.191     2013 04 20 00 06 34.947     165.8
 2013 04 20 10 11 18.101     2013 04 20 10 11 22.545       4.4
 2013 04 20 23 44 50.468     2013 04 20 23 47 36.374     165.9
117
 2013 04 20 04 57 39.342     2013 04 20 05 00 42.177     182.8
 2013 04 20 11 34   .111     2013 04 20 11 37  2.739     182.6
118
 2013 04 20 07 01 45.639     2013 04 20 07 05 25.750     220.1
119
120
 2013 04 20 02 56 14.250     2013 04 20 02 59  6.106     171.9
 2013 04 20 18 20 37.018     2013 04 20 18 23 19.663     162.6
121
 2013 04 20 02 09  7.811     2013 04 20 02 12 37.193     209.4
 2013 04 20 17 33 15.080     2013 04 20 17 36 35.857     200.8
122
 2013 04 20 22 49 42.388     2013 04 20 22 52 32.275     169.9
123
 2013 04 20 09 39 56.627     2013 04 20 09 43 27.913     211.3
 2013 04 20 17 56  9.523     2013 04 20 17 56 42.487      33.0
124
 2013 04 20 04 03 26.779     2013 04 20 04 04  7.574      40.8
125
 2013 04 20 03 16 36.014     2013 04 20 03 19 16.455     160.4
 2013 04 20 13 15 48.767     2013 04 20 13 16  7.367      18.6
126
 2013 04 20 11 04 32.446     2013 04 20 11 04 59.248      26.8
127
 2013 04 20 00 53 55.896     2013 04 20 00 57 24.138     208.2
 2013 04 20 10 53  7.033     2013 04 20 10 56 15.182     188.1
128
 2013 04 20 05 46 47.664     2013 04 20 05 49 27.588     159.9
 2013 04 20 10 42  1.827     2013 04 20 10 42  5.477       3.7
 2013 04 20 12 20 33.571     2013 04 20 12 23 57.823     204.3
129
 2013 04 20 19 28 35.518     2013 04 20 19 29 11.734      36.2
130
 2013 04 20 06 07 25.875     2013 04 20 06 10 57.118     211.2
131
 2013 04 20 07 43 30.680     2013 04 20 07 46 16.969     166.3
 2013 04 20 21 28 34.311     2013 04 20 21 29  4.684      30.4
132
 2013 04 20 01 34 16.565     2013 04 20 01 37 47.498     210.9
133
 2013 04 20 04 55 51.732     2013 04 20 04 59  6.457     194.7
 2013 04 20 13 11 47.748     2013 04 20 13 12 41.021      53.3
134
 2013 04 20 02 34  9.612     2013 04 20 02 37 38.133     208.5
135
 2013 04 20 11 51 39.277     2013 04 20 11 55 22.421     223.1
136
 2013 04 20 07 18 28.433     2013 04 20 07 21 30.318     181.9
 2013 04 20 15 32 15.473     2013 04 20 15 32 30.218      14.7
137
 2013 04 20 02 51 13.869     2013 04 20 02 53 52.237     158.4
 2013 04 20 19 57 29.532     2013 04 20 19 58 26.184      56.7
 2013 04 20 21 35 40.458     2013 04 20 21 39 26.611     226.2
138
 2013 04 20 00 41 53.945     2013 04 20 00 45 24.742     210.8
139
140
 2013 04 20 09 27 18.215     2013 04 20 09 30  3.258     165.0
 2013 04 20 21 17 47.337     2013 04 20 21 20 35.512     168.2
141
 2013 04 20 03 05 40.373     2013 04 20 03 08 44.770     184.4
 2013 04 20 15 03  1.330     2013 04 20 15 03 51.567      50.2
142
 2013 04 20 03 38  3.698     2013 04 20 03 40 47.863     164.2
 2013 04 20 22 23   .557     2013 04 20 22 26 13.772     193.2
143
 2013 04 20 07 53 50.087     2013 04 20 07 57 10.778     200.7
144
 2013 04 20 06 13 38.228     2013 04 20 06 16 16.885     158.7
145
146
 2013 04 20 02 35 53.058     2013 04 20 02 35 58.323       5.3
 2013 04 20 10 48 12.620     2013 04 20 10 51  5.129     172.5
147
148
 2013 04 20 15 50 15.290     2013 04 20 15 53   .492     165.2
149
 2013 04 20 18 05 44.417     2013 04 20 18 08 58.006     193.6
150
151
 2013 04 20 12 51  5.844     2013 04 20 12 54 27.325     201.5
 2013 04 20 19 26  9.402     2013 04 20 19 29  5.243     175.8
152
 2013 04 20 01 02 22.495     2013 04 20 01 05  7.922     165.4
 2013 04 20 07 37   .462     2013 04 20 07 40  6.409     185.9
153
 2013 04 20 02 58  8.046     2013 04 20 03 01 48.378     220.3
154
 2013 04 20 21 31  3.778     2013 04 20 21 34 38.778     215.0
155
 2013 04 20 09 26 24.477     2013 04 20 09 27 25.667      61.2
 2013 04 20 21 18 42.093     2013 04 20 21 21 43.504     181.4
156
 2013 04 20 00 37 48.512     2013 04 20 00 41 18.918     210.4
 2013 04 20 14 19 26.404     2013 04 20 14 22 12.641     166.2
157
 2013 04 20 03 46 49.164     2013 04 20 03 49 29.974     160.8
158
 2013 04 20 06 25  1.890     2013 04 20 06 25 17.429      15.5
159
 2013 04 20 00 15  9.937     2013 04 20 00 15 28.332      18.4
 2013 04 20 05 12 12.430     2013 04 20 05 12 17.062       4.6
 2013 04 20 22 22   .724     2013 04 20 22 22 18.412      17.7
160
 2013 04 20 05 41 24.941     2013 04 20 05 44 59.800     214.9
 2013 04 20 13 58  7.206     2013 04 20 14 01   .458     173.3
161
 2013 04 20 22 48 22.959     2013 04 20 22 52 15.263     232.3
162
 2013 04 20 07 11  5.873     2013 04 20 07 14 29.054     203.2
 2013 04 20 17 15   .405     2013 04 20 17 17 35.640     155.2
163
 2013 04 20 07 43 28.158     2013 04 20 07 44 23.147      55.0
 2013 04 20 21 26 12.429     2013 04 20 21 29  7.659     175.2
164
 2013 04 20 04 32 52.382     2013 04 20 04 35 56.103     183.7
165
 2013 04 20 22 47 51.438     2013 04 20 22 51 22.794     211.4
166
 2013 04 20 12 32  3.587     2013 04 20 12 35 31.808     208.2
167
 2013 04 20 03 44 24.487     2013 04 20 03 47 11.921     167.4
 2013 04 20 19 06 36.522     2013 04 20 19 09 51.584     195.1
168
 2013 04 20 01 15  1.433     2013 04 20 01 18 14.015     192.6
 2013 04 20 20 00 16.130     2013 04 20 20 03  5.126     169.0
169
 2013 04 20 02 14  1.045     2013 04 20 02 16 41.218     160.2
 2013 04 20 15 52 40.369     2013 04 20 15 55 17.203     156.8
170
 2013 04 20 05 35 27.743     2013 04 20 05 38  7.037     159.3
 2013 04 20 15 42 53.719     2013 04 20 15 43  3.997      10.3
171
 2013 04 20 03 10 33.171     2013 04 20 03 14  3.421     210.2
172
 2013 04 20 09 37 18.622     2013 04 20 09 40 46.355     207.7
 2013 04 20 17 58 11.681     2013 04 20 17 58 47.325      35.6
173
 2013 04 20 02 19 44.371     2013 04 20 02 22 32.212     167.8
 2013 04 20 14 10 56.720     2013 04 20 14 14 21.195     204.5
174
 2013 04 20 12 26 57.327     2013 04 20 12 30 11.138     193.8
175
 2013 04 20 11 10 17.693     2013 04 20 11 12 59.981     162.3
 2013 04 20 21 09 28.805     2013 04 20 21 09 31.472       2.7
176
 2013 04 20 06 56 54.266     2013 04 20 07 00 14.667     200.4
 2013 04 20 20 38 14.470     2013 04 20 20 41   .001     165.5
177
 2013 04 20 11 54 20.904     2013 04 20 11 55 17.128      56.2
 2013 04 20 23 36 13.592     2013 04 20 23 36 30.811      17.2
178
179
 2013 04 20 18 52 21.607     2013 04 20 18 54 59.545     157.9
180
 2013 04 20 11 13 13.109     2013 04 20 11 15 53.729     160.6
 2013 04 20 19 31  1.859     2013 04 20 19 33 55.077     173.2
181
 2013 04 20 01 31 51.375     2013 04 20 01 35 28.677     217.3
 2013 04 20 13 25 47.885     2013 04 20 13 26 43.020      55.1
182
 2013 04 20 14 26 50.522     2013 04 20 14 30 39.623     229.1
 2013 04 20 21 03 11.980     2013 04 20 21 06  3.766     171.8
183
 2013 04 20 22 42 48.508     2013 04 20 22 46  6.932     198.4
184
 2013 04 20 13 30 46.421     2013 04 20 13 33 49.805     183.4
 2013 04 20 23 32  4.360     2013 04 20 23 34 40.674     156.3
185
 2013 04 20 11 01 34.140     2013 04 20 11 05 20.864     226.7
 2013 04 20 22 53  2.163     2013 04 20 22 56 18.859     196.7
186
 2013 04 20 00 03 48.574     2013 04 20 00 06 58.213     189.6
 2013 04 20 10 10 49.966     2013 04 20 10 10 54.863       4.9
187
 2013 04 20 02 34 54.850     2013 04 20 02 35 25.520      30.7
 2013 04 20 09 12 33.269     2013 04 20 09 15 47.379     194.1
188
 2013 04 20 04 09 35.227     2013 04 20 04 12 54.144     198.9
 2013 04 20 10 44 45.995     2013 04 20 10 48 16.439     210.4
189
 2013 04 20 01 39 28.949     2013 04 20 01 42 23.851     174.9
 2013 04 20 11 41 46.060     2013 04 20 11 44 55.069     189.0
190
 2013 04 20 00 42  5.061     2013 04 20 00 44 59.444     174.4
191
192
 2013 04 20 22 41 44.454     2013 04 20 22 45 27.213     222.8
193
194
 2013 04 20 07 22 19.690     2013 04 20 07 25  2.780     163.1
 2013 04 20 12 17 57.379     2013 04 20 12 21 12.714     195.3
195
 2013 04 20 15 01 21.876     2013 04 20 15 04 32.133     190.3
196
 2013 04 20 13 34  1.367     2013 04 20 13 36 39.641     158.3
197
 2013 04 20 00 33 39.400     2013 04 20 00 36 48.396     189.0
 2013 04 20 15 58 45.703     2013 04 20 16 01 25.138     159.4
198
 2013 04 20 02 55 46.779     2013 04 20 02 58 41.127     174.3
 2013 04 20 18 19 33.135     2013 04 20 18 22 16.558     163.4
199
 2013 04 20 21 55 46.537     2013 04 20 21 55 58.298      11.8
