s1
0
 2013 04 20 06 51 18.147     2013 04 20 06 53 55.267     157.1
 2013 04 20 15 11 39.654     2013 04 20 15 11 43.358       3.7
1
 2013 04 20 10 49 51.378     2013 04 20 10 53 12.054     200.7
 2013 04 20 19 02 57.704     2013 04 20 19 06 20.383     202.7
2
 2013 04 20 05 00 46.934     2013 04 20 05 03 58.328     191.4
 2013 04 20 18 34 16.133     2013 04 20 18 37 24.755     188.6
3
 2013 04 20 09 19  2.881     2013 04 20 09 19 36.626      33.7
 2013 04 20 14 19  1.769     2013 04 20 14 19 11.610       9.8
4
 2013 04 20 13 08 32.542     2013 04 20 13 11 20.490     167.9
5
 2013 04 20 01 44 57.461     2013 04 20 01 47 30.473     153.0
 2013 04 20 17 06 34.344     2013 04 20 17 09 31.032     176.7
6
 2013 04 20 08 56   .452     2013 04 20 08 58 38.998     158.5
 2013 04 20 22 31 48.909     2013 04 20 22 34 19.829     150.9
7
 2013 04 20 02 10 42.972     2013 04 20 02 14 24.453     221.5
8
 2013 04 20 00 59 45.912     2013 04 20 01 03 33.830     227.9
9
 2013 04 20 19 59 47.758     2013 04 20 20 02 40.438     172.7
10
 2013 04 20 21 34 28.440     2013 04 20 21 37 12.764     164.3
11
 2013 04 20 04 33 20.397     2013 04 20 04 35 58.871     158.5
 2013 04 20 11 07 39.547     2013 04 20 11 08 37.163      57.6
12
13
 2013 04 20 01 19 49.990     2013 04 20 01 22 51.250     181.3
14
 2013 04 20 22 34 40.492     2013 04 20 22 37 37.403     176.9
15
 2013 04 20 03 46 29.322     2013 04 20 03 50  2.147     212.8
 2013 04 20 05 24  5.598     2013 04 20 05 24 14.616       9.0
 2013 04 20 10 20 12.457     2013 04 20 10 22 53.273     160.8
16
17
 2013 04 20 04 49  8.917     2013 04 20 04 51 43.984     155.1
 2013 04 20 23 30 59.693     2013 04 20 23 34  1.721     182.0
18
 2013 04 20 07 44 21.774     2013 04 20 07 46 57.694     155.9
 2013 04 20 14 17 31.418     2013 04 20 14 20 33.808     182.4
19
 2013 04 20 00 09 47.733     2013 04 20 00 10 57.865      70.1
 2013 04 20 15 33 36.307     2013 04 20 15 36 21.210     164.9
20
 2013 04 20 00 33 27.041     2013 04 20 00 36 33.176     186.1
 2013 04 20 08 49 12.497     2013 04 20 08 49 13.067        .6
21
 2013 04 20 22 25 44.086     2013 04 20 22 26  6.931      22.8
22
 2013 04 20 06 48 12.464     2013 04 20 06 51 10.457     178.0
 2013 04 20 16 46 55.180     2013 04 20 16 49 33.204     158.0
23
24
 2013 04 20 23 08 20.791     2013 04 20 23 08 29.239       8.4
25
 2013 04 20 08 25  3.167     2013 04 20 08 28 42.419     219.3
26
 2013 04 20 02 38 58.020     2013 04 20 02 42 22.268     204.2
 2013 04 20 16 12 29.678     2013 04 20 16 15 32.219     182.5
27
 2013 04 20 10 43 55.821     2013 04 20 10 46 36.312     160.5
 2013 04 20 20 43 45.330     2013 04 20 20 46 16.988     151.7
28
 2013 04 20 12 01 53.580     2013 04 20 12 04 44.550     171.0
29
30
 2013 04 20 04 34 10.278     2013 04 20 04 37 39.828     209.6
 2013 04 20 06 11 48.045     2013 04 20 06 12 37.296      49.3
 2013 04 20 11 07 37.677     2013 04 20 11 10 12.303     154.6
31
 2013 04 20 09 17 15.955     2013 04 20 09 20 47.251     211.3
 2013 04 20 15 53   .192     2013 04 20 15 55 46.496     166.3
32
 2013 04 20 04 06 14.331     2013 04 20 04 08 50.408     156.1
 2013 04 20 19 28  2.372     2013 04 20 19 31 24.467     202.1
33
 2013 04 20 10 00 49.306     2013 04 20 10 03 25.695     156.4
 2013 04 20 18 16 48.979     2013 04 20 18 20  7.380     198.4
34
 2013 04 20 22 26 13.725     2013 04 20 22 29 36.102     202.4
35
 2013 04 20 01 49 44.666     2013 04 20 01 52 18.172     153.5
 2013 04 20 15 26 54.947     2013 04 20 15 30 14.535     199.6
36
 2013 04 20 09 04 20.431     2013 04 20 09 07 46.667     206.2
 2013 04 20 20 48 20.763     2013 04 20 20 51 55.253     214.5
37
 2013 04 20 18 18 48.909     2013 04 20 18 21 57.809     188.9
38
 2013 04 20 08 06 12.530     2013 04 20 08 09 16.470     183.9
39
40
 2013 04 20 14 46 32.037     2013 04 20 14 49  8.613     156.6
 2013 04 20 22 59 32.842     2013 04 20 23 01  7.271      94.4
41
 2013 04 20 11 35 28.073     2013 04 20 11 39  2.802     214.7
 2013 04 20 19 52 56.785     2013 04 20 19 55 31.363     154.6
42
 2013 04 20 08 55 25.299     2013 04 20 08 58 17.182     171.9
 2013 04 20 22 31 38.155     2013 04 20 22 34 20.920     162.8
43
 2013 04 20 11 31 33.788     2013 04 20 11 34 29.151     175.4
 2013 04 20 21 30 23.236     2013 04 20 21 33   .152     156.9
44
 2013 04 20 15 28 57.871     2013 04 20 15 32 33.299     215.4
45
 2013 04 20 07 14 47.998     2013 04 20 07 18 17.023     209.0
 2013 04 20 22 35 56.920     2013 04 20 22 39 28.333     211.4
46
 2013 04 20 08 24 48.201     2013 04 20 08 27 22.175     154.0
47
 2013 04 20 09 52 51.194     2013 04 20 09 55 44.562     173.4
48
 2013 04 20 06 06   .154     2013 04 20 06 08 40.513     160.4
 2013 04 20 14 21 17.988     2013 04 20 14 24  2.669     164.7
49
 2013 04 20 04 33 37.980     2013 04 20 04 36 13.939     156.0
 2013 04 20 11 08  2.127     2013 04 20 11 11 28.115     206.0
50
 2013 04 20 04 35  9.059     2013 04 20 04 36 42.975      93.9
 2013 04 20 11 09 45.808     2013 04 20 11 13  3.363     197.6
51
52
53
 2013 04 20 01 47 20.639     2013 04 20 01 47 47.790      27.2
 2013 04 20 17 04 49.605     2013 04 20 17 04 57.260       7.7
54
 2013 04 20 14 00 23.139     2013 04 20 14 03 30.398     187.3
 2013 04 20 20 35 48.241     2013 04 20 20 39  4.742     196.5
55
 2013 04 20 21 45 55.582     2013 04 20 21 46 35.603      40.0
56
 2013 04 20 03 12 11.183     2013 04 20 03 15 52.940     221.8
 2013 04 20 04 50  5.029     2013 04 20 04 53 38.910     213.9
 2013 04 20 21 54 38.175     2013 04 20 21 57 27.513     169.3
57
 2013 04 20 03 49 24.909     2013 04 20 03 52 22.540     177.6
 2013 04 20 08 44 32.926     2013 04 20 08 47 32.395     179.5
58
 2013 04 20 04 08  3.329     2013 04 20 04 10 41.771     158.4
 2013 04 20 19 28 12.093     2013 04 20 19 31 19.912     187.8
59
 2013 04 20 00 14 25.707     2013 04 20 00 17 37.996     192.3
60
 2013 04 20 05 49 18.160     2013 04 20 05 52 34.696     196.5
61
 2013 04 20 19 53 19.246     2013 04 20 19 55 53.784     154.5
62
 2013 04 20 05 20 32.860     2013 04 20 05 20 49.780      16.9
 2013 04 20 11 56 57.692     2013 04 20 12 00  3.540     185.8
63
 2013 04 20 07 41 38.248     2013 04 20 07 43 29.175     110.9
64
 2013 04 20 03 43 57.355     2013 04 20 03 46 36.496     159.1
 2013 04 20 11 59  3.295     2013 04 20 12 01 38.355     155.1
65
 2013 04 20 02 58 34.085     2013 04 20 03 01 11.445     157.4
66
 2013 04 20 03 50  4.233     2013 04 20 03 53 10.035     185.8
 2013 04 20 08 45 10.321     2013 04 20 08 47 46.400     156.1
67
 2013 04 20 00 53 26.018     2013 04 20 00 56 14.228     168.2
 2013 04 20 17 57 13.967     2013 04 20 18 00 59.975     226.0
 2013 04 20 19 35  8.790     2013 04 20 19 38 40.248     211.5
68
 2013 04 20 13 50 23.671     2013 04 20 13 53 53.977     210.3
69
70
71
72
 2013 04 20 12 27 19.135     2013 04 20 12 29 56.713     157.6
 2013 04 20 19 00 49.482     2013 04 20 19 03 30.119     160.6
73
 2013 04 20 13 41 23.467     2013 04 20 13 43 56.869     153.4
74
 2013 04 20 09 13 55.161     2013 04 20 09 14 41.063      45.9
 2013 04 20 19 07  2.212     2013 04 20 19 10 32.804     210.6
75
 2013 04 20 08 17 49.865     2013 04 20 08 19 16.890      87.0
 2013 04 20 20 02  6.417     2013 04 20 20 04 39.805     153.4
76
 2013 04 20 20 06 28.993     2013 04 20 20 09 37.596     188.6
77
 2013 04 20 06 07 41.234     2013 04 20 06 10 37.880     176.6
 2013 04 20 12 41 48.236     2013 04 20 12 45 29.618     221.4
78
79
 2013 04 20 12 23 16.864     2013 04 20 12 27  4.797     227.9
 2013 04 20 20 40  2.950     2013 04 20 20 42 55.684     172.7
80
 2013 04 20 03 18 58.806     2013 04 20 03 21 35.997     157.2
 2013 04 20 18 40 37.267     2013 04 20 18 44  7.793     210.5
81
 2013 04 20 07 38 26.137     2013 04 20 07 41  2.792     156.7
82
83
 2013 04 20 18 31 34.579     2013 04 20 18 32 30.529      56.0
84
85
 2013 04 20 02 12 34.958     2013 04 20 02 15 46.513     191.6
 2013 04 20 08 47 46.577     2013 04 20 08 50 23.781     157.2
86
 2013 04 20 10 40  3.933     2013 04 20 10 43 45.680     221.7
87
 2013 04 20 16 40 57.464     2013 04 20 16 43 35.125     157.7
88
 2013 04 20 14 01 23.128     2013 04 20 14 03 58.821     155.7
 2013 04 20 20 35 26.063     2013 04 20 20 38   .545     154.5
89
 2013 04 20 08 24  2.839     2013 04 20 08 24 47.648      44.8
 2013 04 20 18 20 49.655     2013 04 20 18 24 23.799     214.1
90
 2013 04 20 05 10 42.468     2013 04 20 05 13 20.496     158.0
91
 2013 04 20 16 10 24.936     2013 04 20 16 12 56.234     151.3
92
 2013 04 20 00 54 37.821     2013 04 20 00 57 13.546     155.7
 2013 04 20 17 57 30.410     2013 04 20 18 00  5.043     154.6
93
 2013 04 20 09 48 57.295     2013 04 20 09 51 47.849     170.6
 2013 04 20 21 37 32.450     2013 04 20 21 40 51.762     199.3
94
 2013 04 20 16 20 40.991     2013 04 20 16 23 42.896     181.9
95
96
 2013 04 20 01 14 23.045     2013 04 20 01 17 32.045     189.0
97
 2013 04 20 03 47 28.331     2013 04 20 03 47 37.217       8.9
 2013 04 20 11 57 52.256     2013 04 20 12 00 28.227     156.0
98
 2013 04 20 16 22 29.250     2013 04 20 16 26  6.572     217.3
 2013 04 20 18 00 13.195     2013 04 20 18 01 53.494     100.3
 2013 04 20 22 55 58.135     2013 04 20 22 58 33.862     155.7
99
 2013 04 20 02 55 15.848     2013 04 20 02 58 43.560     207.7
 2013 04 20 11 10 50.750     2013 04 20 11 14 24.596     213.8
100
 2013 04 20 01 43  4.973     2013 04 20 01 43 12.369       7.4
 2013 04 20 03 16 59.160     2013 04 20 03 17 22.526      23.4
 2013 04 20 20 20 18.515     2013 04 20 20 23 47.929     209.4
101
 2013 04 20 02 35 25.868     2013 04 20 02 39  2.359     216.5
 2013 04 20 16 15 38.492     2013 04 20 16 16  7.819      29.3
102
 2013 04 20 08 58 16.415     2013 04 20 09 01 10.791     174.4
103
 2013 04 20 00 11 45.524     2013 04 20 00 14 20.666     155.1
 2013 04 20 15 31 44.842     2013 04 20 15 34 36.446     171.6
104
 2013 04 20 01 21 43.701     2013 04 20 01 24 24.084     160.4
 2013 04 20 09 37 25.437     2013 04 20 09 40 10.986     165.5
105
 2013 04 20 01 26 52.474     2013 04 20 01 29 39.404     166.9
 2013 04 20 06 25 46.947     2013 04 20 06 25 50.335       3.4
 2013 04 20 07 59 51.074     2013 04 20 08 03 27.308     216.2
106
 2013 04 20 04 14 20.186     2013 04 20 04 17 39.630     199.4
107
 2013 04 20 03 43  6.404     2013 04 20 03 46 11.869     185.5
 2013 04 20 11 58 31.105     2013 04 20 12 01 28.591     177.5
108
 2013 04 20 01 37  8.735     2013 04 20 01 40 55.556     226.8
 2013 04 20 03 15 17.482     2013 04 20 03 18 31.416     193.9
 2013 04 20 20 19 37.038     2013 04 20 20 22 58.263     201.2
 2013 04 20 21 57 17.157     2013 04 20 22 01   .816     223.7
109
 2013 04 20 03 41 44.300     2013 04 20 03 44 36.356     172.1
110
 2013 04 20 13 09  3.612     2013 04 20 13 11  1.231     117.6
 2013 04 20 21 27 25.430     2013 04 20 21 30 30.033     184.6
111
112
 2013 04 20 13 59 14.523     2013 04 20 14 01 52.739     158.2
 2013 04 20 22 12 50.387     2013 04 20 22 14   .117      69.7
113
 2013 04 20 21 33 11.545     2013 04 20 21 35 56.238     164.7
114
 2013 04 20 02 33  8.047     2013 04 20 02 36 32.774     204.7
 2013 04 20 17 52 39.139     2013 04 20 17 55 25.827     166.7
115
 2013 04 20 11 27 36.887     2013 04 20 11 30 53.502     196.6
116
 2013 04 20 00 28 45.111     2013 04 20 00 32  3.275     198.2
 2013 04 20 10 31 16.667     2013 04 20 10 33 54.248     157.6
117
 2013 04 20 05 21 29.292     2013 04 20 05 21 51.858      22.6
 2013 04 20 11 57 18.300     2013 04 20 11 59 54.993     156.7
118
 2013 04 20 19 19 46.868     2013 04 20 19 22 22.654     155.8
119
 2013 04 20 05 44 38.014     2013 04 20 05 47 52.027     194.0
120
 2013 04 20 18 42  5.331     2013 04 20 18 45 43.863     218.5
121
122
 2013 04 20 11 25 35.435     2013 04 20 11 28 45.662     190.2
 2013 04 20 23 10 43.317     2013 04 20 23 13 47.624     184.3
123
124
 2013 04 20 04 25 13.179     2013 04 20 04 27 47.240     154.1
 2013 04 20 14 26 16.366     2013 04 20 14 29 18.007     181.6
125
 2013 04 20 03 40 32.485     2013 04 20 03 40 44.470      12.0
126
 2013 04 20 21 34 40.746     2013 04 20 21 38  1.232     200.5
127
 2013 04 20 01 19 19.919     2013 04 20 01 21 56.763     156.8
128
 2013 04 20 06 10 50.207     2013 04 20 06 13 37.110     166.9
 2013 04 20 11 05 45.267     2013 04 20 11 09  4.018     198.8
129
 2013 04 20 11 35 36.753     2013 04 20 11 38 38.570     181.8
 2013 04 20 19 50 56.922     2013 04 20 19 53 45.425     168.5
130
 2013 04 20 20 13  9.857     2013 04 20 20 16 32.150     202.3
131
 2013 04 20 21 46 58.967     2013 04 20 21 49 40.864     161.9
132
133
134
 2013 04 20 09 35 31.641     2013 04 20 09 39   .123     208.5
135
136
 2013 04 20 07 42 29.719     2013 04 20 07 45  6.626     156.9
 2013 04 20 14 17  8.260     2013 04 20 14 20 42.560     214.3
137
 2013 04 20 03 15 44.523     2013 04 20 03 18 34.888     170.4
 2013 04 20 20 19 29.552     2013 04 20 20 22 28.729     179.2
138
 2013 04 20 01 07 21.259     2013 04 20 01 10  4.002     162.7
139
 2013 04 20 02 03   .968     2013 04 20 02 06 32.287     211.3
 2013 04 20 12 03 12.367     2013 04 20 12 06 54.213     221.8
140
141
 2013 04 20 15 23  3.477     2013 04 20 15 25 36.916     153.4
142
 2013 04 20 04 02 29.352     2013 04 20 04 05 15.795     166.4
 2013 04 20 21 06 13.812     2013 04 20 21 09 49.149     215.3
 2013 04 20 22 44   .238     2013 04 20 22 47 42.470     222.2
143
144
145
 2013 04 20 01 50 20.241     2013 04 20 01 53 18.515     178.3
 2013 04 20 15 26 22.049     2013 04 20 15 29  8.470     166.4
146
 2013 04 20 02 57  2.107     2013 04 20 02 59 51.444     169.3
 2013 04 20 11 11 34.283     2013 04 20 11 14 14.254     160.0
147
 2013 04 20 03 28 49.124     2013 04 20 03 31 49.926     180.8
148
 2013 04 20 02 40  5.233     2013 04 20 02 42 57.252     172.0
149
 2013 04 20 06 41 48.188     2013 04 20 06 44 42.098     173.9
 2013 04 20 18 27 57.445     2013 04 20 18 30 42.086     164.6
150
 2013 04 20 00 10 28.768     2013 04 20 00 13 18.305     169.5
 2013 04 20 15 31 36.356     2013 04 20 15 34 31.137     174.8
151
 2013 04 20 13 14 17.726     2013 04 20 13 16 54.092     156.4
 2013 04 20 19 48   .531     2013 04 20 19 50 36.787     156.3
152
 2013 04 20 01 27  1.399     2013 04 20 01 30 27.073     205.7
 2013 04 20 06 22 32.732     2013 04 20 06 23 57.984      85.3
153
 2013 04 20 17 04 26.373     2013 04 20 17 07 26.878     180.5
154
 2013 04 20 04 52 22.001     2013 04 20 04 55 35.621     193.6
155
156
 2013 04 20 14 41 59.377     2013 04 20 14 44 59.005     179.6
157
 2013 04 20 04 10 51.329     2013 04 20 04 14 22.863     211.5
 2013 04 20 17 50 11.043     2013 04 20 17 52 55.933     164.9
158
159
 2013 04 20 05 37  1.184     2013 04 20 05 40  8.182     187.0
 2013 04 20 22 39 46.296     2013 04 20 22 42 50.094     183.8
160
 2013 04 20 06 05 59.861     2013 04 20 06 08 35.536     155.7
 2013 04 20 14 20 56.094     2013 04 20 14 23 35.817     159.7
161
 2013 04 20 23 10 11.560     2013 04 20 23 12 44.720     153.2
162
 2013 04 20 17 36 32.067     2013 04 20 17 37 40.645      68.6
163
 2013 04 20 21 47 38.635     2013 04 20 21 50 24.654     166.0
164
 2013 04 20 04 57 26.210     2013 04 20 05 00  8.924     162.7
165
 2013 04 20 11 30 27.474     2013 04 20 11 31 17.690      50.2
166
 2013 04 20 01 13 31.398     2013 04 20 01 17 17.306     225.9
167
 2013 04 20 04 08 43.959     2013 04 20 04 11 47.881     183.9
168
 2013 04 20 01 40 15.803     2013 04 20 01 42 53.536     157.7
 2013 04 20 20 21 39.227     2013 04 20 20 24 57.682     198.5
169
 2013 04 20 02 38 15.420     2013 04 20 02 41 56.339     220.9
 2013 04 20 16 14 33.457     2013 04 20 16 18 13.842     220.4
170
 2013 04 20 05 59 11.212     2013 04 20 06 02 46.868     215.7
 2013 04 20 16 02  8.093     2013 04 20 16 04 42.420     154.3
171
 2013 04 20 03 35 38.242     2013 04 20 03 38 15.750     157.5
172
 2013 04 20 10 01 12.398     2013 04 20 10 03 44.805     152.4
 2013 04 20 18 17 16.718     2013 04 20 18 20  7.376     170.7
173
 2013 04 20 02 44 11.283     2013 04 20 02 47 37.019     205.7
 2013 04 20 14 34  3.249     2013 04 20 14 36 40.109     156.9
174
 2013 04 20 02 51 56.741     2013 04 20 02 55 34.353     217.6
 2013 04 20 12 50 16.603     2013 04 20 12 52 52.342     155.7
175
 2013 04 20 11 32 51.676     2013 04 20 11 33  5.860      14.2
176
 2013 04 20 20 59 41.300     2013 04 20 21 02 38.703     177.4
177
 2013 04 20 12 15  2.878     2013 04 20 12 17 36.268     153.4
178
 2013 04 20 11 22 17.105     2013 04 20 11 24 49.256     152.2
179
 2013 04 20 07 29 43.127     2013 04 20 07 33 22.885     219.8
 2013 04 20 19 13 50.875     2013 04 20 19 17 15.465     204.6
180
 2013 04 20 11 35 58.350     2013 04 20 11 39 34.852     216.5
 2013 04 20 19 52 46.431     2013 04 20 19 55 32.657     166.2
181
 2013 04 20 01 57 19.040     2013 04 20 01 59 55.245     156.2
 2013 04 20 13 46 13.250     2013 04 20 13 48 46.348     153.1
182
 2013 04 20 13 11 35.757     2013 04 20 13 15 21.390     225.6
 2013 04 20 21 24  6.643     2013 04 20 21 27 50.762     224.1
183
 2013 04 20 13 05 51.327     2013 04 20 13 09 27.884     216.6
 2013 04 20 23 04 18.729     2013 04 20 23 06 54.568     155.8
184
 2013 04 20 00 15 43.924     2013 04 20 00 19 22.969     219.0
 2013 04 20 13 53 40.785     2013 04 20 13 56 27.283     166.5
185
186
 2013 04 20 00 29 10.266     2013 04 20 00 31 58.836     168.6
 2013 04 20 10 30 48.841     2013 04 20 10 33 26.964     158.1
187
 2013 04 20 01 21 50.568     2013 04 20 01 25 38.915     228.3
 2013 04 20 09 36 27.116     2013 04 20 09 39   .243     153.1
188
 2013 04 20 04 34 17.213     2013 04 20 04 36 53.532     156.3
 2013 04 20 11 08 27.913     2013 04 20 11 11  9.629     161.7
189
 2013 04 20 02 04 20.692     2013 04 20 02 07 20.946     180.3
 2013 04 20 12 05  3.138     2013 04 20 12 07 49.391     166.3
190
 2013 04 20 13 05   .576     2013 04 20 13 05 15.869      15.3
191
 2013 04 20 04 16 45.401     2013 04 20 04 19 53.344     187.9
192
 2013 04 20 23 03 28.042     2013 04 20 23 06  3.240     155.2
193
194
 2013 04 20 07 45 57.047     2013 04 20 07 49  7.618     190.6
 2013 04 20 12 41 14.720     2013 04 20 12 43 55.665     160.9
195
196
 2013 04 20 13 56 28.256     2013 04 20 13 59 45.032     196.8
 2013 04 20 22 14 16.413     2013 04 20 22 17 30.751     194.3
197
 2013 04 20 16 20 51.561     2013 04 20 16 24  1.934     190.4
198
 2013 04 20 03 20 31.080     2013 04 20 03 23 15.211     164.1
 2013 04 20 18 41 22.397     2013 04 20 18 44 16.152     173.8
199
 2013 04 20 12 18 16.437     2013 04 20 12 21 18.890     182.5
 2013 04 20 22 17 47.882     2013 04 20 22 20 21.498     153.6
