s2
0
 2013 04 20 06 43 29.453     2013 04 20 06 46 26.415     177.0
1
 2013 04 20 10 42 14.344     2013 04 20 10 46  1.114     226.8
 2013 04 20 18 56 16.400     2013 04 20 18 59 21.959     185.6
2
 2013 04 20 04 55 18.801     2013 04 20 04 56 30.691      71.9
 2013 04 20 18 27 34.113     2013 04 20 18 30 18.339     164.2
3
 2013 04 20 09 11 38.448     2013 04 20 09 15 24.094     225.6
 2013 04 20 15 46  2.329     2013 04 20 15 49 51.870     229.5
4
 2013 04 20 13 01  6.835     2013 04 20 13 04 20.542     193.7
5
 2013 04 20 01 36 49.164     2013 04 20 01 39 33.923     164.8
 2013 04 20 16 59 24.539     2013 04 20 17 02 43.270     198.7
6
 2013 04 20 08 48 17.452     2013 04 20 08 51 16.554     179.1
 2013 04 20 22 25  9.453     2013 04 20 22 27 48.541     159.1
7
 2013 04 20 02 02 55.483     2013 04 20 02 06 13.019     197.5
8
 2013 04 20 00 51 59.773     2013 04 20 00 55 13.560     193.8
9
 2013 04 20 19 52 45.735     2013 04 20 19 56  7.365     201.6
10
 2013 04 20 21 27 35.344     2013 04 20 21 30 43.894     188.5
11
 2013 04 20 04 25 23.975     2013 04 20 04 28 14.110     170.1
 2013 04 20 11 04 12.619     2013 04 20 11 04 16.850       4.2
12
13
 2013 04 20 01 11 30.672     2013 04 20 01 15  2.926     212.3
14
 2013 04 20 22 27 52.801     2013 04 20 22 31 16.985     204.2
15
 2013 04 20 03 38 26.983     2013 04 20 03 38 35.772       8.8
 2013 04 20 05 16 26.603     2013 04 20 05 20 18.813     232.2
 2013 04 20 10 12 43.170     2013 04 20 10 15 32.480     169.3
16
17
 2013 04 20 04 41 17.965     2013 04 20 04 43 56.331     158.4
 2013 04 20 23 24 29.357     2013 04 20 23 27 24.695     175.3
18
 2013 04 20 07 36 42.578     2013 04 20 07 39 21.425     158.8
 2013 04 20 14 10 27.040     2013 04 20 14 13 19.081     172.0
19
 2013 04 20 00 01 54.041     2013 04 20 00 05 18.876     204.8
 2013 04 20 15 26 23.164     2013 04 20 15 29 23.859     180.7
 2013 04 20 23 40 26.247     2013 04 20 23 43 42.980     196.7
20
 2013 04 20 00 25  6.338     2013 04 20 00 28 45.778     219.4
21
22
 2013 04 20 06 40 15.524     2013 04 20 06 43 48.741     213.2
 2013 04 20 16 39 57.561     2013 04 20 16 42 31.544     154.0
23
24
25
26
 2013 04 20 02 34 26.005     2013 04 20 02 34 44.541      18.5
 2013 04 20 16 05 37.775     2013 04 20 16 08 20.150     162.4
27
 2013 04 20 10 36 19.092     2013 04 20 10 39 21.484     182.4
 2013 04 20 20 36 53.701     2013 04 20 20 39 40.047     166.3
28
 2013 04 20 11 54 21.602     2013 04 20 11 57 37.122     195.5
29
30
 2013 04 20 04 26  9.388     2013 04 20 04 27 27.996      78.6
 2013 04 20 06 04  8.546     2013 04 20 06 07 55.057     226.5
 2013 04 20 11 00 12.289     2013 04 20 11 02 50.812     158.5
31
 2013 04 20 09 09 52.625     2013 04 20 09 13  4.772     192.1
 2013 04 20 15 45 46.566     2013 04 20 15 48 50.708     184.1
32
 2013 04 20 03 58 18.478     2013 04 20 04 01  3.812     165.3
 2013 04 20 19 21  2.173     2013 04 20 19 21 57.661      55.5
33
 2013 04 20 09 53 14.854     2013 04 20 09 56  8.741     173.9
 2013 04 20 18 09 42.193     2013 04 20 18 13 26.391     224.2
34
 2013 04 20 10 29 33.019     2013 04 20 10 33  5.266     212.2
 2013 04 20 22 19 50.563     2013 04 20 22 22 45.982     175.4
35
 2013 04 20 01 41 31.291     2013 04 20 01 44 26.906     175.6
 2013 04 20 15 22 19.164     2013 04 20 15 23 26.273      67.1
36
 2013 04 20 09 00 23.252     2013 04 20 09 00 35.661      12.4
 2013 04 20 20 41 52.442     2013 04 20 20 44 56.845     184.4
37
 2013 04 20 09 52 31.315     2013 04 20 09 56 19.239     227.9
 2013 04 20 18 11 41.346     2013 04 20 18 15 17.552     216.2
38
 2013 04 20 07 58 17.549     2013 04 20 08 01 57.303     219.8
39
 2013 04 20 06 42 17.591     2013 04 20 06 42 32.032      14.4
40
 2013 04 20 14 39 19.760     2013 04 20 14 42  9.382     169.6
 2013 04 20 22 53 13.240     2013 04 20 22 56 40.355     207.1
41
 2013 04 20 11 28 19.581     2013 04 20 11 31 29.843     190.3
 2013 04 20 19 46  7.217     2013 04 20 19 48 47.896     160.7
42
 2013 04 20 08 47 37.772     2013 04 20 08 50 58.854     201.1
 2013 04 20 22 24 50.038     2013 04 20 22 27 58.798     188.8
43
 2013 04 20 11 23 57.363     2013 04 20 11 27 25.667     208.3
 2013 04 20 21 23 44.389     2013 04 20 21 26 18.585     154.2
44
 2013 04 20 15 22  5.086     2013 04 20 15 25 11.259     186.2
45
 2013 04 20 07 09 55.064     2013 04 20 07 10 52.000      56.9
 2013 04 20 22 32 30.703     2013 04 20 22 33 10.446      39.7
46
 2013 04 20 08 17  6.761     2013 04 20 08 19 58.260     171.5
47
 2013 04 20 09 45  4.560     2013 04 20 09 48 35.598     211.0
48
 2013 04 20 05 58 17.262     2013 04 20 06 00 53.183     155.9
 2013 04 20 14 14 11.380     2013 04 20 14 16 49.469     158.1
49
 2013 04 20 04 25 43.471     2013 04 20 04 28 26.949     163.5
 2013 04 20 11 00 25.239     2013 04 20 11 04 14.915     229.7
50
 2013 04 20 04 27 26.027     2013 04 20 04 31   .469     214.4
 2013 04 20 11 02 31.603     2013 04 20 11 05 33.122     181.5
51
 2013 04 20 12 53 48.032     2013 04 20 12 54 10.126      22.1
52
53
54
 2013 04 20 13 53 17.373     2013 04 20 13 56  9.996     172.6
 2013 04 20 20 28 50.985     2013 04 20 20 32 30.313     219.3
55
56
 2013 04 20 03 04  5.044     2013 04 20 03 05  3.916      58.9
 2013 04 20 04 42 25.600     2013 04 20 04 45 42.883     197.3
 2013 04 20 21 47 53.473     2013 04 20 21 50 54.682     181.2
 2013 04 20 23 25 22.225     2013 04 20 23 25 36.398      14.2
57
 2013 04 20 03 41 37.621     2013 04 20 03 44 26.641     169.0
 2013 04 20 08 36 54.646     2013 04 20 08 40  6.654     192.0
58
 2013 04 20 04 00 14.040     2013 04 20 04 02 49.005     155.0
 2013 04 20 19 21 32.527     2013 04 20 19 24 23.759     171.2
59
 2013 04 20 00 05 55.283     2013 04 20 00 06  7.750      12.5
 2013 04 20 23 47 54.190     2013 04 20 23 48 22.953      28.8
60
 2013 04 20 05 41 48.119     2013 04 20 05 44 34.049     165.9
61
 2013 04 20 11 27 58.940     2013 04 20 11 31 40.243     221.3
 2013 04 20 19 46 29.349     2013 04 20 19 49 10.528     161.2
62
 2013 04 20 05 12 58.076     2013 04 20 05 16 38.947     220.9
 2013 04 20 11 49 27.858     2013 04 20 11 52 54.392     206.5
63
 2013 04 20 07 34 10.700     2013 04 20 07 37 37.917     207.2
64
 2013 04 20 03 35 56.528     2013 04 20 03 38 54.869     178.3
 2013 04 20 11 51 42.845     2013 04 20 11 54 21.479     158.6
65
 2013 04 20 02 50 36.582     2013 04 20 02 53 13.528     156.9
66
 2013 04 20 03 42 17.082     2013 04 20 03 45 13.785     176.7
 2013 04 20 08 37 37.509     2013 04 20 08 40 16.998     159.5
67
 2013 04 20 00 45 27.376     2013 04 20 00 48  7.441     160.1
 2013 04 20 17 54  2.912     2013 04 20 17 54 20.025      17.1
 2013 04 20 19 28 26.116     2013 04 20 19 31 48.423     202.3
68
 2013 04 20 13 46 50.266     2013 04 20 13 47  1.300      11.0
69
70
71
72
 2013 04 20 12 19 57.086     2013 04 20 12 22 42.610     165.5
 2013 04 20 18 53 59.763     2013 04 20 18 56 38.470     158.7
73
 2013 04 20 13 34  6.420     2013 04 20 13 36 47.526     161.1
74
 2013 04 20 19 00 24.449     2013 04 20 19 03 30.804     186.4
75
 2013 04 20 19 55 13.012     2013 04 20 19 57 58.403     165.4
76
 2013 04 20 19 59 24.421     2013 04 20 20 03  7.740     223.3
77
 2013 04 20 05 59 47.605     2013 04 20 06 03  4.381     196.8
 2013 04 20 12 34 17.747     2013 04 20 12 34 18.962       1.2
78
79
 2013 04 20 12 16  9.848     2013 04 20 12 19 31.040     201.2
 2013 04 20 20 33 24.576     2013 04 20 20 36  6.394     161.8
80
 2013 04 20 03 10 53.807     2013 04 20 03 13 48.527     174.7
 2013 04 20 18 36 33.307     2013 04 20 18 37 30.071      56.8
81
 2013 04 20 07 30 47.417     2013 04 20 07 33 23.989     156.6
82
 2013 04 20 19 51 20.842     2013 04 20 19 51 47.133      26.3
83
 2013 04 20 18 24 59.317     2013 04 20 18 28 17.647     198.3
84
85
 2013 04 20 02 04 43.950     2013 04 20 02 07 40.115     176.2
 2013 04 20 08 40 10.884     2013 04 20 08 42 56.298     165.4
86
87
 2013 04 20 09 57   .767     2013 04 20 09 57  5.678       4.9
 2013 04 20 16 33 53.622     2013 04 20 16 36 40.349     166.7
88
 2013 04 20 13 54  8.872     2013 04 20 13 56 49.325     160.5
 2013 04 20 20 28 37.412     2013 04 20 20 31 19.633     162.2
89
 2013 04 20 18 17 34.877     2013 04 20 18 17 47.187      12.3
90
 2013 04 20 05 02 40.631     2013 04 20 05 05 48.355     187.7
91
 2013 04 20 16 03 13.287     2013 04 20 16 06  3.732     170.4
92
 2013 04 20 00 46 32.876     2013 04 20 00 49 11.318     158.4
 2013 04 20 17 50 34.237     2013 04 20 17 53 16.116     161.9
93
 2013 04 20 09 41  9.421     2013 04 20 09 44 37.923     208.5
 2013 04 20 21 33 36.846     2013 04 20 21 34 29.386      52.5
94
 2013 04 20 00 50 12.867     2013 04 20 00 53 55.336     222.5
 2013 04 20 16 13 47.411     2013 04 20 16 16 35.463     168.1
95
96
 2013 04 20 01 05 57.732     2013 04 20 01 06  6.582       8.9
97
 2013 04 20 11 50 33.568     2013 04 20 11 53 10.137     156.6
98
 2013 04 20 16 15 20.186     2013 04 20 16 15 24.700       4.5
 2013 04 20 17 53 24.774     2013 04 20 17 57  4.871     220.1
 2013 04 20 22 49 24.498     2013 04 20 22 52  1.957     157.5
99
 2013 04 20 02 50 19.807     2013 04 20 02 51  3.882      44.1
 2013 04 20 11 06 39.483     2013 04 20 11 07 15.635      36.2
100
 2013 04 20 03 09 17.184     2013 04 20 03 12 55.740     218.6
 2013 04 20 20 13 37.989     2013 04 20 20 16 53.931     195.9
101
 2013 04 20 02 27 45.275     2013 04 20 02 30 48.714     183.4
102
 2013 04 20 08 50 26.736     2013 04 20 08 53 54.310     207.6
103
 2013 04 20 00 03 27.059     2013 04 20 00 06 20.992     173.9
 2013 04 20 15 24 44.461     2013 04 20 15 27 23.557     159.1
 2013 04 20 23 41 51.068     2013 04 20 23 44 51.889     180.8
104
 2013 04 20 01 13 30.860     2013 04 20 01 16 29.095     178.2
 2013 04 20 09 29 43.471     2013 04 20 09 32 51.904     188.4
105
 2013 04 20 01 18 51.456     2013 04 20 01 21 31.986     160.5
 2013 04 20 07 52 25.332     2013 04 20 07 55 43.399     198.1
106
 2013 04 20 04 06 44.326     2013 04 20 04 09 32.021     167.7
107
 2013 04 20 03 35   .162     2013 04 20 03 38 36.331     216.2
 2013 04 20 11 51   .892     2013 04 20 11 54 19.840     198.9
108
 2013 04 20 01 28 56.617     2013 04 20 01 29 29.526      32.9
 2013 04 20 03 07 29.323     2013 04 20 03 10 30.527     181.2
 2013 04 20 20 12 43.454     2013 04 20 20 16 22.533     219.1
 2013 04 20 21 50 40.595     2013 04 20 21 54 15.883     215.3
109
 2013 04 20 03 33 37.830     2013 04 20 03 36 59.711     201.9
110
 2013 04 20 13 02  2.735     2013 04 20 13 05 21.462     198.7
 2013 04 20 21 20 32.194     2013 04 20 21 24  1.632     209.4
111
112
 2013 04 20 13 52  2.996     2013 04 20 13 54 39.230     156.2
 2013 04 20 22 06 25.057     2013 04 20 22 09 53.971     208.9
113
 2013 04 20 11 22 36.803     2013 04 20 11 22 48.445      11.6
 2013 04 20 21 26 36.759     2013 04 20 21 29 10.091     153.3
114
 2013 04 20 02 27 55.157     2013 04 20 02 28 50.379      55.2
 2013 04 20 17 45 49.555     2013 04 20 17 48 26.937     157.4
115
 2013 04 20 11 23  7.737     2013 04 20 11 23 53.988      46.3
116
 2013 04 20 00 20 52.602     2013 04 20 00 23 42.014     169.4
 2013 04 20 10 23 40.504     2013 04 20 10 26 37.895     177.4
117
 2013 04 20 05 13 53.440     2013 04 20 05 17 35.150     221.7
 2013 04 20 11 50   .411     2013 04 20 11 52 36.376     156.0
118
 2013 04 20 19 12 45.692     2013 04 20 19 15 45.942     180.2
119
 2013 04 20 05 36 34.376     2013 04 20 05 37  9.260      34.9
120
 2013 04 20 03 12 26.555     2013 04 20 03 16 16.182     229.6
 2013 04 20 18 35 22.278     2013 04 20 18 38 38.502     196.2
121
 2013 04 20 17 48  1.268     2013 04 20 17 48  4.919       3.7
122
 2013 04 20 11 20 30.524     2013 04 20 11 21 45.468      74.9
 2013 04 20 23 04 20.615     2013 04 20 23 07  1.723     161.1
123
124
 2013 04 20 04 17 14.429     2013 04 20 04 20  1.963     167.5
 2013 04 20 14 18 47.480     2013 04 20 14 22 25.402     217.9
125
 2013 04 20 03 32 56.257     2013 04 20 03 36 26.193     209.9
126
 2013 04 20 21 30 47.686     2013 04 20 21 31 38.373      50.7
127
 2013 04 20 01 11 15.178     2013 04 20 01 13 51.738     156.6
128
 2013 04 20 06 03  8.313     2013 04 20 06 05 49.618     161.3
 2013 04 20 10 58 11.854     2013 04 20 11 01 47.311     215.5
 2013 04 20 12 35 46.950     2013 04 20 12 35 59.767      12.8
129
 2013 04 20 11 28  4.440     2013 04 20 11 31 33.703     209.3
 2013 04 20 19 44  1.698     2013 04 20 19 47  7.031     185.3
130
 2013 04 20 20 06  8.833     2013 04 20 20 06 27.861      19.0
131
 2013 04 20 07 59 11.204     2013 04 20 08 01 31.808     140.6
 2013 04 20 21 40  9.602     2013 04 20 21 43  9.951     180.3
132
133
 2013 04 20 05 11 59.438     2013 04 20 05 12 17.735      18.3
134
 2013 04 20 09 27 45.468     2013 04 20 09 28  7.528      22.1
135
136
 2013 04 20 07 34 51.412     2013 04 20 07 37 28.598     157.2
 2013 04 20 14 09 43.817     2013 04 20 14 10 12.108      28.3
137
 2013 04 20 03 07 52.925     2013 04 20 03 10 36.373     163.4
 2013 04 20 20 12 36.810     2013 04 20 20 15 51.285     194.5
 2013 04 20 21 50  9.542     2013 04 20 21 50 14.181       4.6
138
 2013 04 20 00 59 20.924     2013 04 20 01 01 54.004     153.1
139
140
 2013 04 20 09 42 45.067     2013 04 20 09 43 28.399      43.3
 2013 04 20 21 31 57.951     2013 04 20 21 32 59.382      61.4
141
 2013 04 20 15 15 50.340     2013 04 20 15 18 36.320     166.0
142
 2013 04 20 03 54 43.190     2013 04 20 03 57 22.280     159.1
 2013 04 20 20 59 25.126     2013 04 20 20 59 53.582      28.5
 2013 04 20 22 37 30.537     2013 04 20 22 41  3.294     212.8
143
144
 2013 04 20 06 29 30.053     2013 04 20 06 33 13.643     223.6
145
 2013 04 20 01 41 57.902     2013 04 20 01 45 35.384     217.5
 2013 04 20 15 19  2.826     2013 04 20 15 22 14.925     192.1
146
 2013 04 20 02 48 54.355     2013 04 20 02 52  5.171     190.8
 2013 04 20 11 04 12.833     2013 04 20 11 06 49.731     156.9
147
 2013 04 20 03 20 31.871     2013 04 20 03 24 16.208     224.3
148
 2013 04 20 02 31 49.227     2013 04 20 02 35 15.164     205.9
 2013 04 20 16 05  6.289     2013 04 20 16 06 40.738      94.4
149
 2013 04 20 06 33 46.663     2013 04 20 06 37 20.807     214.1
 2013 04 20 18 21  9.523     2013 04 20 18 23 42.324     152.8
150
 2013 04 20 00 02  6.006     2013 04 20 00 05 21.881     195.9
 2013 04 20 15 24 19.664     2013 04 20 15 27 37.070     197.4
 2013 04 20 23 40 29.132     2013 04 20 23 43 53.444     204.3
151
 2013 04 20 13 07  1.209     2013 04 20 13 09 47.009     165.8
 2013 04 20 19 41 14.905     2013 04 20 19 43 51.039     156.1
152
 2013 04 20 01 19  3.791     2013 04 20 01 22 14.542     190.8
 2013 04 20 06 18 32.578     2013 04 20 06 18 48.393      15.8
 2013 04 20 07 52 45.802     2013 04 20 07 56 38.420     232.6
153
 2013 04 20 16 57 14.052     2013 04 20 17 00 40.956     206.9
154
 2013 04 20 04 44 17.012     2013 04 20 04 47 59.262     222.2
155
156
 2013 04 20 14 35   .118     2013 04 20 14 37 42.769     162.7
157
 2013 04 20 04 03 16.733     2013 04 20 04 06 15.641     178.9
 2013 04 20 17 43  4.125     2013 04 20 17 46 14.930     190.8
158
159
 2013 04 20 05 29  7.139     2013 04 20 05 32 31.662     204.5
 2013 04 20 22 33  4.014     2013 04 20 22 36 27.243     203.2
160
 2013 04 20 05 58 10.502     2013 04 20 06 00 55.703     165.2
 2013 04 20 14 13 47.504     2013 04 20 14 16 24.323     156.8
161
 2013 04 20 23 03 32.682     2013 04 20 23 06 14.847     162.2
162
 2013 04 20 17 29 51.961     2013 04 20 17 33  8.513     196.6
163
 2013 04 20 21 41  2.926     2013 04 20 21 43 38.821     155.9
164
 2013 04 20 04 49 40.960     2013 04 20 04 52 16.682     155.7
165
166
167
 2013 04 20 04 01  3.838     2013 04 20 04 03 46.685     162.8
 2013 04 20 19 21 10.377     2013 04 20 19 21 17.437       7.1
168
 2013 04 20 01 32  7.706     2013 04 20 01 34 55.993     168.3
 2013 04 20 20 14 57.084     2013 04 20 20 18  5.892     188.8
169
 2013 04 20 02 30 36.333     2013 04 20 02 33 39.808     183.5
 2013 04 20 16 07 46.412     2013 04 20 16 10 56.980     190.6
170
 2013 04 20 05 51 42.330     2013 04 20 05 54 42.903     180.6
 2013 04 20 15 54 53.167     2013 04 20 15 57 50.007     176.8
171
 2013 04 20 03 27 46.052     2013 04 20 03 30 20.093     154.0
172
 2013 04 20 09 53 42.665     2013 04 20 09 56 22.675     160.0
 2013 04 20 18 10 13.662     2013 04 20 18 13 23.549     189.9
173
 2013 04 20 02 36 30.162     2013 04 20 02 39 20.263     170.1
 2013 04 20 14 26 55.676     2013 04 20 14 29 29.652     154.0
174
 2013 04 20 12 43   .082     2013 04 20 12 45 35.869     155.8
175
 2013 04 20 11 25 46.715     2013 04 20 11 29 18.496     211.8
176
 2013 04 20 20 53  7.155     2013 04 20 20 55 49.267     162.1
177
 2013 04 20 12 07 37.262     2013 04 20 12 10 22.259     165.0
178
 2013 04 20 11 14 43.067     2013 04 20 11 17 38.174     175.1
179
 2013 04 20 19 07 14.974     2013 04 20 19 10 11.638     176.7
180
 2013 04 20 11 28 49.664     2013 04 20 11 32  2.201     192.5
 2013 04 20 19 46  5.608     2013 04 20 19 48 41.469     155.9
181
 2013 04 20 01 49 18.732     2013 04 20 01 51 53.355     154.6
 2013 04 20 13 38 54.237     2013 04 20 13 41 38.509     164.3
182
 2013 04 20 21 17 39.510     2013 04 20 21 21  1.383     201.9
183
 2013 04 20 22 57 45.471     2013 04 20 23 00 20.451     155.0
184
 2013 04 20 00 07 53.080     2013 04 20 00 10 58.582     185.5
 2013 04 20 13 46 33.227     2013 04 20 13 49  8.124     154.9
185
186
 2013 04 20 00 21 10.491     2013 04 20 00 23 45.558     155.1
 2013 04 20 10 23 12.594     2013 04 20 10 26 10.747     178.2
187
 2013 04 20 09 28 53.222     2013 04 20 09 31 34.275     161.1
188
 2013 04 20 04 26 22.826     2013 04 20 04 29  6.692     163.9
 2013 04 20 11 00 56.613     2013 04 20 11 03 52.784     176.2
189
 2013 04 20 01 56 30.764     2013 04 20 01 59 10.817     160.1
 2013 04 20 11 57 50.187     2013 04 20 12 00 23.925     153.7
190
191
 2013 04 20 04 08 32.226     2013 04 20 04 08 38.391       6.2
192
 2013 04 20 22 56 49.254     2013 04 20 22 59 34.347     165.1
193
194
 2013 04 20 07 38 23.302     2013 04 20 07 41 23.933     180.6
 2013 04 20 12 33 51.589     2013 04 20 12 36 43.548     172.0
195
196
 2013 04 20 13 49 25.996     2013 04 20 13 52 20.122     174.1
 2013 04 20 22 07 22.338     2013 04 20 22 11  6.899     224.6
197
 2013 04 20 00 50  4.334     2013 04 20 00 50 19.261      14.9
 2013 04 20 16 13 58.887     2013 04 20 16 16 53.394     174.5
198
 2013 04 20 03 12 39.373     2013 04 20 03 15 16.458     157.1
 2013 04 20 18 34 35.101     2013 04 20 18 37 16.197     161.1
199
 2013 04 20 12 10 41.313     2013 04 20 12 14 15.923     214.6
 2013 04 20 22 11  1.046     2013 04 20 22 13 52.485     171.4
