s3
0
 2013 04 20 06 36 43.132     2013 04 20 06 40  7.280     204.1
1
 2013 04 20 10 39 54.068     2013 04 20 10 40  8.956      14.9
 2013 04 20 18 51  7.724     2013 04 20 18 54  1.542     173.8
2
 2013 04 20 18 22 22.655     2013 04 20 18 24 58.355     155.7
3
 2013 04 20 09 05 29.244     2013 04 20 09 08 59.663     210.4
 2013 04 20 15 40 37.136     2013 04 20 15 44  8.743     211.6
4
 2013 04 20 12 55   .040     2013 04 20 12 58 42.649     222.6
5
 2013 04 20 01 29 33.727     2013 04 20 01 32 35.048     181.3
 2013 04 20 16 53 49.900     2013 04 20 16 57 29.392     219.5
6
 2013 04 20 08 41 44.359     2013 04 20 08 45 13.894     209.5
 2013 04 20 22 20  7.846     2013 04 20 22 23  3.795     175.9
7
 2013 04 20 01 55 59.016     2013 04 20 01 59  2.135     183.1
 2013 04 20 10 11 37.150     2013 04 20 10 12 30.259      53.1
8
 2013 04 20 00 45  2.151     2013 04 20 00 47 56.509     174.4
9
 2013 04 20 19 47 23.671     2013 04 20 19 47 43.660      20.0
10
 2013 04 20 21 22 25.116     2013 04 20 21 26  1.388     216.3
11
 2013 04 20 04 18 31.402     2013 04 20 04 21 36.411     185.0
12
 2013 04 20 22 56 31.196     2013 04 20 22 57  4.595      33.4
13
 2013 04 20 01 07 44.395     2013 04 20 01 08 14.334      29.9
14
 2013 04 20 08 39 33.641     2013 04 20 08 40 48.923      75.3
 2013 04 20 22 22 47.671     2013 04 20 22 26 38.417     230.7
15
 2013 04 20 05 09 48.442     2013 04 20 05 13 31.746     223.3
 2013 04 20 10 06 27.463     2013 04 20 10 09 30.922     183.5
16
 2013 04 20 05 39 59.153     2013 04 20 05 43 45.222     226.1
 2013 04 20 17 30 18.889     2013 04 20 17 34 10.730     231.8
17
 2013 04 20 04 34 30.020     2013 04 20 04 37 12.081     162.1
 2013 04 20 23 19 47.212     2013 04 20 23 22 37.139     169.9
18
 2013 04 20 07 30 14.811     2013 04 20 07 32 58.862     164.1
 2013 04 20 14 04 45.800     2013 04 20 14 07 30.600     164.8
19
 2013 04 20 15 20 40.742     2013 04 20 15 23 57.511     196.8
 2013 04 20 23 35 48.664     2013 04 20 23 38 52.207     183.5
20
 2013 04 20 00 21 30.203     2013 04 20 00 21 51.955      21.8
21
22
 2013 04 20 06 36 59.083     2013 04 20 06 37 34.402      35.3
 2013 04 20 16 34 25.369     2013 04 20 16 37 10.104     164.7
23
 2013 04 20 07 08 33.961     2013 04 20 07 09  8.860      34.9
24
 2013 04 20 12 49  3.832     2013 04 20 12 49 42.519      38.7
25
26
 2013 04 20 16 00  5.372     2013 04 20 16 02 43.966     158.6
27
 2013 04 20 10 29 59.654     2013 04 20 10 33 29.665     210.0
 2013 04 20 20 31 38.941     2013 04 20 20 34 43.652     184.7
28
 2013 04 20 11 48  8.697     2013 04 20 11 51 53.815     225.1
29
30
 2013 04 20 04 23 25.983     2013 04 20 04 23 29.220       3.2
 2013 04 20 05 57 37.638     2013 04 20 06 01 11.757     214.1
 2013 04 20 10 54  4.449     2013 04 20 10 56 47.207     162.8
31
 2013 04 20 09 03 43.502     2013 04 20 09 06 41.156     177.7
 2013 04 20 15 40  2.695     2013 04 20 15 43 22.239     199.5
32
 2013 04 20 03 51 20.101     2013 04 20 03 54 24.867     184.8
 2013 04 20 19 19 35.722     2013 04 20 19 19 55.469      19.7
33
 2013 04 20 09 46 50.408     2013 04 20 09 50  8.504     198.1
 2013 04 20 18 07 46.940     2013 04 20 18 08 21.468      34.5
34
 2013 04 20 10 23 40.689     2013 04 20 10 26 44.022     183.3
 2013 04 20 22 15  1.921     2013 04 20 22 17 45.677     163.8
35
 2013 04 20 01 34  8.859     2013 04 20 01 37 34.298     205.4
36
 2013 04 20 20 36 55.482     2013 04 20 20 39 44.024     168.5
37
 2013 04 20 09 46 28.262     2013 04 20 09 49 54.003     205.7
 2013 04 20 18 09 18.938     2013 04 20 18 10 13.948      55.0
38
 2013 04 20 07 55 28.082     2013 04 20 07 55 47.073      19.0
39
 2013 04 20 06 35 56.743     2013 04 20 06 39 39.055     222.3
40
 2013 04 20 14 33 29.305     2013 04 20 14 36 37.268     188.0
 2013 04 20 22 48 33.627     2013 04 20 22 51 48.443     194.8
41
 2013 04 20 11 22 22.724     2013 04 20 11 25 20.006     177.3
 2013 04 20 19 40 52.643     2013 04 20 19 43 48.494     175.9
42
 2013 04 20 08 41  2.074     2013 04 20 08 41 16.676      14.6
 2013 04 20 22 19 43.499     2013 04 20 22 23 19.317     215.8
43
 2013 04 20 11 20 31.252     2013 04 20 11 21 39.939      68.7
 2013 04 20 21 18 42.754     2013 04 20 21 21 27.403     164.6
44
 2013 04 20 15 16 37.803     2013 04 20 15 19 26.514     168.7
45
46
 2013 04 20 08 10 30.691     2013 04 20 08 13 48.195     197.5
 2013 04 20 18 08  9.033     2013 04 20 18 08 16.100       7.1
47
 2013 04 20 09 42  7.073     2013 04 20 09 42 40.698      33.6
 2013 04 20 21 23 31.568     2013 04 20 21 23 54.470      22.9
48
 2013 04 20 05 51 39.294     2013 04 20 05 54 19.560     160.3
 2013 04 20 14 08 25.780     2013 04 20 14 11  3.966     158.2
49
 2013 04 20 04 18 52.437     2013 04 20 04 21 47.407     175.0
 2013 04 20 10 57 46.779     2013 04 20 10 58 17.363      30.6
50
 2013 04 20 04 20 47.194     2013 04 20 04 24  5.126     197.9
 2013 04 20 10 56 32.315     2013 04 20 10 59 22.382     170.1
51
 2013 04 20 12 48  8.600     2013 04 20 12 51 44.383     215.8
52
53
54
 2013 04 20 13 47 36.349     2013 04 20 13 50 19.701     163.4
 2013 04 20 20 23 36.118     2013 04 20 20 24 31.598      55.5
55
56
 2013 04 20 03 00 52.188     2013 04 20 03 01 11.363      19.2
 2013 04 20 04 35 47.616     2013 04 20 04 38 51.040     183.4
 2013 04 20 21 42 54.938     2013 04 20 21 46  5.748     190.8
 2013 04 20 23 20 40.272     2013 04 20 23 21 26.735      46.5
57
 2013 04 20 03 34 46.504     2013 04 20 03 37 34.123     167.6
 2013 04 20 08 30 27.162     2013 04 20 08 33 55.362     208.2
58
 2013 04 20 03 53 20.003     2013 04 20 03 56  6.835     166.8
 2013 04 20 19 16 22.717     2013 04 20 19 19  8.851     166.1
59
60
 2013 04 20 05 35 15.590     2013 04 20 05 37 52.055     156.5
61
 2013 04 20 11 22  4.858     2013 04 20 11 25 26.872     202.0
 2013 04 20 19 41 14.511     2013 04 20 19 44 11.437     176.9
62
 2013 04 20 05 06 22.485     2013 04 20 05 09 47.697     205.2
 2013 04 20 11 43 17.192     2013 04 20 11 47  7.378     230.2
63
 2013 04 20 07 27 53.430     2013 04 20 07 31  1.660     188.2
64
 2013 04 20 03 28 51.065     2013 04 20 03 32 15.749     204.7
 2013 04 20 11 45 38.033     2013 04 20 11 48 30.802     172.8
65
 2013 04 20 02 43 37.672     2013 04 20 02 46 20.888     163.2
 2013 04 20 10 57 58.648     2013 04 20 10 59 42.570     103.9
66
 2013 04 20 03 35 26.586     2013 04 20 03 38 20.671     174.1
 2013 04 20 08 31 13.885     2013 04 20 08 34  3.600     169.7
67
 2013 04 20 00 38 18.373     2013 04 20 00 40 59.893     161.5
 2013 04 20 19 23 16.724     2013 04 20 19 26 36.227     199.5
68
69
70
71
72
 2013 04 20 12 13 58.020     2013 04 20 12 16 52.408     174.4
 2013 04 20 18 48 44.984     2013 04 20 18 51 23.403     158.4
73
 2013 04 20 03 22 22.803     2013 04 20 03 26 13.848     231.0
 2013 04 20 13 28  8.625     2013 04 20 13 31 11.312     182.7
74
 2013 04 20 18 55 16.983     2013 04 20 18 58  8.483     171.5
75
 2013 04 20 19 49 55.948     2013 04 20 19 53  3.219     187.3
76
 2013 04 20 07 58 27.034     2013 04 20 08 02 17.679     230.6
 2013 04 20 19 58 15.806     2013 04 20 19 58 18.632       2.8
77
 2013 04 20 05 53  2.894     2013 04 20 05 56 39.946     217.1
78
79
 2013 04 20 12 10 23.002     2013 04 20 12 13 25.224     182.2
 2013 04 20 20 28 21.408     2013 04 20 20 30 59.584     158.2
80
 2013 04 20 03 03 46.721     2013 04 20 03 07  1.155     194.4
81
 2013 04 20 07 24 16.445     2013 04 20 07 27  3.446     167.0
82
 2013 04 20 19 46 28.425     2013 04 20 19 50  5.663     217.2
83
 2013 04 20 18 19 54.437     2013 04 20 18 22 50.494     176.1
84
85
 2013 04 20 01 57 44.305     2013 04 20 02 00 34.157     169.9
 2013 04 20 08 33 44.492     2013 04 20 08 36 45.812     181.3
86
 2013 04 20 22 10  6.065     2013 04 20 22 10 23.597      17.5
87
 2013 04 20 09 50 55.573     2013 04 20 09 54 52.764     237.2
 2013 04 20 16 28 18.048     2013 04 20 16 31 20.495     182.4
88
 2013 04 20 13 48 20.800     2013 04 20 13 51  7.944     167.1
 2013 04 20 20 23 28.692     2013 04 20 20 26 17.844     169.2
89
90
 2013 04 20 04 55 36.775     2013 04 20 04 59 22.182     225.4
91
 2013 04 20 04 02 17.631     2013 04 20 04 03  3.217      45.6
 2013 04 20 15 57 25.279     2013 04 20 16 00 42.542     197.3
92
 2013 04 20 00 39 17.871     2013 04 20 00 42  8.557     170.7
 2013 04 20 17 45  7.361     2013 04 20 17 48  1.837     174.5
93
 2013 04 20 09 38  3.184     2013 04 20 09 38 41.930      38.7
94
 2013 04 20 00 43 17.661     2013 04 20 00 46 36.617     199.0
 2013 04 20 16 08 16.875     2013 04 20 16 11  1.671     164.8
95
 2013 04 20 05 40 32.693     2013 04 20 05 40 50.468      17.8
96
97
 2013 04 20 05 06 49.725     2013 04 20 05 06 55.750       6.0
 2013 04 20 11 44 30.373     2013 04 20 11 47 17.858     167.5
98
 2013 04 20 16 13 57.150     2013 04 20 16 14  2.032       4.9
 2013 04 20 17 48  5.973     2013 04 20 17 51 41.197     215.2
 2013 04 20 22 44 33.134     2013 04 20 22 47 18.790     165.7
99
100
 2013 04 20 03 02 32.235     2013 04 20 03 05 50.824     198.6
 2013 04 20 20 08 37.717     2013 04 20 20 11 43.338     185.6
101
 2013 04 20 02 20 56.234     2013 04 20 02 23 43.047     166.8
102
 2013 04 20 08 47 17.939     2013 04 20 08 47 55.727      37.8
 2013 04 20 22 18 16.163     2013 04 20 22 20 13.026     116.9
103
 2013 04 20 15 19 10.702     2013 04 20 15 21 46.475     155.8
 2013 04 20 23 36 57.019     2013 04 20 23 40 14.919     197.9
104
 2013 04 20 01 06 13.562     2013 04 20 01 09 35.265     201.7
 2013 04 20 09 23 15.364     2013 04 20 09 26 46.181     210.8
105
 2013 04 20 01 11 46.889     2013 04 20 01 14 24.271     157.4
 2013 04 20 07 46  7.785     2013 04 20 07 49 11.260     183.5
106
 2013 04 20 04 00  2.278     2013 04 20 04 02 39.276     157.0
107
 2013 04 20 03 31 17.228     2013 04 20 03 32  1.302      44.1
 2013 04 20 11 44 49.693     2013 04 20 11 48 33.945     224.3
108
 2013 04 20 01 25 46.853     2013 04 20 01 25 55.903       9.0
 2013 04 20 03 00 39.224     2013 04 20 03 03 30.141     170.9
 2013 04 20 20 07 33.103     2013 04 20 20 11 26.152     233.0
 2013 04 20 21 45 48.794     2013 04 20 21 49 16.614     207.8
109
 2013 04 20 03 26 27.553     2013 04 20 03 27 32.843      65.3
110
 2013 04 20 12 56 16.965     2013 04 20 12 59 20.176     183.2
 2013 04 20 21 15 21.875     2013 04 20 21 16 29.963      68.1
111
112
 2013 04 20 13 46 15.988     2013 04 20 13 48 55.997     160.0
 2013 04 20 22 01 38.858     2013 04 20 22 04 51.725     192.9
113
 2013 04 20 11 16 46.924     2013 04 20 11 20 28.014     221.1
 2013 04 20 21 21 38.159     2013 04 20 21 24 16.505     158.3
114
 2013 04 20 17 40 25.546     2013 04 20 17 43  5.796     160.2
115
116
 2013 04 20 00 13 42.049     2013 04 20 00 16 21.526     159.5
 2013 04 20 10 17 18.038     2013 04 20 10 20 45.157     207.1
117
 2013 04 20 05 07 17.202     2013 04 20 05 10 45.034     207.8
 2013 04 20 11 43 57.981     2013 04 20 11 46 43.347     165.4
118
 2013 04 20 19 07 17.366     2013 04 20 19 10 45.912     208.5
119
120
 2013 04 20 03 05 44.605     2013 04 20 03 09  7.432     202.8
 2013 04 20 18 30 14.233     2013 04 20 18 33 15.211     181.0
121
 2013 04 20 02 18 35.425     2013 04 20 02 19 11.843      36.4
 2013 04 20 17 42 46.797     2013 04 20 17 46 44.146     237.3
122
 2013 04 20 22 59 37.630     2013 04 20 23 02 13.338     155.7
123
 2013 04 20 09 49 28.789     2013 04 20 09 50 26.383      57.6
124
 2013 04 20 04 10 14.950     2013 04 20 04 13 28.644     193.7
 2013 04 20 14 16 28.667     2013 04 20 14 16 55.709      27.0
125
 2013 04 20 03 26 13.006     2013 04 20 03 29 19.647     186.6
126
127
 2013 04 20 01 04  1.790     2013 04 20 01 06 52.337     170.5
 2013 04 20 11 02 30.276     2013 04 20 11 04 26.028     115.8
128
 2013 04 20 05 56 34.205     2013 04 20 05 59 12.151     157.9
 2013 04 20 10 51 58.664     2013 04 20 10 55 46.759     228.1
 2013 04 20 12 30  2.551     2013 04 20 12 33 55.466     232.9
129
 2013 04 20 11 21 48.135     2013 04 20 11 22 44.631      56.5
 2013 04 20 19 38 43.851     2013 04 20 19 42  9.670     205.8
130
 2013 04 20 06 16 47.363     2013 04 20 06 16 48.673       1.3
131
 2013 04 20 07 53   .043     2013 04 20 07 56 20.724     200.7
 2013 04 20 21 35  5.199     2013 04 20 21 38 25.280     200.1
132
133
 2013 04 20 05 05 25.642     2013 04 20 05 09 14.131     228.5
134
 2013 04 20 02 43 41.715     2013 04 20 02 44 34.517      52.8
135
136
 2013 04 20 07 28 23.374     2013 04 20 07 31  5.851     162.5
 2013 04 20 14 08  3.447     2013 04 20 14 08  5.393       1.9
137
 2013 04 20 03 00 59.225     2013 04 20 03 03 38.565     159.3
 2013 04 20 20 07 26.876     2013 04 20 20 10 53.872     207.0
 2013 04 20 21 45 18.222     2013 04 20 21 45 57.515      39.3
138
 2013 04 20 00 52  5.738     2013 04 20 00 54 53.463     167.7
139
140
 2013 04 20 09 36 46.012     2013 04 20 09 40 13.502     207.5
 2013 04 20 21 27 15.826     2013 04 20 21 30 43.075     207.2
141
 2013 04 20 03 15  2.506     2013 04 20 03 16 24.249      81.7
 2013 04 20 15 10  2.748     2013 04 20 15 13 11.899     189.2
142
 2013 04 20 03 47 54.023     2013 04 20 03 50 35.263     161.2
 2013 04 20 20 58  8.325     2013 04 20 20 58 32.074      23.7
 2013 04 20 22 32 41.371     2013 04 20 22 36 11.155     209.8
143
 2013 04 20 08 03 10.227     2013 04 20 08 03 18.615       8.4
144
 2013 04 20 06 23  9.803     2013 04 20 06 26 21.804     192.0
145
 2013 04 20 01 38 39.644     2013 04 20 01 38 47.913       8.3
 2013 04 20 15 13 13.241     2013 04 20 15 16 53.757     220.5
146
 2013 04 20 02 41 47.171     2013 04 20 02 45 22.121     215.0
 2013 04 20 10 58  5.644     2013 04 20 11 00 45.257     159.6
147
148
 2013 04 20 02 28  4.544     2013 04 20 02 28 37.599      33.1
 2013 04 20 15 59 44.736     2013 04 20 16 03  9.380     204.6
149
 2013 04 20 06 30 52.360     2013 04 20 06 31  6.567      14.2
 2013 04 20 18 15 50.352     2013 04 20 18 18 29.256     158.9
150
 2013 04 20 15 18 34.178     2013 04 20 15 22 13.666     219.5
 2013 04 20 23 35 33.884     2013 04 20 23 39 17.192     223.3
151
 2013 04 20 13 01  3.152     2013 04 20 13 04  3.660     180.5
 2013 04 20 19 36  3.771     2013 04 20 19 38 47.607     163.8
152
 2013 04 20 01 12  3.215     2013 04 20 01 15  1.205     178.0
 2013 04 20 07 46 31.320     2013 04 20 07 50  3.938     212.6
153
 2013 04 20 16 51 36.964     2013 04 20 16 52  7.698      30.7
154
 2013 04 20 04 40 48.690     2013 04 20 04 41 24.412      35.7
 2013 04 20 21 40 34.318     2013 04 20 21 40 58.460      24.1
155
 2013 04 20 21 28  6.434     2013 04 20 21 30 10.025     123.6
156
 2013 04 20 00 47 12.602     2013 04 20 00 47 17.109       4.5
 2013 04 20 14 29 17.985     2013 04 20 14 31 58.017     160.0
157
 2013 04 20 03 56 37.032     2013 04 20 03 59 20.762     163.7
 2013 04 20 17 37 27.338     2013 04 20 17 41  6.341     219.0
158
159
 2013 04 20 05 22 16.892     2013 04 20 05 26  2.564     225.7
 2013 04 20 22 28  4.186     2013 04 20 22 31 47.089     222.9
160
 2013 04 20 05 51 27.481     2013 04 20 05 54 28.001     180.5
 2013 04 20 14 08   .464     2013 04 20 14 10 40.109     159.6
161
 2013 04 20 22 58 37.355     2013 04 20 23 01 38.342     181.0
162
 2013 04 20 07 20 29.889     2013 04 20 07 20 40.571      10.7
 2013 04 20 17 24 36.834     2013 04 20 17 27 33.336     176.5
163
 2013 04 20 21 36  7.975     2013 04 20 21 38 43.822     155.8
164
 2013 04 20 04 42 51.620     2013 04 20 04 45 32.865     161.2
165
166
167
 2013 04 20 03 54 18.338     2013 04 20 03 56 57.061     158.7
 2013 04 20 19 16  6.583     2013 04 20 19 20  1.125     234.5
168
 2013 04 20 01 24 55.912     2013 04 20 01 27 54.059     178.1
 2013 04 20 20 09 55.702     2013 04 20 20 12 56.641     180.9
169
 2013 04 20 02 23 48.453     2013 04 20 02 26 32.875     164.4
 2013 04 20 16 02 20.310     2013 04 20 16 05 15.061     174.8
170
 2013 04 20 05 45 14.954     2013 04 20 05 47 56.378     161.4
 2013 04 20 15 49  4.043     2013 04 20 15 52 27.052     203.0
171
 2013 04 20 03 20 42.175     2013 04 20 03 23 32.908     170.7
172
 2013 04 20 09 47 21.493     2013 04 20 09 50 18.884     177.4
 2013 04 20 18 04 44.543     2013 04 20 18 08 17.238     212.7
173
 2013 04 20 02 29 39.674     2013 04 20 02 32 15.860     156.2
 2013 04 20 14 21  4.051     2013 04 20 14 23 50.925     166.9
174
 2013 04 20 12 36 59.136     2013 04 20 12 39 44.705     165.6
175
 2013 04 20 11 19 52.897     2013 04 20 11 23  3.927     191.0
176
 2013 04 20 07 06 19.203     2013 04 20 07 06 59.175      40.0
 2013 04 20 20 48  5.166     2013 04 20 20 50 45.360     160.2
177
 2013 04 20 12 01 29.353     2013 04 20 12 04 37.858     188.5
178
 2013 04 20 11 08 21.725     2013 04 20 11 11 47.418     205.7
179
 2013 04 20 19 02  6.558     2013 04 20 19 04 49.957     163.4
180
 2013 04 20 11 22 52.904     2013 04 20 11 25 52.497     179.6
 2013 04 20 19 40 57.568     2013 04 20 19 43 36.363     158.8
181
 2013 04 20 01 42  2.617     2013 04 20 01 44 56.475     173.9
 2013 04 20 13 32 55.788     2013 04 20 13 36  4.011     188.2
182
 2013 04 20 14 36 26.487     2013 04 20 14 36 45.766      19.3
 2013 04 20 21 12 48.900     2013 04 20 21 16   .084     191.2
183
 2013 04 20 22 52 53.585     2013 04 20 22 55 39.639     166.1
184
 2013 04 20 00 00 46.727     2013 04 20 00 03 31.836     165.1
 2013 04 20 13 40 46.364     2013 04 20 13 43 23.490     157.1
 2013 04 20 23 41 46.345     2013 04 20 23 44 31.321     165.0
185
 2013 04 20 23 02 23.416     2013 04 20 23 02 43.186      19.8
186
 2013 04 20 00 13 51.614     2013 04 20 00 16 33.994     162.4
 2013 04 20 10 16 50.113     2013 04 20 10 20 17.899     207.8
187
 2013 04 20 09 22 31.464     2013 04 20 09 25 23.467     172.0
188
 2013 04 20 04 19 32.273     2013 04 20 04 22 26.813     174.5
 2013 04 20 10 54 43.789     2013 04 20 10 57 52.859     189.1
189
 2013 04 20 01 49 26.326     2013 04 20 01 52  5.275     158.9
 2013 04 20 11 51 50.087     2013 04 20 11 54 29.997     159.9
190
 2013 04 20 00 51 33.725     2013 04 20 00 55  9.526     215.8
191
192
 2013 04 20 22 51 53.856     2013 04 20 22 54 56.461     182.6
193
194
 2013 04 20 07 32  1.384     2013 04 20 07 34 53.449     172.1
 2013 04 20 12 27 51.142     2013 04 20 12 30 51.917     180.8
195
 2013 04 20 15 10 45.242     2013 04 20 15 11 35.095      49.9
196
 2013 04 20 13 43 46.329     2013 04 20 13 46 27.987     161.7
 2013 04 20 22 05 47.485     2013 04 20 22 06 22.948      35.5
197
 2013 04 20 00 43 11.231     2013 04 20 00 46 52.484     221.3
 2013 04 20 16 08 29.430     2013 04 20 16 11 18.438     169.0
198
 2013 04 20 03 05 41.698     2013 04 20 03 08 21.132     159.4
 2013 04 20 18 29 22.285     2013 04 20 18 31 58.677     156.4
199
 2013 04 20 12 08 11.198     2013 04 20 12 08 36.911      25.7
 2013 04 20 22 05 55.844     2013 04 20 22 09  6.667     190.8
