s5
0
 2013 04 20 16 09 19.208     2013 04 20 16 13  2.633     223.4
1
 2013 04 20 11 50 53.412     2013 04 20 11 54 32.415     219.0
 2013 04 20 18 27  6.117     2013 04 20 18 29 47.922     161.8
2
 2013 04 20 17 57 37.012     2013 04 20 18 01 21.510     224.5
3
 2013 04 20 08 42 41.006     2013 04 20 08 45 27.070     166.1
 2013 04 20 15 17 17.450     2013 04 20 15 19 58.828     161.4
4
 2013 04 20 22 27 55.779     2013 04 20 22 30 54.153     178.4
5
 2013 04 20 01 10 44.841     2013 04 20 01 10 49.762       4.9
6
7
 2013 04 20 01 33 48.653     2013 04 20 01 36 26.392     157.7
 2013 04 20 09 49  2.407     2013 04 20 09 51 48.325     165.9
8
 2013 04 20 00 22 48.553     2013 04 20 00 25 34.360     165.8
 2013 04 20 15 43 34.786     2013 04 20 15 46 32.246     177.5
9
 2013 04 20 09 17 47.534     2013 04 20 09 20 25.809     158.3
10
 2013 04 20 10 52 22.517     2013 04 20 10 55  9.177     166.7
11
 2013 04 20 12 09 17.883     2013 04 20 12 12 20.512     182.6
12
 2013 04 20 12 29  1.340     2013 04 20 12 30 16.523      75.2
 2013 04 20 22 32 37.402     2013 04 20 22 35 11.257     153.9
13
 2013 04 20 10 38 36.272     2013 04 20 10 41 23.171     166.9
14
 2013 04 20 08 17  7.626     2013 04 20 08 19 45.537     157.9
15
 2013 04 20 04 47 26.314     2013 04 20 04 50 21.812     175.5
 2013 04 20 09 42 48.386     2013 04 20 09 46 31.491     223.1
 2013 04 20 11 20 27.611     2013 04 20 11 20 29.471       1.9
16
 2013 04 20 05 17 43.265     2013 04 20 05 20 17.542     154.3
 2013 04 20 17 06 53.798     2013 04 20 17 09 28.232     154.4
17
 2013 04 20 04 11 39.969     2013 04 20 04 14 45.267     185.3
 2013 04 20 22 55 14.845     2013 04 20 22 57 53.067     158.2
18
 2013 04 20 07 06 57.156     2013 04 20 07 10 28.020     210.9
 2013 04 20 08 44 36.055     2013 04 20 08 44 35.425       -.6
 2013 04 20 13 41  9.821     2013 04 20 13 43 52.575     162.8
19
 2013 04 20 23 11 23.398     2013 04 20 23 14  2.321     158.9
20
 2013 04 20 09 50 23.957     2013 04 20 09 54 11.488     227.5
21
 2013 04 20 11 38  1.131     2013 04 20 11 41 15.228     194.1
22
23
 2013 04 20 06 46 20.601     2013 04 20 06 48 56.078     155.5
 2013 04 20 20 22 32.114     2013 04 20 20 25 34.793     182.7
24
 2013 04 20 12 26 17.274     2013 04 20 12 28 50.725     153.5
25
 2013 04 20 09 25 56.116     2013 04 20 09 26 21.978      25.9
 2013 04 20 17 43 24.744     2013 04 20 17 46 28.152     183.4
26
 2013 04 20 15 35 36.835     2013 04 20 15 35 45.440       8.6
27
28
 2013 04 20 03 05 12.749     2013 04 20 03 08  9.850     177.1
29
 2013 04 20 04 31 23.499     2013 04 20 04 34 38.311     194.8
 2013 04 20 16 19 13.863     2013 04 20 16 20  1.420      47.6
30
 2013 04 20 05 35  6.580     2013 04 20 05 38  2.112     175.5
 2013 04 20 10 30 30.560     2013 04 20 10 33 42.753     192.2
31
 2013 04 20 08 40 44.235     2013 04 20 08 43 22.785     158.6
32
 2013 04 20 20 29 34.438     2013 04 20 20 30 21.950      47.5
33
34
 2013 04 20 10 00 22.854     2013 04 20 10 03 18.125     175.3
 2013 04 20 21 50  3.493     2013 04 20 21 53 36.284     212.8
35
36
 2013 04 20 20 12 17.062     2013 04 20 20 15 35.871     198.8
37
 2013 04 20 09 23 39.208     2013 04 20 09 26 14.357     155.1
38
 2013 04 20 22 46 37.372     2013 04 20 22 49 59.518     202.1
39
 2013 04 20 06 13 36.187     2013 04 20 06 16 10.124     153.9
 2013 04 20 16 11 26.234     2013 04 20 16 11 53.230      27.0
40
 2013 04 20 22 24 17.098     2013 04 20 22 26 52.934     155.8
41
 2013 04 20 10 59  4.866     2013 04 20 11 01 51.754     166.9
42
43
44
 2013 04 20 01 13 20.929     2013 04 20 01 16 12.233     171.3
 2013 04 20 14 52 41.202     2013 04 20 14 55 42.336     181.1
45
 2013 04 20 08 15 23.369     2013 04 20 08 15 27.808       4.4
 2013 04 20 23 37 43.799     2013 04 20 23 38  4.233      20.4
46
 2013 04 20 17 44 50.363     2013 04 20 17 47 31.904     161.5
47
 2013 04 20 20 59 48.452     2013 04 20 21 02 22.006     153.6
48
 2013 04 20 05 28 19.523     2013 04 20 05 32  6.943     227.4
 2013 04 20 13 44 21.181     2013 04 20 13 47 47.093     205.9
49
 2013 04 20 03 59 11.318     2013 04 20 03 59 48.333      37.0
 2013 04 20 12 09 14.819     2013 04 20 12 12 38.926     204.1
50
 2013 04 20 03 58 26.553     2013 04 20 04 01  6.592     160.0
 2013 04 20 10 33 19.808     2013 04 20 10 36   .958     161.1
51
 2013 04 20 00 32 15.808     2013 04 20 00 33 17.778      62.0
 2013 04 20 12 25  3.826     2013 04 20 12 27 41.225     157.4
52
 2013 04 20 02 03 13.415     2013 04 20 02 06  4.079     170.7
 2013 04 20 15 38 18.334     2013 04 20 15 38 19.052        .7
53
 2013 04 20 02 44 36.494     2013 04 20 02 48 11.791     215.3
 2013 04 20 18 06 30.126     2013 04 20 18 10 20.648     230.5
54
 2013 04 20 13 23 54.997     2013 04 20 13 26 45.169     170.2
 2013 04 20 21 37 20.072     2013 04 20 21 39 20.130     120.1
55
 2013 04 20 09 08 25.596     2013 04 20 09 09 33.641      68.0
56
 2013 04 20 04 13 25.526     2013 04 20 04 16  3.650     158.1
 2013 04 20 22 56 18.107     2013 04 20 22 59 39.515     201.4
57
 2013 04 20 03 12 18.287     2013 04 20 03 14 58.313     160.0
 2013 04 20 08 10 42.777     2013 04 20 08 11  4.360      21.6
 2013 04 20 09 45 23.072     2013 04 20 09 48 41.342     198.3
58
 2013 04 20 03 30  4.956     2013 04 20 03 30 17.977      13.0
 2013 04 20 18 52  1.732     2013 04 20 18 55  4.891     183.2
59
 2013 04 20 14 53  2.551     2013 04 20 14 53 15.033      12.5
60
 2013 04 20 05 11 52.266     2013 04 20 05 15 31.971     219.7
 2013 04 20 18 46 24.430     2013 04 20 18 49 25.356     180.9
61
 2013 04 20 10 59  3.825     2013 04 20 11 01 39.285     155.5
62
 2013 04 20 04 44  2.513     2013 04 20 04 46 38.780     156.3
63
 2013 04 20 07 05  9.456     2013 04 20 07 07 46.438     157.0
 2013 04 20 15 19 56.167     2013 04 20 15 23  5.118     189.0
64
 2013 04 20 11 24 50.592     2013 04 20 11 25 34.259      43.7
65
 2013 04 20 02 20 41.821     2013 04 20 02 24 26.391     224.6
 2013 04 20 10 35 18.506     2013 04 20 10 38  4.648     166.1
66
 2013 04 20 03 13  2.600     2013 04 20 03 15 38.989     156.4
 2013 04 20 08 07 53.662     2013 04 20 08 11  8.685     195.0
67
 2013 04 20 00 16   .319     2013 04 20 00 18 47.183     166.9
 2013 04 20 18 59 19.381     2013 04 20 19 02  2.567     163.2
68
 2013 04 20 01 15 52.628     2013 04 20 01 16 45.942      53.3
69
 2013 04 20 10 48 11.505     2013 04 20 10 48 51.836      40.3
 2013 04 20 22 38 59.318     2013 04 20 22 42   .870     181.6
70
 2013 04 20 05 24 43.521     2013 04 20 05 28 16.829     213.3
 2013 04 20 15 26  2.819     2013 04 20 15 29 20.467     197.6
71
 2013 04 20 09 07 59.389     2013 04 20 09 09 34.788      95.4
72
 2013 04 20 11 50  3.799     2013 04 20 11 50 43.936      40.1
 2013 04 20 13 27 58.421     2013 04 20 13 28 47.934      49.5
 2013 04 20 18 24 25.121     2013 04 20 18 27 25.669     180.5
73
 2013 04 20 03 00 27.496     2013 04 20 03 03   .641     153.1
74
 2013 04 20 10 11 44.204     2013 04 20 10 12   .942      16.7
 2013 04 20 18 31  4.740     2013 04 20 18 34   .280     175.5
75
76
 2013 04 20 07 36  3.821     2013 04 20 07 38 37.508     153.7
77
 2013 04 20 07 08  7.717     2013 04 20 07 11 57.966     230.2
 2013 04 20 13 43 27.425     2013 04 20 13 46 30.901     183.5
78
 2013 04 20 23 20  5.553     2013 04 20 23 22 43.173     157.6
79
 2013 04 20 11 47  3.762     2013 04 20 11 49 44.622     160.9
 2013 04 20 20 03 39.661     2013 04 20 20 06 59.447     199.8
80
 2013 04 20 19 42  9.827     2013 04 20 19 43 34.200      84.4
81
 2013 04 20 16 57  6.322     2013 04 20 17 00 55.453     229.1
82
 2013 04 20 09 20 30.818     2013 04 20 09 23 18.432     167.6
 2013 04 20 19 22 38.807     2013 04 20 19 25 14.669     155.9
83
 2013 04 20 06 03 12.971     2013 04 20 06 06 30.729     197.8
 2013 04 20 17 55 37.631     2013 04 20 17 58 42.712     185.1
84
 2013 04 20 07 46 56.301     2013 04 20 07 50 40.679     224.4
 2013 04 20 17 47 30.278     2013 04 20 17 48 25.526      55.2
85
 2013 04 20 01 35 25.757     2013 04 20 01 38  8.530     162.8
 2013 04 20 08 10  6.679     2013 04 20 08 10 35.199      28.5
86
 2013 04 20 21 46 24.449     2013 04 20 21 48 58.745     154.3
87
 2013 04 20 09 28 13.347     2013 04 20 09 31  2.477     169.1
 2013 04 20 16 07 35.454     2013 04 20 16 07 52.377      16.9
88
 2013 04 20 13 24 17.084     2013 04 20 13 28  2.912     225.8
 2013 04 20 19 58 44.317     2013 04 20 20 02 20.166     215.8
89
90
 2013 04 20 16 15 20.412     2013 04 20 16 18 50.883     210.5
91
 2013 04 20 03 40 21.428     2013 04 20 03 42 55.310     153.9
92
 2013 04 20 00 16 40.718     2013 04 20 00 20  9.032     208.3
 2013 04 20 17 20 40.117     2013 04 20 17 21 38.746      58.6
93
94
 2013 04 20 00 21 23.794     2013 04 20 00 23 59.190     155.4
 2013 04 20 15 44 17.131     2013 04 20 15 47 17.331     180.2
95
 2013 04 20 05 18 28.943     2013 04 20 05 21  3.453     154.5
 2013 04 20 17 06 36.624     2013 04 20 17 09 28.047     171.4
96
 2013 04 20 12 18 33.550     2013 04 20 12 21 49.892     196.3
97
 2013 04 20 04 44 40.405     2013 04 20 04 47 47.726     187.3
 2013 04 20 11 20 33.932     2013 04 20 11 24 14.530     220.6
98
 2013 04 20 17 24 22.029     2013 04 20 17 27 12.542     170.5
 2013 04 20 22 19 40.822     2013 04 20 22 22 54.577     193.8
99
 2013 04 20 03 55 36.969     2013 04 20 03 56  1.887      24.9
 2013 04 20 12 11 48.376     2013 04 20 12 12 19.532      31.2
100
 2013 04 20 02 40 27.207     2013 04 20 02 43  6.309     159.1
 2013 04 20 19 44 32.324     2013 04 20 19 47  9.759     157.4
101
 2013 04 20 01 58 21.818     2013 04 20 02 01 19.419     177.6
102
 2013 04 20 21 54 21.860     2013 04 20 21 56 55.648     153.8
103
 2013 04 20 14 54 55.613     2013 04 20 14 58 25.736     210.1
104
105
 2013 04 20 00 49 21.452     2013 04 20 00 52 18.172     176.7
 2013 04 20 07 23 25.487     2013 04 20 07 26  2.850     157.4
106
 2013 04 20 03 36 51.792     2013 04 20 03 40 26.808     215.0
 2013 04 20 17 12 15.581     2013 04 20 17 14 55.484     159.9
107
108
 2013 04 20 02 38 20.351     2013 04 20 02 40 58.235     157.9
 2013 04 20 21 21 35.072     2013 04 20 21 24 28.656     173.6
109
 2013 04 20 13 00 25.260     2013 04 20 13 03 21.719     176.5
110
 2013 04 20 12 32 52.802     2013 04 20 12 35 37.289     164.5
111
 2013 04 20 23 19  1.717     2013 04 20 23 19 59.229      57.5
112
 2013 04 20 13 22  8.214     2013 04 20 13 25 51.680     223.5
 2013 04 20 21 37 29.332     2013 04 20 21 40  6.506     157.2
113
 2013 04 20 10 53 55.676     2013 04 20 10 56 30.155     154.5
114
 2013 04 20 17 15 54.670     2013 04 20 17 19 33.812     219.1
115
 2013 04 20 22 33 48.840     2013 04 20 22 36 27.812     159.0
116
 2013 04 20 23 29 25.072     2013 04 20 23 33 11.028     226.0
117
 2013 04 20 04 44 57.182     2013 04 20 04 47 35.649     158.5
 2013 04 20 11 20  6.067     2013 04 20 11 23 36.722     210.7
118
 2013 04 20 06 49  2.958     2013 04 20 06 51 44.907     161.9
119
 2013 04 20 20 24 29.116     2013 04 20 20 28  6.238     217.1
120
 2013 04 20 02 43 41.332     2013 04 20 02 46 17.334     156.0
 2013 04 20 18 06 14.502     2013 04 20 18 08 55.183     160.7
121
 2013 04 20 01 56 51.795     2013 04 20 01 59 39.165     167.4
 2013 04 20 17 19 18.302     2013 04 20 17 21 59.935     161.6
122
 2013 04 20 22 37  5.700     2013 04 20 22 38  9.974      64.3
123
 2013 04 20 09 26 51.799     2013 04 20 09 29 41.371     169.6
 2013 04 20 17 42 22.116     2013 04 20 17 45 34.390     192.3
124
125
 2013 04 20 03 03 51.545     2013 04 20 03 06 34.523     163.0
 2013 04 20 13 02 34.009     2013 04 20 13 05 41.010     187.0
126
 2013 04 20 10 51 33.192     2013 04 20 10 54 30.169     177.0
127
 2013 04 20 10 39 50.839     2013 04 20 10 42 26.757     155.9
128
 2013 04 20 05 33 41.124     2013 04 20 05 36 33.411     172.3
 2013 04 20 12 07  8.152     2013 04 20 12 10  3.733     175.6
129
130
 2013 04 20 05 54 46.844     2013 04 20 05 57 34.411     167.6
131
 2013 04 20 07 30 22.898     2013 04 20 07 32 59.965     157.1
132
 2013 04 20 01 22  8.985     2013 04 20 01 24 48.229     159.2
 2013 04 20 13 10 11.368     2013 04 20 13 13 16.079     184.7
133
 2013 04 20 04 43 13.778     2013 04 20 04 45 55.160     161.4
 2013 04 20 12 58 29.099     2013 04 20 13 01 39.800     190.7
134
 2013 04 20 02 21 44.409     2013 04 20 02 24 37.059     172.6
 2013 04 20 10 36 24.221     2013 04 20 10 37 44.826      80.6
135
 2013 04 20 11 38 25.617     2013 04 20 11 41  7.753     162.1
136
 2013 04 20 07 04 59.282     2013 04 20 07 08 39.736     220.5
 2013 04 20 15 18 40.555     2013 04 20 15 22  1.835     201.3
137
 2013 04 20 02 38 27.787     2013 04 20 02 41 15.777     168.0
 2013 04 20 21 21  8.547     2013 04 20 21 24 26.666     198.1
138
 2013 04 20 14 01  7.247     2013 04 20 14 01 34.537      27.3
139
140
 2013 04 20 09 13 56.451     2013 04 20 09 16 36.709     160.3
 2013 04 20 21 03  5.453     2013 04 20 21 05 48.151     162.7
141
 2013 04 20 02 53 13.014     2013 04 20 02 55 46.258     153.2
142
 2013 04 20 03 25 14.452     2013 04 20 03 28  3.449     169.0
 2013 04 20 22 08 25.743     2013 04 20 22 11 14.138     168.4
143
 2013 04 20 07 40 58.740     2013 04 20 07 43 33.569     154.8
 2013 04 20 19 27 50.721     2013 04 20 19 31 23.163     212.4
144
 2013 04 20 06 00 31.304     2013 04 20 06 03 17.096     165.8
145
146
 2013 04 20 10 34 20.647     2013 04 20 10 37 49.210     208.6
147
 2013 04 20 16 22 21.327     2013 04 20 16 25 28.912     187.6
148
 2013 04 20 15 36 11.960     2013 04 20 15 38 53.573     161.6
149
150
151
 2013 04 20 12 37  5.514     2013 04 20 12 37  6.403        .9
 2013 04 20 14 15  1.060     2013 04 20 14 15 30.577      29.5
 2013 04 20 19 11 29.429     2013 04 20 19 14 45.123     195.7
152
 2013 04 20 00 49 55.259     2013 04 20 00 52 32.734     157.5
 2013 04 20 07 24  1.567     2013 04 20 07 26 45.355     163.8
153
 2013 04 20 02 45 51.133     2013 04 20 02 48 44.389     173.3
154
 2013 04 20 05 52 37.057     2013 04 20 05 52 45.483       8.4
 2013 04 20 21 16 39.146     2013 04 20 21 19 31.918     172.8
155
 2013 04 20 09 13 34.159     2013 04 20 09 16 24.808     170.6
 2013 04 20 21 04 10.379     2013 04 20 21 06 45.568     155.2
156
 2013 04 20 00 25 43.414     2013 04 20 00 28 26.619     163.2
 2013 04 20 14 05  9.533     2013 04 20 14 08 42.253     212.7
157
 2013 04 20 03 33 46.156     2013 04 20 03 36 52.101     185.9
158
 2013 04 20 06 12 29.419     2013 04 20 06 15 38.108     188.7
 2013 04 20 16 12 51.705     2013 04 20 16 16 18.836     207.1
159
 2013 04 20 00 03  2.045     2013 04 20 00 06 42.111     220.1
 2013 04 20 06 37 34.718     2013 04 20 06 41  9.374     214.7
 2013 04 20 23 41 33.302     2013 04 20 23 45  7.169     213.9
160
 2013 04 20 13 43 53.054     2013 04 20 13 47 25.585     212.5
161
162
 2013 04 20 06 58 14.768     2013 04 20 07 00 52.716     157.9
 2013 04 20 17 00 32.913     2013 04 20 17 03 33.429     180.5
163
 2013 04 20 07 30 45.961     2013 04 20 07 33 47.534     181.6
 2013 04 20 21 11   .192     2013 04 20 21 11  8.022       7.8
164
 2013 04 20 04 19 32.092     2013 04 20 04 19 33.792       1.7
 2013 04 20 19 38 27.395     2013 04 20 19 39 58.488      91.1
165
 2013 04 20 22 33 25.720     2013 04 20 22 36  1.898     156.2
166
 2013 04 20 12 18 45.117     2013 04 20 12 21 23.078     158.0
167
 2013 04 20 03 31 19.733     2013 04 20 03 34 36.784     197.1
 2013 04 20 18 52 29.091     2013 04 20 18 55  6.410     157.3
168
 2013 04 20 01 02 17.877     2013 04 20 01 05 52.064     214.2
 2013 04 20 02 39 54.220     2013 04 20 02 40 16.309      22.1
 2013 04 20 19 45 48.144     2013 04 20 19 48 26.171     158.0
169
 2013 04 20 02 01  5.933     2013 04 20 02 04 14.567     188.6
 2013 04 20 15 38 23.229     2013 04 20 15 41 25.181     182.0
170
 2013 04 20 05 22  6.380     2013 04 20 05 25 23.798     197.4
171
 2013 04 20 14 41 52.041     2013 04 20 14 45  9.708     197.7
172
173
 2013 04 20 02 06 36.121     2013 04 20 02 10 16.087     220.0
174
 2013 04 20 12 16 56.112     2013 04 20 12 16 56.900        .8
175
 2013 04 20 10 56 43.496     2013 04 20 10 59 25.710     162.2
 2013 04 20 20 55 25.754     2013 04 20 20 58 33.674     187.9
176
 2013 04 20 06 44  5.984     2013 04 20 06 46 43.717     157.7
 2013 04 20 20 23 15.441     2013 04 20 20 26 50.235     214.8
177
 2013 04 20 23 21 56.681     2013 04 20 23 24 50.841     174.2
178
179
 2013 04 20 18 37 30.721     2013 04 20 18 40 59.163     208.4
180
 2013 04 20 10 59 37.617     2013 04 20 11 02 21.432     163.8
 2013 04 20 19 16 10.281     2013 04 20 19 19 42.454     212.2
181
182
 2013 04 20 14 13 13.484     2013 04 20 14 16 22.388     188.9
 2013 04 20 20 48 41.250     2013 04 20 20 51 17.106     155.9
183
184
 2013 04 20 13 20  4.830     2013 04 20 13 20 29.283      24.5
 2013 04 20 23 16 49.185     2013 04 20 23 20  4.252     195.1
185
 2013 04 20 10 48 31.050     2013 04 20 10 51 14.900     163.8
 2013 04 20 22 38 28.744     2013 04 20 22 41  2.132     153.4
186
187
 2013 04 20 02 22 32.262     2013 04 20 02 25 58.702     206.4
 2013 04 20 08 58 48.233     2013 04 20 08 59 31.488      43.3
188
 2013 04 20 03 56 26.254     2013 04 20 03 56 38.510      12.3
 2013 04 20 10 30 54.161     2013 04 20 10 30 56.293       2.1
189
 2013 04 20 01 26 30.114     2013 04 20 01 27   .047      29.9
 2013 04 20 11 31 29.722     2013 04 20 11 31 42.819      13.1
190
 2013 04 20 00 29 43.885     2013 04 20 00 32 18.877     155.0
191
 2013 04 20 17 08 46.685     2013 04 20 17 09 17.361      30.7
192
 2013 04 20 14 07 23.984     2013 04 20 14 10 46.000     202.0
193
 2013 04 20 09 55 20.065     2013 04 20 09 58 33.528     193.5
 2013 04 20 23 31 59.745     2013 04 20 23 35 39.587     219.8
194
 2013 04 20 07 09 10.699     2013 04 20 07 11 48.545     157.8
 2013 04 20 12 04  1.404     2013 04 20 12 07 40.081     218.7
 2013 04 20 13 41 47.553     2013 04 20 13 43 13.511      86.0
195
 2013 04 20 14 47 35.908     2013 04 20 14 50  9.510     153.6
196
 2013 04 20 13 19 54.888     2013 04 20 13 23  1.084     186.2
197
 2013 04 20 00 21 27.612     2013 04 20 00 24  6.474     158.9
 2013 04 20 15 44 35.543     2013 04 20 15 47 27.319     171.8
198
 2013 04 20 02 42 44.166     2013 04 20 02 46 17.435     213.3
 2013 04 20 18 04 52.302     2013 04 20 18 08 12.726     200.4
199
