0 -34.7701 5.4073 4 28 5
2  45.0 45.0 0.00
1 44.5414 130.7803 1 28 7
2  45.0 45.0 0.00
2 15.4682 -1.6474 5 22 9
2  45.0 45.0 0.00
3 47.9266 178.2644 2 21 5
2  45.0 45.0 0.00
4 -33.6840 -92.4643 1 20 6
2  45.0 45.0 0.00
5 39.7775 32.2597 4 24 7
2  45.0 45.0 0.00
6 -20.6665 118.1389 5 18 9
2  45.0 45.0 0.00
7 -40.5216 92.0552 6 17 9
2  45.0 45.0 0.00
8 -34.7752 -123.9723 5 23 8
2  45.0 45.0 0.00
9 -11.3956 -45.4743 10 23 6
2  45.0 45.0 0.00
10 -11.2529 -68.6835 5 21 6
2  45.0 45.0 0.00
11 45.4554 -127.4669 2 25 8
2  45.0 45.0 0.00
12 -17.9573 -85.2429 2 22 9
2  45.0 45.0 0.00
13 33.6828 -93.8793 2 23 6
2  45.0 45.0 0.00
14 -32.1786 122.0615 1 23 8
2  45.0 45.0 0.00
15 -50.1811 64.3331 9 24 6
2  45.0 45.0 0.00
16 0.1672 -173.0312 10 20 9
2  45.0 45.0 0.00
17 52.5569 -32.9517 1 15 8
2  45.0 45.0 0.00
18 50.0103 -166.2532 7 21 8
2  45.0 45.0 0.00
19 43.3241 61.1695 1 23 7
2  45.0 45.0 0.00
20 -36.7534 99.9744 2 17 6
2  45.0 45.0 0.00
21 5.8067 98.1574 3 25 6
2  45.0 45.0 0.00
22 -26.4871 -2.5479 2 22 9
2  45.0 45.0 0.00
23 -20.0093 153.6506 7 22 9
2  45.0 45.0 0.00
24 -9.6147 -95.2727 2 27 8
2  45.0 45.0 0.00
25 -36.2262 -22.1861 1 26 7
2  45.0 45.0 0.00
26 -15.1921 -146.0987 10 16 5
2  45.0 45.0 0.00
27 23.7303 117.6320 8 16 8
2  45.0 45.0 0.00
28 -29.3450 63.1685 6 24 8
2  45.0 45.0 0.00
29 -2.2395 24.2218 5 23 5
2  45.0 45.0 0.00
30 51.0825 -125.8954 8 25 6
2  45.0 45.0 0.00
31 44.2991 168.7459 8 22 5
2  45.0 45.0 0.00
32 -40.6607 175.0516 2 17 7
2  45.0 45.0 0.00
33 -36.4691 -40.8576 8 20 5
2  45.0 45.0 0.00
34 -1.6453 112.0275 10 27 6
2  45.0 45.0 0.00
35 24.7857 43.6327 10 17 6
2  45.0 45.0 0.00
36 9.6418 130.8862 6 25 9
2  45.0 45.0 0.00
37 -31.1229 -35.3387 10 26 6
2  45.0 45.0 0.00
38 27.0440 -56.4623 9 29 8
2  45.0 45.0 0.00
39 -27.8879 11.0309 5 17 9
2  45.0 45.0 0.00
40 -43.2092 -105.8351 3 22 5
2  45.0 45.0 0.00
41 -34.9034 -58.2219 4 19 7
2  45.0 45.0 0.00
42 -21.5483 116.2895 10 17 7
2  45.0 45.0 0.00
43 -26.1994 -74.3408 6 20 7
2  45.0 45.0 0.00
44 26.9362 55.0772 6 29 5
2  45.0 45.0 0.00
45 -38.0203 124.3010 2 18 9
2  45.0 45.0 0.00
46 -31.4623 -20.5647 8 18 5
2  45.0 45.0 0.00
47 -12.1956 -58.1799 5 22 7
2  45.0 45.0 0.00
48 39.0202 -155.2451 9 19 6
2  45.0 45.0 0.00
49 45.8032 -125.9815 6 21 5
2  45.0 45.0 0.00
50 47.0013 -112.7895 2 25 6
2  45.0 45.0 0.00
51 -6.4264 -98.3931 6 20 9
2  45.0 45.0 0.00
52 -18.5031 -131.8976 2 20 8
2  45.0 45.0 0.00
53 37.5069 26.4588 8 17 5
2  45.0 45.0 0.00
54 43.9314 94.2336 2 27 8
2  45.0 45.0 0.00
55 19.6472 -56.9322 7 23 8
2  45.0 45.0 0.00
56 52.0742 -22.7216 3 16 8
2  45.0 45.0 0.00
57 -51.2521 82.2217 8 28 7
2  45.0 45.0 0.00
58 -36.2243 -178.3930 1 23 6
2  45.0 45.0 0.00
59 24.8568 64.2313 5 24 7
2  45.0 45.0 0.00
60 -14.9875 174.5494 8 20 9
2  45.0 45.0 0.00
61 -33.7453 -57.3051 3 15 8
2  45.0 45.0 0.00
62 -42.6630 48.7564 9 25 8
2  45.0 45.0 0.00
63 41.1872 -170.2642 2 24 9
2  45.0 45.0 0.00
64 -39.7028 57.4072 8 24 9
2  45.0 45.0 0.00
65 43.4582 -103.1244 10 22 5
2  45.0 45.0 0.00
66 -52.2653 86.2115 10 29 9
2  45.0 45.0 0.00
67 -52.3209 -148.9811 9 16 7
2  45.0 45.0 0.00
68 18.6211 63.5384 6 19 8
2  45.0 45.0 0.00
69 2.4196 -71.9442 10 27 5
2  45.0 45.0 0.00
70 21.9901 -155.8396 6 24 9
2  45.0 45.0 0.00
71 21.1093 -57.9131 6 20 5
2  45.0 45.0 0.00
72 49.6191 119.3456 4 27 8
2  45.0 45.0 0.00
73 -15.0475 50.9689 9 26 9
2  45.0 45.0 0.00
74 32.0538 141.9174 2 16 6
2  45.0 45.0 0.00
75 -5.4114 -40.1904 1 29 5
2  45.0 45.0 0.00
76 11.6417 -34.7556 5 20 7
2  45.0 45.0 0.00
77 46.6208 -152.7672 3 17 6
2  45.0 45.0 0.00
78 17.7313 83.7564 2 16 5
2  45.0 45.0 0.00
79 36.4804 112.0915 7 23 9
2  45.0 45.0 0.00
80 40.4121 6.3568 7 29 5
2  45.0 45.0 0.00
81 33.2033 174.8129 8 19 8
2  45.0 45.0 0.00
82 -20.0568 -39.6864 2 19 7
2  45.0 45.0 0.00
83 6.8527 -4.1198 8 18 7
2  45.0 45.0 0.00
84 -23.0660 -10.4641 9 21 8
2  45.0 45.0 0.00
85 -45.6078 96.8605 5 28 8
2  45.0 45.0 0.00
86 14.5839 108.7600 3 16 7
2  45.0 45.0 0.00
87 -43.2300 -19.9022 6 20 9
2  45.0 45.0 0.00
88 48.1481 94.2496 5 21 6
2  45.0 45.0 0.00
89 -23.5832 -31.1684 9 23 7
2  45.0 45.0 0.00
90 -15.3065 16.4679 1 17 5
2  45.0 45.0 0.00
91 -9.5068 -153.1392 4 19 7
2  45.0 45.0 0.00
92 -48.3167 -145.9465 8 23 7
2  45.0 45.0 0.00
93 0.9194 -64.5923 5 28 5
2  45.0 45.0 0.00
94 -40.2872 -126.6771 7 21 9
2  45.0 45.0 0.00
95 2.1827 -171.0094 10 18 8
2  45.0 45.0 0.00
96 16.5696 -105.0041 3 21 8
2  45.0 45.0 0.00
97 -43.2650 54.0359 9 15 5
2  45.0 45.0 0.00
98 -51.1390 -126.1138 2 27 5
2  45.0 45.0 0.00
99 38.1212 -116.1023 4 29 8
2  45.0 45.0 0.00
100 48.4356 8.4804 4 23 9
2  45.0 45.0 0.00
101 -31.0071 -145.8836 10 17 5
2  45.0 45.0 0.00
102 -12.1540 121.5400 9 22 6
2  45.0 45.0 0.00
103 35.6011 59.2847 1 28 7
2  45.0 45.0 0.00
104 38.0088 -88.1182 5 26 9
2  45.0 45.0 0.00
105 49.8463 -67.0826 7 20 8
2  45.0 45.0 0.00
106 -16.6316 -162.2382 1 22 7
2  45.0 45.0 0.00
107 -38.9274 54.0033 3 24 8
2  45.0 45.0 0.00
108 52.6896 -1.8191 7 29 6
2  45.0 45.0 0.00
109 -33.9258 50.9420 8 23 5
2  45.0 45.0 0.00
110 -32.3348 -83.9137 6 21 6
2  45.0 45.0 0.00
111 21.3815 86.6013 6 25 6
2  45.0 45.0 0.00
112 41.7450 87.5916 10 23 5
2  45.0 45.0 0.00
113 -17.3838 -68.1031 5 16 5
2  45.0 45.0 0.00
114 -33.2998 -158.9099 10 17 9
2  45.0 45.0 0.00
115 -14.4556 -82.2296 5 22 5
2  45.0 45.0 0.00
116 -18.1533 95.8134 5 19 5
2  45.0 45.0 0.00
117 -44.9237 52.2942 9 18 9
2  45.0 45.0 0.00
118 -11.4267 159.2750 6 21 8
2  45.0 45.0 0.00
119 -26.1012 159.6439 8 29 9
2  45.0 45.0 0.00
120 39.1268 18.7203 5 22 5
2  45.0 45.0 0.00
121 -38.5447 -146.0997 4 22 9
2  45.0 45.0 0.00
122 -7.4064 -85.4942 2 24 8
2  45.0 45.0 0.00
123 -39.4668 -24.2781 7 22 5
2  45.0 45.0 0.00
124 20.2184 -147.5037 4 17 7
2  45.0 45.0 0.00
125 -27.1975 56.3738 6 21 5
2  45.0 45.0 0.00
126 -8.4618 -69.4233 2 24 8
2  45.0 45.0 0.00
127 29.3347 -92.3411 6 17 8
2  45.0 45.0 0.00
128 51.0945 -136.2750 8 19 8
2  45.0 45.0 0.00
129 -39.2534 -65.0740 2 24 5
2  45.0 45.0 0.00
130 34.0473 -22.2166 7 27 7
2  45.0 45.0 0.00
131 29.5584 -46.2374 8 15 7
2  45.0 45.0 0.00
132 -2.1436 69.7139 2 21 8
2  45.0 45.0 0.00
133 -39.9651 47.0207 8 29 5
2  45.0 45.0 0.00
134 40.7226 -94.8705 9 27 7
2  45.0 45.0 0.00
135 7.3438 96.8487 5 21 6
2  45.0 45.0 0.00
136 44.9632 -173.1800 5 18 7
2  45.0 45.0 0.00
137 51.0797 -2.0130 4 17 9
2  45.0 45.0 0.00
138 -10.0510 -113.2815 8 24 7
2  45.0 45.0 0.00
139 -22.4323 64.9668 3 23 5
2  45.0 45.0 0.00
140 -0.0984 -53.9685 1 21 6
2  45.0 45.0 0.00
141 8.9814 38.8642 8 20 5
2  45.0 45.0 0.00
142 -51.9581 163.5162 2 25 5
2  45.0 45.0 0.00
143 -4.1517 -25.7513 3 15 7
2  45.0 45.0 0.00
144 13.6276 -13.5986 8 15 7
2  45.0 45.0 0.00
145 21.0777 43.6289 5 19 5
2  45.0 45.0 0.00
146 41.2147 -110.1811 2 20 6
2  45.0 45.0 0.00
147 7.8540 26.9965 10 29 8
2  45.0 45.0 0.00
148 -13.3636 -143.2185 8 16 8
2  45.0 45.0 0.00
149 -5.1974 -13.8971 8 21 6
2  45.0 45.0 0.00
150 38.1500 54.8941 8 17 6
2  45.0 45.0 0.00
151 -49.0944 -73.6667 4 15 9
2  45.0 45.0 0.00
152 49.1351 -63.2176 1 18 9
2  45.0 45.0 0.00
153 33.4841 26.6901 3 20 6
2  45.0 45.0 0.00
154 40.8993 -22.1463 7 21 8
2  45.0 45.0 0.00
155 2.7975 -51.5677 4 19 8
2  45.0 45.0 0.00
156 -27.8304 -114.2789 1 29 6
2  45.0 45.0 0.00
157 -27.9485 -168.0957 3 16 9
2  45.0 45.0 0.00
158 -23.4553 11.8582 9 17 7
2  45.0 45.0 0.00
159 -47.7496 136.4601 8 17 7
2  45.0 45.0 0.00
160 39.9438 -156.8078 10 17 8
2  45.0 45.0 0.00
161 -8.3291 -89.3156 10 22 9
2  45.0 45.0 0.00
162 19.0895 174.5144 9 21 9
2  45.0 45.0 0.00
163 29.7839 -41.8607 9 27 8
2  45.0 45.0 0.00
164 29.9789 -4.5285 1 21 7
2  45.0 45.0 0.00
165 -15.5923 -83.2577 4 27 9
2  45.0 45.0 0.00
166 15.6176 -107.2876 4 27 8
2  45.0 45.0 0.00
167 -34.6592 -174.4270 2 18 7
2  45.0 45.0 0.00
168 51.3500 14.1050 9 17 5
2  45.0 45.0 0.00
169 -21.8401 -140.1019 2 20 8
2  45.0 45.0 0.00
170 17.5761 -167.5777 1 21 7
2  45.0 45.0 0.00
171 -11.7228 41.6491 2 26 6
2  45.0 45.0 0.00
172 -36.8144 -38.9002 6 24 8
2  45.0 45.0 0.00
173 -2.3203 -130.7676 3 26 8
2  45.0 45.0 0.00
174 28.1430 -123.7899 7 20 9
2  45.0 45.0 0.00
175 -27.1742 -63.3383 1 20 6
2  45.0 45.0 0.00
176 -27.3401 149.4764 1 17 9
2  45.0 45.0 0.00
177 11.9599 88.4066 7 21 7
2  45.0 45.0 0.00
178 6.0774 -89.3841 8 27 9
2  45.0 45.0 0.00
179 9.8039 154.2951 7 23 9
2  45.0 45.0 0.00
180 -36.3363 -56.6710 8 24 5
2  45.0 45.0 0.00
181 1.0253 58.9710 3 23 6
2  45.0 45.0 0.00
182 -46.0732 -85.3628 10 23 6
2  45.0 45.0 0.00
183 -27.8269 -99.6160 4 25 9
2  45.0 45.0 0.00
184 24.6489 74.2254 6 19 9
2  45.0 45.0 0.00
185 1.4617 -75.3895 2 21 5
2  45.0 45.0 0.00
186 -19.6056 94.8936 5 21 7
2  45.0 45.0 0.00
187 42.3464 -89.7240 9 17 8
2  45.0 45.0 0.00
188 47.5962 -123.6075 2 16 7
2  45.0 45.0 0.00
189 -21.7879 73.1133 7 23 8
2  45.0 45.0 0.00
190 -13.8647 -108.4984 5 24 6
2  45.0 45.0 0.00
191 -5.1916 -163.8213 10 25 9
2  45.0 45.0 0.00
192 -29.7767 -102.5460 8 20 9
2  45.0 45.0 0.00
193 -21.0141 108.3609 7 15 7
2  45.0 45.0 0.00
194 51.5919 -154.9298 5 16 9
2  45.0 45.0 0.00
195 8.0444 47.6273 7 26 6
2  45.0 45.0 0.00
196 32.9338 82.7823 9 27 8
2  45.0 45.0 0.00
197 -40.6588 -125.5074 1 17 7
2  45.0 45.0 0.00
198 37.5826 13.5480 5 18 9
2  45.0 45.0 0.00
199 24.7903 92.5174 10 17 9
2  45.0 45.0 0.00
