s5
0
 2013 04 20 11 47 59.363     2013 04 20 11 48 37.131      37.8
 2013 04 20 20 05  6.080     2013 04 20 20 08 24.696     198.6
1
 2013 04 20 15 02 51.242     2013 04 20 15 06 10.938     199.7
 2013 04 20 19 58 38.448     2013 04 20 20 01 29.754     171.3
2
 2013 04 20 11 43 18.967     2013 04 20 11 46 45.519     206.6
 2013 04 20 21 42 28.469     2013 04 20 21 45  7.803     159.3
3
4
 2013 04 20 11 50 50.362     2013 04 20 11 53 52.794     182.4
 2013 04 20 18 26 29.980     2013 04 20 18 29 25.965     176.0
5
 2013 04 20 23 16 40.927     2013 04 20 23 19 20.821     159.9
6
 2013 04 20 21 47 29.970     2013 04 20 21 50  8.911     158.9
7
 2013 04 20 14 57 14.030     2013 04 20 14 58  3.894      49.9
 2013 04 20 23 14  9.087     2013 04 20 23 17 33.630     204.5
8
 2013 04 20 20 11 20.340     2013 04 20 20 14 48.180     207.8
9
 2013 04 20 10 07 55.528     2013 04 20 10 10 32.524     157.0
 2013 04 20 20 09  9.145     2013 04 20 20 11 54.303     165.2
10
 2013 04 20 21 46 58.940     2013 04 20 21 49 33.765     154.8
11
 2013 04 20 11 49 23.193     2013 04 20 11 52 34.894     191.7
12
 2013 04 20 15 01 31.565     2013 04 20 15 04 18.940     167.4
 2013 04 20 21 35 24.880     2013 04 20 21 38 37.484     192.6
13
 2013 04 20 14 59 16.576     2013 04 20 15 02   .197     163.6
 2013 04 20 21 33 59.098     2013 04 20 21 34 40.350      41.3
14
 2013 04 20 15 00 43.884     2013 04 20 15 04 13.954     210.1
 2013 04 20 16 38 33.956     2013 04 20 16 42 18.621     224.7
 2013 04 20 19 59 16.770     2013 04 20 19 59 31.122      14.4
 2013 04 20 21 34  1.815     2013 04 20 21 36 57.879     176.1
15
 2013 04 20 11 49 49.604     2013 04 20 11 53 31.426     221.8
 2013 04 20 18 24 16.555     2013 04 20 18 27 45.740     209.2
16
 2013 04 20 13 21 13.265     2013 04 20 13 24 45.868     212.6
 2013 04 20 21 39 47.976     2013 04 20 21 42 46.838     178.9
17
 2013 04 20 11 44 46.826     2013 04 20 11 47 42.564     175.7
 2013 04 20 21 41 36.635     2013 04 20 21 41 47.755      11.1
18
 2013 04 20 14 59 41.236     2013 04 20 15 02 21.935     160.7
 2013 04 20 21 34 52.939     2013 04 20 21 38 20.545     207.6
19
 2013 04 20 13 28 42.746     2013 04 20 13 31 45.353     182.6
 2013 04 20 18 24  6.308     2013 04 20 18 26 45.106     158.8
20
 2013 04 20 13 15 58.460     2013 04 20 13 19 28.876     210.4
 2013 04 20 23 20  2.224     2013 04 20 23 21  3.969      61.7
21
 2013 04 20 10 04 19.034     2013 04 20 10 07  1.219     162.2
22
 2013 04 20 15 03 49.018     2013 04 20 15 07  1.397     192.4
 2013 04 20 19 59  1.580     2013 04 20 20 01 46.048     164.5
23
 2013 04 20 21 40 29.675     2013 04 20 21 43  7.469     157.8
24
 2013 04 20 11 41 20.404     2013 04 20 11 43 59.007     158.6
 2013 04 20 21 47 11.825     2013 04 20 21 47 33.754      21.9
25
 2013 04 20 15 01 10.439     2013 04 20 15 03 48.175     157.7
 2013 04 20 21 35 12.547     2013 04 20 21 38   .942     168.4
26
 2013 04 20 11 39 21.188     2013 04 20 11 42 40.914     199.7
27
 2013 04 20 13 18 58.405     2013 04 20 13 22 46.392     228.0
 2013 04 20 23 15 43.267     2013 04 20 23 17 38.132     114.9
28
 2013 04 20 20 01 56.243     2013 04 20 20 05 38.651     222.4
29
 2013 04 20 10 08 54.531     2013 04 20 10 11 35.387     160.9
 2013 04 20 20 09 10.162     2013 04 20 20 12  6.883     176.7
30
 2013 04 20 23 15 17.678     2013 04 20 23 18 11.547     173.9
31
 2013 04 20 13 27 30.961     2013 04 20 13 31  3.910     212.9
 2013 04 20 18 23 29.259     2013 04 20 18 27 11.408     222.1
32
 2013 04 20 15 02  4.117     2013 04 20 15 04 41.837     157.7
 2013 04 20 19 56 57.286     2013 04 20 20 00 36.241     219.0
 2013 04 20 21 34 42.092     2013 04 20 21 35 49.743      67.7
33
 2013 04 20 13 21 28.447     2013 04 20 13 22  4.892      36.4
 2013 04 20 23 16 24.824     2013 04 20 23 19 13.868     169.0
34
 2013 04 20 11 44  9.830     2013 04 20 11 46 46.147     156.3
 2013 04 20 21 42 46.433     2013 04 20 21 46 11.018     204.6
35
 2013 04 20 11 48  6.720     2013 04 20 11 50 55.947     169.2
 2013 04 20 20 03 37.393     2013 04 20 20 06 14.186     156.8
36
 2013 04 20 13 27 17.620     2013 04 20 13 29 57.999     160.4
 2013 04 20 18 22  2.603     2013 04 20 18 25 46.223     223.6
 2013 04 20 19 59 58.623     2013 04 20 20 03 42.527     223.9
37
 2013 04 20 11 38 43.660     2013 04 20 11 41 29.921     166.3
38
 2013 04 20 15 00  4.974     2013 04 20 15 02 42.970     158.0
 2013 04 20 21 34 48.581     2013 04 20 21 37 44.747     176.2
39
 2013 04 20 13 21  2.155     2013 04 20 13 21 57.589      55.4
 2013 04 20 23 16 30.828     2013 04 20 23 19 17.260     166.4
40
 2013 04 20 10 07 51.024     2013 04 20 10 11  7.637     196.6
 2013 04 20 20 10 12.450     2013 04 20 20 12 49.652     157.2
41
 2013 04 20 10 03 31.823     2013 04 20 10 07  9.232     217.4
42
 2013 04 20 10 06  9.324     2013 04 20 10 09 12.536     183.2
 2013 04 20 20 13 17.282     2013 04 20 20 14  5.763      48.5
43
 2013 04 20 13 17 41.312     2013 04 20 13 21 15.478     214.2
 2013 04 20 23 18 47.217     2013 04 20 23 22 13.946     206.7
44
 2013 04 20 10 04 28.976     2013 04 20 10 08  3.594     214.6
45
 2013 04 20 13 18  9.417     2013 04 20 13 21 31.247     201.8
 2013 04 20 23 18 18.029     2013 04 20 23 19 50.648      92.6
46
 2013 04 20 11 46 29.614     2013 04 20 11 49 36.738     187.1
 2013 04 20 20 05 54.184     2013 04 20 20 06 53.843      59.7
47
48
 2013 04 20 13 15 47.583     2013 04 20 13 19  4.295     196.7
 2013 04 20 23 19 36.373     2013 04 20 23 22 42.262     185.9
49
 2013 04 20 11 51 26.799     2013 04 20 11 55  8.453     221.7
 2013 04 20 13 29 25.429     2013 04 20 13 33   .104     214.7
 2013 04 20 16 46  5.361     2013 04 20 16 46  6.690       1.3
 2013 04 20 18 24 46.373     2013 04 20 18 27 40.788     174.4
50
 2013 04 20 13 16 37.598     2013 04 20 13 19 12.054     154.5
 2013 04 20 23 18 34.837     2013 04 20 23 21 37.372     182.5
51
 2013 04 20 11 44 34.540     2013 04 20 11 48 21.486     226.9
52
 2013 04 20 15 00 31.602     2013 04 20 15 03 41.111     189.5
 2013 04 20 21 35 58.178     2013 04 20 21 38 35.143     157.0
53
 2013 04 20 11 46 48.078     2013 04 20 11 49 27.977     159.9
 2013 04 20 20 04 10.495     2013 04 20 20 07 43.709     213.2
54
 2013 04 20 11 48 49.530     2013 04 20 11 52  2.330     192.8
 2013 04 20 20 02 45.562     2013 04 20 20 06  3.075     197.5
55
 2013 04 20 21 48 17.965     2013 04 20 21 48 42.262      24.3
56
 2013 04 20 13 20 17.830     2013 04 20 13 23 17.536     179.7
57
 2013 04 20 11 46 17.032     2013 04 20 11 49 13.145     176.1
 2013 04 20 20 07 40.312     2013 04 20 20 08 23.996      43.7
58
 2013 04 20 23 19  5.243     2013 04 20 23 20 39.873      94.6
59
 2013 04 20 13 13 17.384     2013 04 20 13 16 49.722     212.3
60
61
 2013 04 20 23 15  7.824     2013 04 20 23 18 28.984     201.2
62
 2013 04 20 13 24 36.421     2013 04 20 13 27 44.057     187.6
 2013 04 20 19 59  8.146     2013 04 20 20 02 49.476     221.3
63
 2013 04 20 10 11  5.506     2013 04 20 10 14   .698     175.2
64
 2013 04 20 15 02 12.821     2013 04 20 15 05  5.891     173.1
 2013 04 20 19 57 32.197     2013 04 20 20 01  9.428     217.2
65
 2013 04 20 11 45 55.301     2013 04 20 11 48 33.258     158.0
66
 2013 04 20 13 27 20.023     2013 04 20 13 29 59.218     159.2
 2013 04 20 18 22 16.440     2013 04 20 18 23  1.501      45.1
 2013 04 20 20 00 23.125     2013 04 20 20 04  5.149     222.0
67
 2013 04 20 11 50 43.690     2013 04 20 11 51 27.159      43.5
 2013 04 20 18 27 21.668     2013 04 20 18 30  2.890     161.2
68
 2013 04 20 21 41 46.707     2013 04 20 21 44 21.870     155.2
69
 2013 04 20 11 51 45.100     2013 04 20 11 55  1.181     196.1
 2013 04 20 13 29 24.150     2013 04 20 13 30 38.238      74.1
 2013 04 20 16 50 33.104     2013 04 20 16 50 34.703       1.6
 2013 04 20 18 25  3.049     2013 04 20 18 28   .468     177.4
70
 2013 04 20 13 13 32.002     2013 04 20 13 13 48.579      16.6
71
 2013 04 20 13 12 38.795     2013 04 20 13 15 38.612     179.8
72
73
 2013 04 20 13 15 54.472     2013 04 20 13 19 18.422     204.0
 2013 04 20 23 19 43.207     2013 04 20 23 22 36.557     173.4
74
 2013 04 20 13 21 27.982     2013 04 20 13 24 13.941     166.0
 2013 04 20 21 39   .144     2013 04 20 21 42 18.590     198.4
75
 2013 04 20 13 18 38.745     2013 04 20 13 21 40.944     182.2
 2013 04 20 23 16 49.552     2013 04 20 23 20  3.981     194.4
76
 2013 04 20 11 47 54.978     2013 04 20 11 50 31.179     156.2
 2013 04 20 20 04 11.503     2013 04 20 20 06 48.073     156.6
77
 2013 04 20 13 25 58.374     2013 04 20 13 29  8.499     190.1
 2013 04 20 20 01 24.655     2013 04 20 20 04  1.598     156.9
78
 2013 04 20 14 59 28.225     2013 04 20 15 02 40.259     192.0
 2013 04 20 21 35 26.256     2013 04 20 21 38 56.080     209.8
79
 2013 04 20 13 21 29.790     2013 04 20 13 24 17.994     168.2
 2013 04 20 21 39  4.691     2013 04 20 21 42 18.610     193.9
80
 2013 04 20 13 25 45.630     2013 04 20 13 28 53.041     187.4
 2013 04 20 20 01 19.395     2013 04 20 20 03 59.023     159.6
81
 2013 04 20 11 50 42.668     2013 04 20 11 53 40.543     177.9
 2013 04 20 18 26 19.433     2013 04 20 18 29 25.838     186.4
82
 2013 04 20 15 00 10.497     2013 04 20 15 03 24.574     194.1
 2013 04 20 21 34 16.876     2013 04 20 21 36 55.030     158.2
83
 2013 04 20 13 15 32.186     2013 04 20 13 18 28.843     176.7
84
 2013 04 20 13 23 10.871     2013 04 20 13 23 12.729       1.9
85
 2013 04 20 21 41 49.400     2013 04 20 21 44 25.432     156.0
86
 2013 04 20 10 05 36.836     2013 04 20 10 08 11.683     154.8
87
 2013 04 20 23 21  7.890     2013 04 20 23 24 22.400     194.5
88
 2013 04 20 13 28 21.321     2013 04 20 13 31 44.760     203.4
 2013 04 20 18 24 11.246     2013 04 20 18 26 58.902     167.7
89
 2013 04 20 13 21 56.887     2013 04 20 13 25 42.690     225.8
 2013 04 20 21 37 27.873     2013 04 20 21 40  8.640     160.8
90
 2013 04 20 13 21  2.408     2013 04 20 13 23 41.519     159.1
 2013 04 20 21 42  4.076     2013 04 20 21 42 36.580      32.5
91
 2013 04 20 13 17 25.550     2013 04 20 13 20   .190     154.6
 2013 04 20 23 18 28.794     2013 04 20 23 21  3.291     154.5
92
93
 2013 04 20 23 23 55.219     2013 04 20 23 24 56.342      61.1
94
 2013 04 20 10 06 26.571     2013 04 20 10 06 59.968      33.4
 2013 04 20 21 47 51.579     2013 04 20 21 51 14.214     202.6
95
 2013 04 20 13 26 24.537     2013 04 20 13 29 13.933     169.4
 2013 04 20 20 00  5.641     2013 04 20 20 02 52.934     167.3
96
 2013 04 20 10 05 59.589     2013 04 20 10 09  8.530     188.9
97
 2013 04 20 15 00 23.023     2013 04 20 15 03 46.448     203.4
 2013 04 20 16 38  2.437     2013 04 20 16 38 36.031      33.6
 2013 04 20 21 34 11.616     2013 04 20 21 36 51.012     159.4
98
 2013 04 20 23 25 14.125     2013 04 20 23 26  7.314      53.2
99
 2013 04 20 11 40  6.403     2013 04 20 11 43 39.811     213.4
100
 2013 04 20 13 21 20.532     2013 04 20 13 24  1.103     160.6
 2013 04 20 21 38 45.426     2013 04 20 21 42 20.439     215.0
101
 2013 04 20 11 52  1.406     2013 04 20 11 54 45.490     164.1
 2013 04 20 18 26 20.685     2013 04 20 18 29  9.455     168.8
102
 2013 04 20 14 59 38.604     2013 04 20 15 02 26.623     168.0
 2013 04 20 21 34 15.309     2013 04 20 21 37 33.825     198.5
103
 2013 04 20 11 46 13.868     2013 04 20 11 49  2.032     168.2
104
105
 2013 04 20 11 52 45.158     2013 04 20 11 55 23.867     158.7
 2013 04 20 16 47 32.092     2013 04 20 16 51 17.990     225.9
 2013 04 20 18 25 29.305     2013 04 20 18 29 13.745     224.4
106
 2013 04 20 10 09 33.218     2013 04 20 10 12 19.558     166.3
 2013 04 20 20 08 33.486     2013 04 20 20 10  8.217      94.7
107
108
 2013 04 20 15 03 23.682     2013 04 20 15 06 17.119     173.4
 2013 04 20 19 58 34.022     2013 04 20 20 01 11.857     157.8
109
110
 2013 04 20 21 41  5.484     2013 04 20 21 43 58.738     173.3
111
 2013 04 20 10 04 46.034     2013 04 20 10 07 24.403     158.4
112
 2013 04 20 13 26 49.976     2013 04 20 13 29 33.405     163.4
 2013 04 20 20 00 48.757     2013 04 20 20 03 51.126     182.4
113
 2013 04 20 11 51 43.363     2013 04 20 11 54 24.299     160.9
 2013 04 20 18 26 17.732     2013 04 20 18 28 56.148     158.4
114
 2013 04 20 10 02 40.772     2013 04 20 10 05 23.070     162.3
 2013 04 20 21 49 27.084     2013 04 20 21 52 30.361     183.3
115
 2013 04 20 13 24 45.623     2013 04 20 13 24 49.560       3.9
 2013 04 20 21 40  8.461     2013 04 20 21 40 45.361      36.9
116
 2013 04 20 10 02 56.585     2013 04 20 10 05 41.785     165.2
 2013 04 20 21 49  7.084     2013 04 20 21 52 26.157     199.1
117
 2013 04 20 23 22 49.322     2013 04 20 23 25 43.208     173.9
118
 2013 04 20 23 21 34.762     2013 04 20 23 24 40.158     185.4
119
 2013 04 20 11 43 32.768     2013 04 20 11 43 37.346       4.6
120
 2013 04 20 21 48 18.667     2013 04 20 21 50 58.002     159.3
121
 2013 04 20 21 36 39.156     2013 04 20 21 39 21.508     162.4
122
 2013 04 20 13 29 10.741     2013 04 20 13 29 27.439      16.7
 2013 04 20 15 03 31.541     2013 04 20 15 06 56.556     205.0
 2013 04 20 19 59  7.695     2013 04 20 20 01 46.052     158.4
123
 2013 04 20 21 46 22.921     2013 04 20 21 49 14.751     171.8
124
125
 2013 04 20 14 59  9.638     2013 04 20 15 00 41.323      91.7
 2013 04 20 21 35 55.426     2013 04 20 21 39 25.361     209.9
126
127
 2013 04 20 21 45 17.429     2013 04 20 21 45 30.133      12.7
128
 2013 04 20 13 25 33.591     2013 04 20 13 28 11.304     157.7
 2013 04 20 20 00 17.470     2013 04 20 20 03 11.164     173.7
129
 2013 04 20 13 24 12.216     2013 04 20 13 26 51.676     159.5
130
 2013 04 20 13 24 44.654     2013 04 20 13 27 27.048     162.4
 2013 04 20 19 59 28.443     2013 04 20 20 00 39.090      70.6
131
 2013 04 20 11 46 37.803     2013 04 20 11 49 29.185     171.4
 2013 04 20 20 04 26.577     2013 04 20 20 08  1.799     215.2
132
 2013 04 20 11 46 50.659     2013 04 20 11 49 47.034     176.4
 2013 04 20 20 03 14.633     2013 04 20 20 06 47.068     212.4
133
 2013 04 20 13 17 14.967     2013 04 20 13 20 28.100     193.1
 2013 04 20 23 17 30.102     2013 04 20 23 20  9.560     159.5
134
 2013 04 20 13 24 21.504     2013 04 20 13 27   .593     159.1
135
 2013 04 20 23 21 25.007     2013 04 20 23 24 36.658     191.7
136
 2013 04 20 13 16 59.480     2013 04 20 13 19 39.035     159.6
 2013 04 20 23 18 11.559     2013 04 20 23 21   .922     169.4
137
 2013 04 20 21 39 55.847     2013 04 20 21 43 45.025     229.2
138
 2013 04 20 20 04 50.163     2013 04 20 20 05 25.473      35.3
139
 2013 04 20 10 06 27.294     2013 04 20 10 09 34.822     187.5
 2013 04 20 20 10 16.261     2013 04 20 20 13 45.615     209.4
140
 2013 04 20 13 23  5.830     2013 04 20 13 25 47.880     162.1
 2013 04 20 21 38 48.160     2013 04 20 21 41 42.425     174.3
141
 2013 04 20 13 18 49.652     2013 04 20 13 21 47.106     177.5
142
 2013 04 20 13 17  1.638     2013 04 20 13 19 46.781     165.1
 2013 04 20 23 18 59.733     2013 04 20 23 21 35.228     155.5
143
 2013 04 20 11 48 16.611     2013 04 20 11 48 30.175      13.6
 2013 04 20 21 40 53.201     2013 04 20 21 42 52.499     119.3
144
 2013 04 20 11 51 13.892     2013 04 20 11 54 45.373     211.5
 2013 04 20 13 29   .922     2013 04 20 13 32 55.743     234.8
 2013 04 20 18 24 57.345     2013 04 20 18 27 38.401     161.1
145
146
147
148
 2013 04 20 11 44 13.339     2013 04 20 11 47  2.244     168.9
 2013 04 20 21 43  1.354     2013 04 20 21 43 34.529      33.2
149
 2013 04 20 11 47  5.990     2013 04 20 11 48 36.772      90.8
 2013 04 20 20 05 32.074     2013 04 20 20 08  7.656     155.6
150
 2013 04 20 11 49 19.951     2013 04 20 11 53  8.315     228.4
151
 2013 04 20 15 00 36.672     2013 04 20 15 03 32.770     176.1
 2013 04 20 21 35 46.145     2013 04 20 21 38 23.175     157.0
152
 2013 04 20 13 22 53.083     2013 04 20 13 25 33.968     160.9
 2013 04 20 21 38 53.955     2013 04 20 21 41 37.354     163.4
153
154
 2013 04 20 14 58  3.145     2013 04 20 15 01 31.231     208.1
 2013 04 20 23 13 20.495     2013 04 20 23 13 43.086      22.6
155
156
 2013 04 20 13 18 28.052     2013 04 20 13 21 53.589     205.5
 2013 04 20 23 16 36.053     2013 04 20 23 19 42.402     186.3
157
 2013 04 20 11 43 33.421     2013 04 20 11 46  8.234     154.8
 2013 04 20 21 43 26.824     2013 04 20 21 46 16.599     169.8
158
 2013 04 20 13 24 38.794     2013 04 20 13 27 36.771     178.0
 2013 04 20 19 59 13.413     2013 04 20 20 03   .538     227.1
159
 2013 04 20 23 22 46.355     2013 04 20 23 25 21.757     155.4
160
 2013 04 20 13 19 15.588     2013 04 20 13 22 26.485     190.9
 2013 04 20 23 16   .517     2013 04 20 23 16 29.827      29.3
161
 2013 04 20 11 46 24.813     2013 04 20 11 47   .021      35.2
 2013 04 20 20 02 29.334     2013 04 20 20 06  9.156     219.8
162
 2013 04 20 13 13 59.925     2013 04 20 13 16 59.596     179.7
163
 2013 04 20 11 45  9.435     2013 04 20 11 48 39.126     209.7
164
 2013 04 20 13 19 33.631     2013 04 20 13 20 12.042      38.4
165
 2013 04 20 23 19 29.937     2013 04 20 23 22 47.390     197.5
166
 2013 04 20 10 04 30.381     2013 04 20 10 04 44.038      13.7
167
168
 2013 04 20 21 36 43.875     2013 04 20 21 39 38.646     174.8
169
 2013 04 20 11 50 29.636     2013 04 20 11 53 28.068     178.4
 2013 04 20 18 26 10.058     2013 04 20 18 29 33.266     203.2
170
 2013 04 20 21 40 59.163     2013 04 20 21 43 34.700     155.5
171
 2013 04 20 21 45 56.065     2013 04 20 21 48 50.192     174.1
172
 2013 04 20 11 43 59.049     2013 04 20 11 46 59.662     180.6
 2013 04 20 21 42 22.262     2013 04 20 21 45 30.392     188.1
173
 2013 04 20 21 46 12.016     2013 04 20 21 49  6.619     174.6
174
 2013 04 20 13 26 38.425     2013 04 20 13 29 21.906     163.5
 2013 04 20 20 00 11.216     2013 04 20 20 03  6.957     175.7
175
 2013 04 20 13 15 14.225     2013 04 20 13 17 48.813     154.6
176
 2013 04 20 11 44  8.446     2013 04 20 11 47 31.123     202.7
177
 2013 04 20 13 22 46.525     2013 04 20 13 25 23.408     156.9
 2013 04 20 21 38 34.733     2013 04 20 21 41 12.268     157.5
178
 2013 04 20 13 24 22.760     2013 04 20 13 27 57.906     215.1
 2013 04 20 20 04 14.441     2013 04 20 20 04 53.237      38.8
179
 2013 04 20 11 42 13.459     2013 04 20 11 45 18.724     185.3
 2013 04 20 21 44 46.783     2013 04 20 21 47 21.197     154.4
180
 2013 04 20 21 47  3.079     2013 04 20 21 49 58.501     175.4
181
 2013 04 20 10 02 31.592     2013 04 20 10 05 20.262     168.7
 2013 04 20 21 49 27.574     2013 04 20 21 52 21.073     173.5
182
 2013 04 20 21 46 13.244     2013 04 20 21 48 47.097     153.9
183
 2013 04 20 13 26 46.024     2013 04 20 13 28 30.720     104.7
 2013 04 20 20 01 35.223     2013 04 20 20 05 10.177     215.0
184
 2013 04 20 11 51 33.287     2013 04 20 11 54 26.320     173.0
 2013 04 20 18 25 29.266     2013 04 20 18 28  8.577     159.3
185
 2013 04 20 10 08 40.769     2013 04 20 10 11 40.970     180.2
 2013 04 20 20 08 22.119     2013 04 20 20 10 58.453     156.3
186
 2013 04 20 11 47 30.924     2013 04 20 11 50 22.310     171.4
 2013 04 20 20 03 35.528     2013 04 20 20 06 23.243     167.7
187
 2013 04 20 13 24 31.804     2013 04 20 13 27 17.534     165.7
188
 2013 04 20 10 01 21.929     2013 04 20 10 04 54.227     212.3
 2013 04 20 21 49 26.153     2013 04 20 21 52  4.618     158.5
189
 2013 04 20 10 05 22.263     2013 04 20 10 07 56.912     154.6
190
 2013 04 20 23 14 31.423     2013 04 20 23 18 11.962     220.5
191
 2013 04 20 11 41 26.976     2013 04 20 11 44  7.143     160.2
 2013 04 20 21 46 29.791     2013 04 20 21 47 23.526      53.7
192
 2013 04 20 23 21 44.983     2013 04 20 23 24 30.019     165.0
193
 2013 04 20 11 45  2.131     2013 04 20 11 48  6.037     183.9
194
 2013 04 20 11 42 40.422     2013 04 20 11 46  3.651     203.2
 2013 04 20 21 42 47.120     2013 04 20 21 45 26.029     158.9
195
196
 2013 04 20 23 14 54.776     2013 04 20 23 18  6.020     191.2
197
198
 2013 04 20 13 17  1.017     2013 04 20 13 19 37.980     157.0
 2013 04 20 23 18 46.142     2013 04 20 23 21 25.856     159.7
199
 2013 04 20 14 59 40.874     2013 04 20 15 02 55.691     194.8
 2013 04 20 21 35 39.527     2013 04 20 21 38 50.343     190.8
200
 2013 04 20 13 23 16.867     2013 04 20 13 23 44.532      27.7
201
 2013 04 20 11 40  4.696     2013 04 20 11 42 43.713     159.0
202
 2013 04 20 13 21 33.530     2013 04 20 13 24 43.749     190.2
 2013 04 20 21 39 33.134     2013 04 20 21 42 26.196     173.1
203
 2013 04 20 11 37 25.494     2013 04 20 11 40 53.903     208.4
 2013 04 20 23 23  2.551     2013 04 20 23 26 14.935     192.4
204
 2013 04 20 20 06 14.325     2013 04 20 20 06 38.291      24.0
205
 2013 04 20 13 16 28.290     2013 04 20 13 19  5.716     157.4
 2013 04 20 23 18 13.205     2013 04 20 23 21 33.415     200.2
206
 2013 04 20 23 21 57.735     2013 04 20 23 24 31.396     153.7
207
 2013 04 20 11 44 53.623     2013 04 20 11 47 42.134     168.5
208
 2013 04 20 23 21 19.150     2013 04 20 23 21 44.574      25.4
209
 2013 04 20 11 36 50.042     2013 04 20 11 39 44.852     174.8
 2013 04 20 23 24  8.054     2013 04 20 23 26 49.947     161.9
210
 2013 04 20 20 05 45.918     2013 04 20 20 06 48.919      63.0
211
 2013 04 20 11 50 43.810     2013 04 20 11 53 28.986     165.2
 2013 04 20 18 25 19.822     2013 04 20 18 28 23.503     183.7
212
 2013 04 20 10 04  3.103     2013 04 20 10 06 44.010     160.9
213
 2013 04 20 13 16 11.558     2013 04 20 13 19 58.298     226.7
 2013 04 20 23 16 59.657     2013 04 20 23 20 33.790     214.1
214
215
 2013 04 20 11 39 54.832     2013 04 20 11 42 38.442     163.6
216
217
218
219
 2013 04 20 21 41 45.254     2013 04 20 21 45 11.033     205.8
220
 2013 04 20 11 36 17.097     2013 04 20 11 39 25.507     188.4
 2013 04 20 23 24 14.369     2013 04 20 23 26 47.697     153.3
221
 2013 04 20 13 14 39.803     2013 04 20 13 17 19.330     159.5
222
 2013 04 20 11 44  2.281     2013 04 20 11 45 25.718      83.4
223
 2013 04 20 10 08 18.844     2013 04 20 10 08 48.863      30.0
224
225
 2013 04 20 11 51  9.990     2013 04 20 11 54 45.305     215.3
 2013 04 20 13 28 59.743     2013 04 20 13 32 51.592     231.8
 2013 04 20 18 24 54.915     2013 04 20 18 27 35.273     160.4
226
 2013 04 20 11 48  9.593     2013 04 20 11 51 29.386     199.8
 2013 04 20 20 03  4.562     2013 04 20 20 05 46.325     161.8
227
 2013 04 20 11 49 22.574     2013 04 20 11 53   .261     217.7
228
 2013 04 20 13 16 28.348     2013 04 20 13 19 41.609     193.3
 2013 04 20 23 17 28.148     2013 04 20 23 20 48.804     200.7
229
 2013 04 20 11 37 14.972     2013 04 20 11 39 48.508     153.5
 2013 04 20 23 24 19.908     2013 04 20 23 27 33.148     193.2
230
 2013 04 20 11 46 50.627     2013 04 20 11 50 10.368     199.7
 2013 04 20 20 02 58.961     2013 04 20 20 06 19.950     201.0
231
 2013 04 20 10 03 31.146     2013 04 20 10 06  9.449     158.3
232
 2013 04 20 10 07 35.980     2013 04 20 10 10 11.544     155.6
 2013 04 20 20 09 13.705     2013 04 20 20 12 14.178     180.5
233
 2013 04 20 13 23 56.255     2013 04 20 13 26 46.997     170.7
 2013 04 20 21 38 10.823     2013 04 20 21 38 18.782       8.0
234
 2013 04 20 11 43 15.884     2013 04 20 11 47   .686     224.8
 2013 04 20 21 44  2.051     2013 04 20 21 45 44.131     102.1
235
 2013 04 20 10 02 24.908     2013 04 20 10 05 14.585     169.7
 2013 04 20 21 49 32.277     2013 04 20 21 52 20.430     168.2
236
 2013 04 20 11 45 17.564     2013 04 20 11 48 56.737     219.2
237
 2013 04 20 13 14 16.278     2013 04 20 13 17  6.711     170.4
238
 2013 04 20 11 52 48.262     2013 04 20 11 55 26.790     158.5
 2013 04 20 16 47 36.043     2013 04 20 16 51 18.130     222.1
 2013 04 20 18 25 28.183     2013 04 20 18 29 17.275     229.1
239
 2013 04 20 11 44 22.862     2013 04 20 11 47  5.810     162.9
 2013 04 20 21 42 20.178     2013 04 20 21 45 57.892     217.7
240
 2013 04 20 23 15 15.395     2013 04 20 23 17 58.981     163.6
241
 2013 04 20 10 05 26.176     2013 04 20 10 06 15.892      49.7
 2013 04 20 21 48 33.542     2013 04 20 21 51 18.940     165.4
242
243
 2013 04 20 14 59 29.429     2013 04 20 15 03 11.679     222.2
 2013 04 20 21 35 58.351     2013 04 20 21 39  9.076     190.7
244
 2013 04 20 13 23 21.428     2013 04 20 13 27  7.507     226.1
 2013 04 20 21 38 54.600     2013 04 20 21 38 59.553       5.0
245
 2013 04 20 13 17 55.996     2013 04 20 13 18 10.884      14.9
246
 2013 04 20 21 41 22.675     2013 04 20 21 44 32.835     190.2
247
 2013 04 20 23 15 20.146     2013 04 20 23 18 52.426     212.3
248
249
 2013 04 20 21 46  4.831     2013 04 20 21 48 38.722     153.9
250
251
 2013 04 20 21 47 15.285     2013 04 20 21 49 52.641     157.4
252
 2013 04 20 21 36 29.331     2013 04 20 21 39 53.464     204.1
253
 2013 04 20 11 50 51.690     2013 04 20 11 54 38.593     226.9
 2013 04 20 13 28 48.172     2013 04 20 13 32 35.273     227.1
 2013 04 20 18 24 47.378     2013 04 20 18 27 24.985     157.6
254
 2013 04 20 13 23 21.481     2013 04 20 13 27  8.530     227.0
 2013 04 20 21 38 54.558     2013 04 20 21 38 56.664       2.1
255
 2013 04 20 11 41 37.156     2013 04 20 11 45 20.758     223.6
 2013 04 20 21 42 27.372     2013 04 20 21 46  2.637     215.3
256
 2013 04 20 13 25 14.743     2013 04 20 13 28 33.948     199.2
 2013 04 20 20 01 15.595     2013 04 20 20 04 14.794     179.2
257
 2013 04 20 10 04 43.744     2013 04 20 10 08  5.788     202.0
258
259
 2013 04 20 21 46 53.406     2013 04 20 21 49 47.653     174.2
260
261
 2013 04 20 15 00 14.580     2013 04 20 15 03 12.460     177.9
 2013 04 20 21 34 29.232     2013 04 20 21 37  9.044     159.8
262
 2013 04 20 21 36 25.109     2013 04 20 21 40 15.238     230.1
263
264
 2013 04 20 20 11 33.681     2013 04 20 20 14 27.628     173.9
265
 2013 04 20 21 41 32.978     2013 04 20 21 44  8.698     155.7
266
 2013 04 20 20 01 19.641     2013 04 20 20 01 32.224      12.6
267
 2013 04 20 13 12 54.702     2013 04 20 13 15 44.395     169.7
268
 2013 04 20 21 47 29.506     2013 04 20 21 51  3.135     213.6
269
 2013 04 20 11 51  1.770     2013 04 20 11 53 58.659     176.9
 2013 04 20 18 26 30.020     2013 04 20 18 29 17.778     167.8
270
 2013 04 20 10 09 27.733     2013 04 20 10 12  4.653     156.9
 2013 04 20 20 08 18.502     2013 04 20 20 11 32.676     194.2
271
272
 2013 04 20 13 18 45.241     2013 04 20 13 21 24.712     159.5
 2013 04 20 23 17 12.622     2013 04 20 23 20 36.068     203.4
273
 2013 04 20 23 21 24.813     2013 04 20 23 24 17.885     173.1
274
 2013 04 20 10 07 39.882     2013 04 20 10 07 58.481      18.6
 2013 04 20 20 10 27.859     2013 04 20 20 13 25.960     178.1
275
 2013 04 20 11 43 28.206     2013 04 20 11 47  6.501     218.3
 2013 04 20 21 42 11.598     2013 04 20 21 44 57.538     165.9
276
 2013 04 20 10 10 51.878     2013 04 20 10 14 14.888     203.0
277
 2013 04 20 13 23 26.790     2013 04 20 13 26 37.927     191.1
 2013 04 20 21 37 19.114     2013 04 20 21 40 39.806     200.7
278
 2013 04 20 13 23 10.392     2013 04 20 13 25 46.905     156.5
 2013 04 20 21 38 26.811     2013 04 20 21 41 19.056     172.2
279
280
 2013 04 20 13 21 23.707     2013 04 20 13 22 17.577      53.9
 2013 04 20 21 40 11.060     2013 04 20 21 42 49.319     158.3
281
 2013 04 20 10 08 25.938     2013 04 20 10 12  3.974     218.0
 2013 04 20 20 07 54.459     2013 04 20 20 10 29.370     154.9
282
 2013 04 20 13 27 16.543     2013 04 20 13 30  1.640     165.1
 2013 04 20 18 21 59.525     2013 04 20 18 25 34.914     215.4
 2013 04 20 19 59 48.053     2013 04 20 20 03 35.809     227.8
283
 2013 04 20 11 45  7.357     2013 04 20 11 47 42.772     155.4
284
 2013 04 20 13 26 49.880     2013 04 20 13 30 21.709     211.8
 2013 04 20 20 01 23.853     2013 04 20 20 04 49.814     206.0
285
 2013 04 20 11 52 46.379     2013 04 20 11 55 35.665     169.3
 2013 04 20 13 30 10.572     2013 04 20 13 30 21.936      11.4
 2013 04 20 16 47 29.169     2013 04 20 16 50 52.357     203.2
 2013 04 20 18 25  3.312     2013 04 20 18 26  7.353      64.0
286
 2013 04 20 10 10 55.518     2013 04 20 10 13 36.728     161.2
287
288
 2013 04 20 15 02 25.254     2013 04 20 15 05 28.241     183.0
 2013 04 20 19 57 56.906     2013 04 20 20 01 17.203     200.3
289
 2013 04 20 20 11 24.052     2013 04 20 20 15  2.147     218.1
290
 2013 04 20 11 43 52.381     2013 04 20 11 46 39.706     167.3
 2013 04 20 21 43 24.379     2013 04 20 21 46 56.488     212.1
291
 2013 04 20 13 28 24.911     2013 04 20 13 31 53.238     208.3
 2013 04 20 18 24 18.341     2013 04 20 18 27  3.190     164.8
292
 2013 04 20 11 44 59.715     2013 04 20 11 47 57.338     177.6
293
294
 2013 04 20 21 45 51.308     2013 04 20 21 48 39.891     168.6
295
 2013 04 20 13 21 16.553     2013 04 20 13 24 56.915     220.4
 2013 04 20 21 39 55.551     2013 04 20 21 42 46.558     171.0
296
297
298
 2013 04 20 13 19 15.435     2013 04 20 13 22  6.042     170.6
299
 2013 04 20 11 41  6.803     2013 04 20 11 44 11.846     185.0
300
 2013 04 20 13 23   .858     2013 04 20 13 26 32.789     211.9
 2013 04 20 21 39 13.276     2013 04 20 21 42 41.483     208.2
301
 2013 04 20 14 59 32.733     2013 04 20 15 02 30.893     178.2
 2013 04 20 21 34  4.696     2013 04 20 21 37 22.319     197.6
302
 2013 04 20 10 14 15.551     2013 04 20 10 14 16.927       1.4
 2013 04 20 20 05 56.004     2013 04 20 20 05 56.856        .9
303
 2013 04 20 13 11 59.517     2013 04 20 13 12 35.189      35.7
304
 2013 04 20 20 07 18.634     2013 04 20 20 10  8.991     170.4
305
306
 2013 04 20 23 21 48.907     2013 04 20 23 23 15.064      86.2
307
308
 2013 04 20 13 27 35.460     2013 04 20 13 30 16.727     161.3
 2013 04 20 18 22 22.084     2013 04 20 18 25 39.825     197.7
 2013 04 20 19 59 43.775     2013 04 20 19 59 46.557       2.8
309
 2013 04 20 21 41  2.945     2013 04 20 21 43 40.543     157.6
310
 2013 04 20 23 20 20.647     2013 04 20 23 23 16.754     176.1
311
 2013 04 20 13 27 42.067     2013 04 20 13 27 45.825       3.8
 2013 04 20 21 36  9.902     2013 04 20 21 36 51.249      41.3
312
 2013 04 20 13 27 59.855     2013 04 20 13 30 40.123     160.3
 2013 04 20 18 23  3.029     2013 04 20 18 26  9.344     186.3
313
 2013 04 20 13 16 37.411     2013 04 20 13 19 47.251     189.8
 2013 04 20 23 19 27.340     2013 04 20 23 22  2.882     155.5
314
 2013 04 20 23 22  4.921     2013 04 20 23 25  9.564     184.6
315
 2013 04 20 13 24 43.169     2013 04 20 13 27 46.952     183.8
 2013 04 20 19 59 15.386     2013 04 20 20 02 49.941     214.6
316
 2013 04 20 11 46 39.279     2013 04 20 11 50  4.492     205.2
 2013 04 20 20 05  7.035     2013 04 20 20 08 10.677     183.6
317
 2013 04 20 11 52 31.116     2013 04 20 11 55 14.011     162.9
 2013 04 20 16 47 12.622     2013 04 20 16 48 35.061      82.4
 2013 04 20 18 25 25.427     2013 04 20 18 28 53.778     208.4
318
 2013 04 20 21 44 50.748     2013 04 20 21 46 17.212      86.5
319
320
321
 2013 04 20 11 38 33.794     2013 04 20 11 41 21.353     167.6
322
323
 2013 04 20 13 14 51.141     2013 04 20 13 17 44.800     173.7
324
 2013 04 20 10 06 22.896     2013 04 20 10 10  7.996     225.1
325
 2013 04 20 11 44 29.102     2013 04 20 11 48  6.167     217.1
326
 2013 04 20 13 20 52.861     2013 04 20 13 23 49.307     176.4
 2013 04 20 21 42   .078     2013 04 20 21 42 56.716      56.6
327
 2013 04 20 11 49 52.131     2013 04 20 11 53 44.599     232.5
 2013 04 20 13 27 41.254     2013 04 20 13 27 48.096       6.8
 2013 04 20 18 24 17.180     2013 04 20 18 27 34.067     196.9
328
 2013 04 20 11 45 49.962     2013 04 20 11 48 32.598     162.6
329
 2013 04 20 11 46 14.725     2013 04 20 11 48 53.788     159.1
330
 2013 04 20 21 45  3.252     2013 04 20 21 45 38.867      35.6
331
 2013 04 20 13 20 56.996     2013 04 20 13 23 46.563     169.6
332
 2013 04 20 20 06 46.554     2013 04 20 20 06 51.990       5.4
333
 2013 04 20 20 11 56.226     2013 04 20 20 14 30.299     154.1
334
 2013 04 20 13 18 57.857     2013 04 20 13 21 34.753     156.9
 2013 04 20 23 17  4.636     2013 04 20 23 20 46.851     222.2
335
 2013 04 20 13 21 49.761     2013 04 20 13 24 57.221     187.5
 2013 04 20 21 37 51.425     2013 04 20 21 40 48.215     176.8
336
 2013 04 20 13 25 45.491     2013 04 20 13 28 58.891     193.4
 2013 04 20 20 01 24.888     2013 04 20 20 04  3.661     158.8
337
 2013 04 20 11 51  7.182     2013 04 20 11 54 15.111     187.9
 2013 04 20 18 25 13.798     2013 04 20 18 27 51.626     157.8
338
 2013 04 20 11 47 36.347     2013 04 20 11 50 18.318     162.0
 2013 04 20 20 03 49.149     2013 04 20 20 06 34.560     165.4
339
 2013 04 20 11 51 12.689     2013 04 20 11 51 31.572      18.9
 2013 04 20 20 02 38.905     2013 04 20 20 05 16.563     157.7
340
 2013 04 20 13 20 19.469     2013 04 20 13 23 28.642     189.2
341
 2013 04 20 10 05 10.609     2013 04 20 10 07 50.832     160.2
342
 2013 04 20 13 17 37.270     2013 04 20 13 20 11.929     154.7
 2013 04 20 23 18 23.003     2013 04 20 23 20 58.072     155.1
343
 2013 04 20 13 26 57.667     2013 04 20 13 30 51.823     234.2
 2013 04 20 20 01 27.248     2013 04 20 20 03 43.314     136.1
344
345
 2013 04 20 13 25 21.677     2013 04 20 13 26 30.969      69.3
 2013 04 20 20 01 53.575     2013 04 20 20 04 34.049     160.5
346
347
348
 2013 04 20 21 47 12.973     2013 04 20 21 50 33.219     200.2
349
 2013 04 20 11 45 52.650     2013 04 20 11 48 29.293     156.6
350
 2013 04 20 11 38 39.870     2013 04 20 11 38 49.973      10.1
351
 2013 04 20 20 11 19.168     2013 04 20 20 13 54.338     155.2
352
 2013 04 20 21 40 57.236     2013 04 20 21 44 24.579     207.3
353
 2013 04 20 13 15 44.213     2013 04 20 13 18 31.059     166.8
 2013 04 20 23 18 59.034     2013 04 20 23 22 43.633     224.6
354
 2013 04 20 11 41 35.208     2013 04 20 11 45 12.496     217.3
 2013 04 20 21 42 31.053     2013 04 20 21 46 10.756     219.7
355
 2013 04 20 11 48 51.201     2013 04 20 11 51 42.450     171.2
 2013 04 20 20 03 10.326     2013 04 20 20 06 20.840     190.5
356
 2013 04 20 11 39 13.976     2013 04 20 11 42 28.121     194.1
357
 2013 04 20 21 40 44.747     2013 04 20 21 44 18.122     213.4
358
 2013 04 20 11 48  9.531     2013 04 20 11 50 48.545     159.0
 2013 04 20 20 04 20.310     2013 04 20 20 06 58.357     158.0
359
 2013 04 20 13 21 37.022     2013 04 20 13 22 58.935      81.9
 2013 04 20 21 40  7.373     2013 04 20 21 42 43.128     155.8
360
 2013 04 20 10 09 39.333     2013 04 20 10 12 25.565     166.2
 2013 04 20 20 07 51.131     2013 04 20 20 11 15.943     204.8
361
 2013 04 20 13 21 47.144     2013 04 20 13 24 29.811     162.7
 2013 04 20 21 38 14.983     2013 04 20 21 41 22.812     187.8
362
 2013 04 20 21 40 45.170     2013 04 20 21 43 58.218     193.0
363
 2013 04 20 13 15 19.768     2013 04 20 13 18 29.281     189.5
 2013 04 20 23 19 22.901     2013 04 20 23 19 55.053      32.2
364
 2013 04 20 11 49  2.415     2013 04 20 11 51 42.401     160.0
 2013 04 20 20 03 20.537     2013 04 20 20 06 42.137     201.6
365
 2013 04 20 10 11 27.750     2013 04 20 10 14 49.865     202.1
366
367
 2013 04 20 23 20 25.174     2013 04 20 23 23 16.349     171.2
368
 2013 04 20 11 41 53.042     2013 04 20 11 44 39.445     166.4
 2013 04 20 21 43 21.720     2013 04 20 21 46 45.998     204.3
369
 2013 04 20 10 07 22.862     2013 04 20 10 10  1.059     158.2
 2013 04 20 20 09  3.268     2013 04 20 20 12 20.382     197.1
370
 2013 04 20 23 16 21.966     2013 04 20 23 18 57.506     155.5
371
 2013 04 20 13 23 33.975     2013 04 20 13 26 13.907     159.9
 2013 04 20 21 38 23.427     2013 04 20 21 41 48.832     205.4
372
 2013 04 20 11 48 23.072     2013 04 20 11 52  6.364     223.3
 2013 04 20 20 04 43.527     2013 04 20 20 08 16.738     213.2
373
 2013 04 20 11 50 25.871     2013 04 20 11 53  2.858     157.0
 2013 04 20 18 25 23.017     2013 04 20 18 29   .761     217.7
374
 2013 04 20 10 02 57.081     2013 04 20 10 04 24.935      87.9
375
 2013 04 20 10 06 58.754     2013 04 20 10 09 43.026     164.3
 2013 04 20 20 08 45.087     2013 04 20 20 09   .014      14.9
376
 2013 04 20 11 50 12.671     2013 04 20 11 51  5.519      52.8
 2013 04 20 18 27  2.042     2013 04 20 18 30 12.410     190.4
377
 2013 04 20 10 08 22.983     2013 04 20 10 11 46.129     203.1
 2013 04 20 20 09 48.804     2013 04 20 20 12 53.519     184.7
378
 2013 04 20 15 00 27.677     2013 04 20 15 03  6.683     159.0
 2013 04 20 21 34 56.550     2013 04 20 21 37 36.189     159.6
379
 2013 04 20 20 07  3.837     2013 04 20 20 09 39.281     155.4
380
 2013 04 20 20 07   .194     2013 04 20 20 09 50.399     170.2
381
 2013 04 20 11 48 15.124     2013 04 20 11 51 45.598     210.5
 2013 04 20 20 04 48.458     2013 04 20 20 08   .176     191.7
382
 2013 04 20 13 25 41.627     2013 04 20 13 28 27.683     166.1
 2013 04 20 20 00  6.370     2013 04 20 20 02 49.125     162.8
383
 2013 04 20 13 22 24.385     2013 04 20 13 25 34.341     190.0
 2013 04 20 21 37 53.206     2013 04 20 21 40 29.707     156.5
384
 2013 04 20 13 25 27.385     2013 04 20 13 28  4.555     157.2
 2013 04 20 20 00 20.542     2013 04 20 20 03 21.837     181.3
385
 2013 04 20 13 26 56.449     2013 04 20 13 29 34.274     157.8
 2013 04 20 20 00 30.625     2013 04 20 20 03 39.618     189.0
386
 2013 04 20 20 08 44.923     2013 04 20 20 09 50.583      65.7
387
 2013 04 20 15 03 28.508     2013 04 20 15 06 40.654     192.1
 2013 04 20 19 58 55.359     2013 04 20 20 01 33.119     157.8
388
 2013 04 20 23 15 45.185     2013 04 20 23 18 24.679     159.5
389
 2013 04 20 11 42 59.447     2013 04 20 11 45 58.775     179.3
 2013 04 20 21 43  4.309     2013 04 20 21 45 39.054     154.7
390
 2013 04 20 21 46  4.413     2013 04 20 21 48 49.607     165.2
391
 2013 04 20 23 23 21.033     2013 04 20 23 26 13.174     172.1
392
393
 2013 04 20 23 20 41.155     2013 04 20 23 24 12.617     211.5
394
 2013 04 20 10 08 10.807     2013 04 20 10 11 14.775     184.0
 2013 04 20 20 09 55.367     2013 04 20 20 12 36.746     161.4
395
 2013 04 20 11 48 28.875     2013 04 20 11 52 17.515     228.6
 2013 04 20 20 02 25.942     2013 04 20 20 05 34.598     188.7
396
 2013 04 20 11 43 44.761     2013 04 20 11 46 22.734     158.0
 2013 04 20 21 43  5.988     2013 04 20 21 46  1.543     175.6
397
 2013 04 20 13 27  7.122     2013 04 20 13 27 50.971      43.8
 2013 04 20 20 01 52.770     2013 04 20 20 02 22.831      30.1
398
 2013 04 20 21 36 31.083     2013 04 20 21 40   .132     209.0
399
 2013 04 20 20 12 49.424     2013 04 20 20 13 18.784      29.4
