s2
0
 2013 04 20 10 43 29.731     2013 04 20 10 43 31.132       1.4
1
 2013 04 20 13 54 20.901     2013 04 20 13 57 33.881     193.0
 2013 04 20 20 28  6.154     2013 04 20 20 30 47.446     161.3
2
 2013 04 20 12 13  4.535     2013 04 20 12 15 50.774     166.2
3
 2013 04 20 10 30  1.538     2013 04 20 10 33 17.972     196.4
 2013 04 20 22 17 55.165     2013 04 20 22 20 29.520     154.4
4
 2013 04 20 18 55 58.586     2013 04 20 18 58 44.619     166.0
5
 2013 04 20 00 06 59.983     2013 04 20 00 08 13.908      73.9
 2013 04 20 13 47 17.474     2013 04 20 13 49 52.187     154.7
6
 2013 04 20 10 32 41.348     2013 04 20 10 35 34.727     173.4
7
8
 2013 04 20 20 41  4.446     2013 04 20 20 44   .479     176.0
9
 2013 04 20 10 36 43.964     2013 04 20 10 37 41.460      57.5
 2013 04 20 20 38  9.109     2013 04 20 20 41 46.395     217.3
10
 2013 04 20 10 32 26.991     2013 04 20 10 36  2.368     215.4
11
 2013 04 20 18 55 45.993     2013 04 20 18 59  8.669     202.7
12
 2013 04 20 15 30 30.795     2013 04 20 15 34 13.482     222.7
 2013 04 20 20 26 38.357     2013 04 20 20 30 12.730     214.4
13
 2013 04 20 15 28 33.366     2013 04 20 15 31 31.065     177.7
 2013 04 20 22 04  1.667     2013 04 20 22 06 48.561     166.9
14
 2013 04 20 15 30 26.927     2013 04 20 15 33  7.858     160.9
 2013 04 20 20 25 12.686     2013 04 20 20 28 36.509     203.8
 2013 04 20 22 02 42.779     2013 04 20 22 03 12.237      29.5
15
 2013 04 20 12 19 40.001     2013 04 20 12 22 19.603     159.6
 2013 04 20 18 54  7.015     2013 04 20 18 56 47.080     160.1
16
 2013 04 20 22 09 11.991     2013 04 20 22 12 13.024     181.0
17
 2013 04 20 12 14  7.131     2013 04 20 12 17 14.530     187.4
18
 2013 04 20 15 28 36.259     2013 04 20 15 32 20.934     224.7
 2013 04 20 22 04 43.866     2013 04 20 22 07 21.225     157.4
19
 2013 04 20 12 20   .629     2013 04 20 12 23 25.922     205.3
 2013 04 20 13 57 47.190     2013 04 20 14 01 35.944     228.8
 2013 04 20 17 18 35.677     2013 04 20 17 18 48.032      12.4
 2013 04 20 18 53 17.814     2013 04 20 18 56 14.786     177.0
20
 2013 04 20 00 08 45.310     2013 04 20 00 11 27.083     161.8
 2013 04 20 13 45 45.841     2013 04 20 13 48 34.327     168.5
21
22
 2013 04 20 13 55 20.119     2013 04 20 13 58 23.918     183.8
 2013 04 20 15 32 55.486     2013 04 20 15 36 50.892     235.4
 2013 04 20 18 50   .054     2013 04 20 18 53 33.046     213.0
 2013 04 20 20 27 52.301     2013 04 20 20 31 30.753     218.5
23
 2013 04 20 12 16 35.627     2013 04 20 12 16 46.028      10.4
 2013 04 20 22 09 21.223     2013 04 20 22 13  2.937     221.7
24
 2013 04 20 12 10 10.578     2013 04 20 12 11 14.313      63.7
 2013 04 20 22 13 40.667     2013 04 20 22 16 16.802     156.1
25
 2013 04 20 15 30 16.628     2013 04 20 15 33 32.045     195.4
 2013 04 20 20 25 55.734     2013 04 20 20 26 15.380      19.6
 2013 04 20 22 03 52.314     2013 04 20 22 04 33.068      40.8
26
 2013 04 20 22 15 26.797     2013 04 20 22 18 22.538     175.7
27
 2013 04 20 13 48 57.871     2013 04 20 13 51 34.218     156.3
28
 2013 04 20 12 16 17.880     2013 04 20 12 19 10.796     172.9
 2013 04 20 20 31 55.933     2013 04 20 20 34 32.763     156.8
29
30
 2013 04 20 13 48 16.908     2013 04 20 13 51 31.281     194.4
31
 2013 04 20 12 19  5.456     2013 04 20 12 22 18.854     193.4
 2013 04 20 18 53 23.432     2013 04 20 18 56 10.735     167.3
32
 2013 04 20 15 31 14.545     2013 04 20 15 34 19.802     185.3
 2013 04 20 20 26 47.493     2013 04 20 20 29 39.165     171.7
33
 2013 04 20 13 48  9.306     2013 04 20 13 50 44.200     154.9
34
 2013 04 20 12 12 59.321     2013 04 20 12 14 20.002      80.7
35
 2013 04 20 12 17 26.039     2013 04 20 12 20 25.791     179.8
 2013 04 20 20 32 19.484     2013 04 20 20 33 51.393      91.9
36
 2013 04 20 13 56 35.199     2013 04 20 13 59 26.126     170.9
 2013 04 20 18 51 53.259     2013 04 20 18 54 49.486     176.2
37
38
 2013 04 20 15 29 14.381     2013 04 20 15 32 22.717     188.3
 2013 04 20 22 04 18.459     2013 04 20 22 07  1.672     163.2
39
 2013 04 20 13 48  4.443     2013 04 20 13 50 39.745     155.3
40
41
 2013 04 20 20 44 44.167     2013 04 20 20 45  6.303      22.1
42
 2013 04 20 20 40 15.251     2013 04 20 20 42 54.217     159.0
43
44
 2013 04 20 20 41  4.704     2013 04 20 20 44  5.076     180.4
45
46
 2013 04 20 12 16  2.861     2013 04 20 12 18 51.989     169.1
 2013 04 20 20 33  3.282     2013 04 20 20 35 40.567     157.3
47
 2013 04 20 10 30 20.639     2013 04 20 10 33 23.649     183.0
 2013 04 20 22 17 58.277     2013 04 20 22 20 33.475     155.2
48
 2013 04 20 00 10 26.655     2013 04 20 00 13 51.521     204.9
49
 2013 04 20 12 21 12.978     2013 04 20 12 23 58.043     165.1
 2013 04 20 17 15 56.624     2013 04 20 17 19 20.049     203.4
 2013 04 20 18 53 28.862     2013 04 20 18 54 16.195      47.3
50
 2013 04 20 00 09 22.739     2013 04 20 00 12 47.959     205.2
51
 2013 04 20 20 35  2.912     2013 04 20 20 38 34.271     211.4
52
 2013 04 20 13 55 42.213     2013 04 20 13 55 43.043        .8
 2013 04 20 22 04 54.161     2013 04 20 22 08 20.095     205.9
53
 2013 04 20 20 34  4.592     2013 04 20 20 36 43.198     158.6
54
 2013 04 20 12 18 28.297     2013 04 20 12 21  7.727     159.4
 2013 04 20 18 57 32.816     2013 04 20 18 57 50.574      17.8
55
 2013 04 20 10 30 39.906     2013 04 20 10 33 16.909     157.0
 2013 04 20 22 18 17.238     2013 04 20 22 21  3.636     166.4
56
 2013 04 20 22 09 11.606     2013 04 20 22 12  2.133     170.5
57
 2013 04 20 20 34 32.863     2013 04 20 20 37  8.847     156.0
58
59
 2013 04 20 00 11 48.512     2013 04 20 00 15   .159     191.6
60
 2013 04 20 10 35 22.430     2013 04 20 10 38   .539     158.1
 2013 04 20 20 37 17.585     2013 04 20 20 41  5.523     227.9
61
 2013 04 20 13 48 44.565     2013 04 20 13 51 45.134     180.6
62
 2013 04 20 13 54 12.251     2013 04 20 13 56 51.205     159.0
 2013 04 20 20 29  4.171     2013 04 20 20 31 46.709     162.5
63
 2013 04 20 10 40 26.762     2013 04 20 10 43 30.767     184.0
 2013 04 20 18 58 31.950     2013 04 20 19 01 53.365     201.4
64
 2013 04 20 13 56 39.664     2013 04 20 13 57 13.753      34.1
 2013 04 20 15 31 13.518     2013 04 20 15 34 59.477     226.0
 2013 04 20 20 27 23.343     2013 04 20 20 30 11.095     167.8
65
 2013 04 20 12 14 53.000     2013 04 20 12 18 30.235     217.2
 2013 04 20 20 33 36.832     2013 04 20 20 36 41.493     184.7
66
 2013 04 20 13 56 26.370     2013 04 20 13 59 43.256     196.9
 2013 04 20 18 52 12.026     2013 04 20 18 55 15.267     183.2
67
 2013 04 20 10 42 25.547     2013 04 20 10 45 49.281     203.7
 2013 04 20 18 56 30.278     2013 04 20 18 59 38.599     188.3
68
 2013 04 20 12 13  3.185     2013 04 20 12 15 43.095     159.9
 2013 04 20 22 10 25.380     2013 04 20 22 10 58.756      33.4
69
 2013 04 20 12 21 23.682     2013 04 20 12 24  1.592     157.9
 2013 04 20 17 16 13.815     2013 04 20 17 19 39.176     205.4
 2013 04 20 18 53 42.606     2013 04 20 18 53 57.580      15.0
70
 2013 04 20 00 12 11.747     2013 04 20 00 14 48.861     157.1
71
72
 2013 04 20 20 42 27.094     2013 04 20 20 45 47.319     200.2
73
 2013 04 20 00 10 18.342     2013 04 20 00 14   .175     221.8
74
 2013 04 20 22 08 43.200     2013 04 20 22 11 27.597     164.4
75
 2013 04 20 13 48  4.472     2013 04 20 13 51  7.431     183.0
76
 2013 04 20 12 16 48.278     2013 04 20 12 20 32.564     224.3
 2013 04 20 20 33  2.157     2013 04 20 20 36 41.743     219.6
77
 2013 04 20 12 21  4.865     2013 04 20 12 21  9.365       4.5
 2013 04 20 20 30 19.602     2013 04 20 20 33 47.416     207.8
78
 2013 04 20 22 05 18.637     2013 04 20 22 07 55.704     157.1
79
 2013 04 20 22 08 43.964     2013 04 20 22 11 30.923     167.0
80
 2013 04 20 20 30 26.277     2013 04 20 20 33 35.276     189.0
81
 2013 04 20 18 55 56.929     2013 04 20 18 58 37.280     160.4
82
 2013 04 20 15 29 49.055     2013 04 20 15 32 26.265     157.2
 2013 04 20 22 03 23.685     2013 04 20 22 06 29.277     185.6
83
 2013 04 20 00 09 32.889     2013 04 20 00 12  7.514     154.6
 2013 04 20 13 44 47.766     2013 04 20 13 48  8.966     201.2
84
 2013 04 20 12 14 44.245     2013 04 20 12 15 35.572      51.3
 2013 04 20 20 30 49.849     2013 04 20 20 34 35.177     225.3
85
 2013 04 20 12 13 14.652     2013 04 20 12 15 51.494     156.8
86
 2013 04 20 20 39 33.635     2013 04 20 20 42 37.458     183.8
87
 2013 04 20 00 12  5.855     2013 04 20 00 15 25.379     199.5
88
 2013 04 20 12 19 54.709     2013 04 20 12 23  2.637     187.9
 2013 04 20 18 53 35.458     2013 04 20 18 56 19.328     163.9
89
 2013 04 20 13 51 52.881     2013 04 20 13 54 29.103     156.2
 2013 04 20 22 06 33.100     2013 04 20 22 09 48.217     195.1
90
 2013 04 20 22 08 43.659     2013 04 20 22 11 20.253     156.6
91
92
 2013 04 20 10 36 25.469     2013 04 20 10 39  2.737     157.3
 2013 04 20 20 37 27.559     2013 04 20 20 40  8.984     161.4
93
 2013 04 20 00 12 35.278     2013 04 20 00 15 23.767     168.5
94
 2013 04 20 10 33  6.803     2013 04 20 10 35 45.042     158.2
95
 2013 04 20 13 55 49.445     2013 04 20 13 58 32.908     163.5
 2013 04 20 18 50 54.730     2013 04 20 18 54 46.162     231.4
 2013 04 20 20 28 48.878     2013 04 20 20 30 18.042      89.2
96
 2013 04 20 10 35 27.692     2013 04 20 10 38 35.599     187.9
 2013 04 20 20 38 42.860     2013 04 20 20 41 31.851     169.0
97
 2013 04 20 15 30  4.819     2013 04 20 15 32 43.139     158.3
 2013 04 20 20 24 48.942     2013 04 20 20 25 12.350      23.4
 2013 04 20 22 03  5.910     2013 04 20 22 06 34.340     208.4
98
 2013 04 20 00 13 45.364     2013 04 20 00 16 34.087     168.7
 2013 04 20 12 05 11.312     2013 04 20 12 08 19.091     187.8
99
 2013 04 20 22 15 22.008     2013 04 20 22 17 57.460     155.5
100
 2013 04 20 22 08 40.692     2013 04 20 22 11 18.901     158.2
101
 2013 04 20 12 21   .663     2013 04 20 12 24 39.721     219.1
 2013 04 20 17 20 41.036     2013 04 20 17 21  8.819      27.8
 2013 04 20 18 54 58.928     2013 04 20 18 55 25.268      26.3
102
 2013 04 20 15 29   .677     2013 04 20 15 31 50.509     169.8
 2013 04 20 22 04   .992     2013 04 20 22 06 38.406     157.4
103
 2013 04 20 20 34 25.296     2013 04 20 20 37  3.315     158.0
104
 2013 04 20 22 16 12.830     2013 04 20 22 19 31.782     199.0
105
 2013 04 20 12 22   .165     2013 04 20 12 24 55.629     175.5
 2013 04 20 17 17 23.649     2013 04 20 17 20 20.731     177.1
106
107
 2013 04 20 10 29 49.118     2013 04 20 10 33 23.725     214.6
 2013 04 20 22 17 43.919     2013 04 20 22 20 20.988     157.1
108
 2013 04 20 13 54 32.938     2013 04 20 13 58 10.332     217.4
 2013 04 20 15 32 29.817     2013 04 20 15 36  3.963     214.1
 2013 04 20 18 49 12.052     2013 04 20 18 50 11.960      59.9
 2013 04 20 20 27 41.653     2013 04 20 20 30 44.105     182.5
109
 2013 04 20 20 42 36.493     2013 04 20 20 45 37.870     181.4
110
 2013 04 20 12 12 22.401     2013 04 20 12 15 43.625     201.2
 2013 04 20 22 10 20.792     2013 04 20 22 13 33.948     193.2
111
 2013 04 20 20 39 58.381     2013 04 20 20 43 44.673     226.3
112
 2013 04 20 13 55 50.638     2013 04 20 13 59 25.644     215.0
 2013 04 20 18 51 50.273     2013 04 20 18 55 35.235     225.0
113
 2013 04 20 12 20 43.516     2013 04 20 12 24 16.903     213.4
 2013 04 20 18 55  8.283     2013 04 20 18 58 44.526     216.2
114
 2013 04 20 10 31 33.324     2013 04 20 10 32 34.732      61.4
115
 2013 04 20 13 50 43.499     2013 04 20 13 53 22.491     159.0
 2013 04 20 22 06 50.978     2013 04 20 22 09 30.852     159.9
116
 2013 04 20 10 31 53.904     2013 04 20 10 33 36.998     103.1
117
 2013 04 20 00 13 22.691     2013 04 20 00 15 16.936     114.2
 2013 04 20 12 06  3.652     2013 04 20 12 08 43.842     160.2
118
 2013 04 20 12 07 50.528     2013 04 20 12 10 43.326     172.8
119
120
 2013 04 20 10 31 49.532     2013 04 20 10 34 26.522     157.0
 2013 04 20 22 17  4.746     2013 04 20 22 17 42.014      37.3
121
 2013 04 20 13 51 37.252     2013 04 20 13 54 48.441     191.2
 2013 04 20 22 05 49.223     2013 04 20 22 08 56.080     186.9
122
 2013 04 20 13 55 10.353     2013 04 20 13 58  7.386     177.0
 2013 04 20 15 32 36.205     2013 04 20 15 32 39.141       2.9
 2013 04 20 18 49 47.721     2013 04 20 18 51  2.991      75.3
 2013 04 20 20 28  6.772     2013 04 20 20 31 25.179     198.4
123
 2013 04 20 22 15 29.287     2013 04 20 22 19  3.267     214.0
124
 2013 04 20 12 14 46.210     2013 04 20 12 18  8.596     202.4
 2013 04 20 20 31  3.355     2013 04 20 20 31  7.081       3.7
125
 2013 04 20 13 50 37.543     2013 04 20 13 54 23.015     225.5
 2013 04 20 22 05 48.010     2013 04 20 22 08 24.919     156.9
126
 2013 04 20 10 33 23.037     2013 04 20 10 34  9.452      46.4
 2013 04 20 22 17 14.881     2013 04 20 22 19 49.276     154.4
127
 2013 04 20 12 11 27.449     2013 04 20 12 14 15.829     168.4
 2013 04 20 22 11 35.593     2013 04 20 22 14 10.753     155.2
128
 2013 04 20 13 54 42.250     2013 04 20 13 57 52.152     189.9
 2013 04 20 20 29 45.081     2013 04 20 20 32 29.939     164.9
129
 2013 04 20 13 53  4.583     2013 04 20 13 56 54.119     229.5
 2013 04 20 20 29 42.935     2013 04 20 20 33  6.419     203.5
130
 2013 04 20 13 54   .017     2013 04 20 13 56 59.814     179.8
 2013 04 20 20 29 30.264     2013 04 20 20 32 15.974     165.7
131
 2013 04 20 20 34 21.888     2013 04 20 20 37   .393     158.5
132
 2013 04 20 12 16 14.997     2013 04 20 12 19 12.268     177.3
 2013 04 20 20 33  8.612     2013 04 20 20 35 46.206     157.6
133
 2013 04 20 00 07 46.610     2013 04 20 00 08 33.358      46.7
 2013 04 20 13 46 49.087     2013 04 20 13 49 46.689     177.6
134
 2013 04 20 13 53 30.780     2013 04 20 13 56 41.247     190.5
 2013 04 20 20 29 24.040     2013 04 20 20 32 34.440     190.4
135
 2013 04 20 12 07 56.758     2013 04 20 12 10 52.724     176.0
136
 2013 04 20 00 08 43.536     2013 04 20 00 12 25.826     222.3
 2013 04 20 13 45 53.371     2013 04 20 13 47 56.514     123.1
137
 2013 04 20 12 14 27.050     2013 04 20 12 17 46.539     199.5
138
 2013 04 20 12 15 50.661     2013 04 20 12 19 14.448     203.8
 2013 04 20 20 31 29.621     2013 04 20 20 34 11.907     162.3
139
 2013 04 20 20 40  2.416     2013 04 20 20 42 55.560     173.1
140
 2013 04 20 13 51 50.487     2013 04 20 13 52  9.338      18.9
141
142
143
 2013 04 20 12 14 29.503     2013 04 20 12 17  5.000     155.5
144
 2013 04 20 12 20 58.218     2013 04 20 12 23 38.586     160.4
 2013 04 20 17 15 41.316     2013 04 20 17 19 34.844     233.5
 2013 04 20 18 53 49.488     2013 04 20 18 57 23.195     213.7
145
 2013 04 20 10 35 17.551     2013 04 20 10 37 51.241     153.7
 2013 04 20 20 37 40.462     2013 04 20 20 41 25.493     225.0
146
 2013 04 20 12 09 38.287     2013 04 20 12 12 24.946     166.7
147
 2013 04 20 20 44 18.788     2013 04 20 20 45 43.759      85.0
148
149
 2013 04 20 20 34 13.798     2013 04 20 20 35 22.626      68.8
150
 2013 04 20 10 44 19.326     2013 04 20 10 44 41.745      22.4
 2013 04 20 18 56 20.616     2013 04 20 18 59 24.496     183.9
151
 2013 04 20 15 29 28.787     2013 04 20 15 29 51.670      22.9
 2013 04 20 22 04 43.001     2013 04 20 22 08  7.137     204.1
152
 2013 04 20 13 51 37.852     2013 04 20 13 52  1.525      23.7
153
 2013 04 20 00 12 27.350     2013 04 20 00 16  4.438     217.1
154
 2013 04 20 22 04 49.817     2013 04 20 22 05 37.120      47.3
155
 2013 04 20 10 35 46.517     2013 04 20 10 38 53.003     186.5
 2013 04 20 20 36 47.385     2013 04 20 20 40  4.414     197.0
156
 2013 04 20 13 48 13.193     2013 04 20 13 50 58.510     165.3
157
 2013 04 20 12 12 13.769     2013 04 20 12 12 22.777       9.0
158
 2013 04 20 13 54  8.481     2013 04 20 13 56 51.674     163.2
 2013 04 20 20 29 11.904     2013 04 20 20 31 56.012     164.1
159
 2013 04 20 12 06 58.582     2013 04 20 12 09 32.622     154.0
160
 2013 04 20 13 48 49.944     2013 04 20 13 51 42.595     172.7
161
 2013 04 20 12 16 25.035     2013 04 20 12 19   .951     155.9
 2013 04 20 20 32 27.817     2013 04 20 20 35  4.342     156.5
162
 2013 04 20 00 11 19.837     2013 04 20 00 14 18.633     178.8
163
 2013 04 20 12 14 57.989     2013 04 20 12 17 38.455     160.5
 2013 04 20 20 32 27.533     2013 04 20 20 36 18.475     230.9
164
 2013 04 20 22 09 58.869     2013 04 20 22 12 48.738     169.9
165
166
 2013 04 20 20 41 27.275     2013 04 20 20 44  5.729     158.5
167
168
 2013 04 20 13 52 40.059     2013 04 20 13 55 33.754     173.7
169
 2013 04 20 18 55 58.739     2013 04 20 18 58 35.863     157.1
170
 2013 04 20 12 12 55.933     2013 04 20 12 16 21.314     205.4
 2013 04 20 22 09 41.040     2013 04 20 22 10 42.993      62.0
171
172
 2013 04 20 12 13 23.106     2013 04 20 12 16 28.171     185.1
173
 2013 04 20 10 36 24.215     2013 04 20 10 37   .838      36.6
174
 2013 04 20 13 55 58.491     2013 04 20 13 58 47.113     168.6
 2013 04 20 18 51 12.251     2013 04 20 18 54 51.941     219.7
 2013 04 20 20 28 48.715     2013 04 20 20 28 54.926       6.2
175
 2013 04 20 00 10 16.893     2013 04 20 00 12 53.406     156.5
176
177
 2013 04 20 13 51 46.207     2013 04 20 13 55 16.757     210.6
 2013 04 20 22 07 12.522     2013 04 20 22 07 53.624      41.1
178
 2013 04 20 12 19 38.673     2013 04 20 12 19 42.706       4.0
 2013 04 20 20 30 56.916     2013 04 20 20 33 40.811     163.9
179
180
 2013 04 20 10 33  6.096     2013 04 20 10 36  5.502     179.4
181
 2013 04 20 10 31 33.666     2013 04 20 10 35 15.846     222.2
182
183
 2013 04 20 12 18 32.797     2013 04 20 12 21 38.794     186.0
 2013 04 20 18 53  3.525     2013 04 20 18 56 33.099     209.6
184
 2013 04 20 12 21   .618     2013 04 20 12 23 42.489     161.9
 2013 04 20 17 20  5.610     2013 04 20 17 20 13.723       8.1
 2013 04 20 18 54 21.709     2013 04 20 18 57 54.126     212.4
185
 2013 04 20 10 38  3.369     2013 04 20 10 41 11.826     188.5
186
 2013 04 20 12 16 51.435     2013 04 20 12 19 51.333     179.9
 2013 04 20 20 32 49.902     2013 04 20 20 35 56.031     186.1
187
 2013 04 20 13 53 20.551     2013 04 20 13 53 58.506      38.0
 2013 04 20 20 30  8.225     2013 04 20 20 33  4.292     176.1
188
 2013 04 20 10 31  9.133     2013 04 20 10 34  4.078     174.9
 2013 04 20 22 18 10.463     2013 04 20 22 18 36.517      26.1
189
 2013 04 20 20 39 50.705     2013 04 20 20 43  1.524     190.8
190
 2013 04 20 13 48 53.810     2013 04 20 13 52 19.789     206.0
191
 2013 04 20 12 10 20.398     2013 04 20 12 11 56.563      96.2
 2013 04 20 22 13 33.753     2013 04 20 22 16 11.787     158.0
192
 2013 04 20 00 12  6.239     2013 04 20 00 12 44.495      38.3
 2013 04 20 12 06 15.300     2013 04 20 12 09 57.059     221.8
193
 2013 04 20 12 14 30.827     2013 04 20 12 17 28.238     177.4
 2013 04 20 20 36 48.331     2013 04 20 20 36 54.982       6.7
194
 2013 04 20 12 12 23.005     2013 04 20 12 15 12.989     170.0
 2013 04 20 22 11 37.276     2013 04 20 22 14  6.628     149.4
195
 2013 04 20 10 34 25.563     2013 04 20 10 37 18.535     173.0
196
 2013 04 20 13 48 31.451     2013 04 20 13 51 56.292     204.8
197
 2013 04 20 13 49 24.149     2013 04 20 13 52 19.012     174.9
 2013 04 20 22 09 43.793     2013 04 20 22 10  6.643      22.9
198
 2013 04 20 00 09  1.076     2013 04 20 00 09 29.299      28.2
199
 2013 04 20 22 05 19.996     2013 04 20 22 07 59.394     159.4
200
 2013 04 20 13 49 45.507     2013 04 20 13 52 21.288     155.8
 2013 04 20 22 06 40.638     2013 04 20 22 10 21.668     221.0
201
 2013 04 20 22 14 39.000     2013 04 20 22 17 33.589     174.6
202
 2013 04 20 22 08 51.163     2013 04 20 22 11 57.345     186.2
203
 2013 04 20 12 07  9.523     2013 04 20 12 10  6.247     176.7
204
 2013 04 20 10 36 59.022     2013 04 20 10 40 25.367     206.3
 2013 04 20 20 36 20.109     2013 04 20 20 38 57.073     157.0
205
 2013 04 20 00 09 19.974     2013 04 20 00 12 26.250     186.3
 2013 04 20 13 45 16.737     2013 04 20 13 46 11.096      54.4
206
 2013 04 20 12 06 56.094     2013 04 20 12 10  7.377     191.3
207
 2013 04 20 20 37 39.408     2013 04 20 20 38  9.892      30.5
208
 2013 04 20 12 08 30.191     2013 04 20 12 11  3.988     153.8
209
 2013 04 20 12 05 59.920     2013 04 20 12 09 32.390     212.5
210
 2013 04 20 10 40 40.385     2013 04 20 10 40 58.091      17.7
 2013 04 20 20 35 50.319     2013 04 20 20 38 27.291     157.0
211
 2013 04 20 12 20  3.520     2013 04 20 12 22 55.879     172.4
 2013 04 20 18 54 56.114     2013 04 20 18 57 35.399     159.3
212
 2013 04 20 10 32 54.298     2013 04 20 10 33 50.808      56.5
213
 2013 04 20 00 08 20.496     2013 04 20 00 11 12.932     172.4
 2013 04 20 13 46 10.652     2013 04 20 13 48 50.712     160.1
214
 2013 04 20 22 10 24.040     2013 04 20 22 13  2.500     158.5
215
 2013 04 20 22 14 47.597     2013 04 20 22 17 45.432     177.8
216
 2013 04 20 20 41 39.387     2013 04 20 20 41 55.044      15.7
217
 2013 04 20 12 10 38.597     2013 04 20 12 14  8.134     209.5
 2013 04 20 22 11  4.824     2013 04 20 22 13 59.368     174.5
218
 2013 04 20 12 15 18.804     2013 04 20 12 18   .476     161.7
 2013 04 20 20 31 55.171     2013 04 20 20 35 24.888     209.7
219
 2013 04 20 12 11 58.132     2013 04 20 12 14 37.226     159.1
 2013 04 20 22 11 31.231     2013 04 20 22 14 19.377     168.1
220
 2013 04 20 12 05 42.039     2013 04 20 12 08 57.750     195.7
221
 2013 04 20 00 10 50.921     2013 04 20 00 13 36.187     165.3
222
 2013 04 20 20 38 56.434     2013 04 20 20 39  7.528      11.1
223
 2013 04 20 10 34 54.824     2013 04 20 10 37 31.554     156.7
 2013 04 20 20 41 30.900     2013 04 20 20 41 57.303      26.4
224
 2013 04 20 08 59 21.889     2013 04 20 08 59 43.990      22.1
 2013 04 20 20 42 33.988     2013 04 20 20 45  8.782     154.8
225
 2013 04 20 12 20 55.483     2013 04 20 12 23 36.925     161.4
 2013 04 20 17 15 37.503     2013 04 20 17 19 32.557     235.1
 2013 04 20 18 53 48.252     2013 04 20 18 57 19.154     210.9
226
 2013 04 20 12 17 52.417     2013 04 20 12 20 30.826     158.4
 2013 04 20 20 31 39.254     2013 04 20 20 31 53.681      14.4
227
 2013 04 20 18 56 12.355     2013 04 20 18 59 19.285     186.9
228
 2013 04 20 00 08 36.388     2013 04 20 00 11 39.723     183.3
 2013 04 20 13 46  1.791     2013 04 20 13 49  1.700     179.9
229
230
 2013 04 20 12 16 33.230     2013 04 20 12 19 14.137     160.9
 2013 04 20 20 32 45.332     2013 04 20 20 35 25.264     159.9
231
232
 2013 04 20 10 36 19.572     2013 04 20 10 36 43.998      24.4
 2013 04 20 20 38 33.173     2013 04 20 20 41 48.298     195.1
233
 2013 04 20 20 29 52.195     2013 04 20 20 33 31.738     219.5
234
235
 2013 04 20 10 31 28.301     2013 04 20 10 35  8.811     220.5
236
 2013 04 20 12 15 11.855     2013 04 20 12 17 49.174     157.3
 2013 04 20 20 32 26.447     2013 04 20 20 36   .623     214.2
237
 2013 04 20 00 11  9.007     2013 04 20 00 14  1.825     172.8
238
 2013 04 20 12 22  2.986     2013 04 20 12 24 58.928     175.9
 2013 04 20 17 17 26.698     2013 04 20 17 20 21.272     174.6
239
 2013 04 20 12 13 26.409     2013 04 20 12 16 57.024     210.6
240
 2013 04 20 13 47 59.725     2013 04 20 13 51 29.594     209.9
241
 2013 04 20 10 32 24.409     2013 04 20 10 35  4.638     160.2
242
 2013 04 20 10 35 35.464     2013 04 20 10 38 28.912     173.4
 2013 04 20 20 36 57.942     2013 04 20 20 40 30.254     212.3
243
 2013 04 20 13 50 47.777     2013 04 20 13 51 16.639      28.9
 2013 04 20 22 05 38.514     2013 04 20 22 08 18.533     160.0
244
 2013 04 20 20 30 28.415     2013 04 20 20 34 20.912     232.5
245
246
 2013 04 20 12 12 10.189     2013 04 20 12 15  8.760     178.6
 2013 04 20 22 10 55.410     2013 04 20 22 13 52.757     177.3
247
 2013 04 20 13 48 54.390     2013 04 20 13 51 37.786     163.4
248
 2013 04 20 12 14 59.864     2013 04 20 12 15  8.918       9.1
 2013 04 20 22 10 32.493     2013 04 20 22 13 10.215     157.7
249
250
 2013 04 20 12 13 15.959     2013 04 20 12 13 23.427       7.5
251
 2013 04 20 10 31 57.132     2013 04 20 10 35 28.808     211.7
 2013 04 20 22 15 57.417     2013 04 20 22 16 19.865      22.4
252
 2013 04 20 13 53  5.462     2013 04 20 13 55 57.138     171.7
 2013 04 20 20 27 41.826     2013 04 20 20 31 27.743     225.9
253
 2013 04 20 12 20 40.704     2013 04 20 12 23 25.669     165.0
 2013 04 20 17 19 12.294     2013 04 20 17 19 29.066      16.8
 2013 04 20 18 53 48.806     2013 04 20 18 57  2.866     194.1
254
 2013 04 20 20 30 29.459     2013 04 20 20 34 21.081     231.6
255
 2013 04 20 12 11 34.178     2013 04 20 12 14 15.507     161.3
 2013 04 20 22 12 20.225     2013 04 20 22 15  5.207     165.0
256
 2013 04 20 20 30 46.746     2013 04 20 20 33 31.451     164.7
257
 2013 04 20 10 34 23.022     2013 04 20 10 37 21.922     178.9
258
 2013 04 20 00 14 18.388     2013 04 20 00 16 57.684     159.3
 2013 04 20 12 04 54.724     2013 04 20 12 07 43.981     169.3
259
 2013 04 20 10 33  4.544     2013 04 20 10 36 14.876     190.3
260
 2013 04 20 10 36 25.037     2013 04 20 10 39 28.993     184.0
 2013 04 20 20 36 51.635     2013 04 20 20 39 34.155     162.5
261
 2013 04 20 15 29 44.758     2013 04 20 15 32 25.238     160.5
 2013 04 20 22 03 39.986     2013 04 20 22 06 40.540     180.6
262
 2013 04 20 13 50 46.570     2013 04 20 13 53 41.287     174.7
 2013 04 20 22 06 28.633     2013 04 20 22 09  6.298     157.7
263
 2013 04 20 10 35 36.208     2013 04 20 10 38 16.267     160.1
 2013 04 20 20 37 17.297     2013 04 20 20 40 47.297     210.0
264
 2013 04 20 20 40 42.974     2013 04 20 20 44 13.207     210.2
265
 2013 04 20 12 13 14.170     2013 04 20 12 16   .076     165.9
266
 2013 04 20 12 15 52.525     2013 04 20 12 19 20.820     208.3
 2013 04 20 20 31 26.650     2013 04 20 20 34  7.173     160.5
267
268
 2013 04 20 10 33 23.714     2013 04 20 10 35 57.976     154.3
269
 2013 04 20 12 19 51.590     2013 04 20 12 19 55.092       3.5
 2013 04 20 18 55 50.053     2013 04 20 18 58 43.311     173.3
270
 2013 04 20 10 38 18.827     2013 04 20 10 39 59.786     101.0
271
 2013 04 20 12 11  1.637     2013 04 20 12 14 46.702     225.1
 2013 04 20 22 10 51.006     2013 04 20 22 13 29.181     158.2
272
 2013 04 20 13 47 42.369     2013 04 20 13 51 23.242     220.9
273
 2013 04 20 12 07 37.003     2013 04 20 12 10 51.875     194.9
274
275
 2013 04 20 12 13 22.008     2013 04 20 12 16  2.316     160.3
276
 2013 04 20 10 40 36.116     2013 04 20 10 43 18.848     162.7
 2013 04 20 18 58  5.320     2013 04 20 19 01 34.768     209.4
277
 2013 04 20 13 53  4.530     2013 04 20 13 55 44.446     159.9
 2013 04 20 20 31 53.601     2013 04 20 20 32 24.259      30.7
278
 2013 04 20 13 52  8.720     2013 04 20 13 55 41.762     213.0
279
 2013 04 20 08 55 14.439     2013 04 20 08 56 11.106      56.7
 2013 04 20 20 43  1.395     2013 04 20 20 45 38.213     156.8
280
 2013 04 20 22 09  4.458     2013 04 20 22 12 42.723     218.3
281
 2013 04 20 10 38 19.513     2013 04 20 10 41   .745     161.2
282
 2013 04 20 13 56 38.918     2013 04 20 13 59 23.170     164.3
 2013 04 20 18 51 47.578     2013 04 20 18 54 39.716     172.1
283
 2013 04 20 12 13 49.282     2013 04 20 12 14  7.997      18.7
 2013 04 20 20 37 13.769     2013 04 20 20 37 41.602      27.8
284
 2013 04 20 12 18 17.381     2013 04 20 12 21 44.749     207.4
 2013 04 20 18 52 45.144     2013 04 20 18 56 18.440     213.3
285
 2013 04 20 12 22 11.923     2013 04 20 12 24 52.814     160.9
 2013 04 20 17 17 13.402     2013 04 20 17 19 59.366     166.0
286
 2013 04 20 10 39 58.682     2013 04 20 10 43 27.678     209.0
 2013 04 20 18 58 45.067     2013 04 20 19 02 23.485     218.4
287
 2013 04 20 12 08 54.384     2013 04 20 12 11 35.785     161.4
288
 2013 04 20 13 53 34.899     2013 04 20 13 57 17.881     223.0
 2013 04 20 15 31 25.254     2013 04 20 15 32 36.381      71.1
 2013 04 20 20 27 42.156     2013 04 20 20 30 22.402     160.2
289
 2013 04 20 20 41 16.687     2013 04 20 20 44  6.370     169.7
290
291
 2013 04 20 12 20  2.618     2013 04 20 12 23  5.084     182.5
 2013 04 20 18 53 39.286     2013 04 20 18 56 26.119     166.8
292
 2013 04 20 20 34 19.999     2013 04 20 20 38  5.840     225.8
293
 2013 04 20 22 20 21.472     2013 04 20 22 20 38.139      16.7
294
 2013 04 20 22 14 53.745     2013 04 20 22 18 31.731     218.0
295
 2013 04 20 22 09 10.345     2013 04 20 22 12 20.940     190.6
296
 2013 04 20 22 16 27.204     2013 04 20 22 19 35.239     188.0
297
 2013 04 20 10 32 46.096     2013 04 20 10 33 10.672      24.6
 2013 04 20 22 17 27.068     2013 04 20 22 20 31.232     184.2
298
299
 2013 04 20 12 10 31.567     2013 04 20 12 13 42.050     190.5
 2013 04 20 22 13 13.181     2013 04 20 22 15 48.063     154.9
300
301
 2013 04 20 15 29  2.731     2013 04 20 15 31 44.832     162.1
 2013 04 20 22 03 49.822     2013 04 20 22 06 27.301     157.5
302
 2013 04 20 10 40 13.043     2013 04 20 10 42 49.465     156.4
303
304
 2013 04 20 10 37 56.339     2013 04 20 10 40 34.951     158.6
 2013 04 20 20 36 28.917     2013 04 20 20 39 49.614     200.7
305
 2013 04 20 20 42 35.151     2013 04 20 20 45 35.113     180.0
306
 2013 04 20 12 08 10.995     2013 04 20 12 10 45.391     154.4
307
 2013 04 20 10 40 31.254     2013 04 20 10 43 11.135     159.9
 2013 04 20 18 57 16.203     2013 04 20 19 01  6.745     230.5
308
 2013 04 20 13 56 54.599     2013 04 20 13 59 42.507     167.9
 2013 04 20 18 52  4.814     2013 04 20 18 54 47.369     162.6
309
 2013 04 20 12 13 17.354     2013 04 20 12 16 28.859     191.5
310
311
 2013 04 20 13 53 31.530     2013 04 20 13 56 21.256     169.7
 2013 04 20 20 28  5.142     2013 04 20 20 31 15.372     190.2
312
 2013 04 20 13 57  7.649     2013 04 20 14 00 22.430     194.8
 2013 04 20 18 52 41.254     2013 04 20 18 55 19.488     158.2
313
314
 2013 04 20 00 12 51.622     2013 04 20 00 16 23.925     212.3
 2013 04 20 12 05 54.225     2013 04 20 12 09 13.276     199.1
315
 2013 04 20 13 54 16.734     2013 04 20 13 56 56.831     160.1
 2013 04 20 20 29  8.728     2013 04 20 20 31 49.010     160.3
316
 2013 04 20 20 34 36.139     2013 04 20 20 37 32.359     176.2
317
 2013 04 20 12 21 51.285     2013 04 20 12 24 38.809     167.5
 2013 04 20 17 17  5.745     2013 04 20 17 20 11.090     185.3
318
319
 2013 04 20 12 09 25.462     2013 04 20 12 12 37.324     191.9
320
 2013 04 20 20 35 43.932     2013 04 20 20 39  9.042     205.1
321
322
 2013 04 20 10 40 27.892     2013 04 20 10 40 40.729      12.8
 2013 04 20 20 35 57.235     2013 04 20 20 38 33.250     156.0
323
 2013 04 20 00 09 44.785     2013 04 20 00 12 39.365     174.6
 2013 04 20 13 44  2.366     2013 04 20 13 47 29.957     207.6
324
 2013 04 20 10 36 20.864     2013 04 20 10 39  2.589     161.7
 2013 04 20 20 38  7.452     2013 04 20 20 40 43.116     155.7
325
 2013 04 20 20 34 50.631     2013 04 20 20 38 39.919     229.3
326
 2013 04 20 22 09  6.966     2013 04 20 22 11 42.845     155.9
327
 2013 04 20 12 19 45.267     2013 04 20 12 22 28.631     163.4
 2013 04 20 18 54  1.693     2013 04 20 18 56 39.631     157.9
328
 2013 04 20 20 34 15.292     2013 04 20 20 37 12.858     177.6
329
 2013 04 20 12 15 15.592     2013 04 20 12 18 46.876     211.3
 2013 04 20 20 33 38.157     2013 04 20 20 36 24.949     166.8
330
 2013 04 20 10 37 54.091     2013 04 20 10 38  6.676      12.6
331
 2013 04 20 13 50 13.370     2013 04 20 13 53 21.451     188.1
 2013 04 20 22 07 56.036     2013 04 20 22 10 37.355     161.3
332
 2013 04 20 10 37  4.248     2013 04 20 10 39 54.663     170.4
 2013 04 20 20 36 53.459     2013 04 20 20 39 30.527     157.1
333
334
 2013 04 20 13 47 49.533     2013 04 20 13 49 52.063     122.5
335
 2013 04 20 13 51 24.006     2013 04 20 13 54 10.245     166.2
 2013 04 20 22 07 16.853     2013 04 20 22 10 11.287     174.4
336
 2013 04 20 12 20 52.709     2013 04 20 12 20 57.538       4.8
 2013 04 20 20 30 29.482     2013 04 20 20 33 41.858     192.4
337
 2013 04 20 12 20 42.978     2013 04 20 12 23 20.628     157.7
 2013 04 20 18 54 19.255     2013 04 20 18 57 27.132     187.9
338
 2013 04 20 12 16 45.468     2013 04 20 12 20   .743     195.3
 2013 04 20 20 32 59.834     2013 04 20 20 36 10.745     190.9
339
 2013 04 20 12 17 26.035     2013 04 20 12 20  7.191     161.2
 2013 04 20 20 31 37.163     2013 04 20 20 35  1.594     204.4
340
 2013 04 20 13 49 53.553     2013 04 20 13 52 43.777     170.2
 2013 04 20 22 07 30.566     2013 04 20 22 10 40.554     190.0
341
 2013 04 20 20 40  6.724     2013 04 20 20 43 19.189     192.5
342
343
 2013 04 20 12 18 44.721     2013 04 20 12 21 48.830     184.1
 2013 04 20 18 53 13.999     2013 04 20 18 56 28.631     194.6
344
 2013 04 20 12 10 51.491     2013 04 20 12 13 25.559     154.1
 2013 04 20 22 12 15.691     2013 04 20 22 14 59.494     163.8
345
 2013 04 20 12 16 59.727     2013 04 20 12 20 27.084     207.4
 2013 04 20 20 31   .780     2013 04 20 20 34 10.759     190.0
346
 2013 04 20 00 12 58.379     2013 04 20 00 15 35.081     156.7
347
 2013 04 20 12 15  7.932     2013 04 20 12 18  3.800     175.9
 2013 04 20 20 31 33.334     2013 04 20 20 35 13.399     220.1
348
 2013 04 20 10 31  3.464     2013 04 20 10 34 43.125     219.7
 2013 04 20 22 16 49.485     2013 04 20 22 19 53.163     183.7
349
 2013 04 20 12 14 46.611     2013 04 20 12 18 30.669     224.1
 2013 04 20 20 33 40.483     2013 04 20 20 36 47.591     187.1
350
 2013 04 20 22 16  5.666     2013 04 20 22 18 59.131     173.5
351
 2013 04 20 20 39 55.753     2013 04 20 20 39 59.659       3.9
352
 2013 04 20 12 14 15.905     2013 04 20 12 16 55.187     159.3
353
 2013 04 20 00 10 26.389     2013 04 20 00 13 17.853     171.5
354
 2013 04 20 12 11 27.816     2013 04 20 12 14 12.111     164.3
 2013 04 20 22 12 27.216     2013 04 20 22 15 10.368     163.2
355
 2013 04 20 12 18 13.853     2013 04 20 12 21  7.531     173.7
356
 2013 04 20 12 08 45.965     2013 04 20 12 11 51.925     186.0
357
 2013 04 20 12 14 20.978     2013 04 20 12 17  4.575     163.6
358
 2013 04 20 12 16 55.838     2013 04 20 12 17 39.566      43.7
 2013 04 20 20 32 55.395     2013 04 20 20 33 15.394      20.0
359
 2013 04 20 22 08 51.261     2013 04 20 22 10 25.751      94.5
360
 2013 04 20 10 38 47.361     2013 04 20 10 42 11.876     204.5
361
 2013 04 20 13 50 56.398     2013 04 20 13 54 12.306     195.9
 2013 04 20 22 07 50.172     2013 04 20 22 10 37.964     167.8
362
 2013 04 20 12 11 57.625     2013 04 20 12 15 42.064     224.4
 2013 04 20 22 10 21.442     2013 04 20 22 13 14.479     173.0
363
 2013 04 20 00 10 53.114     2013 04 20 00 13 43.174     170.1
364
 2013 04 20 12 18 11.636     2013 04 20 12 21 23.675     192.0
365
 2013 04 20 10 41 11.648     2013 04 20 10 43 53.357     161.7
 2013 04 20 18 58 16.892     2013 04 20 19 01  6.341     169.4
366
 2013 04 20 20 35 46.489     2013 04 20 20 39 28.265     221.8
367
368
 2013 04 20 12 10 57.093     2013 04 20 12 14 31.598     214.5
 2013 04 20 22 13  4.798     2013 04 20 22 15 57.977     173.2
369
 2013 04 20 10 36 13.202     2013 04 20 10 37 22.500      69.3
 2013 04 20 20 38 39.721     2013 04 20 20 41 38.672     179.0
370
 2013 04 20 13 47 46.839     2013 04 20 13 50 24.678     157.8
371
 2013 04 20 13 52 22.865     2013 04 20 13 53 32.804      69.9
372
373
 2013 04 20 12 19 28.969     2013 04 20 12 22 51.205     202.2
 2013 04 20 18 55 18.761     2013 04 20 18 57 58.000     159.2
374
375
 2013 04 20 10 35 59.200     2013 04 20 10 39 39.315     220.1
 2013 04 20 20 38 49.152     2013 04 20 20 41 29.252     160.1
376
 2013 04 20 10 41 48.063     2013 04 20 10 45 23.416     215.4
 2013 04 20 18 56 41.867     2013 04 20 18 59 22.386     160.5
377
378
 2013 04 20 15 29 40.232     2013 04 20 15 32 42.147     181.9
 2013 04 20 22 04  5.797     2013 04 20 22 07  9.376     183.6
379
 2013 04 20 10 38 27.333     2013 04 20 10 41 12.811     165.5
 2013 04 20 20 35 44.815     2013 04 20 20 36 34.089      49.3
380
 2013 04 20 10 37 57.089     2013 04 20 10 40 47.668     170.6
 2013 04 20 20 36 10.829     2013 04 20 20 39 30.363     199.5
381
382
 2013 04 20 13 55  2.814     2013 04 20 13 57 52.246     169.4
 2013 04 20 20 29 21.861     2013 04 20 20 32 17.207     175.3
383
 2013 04 20 13 52   .891     2013 04 20 13 54 43.884     163.0
 2013 04 20 22 06 44.426     2013 04 20 22 10 21.494     217.1
384
 2013 04 20 13 54 31.011     2013 04 20 13 57 52.056     201.0
 2013 04 20 20 29 54.575     2013 04 20 20 32 35.612     161.0
385
 2013 04 20 13 56  3.935     2013 04 20 13 59 16.520     192.6
 2013 04 20 18 51 44.305     2013 04 20 18 55 15.287     211.0
386
 2013 04 20 10 39 29.723     2013 04 20 10 40 42.827      73.1
 2013 04 20 20 36  2.117     2013 04 20 20 38 38.124     156.0
387
 2013 04 20 13 54 56.794     2013 04 20 13 58  6.690     189.9
 2013 04 20 15 32 33.204     2013 04 20 15 33 44.284      71.1
 2013 04 20 18 49 33.612     2013 04 20 18 50 28.193      54.6
 2013 04 20 20 27 58.134     2013 04 20 20 31  9.304     191.2
388
 2013 04 20 13 47 58.590     2013 04 20 13 50 58.514     179.9
389
 2013 04 20 12 12 20.734     2013 04 20 12 15 31.264     190.5
 2013 04 20 22 11 39.622     2013 04 20 22 11 48.965       9.3
390
391
 2013 04 20 00 13 51.971     2013 04 20 00 15 18.192      86.2
 2013 04 20 12 05 53.743     2013 04 20 12 08 26.887     153.1
392
 2013 04 20 22 16 14.526     2013 04 20 22 18 50.260     155.7
393
 2013 04 20 00 11 55.792     2013 04 20 00 14 59.461     183.7
394
395
 2013 04 20 12 18 24.190     2013 04 20 12 21  2.360     158.2
 2013 04 20 18 57 19.070     2013 04 20 18 57 27.477       8.4
396
 2013 04 20 12 12 37.859     2013 04 20 12 16 26.111     228.3
397
 2013 04 20 13 53 45.290     2013 04 20 13 56 30.568     165.3
 2013 04 20 20 28 18.482     2013 04 20 20 31 16.458     178.0
398
 2013 04 20 13 50 58.789     2013 04 20 13 53 56.907     178.1
 2013 04 20 22 06 23.179     2013 04 20 22 09   .248     157.1
399
 2013 04 20 08 56  9.389     2013 04 20 08 59 31.844     202.5
 2013 04 20 20 42 48.860     2013 04 20 20 45 34.892     166.0
