s4
0
1
 2013 04 20 13 38 31.963     2013 04 20 13 39 27.250      55.3
 2013 04 20 15 16 42.828     2013 04 20 15 20 29.566     226.7
 2013 04 20 20 13 18.160     2013 04 20 20 15 56.952     158.8
2
 2013 04 20 11 57 23.002     2013 04 20 12 00  6.269     163.3
 2013 04 20 21 56 48.377     2013 04 20 22 00 15.093     206.7
3
 2013 04 20 22 02 48.689     2013 04 20 22 06 10.704     202.0
4
 2013 04 20 12 04 16.768     2013 04 20 12 07 55.472     218.7
 2013 04 20 18 41  2.798     2013 04 20 18 43 40.606     157.8
5
 2013 04 20 13 31 25.570     2013 04 20 13 34 40.101     194.5
 2013 04 20 23 31 32.553     2013 04 20 23 34 18.518     166.0
6
 2013 04 20 10 20 20.748     2013 04 20 10 20 23.842       3.1
 2013 04 20 22 01 45.339     2013 04 20 22 05 23.931     218.6
7
8
 2013 04 20 20 26 21.201     2013 04 20 20 28 58.979     157.8
9
 2013 04 20 10 21 22.022     2013 04 20 10 24 13.053     171.0
 2013 04 20 20 23 45.991     2013 04 20 20 26 27.035     161.0
10
 2013 04 20 22 01 20.006     2013 04 20 22 04 42.924     202.9
11
 2013 04 20 12 02 45.356     2013 04 20 12 04 18.693      93.3
 2013 04 20 18 44 27.986     2013 04 20 18 44 31.457       3.5
12
 2013 04 20 15 15 23.787     2013 04 20 15 18 34.667     190.9
 2013 04 20 20 15 15.570     2013 04 20 20 15 37.035      21.5
 2013 04 20 21 49 44.034     2013 04 20 21 51 20.312      96.3
13
 2013 04 20 15 13 21.269     2013 04 20 15 16   .304     159.0
 2013 04 20 21 49  5.172     2013 04 20 21 52 22.239     197.1
14
 2013 04 20 15 14 58.607     2013 04 20 15 17 59.285     180.7
 2013 04 20 16 52 38.308     2013 04 20 16 53  7.007      28.7
 2013 04 20 20 10  8.091     2013 04 20 20 13 56.313     228.2
 2013 04 20 21 48 27.845     2013 04 20 21 51 52.945     205.1
15
 2013 04 20 12 03 48.019     2013 04 20 12 06 52.889     184.9
 2013 04 20 18 38 56.130     2013 04 20 18 41 55.836     179.7
16
 2013 04 20 21 54 44.286     2013 04 20 21 57 20.120     155.8
17
 2013 04 20 11 58 38.709     2013 04 20 12 01 16.144     157.4
18
 2013 04 20 15 13 32.959     2013 04 20 15 16 37.992     185.0
 2013 04 20 21 49 55.236     2013 04 20 21 52 48.763     173.5
19
 2013 04 20 12 07 49.696     2013 04 20 12 08 11.625      21.9
 2013 04 20 13 42 26.134     2013 04 20 13 45 50.333     204.2
 2013 04 20 18 38 28.009     2013 04 20 18 41  7.829     159.8
20
 2013 04 20 13 30 15.242     2013 04 20 13 32 58.086     162.8
 2013 04 20 23 32 35.670     2013 04 20 23 35 28.303     172.6
21
 2013 04 20 10 17 23.274     2013 04 20 10 21  5.027     221.8
22
 2013 04 20 13 39 35.016     2013 04 20 13 43 14.386     219.4
 2013 04 20 15 17 43.140     2013 04 20 15 21 16.639     213.5
 2013 04 20 18 34 45.840     2013 04 20 18 38 41.479     235.6
 2013 04 20 20 13 22.681     2013 04 20 20 16 26.907     184.2
23
 2013 04 20 21 55  8.577     2013 04 20 21 57 56.404     167.8
24
 2013 04 20 11 54 58.863     2013 04 20 11 57 47.969     169.1
 2013 04 20 21 58 47.504     2013 04 20 22 01 45.380     177.9
25
 2013 04 20 15 15  7.334     2013 04 20 15 17 57.442     170.1
 2013 04 20 21 49 38.864     2013 04 20 21 52 56.929     198.1
26
 2013 04 20 22 04  5.283     2013 04 20 22 04 17.944      12.7
27
 2013 04 20 13 33 16.482     2013 04 20 13 36 12.079     175.6
28
 2013 04 20 12 00 11.270     2013 04 20 12 03 58.234     227.0
 2013 04 20 20 16 53.814     2013 04 20 20 19 52.258     178.4
29
 2013 04 20 10 22  4.882     2013 04 20 10 25 33.617     208.7
 2013 04 20 20 23  9.585     2013 04 20 20 23 44.755      35.2
30
 2013 04 20 23 29 41.685     2013 04 20 23 31 36.346     114.7
31
 2013 04 20 12 03  3.878     2013 04 20 12 03 18.415      14.5
 2013 04 20 13 41 10.204     2013 04 20 13 41 53.727      43.5
 2013 04 20 18 38  9.523     2013 04 20 18 41 21.616     192.1
32
 2013 04 20 15 16  2.592     2013 04 20 15 18 48.880     166.3
 2013 04 20 20 11 45.164     2013 04 20 20 14 59.030     193.9
33
 2013 04 20 13 32 22.858     2013 04 20 13 35 26.937     184.1
 2013 04 20 23 30 49.165     2013 04 20 23 34 36.057     226.9
34
 2013 04 20 11 57 45.402     2013 04 20 12 00 37.880     172.5
35
 2013 04 20 12 01 54.518     2013 04 20 12 04 32.550     158.0
 2013 04 20 20 17 58.084     2013 04 20 20 20 58.554     180.5
36
 2013 04 20 13 41 10.009     2013 04 20 13 43 49.438     159.4
 2013 04 20 18 36 40.013     2013 04 20 18 39 59.386     199.4
37
 2013 04 20 11 51 55.368     2013 04 20 11 54 29.195     153.8
38
 2013 04 20 15 14  4.854     2013 04 20 15 16 48.681     163.8
 2013 04 20 21 49 41.461     2013 04 20 21 52 19.942     158.5
39
 2013 04 20 13 32 19.731     2013 04 20 13 35 20.492     180.8
 2013 04 20 23 30 56.324     2013 04 20 23 34 38.511     222.2
40
 2013 04 20 20 24 22.038     2013 04 20 20 27 48.458     206.4
41
42
 2013 04 20 10 19  7.932     2013 04 20 10 19 24.198      16.3
 2013 04 20 20 25 16.084     2013 04 20 20 28  8.280     172.2
43
44
45
46
 2013 04 20 12 00 25.472     2013 04 20 12 03  4.852     159.4
 2013 04 20 20 17 56.641     2013 04 20 20 21  3.554     186.9
47
 2013 04 20 22 03  2.139     2013 04 20 22 06  4.564     182.4
48
 2013 04 20 23 34 47.711     2013 04 20 23 37 22.705     155.0
49
 2013 04 20 12 05 22.079     2013 04 20 12 08 31.956     189.9
 2013 04 20 13 43  9.560     2013 04 20 13 45  2.263     112.7
 2013 04 20 17 00 31.675     2013 04 20 17 04 19.214     227.5
 2013 04 20 18 38 53.196     2013 04 20 18 42 14.556     201.4
50
 2013 04 20 13 30 14.700     2013 04 20 13 33 23.598     188.9
 2013 04 20 23 33 44.190     2013 04 20 23 36 19.444     155.3
51
52
 2013 04 20 15 14 18.359     2013 04 20 15 18  4.655     226.3
 2013 04 20 21 50 34.681     2013 04 20 21 53 23.722     169.0
53
 2013 04 20 12 00 14.146     2013 04 20 12 03 30.180     196.0
 2013 04 20 20 19  8.746     2013 04 20 20 21 56.439     167.7
54
 2013 04 20 12 02 44.979     2013 04 20 12 05 29.150     164.2
 2013 04 20 20 16 49.841     2013 04 20 20 17  8.194      18.4
55
 2013 04 20 10 14  9.476     2013 04 20 10 17 56.464     227.0
 2013 04 20 22 03 36.096     2013 04 20 22 06 19.937     163.8
56
 2013 04 20 13 33 44.471     2013 04 20 13 35 16.028      91.6
 2013 04 20 21 54  1.130     2013 04 20 21 57 46.858     225.7
57
 2013 04 20 11 59 35.658     2013 04 20 12 03 24.391     228.7
 2013 04 20 20 19 26.465     2013 04 20 20 22 31.215     184.8
58
59
60
 2013 04 20 10 18 57.335     2013 04 20 10 22 38.882     221.5
61
 2013 04 20 13 36 14.516     2013 04 20 13 36 48.762      34.2
62
 2013 04 20 13 38 39.696     2013 04 20 13 41 23.041     163.3
 2013 04 20 20 14   .752     2013 04 20 20 17  7.735     187.0
63
 2013 04 20 10 24 46.728     2013 04 20 10 27 24.181     157.5
64
 2013 04 20 15 16  5.169     2013 04 20 15 19 21.843     196.7
 2013 04 20 20 12 21.032     2013 04 20 20 15 31.146     190.1
65
 2013 04 20 11 59 33.925     2013 04 20 12 02 21.211     167.3
 2013 04 20 20 21 43.239     2013 04 20 20 22 18.521      35.3
66
 2013 04 20 13 41  6.149     2013 04 20 13 43 59.077     172.9
 2013 04 20 18 36 56.181     2013 04 20 18 40 26.873     210.7
67
 2013 04 20 18 41 45.589     2013 04 20 18 44 24.944     159.4
68
 2013 04 20 11 56 54.009     2013 04 20 12 00 28.969     215.0
 2013 04 20 21 56 18.750     2013 04 20 21 59 17.688     178.9
69
 2013 04 20 12 05 37.419     2013 04 20 12 08 29.127     171.7
 2013 04 20 17 00 47.700     2013 04 20 17 04 39.224     231.5
 2013 04 20 18 39  8.472     2013 04 20 18 42 35.459     207.0
70
 2013 04 20 23 35 31.652     2013 04 20 23 39 18.264     226.6
71
 2013 04 20 13 25 54.992     2013 04 20 13 26  9.300      14.3
72
73
 2013 04 20 23 34 46.710     2013 04 20 23 37 24.378     157.7
74
 2013 04 20 13 35   .784     2013 04 20 13 38 30.531     209.7
 2013 04 20 21 54  4.449     2013 04 20 21 56 44.914     160.5
75
 2013 04 20 13 32 44.114     2013 04 20 13 35 21.417     157.3
76
 2013 04 20 12 01 28.687     2013 04 20 12 04 24.273     175.6
 2013 04 20 20 18 37.983     2013 04 20 20 21 27.825     169.8
77
 2013 04 20 13 39 35.131     2013 04 20 13 43 21.653     226.5
 2013 04 20 20 15 50.523     2013 04 20 20 18 40.341     169.8
78
 2013 04 20 15 13 12.330     2013 04 20 15 17  6.982     234.7
 2013 04 20 21 50 29.872     2013 04 20 21 53 23.187     173.3
79
 2013 04 20 13 35  1.779     2013 04 20 13 38 35.596     213.8
 2013 04 20 21 54  7.406     2013 04 20 21 56 46.271     158.9
80
 2013 04 20 13 39 22.184     2013 04 20 13 43  6.277     224.1
 2013 04 20 20 15 51.793     2013 04 20 20 18 32.430     160.6
81
 2013 04 20 12 04  9.494     2013 04 20 12 07 42.489     213.0
 2013 04 20 18 40 56.041     2013 04 20 18 43 37.525     161.5
82
 2013 04 20 15 14 24.104     2013 04 20 15 17 12.478     168.4
 2013 04 20 21 48 57.514     2013 04 20 21 51 39.554     162.0
83
 2013 04 20 13 29 35.224     2013 04 20 13 32 12.900     157.7
 2013 04 20 23 33  3.158     2013 04 20 23 36 27.205     204.0
84
85
 2013 04 20 11 57  9.022     2013 04 20 12 00 33.587     204.6
 2013 04 20 21 56 14.778     2013 04 20 21 59 27.306     192.5
86
 2013 04 20 10 18 58.716     2013 04 20 10 21 57.134     178.4
87
 2013 04 20 23 36 23.795     2013 04 20 23 38 58.755     155.0
88
 2013 04 20 12 03 56.210     2013 04 20 12 07 46.004     229.8
 2013 04 20 13 42  2.914     2013 04 20 13 45 53.184     230.3
 2013 04 20 18 38 39.224     2013 04 20 18 41 17.050     157.8
89
 2013 04 20 13 36 10.369     2013 04 20 13 39 10.982     180.6
 2013 04 20 21 52 11.359     2013 04 20 21 54 52.144     160.8
90
 2013 04 20 13 34 38.500     2013 04 20 13 37 54.138     195.6
 2013 04 20 21 53 46.444     2013 04 20 21 56 53.868     187.4
91
 2013 04 20 13 31  3.631     2013 04 20 13 34 10.683     187.1
 2013 04 20 23 33  9.069     2013 04 20 23 36 12.402     183.3
92
 2013 04 20 10 20  3.413     2013 04 20 10 23 38.935     215.5
 2013 04 20 20 22  6.658     2013 04 20 20 25 43.587     216.9
93
 2013 04 20 23 36 30.929     2013 04 20 23 39 18.811     167.9
94
 2013 04 20 10 17  2.234     2013 04 20 10 20   .189     178.0
95
 2013 04 20 13 40 21.309     2013 04 20 13 43   .041     158.7
 2013 04 20 20 14 23.492     2013 04 20 20 17 36.978     193.5
96
 2013 04 20 10 19 48.443     2013 04 20 10 22 25.656     157.2
 2013 04 20 20 26  4.108     2013 04 20 20 27 12.423      68.3
97
 2013 04 20 15 14 37.643     2013 04 20 15 17 32.552     174.9
 2013 04 20 21 48 45.291     2013 04 20 21 51 40.766     175.5
98
 2013 04 20 23 37 40.935     2013 04 20 23 40 29.063     168.1
99
 2013 04 20 22 00 26.713     2013 04 20 22 03 27.773     181.1
100
 2013 04 20 13 34 55.987     2013 04 20 13 38 14.475     198.5
 2013 04 20 21 53 54.577     2013 04 20 21 56 42.800     168.2
101
 2013 04 20 12 05 33.911     2013 04 20 12 08 39.830     185.9
 2013 04 20 18 40 26.436     2013 04 20 18 43 45.434     199.0
102
 2013 04 20 15 13 45.553     2013 04 20 15 16 23.742     158.2
 2013 04 20 21 49 14.589     2013 04 20 21 52  4.365     169.8
103
 2013 04 20 11 59 34.768     2013 04 20 12 03 10.417     215.6
 2013 04 20 20 19 14.087     2013 04 20 20 22 29.881     195.8
104
105
 2013 04 20 12 06 26.005     2013 04 20 12 09  6.920     160.9
 2013 04 20 17 01 59.571     2013 04 20 17 05 20.807     201.2
106
 2013 04 20 10 22 41.579     2013 04 20 10 26 20.182     218.6
107
 2013 04 20 22 02 32.246     2013 04 20 22 06  7.169     214.9
108
 2013 04 20 15 17 18.233     2013 04 20 15 20 30.446     192.2
 2013 04 20 20 13  3.771     2013 04 20 20 15 46.268     162.5
109
110
 2013 04 20 21 55 58.706     2013 04 20 21 58 35.127     156.4
111
 2013 04 20 10 17 53.453     2013 04 20 10 21 24.968     211.5
112
 2013 04 20 13 40 33.169     2013 04 20 13 43 37.281     184.1
 2013 04 20 20 15   .354     2013 04 20 20 18 40.347     220.0
113
 2013 04 20 12 05 16.769     2013 04 20 12 08 17.359     180.6
 2013 04 20 18 40 30.470     2013 04 20 18 43 26.735     176.3
114
 2013 04 20 10 16 12.494     2013 04 20 10 18 57.988     165.5
115
 2013 04 20 13 34 53.488     2013 04 20 13 38 12.031     198.5
 2013 04 20 21 51 52.859     2013 04 20 21 55  5.641     192.8
116
 2013 04 20 10 16 31.020     2013 04 20 10 19 13.992     163.0
117
 2013 04 20 11 49 41.741     2013 04 20 11 50  3.011      21.3
 2013 04 20 23 37 53.119     2013 04 20 23 40 31.415     158.3
118
 2013 04 20 11 55 31.238     2013 04 20 11 55 41.677      10.4
119
120
 2013 04 20 10 15 20.181     2013 04 20 10 19  5.926     225.7
 2013 04 20 22 02 58.935     2013 04 20 22 05 48.983     170.0
121
 2013 04 20 13 39 19.386     2013 04 20 13 39 48.979      29.6
 2013 04 20 21 51 24.319     2013 04 20 21 54  3.292     159.0
122
 2013 04 20 13 39 25.632     2013 04 20 13 42 56.730     211.1
 2013 04 20 15 17 24.643     2013 04 20 15 21 13.805     229.2
 2013 04 20 20 13 33.457     2013 04 20 20 16 23.633     170.2
123
 2013 04 20 22 01 15.152     2013 04 20 22 03 53.651     158.5
124
125
 2013 04 20 21 50 59.759     2013 04 20 21 53 51.820     172.1
126
 2013 04 20 22 02 16.165     2013 04 20 22 05 22.831     186.7
127
 2013 04 20 11 57 57.489     2013 04 20 11 59  9.203      71.7
 2013 04 20 21 56 38.977     2013 04 20 21 59 43.051     184.1
128
 2013 04 20 13 39 22.872     2013 04 20 13 42  7.352     164.5
 2013 04 20 20 14 59.095     2013 04 20 20 17 36.985     157.9
129
 2013 04 20 13 37 53.317     2013 04 20 13 40 58.124     184.8
 2013 04 20 20 18 26.368     2013 04 20 20 18 37.747      11.4
130
 2013 04 20 13 38 38.402     2013 04 20 13 41 17.899     159.5
 2013 04 20 20 14 23.833     2013 04 20 20 17 39.239     195.4
131
 2013 04 20 11 59 58.331     2013 04 20 12 03 38.116     219.8
 2013 04 20 20 19 25.656     2013 04 20 20 22 13.847     168.2
132
 2013 04 20 12 00 42.232     2013 04 20 12 03 19.926     157.7
 2013 04 20 20 18 11.629     2013 04 20 20 21   .862     169.2
133
 2013 04 20 13 31 25.370     2013 04 20 13 34  3.676     158.3
 2013 04 20 23 32 21.024     2013 04 20 23 35  8.288     167.3
134
 2013 04 20 13 38 12.427     2013 04 20 13 40 55.034     162.6
 2013 04 20 20 14  9.555     2013 04 20 20 15 31.279      81.7
135
136
 2013 04 20 13 30 49.360     2013 04 20 13 33 36.819     167.5
 2013 04 20 23 33 12.117     2013 04 20 23 35 51.022     158.9
137
138
 2013 04 20 20 16 20.643     2013 04 20 20 19 37.089     196.4
139
 2013 04 20 10 19 25.368     2013 04 20 10 19 27.593       2.2
 2013 04 20 20 25 17.396     2013 04 20 20 27 56.119     158.7
140
 2013 04 20 13 36 43.343     2013 04 20 13 39 58.794     195.5
 2013 04 20 21 53  5.431     2013 04 20 21 56 48.853     223.4
141
 2013 04 20 13 32 14.267     2013 04 20 13 33 32.508      78.2
142
 2013 04 20 13 30 27.803     2013 04 20 13 34 10.474     222.7
 2013 04 20 23 33 43.738     2013 04 20 23 36 41.123     177.4
143
 2013 04 20 11 58 29.842     2013 04 20 12 01 41.724     191.9
144
 2013 04 20 12 05  8.777     2013 04 20 12 08 10.044     181.3
 2013 04 20 18 39  9.641     2013 04 20 18 42  8.457     178.8
145
 2013 04 20 10 19  3.565     2013 04 20 10 22 17.741     194.2
146
 2013 04 20 11 56 18.727     2013 04 20 11 57 19.375      60.6
147
148
 2013 04 20 11 57 30.674     2013 04 20 12 01 14.536     223.9
149
 2013 04 20 20 19 54.515     2013 04 20 20 22 51.715     177.2
150
 2013 04 20 18 40 53.062     2013 04 20 18 44 45.665     232.6
151
 2013 04 20 15 14 25.323     2013 04 20 15 17 53.328     208.0
 2013 04 20 21 50 22.924     2013 04 20 21 53 11.425     168.5
152
 2013 04 20 13 36 30.936     2013 04 20 13 39 44.455     193.5
 2013 04 20 21 53 16.188     2013 04 20 21 56 39.760     203.6
153
154
155
156
 2013 04 20 13 32 41.714     2013 04 20 13 35 24.852     163.1
 2013 04 20 23 30 54.250     2013 04 20 23 30 57.084       2.8
157
 2013 04 20 11 57  3.860     2013 04 20 12 00  5.672     181.8
 2013 04 20 21 57 38.985     2013 04 20 21 59 12.505      93.5
158
 2013 04 20 13 38 39.460     2013 04 20 13 41 19.095     159.6
 2013 04 20 20 14  7.143     2013 04 20 20 17 18.032     190.9
159
 2013 04 20 11 50 45.265     2013 04 20 11 54 16.866     211.6
 2013 04 20 23 37 15.291     2013 04 20 23 40 44.112     208.8
160
 2013 04 20 13 33 24.145     2013 04 20 13 36  3.062     158.9
161
 2013 04 20 12 00 30.340     2013 04 20 12 03 33.980     183.6
 2013 04 20 20 17 27.145     2013 04 20 20 20 22.444     175.3
162
 2013 04 20 13 27 17.401     2013 04 20 13 27 36.597      19.2
163
 2013 04 20 11 59 12.623     2013 04 20 12 01 59.565     166.9
164
 2013 04 20 21 54 47.081     2013 04 20 21 58 34.562     227.5
165
166
 2013 04 20 20 26  4.225     2013 04 20 20 29 42.418     218.2
167
168
 2013 04 20 13 36 48.868     2013 04 20 13 40 27.683     218.8
 2013 04 20 21 51  4.843     2013 04 20 21 54 40.097     215.3
169
 2013 04 20 12 03 55.930     2013 04 20 12 07 30.666     214.7
 2013 04 20 18 40 51.217     2013 04 20 18 43 41.567     170.3
170
 2013 04 20 21 55 32.530     2013 04 20 21 58 28.855     176.3
171
 2013 04 20 22 00  4.125     2013 04 20 22 00 32.113      28.0
172
 2013 04 20 11 57 53.497     2013 04 20 12 00 30.751     157.3
173
 2013 04 20 22 00 19.719     2013 04 20 22 00 43.602      23.9
174
 2013 04 20 13 40 32.658     2013 04 20 13 43 11.215     158.6
 2013 04 20 18 39 49.060     2013 04 20 18 40  4.078      15.0
 2013 04 20 20 14 25.894     2013 04 20 20 17 53.352     207.5
175
 2013 04 20 13 28 55.189     2013 04 20 13 31 56.154     181.0
 2013 04 20 23 33 40.099     2013 04 20 23 37 19.556     219.5
176
177
 2013 04 20 13 36 33.784     2013 04 20 13 39 22.712     168.9
 2013 04 20 21 53  3.135     2013 04 20 21 56  9.215     186.1
178
 2013 04 20 20 15 48.081     2013 04 20 20 19  5.915     197.8
179
 2013 04 20 11 55 23.362     2013 04 20 11 55 38.167      14.8
 2013 04 20 21 59 17.391     2013 04 20 22 02 20.036     182.6
180
 2013 04 20 22 01  9.995     2013 04 20 22 01 25.674      15.7
181
 2013 04 20 10 16  8.765     2013 04 20 10 18 49.638     160.9
 2013 04 20 22 03 34.504     2013 04 20 22 03 52.186      17.7
182
 2013 04 20 22 00 41.709     2013 04 20 22 03 48.715     187.0
183
 2013 04 20 12 02 30.321     2013 04 20 12 03 43.469      73.1
 2013 04 20 18 41 28.575     2013 04 20 18 41 49.630      21.1
184
 2013 04 20 12 05 21.192     2013 04 20 12 08   .682     159.5
 2013 04 20 18 39 42.243     2013 04 20 18 42 38.473     176.2
185
 2013 04 20 10 22 25.022     2013 04 20 10 25  2.150     157.1
 2013 04 20 20 22 35.265     2013 04 20 20 25 52.715     197.5
186
 2013 04 20 12 01 19.959     2013 04 20 12 03 57.782     157.8
 2013 04 20 20 18 14.689     2013 04 20 20 20 51.817     157.1
187
 2013 04 20 13 38 10.167     2013 04 20 13 41 27.508     197.3
 2013 04 20 20 14 55.756     2013 04 20 20 18 32.030     216.3
188
 2013 04 20 10 15 20.158     2013 04 20 10 18  2.428     162.3
 2013 04 20 22 04  5.290     2013 04 20 22 06 57.006     171.7
189
 2013 04 20 10 18 35.362     2013 04 20 10 21 51.592     196.2
190
191
 2013 04 20 11 55  7.303     2013 04 20 11 57 54.117     166.8
 2013 04 20 21 58 44.248     2013 04 20 22 01 36.951     172.7
192
 2013 04 20 23 36 41.520     2013 04 20 23 39 25.042     163.5
193
 2013 04 20 11 58 57.614     2013 04 20 12 01 35.454     157.8
194
 2013 04 20 11 56 43.935     2013 04 20 11 59 25.351     161.4
 2013 04 20 21 57 27.308     2013 04 20 22 00 14.935     167.6
195
 2013 04 20 10 21 53.631     2013 04 20 10 22  6.547      12.9
196
 2013 04 20 23 29 14.369     2013 04 20 23 29 15.612       1.2
197
 2013 04 20 13 33 23.486     2013 04 20 13 33 50.459      27.0
198
 2013 04 20 13 30 33.118     2013 04 20 13 33 55.016     201.9
 2013 04 20 23 33 37.202     2013 04 20 23 36 25.029     167.8
199
 2013 04 20 15 13 25.200     2013 04 20 15 15  4.533      99.3
 2013 04 20 21 50 38.323     2013 04 20 21 53 21.004     162.7
200
 2013 04 20 13 33 57.579     2013 04 20 13 37  7.289     189.7
201
 2013 04 20 11 53 22.073     2013 04 20 11 56 54.993     212.9
 2013 04 20 22 03  5.832     2013 04 20 22 03 27.783      22.0
202
 2013 04 20 13 35   .733     2013 04 20 13 35 42.035      41.3
 2013 04 20 21 54 26.071     2013 04 20 21 57  2.341     156.3
203
 2013 04 20 11 51 32.697     2013 04 20 11 54 13.435     160.7
204
 2013 04 20 20 21 19.619     2013 04 20 20 24 13.555     173.9
205
 2013 04 20 13 30 15.279     2013 04 20 13 33  6.651     171.4
 2013 04 20 23 33 31.076     2013 04 20 23 36  7.622     156.5
206
 2013 04 20 23 36 32.023     2013 04 20 23 39 48.085     196.1
207
 2013 04 20 11 58 12.169     2013 04 20 12 01 53.122     221.0
208
 2013 04 20 11 52 20.124     2013 04 20 11 55 46.154     206.0
209
 2013 04 20 00 00 46.525     2013 04 20 00 01 18.571      32.0
 2013 04 20 11 50 41.576     2013 04 20 11 53 20.228     158.7
 2013 04 20 23 38 30.250     2013 04 20 23 40 34.303     124.1
210
 2013 04 20 20 20 50.149     2013 04 20 20 23 43.667     173.5
211
 2013 04 20 12 04 28.977     2013 04 20 12 07  7.377     158.4
 2013 04 20 18 39 54.644     2013 04 20 18 42 36.595     162.0
212
 2013 04 20 10 17 33.664     2013 04 20 10 20 20.303     166.6
213
 2013 04 20 13 30 32.292     2013 04 20 13 33 23.034     170.7
 2013 04 20 23 32 22.073     2013 04 20 23 35  3.837     161.8
214
 2013 04 20 21 55 19.782     2013 04 20 21 58 41.880     202.1
215
 2013 04 20 11 53  8.973     2013 04 20 11 56 53.190     224.2
 2013 04 20 22 03 34.159     2013 04 20 22 03 40.856       6.7
216
217
 2013 04 20 21 58 51.338     2013 04 20 21 59 48.714      57.4
218
 2013 04 20 11 59 14.106     2013 04 20 12 02 44.025     209.9
219
 2013 04 20 11 55 47.080     2013 04 20 11 59 23.912     216.8
 2013 04 20 21 56 54.043     2013 04 20 21 59 33.793     159.7
220
 2013 04 20 00 00   .000     2013 04 20 00 01   .728      60.7
 2013 04 20 11 50 16.190     2013 04 20 11 52 53.246     157.1
 2013 04 20 23 38 52.072     2013 04 20 23 42  1.984     189.9
221
 2013 04 20 13 28  6.571     2013 04 20 13 31 41.726     215.2
 2013 04 20 23 37 39.001     2013 04 20 23 38 11.023      32.0
222
223
 2013 04 20 10 18 49.099     2013 04 20 10 21 49.105     180.0
224
 2013 04 20 20 27 26.069     2013 04 20 20 30 31.068     185.0
225
 2013 04 20 12 05  5.337     2013 04 20 12 08  9.316     184.0
 2013 04 20 18 39  7.828     2013 04 20 18 42  4.850     177.0
226
 2013 04 20 12 02  7.310     2013 04 20 12 04 53.923     166.6
 2013 04 20 20 17 20.189     2013 04 20 20 20 34.522     194.3
227
 2013 04 20 18 40 44.333     2013 04 20 18 41 14.551      30.2
228
 2013 04 20 13 30 39.118     2013 04 20 13 33 17.123     158.0
 2013 04 20 23 32 45.920     2013 04 20 23 35 23.003     157.1
229
 2013 04 20 11 50 41.232     2013 04 20 11 53 49.586     188.4
230
 2013 04 20 12 00 49.769     2013 04 20 12 03 34.302     164.5
 2013 04 20 20 17 52.466     2013 04 20 20 20 36.516     164.1
231
 2013 04 20 10 16 37.605     2013 04 20 10 20 10.566     213.0
232
 2013 04 20 10 20 59.770     2013 04 20 10 23 55.000     175.2
 2013 04 20 20 24  1.465     2013 04 20 20 26 36.824     155.4
233
 2013 04 20 13 37 31.950     2013 04 20 13 41   .376     208.4
234
235
 2013 04 20 10 16  2.820     2013 04 20 10 18 43.200     160.4
 2013 04 20 22 03 41.348     2013 04 20 22 04 29.864      48.5
236
 2013 04 20 11 59 22.545     2013 04 20 12 02 14.896     172.4
237
 2013 04 20 13 27 36.905     2013 04 20 13 28 53.988      77.1
238
 2013 04 20 12 06 28.912     2013 04 20 12 09 10.088     161.2
 2013 04 20 17 02  3.193     2013 04 20 17 05 21.037     197.8
239
 2013 04 20 11 58  6.446     2013 04 20 12 00 48.703     162.3
240
 2013 04 20 23 29 44.432     2013 04 20 23 33 16.032     211.6
241
 2013 04 20 10 16 22.103     2013 04 20 10 19 17.063     175.0
 2013 04 20 22 02 44.117     2013 04 20 22 04   .790      76.7
242
 2013 04 20 10 22 57.307     2013 04 20 10 23 16.108      18.8
243
 2013 04 20 21 50 57.421     2013 04 20 21 53 39.510     162.1
244
245
246
 2013 04 20 11 59 48.631     2013 04 20 12 00  5.075      16.4
 2013 04 20 21 56 25.049     2013 04 20 21 59  1.170     156.1
247
 2013 04 20 13 32 56.713     2013 04 20 13 36 34.108     217.4
248
 2013 04 20 21 55 28.962     2013 04 20 21 58 48.937     200.0
249
 2013 04 20 22 00 33.428     2013 04 20 22 03 40.142     186.7
250
251
 2013 04 20 22 01 52.803     2013 04 20 22 04 45.963     173.2
252
 2013 04 20 13 37 15.953     2013 04 20 13 40 49.475     213.5
 2013 04 20 21 50 44.014     2013 04 20 21 50 47.193       3.2
253
 2013 04 20 12 04 48.506     2013 04 20 12 08   .644     192.1
 2013 04 20 13 42 30.670     2013 04 20 13 42 40.558       9.9
 2013 04 20 18 39  4.548     2013 04 20 18 41 51.333     166.8
254
255
 2013 04 20 11 55 46.758     2013 04 20 11 58 36.289     169.5
 2013 04 20 21 57 39.767     2013 04 20 22 00 22.297     162.5
256
 2013 04 20 13 38 49.074     2013 04 20 13 39 55.920      66.8
 2013 04 20 20 16   .099     2013 04 20 20 18 38.447     158.3
257
 2013 04 20 10 18 38.034     2013 04 20 10 21 17.529     159.5
258
 2013 04 20 00 00   .000     2013 04 20 00 00  2.276       2.3
 2013 04 20 11 52 21.908     2013 04 20 11 52 41.343      19.4
 2013 04 20 23 38  2.740     2013 04 20 23 41  3.722     181.0
259
 2013 04 20 22 01   .820     2013 04 20 22 01 22.776      22.0
260
 2013 04 20 20 21 30.890     2013 04 20 20 25  8.646     217.8
261
 2013 04 20 15 14 24.663     2013 04 20 15 17  5.139     160.5
 2013 04 20 21 49 12.194     2013 04 20 21 51 51.849     159.7
262
 2013 04 20 13 34 49.761     2013 04 20 13 38 39.409     229.6
 2013 04 20 21 51 34.535     2013 04 20 21 54 37.852     183.3
263
 2013 04 20 10 19  9.871     2013 04 20 10 22 56.195     226.3
264
 2013 04 20 20 26 17.361     2013 04 20 20 28 54.659     157.3
265
 2013 04 20 11 57  1.889     2013 04 20 12 00 49.765     227.9
 2013 04 20 21 55 59.637     2013 04 20 21 59  9.232     189.6
266
 2013 04 20 20 16 19.330     2013 04 20 20 19 31.038     191.7
267
 2013 04 20 13 26 14.366     2013 04 20 13 27 28.527      74.2
268
 2013 04 20 10 17 11.818     2013 04 20 10 20 20.818     189.0
269
 2013 04 20 12 04 29.401     2013 04 20 12 07 59.605     210.2
 2013 04 20 18 40 58.737     2013 04 20 18 43 35.678     156.9
270
 2013 04 20 10 22 54.406     2013 04 20 10 25 44.771     170.4
271
 2013 04 20 21 55 46.226     2013 04 20 21 59  8.950     202.7
272
 2013 04 20 13 32 35.423     2013 04 20 13 35 21.830     166.4
273
 2013 04 20 23 35 42.396     2013 04 20 23 36  7.413      25.0
274
 2013 04 20 20 24 25.567     2013 04 20 20 24 43.088      17.5
275
 2013 04 20 11 57 34.994     2013 04 20 12 00 24.004     169.0
 2013 04 20 21 56 27.216     2013 04 20 22 00  8.472     221.3
276
 2013 04 20 10 24 42.872     2013 04 20 10 27 27.266     164.4
277
 2013 04 20 13 37 32.090     2013 04 20 13 40 15.347     163.3
 2013 04 20 21 51 32.640     2013 04 20 21 51 37.135       4.5
278
 2013 04 20 13 36 56.385     2013 04 20 13 39 47.593     171.2
 2013 04 20 21 52 45.472     2013 04 20 21 56 24.007     218.5
279
 2013 04 20 20 27 39.409     2013 04 20 20 31 14.177     214.8
280
 2013 04 20 21 54 50.762     2013 04 20 21 57 37.384     166.6
281
 2013 04 20 10 22 22.716     2013 04 20 10 25 11.364     168.6
 2013 04 20 20 22 12.368     2013 04 20 20 25 18.971     186.6
282
 2013 04 20 13 41 11.344     2013 04 20 13 43 49.839     158.5
 2013 04 20 18 36 35.764     2013 04 20 18 39 48.717     193.0
283
 2013 04 20 11 58 37.177     2013 04 20 12 01 40.758     183.6
284
 2013 04 20 13 40 27.414     2013 04 20 13 41  1.346      33.9
 2013 04 20 18 41 22.970     2013 04 20 18 41 34.451      11.5
 2013 04 20 20 15 29.540     2013 04 20 20 15 34.972       5.4
285
 2013 04 20 12 06 32.398     2013 04 20 12 09 11.704     159.3
 2013 04 20 17 01 53.485     2013 04 20 17 04 56.841     183.4
286
 2013 04 20 10 24 27.652     2013 04 20 10 27 10.457     162.8
287
 2013 04 20 11 52 35.438     2013 04 20 11 53 24.202      48.8
288
 2013 04 20 15 16 16.833     2013 04 20 15 19 45.783     208.9
 2013 04 20 20 12 43.638     2013 04 20 20 15 39.868     176.2
289
 2013 04 20 20 26 28.502     2013 04 20 20 29  9.615     161.1
290
 2013 04 20 11 57  9.795     2013 04 20 12 00 51.827     222.0
291
 2013 04 20 12 04  5.128     2013 04 20 12 07 47.036     221.9
 2013 04 20 13 42  6.536     2013 04 20 13 46  1.927     235.4
 2013 04 20 18 38 44.901     2013 04 20 18 41 22.383     157.5
292
 2013 04 20 11 58 15.707     2013 04 20 11 59 57.047     101.3
293
294
 2013 04 20 22 00 41.007     2013 04 20 22 03 21.066     160.1
295
 2013 04 20 21 54 47.206     2013 04 20 21 57 23.946     156.7
296
297
298
 2013 04 20 13 32 42.745     2013 04 20 13 36 28.915     226.2
299
 2013 04 20 11 55  4.010     2013 04 20 11 57 41.000     157.0
 2013 04 20 21 58 11.198     2013 04 20 22 01 24.946     193.7
300
301
 2013 04 20 15 13 43.441     2013 04 20 15 16 23.316     159.9
 2013 04 20 21 49  3.518     2013 04 20 21 51 53.233     169.7
302
 2013 04 20 10 24  1.527     2013 04 20 10 27 18.149     196.6
303
304
 2013 04 20 10 21 36.346     2013 04 20 10 25 10.597     214.3
 2013 04 20 20 21 59.770     2013 04 20 20 24 37.121     157.4
305
306
 2013 04 20 11 52 10.121     2013 04 20 11 55 17.817     187.7
307
 2013 04 20 10 24 16.676     2013 04 20 10 27 43.751     207.1
308
 2013 04 20 13 41 28.394     2013 04 20 13 44  7.302     158.9
 2013 04 20 18 36 56.376     2013 04 20 18 39 54.332     178.0
309
 2013 04 20 21 55 26.943     2013 04 20 21 58 43.102     196.2
310
 2013 04 20 23 34 37.840     2013 04 20 23 34 54.090      16.2
311
 2013 04 20 13 37 43.736     2013 04 20 13 41 11.947     208.2
 2013 04 20 20 12 54.454     2013 04 20 20 16 41.062     226.6
312
 2013 04 20 13 41 46.186     2013 04 20 13 44 39.747     173.6
 2013 04 20 18 37 36.064     2013 04 20 18 40 24.217     168.2
313
 2013 04 20 23 34 11.484     2013 04 20 23 37  8.875     177.4
314
 2013 04 20 23 37 15.677     2013 04 20 23 39 50.932     155.3
315
 2013 04 20 13 38 45.403     2013 04 20 13 41 27.199     161.8
 2013 04 20 20 14  7.016     2013 04 20 20 17  8.756     181.7
316
 2013 04 20 20 19 55.474     2013 04 20 20 22 31.703     156.2
317
 2013 04 20 12 06 14.800     2013 04 20 12 08 53.378     158.6
 2013 04 20 17 01 40.514     2013 04 20 17 05 11.610     211.1
 2013 04 20 18 39 24.086     2013 04 20 18 39 43.207      19.1
318
319
320
321
 2013 04 20 11 51 44.782     2013 04 20 11 53 33.607     108.8
322
 2013 04 20 20 20 46.642     2013 04 20 20 23 58.943     192.3
323
 2013 04 20 13 28 52.344     2013 04 20 13 31 30.910     158.6
324
 2013 04 20 10 20 22.922     2013 04 20 10 23 12.984     170.1
 2013 04 20 20 22 53.085     2013 04 20 20 26 11.798     198.7
325
326
 2013 04 20 13 34 21.321     2013 04 20 13 38 11.211     229.9
 2013 04 20 21 54 12.093     2013 04 20 21 57 14.309     182.2
327
 2013 04 20 12 03 51.352     2013 04 20 12 07  4.632     193.3
 2013 04 20 18 38 54.278     2013 04 20 18 41 45.787     171.5
328
 2013 04 20 11 59 12.678     2013 04 20 12 02 38.743     206.1
 2013 04 20 20 18 52.083     2013 04 20 20 18 55.135       3.1
329
 2013 04 20 11 59 54.823     2013 04 20 12 02 39.990     165.2
 2013 04 20 20 18 21.177     2013 04 20 20 21 56.429     215.3
330
331
 2013 04 20 13 34 55.440     2013 04 20 13 37 33.715     158.3
 2013 04 20 21 52 54.040     2013 04 20 21 56 15.178     201.1
332
 2013 04 20 10 23 46.359     2013 04 20 10 24 38.976      52.6
 2013 04 20 20 21 52.853     2013 04 20 20 24 46.915     174.1
333
 2013 04 20 20 26 16.414     2013 04 20 20 29 19.967     183.6
334
 2013 04 20 13 32 44.554     2013 04 20 13 35 35.650     171.1
335
 2013 04 20 13 35 55.464     2013 04 20 13 38 35.435     160.0
 2013 04 20 21 52 46.047     2013 04 20 21 55 22.459     156.4
336
 2013 04 20 13 39 21.470     2013 04 20 13 43 13.121     231.7
 2013 04 20 20 15 56.151     2013 04 20 20 18 38.027     161.9
337
 2013 04 20 12 04 59.043     2013 04 20 12 07 44.486     165.4
 2013 04 20 18 39 33.573     2013 04 20 18 42 16.190     162.6
338
 2013 04 20 12 01 19.498     2013 04 20 12 04   .561     161.1
 2013 04 20 20 18 26.620     2013 04 20 20 21  4.659     158.0
339
 2013 04 20 12 01 27.265     2013 04 20 12 04 46.319     199.1
 2013 04 20 20 17  8.073     2013 04 20 20 19 53.223     165.2
340
 2013 04 20 13 34 26.777     2013 04 20 13 37  5.996     159.2
 2013 04 20 21 56  5.624     2013 04 20 21 56 27.185      21.6
341
 2013 04 20 10 18 16.922     2013 04 20 10 21 52.722     215.8
342
 2013 04 20 13 31 15.947     2013 04 20 13 34 21.767     185.8
 2013 04 20 23 32 57.217     2013 04 20 23 36 12.771     195.6
343
 2013 04 20 12 02 43.102     2013 04 20 12 06 34.203     231.1
 2013 04 20 18 37 52.734     2013 04 20 18 41 44.120     231.4
344
 2013 04 20 11 54 46.276     2013 04 20 11 58  4.739     198.5
 2013 04 20 21 57  3.286     2013 04 20 22 00 45.856     222.6
345
 2013 04 20 20 16 26.828     2013 04 20 20 19  6.977     160.1
346
 2013 04 20 23 36 38.467     2013 04 20 23 39 45.236     186.8
347
 2013 04 20 11 58 57.258     2013 04 20 11 59 18.375      21.1
348
 2013 04 20 22 02 21.260     2013 04 20 22 04 56.901     155.6
349
 2013 04 20 11 59 29.110     2013 04 20 12 02 19.690     170.6
 2013 04 20 20 22  3.137     2013 04 20 20 22 25.272      22.1
350
 2013 04 20 22 04 33.640     2013 04 20 22 04 54.317      20.7
351
 2013 04 20 20 25 42.649     2013 04 20 20 28 40.567     177.9
352
 2013 04 20 11 58 10.253     2013 04 20 12 01 38.513     208.3
353
 2013 04 20 13 29  7.931     2013 04 20 13 32 57.160     229.2
 2013 04 20 23 34 25.804     2013 04 20 23 37  9.855     164.1
354
 2013 04 20 11 55 43.334     2013 04 20 11 58 29.680     166.3
 2013 04 20 21 57 44.854     2013 04 20 22 00 29.195     164.3
355
 2013 04 20 12 02 39.769     2013 04 20 12 05 17.729     158.0
 2013 04 20 20 17 15.220     2013 04 20 20 18   .790      45.6
356
 2013 04 20 11 53 15.545     2013 04 20 11 55 53.144     157.6
357
 2013 04 20 11 58 12.664     2013 04 20 12 01 51.131     218.5
358
 2013 04 20 12 01 38.574     2013 04 20 12 04 47.151     188.6
 2013 04 20 20 18 37.415     2013 04 20 20 21 46.264     188.8
359
 2013 04 20 21 54 41.159     2013 04 20 21 57 36.400     175.2
360
 2013 04 20 10 23 15.410     2013 04 20 10 25 55.343     159.9
361
 2013 04 20 13 35 40.940     2013 04 20 13 38 21.903     161.0
 2013 04 20 21 53 14.778     2013 04 20 21 55 52.807     158.0
362
 2013 04 20 21 55 48.518     2013 04 20 21 58 25.584     157.1
363
 2013 04 20 23 34 51.009     2013 04 20 23 37 36.478     165.5
364
 2013 04 20 12 02 44.005     2013 04 20 12 05 25.900     161.9
365
 2013 04 20 10 25 17.957     2013 04 20 10 28  2.722     164.8
 2013 04 20 18 42 49.731     2013 04 20 18 46 27.540     217.8
366
367
 2013 04 20 23 34 44.162     2013 04 20 23 35 26.664      42.5
368
 2013 04 20 11 55 39.141     2013 04 20 11 58 20.227     161.1
 2013 04 20 21 58 30.767     2013 04 20 22 01  8.690     157.9
369
 2013 04 20 10 20 50.954     2013 04 20 10 23 39.930     169.0
 2013 04 20 20 23 59.221     2013 04 20 20 26 35.496     156.3
370
 2013 04 20 13 31 50.489     2013 04 20 13 35 18.065     207.6
 2013 04 20 23 30 58.533     2013 04 20 23 34  8.708     190.2
371
 2013 04 20 13 37 13.646     2013 04 20 13 40 22.152     188.5
372
373
 2013 04 20 12 04  2.479     2013 04 20 12 06 51.938     169.5
 2013 04 20 18 40  6.073     2013 04 20 18 43  8.002     181.9
374
375
 2013 04 20 10 20 33.021     2013 04 20 10 23 15.379     162.4
 2013 04 20 20 23 52.222     2013 04 20 20 26 41.570     169.3
376
 2013 04 20 18 41 40.588     2013 04 20 18 44 22.583     162.0
377
378
 2013 04 20 15 14 28.901     2013 04 20 15 17 10.577     161.7
 2013 04 20 21 49 39.234     2013 04 20 21 52 19.366     160.1
379
 2013 04 20 10 22  4.102     2013 04 20 10 25 52.803     228.7
 2013 04 20 20 21 27.270     2013 04 20 20 24 23.353     176.1
380
 2013 04 20 10 24 24.680     2013 04 20 10 25 30.867      66.2
 2013 04 20 20 21 41.219     2013 04 20 20 24 18.523     157.3
381
 2013 04 20 20 18 50.049     2013 04 20 20 19  4.560      14.5
382
 2013 04 20 13 39 37.316     2013 04 20 13 42 15.632     158.3
 2013 04 20 20 14 41.840     2013 04 20 20 17 19.691     157.9
383
 2013 04 20 13 36 30.364     2013 04 20 13 39 11.788     161.4
 2013 04 20 21 52 29.076     2013 04 20 21 55 19.873     170.8
384
 2013 04 20 13 39 13.896     2013 04 20 13 42  4.096     170.2
 2013 04 20 20 15  5.196     2013 04 20 20 17 45.341     160.1
385
 2013 04 20 13 40 43.638     2013 04 20 13 43 32.711     169.1
 2013 04 20 18 36 24.856     2013 04 20 18 36 38.473      13.6
 2013 04 20 20 14 41.356     2013 04 20 20 18 29.093     227.7
386
 2013 04 20 20 20 59.254     2013 04 20 20 23 56.866     177.6
387
 2013 04 20 13 39  9.956     2013 04 20 13 42 59.219     229.3
 2013 04 20 15 17 21.853     2013 04 20 15 20 56.772     214.9
 2013 04 20 20 13 22.906     2013 04 20 20 16  9.286     166.4
388
 2013 04 20 13 35 36.360     2013 04 20 13 36  3.208      26.8
 2013 04 20 23 30 16.663     2013 04 20 23 33 39.989     203.3
389
 2013 04 20 11 56 53.517     2013 04 20 11 59 30.683     157.2
 2013 04 20 21 57 35.216     2013 04 20 22 00 36.668     181.5
390
 2013 04 20 22 00 16.343     2013 04 20 22 02  5.082     108.7
391
 2013 04 20 00 00   .000     2013 04 20 00 00  1.426       1.4
 2013 04 20 11 49 47.614     2013 04 20 11 53  3.112     195.5
 2013 04 20 23 38 23.513     2013 04 20 23 41  2.743     159.2
392
 2013 04 20 22 01  5.768     2013 04 20 22 04 33.398     207.6
393
 2013 04 20 23 36  4.115     2013 04 20 23 38 42.314     158.2
394
 2013 04 20 10 21 11.979     2013 04 20 10 21 38.601      26.6
 2013 04 20 20 24  1.345     2013 04 20 20 27 38.748     217.4
395
 2013 04 20 12 02 30.409     2013 04 20 12 05 36.449     186.0
 2013 04 20 20 16 32.718     2013 04 20 20 17 50.920      78.2
396
 2013 04 20 11 57 22.929     2013 04 20 12 00 11.701     168.8
 2013 04 20 21 57 16.284     2013 04 20 21 58  2.418      46.1
397
 2013 04 20 13 37 59.533     2013 04 20 13 41 18.800     199.3
 2013 04 20 20 13 10.267     2013 04 20 20 16 40.705     210.4
398
 2013 04 20 13 35  1.775     2013 04 20 13 36  9.199      67.4
 2013 04 20 21 51 35.995     2013 04 20 21 54 26.041     170.0
399
 2013 04 20 20 27 57.030     2013 04 20 20 30 41.436     164.4
