s3
0
1
 2013 04 20 13 48 29.838     2013 04 20 13 51 56.881     207.0
 2013 04 20 15 26 20.996     2013 04 20 15 26 56.869      35.9
 2013 04 20 20 23  2.585     2013 04 20 20 25 41.694     159.1
2
 2013 04 20 12 07 13.265     2013 04 20 12 09 49.970     156.7
 2013 04 20 22 06  7.640     2013 04 20 22 06 12.443       4.8
3
 2013 04 20 10 23 36.833     2013 04 20 10 23 42.702       5.9
 2013 04 20 22 12 54.756     2013 04 20 22 15 40.422     165.7
4
 2013 04 20 12 13 50.323     2013 04 20 12 14 18.923      28.6
 2013 04 20 18 50 46.471     2013 04 20 18 53 27.089     160.6
5
 2013 04 20 00 00   .803     2013 04 20 00 03 22.400     201.6
 2013 04 20 13 41 28.142     2013 04 20 13 44 10.404     162.3
 2013 04 20 23 41   .508     2013 04 20 23 44 21.807     201.3
6
 2013 04 20 10 26 20.897     2013 04 20 10 29 42.572     201.7
7
8
 2013 04 20 20 36  5.806     2013 04 20 20 38 49.224     163.4
9
 2013 04 20 10 30 52.357     2013 04 20 10 34 19.348     207.0
 2013 04 20 20 33 15.743     2013 04 20 20 36 30.181     194.4
10
 2013 04 20 10 30  4.554     2013 04 20 10 30 14.975      10.4
 2013 04 20 22 10 37.849     2013 04 20 22 10 39.354       1.5
11
 2013 04 20 18 50 20.401     2013 04 20 18 54  1.940     221.5
12
 2013 04 20 15 25   .798     2013 04 20 15 28 31.084     210.3
 2013 04 20 20 21 26.004     2013 04 20 20 25 13.064     227.1
13
 2013 04 20 15 23  2.700     2013 04 20 15 25 50.544     167.8
 2013 04 20 21 59  1.597     2013 04 20 22 01 58.020     176.4
14
 2013 04 20 15 24 49.973     2013 04 20 15 27 35.769     165.8
 2013 04 20 20 20  2.336     2013 04 20 20 23 35.242     212.9
 2013 04 20 21 57 56.795     2013 04 20 22 01 48.924     232.1
15
 2013 04 20 12 13 42.035     2013 04 20 12 16 27.849     165.8
 2013 04 20 18 48 48.739     2013 04 20 18 51 34.750     166.0
16
 2013 04 20 22 04 23.471     2013 04 20 22 07 12.168     168.7
17
 2013 04 20 12 08 19.784     2013 04 20 12 11  9.371     169.6
18
 2013 04 20 15 23  8.008     2013 04 20 15 26 36.706     208.7
 2013 04 20 21 59 46.985     2013 04 20 22 02 28.116     161.1
19
 2013 04 20 12 13 59.139     2013 04 20 12 17 39.594     220.5
 2013 04 20 13 52  5.393     2013 04 20 13 55 44.889     219.5
 2013 04 20 18 48  7.097     2013 04 20 18 50 56.733     169.6
20
 2013 04 20 00 01 30.716     2013 04 20 00 04  7.951     157.2
 2013 04 20 13 40  5.417     2013 04 20 13 42 42.619     157.2
 2013 04 20 23 42 30.243     2013 04 20 23 45  7.522     157.3
21
22
 2013 04 20 13 49 30.407     2013 04 20 13 52 45.430     195.0
 2013 04 20 15 27 23.078     2013 04 20 15 31 10.568     227.5
 2013 04 20 18 44 39.644     2013 04 20 18 48 21.367     221.7
 2013 04 20 20 22 54.900     2013 04 20 20 26 20.590     205.7
23
 2013 04 20 22 04 37.091     2013 04 20 22 07 58.225     201.1
24
 2013 04 20 12 04 29.109     2013 04 20 12 07 54.381     205.3
 2013 04 20 22 08 44.753     2013 04 20 22 11 22.632     157.9
25
 2013 04 20 15 24 46.145     2013 04 20 15 27 50.865     184.7
 2013 04 20 20 24 51.757     2013 04 20 20 24 58.304       6.5
 2013 04 20 21 59  6.942     2013 04 20 22 02 54.667     227.7
26
 2013 04 20 22 10 19.412     2013 04 20 22 13 39.540     200.1
27
 2013 04 20 13 43 12.336     2013 04 20 13 45 48.638     156.3
28
 2013 04 20 12 10 14.734     2013 04 20 12 13 24.301     189.6
 2013 04 20 20 26 48.230     2013 04 20 20 29 30.035     161.8
29
 2013 04 20 10 31 29.403     2013 04 20 10 31 28.772       -.6
30
 2013 04 20 13 42 19.763     2013 04 20 13 45 58.793     219.0
31
 2013 04 20 12 13  3.368     2013 04 20 12 16 32.592     209.2
 2013 04 20 18 48  3.770     2013 04 20 18 50 59.432     175.7
32
 2013 04 20 15 25 42.977     2013 04 20 15 28 40.057     177.1
 2013 04 20 20 21 38.270     2013 04 20 20 24 37.632     179.4
33
 2013 04 20 13 42 22.004     2013 04 20 13 45   .401     158.4
34
 2013 04 20 12 07 16.399     2013 04 20 12 10 42.838     206.4
35
 2013 04 20 12 11 36.448     2013 04 20 12 14 23.427     167.0
 2013 04 20 20 27 25.439     2013 04 20 20 30 59.707     214.3
36
 2013 04 20 13 50 52.714     2013 04 20 13 53 37.604     164.9
 2013 04 20 18 46 33.514     2013 04 20 18 49 38.068     184.6
37
38
 2013 04 20 15 23 44.218     2013 04 20 15 26 41.389     177.2
 2013 04 20 21 59 25.623     2013 04 20 22 02  5.281     159.7
39
 2013 04 20 13 42 17.898     2013 04 20 13 44 55.094     157.2
40
41
42
 2013 04 20 20 35 11.097     2013 04 20 20 37 48.202     157.1
43
44
 2013 04 20 20 35 46.045     2013 04 20 20 39 13.073     207.0
45
46
 2013 04 20 12 10 11.907     2013 04 20 12 12 51.196     159.3
 2013 04 20 20 27 54.180     2013 04 20 20 30 39.004     164.8
47
 2013 04 20 10 23 57.638     2013 04 20 10 27 33.293     215.7
 2013 04 20 22 13  1.976     2013 04 20 22 15 40.342     158.4
48
 2013 04 20 00 03 24.518     2013 04 20 00 06 20.459     175.9
 2013 04 20 23 44 24.180     2013 04 20 23 47 19.903     175.7
49
 2013 04 20 12 15 14.888     2013 04 20 12 18  6.985     172.1
 2013 04 20 13 52 50.032     2013 04 20 13 53  1.716      11.7
 2013 04 20 17 10 25.876     2013 04 20 17 13 58.624     212.7
 2013 04 20 18 48 22.941     2013 04 20 18 52 10.282     227.3
50
 2013 04 20 00 02 20.475     2013 04 20 00 05 17.157     176.7
 2013 04 20 13 39 40.391     2013 04 20 13 41  1.620      81.2
 2013 04 20 23 43 20.137     2013 04 20 23 46 16.600     176.5
51
 2013 04 20 20 29 43.433     2013 04 20 20 29 51.424       8.0
52
 2013 04 20 15 23 52.390     2013 04 20 15 23 59.689       7.3
 2013 04 20 22 00  7.092     2013 04 20 22 03 18.982     191.9
53
 2013 04 20 12 09 43.535     2013 04 20 12 11 24.917     101.4
 2013 04 20 20 28 59.949     2013 04 20 20 31 37.639     157.7
54
 2013 04 20 12 12 34.265     2013 04 20 12 15 10.869     156.6
55
 2013 04 20 10 24 23.548     2013 04 20 10 27 20.008     176.5
 2013 04 20 22 13 26.265     2013 04 20 22 16  5.308     159.0
56
 2013 04 20 22 04  7.532     2013 04 20 22 07 15.148     187.6
57
 2013 04 20 20 29 24.357     2013 04 20 20 32  6.728     162.4
58
59
 2013 04 20 00 04 10.369     2013 04 20 00 04 40.606      30.2
 2013 04 20 23 45  9.685     2013 04 20 23 45 35.377      25.7
60
 2013 04 20 10 29  7.782     2013 04 20 10 32  3.155     175.4
 2013 04 20 20 36  8.744     2013 04 20 20 36 15.301       6.6
61
 2013 04 20 13 42 49.030     2013 04 20 13 46 10.882     201.9
62
 2013 04 20 13 48 28.053     2013 04 20 13 51  4.955     156.9
 2013 04 20 20 23 55.086     2013 04 20 20 26 45.204     170.1
63
 2013 04 20 10 34 28.708     2013 04 20 10 37 16.237     167.5
 2013 04 20 18 53  4.115     2013 04 20 18 56 48.833     224.7
64
 2013 04 20 15 25 42.873     2013 04 20 15 29 17.647     214.8
 2013 04 20 20 22 14.257     2013 04 20 20 25  9.526     175.3
65
 2013 04 20 12 09  8.010     2013 04 20 12 12 22.113     194.1
 2013 04 20 20 28 20.822     2013 04 20 20 31 45.807     205.0
66
 2013 04 20 13 50 45.401     2013 04 20 13 53 52.262     186.9
 2013 04 20 18 46 51.334     2013 04 20 18 50  4.507     193.2
67
 2013 04 20 10 36 10.389     2013 04 20 10 39 55.694     225.3
 2013 04 20 18 51 22.017     2013 04 20 18 54 17.786     175.8
68
 2013 04 20 12 07   .303     2013 04 20 12 09 55.043     174.7
 2013 04 20 22 05 43.118     2013 04 20 22 09 24.084     221.0
69
 2013 04 20 12 15 27.443     2013 04 20 12 18  8.002     160.6
 2013 04 20 17 10 42.658     2013 04 20 17 14 18.077     215.4
 2013 04 20 18 48 37.227     2013 04 20 18 52 32.083     234.9
70
 2013 04 20 00 04 43.135     2013 04 20 00 07 43.405     180.3
71
72
 2013 04 20 20 37  6.174     2013 04 20 20 38 11.785      65.6
73
 2013 04 20 00 03 18.602     2013 04 20 00 06 26.840     188.2
 2013 04 20 23 44 18.294     2013 04 20 23 47 26.255     188.0
74
 2013 04 20 13 44 28.923     2013 04 20 13 44 49.184      20.3
 2013 04 20 22 03 51.025     2013 04 20 22 06 30.055     159.0
75
 2013 04 20 13 42 26.628     2013 04 20 13 45 13.087     166.5
76
 2013 04 20 12 11  2.359     2013 04 20 12 14 25.315     203.0
 2013 04 20 20 28  7.432     2013 04 20 20 31 27.742     200.3
77
 2013 04 20 13 49  9.300     2013 04 20 13 49 16.099       6.8
 2013 04 20 20 25 22.805     2013 04 20 20 28 35.891     193.1
78
 2013 04 20 22 00 21.877     2013 04 20 22 03  2.459     160.6
79
 2013 04 20 13 44 29.659     2013 04 20 13 44 36.398       6.7
 2013 04 20 22 03 52.521     2013 04 20 22 06 32.726     160.2
80
 2013 04 20 13 48 56.050     2013 04 20 13 49  8.637      12.6
 2013 04 20 20 25 27.804     2013 04 20 20 28 25.017     177.2
81
 2013 04 20 12 13 43.062     2013 04 20 12 14 37.304      54.2
 2013 04 20 18 50 42.986     2013 04 20 18 53 21.277     158.3
82
 2013 04 20 15 24 13.615     2013 04 20 15 26 52.005     158.4
 2013 04 20 21 58 34.214     2013 04 20 22 01 30.423     176.2
83
 2013 04 20 00 02  8.934     2013 04 20 00 04 57.212     168.3
 2013 04 20 13 39 13.174     2013 04 20 13 42 10.754     177.6
 2013 04 20 23 43  8.370     2013 04 20 23 45 56.867     168.5
84
 2013 04 20 20 28 58.516     2013 04 20 20 29 39.772      41.3
85
 2013 04 20 12 07 13.365     2013 04 20 12 10  1.728     168.4
 2013 04 20 22 05 36.510     2013 04 20 22 06 48.932      72.4
86
 2013 04 20 10 28 25.631     2013 04 20 10 32  7.665     222.0
 2013 04 20 20 34 14.816     2013 04 20 20 37 45.203     210.4
87
 2013 04 20 00 05  2.979     2013 04 20 00 07 54.937     172.0
88
 2013 04 20 12 13 53.710     2013 04 20 12 17 15.273     201.6
 2013 04 20 13 51 41.319     2013 04 20 13 52  3.214      21.9
 2013 04 20 18 48 22.551     2013 04 20 18 51  2.860     160.3
89
 2013 04 20 13 46  5.695     2013 04 20 13 48 46.041     160.3
 2013 04 20 22 01 45.708     2013 04 20 22 04 46.902     181.2
90
 2013 04 20 13 44  7.439     2013 04 20 13 45 43.783      96.3
 2013 04 20 22 03 44.759     2013 04 20 22 06 28.720     164.0
91
 2013 04 20 00 01 31.306     2013 04 20 00 05 23.020     231.7
 2013 04 20 13 40 30.250     2013 04 20 13 42 25.954     115.7
 2013 04 20 23 42 31.050     2013 04 20 23 46 22.390     231.3
92
 2013 04 20 10 30 11.948     2013 04 20 10 33  4.468     172.5
 2013 04 20 20 32 14.005     2013 04 20 20 35 11.558     177.6
93
 2013 04 20 00 05 24.037     2013 04 20 00 08  1.515     157.5
94
 2013 04 20 10 27  2.059     2013 04 20 10 29 36.827     154.8
95
 2013 04 20 13 50  6.245     2013 04 20 13 52 45.466     159.2
 2013 04 20 18 45 32.488     2013 04 20 18 45 53.862      21.4
 2013 04 20 20 23 52.991     2013 04 20 20 27 33.416     220.4
96
 2013 04 20 10 29 31.561     2013 04 20 10 32 18.560     167.0
 2013 04 20 20 33 26.755     2013 04 20 20 36 36.936     190.2
97
 2013 04 20 15 24 28.438     2013 04 20 15 27 10.171     161.7
 2013 04 20 20 23 39.997     2013 04 20 20 23 50.689      10.7
 2013 04 20 21 58 18.157     2013 04 20 22 01 34.339     196.2
98
 2013 04 20 00 06 34.268     2013 04 20 00 09 11.839     157.6
 2013 04 20 11 58 58.390     2013 04 20 12 02 39.017     220.6
99
 2013 04 20 22 10 25.652     2013 04 20 22 13  3.893     158.2
100
 2013 04 20 13 44 24.975     2013 04 20 13 45 41.488      76.5
 2013 04 20 22 03 45.945     2013 04 20 22 06 23.663     157.7
101
 2013 04 20 12 15 11.015     2013 04 20 12 18 36.482     205.5
 2013 04 20 18 49 54.259     2013 04 20 18 53 43.984     229.7
102
 2013 04 20 15 23 28.912     2013 04 20 15 26 11.430     162.5
 2013 04 20 21 59  4.733     2013 04 20 22 01 44.836     160.1
103
 2013 04 20 20 29 14.817     2013 04 20 20 32  2.952     168.1
104
 2013 04 20 22 11  2.661     2013 04 20 22 14 51.640     229.0
105
 2013 04 20 12 16  8.026     2013 04 20 12 18 56.311     168.3
 2013 04 20 17 11 53.493     2013 04 20 17 14 59.413     185.9
106
107
 2013 04 20 10 27 26.111     2013 04 20 10 27 36.472      10.4
 2013 04 20 22 12 41.318     2013 04 20 22 15 33.995     172.7
108
 2013 04 20 13 48 41.483     2013 04 20 13 52 34.437     233.0
 2013 04 20 15 26 57.854     2013 04 20 15 30 23.753     205.9
 2013 04 20 18 43 51.531     2013 04 20 18 44  2.677      11.1
 2013 04 20 20 22 41.487     2013 04 20 20 25 35.892     174.4
109
 2013 04 20 20 37 17.589     2013 04 20 20 40 46.583     209.0
110
 2013 04 20 12 06 13.056     2013 04 20 12 07  6.478      53.4
 2013 04 20 22 05 34.214     2013 04 20 22 08 31.201     177.0
111
 2013 04 20 20 38 49.609     2013 04 20 20 38 55.918       6.3
112
 2013 04 20 13 50 10.632     2013 04 20 13 53 33.160     202.5
 2013 04 20 18 46 27.287     2013 04 20 18 47 19.380      52.1
 2013 04 20 20 24 26.027     2013 04 20 20 24 38.280      12.3
113
 2013 04 20 12 14 53.999     2013 04 20 12 18 13.680     199.7
 2013 04 20 18 50  1.916     2013 04 20 18 53 22.690     200.8
114
 2013 04 20 10 25 43.102     2013 04 20 10 29  4.887     201.8
115
 2013 04 20 13 44 53.569     2013 04 20 13 47 42.337     168.8
 2013 04 20 22 01 51.119     2013 04 20 22 04 40.171     169.1
116
 2013 04 20 10 26  3.097     2013 04 20 10 29 19.326     196.2
117
 2013 04 20 00 06 24.051     2013 04 20 00 09 36.371     192.3
 2013 04 20 11 59 56.589     2013 04 20 12 02 58.128     181.5
118
 2013 04 20 12 01 41.023     2013 04 20 12 05   .661     199.6
119
120
 2013 04 20 10 25 33.601     2013 04 20 10 28 29.479     175.9
 2013 04 20 22 12 23.523     2013 04 20 22 15 59.564     216.0
121
 2013 04 20 13 45 43.542     2013 04 20 13 49 13.434     209.9
 2013 04 20 22 01   .692     2013 04 20 22 03 55.871     175.2
122
 2013 04 20 13 49 20.880     2013 04 20 13 52 28.386     187.5
 2013 04 20 15 27  4.054     2013 04 20 15 27 39.923      35.9
 2013 04 20 18 44 26.556     2013 04 20 18 44 36.767      10.2
 2013 04 20 20 23  8.195     2013 04 20 20 26 15.711     187.5
123
 2013 04 20 22 10 45.808     2013 04 20 22 13 57.290     191.5
124
 2013 04 20 12 08 39.142     2013 04 20 12 12 26.348     227.2
125
 2013 04 20 13 48 31.995     2013 04 20 13 48 50.900      18.9
 2013 04 20 22 00 51.589     2013 04 20 22 03 31.354     159.8
126
 2013 04 20 22 12 17.507     2013 04 20 22 14 57.033     159.5
127
 2013 04 20 12 05 21.115     2013 04 20 12 08 31.051     189.9
 2013 04 20 22 06 37.815     2013 04 20 22 09 18.225     160.4
128
 2013 04 20 13 49  2.178     2013 04 20 13 52   .414     178.2
 2013 04 20 20 24 42.630     2013 04 20 20 27 23.031     160.4
129
 2013 04 20 13 47 27.364     2013 04 20 13 50 58.414     211.0
 2013 04 20 20 24 28.272     2013 04 20 20 28  9.082     220.8
130
 2013 04 20 13 48 19.550     2013 04 20 13 51  8.759     169.2
 2013 04 20 20 24 20.125     2013 04 20 20 27 15.296     175.2
131
 2013 04 20 20 29 17.196     2013 04 20 20 31 54.858     157.7
132
 2013 04 20 12 10 25.485     2013 04 20 12 13  9.780     164.3
 2013 04 20 20 28  3.250     2013 04 20 20 30 41.358     158.1
133
 2013 04 20 00 00 48.255     2013 04 20 00 04 13.664     205.4
 2013 04 20 13 41 10.619     2013 04 20 13 43 52.952     162.3
 2013 04 20 23 41 47.968     2013 04 20 23 45 13.063     205.1
134
 2013 04 20 13 47 51.465     2013 04 20 13 50 48.665     177.2
 2013 04 20 20 24 10.717     2013 04 20 20 27 36.115     205.4
135
 2013 04 20 12 01 46.766     2013 04 20 12 05 10.605     203.8
136
 2013 04 20 00 01 43.495     2013 04 20 00 04 53.067     189.6
 2013 04 20 13 40 20.750     2013 04 20 13 43 41.473     200.7
 2013 04 20 23 42 43.186     2013 04 20 23 45 52.483     189.3
137
 2013 04 20 12 08 19.822     2013 04 20 12 12  4.281     224.5
138
 2013 04 20 12 09 44.648     2013 04 20 12 13 31.527     226.9
 2013 04 20 20 26 19.076     2013 04 20 20 29 11.590     172.5
139
 2013 04 20 20 35  3.044     2013 04 20 20 37 44.949     161.9
140
 2013 04 20 13 46 14.834     2013 04 20 13 50  2.565     227.7
141
142
 2013 04 20 00 02  7.091     2013 04 20 00 05 51.103     224.0
 2013 04 20 23 43  6.829     2013 04 20 23 46 50.476     223.6
143
 2013 04 20 12 08 30.410     2013 04 20 12 11 13.145     162.7
144
 2013 04 20 12 15   .832     2013 04 20 12 17 46.452     165.6
 2013 04 20 17 10  9.433     2013 04 20 17 10 27.945      18.5
 2013 04 20 18 48 42.221     2013 04 20 18 52  2.519     200.3
145
 2013 04 20 10 29  8.221     2013 04 20 10 31 48.220     160.0
 2013 04 20 20 36 21.567     2013 04 20 20 36 35.365      13.8
146
 2013 04 20 12 03 31.098     2013 04 20 12 06 40.445     189.3
147
148
149
 2013 04 20 20 29 20.746     2013 04 20 20 32 55.369     214.6
150
 2013 04 20 18 50 56.301     2013 04 20 18 54 16.939     200.6
151
 2013 04 20 15 24   .078     2013 04 20 15 27 53.130     233.1
 2013 04 20 21 59 55.712     2013 04 20 22 03  6.250     190.5
152
 2013 04 20 13 46  2.349     2013 04 20 13 49 48.293     225.9
 2013 04 20 22 02 39.055     2013 04 20 22 03 21.881      42.8
153
154
 2013 04 20 22 03 46.328     2013 04 20 22 03 58.765      12.4
155
 2013 04 20 10 29 26.183     2013 04 20 10 33  1.947     215.8
 2013 04 20 20 31 28.145     2013 04 20 20 35 11.922     223.8
156
 2013 04 20 13 42 31.663     2013 04 20 13 45  8.349     156.7
157
 2013 04 20 12 06 32.133     2013 04 20 12 10 13.965     221.8
158
 2013 04 20 13 48 25.561     2013 04 20 13 51  3.809     158.2
 2013 04 20 20 24  2.332     2013 04 20 20 26 54.886     172.6
159
 2013 04 20 12 00 55.572     2013 04 20 12 03 43.012     167.4
160
 2013 04 20 13 43 10.119     2013 04 20 13 45 50.585     160.5
161
 2013 04 20 12 10 27.279     2013 04 20 12 13  8.076     160.8
 2013 04 20 20 27 20.845     2013 04 20 20 30   .953     160.1
162
 2013 04 20 00 03 43.942     2013 04 20 00 07 19.840     215.9
 2013 04 20 23 44 43.276     2013 04 20 23 48 19.596     216.3
163
 2013 04 20 12 09  4.598     2013 04 20 12 11 40.311     155.7
 2013 04 20 20 31 11.833     2013 04 20 20 31 24.724      12.9
164
 2013 04 20 22 04 54.492     2013 04 20 22 08  2.085     187.6
165
166
 2013 04 20 20 36 13.735     2013 04 20 20 39  8.938     175.2
167
168
 2013 04 20 13 46 48.718     2013 04 20 13 49 56.076     187.4
 2013 04 20 22 00 29.010     2013 04 20 22 00 45.456      16.4
169
 2013 04 20 12 13 29.081     2013 04 20 12 14 10.513      41.4
 2013 04 20 18 50 42.326     2013 04 20 18 53 21.922     159.6
170
 2013 04 20 12 06 46.860     2013 04 20 12 07  2.046      15.2
 2013 04 20 22 04 58.127     2013 04 20 22 08 33.559     215.4
171
172
 2013 04 20 12 07 35.665     2013 04 20 12 10 23.086     167.4
173
174
 2013 04 20 13 50 16.000     2013 04 20 13 52 58.676     162.7
 2013 04 20 18 45 50.218     2013 04 20 18 49 41.600     231.4
 2013 04 20 20 23 53.662     2013 04 20 20 25 24.730      91.1
175
 2013 04 20 00 02 49.520     2013 04 20 00 05 46.403     176.9
 2013 04 20 13 38 21.548     2013 04 20 13 42  6.801     225.3
 2013 04 20 23 43 48.925     2013 04 20 23 46 46.090     177.2
176
177
 2013 04 20 13 46  9.238     2013 04 20 13 49 21.191     192.0
 2013 04 20 22 02 28.912     2013 04 20 22 06 11.759     222.8
178
 2013 04 20 20 25 46.257     2013 04 20 20 28 40.582     174.3
179
 2013 04 20 22 08 39.231     2013 04 20 22 12 31.011     231.8
180
 2013 04 20 10 26 44.875     2013 04 20 10 30 14.299     209.4
181
 2013 04 20 10 25 42.345     2013 04 20 10 28 53.468     191.1
182
 2013 04 20 22 10  2.218     2013 04 20 22 11 14.122      71.9
183
 2013 04 20 12 12 30.544     2013 04 20 12 15 52.354     201.8
 2013 04 20 18 47 40.081     2013 04 20 18 51 24.253     224.2
184
 2013 04 20 12 15  7.062     2013 04 20 12 17 45.264     158.2
 2013 04 20 18 49 14.661     2013 04 20 18 52 33.081     198.4
185
 2013 04 20 10 32  6.728     2013 04 20 10 34 55.525     168.8
 2013 04 20 20 31 55.570     2013 04 20 20 32 31.122      35.6
186
 2013 04 20 12 11  2.088     2013 04 20 12 13 48.662     166.6
 2013 04 20 20 27 51.806     2013 04 20 20 30 44.892     173.1
187
 2013 04 20 13 47 43.424     2013 04 20 13 51 29.087     225.7
 2013 04 20 20 24 55.882     2013 04 20 20 28  5.348     189.5
188
 2013 04 20 10 25 10.480     2013 04 20 10 27 49.377     158.9
 2013 04 20 22 13 29.447     2013 04 20 22 17  8.607     219.2
189
 2013 04 20 10 27 58.729     2013 04 20 10 28 26.027      27.3
 2013 04 20 20 34 30.985     2013 04 20 20 38 10.163     219.2
190
 2013 04 20 13 42 56.568     2013 04 20 13 43 42.997      46.4
191
 2013 04 20 12 04 38.528     2013 04 20 12 07 59.416     200.9
 2013 04 20 22 08 39.158     2013 04 20 22 11 16.359     157.2
192
 2013 04 20 00 05  8.992     2013 04 20 00 08 32.853     203.9
193
 2013 04 20 12 08 41.845     2013 04 20 12 11 25.013     163.2
194
 2013 04 20 12 06 32.837     2013 04 20 12 09 10.877     158.0
 2013 04 20 22 06 54.313     2013 04 20 22 10 19.753     205.4
195
 2013 04 20 10 28  6.180     2013 04 20 10 31 25.878     199.7
196
 2013 04 20 13 42 33.897     2013 04 20 13 43 27.057      53.2
197
 2013 04 20 13 43 29.851     2013 04 20 13 46 43.561     193.7
198
 2013 04 20 00 02  3.576     2013 04 20 00 05 32.062     208.5
 2013 04 20 13 39 57.255     2013 04 20 13 40 14.349      17.1
 2013 04 20 23 43  3.297     2013 04 20 23 46 31.451     208.2
199
 2013 04 20 22 00 25.816     2013 04 20 22 03  3.978     158.2
200
 2013 04 20 13 43 56.915     2013 04 20 13 46 39.321     162.4
 2013 04 20 22 04 41.755     2013 04 20 22 05 36.997      55.2
201
 2013 04 20 22 09 31.952     2013 04 20 22 12 50.077     198.1
202
 2013 04 20 22 04  3.339     2013 04 20 22 06 55.929     172.6
203
 2013 04 20 12 01 21.332     2013 04 20 12 04  1.448     160.1
204
 2013 04 20 10 33 33.461     2013 04 20 10 34 35.687      62.2
 2013 04 20 20 31 14.454     2013 04 20 20 33 52.330     157.9
205
 2013 04 20 00 02 14.018     2013 04 20 00 04 58.933     164.9
 2013 04 20 13 39 44.940     2013 04 20 13 43 13.370     208.4
 2013 04 20 23 43 13.638     2013 04 20 23 45 58.417     164.8
206
 2013 04 20 00 04 50.928     2013 04 20 00 05 12.650      21.7
 2013 04 20 12 00 43.571     2013 04 20 12 04 27.535     224.0
207
208
 2013 04 20 12 02 28.426     2013 04 20 12 05 13.456     165.0
209
 2013 04 20 12 00 17.403     2013 04 20 12 03 21.565     184.2
210
 2013 04 20 20 30 44.632     2013 04 20 20 33 22.587     158.0
211
 2013 04 20 12 14 11.949     2013 04 20 12 16 56.009     164.1
 2013 04 20 18 49 41.660     2013 04 20 18 52 19.954     158.3
212
 2013 04 20 10 27  3.958     2013 04 20 10 30 27.363     203.4
213
 2013 04 20 00 01 10.526     2013 04 20 00 03 49.490     159.0
 2013 04 20 13 40 27.291     2013 04 20 13 43  2.237     154.9
 2013 04 20 23 42 10.103     2013 04 20 23 44 49.014     158.9
214
 2013 04 20 22 05 22.868     2013 04 20 22 08 13.030     170.2
215
 2013 04 20 22 09 40.006     2013 04 20 22 13  2.460     202.5
216
217
 2013 04 20 12 07 43.729     2013 04 20 12 08 28.791      45.1
 2013 04 20 22 05 59.042     2013 04 20 22 09 14.070     195.0
218
 2013 04 20 12 09 17.035     2013 04 20 12 12 11.925     174.9
 2013 04 20 20 26 38.123     2013 04 20 20 30 29.712     231.6
219
 2013 04 20 12 05 54.796     2013 04 20 12 08 49.324     174.5
 2013 04 20 22 06 40.350     2013 04 20 22 09 20.450     160.1
220
 2013 04 20 00 07 12.137     2013 04 20 00 07 57.984      45.8
 2013 04 20 11 59 57.398     2013 04 20 12 02 49.170     171.8
221
 2013 04 20 00 03 18.684     2013 04 20 00 06 33.857     195.2
 2013 04 20 23 44 18.049     2013 04 20 23 47 33.584     195.5
222
223
 2013 04 20 10 28 49.221     2013 04 20 10 31 24.541     155.3
224
 2013 04 20 20 37 26.906     2013 04 20 20 40  5.956     159.0
225
 2013 04 20 12 14 57.818     2013 04 20 12 17 45.161     167.3
 2013 04 20 17 10  5.634     2013 04 20 17 10 17.299      11.7
 2013 04 20 18 48 40.790     2013 04 20 18 51 58.620     197.8
226
 2013 04 20 12 11 57.947     2013 04 20 12 14 34.405     156.5
 2013 04 20 20 26 45.799     2013 04 20 20 30 36.536     230.7
227
 2013 04 20 18 50 47.813     2013 04 20 18 54 11.880     204.1
228
 2013 04 20 00 01 29.620     2013 04 20 00 04 13.257     163.6
 2013 04 20 13 40 23.890     2013 04 20 13 43  7.260     163.4
 2013 04 20 23 42 29.232     2013 04 20 23 45 12.747     163.5
229
 2013 04 20 12 00  4.840     2013 04 20 12 01  3.248      58.4
230
 2013 04 20 12 10 39.915     2013 04 20 12 13 16.157     156.2
 2013 04 20 20 27 41.347     2013 04 20 20 30 19.242     157.9
231
232
 2013 04 20 10 30 28.646     2013 04 20 10 34  3.023     214.4
 2013 04 20 20 33 37.500     2013 04 20 20 36 34.194     176.7
233
 2013 04 20 13 47  3.600     2013 04 20 13 48   .347      56.7
 2013 04 20 20 24 36.325     2013 04 20 20 25  4.793      28.5
234
235
 2013 04 20 10 25 36.827     2013 04 20 10 28 46.602     189.8
236
 2013 04 20 12 09 16.840     2013 04 20 12 11 52.903     156.1
 2013 04 20 20 27  8.653     2013 04 20 20 27 34.339      25.7
237
 2013 04 20 00 03 34.476     2013 04 20 00 07  1.712     207.2
 2013 04 20 23 44 33.821     2013 04 20 23 48  1.456     207.6
238
 2013 04 20 12 16 10.858     2013 04 20 12 18 59.581     168.7
 2013 04 20 17 11 56.780     2013 04 20 17 14 59.812     183.0
239
 2013 04 20 12 07 41.726     2013 04 20 12 10 48.644     186.9
240
 2013 04 20 13 44 51.822     2013 04 20 13 45 58.474      66.7
241
 2013 04 20 10 26 20.684     2013 04 20 10 28 55.269     154.6
242
 2013 04 20 10 29 16.776     2013 04 20 10 32 35.951     199.2
 2013 04 20 20 34 34.071     2013 04 20 20 35 38.954      64.9
243
 2013 04 20 22 00 44.626     2013 04 20 22 03 22.833     158.2
244
 2013 04 20 20 29  8.885     2013 04 20 20 29 25.447      16.6
245
246
 2013 04 20 12 06  2.748     2013 04 20 12 09 25.526     202.8
 2013 04 20 22 06  6.524     2013 04 20 22 08 52.032     165.5
247
 2013 04 20 13 43  1.742     2013 04 20 13 46   .186     178.4
248
 2013 04 20 22 05 31.659     2013 04 20 22 08 20.447     168.8
249
 2013 04 20 22 09 54.026     2013 04 20 22 11  8.821      74.8
250
251
 2013 04 20 10 29 20.210     2013 04 20 10 29 41.227      21.0
 2013 04 20 22 11 16.418     2013 04 20 22 14 56.898     220.5
252
 2013 04 20 13 47 14.705     2013 04 20 13 50 18.878     184.2
 2013 04 20 20 22 27.773     2013 04 20 20 22 48.964      21.2
253
 2013 04 20 12 14 42.252     2013 04 20 12 17 34.910     172.7
 2013 04 20 18 48 40.071     2013 04 20 18 51 43.219     183.1
254
 2013 04 20 20 29  6.237     2013 04 20 20 29 25.600      19.4
255
 2013 04 20 12 05 41.246     2013 04 20 12 08 16.287     155.0
 2013 04 20 22 07 28.476     2013 04 20 22 10  7.067     158.6
256
 2013 04 20 20 25 44.350     2013 04 20 20 28 24.328     160.0
257
 2013 04 20 10 28 25.306     2013 04 20 10 31  6.512     161.2
258
 2013 04 20 00 07  2.416     2013 04 20 00 09 40.359     157.9
 2013 04 20 11 58 44.682     2013 04 20 12 02   .944     196.3
259
 2013 04 20 10 26 41.933     2013 04 20 10 30 25.129     223.2
260
 2013 04 20 10 30  5.492     2013 04 20 10 33 37.341     211.8
 2013 04 20 20 31 37.973     2013 04 20 20 34 36.766     178.8
261
 2013 04 20 15 24 11.094     2013 04 20 15 26 48.659     157.6
 2013 04 20 21 58 50.050     2013 04 20 22 01 41.968     171.9
262
 2013 04 20 13 44 53.472     2013 04 20 13 48  4.983     191.5
 2013 04 20 22 01 30.216     2013 04 20 22 04 14.396     164.2
263
 2013 04 20 10 29 20.867     2013 04 20 10 32 19.694     178.8
 2013 04 20 20 34 39.690     2013 04 20 20 35 56.055      76.4
264
 2013 04 20 20 35 49.333     2013 04 20 20 38 57.115     187.8
265
 2013 04 20 12 07  9.707     2013 04 20 12 10 13.870     184.2
 2013 04 20 22 05 22.065     2013 04 20 22 07  6.549     104.5
266
 2013 04 20 12 09 46.346     2013 04 20 12 10 40.241      53.9
 2013 04 20 20 26 16.749     2013 04 20 20 29  6.320     169.6
267
268
 2013 04 20 10 27 15.784     2013 04 20 10 29 53.095     157.3
269
 2013 04 20 12 14  3.591     2013 04 20 12 15 25.184      81.6
 2013 04 20 18 50 39.433     2013 04 20 18 53 24.576     165.1
270
 2013 04 20 10 32 26.030     2013 04 20 10 35 49.246     203.2
271
 2013 04 20 22 05 49.760     2013 04 20 22 08 39.802     170.0
272
 2013 04 20 13 42  8.406     2013 04 20 13 45 24.224     195.8
273
 2013 04 20 12 01 24.506     2013 04 20 12 05 12.280     227.8
274
275
 2013 04 20 12 07 28.607     2013 04 20 12 10  3.911     155.3
276
 2013 04 20 10 34 33.489     2013 04 20 10 37  9.625     156.1
 2013 04 20 18 52 37.181     2013 04 20 18 56 30.371     233.2
277
 2013 04 20 13 47 20.796     2013 04 20 13 49 57.489     156.7
278
 2013 04 20 13 46 31.620     2013 04 20 13 49 46.288     194.7
279
 2013 04 20 20 37 48.540     2013 04 20 20 40 41.156     172.6
280
 2013 04 20 22 04 19.974     2013 04 20 22 07 38.376     198.4
281
 2013 04 20 10 32 16.426     2013 04 20 10 34 51.660     155.2
 2013 04 20 20 31 34.767     2013 04 20 20 33 43.148     128.4
282
 2013 04 20 13 50 55.644     2013 04 20 13 53 35.805     160.2
 2013 04 20 18 46 28.371     2013 04 20 18 49 27.938     179.6
283
 2013 04 20 12 08  6.511     2013 04 20 12 11 47.575     221.1
284
 2013 04 20 12 12 13.908     2013 04 20 12 16   .075     226.2
 2013 04 20 18 47 21.794     2013 04 20 18 51  9.435     227.6
285
 2013 04 20 12 16 17.949     2013 04 20 12 18 56.189     158.2
 2013 04 20 17 11 44.857     2013 04 20 17 14 36.975     172.1
286
 2013 04 20 10 34  3.463     2013 04 20 10 37  9.668     186.2
 2013 04 20 18 56 27.324     2013 04 20 18 57 20.114      52.8
287
 2013 04 20 12 02 48.233     2013 04 20 12 05 49.944     181.7
288
 2013 04 20 13 47 42.247     2013 04 20 13 47 48.397       6.1
 2013 04 20 15 25 54.472     2013 04 20 15 29 42.179     227.7
 2013 04 20 20 22 34.599     2013 04 20 20 25 19.733     165.1
289
 2013 04 20 20 36 16.510     2013 04 20 20 38 56.620     160.1
290
291
 2013 04 20 12 14  2.037     2013 04 20 12 17 17.138     195.1
 2013 04 20 13 51 45.057     2013 04 20 13 51 49.590       4.5
 2013 04 20 18 48 27.051     2013 04 20 18 51  9.123     162.1
292
 2013 04 20 20 32 51.868     2013 04 20 20 33 13.401      21.5
293
294
 2013 04 20 22 10 10.557     2013 04 20 22 13 25.476     194.9
295
 2013 04 20 22 04 23.179     2013 04 20 22 07 18.894     175.7
296
 2013 04 20 22 11 18.091     2013 04 20 22 14 54.177     216.1
297
 2013 04 20 22 12 18.391     2013 04 20 22 15 50.095     211.7
298
299
 2013 04 20 12 04 45.643     2013 04 20 12 07 35.071     169.4
 2013 04 20 22 08 13.734     2013 04 20 22 10 57.194     163.5
300
301
 2013 04 20 15 23 29.582     2013 04 20 15 26  7.546     158.0
 2013 04 20 21 58 53.549     2013 04 20 22 01 33.756     160.2
302
 2013 04 20 10 34  2.942     2013 04 20 10 36 48.577     165.6
303
304
 2013 04 20 10 31 43.222     2013 04 20 10 34 36.718     173.5
 2013 04 20 20 31 33.535     2013 04 20 20 34 35.448     181.9
305
 2013 04 20 20 37 16.441     2013 04 20 20 40 43.632     207.2
306
 2013 04 20 12 02 13.455     2013 04 20 12 04 50.416     157.0
307
 2013 04 20 10 34 19.579     2013 04 20 10 37 12.141     172.6
 2013 04 20 18 55 48.136     2013 04 20 18 56  2.643      14.5
308
 2013 04 20 13 51 11.691     2013 04 20 13 53 54.574     162.9
 2013 04 20 18 46 46.980     2013 04 20 18 49 34.696     167.7
309
 2013 04 20 12 07  9.562     2013 04 20 12 10 46.607     217.0
 2013 04 20 22 04 48.737     2013 04 20 22 05 46.882      58.1
310
311
 2013 04 20 13 47 41.362     2013 04 20 13 50 42.402     181.0
 2013 04 20 20 22 52.988     2013 04 20 20 26 16.000     203.0
312
 2013 04 20 13 51 26.079     2013 04 20 13 54 32.113     186.0
 2013 04 20 18 47 24.811     2013 04 20 18 50  5.812     161.0
313
 2013 04 20 00 02 34.647     2013 04 20 00 06 19.361     224.7
 2013 04 20 23 43 34.387     2013 04 20 23 47 18.732     224.3
314
 2013 04 20 00 05 50.897     2013 04 20 00 08 51.361     180.5
 2013 04 20 12 02 12.506     2013 04 20 12 03 34.344      81.8
315
 2013 04 20 13 48 32.952     2013 04 20 13 51 10.066     157.1
 2013 04 20 20 24   .326     2013 04 20 20 26 46.972     166.6
316
 2013 04 20 20 29 36.822     2013 04 20 20 32 21.981     165.2
317
 2013 04 20 12 15 58.451     2013 04 20 12 18 40.562     162.1
 2013 04 20 17 11 35.074     2013 04 20 17 14 50.022     194.9
318
319
 2013 04 20 12 03 14.439     2013 04 20 12 06 56.913     222.5
320
 2013 04 20 20 30 24.534     2013 04 20 20 34 16.460     231.9
321
322
 2013 04 20 20 30 47.507     2013 04 20 20 33 32.237     164.7
323
 2013 04 20 00 02 10.374     2013 04 20 00 05 38.787     208.4
 2013 04 20 13 38 28.643     2013 04 20 13 41 30.746     182.1
 2013 04 20 23 43  9.723     2013 04 20 23 46 38.523     208.8
324
 2013 04 20 10 30 18.004     2013 04 20 10 32 52.923     154.9
 2013 04 20 20 32 56.829     2013 04 20 20 35 43.046     166.2
325
 2013 04 20 20 33 38.707     2013 04 20 20 33 48.032       9.3
326
 2013 04 20 22 04  9.099     2013 04 20 22 06 50.384     161.3
327
 2013 04 20 12 13 46.427     2013 04 20 12 16 38.046     171.6
 2013 04 20 18 48 44.741     2013 04 20 18 51 26.273     161.5
328
 2013 04 20 12 08 39.914     2013 04 20 12 09  4.747      24.8
 2013 04 20 20 28 59.816     2013 04 20 20 32 16.807     197.0
329
 2013 04 20 12 09 29.996     2013 04 20 12 12 39.512     189.5
 2013 04 20 20 28 25.058     2013 04 20 20 31 26.842     181.8
330
331
 2013 04 20 13 44 35.463     2013 04 20 13 47 27.260     171.8
 2013 04 20 22 02 54.992     2013 04 20 22 05 47.696     172.7
332
 2013 04 20 10 30 47.196     2013 04 20 10 34   .481     193.3
 2013 04 20 20 31 47.927     2013 04 20 20 34 25.666     157.7
333
 2013 04 20 20 35 37.658     2013 04 20 20 37 18.156     100.5
334
 2013 04 20 13 42 16.034     2013 04 20 13 45 39.746     203.7
335
 2013 04 20 13 45 42.292     2013 04 20 13 48 20.686     158.4
 2013 04 20 22 02 26.857     2013 04 20 22 05 12.019     165.2
336
 2013 04 20 20 25 31.386     2013 04 20 20 28 31.287     179.9
337
 2013 04 20 12 14 47.874     2013 04 20 12 17 25.415     157.5
 2013 04 20 18 49 10.148     2013 04 20 18 52  7.593     177.4
338
 2013 04 20 12 10 57.813     2013 04 20 12 13 55.933     178.1
 2013 04 20 20 28  2.396     2013 04 20 20 30 59.014     176.6
339
 2013 04 20 12 11 26.030     2013 04 20 12 14 17.270     171.2
 2013 04 20 20 26 40.645     2013 04 20 20 29 49.450     188.8
340
 2013 04 20 13 44 13.013     2013 04 20 13 46 52.696     159.7
 2013 04 20 22 02 24.893     2013 04 20 22 05 54.704     209.8
341
 2013 04 20 20 34 46.769     2013 04 20 20 38 28.116     221.3
342
 2013 04 20 00 01 17.324     2013 04 20 00 01 54.089      36.8
 2013 04 20 13 40 42.940     2013 04 20 13 44 31.409     228.5
 2013 04 20 23 42 17.080     2013 04 20 23 42 55.357      38.3
343
 2013 04 20 12 12 42.784     2013 04 20 12 16  2.054     199.3
 2013 04 20 18 47 51.412     2013 04 20 18 51 19.307     207.9
344
 2013 04 20 12 04 51.304     2013 04 20 12 07 33.948     162.6
 2013 04 20 22 07 11.705     2013 04 20 22 10 12.736     181.0
345
 2013 04 20 12 10 54.812     2013 04 20 12 14 43.498     228.7
 2013 04 20 20 26  2.613     2013 04 20 20 29   .105     177.5
346
 2013 04 20 00 05 40.214     2013 04 20 00 08 19.648     159.4
347
 2013 04 20 12 09  3.374     2013 04 20 12 12 18.508     195.1
 2013 04 20 20 29 16.994     2013 04 20 20 30 18.414      61.4
348
 2013 04 20 22 12  2.328     2013 04 20 22 14 50.845     168.5
349
 2013 04 20 12 09  2.079     2013 04 20 12 12 21.938     199.9
 2013 04 20 20 28 24.143     2013 04 20 20 31 52.178     208.0
350
 2013 04 20 22 10 58.574     2013 04 20 22 14 16.032     197.5
351
 2013 04 20 20 35  5.316     2013 04 20 20 38 51.755     226.4
352
 2013 04 20 12 08 14.164     2013 04 20 12 11  6.249     172.1
353
 2013 04 20 00 03 16.208     2013 04 20 00 05 54.486     158.3
 2013 04 20 23 44 15.777     2013 04 20 23 46 54.019     158.2
354
 2013 04 20 12 05 36.017     2013 04 20 12 08 11.651     155.6
 2013 04 20 22 07 34.855     2013 04 20 22 10 12.801     157.9
355
 2013 04 20 12 12 23.132     2013 04 20 12 15  6.590     163.5
356
 2013 04 20 12 02 59.579     2013 04 20 12 05 45.338     165.8
357
 2013 04 20 12 08 17.934     2013 04 20 12 11 17.157     179.2
358
 2013 04 20 12 11 10.461     2013 04 20 12 14 50.567     220.1
 2013 04 20 20 28  2.485     2013 04 20 20 31 49.851     227.4
359
 2013 04 20 22 04  7.746     2013 04 20 22 07 39.574     211.8
360
 2013 04 20 10 32 52.339     2013 04 20 10 35 53.681     181.3
361
 2013 04 20 13 45 18.925     2013 04 20 13 48 17.545     178.6
 2013 04 20 22 02 58.854     2013 04 20 22 05 39.764     160.9
362
 2013 04 20 12 10  2.059     2013 04 20 12 10  2.999        .9
 2013 04 20 22 05 31.618     2013 04 20 22 08 14.660     163.0
363
 2013 04 20 00 03 42.428     2013 04 20 00 06 20.292     157.9
 2013 04 20 23 44 41.991     2013 04 20 23 47 19.831     157.8
364
 2013 04 20 12 12 22.915     2013 04 20 12 15 20.131     177.2
365
 2013 04 20 10 35  8.611     2013 04 20 10 37 44.692     156.1
 2013 04 20 18 52 53.327     2013 04 20 18 55 58.359     185.0
366
 2013 04 20 20 34  6.938     2013 04 20 20 34 36.697      29.8
367
368
 2013 04 20 12 05 13.769     2013 04 20 12 08 21.653     187.9
 2013 04 20 22 08 15.291     2013 04 20 22 10 57.728     162.4
369
 2013 04 20 10 30 21.672     2013 04 20 10 33 45.904     204.2
 2013 04 20 20 33 41.479     2013 04 20 20 36 26.973     165.5
370
 2013 04 20 00 00   .000     2013 04 20 00 00 50.271      50.3
 2013 04 20 13 41 55.295     2013 04 20 13 44 45.464     170.2
 2013 04 20 23 40 20.567     2013 04 20 23 41 52.933      92.4
371
 2013 04 20 13 46 46.464     2013 04 20 13 50 24.098     217.6
372
373
 2013 04 20 12 13 40.048     2013 04 20 12 16 47.649     187.6
 2013 04 20 18 50   .128     2013 04 20 18 52 45.925     165.8
374
375
 2013 04 20 10 30  6.694     2013 04 20 10 33 18.168     191.5
 2013 04 20 20 33 45.489     2013 04 20 20 36 22.675     157.2
376
 2013 04 20 10 38 33.027     2013 04 20 10 39 31.060      58.0
 2013 04 20 18 51 28.012     2013 04 20 18 54  6.207     158.2
377
378
 2013 04 20 15 24  9.393     2013 04 20 15 27  1.726     172.3
 2013 04 20 21 59 16.348     2013 04 20 22 02 10.320     174.0
379
 2013 04 20 10 32 12.400     2013 04 20 10 35 16.789     184.4
 2013 04 20 20 30 52.545     2013 04 20 20 34 29.045     216.5
380
 2013 04 20 10 31 40.698     2013 04 20 10 34 53.101     192.4
 2013 04 20 20 31 15.247     2013 04 20 20 34 16.422     181.2
381
382
 2013 04 20 13 49 20.749     2013 04 20 13 52  3.280     162.5
 2013 04 20 20 24 21.334     2013 04 20 20 27  8.836     167.5
383
 2013 04 20 13 46 18.250     2013 04 20 13 48 55.490     157.2
 2013 04 20 22 01 58.975     2013 04 20 22 05 18.558     199.6
384
 2013 04 20 13 48 51.649     2013 04 20 13 51 59.271     187.6
 2013 04 20 20 24 50.979     2013 04 20 20 27 29.617     158.6
385
 2013 04 20 13 50 23.087     2013 04 20 13 53 25.530     182.4
 2013 04 20 18 46 22.148     2013 04 20 18 50  5.239     223.1
386
 2013 04 20 20 30 55.468     2013 04 20 20 33 34.298     158.8
387
 2013 04 20 13 49  6.447     2013 04 20 13 52 28.982     202.5
 2013 04 20 15 27  1.191     2013 04 20 15 30 51.451     230.3
 2013 04 20 18 44 12.654     2013 04 20 18 44 17.558       4.9
 2013 04 20 20 22 58.902     2013 04 20 20 26   .344     181.4
388
 2013 04 20 13 42  2.469     2013 04 20 13 45 24.604     202.1
 2013 04 20 23 39 37.251     2013 04 20 23 40   .855      23.6
389
 2013 04 20 12 06 34.368     2013 04 20 12 09 24.884     170.5
 2013 04 20 22 06 58.164     2013 04 20 22 10 45.338     227.2
390
391
 2013 04 20 00 06 53.710     2013 04 20 00 10  8.662     195.0
 2013 04 20 11 59 54.182     2013 04 20 12 02 33.551     159.4
392
 2013 04 20 22 11 12.948     2013 04 20 22 14  1.892     168.9
393
 2013 04 20 00 04 49.445     2013 04 20 00 07 32.400     163.0
394
395
 2013 04 20 12 12 25.971     2013 04 20 12 15 10.559     164.6
396
 2013 04 20 12 06 54.801     2013 04 20 12 10 15.730     200.9
397
 2013 04 20 13 47 55.935     2013 04 20 13 50 50.725     174.8
 2013 04 20 20 23  7.332     2013 04 20 20 26 16.439     189.1
398
 2013 04 20 13 45  5.496     2013 04 20 13 48 20.955     195.5
 2013 04 20 22 01 27.331     2013 04 20 22 04  6.149     158.8
399
 2013 04 20 08 52 41.976     2013 04 20 08 53 33.973      52.0
 2013 04 20 20 37 47.682     2013 04 20 20 40 26.323     158.6
