s1
0
 2013 04 20 10 46 57.580     2013 04 20 10 50 38.277     220.7
1
 2013 04 20 14 01 39.787     2013 04 20 14 04 36.938     177.2
 2013 04 20 20 34 48.383     2013 04 20 20 37 33.405     165.0
2
 2013 04 20 12 20 13.393     2013 04 20 12 23 22.097     188.7
3
 2013 04 20 10 37 42.963     2013 04 20 10 40 29.344     166.4
 2013 04 20 22 24 31.744     2013 04 20 22 27  6.634     154.9
4
 2013 04 20 10 53  4.561     2013 04 20 10 53 19.416      14.9
 2013 04 20 19 02 43.866     2013 04 20 19 05 39.877     176.0
5
 2013 04 20 13 54 28.488     2013 04 20 13 57  7.448     159.0
6
 2013 04 20 10 40 16.696     2013 04 20 10 42 51.910     155.2
7
 2013 04 20 13 55 56.812     2013 04 20 13 59 39.864     223.1
8
 2013 04 20 20 47 34.505     2013 04 20 20 50 57.255     202.7
9
10
 2013 04 20 10 40 10.795     2013 04 20 10 43 10.808     180.0
11
 2013 04 20 19 02 49.461     2013 04 20 19 05 49.106     179.6
12
 2013 04 20 14 03 25.727     2013 04 20 14 03 42.667      16.9
 2013 04 20 15 37 30.556     2013 04 20 15 38 33.071      62.5
 2013 04 20 20 33 33.191     2013 04 20 20 36 49.899     196.7
13
 2013 04 20 15 35 32.797     2013 04 20 15 38 44.838     192.0
 2013 04 20 22 10 45.541     2013 04 20 22 13 21.514     156.0
14
 2013 04 20 15 37 34.374     2013 04 20 15 40 10.606     156.2
 2013 04 20 20 32  5.414     2013 04 20 20 35 15.753     190.3
15
 2013 04 20 12 27   .359     2013 04 20 12 29 36.011     155.7
 2013 04 20 19 01  1.186     2013 04 20 19 03 35.202     154.0
16
 2013 04 20 22 15 38.367     2013 04 20 22 19   .673     202.3
17
 2013 04 20 12 21 13.307     2013 04 20 12 24 49.077     215.8
 2013 04 20 20 43 43.183     2013 04 20 20 43 49.682       6.5
18
 2013 04 20 15 35 33.557     2013 04 20 15 36  2.191      28.6
 2013 04 20 22 11 22.794     2013 04 20 22 13 58.132     155.3
19
 2013 04 20 12 27 26.484     2013 04 20 12 30 34.367     187.9
 2013 04 20 14 04 55.776     2013 04 20 14 05 49.130      53.4
 2013 04 20 17 21 43.254     2013 04 20 17 22  9.467      26.2
 2013 04 20 19 00  3.071     2013 04 20 19 03  9.701     186.6
20
 2013 04 20 00 16 42.233     2013 04 20 00 19 45.945     183.7
 2013 04 20 13 52 46.589     2013 04 20 13 56  1.069     194.5
21
 2013 04 20 20 47  6.396     2013 04 20 20 50 40.315     213.9
22
 2013 04 20 14 02 37.477     2013 04 20 14 05 28.495     171.0
 2013 04 20 15 39 58.462     2013 04 20 15 40 25.975      27.5
 2013 04 20 18 56 59.289     2013 04 20 19 00 19.177     199.9
 2013 04 20 20 34 27.251     2013 04 20 20 35 28.559      61.3
23
 2013 04 20 12 20 10.593     2013 04 20 12 23 46.458     215.9
24
 2013 04 20 22 20 12.849     2013 04 20 22 22 59.062     166.2
25
 2013 04 20 15 37 16.695     2013 04 20 15 40 45.370     208.7
 2013 04 20 20 32 51.512     2013 04 20 20 36 35.155     223.6
26
 2013 04 20 22 22 15.124     2013 04 20 22 24 48.922     153.8
27
 2013 04 20 13 56  5.584     2013 04 20 13 58 52.828     167.2
28
 2013 04 20 12 23 43.321     2013 04 20 12 26 22.427     159.1
 2013 04 20 20 38 40.865     2013 04 20 20 41 16.404     155.5
29
30
 2013 04 20 13 55 40.946     2013 04 20 13 58 31.631     170.7
31
 2013 04 20 12 26 31.576     2013 04 20 12 29 27.870     176.3
 2013 04 20 19 00 19.983     2013 04 20 19 02 57.139     157.2
32
 2013 04 20 15 38 16.041     2013 04 20 15 41 31.058     195.0
 2013 04 20 20 33 37.969     2013 04 20 20 36 19.117     161.1
33
 2013 04 20 13 55 18.464     2013 04 20 13 58  1.338     162.9
34
35
 2013 04 20 12 24 36.113     2013 04 20 12 27 55.512     199.4
36
 2013 04 20 14 03 43.958     2013 04 20 14 06 42.468     178.5
 2013 04 20 18 58 50.817     2013 04 20 19 01 35.591     164.8
37
 2013 04 20 22 21 39.333     2013 04 20 22 25 19.798     220.5
38
 2013 04 20 15 36 13.672     2013 04 20 15 39 36.852     203.2
 2013 04 20 22 10 52.514     2013 04 20 22 13 42.562     170.0
39
 2013 04 20 13 55 12.671     2013 04 20 13 57 57.930     165.3
40
41
 2013 04 20 20 48  3.585     2013 04 20 20 51 29.117     205.5
42
 2013 04 20 20 46 51.081     2013 04 20 20 49 45.520     174.4
43
44
 2013 04 20 20 48   .835     2013 04 20 20 50 36.605     155.8
45
46
 2013 04 20 12 23 13.310     2013 04 20 12 26 21.239     187.9
 2013 04 20 20 39 49.278     2013 04 20 20 42 23.186     153.9
47
 2013 04 20 10 37 59.071     2013 04 20 10 40 37.985     158.9
 2013 04 20 22 24 29.582     2013 04 20 22 27 15.806     166.2
48
 2013 04 20 00 18 13.241     2013 04 20 00 18 18.147       4.9
49
 2013 04 20 12 28 34.376     2013 04 20 12 31 12.391     158.0
 2013 04 20 17 23  2.337     2013 04 20 17 26 12.272     189.9
50
 2013 04 20 00 17  9.832     2013 04 20 00 17 17.055       7.2
51
 2013 04 20 20 42  3.465     2013 04 20 20 45  3.752     180.3
52
 2013 04 20 13 58 52.046     2013 04 20 14 02 39.825     227.8
 2013 04 20 22 11 21.194     2013 04 20 22 15  6.395     225.2
53
 2013 04 20 20 40 44.238     2013 04 20 20 43 31.373     167.1
54
 2013 04 20 12 25 43.262     2013 04 20 12 28 31.147     167.9
 2013 04 20 19 00 44.769     2013 04 20 19 04 30.689     225.9
55
 2013 04 20 10 38  7.507     2013 04 20 10 40 42.135     154.6
 2013 04 20 22 24 42.761     2013 04 20 22 27 51.659     188.9
56
 2013 04 20 22 15 57.855     2013 04 20 22 18 32.071     154.2
57
 2013 04 20 20 41 16.995     2013 04 20 20 43 52.990     156.0
58
59
 2013 04 20 00 20 13.365     2013 04 20 00 22 51.794     158.4
60
 2013 04 20 10 42 50.464     2013 04 20 10 45 24.928     154.5
 2013 04 20 20 44 20.772     2013 04 20 20 47 31.925     191.2
61
 2013 04 20 13 56  6.144     2013 04 20 13 58 48.162     162.0
62
 2013 04 20 14 01 21.763     2013 04 20 14 04  6.658     164.9
 2013 04 20 20 35 53.030     2013 04 20 20 38 27.383     154.4
63
 2013 04 20 10 47 40.386     2013 04 20 10 51 10.593     210.2
 2013 04 20 19 05 36.958     2013 04 20 19 08 31.644     174.7
64
 2013 04 20 14 00 30.853     2013 04 20 14 04 12.403     221.5
 2013 04 20 15 38 14.181     2013 04 20 15 39  7.690      53.5
 2013 04 20 20 34 13.285     2013 04 20 20 36 51.270     158.0
65
 2013 04 20 12 21 57.790     2013 04 20 12 22 14.375      16.6
 2013 04 20 20 40 32.757     2013 04 20 20 43 15.340     162.6
66
 2013 04 20 14 03 33.601     2013 04 20 14 07  2.261     208.7
 2013 04 20 18 59 10.702     2013 04 20 19 02   .502     169.8
67
 2013 04 20 10 50  1.033     2013 04 20 10 53  2.381     181.3
 2013 04 20 19 03 11.004     2013 04 20 19 06 37.512     206.5
68
 2013 04 20 12 20 25.315     2013 04 20 12 22 59.686     154.4
69
 2013 04 20 12 28 42.745     2013 04 20 12 31 19.070     156.3
 2013 04 20 17 23 19.944     2013 04 20 17 26 30.988     191.0
70
 2013 04 20 00 20 21.723     2013 04 20 00 22 54.803     153.1
71
 2013 04 20 00 22 32.406     2013 04 20 00 23 30.804      58.4
72
 2013 04 20 09 04 53.109     2013 04 20 09 06  1.085      68.0
 2013 04 20 20 49 27.032     2013 04 20 20 52 14.612     167.6
73
74
 2013 04 20 22 15 13.768     2013 04 20 22 18 11.587     177.8
75
 2013 04 20 13 55  4.363     2013 04 20 13 58 35.219     210.9
76
 2013 04 20 12 23 54.958     2013 04 20 12 24  1.891       6.9
 2013 04 20 20 39 31.753     2013 04 20 20 39 41.313       9.6
77
 2013 04 20 12 24 26.301     2013 04 20 12 28 12.509     226.2
 2013 04 20 20 36 52.739     2013 04 20 20 38 44.570     111.8
78
 2013 04 20 14 01 16.619     2013 04 20 14 01 45.479      28.9
 2013 04 20 22 11 57.008     2013 04 20 22 14 33.036     156.0
79
 2013 04 20 22 15 13.712     2013 04 20 22 18 15.628     181.9
80
 2013 04 20 12 24  8.616     2013 04 20 12 24 32.613      24.0
 2013 04 20 20 37  1.222     2013 04 20 20 40 27.041     205.8
81
 2013 04 20 19 02 44.345     2013 04 20 19 05 30.800     166.5
82
 2013 04 20 15 36 54.259     2013 04 20 15 39 32.215     158.0
 2013 04 20 22 09 54.249     2013 04 20 22 13 12.681     198.4
83
 2013 04 20 00 17 38.584     2013 04 20 00 20 18.063     159.5
 2013 04 20 13 51 43.268     2013 04 20 13 52 34.456      51.2
84
 2013 04 20 12 22 17.139     2013 04 20 12 25 38.097     201.0
 2013 04 20 20 37 49.261     2013 04 20 20 41  7.165     197.9
85
 2013 04 20 12 20 34.668     2013 04 20 12 23 10.361     155.7
86
 2013 04 20 20 46 30.614     2013 04 20 20 49  8.695     158.1
87
 2013 04 20 00 19 52.447     2013 04 20 00 20 10.838      18.4
 2013 04 20 12 15 39.895     2013 04 20 12 17  6.614      86.7
88
 2013 04 20 12 27 19.663     2013 04 20 12 30 12.700     173.0
 2013 04 20 19 00 23.143     2013 04 20 19 03 12.523     169.4
89
 2013 04 20 13 59  4.516     2013 04 20 14 01 42.531     158.0
 2013 04 20 22 12 59.668     2013 04 20 22 16 35.295     215.6
90
 2013 04 20 22 15 22.530     2013 04 20 22 17 56.867     154.3
91
92
 2013 04 20 10 43 52.715     2013 04 20 10 46 27.772     155.1
 2013 04 20 20 44 16.943     2013 04 20 20 46 47.891     150.9
93
 2013 04 20 00 20 27.720     2013 04 20 00 23 46.790     199.1
 2013 04 20 12 15 29.565     2013 04 20 12 16 36.520      67.0
94
 2013 04 20 10 40 21.979     2013 04 20 10 43 23.103     181.1
95
 2013 04 20 14 02 58.647     2013 04 20 14 05 48.564     169.9
 2013 04 20 18 57 56.014     2013 04 20 19 01 30.580     214.6
96
 2013 04 20 10 42 36.868     2013 04 20 10 46 20.427     223.6
 2013 04 20 20 45 35.599     2013 04 20 20 48  7.330     151.7
97
 2013 04 20 15 37 11.335     2013 04 20 15 39 47.284     155.9
 2013 04 20 20 31 43.425     2013 04 20 20 35 30.263     226.8
 2013 04 20 22 09 34.578     2013 04 20 22 13 18.924     224.3
98
 2013 04 20 00 21 37.422     2013 04 20 00 24 57.384     200.0
 2013 04 20 12 12 44.252     2013 04 20 12 15 25.917     161.7
99
 2013 04 20 22 21 54.047     2013 04 20 22 24 39.608     165.6
100
 2013 04 20 22 15 14.263     2013 04 20 22 18   .248     166.0
101
 2013 04 20 12 28 12.758     2013 04 20 12 29 32.470      79.7
 2013 04 20 17 24 10.307     2013 04 20 17 27 58.216     227.9
102
 2013 04 20 15 36  1.414     2013 04 20 15 39  2.484     181.1
 2013 04 20 22 10 39.568     2013 04 20 22 13 15.654     156.1
103
 2013 04 20 20 41 12.208     2013 04 20 20 43 44.969     152.8
104
 2013 04 20 22 23  6.006     2013 04 20 22 25 53.209     167.2
105
 2013 04 20 12 29 14.944     2013 04 20 12 32 19.163     184.2
 2013 04 20 17 24 27.913     2013 04 20 17 27 13.120     165.2
106
107
 2013 04 20 10 37 33.496     2013 04 20 10 40 32.182     178.7
 2013 04 20 22 24 23.726     2013 04 20 22 26 54.962     151.2
108
 2013 04 20 14 01 52.674     2013 04 20 14 05 11.574     198.9
 2013 04 20 15 39 32.170     2013 04 20 15 43 15.008     222.8
 2013 04 20 18 56 11.639     2013 04 20 18 59 57.018     225.4
 2013 04 20 20 34 19.985     2013 04 20 20 37 32.817     192.8
109
 2013 04 20 09 02 26.767     2013 04 20 09 06  8.951     222.2
 2013 04 20 20 49 32.710     2013 04 20 20 52  8.740     156.0
110
 2013 04 20 12 19 54.858     2013 04 20 12 22 48.866     174.0
 2013 04 20 22 16 44.626     2013 04 20 22 20 23.909     219.3
111
 2013 04 20 20 47  1.819     2013 04 20 20 50  9.733     187.9
112
 2013 04 20 14 02 56.756     2013 04 20 14 06 46.504     229.7
 2013 04 20 18 58 52.187     2013 04 20 19 02 18.648     206.5
113
 2013 04 20 12 27 55.347     2013 04 20 12 31 45.144     229.8
 2013 04 20 19 01 47.644     2013 04 20 19 02 35.629      48.0
114
115
 2013 04 20 13 57 57.934     2013 04 20 14 00 33.010     155.1
 2013 04 20 22 13 32.538     2013 04 20 22 16  5.305     152.8
116
117
 2013 04 20 12 13 26.957     2013 04 20 12 16   .355     153.4
118
 2013 04 20 12 15 19.034     2013 04 20 12 17 54.304     155.3
119
 2013 04 20 20 45 30.365     2013 04 20 20 46  3.058      32.7
120
 2013 04 20 10 39 17.081     2013 04 20 10 41 51.787     154.7
121
 2013 04 20 13 58 58.388     2013 04 20 14 01 50.440     172.1
 2013 04 20 22 12 17.429     2013 04 20 22 15 41.743     204.3
122
 2013 04 20 14 02 27.242     2013 04 20 14 05 12.812     165.6
 2013 04 20 18 56 47.967     2013 04 20 19 00 30.322     222.4
 2013 04 20 20 34 43.015     2013 04 20 20 38 15.386     212.4
123
 2013 04 20 10 42 49.207     2013 04 20 10 43 14.927      25.7
124
 2013 04 20 12 22 16.983     2013 04 20 12 25 14.514     177.5
 2013 04 20 20 38  4.092     2013 04 20 20 41 34.030     209.9
125
 2013 04 20 13 58  2.109     2013 04 20 14 01 20.995     198.9
 2013 04 20 22 12 25.598     2013 04 20 22 15  2.882     157.3
126
 2013 04 20 10 37 57.891     2013 04 20 10 41 15.189     197.3
 2013 04 20 22 23 47.616     2013 04 20 22 26 30.364     162.7
127
 2013 04 20 12 18 53.587     2013 04 20 12 21 28.487     154.9
 2013 04 20 22 18 11.143     2013 04 20 22 20 50.100     159.0
128
 2013 04 20 14 01 47.860     2013 04 20 14 05 13.010     205.2
 2013 04 20 20 36 24.955     2013 04 20 20 39 17.811     172.9
129
 2013 04 20 14 00  6.909     2013 04 20 14 00 10.390       3.5
 2013 04 20 20 36 39.425     2013 04 20 20 39 41.006     181.6
130
 2013 04 20 14 01  5.635     2013 04 20 14 04 20.474     194.8
 2013 04 20 20 36 20.310     2013 04 20 20 38 55.620     155.3
131
 2013 04 20 20 41  1.406     2013 04 20 20 43 48.678     167.3
132
 2013 04 20 12 23 24.287     2013 04 20 12 26 42.963     198.7
 2013 04 20 20 39 49.732     2013 04 20 20 42 33.103     163.4
133
 2013 04 20 13 53 48.765     2013 04 20 13 57 14.680     205.9
134
 2013 04 20 14 00 35.098     2013 04 20 14 04  3.734     208.6
 2013 04 20 20 36 18.772     2013 04 20 20 39 10.448     171.7
135
 2013 04 20 12 15 26.210     2013 04 20 12 18  2.697     156.5
136
137
 2013 04 20 12 21 57.775     2013 04 20 12 24 52.718     174.9
 2013 04 20 20 41 29.602     2013 04 20 20 41 56.008      26.4
138
 2013 04 20 12 23 20.633     2013 04 20 12 26 20.662     180.0
 2013 04 20 20 38 18.803     2013 04 20 20 40 51.949     153.1
139
 2013 04 20 20 46 33.486     2013 04 20 20 49 51.432     197.9
140
141
142
143
 2013 04 20 12 21 47.614     2013 04 20 12 24 25.670     158.1
144
 2013 04 20 12 28 18.542     2013 04 20 12 30 54.522     156.0
 2013 04 20 17 22 48.549     2013 04 20 17 26 26.504     218.0
 2013 04 20 19 00 30.478     2013 04 20 19 01 58.366      87.9
145
 2013 04 20 10 42 38.652     2013 04 20 10 45 22.989     164.3
 2013 04 20 20 44 43.451     2013 04 20 20 47 51.913     188.5
146
 2013 04 20 12 17  4.253     2013 04 20 12 19 38.245     154.0
 2013 04 20 22 18 29.191     2013 04 20 22 22  6.501     217.3
147
 2013 04 20 20 48 55.334     2013 04 20 20 52  7.482     192.1
148
149
 2013 04 20 10 49 29.180     2013 04 20 10 49 52.946      23.8
150
 2013 04 20 10 48 13.751     2013 04 20 10 51 50.164     216.4
 2013 04 20 19 03 21.809     2013 04 20 19 06  6.523     164.7
151
 2013 04 20 14 02 34.141     2013 04 20 14 02 50.422      16.3
 2013 04 20 22 11 10.376     2013 04 20 22 14 53.140     222.8
152
153
 2013 04 20 00 20 56.935     2013 04 20 00 23 51.245     174.3
154
 2013 04 20 14 00 12.681     2013 04 20 14 00 28.224      15.5
 2013 04 20 22 11 42.839     2013 04 20 22 15 10.271     207.4
155
 2013 04 20 10 43 24.347     2013 04 20 10 46  6.811     162.5
 2013 04 20 20 43 46.520     2013 04 20 20 46 34.552     168.0
156
 2013 04 20 13 55 16.392     2013 04 20 13 58 22.363     186.0
157
158
 2013 04 20 14 01 16.586     2013 04 20 14 04  8.948     172.4
 2013 04 20 20 36  1.358     2013 04 20 20 38 36.188     154.8
159
 2013 04 20 12 14 16.552     2013 04 20 12 16 54.559     158.0
160
 2013 04 20 13 55 51.978     2013 04 20 13 59  7.789     195.8
161
 2013 04 20 12 23 42.918     2013 04 20 12 26 21.377     158.5
 2013 04 20 20 39 11.417     2013 04 20 20 41 49.103     157.7
162
 2013 04 20 00 19 41.134     2013 04 20 00 22 13.856     152.7
163
 2013 04 20 12 22 10.058     2013 04 20 12 25  5.891     175.8
 2013 04 20 20 39 28.632     2013 04 20 20 42 48.504     199.9
164
 2013 04 20 22 16 45.054     2013 04 20 22 19 18.570     153.5
165
166
 2013 04 20 20 48 14.734     2013 04 20 20 50 45.542     150.8
167
 2013 04 20 10 42 21.279     2013 04 20 10 42 27.056       5.8
 2013 04 20 20 45 29.971     2013 04 20 20 46 25.847      55.9
168
 2013 04 20 13 59 58.124     2013 04 20 14 02 39.110     161.0
 2013 04 20 20 37 56.481     2013 04 20 20 38 17.928      21.4
169
 2013 04 20 19 02 49.157     2013 04 20 19 05 26.895     157.7
170
 2013 04 20 12 20 28.477     2013 04 20 12 23 26.153     177.7
171
 2013 04 20 10 40 42.324     2013 04 20 10 44 24.064     221.7
172
 2013 04 20 12 20 28.914     2013 04 20 12 24  3.120     214.2
173
 2013 04 20 10 40 45.274     2013 04 20 10 44  6.512     201.2
174
 2013 04 20 14 03  7.012     2013 04 20 14 06  3.749     176.7
 2013 04 20 18 58 13.162     2013 04 20 19 01 36.341     203.2
175
 2013 04 20 00 18 26.251     2013 04 20 00 21   .352     154.1
176
 2013 04 20 20 44 59.893     2013 04 20 20 45 29.018      29.1
177
 2013 04 20 13 58 47.561     2013 04 20 13 59 59.776      72.2
178
 2013 04 20 12 23  1.353     2013 04 20 12 26 44.750     223.4
 2013 04 20 20 37 46.669     2013 04 20 20 40 20.453     153.8
179
180
 2013 04 20 10 40 43.141     2013 04 20 10 43 20.853     157.7
181
182
 2013 04 20 10 43 26.162     2013 04 20 10 43 54.444      28.3
183
 2013 04 20 12 25 58.739     2013 04 20 12 28 48.503     169.8
 2013 04 20 19 00  5.510     2013 04 20 19 03 15.754     190.2
184
 2013 04 20 12 28 16.425     2013 04 20 12 31  4.450     168.0
 2013 04 20 17 23  8.859     2013 04 20 17 23 38.689      29.8
 2013 04 20 19 01  2.204     2013 04 20 19 02 30.285      88.1
185
 2013 04 20 10 45 14.401     2013 04 20 10 48 54.711     220.3
186
 2013 04 20 12 24   .951     2013 04 20 12 27 21.759     200.8
 2013 04 20 20 39 23.129     2013 04 20 20 42 49.608     206.5
187
 2013 04 20 20 37  1.029     2013 04 20 20 39 41.589     160.6
188
 2013 04 20 10 38 18.378     2013 04 20 10 41 48.168     209.8
189
 2013 04 20 20 46 49.159     2013 04 20 20 49 31.275     162.1
190
 2013 04 20 13 56 18.679     2013 04 20 13 59 18.760     180.1
191
 2013 04 20 22 20  4.459     2013 04 20 22 22 55.459     171.0
192
 2013 04 20 12 13 53.432     2013 04 20 12 16 58.381     184.9
193
 2013 04 20 12 21 38.590     2013 04 20 12 25   .821     202.2
 2013 04 20 20 39 42.811     2013 04 20 20 43 23.434     220.6
194
 2013 04 20 12 19 30.474     2013 04 20 12 22 45.937     195.5
195
 2013 04 20 10 42   .421     2013 04 20 10 44 35.902     155.5
196
 2013 04 20 13 55 56.512     2013 04 20 13 58 55.254     178.7
197
 2013 04 20 13 56 44.223     2013 04 20 13 59 23.505     159.3
 2013 04 20 22 12 51.881     2013 04 20 22 16 30.443     218.6
198
199
 2013 04 20 13 57 58.942     2013 04 20 13 58  6.554       7.6
 2013 04 20 22 11 55.048     2013 04 20 22 14 39.498     164.5
200
 2013 04 20 13 56 57.410     2013 04 20 13 59 34.988     157.6
 2013 04 20 22 13 33.932     2013 04 20 22 16 46.399     192.5
201
 2013 04 20 22 21 27.023     2013 04 20 22 24   .522     153.5
202
 2013 04 20 22 15 16.996     2013 04 20 22 18 45.415     208.4
203
 2013 04 20 12 14 12.700     2013 04 20 12 17 43.672     211.0
204
 2013 04 20 10 44 39.301     2013 04 20 10 47 35.934     176.6
 2013 04 20 20 42 59.537     2013 04 20 20 45 45.358     165.8
205
 2013 04 20 00 17  9.760     2013 04 20 00 19 17.902     128.1
206
 2013 04 20 12 14 29.455     2013 04 20 12 17 13.486     164.0
207
 2013 04 20 20 41  6.332     2013 04 20 20 44 37.446     211.1
208
 2013 04 20 12 15 47.406     2013 04 20 12 18 26.633     159.2
209
210
 2013 04 20 10 44 33.267     2013 04 20 10 48  4.375     211.1
 2013 04 20 20 42 30.082     2013 04 20 20 45 15.299     165.2
211
 2013 04 20 12 27 16.864     2013 04 20 12 30 21.280     184.4
 2013 04 20 19 01 44.820     2013 04 20 19 04 27.852     163.0
212
213
 2013 04 20 00 16 13.858     2013 04 20 00 19 35.074     201.2
 2013 04 20 13 53 14.335     2013 04 20 13 56 14.164     179.8
214
 2013 04 20 12 18 30.084     2013 04 20 12 22 16.176     226.1
 2013 04 20 22 17  4.996     2013 04 20 22 19 37.013     152.0
215
 2013 04 20 22 21 36.521     2013 04 20 22 24 11.460     154.9
216
 2013 04 20 20 48 43.096     2013 04 20 20 51 53.203     190.1
217
 2013 04 20 12 18 13.189     2013 04 20 12 21 11.733     178.5
 2013 04 20 22 17 52.580     2013 04 20 22 20 27.528     154.9
218
 2013 04 20 12 22 41.242     2013 04 20 12 25 16.014     154.8
 2013 04 20 20 38 53.854     2013 04 20 20 41 56.985     183.1
219
 2013 04 20 12 19 20.010     2013 04 20 12 21 54.374     154.4
 2013 04 20 22 17 58.870     2013 04 20 22 21  6.014     187.1
220
 2013 04 20 12 12 41.979     2013 04 20 12 13 38.989      57.0
221
 2013 04 20 00 19  6.702     2013 04 20 00 21 36.849     150.1
222
 2013 04 20 20 41 58.580     2013 04 20 20 45 33.954     215.4
223
 2013 04 20 10 42 11.750     2013 04 20 10 45  7.775     176.0
 2013 04 20 20 44 55.013     2013 04 20 20 48 21.870     206.9
224
 2013 04 20 09 03 32.355     2013 04 20 09 06 55.287     202.9
 2013 04 20 20 49 12.422     2013 04 20 20 51 57.154     164.7
225
 2013 04 20 12 28 16.154     2013 04 20 12 30 52.413     156.3
 2013 04 20 17 22 44.739     2013 04 20 17 26 24.270     219.5
 2013 04 20 19 00 29.476     2013 04 20 19 04 16.887     227.4
226
 2013 04 20 12 25  7.487     2013 04 20 12 27 54.229     166.7
227
 2013 04 20 10 48  6.642     2013 04 20 10 51 54.099     227.5
 2013 04 20 19 03 13.982     2013 04 20 19 06  1.004     167.0
228
 2013 04 20 00 16 27.145     2013 04 20 00 20  4.283     217.1
 2013 04 20 13 53   .556     2013 04 20 13 56 30.728     210.2
229
230
 2013 04 20 12 23 46.260     2013 04 20 12 26 40.217     174.0
 2013 04 20 20 39 25.070     2013 04 20 20 42 13.363     168.3
231
232
 2013 04 20 20 45  1.306     2013 04 20 20 46 32.089      90.8
233
 2013 04 20 20 36 50.338     2013 04 20 20 40  5.069     194.7
234
235
236
 2013 04 20 12 22 25.743     2013 04 20 12 25 14.474     168.7
 2013 04 20 20 39 25.941     2013 04 20 20 42 31.894     186.0
237
 2013 04 20 00 19 28.181     2013 04 20 00 21 59.144     151.0
238
 2013 04 20 12 29 17.772     2013 04 20 12 32 22.464     184.7
 2013 04 20 17 24 30.614     2013 04 20 17 27 13.880     163.3
239
 2013 04 20 12 20 30.097     2013 04 20 12 21   .460      30.4
240
 2013 04 20 13 55 25.698     2013 04 20 13 58 27.747     182.0
241
 2013 04 20 10 39 38.340     2013 04 20 10 42 43.959     185.6
242
 2013 04 20 10 43 10.151     2013 04 20 10 45 46.175     156.0
 2013 04 20 20 43 59.295     2013 04 20 20 46 58.374     179.1
243
 2013 04 20 13 58 12.533     2013 04 20 14 01 39.449     206.9
 2013 04 20 22 12 13.007     2013 04 20 22 14 59.105     166.1
244
 2013 04 20 12 22  1.656     2013 04 20 12 25 50.100     228.4
 2013 04 20 20 37 28.117     2013 04 20 20 40 52.862     204.7
245
246
 2013 04 20 12 19 38.920     2013 04 20 12 22 18.335     159.4
 2013 04 20 22 17 21.290     2013 04 20 22 20 40.966     199.7
247
 2013 04 20 13 56 11.338     2013 04 20 13 58 46.047     154.7
248
 2013 04 20 12 18 34.807     2013 04 20 12 22  8.581     213.8
 2013 04 20 22 17 12.865     2013 04 20 22 19 45.243     152.4
249
250
 2013 04 20 12 16 50.439     2013 04 20 12 20 22.445     212.0
 2013 04 20 22 20 32.359     2013 04 20 22 21 10.826      38.5
251
 2013 04 20 10 39 40.623     2013 04 20 10 42 37.711     177.1
252
 2013 04 20 14 00 22.930     2013 04 20 14 03  3.032     160.1
 2013 04 20 20 34 38.501     2013 04 20 20 38  3.168     204.7
253
 2013 04 20 12 28  2.317     2013 04 20 12 30 39.994     157.7
 2013 04 20 17 22 26.097     2013 04 20 17 23  6.337      40.2
 2013 04 20 19 00 31.495     2013 04 20 19 03 59.659     208.2
254
 2013 04 20 12 22  2.643     2013 04 20 12 25 49.996     227.4
 2013 04 20 20 37 29.108     2013 04 20 20 40 53.059     204.0
255
 2013 04 20 12 18 43.627     2013 04 20 12 21 46.248     182.6
 2013 04 20 22 18 48.382     2013 04 20 22 21 51.350     183.0
256
 2013 04 20 12 23 45.336     2013 04 20 12 27 32.759     227.4
 2013 04 20 20 37 25.915     2013 04 20 20 40 19.959     174.0
257
 2013 04 20 10 41 32.862     2013 04 20 10 45  5.857     213.0
 2013 04 20 20 45 25.675     2013 04 20 20 49  1.732     216.1
258
 2013 04 20 00 22 14.268     2013 04 20 00 25 17.081     182.8
 2013 04 20 12 12 22.321     2013 04 20 12 14 56.205     153.9
259
 2013 04 20 10 40 44.145     2013 04 20 10 43 27.564     163.4
260
 2013 04 20 10 44  2.061     2013 04 20 10 46 43.463     161.4
 2013 04 20 20 43 41.562     2013 04 20 20 46 12.675     151.1
261
 2013 04 20 15 36 47.851     2013 04 20 15 39 33.980     166.1
 2013 04 20 22 10 10.957     2013 04 20 22 13 23.710     192.8
262
 2013 04 20 13 58  5.894     2013 04 20 14 00 46.041     160.1
 2013 04 20 22 13  8.430     2013 04 20 22 15 42.319     153.9
263
 2013 04 20 10 43  5.453     2013 04 20 10 45 39.331     153.9
 2013 04 20 20 44 18.442     2013 04 20 20 47 15.485     177.0
264
 2013 04 20 20 47  8.596     2013 04 20 20 47 17.017       8.4
265
 2013 04 20 12 20 38.895     2013 04 20 12 23 13.740     154.8
266
 2013 04 20 12 23 22.837     2013 04 20 12 26 26.549     183.7
 2013 04 20 20 38 14.949     2013 04 20 20 40 47.973     153.0
267
 2013 04 20 00 19 29.587     2013 04 20 00 19 44.718      15.1
268
 2013 04 20 10 40 42.182     2013 04 20 10 43 32.585     170.4
269
 2013 04 20 19 02 33.741     2013 04 20 19 05 39.816     186.1
270
271
 2013 04 20 12 18 37.506     2013 04 20 12 21 48.619     191.1
 2013 04 20 22 17 31.777     2013 04 20 22 20  3.795     152.0
272
273
 2013 04 20 12 15 10.854     2013 04 20 12 17 57.318     166.5
274
275
 2013 04 20 12 20 33.035     2013 04 20 12 23 31.139     178.1
276
 2013 04 20 10 47 53.825     2013 04 20 10 50 53.697     179.9
 2013 04 20 19 05 11.086     2013 04 20 19 08 12.584     181.5
277
 2013 04 20 14 00 12.912     2013 04 20 14 03  1.515     168.6
 2013 04 20 20 35 15.304     2013 04 20 20 38 58.108     222.8
278
 2013 04 20 13 59 10.400     2013 04 20 14 00 12.171      61.8
279
 2013 04 20 09 03  6.869     2013 04 20 09 06 12.918     186.0
 2013 04 20 20 49 47.423     2013 04 20 20 52 18.977     151.6
280
 2013 04 20 12 23 35.169     2013 04 20 12 24  5.552      30.4
 2013 04 20 22 15 26.734     2013 04 20 22 15 34.098       7.4
281
 2013 04 20 10 45 36.142     2013 04 20 10 48 37.075     180.9
282
 2013 04 20 14 03 48.528     2013 04 20 14 06 38.213     169.7
 2013 04 20 18 58 44.460     2013 04 20 19 01 26.311     161.9
283
 2013 04 20 20 40 36.900     2013 04 20 20 44  9.556     212.7
284
 2013 04 20 12 25 45.203     2013 04 20 12 28 51.910     186.7
 2013 04 20 18 59 47.149     2013 04 20 19 03  1.245     194.1
285
 2013 04 20 12 29 28.682     2013 04 20 12 32 13.323     164.6
 2013 04 20 17 24 15.609     2013 04 20 17 26 53.222     157.6
286
 2013 04 20 10 47  9.802     2013 04 20 10 47 53.747      43.9
 2013 04 20 19 05 52.219     2013 04 20 19 08 59.956     187.7
287
 2013 04 20 12 16 18.094     2013 04 20 12 18 51.596     153.5
288
 2013 04 20 14 00 55.963     2013 04 20 14 04 18.046     202.1
 2013 04 20 15 38 26.159     2013 04 20 15 38 28.074       1.9
 2013 04 20 20 34 29.807     2013 04 20 20 37  4.234     154.4
289
 2013 04 20 20 47 48.142     2013 04 20 20 51  1.774     193.6
290
291
 2013 04 20 12 27 26.997     2013 04 20 12 30 15.907     168.9
 2013 04 20 19 00 26.130     2013 04 20 19 03 19.946     173.8
292
 2013 04 20 20 41 21.775     2013 04 20 20 44 34.576     192.8
293
 2013 04 20 22 23 26.885     2013 04 20 22 26 54.250     207.4
294
295
 2013 04 20 22 15 35.337     2013 04 20 22 19  9.760     214.4
296
 2013 04 20 22 23 18.388     2013 04 20 22 25 58.494     160.1
297
 2013 04 20 10 36 53.399     2013 04 20 10 40 15.869     202.5
 2013 04 20 22 24 17.287     2013 04 20 22 26 55.026     157.7
298
 2013 04 20 22 15 31.485     2013 04 20 22 15 50.139      18.7
299
 2013 04 20 12 17 34.558     2013 04 20 12 21 20.139     225.6
 2013 04 20 22 19 50.052     2013 04 20 22 22 25.946     155.9
300
 2013 04 20 12 25 27.570     2013 04 20 12 25 35.205       7.6
 2013 04 20 20 41  5.284     2013 04 20 20 41  6.651       1.4
301
 2013 04 20 15 36  4.928     2013 04 20 15 38 54.848     169.9
 2013 04 20 22 10 28.539     2013 04 20 22 13  4.447     155.9
302
 2013 04 20 10 47 38.757     2013 04 20 10 50 15.258     156.5
 2013 04 20 19 04 22.373     2013 04 20 19 05  3.773      41.4
303
 2013 04 20 00 20 35.464     2013 04 20 00 24  3.705     208.2
304
 2013 04 20 10 45 24.271     2013 04 20 10 47 58.899     154.6
 2013 04 20 20 42 57.605     2013 04 20 20 44  5.625      68.0
305
 2013 04 20 09 02 28.075     2013 04 20 09 06 11.964     223.9
 2013 04 20 20 49 31.019     2013 04 20 20 52  6.335     155.3
306
 2013 04 20 12 15 23.107     2013 04 20 12 18 13.389     170.3
307
 2013 04 20 10 47 59.371     2013 04 20 10 50 34.121     154.8
 2013 04 20 19 04 23.512     2013 04 20 19 07 43.698     200.2
308
 2013 04 20 14 04  3.917     2013 04 20 14 06 58.012     174.1
 2013 04 20 18 58 59.686     2013 04 20 19 01 35.297     155.6
309
 2013 04 20 12 20 47.878     2013 04 20 12 23 35.913     168.0
310
 2013 04 20 12 17 46.597     2013 04 20 12 19  3.079      76.5
311
 2013 04 20 14 00 48.404     2013 04 20 14 03 27.688     159.3
 2013 04 20 20 34 58.983     2013 04 20 20 37 52.502     173.5
312
 2013 04 20 12 30   .438     2013 04 20 12 30 16.282      15.8
 2013 04 20 14 04 15.713     2013 04 20 14 07 40.336     204.6
 2013 04 20 18 59 33.920     2013 04 20 19 02  8.945     155.0
313
314
 2013 04 20 12 13 29.267     2013 04 20 12 16 17.856     168.6
315
 2013 04 20 14 01 25.828     2013 04 20 14 04 12.806     167.0
 2013 04 20 20 35 56.588     2013 04 20 20 38 30.474     153.9
316
 2013 04 20 20 41  9.655     2013 04 20 20 44 25.916     196.3
317
 2013 04 20 12 29  6.703     2013 04 20 12 32  1.311     174.6
 2013 04 20 17 24 10.852     2013 04 20 17 27  3.043     172.2
318
 2013 04 20 10 44 36.420     2013 04 20 10 45 28.774      52.4
319
 2013 04 20 12 16 58.104     2013 04 20 12 19 43.547     165.4
 2013 04 20 22 21  1.401     2013 04 20 22 21 52.588      51.2
320
 2013 04 20 10 43  8.024     2013 04 20 10 43 22.215      14.2
 2013 04 20 20 42 43.950     2013 04 20 20 45 38.748     174.8
321
 2013 04 20 22 24 37.911     2013 04 20 22 25 31.266      53.4
322
 2013 04 20 10 44 14.596     2013 04 20 10 47 46.757     212.2
 2013 04 20 20 42 42.050     2013 04 20 20 45 16.626     154.6
323
 2013 04 20 00 18  4.629     2013 04 20 00 20 36.450     151.8
 2013 04 20 13 50 56.835     2013 04 20 13 51 18.426      21.6
324
 2013 04 20 10 43 36.043     2013 04 20 10 46 40.661     184.6
 2013 04 20 20 44 52.169     2013 04 20 20 47 26.279     154.1
325
 2013 04 20 20 41 52.999     2013 04 20 20 45  7.977     195.0
326
 2013 04 20 22 15 44.181     2013 04 20 22 18 20.909     156.7
327
 2013 04 20 12 27  6.870     2013 04 20 12 29 43.409     156.5
 2013 04 20 19 00 54.164     2013 04 20 19 03 29.112     154.9
328
 2013 04 20 20 41  9.904     2013 04 20 20 43 47.683     157.8
329
 2013 04 20 12 22 21.077     2013 04 20 12 23  3.408      42.3
 2013 04 20 20 40 29.508     2013 04 20 20 43  2.766     153.3
330
 2013 04 20 10 41 42.893     2013 04 20 10 45 11.874     209.0
331
 2013 04 20 13 57 14.590     2013 04 20 14 00 47.712     213.1
 2013 04 20 22 14 38.534     2013 04 20 22 17 10.840     152.3
332
 2013 04 20 10 44 37.532     2013 04 20 10 47 13.016     155.5
 2013 04 20 20 43 32.424     2013 04 20 20 46 19.202     166.8
333
 2013 04 20 09 05 22.941     2013 04 20 09 09  4.896     222.0
334
335
 2013 04 20 13 58 29.347     2013 04 20 14 01 31.279     181.9
 2013 04 20 22 13 45.856     2013 04 20 22 16 56.523     190.7
336
 2013 04 20 12 24 14.848     2013 04 20 12 28   .532     225.7
 2013 04 20 20 37  3.979     2013 04 20 20 40 33.968     210.0
337
 2013 04 20 12 28   .362     2013 04 20 12 30 40.528     160.2
 2013 04 20 19 01  2.107     2013 04 20 19 04 23.960     201.9
338
 2013 04 20 12 23 53.498     2013 04 20 12 27 33.191     219.7
 2013 04 20 20 39 32.283     2013 04 20 20 43  4.980     212.7
339
 2013 04 20 12 24 47.649     2013 04 20 12 27 22.913     155.3
 2013 04 20 20 38  9.352     2013 04 20 20 40 12.772     123.4
340
 2013 04 20 13 56 56.876     2013 04 20 14 00  7.378     190.5
 2013 04 20 22 14 20.555     2013 04 20 22 17  7.656     167.1
341
 2013 04 20 20 47  5.495     2013 04 20 20 49 48.545     163.0
342
343
 2013 04 20 12 26 10.303     2013 04 20 12 28 58.894     168.6
 2013 04 20 19 00 14.714     2013 04 20 19 03 12.055     177.3
344
 2013 04 20 12 18  8.264     2013 04 20 12 20 48.417     160.2
 2013 04 20 22 18 59.787     2013 04 20 22 21 30.762     151.0
345
 2013 04 20 12 24 28.880     2013 04 20 12 27 33.496     184.6
 2013 04 20 20 37 35.078     2013 04 20 20 41  3.141     208.1
346
 2013 04 20 00 20 56.500     2013 04 20 00 23 52.478     176.0
 2013 04 20 12 12 21.358     2013 04 20 12 13 10.260      48.9
347
 2013 04 20 12 22 34.614     2013 04 20 12 25 14.497     159.9
 2013 04 20 20 38 32.820     2013 04 20 20 41 45.023     192.2
348
 2013 04 20 10 38 48.243     2013 04 20 10 41 50.922     182.7
 2013 04 20 22 23 11.631     2013 04 20 22 26 44.749     213.1
349
 2013 04 20 20 40 36.887     2013 04 20 20 43 21.009     164.1
350
 2013 04 20 22 22 53.277     2013 04 20 22 25 25.987     152.7
351
352
 2013 04 20 12 21 37.407     2013 04 20 12 24 12.123     154.7
353
 2013 04 20 00 18 18.817     2013 04 20 00 21 40.961     202.1
354
 2013 04 20 12 18 36.166     2013 04 20 12 21 44.082     187.9
 2013 04 20 22 18 55.969     2013 04 20 22 21 55.956     180.0
355
 2013 04 20 12 25 25.406     2013 04 20 12 28 35.313     189.9
 2013 04 20 19 04 30.138     2013 04 20 19 04 58.167      28.0
356
 2013 04 20 12 15 48.434     2013 04 20 12 19 30.381     221.9
 2013 04 20 22 19 58.837     2013 04 20 22 20 28.095      29.3
357
 2013 04 20 12 21 44.492     2013 04 20 12 24 19.223     154.7
358
359
 2013 04 20 12 23 54.356     2013 04 20 12 24 17.916      23.6
360
 2013 04 20 10 45 57.604     2013 04 20 10 46 52.208      54.6
361
 2013 04 20 13 57 57.680     2013 04 20 14 01 38.600     220.9
 2013 04 20 22 14 20.310     2013 04 20 22 17 22.290     182.0
362
 2013 04 20 12 19 32.710     2013 04 20 12 22 44.379     191.7
 2013 04 20 22 16 48.569     2013 04 20 22 20  1.554     193.0
363
 2013 04 20 00 18 45.735     2013 04 20 00 22  6.097     200.4
364
 2013 04 20 12 25 21.401     2013 04 20 12 28 53.951     212.6
 2013 04 20 19 01 17.769     2013 04 20 19 01 41.044      23.3
365
 2013 04 20 10 48 30.142     2013 04 20 10 51 27.206     177.1
 2013 04 20 19 05 15.489     2013 04 20 19 07 50.106     154.6
366
 2013 04 20 10 42 57.515     2013 04 20 10 46 39.396     221.9
 2013 04 20 20 42 48.523     2013 04 20 20 45 56.239     187.7
367
 2013 04 20 12 17 47.754     2013 04 20 12 18 58.068      70.3
368
 2013 04 20 12 17 58.351     2013 04 20 12 18  2.795       4.4
 2013 04 20 22 19 30.332     2013 04 20 22 22 46.531     196.2
369
 2013 04 20 20 45 10.224     2013 04 20 20 48 35.116     204.9
370
 2013 04 20 13 55  1.203     2013 04 20 13 57 36.151     154.9
371
 2013 04 20 20 39 26.865     2013 04 20 20 40 10.576      43.7
372
 2013 04 20 10 50  7.639     2013 04 20 10 51  1.819      54.2
 2013 04 20 19 06 30.397     2013 04 20 19 06 44.117      13.7
373
 2013 04 20 12 26 39.628     2013 04 20 12 30 20.594     221.0
 2013 04 20 19 02 12.570     2013 04 20 19 04 46.269     153.7
374
 2013 04 20 20 51 28.243     2013 04 20 20 52  5.481      37.2
375
 2013 04 20 20 45 25.044     2013 04 20 20 48 20.646     175.6
376
 2013 04 20 10 49 24.983     2013 04 20 10 52 35.012     190.0
 2013 04 20 19 03 28.676     2013 04 20 19 06 16.429     167.8
377
378
 2013 04 20 15 36 40.364     2013 04 20 15 39 55.080     194.7
 2013 04 20 22 10 35.971     2013 04 20 22 13 53.214     197.2
379
 2013 04 20 10 45 58.474     2013 04 20 10 48 33.083     154.6
380
 2013 04 20 10 45 30.121     2013 04 20 10 48  6.013     155.9
 2013 04 20 20 42 39.844     2013 04 20 20 43 59.303      79.5
381
382
 2013 04 20 14 02 10.491     2013 04 20 14 05 10.058     179.6
 2013 04 20 20 35 59.722     2013 04 20 20 39  6.585     186.9
383
 2013 04 20 13 59  7.515     2013 04 20 14 02  3.276     175.8
 2013 04 20 22 13  8.785     2013 04 20 22 13 34.135      25.4
384
 2013 04 20 14 01 35.898     2013 04 20 14 05 14.062     218.2
 2013 04 20 20 36 35.717     2013 04 20 20 39 22.480     166.8
385
 2013 04 20 14 03 10.891     2013 04 20 14 06 35.753     204.9
 2013 04 20 18 58 45.169     2013 04 20 19 01 59.370     194.2
386
 2013 04 20 10 44 31.483     2013 04 20 10 47 50.244     198.8
 2013 04 20 20 42 42.915     2013 04 20 20 45 25.175     162.3
387
 2013 04 20 14 02 14.920     2013 04 20 14 05 10.389     175.5
 2013 04 20 15 39 35.688     2013 04 20 15 39 45.778      10.1
 2013 04 20 18 56 33.659     2013 04 20 19 00 18.387     224.7
 2013 04 20 20 34 35.221     2013 04 20 20 37 58.917     203.7
388
 2013 04 20 13 55 20.453     2013 04 20 13 58  1.548     161.1
389
 2013 04 20 12 19 25.078     2013 04 20 12 23  7.931     222.9
390
 2013 04 20 10 40 30.039     2013 04 20 10 44 14.253     224.2
391
 2013 04 20 12 13  7.019     2013 04 20 12 15 53.616     166.6
392
 2013 04 20 22 22 53.155     2013 04 20 22 25 25.817     152.7
393
 2013 04 20 00 19 44.842     2013 04 20 00 21 57.813     133.0
394
395
 2013 04 20 12 25 44.065     2013 04 20 12 28 19.823     155.8
 2013 04 20 19 00 18.406     2013 04 20 19 01 19.544      61.1
396
397
 2013 04 20 14 01  1.110     2013 04 20 14 03 38.242     157.1
 2013 04 20 20 35 10.766     2013 04 20 20 37 54.647     163.9
398
 2013 04 20 13 58 18.623     2013 04 20 14 01   .940     162.3
 2013 04 20 22 12 59.627     2013 04 20 22 15 39.156     159.5
399
 2013 04 20 09 03 58.468     2013 04 20 09 06 48.458     170.0
 2013 04 20 20 49 20.920     2013 04 20 20 52 29.503     188.6
