s1
0
 2013 04 20 22 11 30.297     2013 04 20 22 15 14.247     224.0
1
 2013 04 20 00 17 27.637     2013 04 20 00 20  7.140     159.5
 2013 04 20 13 51 55.650     2013 04 20 13 55 38.351     222.7
2
 2013 04 20 12 23 44.083     2013 04 20 12 26 52.149     188.1
 2013 04 20 20 38  3.461     2013 04 20 20 40 44.058     160.6
3
 2013 04 20 10 47 55.008     2013 04 20 10 50 37.402     162.4
 2013 04 20 19 04 46.186     2013 04 20 19 08  1.795     195.6
4
 2013 04 20 10 39 55.424     2013 04 20 10 42 30.225     154.8
5
 2013 04 20 12 20 14.148     2013 04 20 12 23 57.421     223.3
6
 2013 04 20 22 21  2.627     2013 04 20 22 23 35.185     152.6
7
 2013 04 20 12 22 34.484     2013 04 20 12 25 23.243     168.8
 2013 04 20 20 38 20.933     2013 04 20 20 41 30.576     189.6
8
 2013 04 20 12 23 20.798     2013 04 20 12 26  1.515     160.7
 2013 04 20 20 39 22.172     2013 04 20 20 41 54.801     152.6
9
 2013 04 20 22 22 27.785     2013 04 20 22 26  2.197     214.4
10
 2013 04 20 12 24 15.182     2013 04 20 12 27 25.115     189.9
 2013 04 20 20 37 40.718     2013 04 20 20 40 52.652     191.9
11
 2013 04 20 22 22 44.790     2013 04 20 22 25 43.674     178.9
12
 2013 04 20 14 02 54.624     2013 04 20 14 05 56.393     181.8
 2013 04 20 18 58  4.289     2013 04 20 19 01 44.419     220.1
13
14
 2013 04 20 22 22 43.352     2013 04 20 22 25 18.265     154.9
15
 2013 04 20 22 16 14.629     2013 04 20 22 18 47.884     153.3
16
 2013 04 20 00 18 48.783     2013 04 20 00 21 49.339     180.6
17
 2013 04 20 13 57 43.723     2013 04 20 14 00 33.263     169.5
 2013 04 20 22 14  2.152     2013 04 20 22 16 34.680     152.5
18
 2013 04 20 00 18 48.747     2013 04 20 00 22 17.236     208.5
19
 2013 04 20 20 47 44.094     2013 04 20 20 50 18.116     154.0
20
 2013 04 20 20 41 38.398     2013 04 20 20 45  1.976     203.6
21
 2013 04 20 12 16 45.396     2013 04 20 12 19 27.224     161.8
22
 2013 04 20 12 24 57.539     2013 04 20 12 27 34.445     156.9
 2013 04 20 20 38  9.032     2013 04 20 20 38 15.991       7.0
23
 2013 04 20 14 02 23.965     2013 04 20 14 05  1.797     157.8
 2013 04 20 20 35 27.274     2013 04 20 20 38 42.435     195.2
24
25
 2013 04 20 10 38 36.291     2013 04 20 10 41 33.609     177.3
26
27
 2013 04 20 13 55 23.682     2013 04 20 13 58 39.822     196.1
28
 2013 04 20 12 18 18.802     2013 04 20 12 20 52.820     154.0
 2013 04 20 22 18 40.685     2013 04 20 22 21 11.777     151.1
29
 2013 04 20 13 55 54.357     2013 04 20 13 58 29.340     155.0
30
 2013 04 20 10 48  4.298     2013 04 20 10 51 29.953     205.7
 2013 04 20 19 03 25.286     2013 04 20 19 06 22.600     177.3
31
 2013 04 20 22 23  3.274     2013 04 20 22 25 40.074     156.8
32
 2013 04 20 13 56  3.861     2013 04 20 13 59 26.021     202.2
33
 2013 04 20 12 13 14.535     2013 04 20 12 16 12.632     178.1
34
 2013 04 20 12 24 53.224     2013 04 20 12 27 40.740     167.5
 2013 04 20 20 37 34.695     2013 04 20 20 38 16.973      42.3
35
 2013 04 20 13 57 55.370     2013 04 20 14 01 17.452     202.1
 2013 04 20 22 12 25.340     2013 04 20 22 15   .379     155.0
36
 2013 04 20 15 37 48.838     2013 04 20 15 41  3.196     194.4
 2013 04 20 20 33 13.510     2013 04 20 20 36 17.878     184.4
37
 2013 04 20 12 26 43.315     2013 04 20 12 26 57.518      14.2
 2013 04 20 20 37 31.195     2013 04 20 20 40  5.637     154.4
38
 2013 04 20 22 26 14.027     2013 04 20 22 26 42.164      28.1
39
 2013 04 20 12 17 55.764     2013 04 20 12 20 51.424     175.7
 2013 04 20 22 19 19.408     2013 04 20 22 21 50.180     150.8
40
41
 2013 04 20 12 14 21.605     2013 04 20 12 17  3.742     162.1
42
 2013 04 20 15 38 50.731     2013 04 20 15 41 59.560     188.8
 2013 04 20 20 33 50.650     2013 04 20 20 36 26.871     156.2
43
 2013 04 20 12 19  3.056     2013 04 20 12 22 13.843     190.8
 2013 04 20 22 17 15.832     2013 04 20 22 19 59.793     164.0
44
 2013 04 20 20 40 30.388     2013 04 20 20 43 37.141     186.8
45
46
 2013 04 20 12 19 48.190     2013 04 20 12 20 43.816      55.6
 2013 04 20 22 20  1.593     2013 04 20 22 20 50.994      49.4
47
 2013 04 20 14 02 12.224     2013 04 20 14 04 52.439     160.2
 2013 04 20 20 35  1.972     2013 04 20 20 38  8.375     186.4
48
 2013 04 20 22 16 10.150     2013 04 20 22 18 49.892     159.7
49
 2013 04 20 12 26 29.077     2013 04 20 12 26 32.728       3.7
 2013 04 20 20 37 25.421     2013 04 20 20 40 16.475     171.1
50
 2013 04 20 10 38  6.913     2013 04 20 10 40 50.602     163.7
 2013 04 20 22 24 48.236     2013 04 20 22 28 13.306     205.1
51
 2013 04 20 12 23 40.809     2013 04 20 12 26 20.893     160.1
 2013 04 20 20 38 39.752     2013 04 20 20 41 14.455     154.7
52
53
 2013 04 20 12 24 22.983     2013 04 20 12 27 38.901     195.9
 2013 04 20 20 39  1.646     2013 04 20 20 39 48.602      47.0
54
 2013 04 20 12 14  3.453     2013 04 20 12 17 23.124     199.7
55
 2013 04 20 12 17 17.631     2013 04 20 12 20 54.830     217.2
 2013 04 20 22 19 56.273     2013 04 20 22 22 26.935     150.7
56
 2013 04 20 14 03  1.618     2013 04 20 14 06 36.706     215.1
 2013 04 20 18 58 44.446     2013 04 20 19 02  8.248     203.8
57
 2013 04 20 10 48 49.089     2013 04 20 10 52 20.821     211.7
 2013 04 20 19 03 24.672     2013 04 20 19 05 58.136     153.5
58
 2013 04 20 10 43 44.191     2013 04 20 10 46 26.015     161.8
 2013 04 20 20 43 45.967     2013 04 20 20 46 21.213     155.2
59
 2013 04 20 12 23 16.427     2013 04 20 12 26  4.535     168.1
 2013 04 20 20 38 31.858     2013 04 20 20 41  6.577     154.7
60
 2013 04 20 10 39 25.988     2013 04 20 10 41  9.960     104.0
61
 2013 04 20 13 58 16.825     2013 04 20 14 01  8.421     171.6
 2013 04 20 22 13 49.881     2013 04 20 22 16 39.073     169.2
62
 2013 04 20 12 16 32.726     2013 04 20 12 19 47.124     194.4
63
64
 2013 04 20 14 00 41.814     2013 04 20 14 04 15.790     214.0
 2013 04 20 20 36 27.312     2013 04 20 20 39 11.152     163.8
65
66
 2013 04 20 12 25 17.493     2013 04 20 12 28 54.577     217.1
 2013 04 20 19 01 18.775     2013 04 20 19 01 21.848       3.1
67
 2013 04 20 00 18 26.766     2013 04 20 00 21  4.106     157.3
68
 2013 04 20 22 16 13.468     2013 04 20 22 19  7.174     173.7
69
 2013 04 20 10 39 22.554     2013 04 20 10 42 19.413     176.9
70
 2013 04 20 22 15 30.854     2013 04 20 22 18 24.923     174.1
71
 2013 04 20 22 14 19.158     2013 04 20 22 16 21.513     122.4
72
73
 2013 04 20 13 55  8.942     2013 04 20 13 58  9.714     180.8
74
 2013 04 20 13 53 53.161     2013 04 20 13 57 32.180     219.0
75
 2013 04 20 20 43 51.643     2013 04 20 20 44 35.517      43.9
76
 2013 04 20 13 58 57.254     2013 04 20 14 01 32.663     155.4
 2013 04 20 22 12 59.096     2013 04 20 22 16 19.827     200.7
77
 2013 04 20 20 41 46.883     2013 04 20 20 44 25.233     158.4
78
 2013 04 20 15 37  8.751     2013 04 20 15 40 31.358     202.6
 2013 04 20 20 32 36.115     2013 04 20 20 32 52.320      16.2
 2013 04 20 22 10 21.365     2013 04 20 22 10 30.547       9.2
79
 2013 04 20 12 25 44.039     2013 04 20 12 29 17.323     213.3
 2013 04 20 19 01 38.769     2013 04 20 19 04 55.685     196.9
80
 2013 04 20 00 20 24.635     2013 04 20 00 23 18.326     173.7
81
 2013 04 20 12 19 13.706     2013 04 20 12 21 53.762     160.1
 2013 04 20 22 17 43.987     2013 04 20 22 20 35.905     171.9
82
 2013 04 20 10 39 30.028     2013 04 20 10 42  8.178     158.1
83
 2013 04 20 10 44 35.958     2013 04 20 10 48 19.609     223.7
 2013 04 20 20 42 16.624     2013 04 20 20 45  6.115     169.5
84
 2013 04 20 14 01 52.879     2013 04 20 14 05 11.281     198.4
 2013 04 20 20 36 19.330     2013 04 20 20 39 14.510     175.2
85
86
 2013 04 20 13 57 26.647     2013 04 20 14 00 31.435     184.8
 2013 04 20 22 12 42.200     2013 04 20 22 15 23.048     160.8
87
 2013 04 20 10 48 22.442     2013 04 20 10 51 39.247     196.8
 2013 04 20 19 05 31.935     2013 04 20 19 08  5.004     153.1
88
 2013 04 20 00 19 14.791     2013 04 20 00 21 45.834     151.0
89
 2013 04 20 00 17 59.038     2013 04 20 00 20 30.750     151.7
 2013 04 20 13 51 14.795     2013 04 20 13 51 21.491       6.7
90
 2013 04 20 09 03 57.806     2013 04 20 09 06 47.763     170.0
 2013 04 20 20 49 21.639     2013 04 20 20 52 29.520     187.9
91
 2013 04 20 22 14 41.747     2013 04 20 22 17 50.888     189.1
92
 2013 04 20 14 01 36.888     2013 04 20 14 04 12.644     155.8
 2013 04 20 20 35 32.017     2013 04 20 20 38  7.022     155.0
93
 2013 04 20 12 29  3.312     2013 04 20 12 31 41.150     157.8
 2013 04 20 17 23 44.230     2013 04 20 17 26 36.164     171.9
94
 2013 04 20 10 46 11.863     2013 04 20 10 48 48.454     156.6
95
 2013 04 20 12 26 47.300     2013 04 20 12 28 11.889      84.6
 2013 04 20 19 02 20.575     2013 04 20 19 04 58.033     157.5
96
 2013 04 20 10 42 35.500     2013 04 20 10 43  1.634      26.1
 2013 04 20 20 45 44.544     2013 04 20 20 48 15.486     150.9
97
 2013 04 20 20 36 19.218     2013 04 20 20 40  3.864     224.6
98
99
 2013 04 20 13 59 57.314     2013 04 20 14 02 40.085     162.8
100
 2013 04 20 12 17 24.735     2013 04 20 12 20  5.833     161.1
 2013 04 20 22 18 13.536     2013 04 20 22 21 29.934     196.4
101
 2013 04 20 00 19  4.997     2013 04 20 00 21 55.736     170.7
102
 2013 04 20 12 24  2.467     2013 04 20 12 27  9.384     186.9
 2013 04 20 20 37 53.652     2013 04 20 20 40 49.504     175.9
103
104
 2013 04 20 10 47 22.014     2013 04 20 10 49 56.973     155.0
105
 2013 04 20 10 49 12.056     2013 04 20 10 49 25.008      13.0
 2013 04 20 20 41 14.372     2013 04 20 20 44 56.531     222.2
106
 2013 04 20 22 15 39.324     2013 04 20 22 18 20.723     161.4
107
 2013 04 20 15 38 20.180     2013 04 20 15 41 17.760     177.6
 2013 04 20 20 33 23.917     2013 04 20 20 36  3.774     159.9
108
 2013 04 20 22 14 17.608     2013 04 20 22 14 59.870      42.3
109
 2013 04 20 12 25 49.322     2013 04 20 12 28 58.384     189.1
 2013 04 20 19 01 17.560     2013 04 20 19 04 41.296     203.7
110
111
112
113
 2013 04 20 13 55 52.917     2013 04 20 13 59 25.753     212.8
 2013 04 20 22 16 57.542     2013 04 20 22 18  5.598      68.1
114
 2013 04 20 13 59 33.589     2013 04 20 14 03 17.409     223.8
 2013 04 20 20 33 33.868     2013 04 20 20 37 13.552     219.7
115
 2013 04 20 22 20 21.337     2013 04 20 22 23 30.680     189.3
116
 2013 04 20 14 00 42.727     2013 04 20 14 03 26.528     163.8
 2013 04 20 20 35 32.546     2013 04 20 20 38 35.187     182.6
117
 2013 04 20 10 38 35.700     2013 04 20 10 39  8.957      33.3
118
 2013 04 20 10 42 53.227     2013 04 20 10 46 38.500     225.3
 2013 04 20 20 42 45.479     2013 04 20 20 45 57.300     191.8
119
 2013 04 20 10 40  4.238     2013 04 20 10 43 12.673     188.4
120
 2013 04 20 13 57 19.100     2013 04 20 14 00   .776     161.7
 2013 04 20 22 13 50.775     2013 04 20 22 16 36.141     165.4
121
 2013 04 20 12 15 59.362     2013 04 20 12 18 44.172     164.8
122
 2013 04 20 15 38  5.978     2013 04 20 15 40 49.847     163.9
 2013 04 20 20 32 56.350     2013 04 20 20 35 45.019     168.7
123
 2013 04 20 00 20 22.402     2013 04 20 00 20 45.139      22.7
 2013 04 20 12 13 18.040     2013 04 20 12 16 33.622     195.6
124
 2013 04 20 15 35 57.603     2013 04 20 15 39 22.651     205.0
 2013 04 20 22 10 57.474     2013 04 20 22 13 36.133     158.7
125
 2013 04 20 00 18 30.896     2013 04 20 00 21  6.483     155.6
126
 2013 04 20 12 20 45.412     2013 04 20 12 23 55.649     190.2
127
 2013 04 20 10 47 59.462     2013 04 20 10 50 55.388     175.9
 2013 04 20 19 03 42.954     2013 04 20 19 06 58.969     196.0
128
 2013 04 20 12 23 31.606     2013 04 20 12 26  7.766     156.2
 2013 04 20 20 38 52.103     2013 04 20 20 41 24.942     152.8
129
 2013 04 20 00 18 15.630     2013 04 20 00 21 16.077     180.4
130
 2013 04 20 14 02 27.109     2013 04 20 14 05  3.007     155.9
 2013 04 20 19 00 55.559     2013 04 20 19 01  1.053       5.5
 2013 04 20 20 35 10.957     2013 04 20 20 38 31.645     200.7
131
 2013 04 20 12 21 44.521     2013 04 20 12 24 19.651     155.1
132
 2013 04 20 20 46 56.793     2013 04 20 20 49 28.062     151.3
133
 2013 04 20 13 55 17.568     2013 04 20 13 58  2.203     164.6
134
 2013 04 20 10 41 16.544     2013 04 20 10 43 55.299     158.8
135
 2013 04 20 20 45 37.682     2013 04 20 20 47 11.782      94.1
136
 2013 04 20 20 46 25.802     2013 04 20 20 50  4.007     218.2
137
 2013 04 20 20 47 28.893     2013 04 20 20 49 59.309     150.4
138
 2013 04 20 00 19  6.827     2013 04 20 00 22 30.871     204.0
139
 2013 04 20 12 24 59.537     2013 04 20 12 28 16.878     197.3
140
 2013 04 20 10 41 40.551     2013 04 20 10 44 16.908     156.4
141
 2013 04 20 12 16 46.974     2013 04 20 12 19 20.555     153.6
 2013 04 20 22 22  2.816     2013 04 20 22 22 28.298      25.5
142
143
144
 2013 04 20 13 58  3.645     2013 04 20 14 00 38.960     155.3
 2013 04 20 22 13 32.791     2013 04 20 22 16  6.445     153.7
145
 2013 04 20 12 13 45.785     2013 04 20 12 16 39.757     174.0
146
 2013 04 20 12 22 30.654     2013 04 20 12 25 39.542     188.9
 2013 04 20 20 38  2.864     2013 04 20 20 41  9.031     186.2
147
148
 2013 04 20 13 59 43.432     2013 04 20 14 02 47.312     183.9
 2013 04 20 20 37 29.118     2013 04 20 20 37 52.055      22.9
149
 2013 04 20 12 26 24.307     2013 04 20 12 28 59.858     155.6
 2013 04 20 19 00 46.224     2013 04 20 19 03 39.576     173.4
150
151
 2013 04 20 20 50 37.830     2013 04 20 20 51 27.611      49.8
152
153
154
 2013 04 20 00 18 28.838     2013 04 20 00 20 59.118     150.3
155
 2013 04 20 22 16 51.297     2013 04 20 22 19 27.012     155.7
156
157
 2013 04 20 14 03 27.693     2013 04 20 14 06 17.266     169.6
 2013 04 20 18 58 26.515     2013 04 20 19 01 25.242     178.7
158
 2013 04 20 12 21 48.076     2013 04 20 12 24 32.939     164.9
159
 2013 04 20 13 55  4.079     2013 04 20 13 58 16.269     192.2
160
 2013 04 20 15 36 26.247     2013 04 20 15 39  2.759     156.5
 2013 04 20 22 10  1.679     2013 04 20 22 12 48.301     166.6
161
 2013 04 20 13 56 57.223     2013 04 20 13 59 32.722     155.5
 2013 04 20 22 13  9.639     2013 04 20 22 16 29.124     199.5
162
 2013 04 20 10 49 19.713     2013 04 20 10 52 21.915     182.2
 2013 04 20 19 03 39.846     2013 04 20 19 06 21.368     161.5
163
 2013 04 20 12 26 38.335     2013 04 20 12 29 15.878     157.5
 2013 04 20 19 00 44.290     2013 04 20 19 03 24.410     160.1
164
165
 2013 04 20 13 59 33.572     2013 04 20 14 02 46.067     192.5
166
167
 2013 04 20 12 18 21.983     2013 04 20 12 20 58.157     156.2
 2013 04 20 22 18 23.144     2013 04 20 22 20 54.727     151.6
168
 2013 04 20 22 11 20.845     2013 04 20 22 14 32.446     191.6
169
 2013 04 20 12 23 28.993     2013 04 20 12 26 16.982     168.0
 2013 04 20 20 39 29.050     2013 04 20 20 42  3.788     154.7
170
 2013 04 20 12 23 39.727     2013 04 20 12 26 56.616     196.9
 2013 04 20 20 37 57.019     2013 04 20 20 40 36.932     159.9
171
 2013 04 20 20 47 13.221     2013 04 20 20 47 19.124       5.9
172
173
 2013 04 20 14 00 27.686     2013 04 20 14 03  9.659     162.0
 2013 04 20 20 35 17.506     2013 04 20 20 38 40.914     203.4
174
 2013 04 20 13 55 22.717     2013 04 20 13 57 59.082     156.4
175
 2013 04 20 10 46 54.543     2013 04 20 10 49 45.495     171.0
176
 2013 04 20 20 47 26.232     2013 04 20 20 49 56.480     150.2
177
 2013 04 20 14 01  5.683     2013 04 20 14 04  2.552     176.9
 2013 04 20 20 36  2.956     2013 04 20 20 38 41.303     158.3
178
 2013 04 20 12 19 11.382     2013 04 20 12 21 45.350     154.0
 2013 04 20 22 18  3.545     2013 04 20 22 20 59.056     175.5
179
 2013 04 20 14 00 54.882     2013 04 20 14 03 33.244     158.4
 2013 04 20 20 35 29.738     2013 04 20 20 38 20.903     171.2
180
 2013 04 20 10 43 47.041     2013 04 20 10 46 32.905     165.9
 2013 04 20 20 44 35.074     2013 04 20 20 47  7.101     152.0
181
182
 2013 04 20 00 17 49.308     2013 04 20 00 21  9.204     199.9
183
 2013 04 20 13 54 34.176     2013 04 20 13 57 40.479     186.3
184
185
 2013 04 20 10 40  2.593     2013 04 20 10 42 41.619     159.0
186
 2013 04 20 12 15 48.100     2013 04 20 12 18 21.527     153.4
187
 2013 04 20 12 18 38.360     2013 04 20 12 21 34.214     175.9
 2013 04 20 22 18 51.770     2013 04 20 22 21 43.398     171.6
188
 2013 04 20 10 37 29.538     2013 04 20 10 38 14.018      44.5
 2013 04 20 22 23 42.846     2013 04 20 22 26 13.954     151.1
189
 2013 04 20 10 43 57.427     2013 04 20 10 47 27.112     209.7
 2013 04 20 20 44 39.126     2013 04 20 20 47 46.971     187.8
190
 2013 04 20 13 59 17.305     2013 04 20 14 01 52.559     155.3
 2013 04 20 22 12 35.664     2013 04 20 22 14  4.194      88.5
191
 2013 04 20 20 47 15.348     2013 04 20 20 50 44.796     209.4
192
 2013 04 20 09 03 29.684     2013 04 20 09 04  8.864      39.2
 2013 04 20 20 48 53.973     2013 04 20 20 51 38.547     164.6
193
 2013 04 20 00 22   .753     2013 04 20 00 22 25.347      24.6
 2013 04 20 12 12 46.137     2013 04 20 12 15 27.294     161.2
194
 2013 04 20 22 22 25.948     2013 04 20 22 25 47.040     201.1
195
 2013 04 20 14 02 54.590     2013 04 20 14 06 22.925     208.3
 2013 04 20 18 58 30.211     2013 04 20 19 02  5.391     215.2
196
 2013 04 20 12 17 32.081     2013 04 20 12 20 24.901     172.8
 2013 04 20 22 19 23.298     2013 04 20 22 22  1.604     158.3
197
 2013 04 20 14 02 33.614     2013 04 20 14 05 24.944     171.3
 2013 04 20 15 39 54.054     2013 04 20 15 40 14.712      20.7
 2013 04 20 18 56 55.022     2013 04 20 19 00 19.503     204.5
 2013 04 20 20 34 29.416     2013 04 20 20 38 17.782     228.4
198
 2013 04 20 10 45 19.271     2013 04 20 10 49  5.232     226.0
199
 2013 04 20 10 39 35.338     2013 04 20 10 42 15.384     160.0
200
 2013 04 20 00 19 31.185     2013 04 20 00 22  2.980     151.8
201
 2013 04 20 12 17 52.138     2013 04 20 12 20 32.327     160.2
 2013 04 20 22 19  4.395     2013 04 20 22 21 39.517     155.1
202
 2013 04 20 12 22 16.040     2013 04 20 12 24 53.747     157.7
 2013 04 20 20 38 27.193     2013 04 20 20 42  6.345     219.2
203
 2013 04 20 13 58 17.230     2013 04 20 14 00 52.884     155.7
 2013 04 20 22 13 28.964     2013 04 20 22 16  8.641     159.7
204
 2013 04 20 13 56 24.280     2013 04 20 13 59 22.384     178.1
 2013 04 20 22 13 52.172     2013 04 20 22 17 29.839     217.7
205
 2013 04 20 10 40  8.800     2013 04 20 10 42 54.853     166.1
206
 2013 04 20 12 17 23.749     2013 04 20 12 18  3.309      39.6
 2013 04 20 22 19 59.930     2013 04 20 22 22 36.605     156.7
207
 2013 04 20 10 40 55.991     2013 04 20 10 44 28.507     212.5
208
 2013 04 20 12 22 34.997     2013 04 20 12 26   .661     205.7
 2013 04 20 20 40  6.412     2013 04 20 20 42 42.791     156.4
209
 2013 04 20 14 03 30.656     2013 04 20 14 06 26.135     175.5
 2013 04 20 18 58 36.047     2013 04 20 19 01 31.966     175.9
210
 2013 04 20 14 02  2.419     2013 04 20 14 04 39.823     157.4
 2013 04 20 20 35 13.832     2013 04 20 20 38  6.747     172.9
211
212
 2013 04 20 12 22 36.078     2013 04 20 12 25 55.403     199.3
 2013 04 20 20 37 58.330     2013 04 20 20 40 54.069     175.7
213
214
 2013 04 20 00 20 44.299     2013 04 20 00 22 27.894     103.6
 2013 04 20 12 13  5.624     2013 04 20 12 16 13.731     188.1
215
 2013 04 20 10 38  9.217     2013 04 20 10 41 20.830     191.6
 2013 04 20 22 24 43.296     2013 04 20 22 24 45.339       2.0
216
 2013 04 20 12 22 12.223     2013 04 20 12 25  1.847     169.6
 2013 04 20 20 39 20.919     2013 04 20 20 42 43.840     202.9
217
 2013 04 20 14 02 38.324     2013 04 20 14 05 50.608     192.3
 2013 04 20 19 01 37.054     2013 04 20 19 01 58.722      21.7
 2013 04 20 20 35 50.586     2013 04 20 20 36 43.218      52.6
218
219
 2013 04 20 12 14  7.040     2013 04 20 12 16 58.207     171.2
220
 2013 04 20 12 25  7.590     2013 04 20 12 27 42.949     155.4
221
 2013 04 20 12 24 57.584     2013 04 20 12 27 47.160     169.6
222
223
 2013 04 20 10 40 27.835     2013 04 20 10 43  7.650     159.8
224
 2013 04 20 12 23 52.213     2013 04 20 12 26 49.629     177.4
 2013 04 20 20 39 22.993     2013 04 20 20 42 19.398     176.4
225
 2013 04 20 09 04 48.308     2013 04 20 09 08 33.628     225.3
226
 2013 04 20 12 25  6.842     2013 04 20 12 27 44.648     157.8
227
 2013 04 20 14 00 36.397     2013 04 20 14 01  6.640      30.2
 2013 04 20 15 38 32.748     2013 04 20 15 42 11.626     218.9
 2013 04 20 20 34  8.486     2013 04 20 20 36 43.044     154.6
228
 2013 04 20 20 46 36.364     2013 04 20 20 49 47.698     191.3
229
 2013 04 20 12 20 37.235     2013 04 20 12 23 11.573     154.3
230
 2013 04 20 12 19 19.880     2013 04 20 12 22 29.554     189.7
 2013 04 20 22 17  2.822     2013 04 20 22 20  1.373     178.6
231
 2013 04 20 00 18 59.011     2013 04 20 00 21 43.404     164.4
232
 2013 04 20 20 37  4.669     2013 04 20 20 39 42.955     158.3
233
234
 2013 04 20 15 37 22.708     2013 04 20 15 41  5.654     222.9
 2013 04 20 20 33 11.681     2013 04 20 20 36 42.805     211.1
235
 2013 04 20 13 59  6.800     2013 04 20 14 01 58.085     171.3
 2013 04 20 22 12 10.897     2013 04 20 22 15 47.183     216.3
236
 2013 04 20 12 24 22.146     2013 04 20 12 27 16.828     174.7
 2013 04 20 20 38 57.218     2013 04 20 20 42 29.961     212.7
237
 2013 04 20 13 53 49.350     2013 04 20 13 57 15.474     206.1
238
 2013 04 20 12 28 28.607     2013 04 20 12 31 13.774     165.2
 2013 04 20 17 23 19.892     2013 04 20 17 26 56.596     216.7
 2013 04 20 19 00 50.523     2013 04 20 19 00 52.476       2.0
239
 2013 04 20 14 00 15.698     2013 04 20 14 03 54.816     219.1
 2013 04 20 20 36 15.240     2013 04 20 20 39 23.953     188.7
240
 2013 04 20 10 39 43.664     2013 04 20 10 42 42.678     179.0
241
 2013 04 20 12 16 30.211     2013 04 20 12 19 49.921     199.7
242
 2013 04 20 14 03 17.977     2013 04 20 14 05 55.734     157.8
 2013 04 20 18 57 59.382     2013 04 20 19 01  4.573     185.2
243
 2013 04 20 12 14 56.928     2013 04 20 12 18 12.720     195.8
244
 2013 04 20 13 57 15.952     2013 04 20 14 00  2.027     166.1
 2013 04 20 22 13 57.200     2013 04 20 22 16 42.357     165.2
245
 2013 04 20 20 49  1.016     2013 04 20 20 52   .755     179.7
246
 2013 04 20 12 18 25.250     2013 04 20 12 21 16.707     171.5
 2013 04 20 22 17 57.351     2013 04 20 22 20 28.978     151.6
247
 2013 04 20 00 19 58.247     2013 04 20 00 22 28.688     150.4
248
 2013 04 20 22 22 12.656     2013 04 20 22 25 11.574     178.9
249
250
251
 2013 04 20 10 37  2.132     2013 04 20 10 40 16.319     194.2
 2013 04 20 22 24 22.472     2013 04 20 22 26 56.349     153.9
252
 2013 04 20 12 18 17.647     2013 04 20 12 21 43.851     206.2
 2013 04 20 22 17 26.129     2013 04 20 22 19 58.508     152.4
253
 2013 04 20 10 50  5.826     2013 04 20 10 50 10.206       4.4
254
 2013 04 20 20 48  4.460     2013 04 20 20 51   .989     176.5
255
 2013 04 20 22 22 46.574     2013 04 20 22 25 27.836     161.3
256
 2013 04 20 00 20 22.680     2013 04 20 00 22 52.625     149.9
257
 2013 04 20 13 54  8.257     2013 04 20 13 56 49.135     160.9
258
 2013 04 20 22 15 10.657     2013 04 20 22 17 43.563     152.9
259
 2013 04 20 14 01 27.047     2013 04 20 14 05 17.740     230.7
 2013 04 20 20 36 44.427     2013 04 20 20 39 28.283     163.9
260
 2013 04 20 12 22 37.806     2013 04 20 12 25 14.281     156.5
 2013 04 20 20 38 42.224     2013 04 20 20 41 50.664     188.4
261
 2013 04 20 12 22 37.661     2013 04 20 12 25 36.038     178.4
 2013 04 20 20 39 42.283     2013 04 20 20 42 28.798     166.5
262
 2013 04 20 13 54 37.681     2013 04 20 13 54 54.481      16.8
263
 2013 04 20 10 45  3.316     2013 04 20 10 46  7.078      63.8
 2013 04 20 20 46 21.463     2013 04 20 20 46 32.874      11.4
264
 2013 04 20 10 47 30.856     2013 04 20 10 50  6.005     155.1
 2013 04 20 19 07 52.491     2013 04 20 19 08 14.099      21.6
265
 2013 04 20 12 24 42.253     2013 04 20 12 27 59.384     197.1
 2013 04 20 20 37  8.071     2013 04 20 20 37 58.421      50.4
266
 2013 04 20 12 21 56.642     2013 04 20 12 24 54.615     178.0
 2013 04 20 20 41 27.551     2013 04 20 20 41 53.177      25.6
267
 2013 04 20 22 15 30.061     2013 04 20 22 18  6.140     156.1
268
 2013 04 20 12 24 53.694     2013 04 20 12 25 47.410      53.7
 2013 04 20 18 58 54.304     2013 04 20 18 59 45.811      51.5
269
 2013 04 20 22 15 42.536     2013 04 20 22 19 25.812     223.3
270
 2013 04 20 22 21 43.460     2013 04 20 22 25 22.311     218.9
271
 2013 04 20 12 23 48.190     2013 04 20 12 26 42.888     174.7
 2013 04 20 20 38 15.904     2013 04 20 20 40 56.150     160.2
272
 2013 04 20 00 21 29.341     2013 04 20 00 24 10.715     161.4
 2013 04 20 12 12  5.074     2013 04 20 12 15 30.252     205.2
273
274
 2013 04 20 10 38 22.606     2013 04 20 10 42  2.442     219.8
 2013 04 20 22 23  4.047     2013 04 20 22 26 10.147     186.1
275
 2013 04 20 00 21 49.560     2013 04 20 00 24 26.242     156.7
 2013 04 20 12 11 57.961     2013 04 20 12 15  7.526     189.6
276
 2013 04 20 12 22  3.303     2013 04 20 12 24 39.347     156.0
 2013 04 20 20 41 50.123     2013 04 20 20 42 23.538      33.4
277
 2013 04 20 22 22 57.459     2013 04 20 22 25 41.432     164.0
278
 2013 04 20 09 03 17.644     2013 04 20 09 06 32.759     195.1
 2013 04 20 20 49 31.384     2013 04 20 20 52  6.970     155.6
279
 2013 04 20 19 02  5.214     2013 04 20 19 05 39.594     214.4
280
 2013 04 20 12 23 21.738     2013 04 20 12 26 48.527     206.8
 2013 04 20 20 39 54.128     2013 04 20 20 42 39.487     165.4
281
 2013 04 20 12 21 17.177     2013 04 20 12 24 45.082     207.9
282
 2013 04 20 13 55 20.353     2013 04 20 13 58 51.901     211.5
283
 2013 04 20 20 41 45.663     2013 04 20 20 44 41.389     175.7
284
 2013 04 20 12 19 27.322     2013 04 20 12 22 20.615     173.3
 2013 04 20 22 17 13.769     2013 04 20 22 20 18.436     184.7
285
 2013 04 20 20 47 38.098     2013 04 20 20 50 15.402     157.3
286
 2013 04 20 10 40 15.550     2013 04 20 10 43 46.493     210.9
287
 2013 04 20 15 38 37.247     2013 04 20 15 41 26.590     169.3
 2013 04 20 20 33 24.808     2013 04 20 20 35 59.653     154.8
288
 2013 04 20 10 47 39.474     2013 04 20 10 51  1.283     201.8
 2013 04 20 19 03 15.658     2013 04 20 19 06 46.974     211.3
289
 2013 04 20 00 21  4.981     2013 04 20 00 23 44.070     159.1
290
291
 2013 04 20 10 42 48.867     2013 04 20 10 46  2.137     193.3
 2013 04 20 20 45 14.964     2013 04 20 20 47 51.518     156.6
292
 2013 04 20 12 24 51.157     2013 04 20 12 27 48.925     177.8
293
 2013 04 20 10 37 29.538     2013 04 20 10 40 38.686     189.1
 2013 04 20 22 24 15.441     2013 04 20 22 26 45.923     150.5
294
295
 2013 04 20 12 22 37.043     2013 04 20 12 25 24.972     167.9
 2013 04 20 20 39 28.979     2013 04 20 20 42 22.921     173.9
296
 2013 04 20 00 20  4.757     2013 04 20 00 22 52.709     168.0
297
298
299
 2013 04 20 10 38 24.856     2013 04 20 10 40  9.594     104.7
300
 2013 04 20 20 42 14.648     2013 04 20 20 44 47.136     152.5
301
 2013 04 20 09 03  2.963     2013 04 20 09 06 22.810     199.8
 2013 04 20 20 49 36.683     2013 04 20 20 52  7.512     150.8
302
 2013 04 20 10 49 23.553     2013 04 20 10 52  3.441     159.9
 2013 04 20 19 04  7.849     2013 04 20 19 06 47.525     159.7
303
 2013 04 20 12 22 45.874     2013 04 20 12 25 51.873     186.0
 2013 04 20 20 38 10.472     2013 04 20 20 41  1.242     170.8
304
305
 2013 04 20 10 41  2.651     2013 04 20 10 43 36.347     153.7
306
 2013 04 20 12 28 12.668     2013 04 20 12 30 48.530     155.9
 2013 04 20 17 22 43.470     2013 04 20 17 26 33.162     229.7
 2013 04 20 19 00 38.770     2013 04 20 19 04 18.967     220.2
307
 2013 04 20 13 53 23.777     2013 04 20 13 56 56.960     213.2
308
309
 2013 04 20 12 16 28.517     2013 04 20 12 19 44.239     195.7
 2013 04 20 22 19 42.992     2013 04 20 22 23  1.622     198.6
310
 2013 04 20 10 45  3.557     2013 04 20 10 48 15.781     192.2
 2013 04 20 20 42 21.300     2013 04 20 20 45 32.871     191.6
311
 2013 04 20 22 15 35.594     2013 04 20 22 18 16.183     160.6
312
313
 2013 04 20 12 26 35.860     2013 04 20 12 29 16.004     160.1
 2013 04 20 19 00 38.075     2013 04 20 19 03 18.460     160.4
314
 2013 04 20 13 56 18.605     2013 04 20 13 59 23.459     184.9
 2013 04 20 22 16 12.156     2013 04 20 22 16 18.617       6.5
315
 2013 04 20 10 40 13.604     2013 04 20 10 43 50.638     217.0
316
 2013 04 20 20 36 55.964     2013 04 20 20 39 45.435     169.5
317
 2013 04 20 10 41  7.060     2013 04 20 10 41 17.450      10.4
 2013 04 20 20 45 53.358     2013 04 20 20 49 23.565     210.2
318
 2013 04 20 12 14 34.562     2013 04 20 12 17 29.003     174.4
319
 2013 04 20 10 50 15.973     2013 04 20 10 54  3.565     227.6
320
 2013 04 20 10 46 28.375     2013 04 20 10 49 46.957     198.6
321
 2013 04 20 22 16 15.428     2013 04 20 22 19 36.483     201.1
322
 2013 04 20 12 29 37.856     2013 04 20 12 32 27.733     169.9
 2013 04 20 17 24 27.905     2013 04 20 17 27  3.149     155.2
323
 2013 04 20 14 01 26.114     2013 04 20 14 04 14.938     168.8
 2013 04 20 20 35 58.949     2013 04 20 20 38 32.815     153.9
324
 2013 04 20 00 19 15.253     2013 04 20 00 22 25.988     190.7
325
 2013 04 20 10 43 49.667     2013 04 20 10 46 25.692     156.0
 2013 04 20 20 44 20.888     2013 04 20 20 46 51.800     150.9
326
 2013 04 20 00 18 21.149     2013 04 20 00 19 31.107      70.0
327
 2013 04 20 12 27   .511     2013 04 20 12 29 45.743     165.2
 2013 04 20 19 00 36.304     2013 04 20 19 03 11.427     155.1
328
 2013 04 20 12 28 34.430     2013 04 20 12 31 18.597     164.2
 2013 04 20 17 23 25.265     2013 04 20 17 26 53.515     208.2
329
 2013 04 20 20 47 15.544     2013 04 20 20 50 25.631     190.1
330
 2013 04 20 12 20 10.033     2013 04 20 12 21 33.274      83.2
331
 2013 04 20 22 16 36.794     2013 04 20 22 19  9.022     152.2
332
 2013 04 20 12 22 10.715     2013 04 20 12 25 30.925     200.2
 2013 04 20 20 37 46.275     2013 04 20 20 41 13.600     207.3
333
 2013 04 20 10 54  3.578     2013 04 20 10 54 11.444       7.9
 2013 04 20 19 01 57.892     2013 04 20 19 02  5.456       7.6
334
 2013 04 20 12 14 40.065     2013 04 20 12 17 24.223     164.2
335
 2013 04 20 12 15 45.665     2013 04 20 12 18 19.124     153.5
336
 2013 04 20 22 16  9.442     2013 04 20 22 18 44.487     155.0
337
 2013 04 20 12 25 42.202     2013 04 20 12 26  9.204      27.0
 2013 04 20 20 37 22.719     2013 04 20 20 40 34.950     192.2
338
 2013 04 20 22 15  5.633     2013 04 20 22 17 58.568     172.9
339
340
 2013 04 20 10 40 40.187     2013 04 20 10 43 19.834     159.6
341
 2013 04 20 20 47  9.222     2013 04 20 20 50 27.552     198.3
342
 2013 04 20 12 15  5.839     2013 04 20 12 18 26.559     200.7
343
344
 2013 04 20 12 19 28.952     2013 04 20 12 22 59.696     210.7
345
 2013 04 20 14 00 53.809     2013 04 20 14 03 33.473     159.7
 2013 04 20 20 35 32.135     2013 04 20 20 38 24.048     171.9
346
 2013 04 20 20 48 23.160     2013 04 20 20 51 33.524     190.4
347
 2013 04 20 12 27  4.140     2013 04 20 12 30  2.329     178.2
 2013 04 20 19 01 41.256     2013 04 20 19 04 16.491     155.2
348
 2013 04 20 14 01 20.025     2013 04 20 14 01 57.761      37.7
 2013 04 20 22 11 52.089     2013 04 20 22 14 35.949     163.9
349
350
 2013 04 20 14 01 20.186     2013 04 20 14 04 13.539     173.4
 2013 04 20 20 36  3.257     2013 04 20 20 38 37.344     154.1
351
 2013 04 20 10 49  3.017     2013 04 20 10 51 45.902     162.9
 2013 04 20 19 04 54.919     2013 04 20 19 07 29.069     154.1
352
 2013 04 20 12 26  1.309     2013 04 20 12 28 40.862     159.6
 2013 04 20 19 00 16.741     2013 04 20 19 03 32.944     196.2
353
 2013 04 20 10 45 21.323     2013 04 20 10 46 15.051      53.7
 2013 04 20 20 45 41.950     2013 04 20 20 46 24.136      42.2
354
 2013 04 20 10 46 53.318     2013 04 20 10 49 31.363     158.0
355
 2013 04 20 10 43 14.844     2013 04 20 10 46 49.078     214.2
 2013 04 20 20 45 14.439     2013 04 20 20 47 49.974     155.5
356
 2013 04 20 12 27 26.577     2013 04 20 12 30 21.093     174.5
 2013 04 20 19 01 34.154     2013 04 20 19 04 21.960     167.8
357
 2013 04 20 12 22 52.078     2013 04 20 12 25 32.506     160.4
 2013 04 20 20 39 20.660     2013 04 20 20 42  6.102     165.4
358
 2013 04 20 15 36 22.960     2013 04 20 15 39 33.061     190.1
 2013 04 20 22 10 41.429     2013 04 20 22 13 35.406     174.0
359
 2013 04 20 12 14 41.796     2013 04 20 12 17 48.878     187.1
360
 2013 04 20 12 23 44.341     2013 04 20 12 26 32.145     167.8
 2013 04 20 20 38 26.280     2013 04 20 20 41  3.201     156.9
361
 2013 04 20 10 37 31.099     2013 04 20 10 40 29.785     178.7
 2013 04 20 22 24 25.158     2013 04 20 22 26 55.896     150.7
362
 2013 04 20 15 36 26.291     2013 04 20 15 40 11.344     225.1
 2013 04 20 22 10 57.257     2013 04 20 22 14 12.364     195.1
363
 2013 04 20 20 49  5.219     2013 04 20 20 51 53.931     168.7
364
 2013 04 20 14 00 30.934     2013 04 20 14 03 12.679     161.7
 2013 04 20 20 35 19.790     2013 04 20 20 38 38.639     198.8
365
 2013 04 20 10 46 31.096     2013 04 20 10 49 50.327     199.2
366
367
368
 2013 04 20 22 21 25.823     2013 04 20 22 25  6.432     220.6
369
 2013 04 20 10 49 58.782     2013 04 20 10 52 40.539     161.8
 2013 04 20 19 03 40.657     2013 04 20 19 06 55.992     195.3
370
 2013 04 20 10 40 34.778     2013 04 20 10 44  4.394     209.6
371
 2013 04 20 22 19 14.614     2013 04 20 22 20 13.561      58.9
372
 2013 04 20 22 22  4.260     2013 04 20 22 25 25.495     201.2
373
 2013 04 20 22 22  5.185     2013 04 20 22 24 51.759     166.6
374
 2013 04 20 14 01 44.743     2013 04 20 14 05 12.816     208.1
 2013 04 20 20 36 27.627     2013 04 20 20 39 18.608     171.0
375
 2013 04 20 10 44 18.586     2013 04 20 10 46 56.801     158.2
 2013 04 20 20 43 39.216     2013 04 20 20 46 13.531     154.3
376
 2013 04 20 19 06 13.987     2013 04 20 19 09 27.136     193.1
377
378
 2013 04 20 22 21 38.957     2013 04 20 22 25 13.436     214.5
379
 2013 04 20 22 14 12.192     2013 04 20 22 14 53.553      41.4
380
381
 2013 04 20 13 59 29.015     2013 04 20 14 02  9.116     160.1
382
 2013 04 20 12 23   .785     2013 04 20 12 25 38.469     157.7
 2013 04 20 20 39 16.057     2013 04 20 20 41 56.866     160.8
383
384
 2013 04 20 00 19  1.356     2013 04 20 00 22  4.779     183.4
385
 2013 04 20 22 16 51.016     2013 04 20 22 19 44.566     173.6
386
 2013 04 20 10 39 51.619     2013 04 20 10 42 24.971     153.4
387
 2013 04 20 13 55 15.380     2013 04 20 13 58  2.873     167.5
388
 2013 04 20 09 04 46.598     2013 04 20 09 08 10.549     204.0
389
 2013 04 20 20 40 27.251     2013 04 20 20 43 43.919     196.7
390
 2013 04 20 13 59 31.171     2013 04 20 13 59 33.498       2.3
 2013 04 20 15 37 17.679     2013 04 20 15 37 24.039       6.4
 2013 04 20 20 33 30.533     2013 04 20 20 37   .359     209.8
391
 2013 04 20 12 17 49.735     2013 04 20 12 18 36.220      46.5
392
 2013 04 20 19 09 38.587     2013 04 20 19 10   .754      22.2
393
 2013 04 20 00 20 59.191     2013 04 20 00 23 51.874     172.7
394
 2013 04 20 10 39 15.230     2013 04 20 10 42 12.934     177.7
395
 2013 04 20 12 15 14.179     2013 04 20 12 18 20.145     186.0
396
 2013 04 20 12 27 30.062     2013 04 20 12 27 33.091       3.0
 2013 04 20 19 02 11.026     2013 04 20 19 05 42.188     211.2
397
 2013 04 20 12 28 10.826     2013 04 20 12 31  9.009     178.2
 2013 04 20 17 27   .799     2013 04 20 17 27 18.135      17.3
 2013 04 20 19 01 14.239     2013 04 20 19 05  1.464     227.2
398
 2013 04 20 12 18 16.933     2013 04 20 12 20 51.879     154.9
 2013 04 20 22 18 45.951     2013 04 20 22 21 16.955     151.0
399
 2013 04 20 10 40 50.391     2013 04 20 10 43 32.323     161.9
400
 2013 04 20 10 45 22.410     2013 04 20 10 47 56.767     154.4
 2013 04 20 20 42 53.420     2013 04 20 20 46 33.797     220.4
401
 2013 04 20 20 46 35.853     2013 04 20 20 49 35.912     180.1
402
403
 2013 04 20 13 55 36.623     2013 04 20 13 58 13.643     157.0
404
405
 2013 04 20 13 58 22.660     2013 04 20 14 01 43.128     200.5
 2013 04 20 22 13 56.429     2013 04 20 22 17 13.895     197.5
406
 2013 04 20 10 45 10.778     2013 04 20 10 48 40.639     209.9
 2013 04 20 20 41 56.527     2013 04 20 20 45 20.713     204.2
407
 2013 04 20 22 25 49.339     2013 04 20 22 25 55.510       6.2
408
 2013 04 20 12 13 15.360     2013 04 20 12 16  2.574     167.2
409
 2013 04 20 00 20 34.432     2013 04 20 00 23 11.860     157.4
410
 2013 04 20 20 48 17.993     2013 04 20 20 50 51.600     153.6
411
 2013 04 20 20 36 48.210     2013 04 20 20 37 21.875      33.7
412
 2013 04 20 14 04 23.743     2013 04 20 14 07 32.528     188.8
 2013 04 20 18 59 23.051     2013 04 20 19 01 59.523     156.5
413
 2013 04 20 00 18 19.180     2013 04 20 00 21  6.173     167.0
414
 2013 04 20 12 15 10.944     2013 04 20 12 18 55.726     224.8
415
 2013 04 20 12 27  7.020     2013 04 20 12 29 44.357     157.3
 2013 04 20 19 01 12.114     2013 04 20 19 03 46.595     154.5
416
 2013 04 20 22 15   .256     2013 04 20 22 18 22.619     202.4
417
 2013 04 20 12 22  1.951     2013 04 20 12 24 47.599     165.6
 2013 04 20 20 41 30.329     2013 04 20 20 42  5.180      34.9
418
 2013 04 20 10 48 16.288     2013 04 20 10 50 52.144     155.9
 2013 04 20 19 04 38.098     2013 04 20 19 07 35.153     177.1
419
420
 2013 04 20 00 21 48.855     2013 04 20 00 23 34.306     105.5
 2013 04 20 12 12 50.885     2013 04 20 12 15 24.040     153.2
421
 2013 04 20 12 23 53.132     2013 04 20 12 26 57.635     184.5
 2013 04 20 20 38  2.263     2013 04 20 20 40 48.566     166.3
422
 2013 04 20 12 28 55.330     2013 04 20 12 32 12.330     197.0
 2013 04 20 17 24 22.642     2013 04 20 17 27 23.957     181.3
423
 2013 04 20 12 23 35.168     2013 04 20 12 27 11.351     216.2
 2013 04 20 20 39 47.339     2013 04 20 20 42 52.310     185.0
424
 2013 04 20 13 58 11.179     2013 04 20 14 01 25.992     194.8
 2013 04 20 22 12 25.172     2013 04 20 22 15  6.838     161.7
425
 2013 04 20 00 18 43.656     2013 04 20 00 22 15.952     212.3
426
 2013 04 20 22 23  7.969     2013 04 20 22 23 15.929       8.0
427
 2013 04 20 13 53 53.300     2013 04 20 13 56 48.933     175.6
428
 2013 04 20 22 21 58.636     2013 04 20 22 25 19.957     201.3
429
430
 2013 04 20 12 24 25.150     2013 04 20 12 27 44.485     199.3
 2013 04 20 20 38 59.910     2013 04 20 20 39 20.326      20.4
431
 2013 04 20 10 50 18.877     2013 04 20 10 50 31.427      12.6
 2013 04 20 17 24 19.508     2013 04 20 17 24 26.452       6.9
432
 2013 04 20 13 57 58.625     2013 04 20 14 01 45.337     226.7
 2013 04 20 22 14 20.550     2013 04 20 22 17 27.888     187.3
433
 2013 04 20 20 41 46.409     2013 04 20 20 44 42.906     176.5
434
 2013 04 20 13 56 53.915     2013 04 20 13 59 28.589     154.7
 2013 04 20 22 13 15.844     2013 04 20 22 16 38.620     202.8
435
 2013 04 20 12 17 15.733     2013 04 20 12 20 11.690     176.0
 2013 04 20 22 17 51.610     2013 04 20 22 21 20.240     208.6
436
 2013 04 20 20 42  4.381     2013 04 20 20 45  1.274     176.9
437
 2013 04 20 12 15 55.973     2013 04 20 12 19 36.961     221.0
438
 2013 04 20 12 19 36.805     2013 04 20 12 22 13.921     157.1
 2013 04 20 22 17 46.392     2013 04 20 22 21 21.750     215.4
439
 2013 04 20 12 25 32.479     2013 04 20 12 28 10.240     157.8
 2013 04 20 19 03 36.652     2013 04 20 19 03 56.969      20.3
440
441
 2013 04 20 12 22 21.684     2013 04 20 12 25 30.751     189.1
 2013 04 20 20 39 49.080     2013 04 20 20 42 43.976     174.9
442
 2013 04 20 12 21 52.673     2013 04 20 12 24 41.278     168.6
 2013 04 20 20 42  5.377     2013 04 20 20 43  2.018      56.6
443
444
 2013 04 20 12 14 58.076     2013 04 20 12 18 41.136     223.1
445
 2013 04 20 20 46 52.400     2013 04 20 20 50 20.314     207.9
446
 2013 04 20 12 23 51.566     2013 04 20 12 27 18.239     206.7
 2013 04 20 20 39 32.308     2013 04 20 20 42 50.778     198.5
447
448
 2013 04 20 20 36 18.473     2013 04 20 20 36 28.486      10.0
449
 2013 04 20 14 01 39.202     2013 04 20 14 04 23.296     164.1
 2013 04 20 20 35  5.139     2013 04 20 20 37 44.141     159.0
450
 2013 04 20 10 46  8.959     2013 04 20 10 49 24.607     195.6
451
 2013 04 20 13 58 10.614     2013 04 20 13 59 11.631      61.0
 2013 04 20 22 11 53.049     2013 04 20 22 14 45.577     172.5
452
453
 2013 04 20 12 28 35.426     2013 04 20 12 31 55.247     199.8
 2013 04 20 17 24  4.361     2013 04 20 17 27 29.197     204.8
454
 2013 04 20 12 21 49.400     2013 04 20 12 24 47.785     178.4
455
 2013 04 20 12 28 26.748     2013 04 20 12 28 29.783       3.0
 2013 04 20 20 36 35.369     2013 04 20 20 38  2.602      87.2
456
 2013 04 20 12 25 26.740     2013 04 20 12 28 30.637     183.9
 2013 04 20 18 59 31.835     2013 04 20 19 03 16.076     224.2
457
 2013 04 20 14 01 12.020     2013 04 20 14 01 37.748      25.7
 2013 04 20 22 11 59.075     2013 04 20 22 14 32.816     153.7
458
 2013 04 20 14 02 58.587     2013 04 20 14 05 35.649     157.1
 2013 04 20 18 57 37.010     2013 04 20 19 01  5.438     208.4
 2013 04 20 20 35  2.179     2013 04 20 20 35  4.105       1.9
459
 2013 04 20 12 27 56.662     2013 04 20 12 30 39.201     162.5
 2013 04 20 17 22 17.306     2013 04 20 17 23 28.847      71.5
 2013 04 20 19 00 22.459     2013 04 20 19 03 47.839     205.4
460
 2013 04 20 14 04 40.652     2013 04 20 14 04 49.973       9.3
 2013 04 20 15 38 49.538     2013 04 20 15 42 10.298     200.8
 2013 04 20 20 34   .620     2013 04 20 20 36 36.890     156.3
461
 2013 04 20 10 37 44.288     2013 04 20 10 41  6.245     202.0
 2013 04 20 22 23 53.909     2013 04 20 22 26 29.094     155.2
462
 2013 04 20 10 41 13.478     2013 04 20 10 44 22.945     189.5
463
 2013 04 20 00 21 59.337     2013 04 20 00 23 20.934      81.6
464
 2013 04 20 12 26  4.060     2013 04 20 12 28 42.035     158.0
 2013 04 20 19 00 44.466     2013 04 20 19 04  3.062     198.6
465
 2013 04 20 20 47 17.566     2013 04 20 20 49 51.966     154.4
466
467
 2013 04 20 10 47  3.283     2013 04 20 10 49 42.299     159.0
468
 2013 04 20 00 18 20.354     2013 04 20 00 21 35.105     194.8
469
 2013 04 20 20 45 25.369     2013 04 20 20 48 22.067     176.7
470
 2013 04 20 14 02 56.596     2013 04 20 14 05 33.584     157.0
 2013 04 20 18 57 34.561     2013 04 20 19 01  5.603     211.0
 2013 04 20 20 35  3.364     2013 04 20 20 35 15.555      12.2
471
 2013 04 20 20 46  5.313     2013 04 20 20 48 36.113     150.8
472
 2013 04 20 12 17  7.156     2013 04 20 12 17 57.314      50.2
473
 2013 04 20 14 00 38.600     2013 04 20 14 03 15.546     156.9
 2013 04 20 20 34 56.836     2013 04 20 20 38  3.667     186.8
474
 2013 04 20 00 19   .053     2013 04 20 00 21 31.372     151.3
475
 2013 04 20 22 11  5.444     2013 04 20 22 14 30.036     204.6
476
 2013 04 20 10 45  3.706     2013 04 20 10 45 16.957      13.3
477
 2013 04 20 13 55 12.676     2013 04 20 13 58 14.863     182.2
478
 2013 04 20 22 11 26.472     2013 04 20 22 14 22.785     176.3
479
 2013 04 20 20 50 19.717     2013 04 20 20 51 10.120      50.4
480
 2013 04 20 12 13  1.403     2013 04 20 12 16 14.095     192.7
481
 2013 04 20 12 28 30.528     2013 04 20 12 29 57.388      86.9
 2013 04 20 17 24 30.249     2013 04 20 17 27 53.062     202.8
482
 2013 04 20 10 44  5.768     2013 04 20 10 44 22.828      17.1
483
 2013 04 20 22 15 45.554     2013 04 20 22 18 41.245     175.7
484
 2013 04 20 14 00 16.266     2013 04 20 14 02 55.429     159.2
 2013 04 20 20 34 33.827     2013 04 20 20 38  9.679     215.9
485
 2013 04 20 10 40 36.064     2013 04 20 10 43  9.573     153.5
486
 2013 04 20 12 29  3.977     2013 04 20 12 32 22.498     198.5
 2013 04 20 17 24 32.189     2013 04 20 17 27 24.820     172.6
487
 2013 04 20 20 48 49.366     2013 04 20 20 51 24.977     155.6
488
 2013 04 20 20 41  4.206     2013 04 20 20 43 51.467     167.3
489
 2013 04 20 20 47  7.400     2013 04 20 20 49 41.340     153.9
490
 2013 04 20 12 23 48.070     2013 04 20 12 26 50.680     182.6
 2013 04 20 20 38  7.100     2013 04 20 20 40 49.052     162.0
491
 2013 04 20 13 59 20.406     2013 04 20 14 01 21.162     120.8
492
493
494
 2013 04 20 13 59 34.617     2013 04 20 14 00  3.156      28.5
 2013 04 20 22 15 12.005     2013 04 20 22 15 34.437      22.4
495
 2013 04 20 09 05  9.811     2013 04 20 09 08 21.534     191.7
496
497
 2013 04 20 10 44 27.988     2013 04 20 10 47 25.047     177.1
 2013 04 20 20 44  7.873     2013 04 20 20 47 18.946     191.1
498
 2013 04 20 14 00  6.359     2013 04 20 14 00 29.035      22.7
 2013 04 20 22 11 45.391     2013 04 20 22 15  9.685     204.3
499
500
 2013 04 20 12 28 39.988     2013 04 20 12 31 17.661     157.7
 2013 04 20 17 23  8.469     2013 04 20 17 26 12.825     184.4
501
 2013 04 20 12 24 55.678     2013 04 20 12 25 40.165      44.5
502
 2013 04 20 12 23  3.073     2013 04 20 12 26 29.950     206.9
 2013 04 20 20 37 58.047     2013 04 20 20 40 32.920     154.9
503
504
 2013 04 20 10 45  9.290     2013 04 20 10 48  2.961     173.7
 2013 04 20 20 43 22.922     2013 04 20 20 43 40.255      17.3
505
 2013 04 20 13 57 35.380     2013 04 20 14 00 41.714     186.3
 2013 04 20 22 14 17.811     2013 04 20 22 16 50.390     152.6
506
 2013 04 20 09 08 46.194     2013 04 20 09 09 24.229      38.0
507
508
 2013 04 20 12 22 51.288     2013 04 20 12 25 32.504     161.2
 2013 04 20 20 39 22.006     2013 04 20 20 42  7.559     165.6
509
 2013 04 20 10 41 39.295     2013 04 20 10 44 32.452     173.2
510
 2013 04 20 10 45 35.287     2013 04 20 10 48 41.953     186.7
511
 2013 04 20 10 41 10.932     2013 04 20 10 42 36.552      85.6
 2013 04 20 22 22 29.335     2013 04 20 22 26  3.795     214.5
512
 2013 04 20 13 55 34.811     2013 04 20 13 58 16.458     161.6
513
 2013 04 20 13 57 27.289     2013 04 20 14 01 14.607     227.3
 2013 04 20 22 12 12.112     2013 04 20 22 14 46.009     153.9
514
 2013 04 20 10 43 48.341     2013 04 20 10 46 39.022     170.7
 2013 04 20 20 44 37.822     2013 04 20 20 47 11.743     153.9
515
 2013 04 20 14 01 29.399     2013 04 20 14 04  5.413     156.0
 2013 04 20 20 35 33.996     2013 04 20 20 38  8.012     154.0
516
 2013 04 20 12 28 23.190     2013 04 20 12 31 21.737     178.5
 2013 04 20 17 23 28.896     2013 04 20 17 27 14.387     225.5
 2013 04 20 19 01  5.807     2013 04 20 19 01 10.877       5.1
517
518
 2013 04 20 12 26   .358     2013 04 20 12 29  6.411     186.1
 2013 04 20 18 59 58.496     2013 04 20 19 02 54.754     176.3
519
 2013 04 20 12 21 34.891     2013 04 20 12 24 31.388     176.5
520
 2013 04 20 20 48  1.582     2013 04 20 20 50 31.706     150.1
521
 2013 04 20 22 14 12.760     2013 04 20 22 14 57.656      44.9
522
 2013 04 20 12 23  7.368     2013 04 20 12 26 53.618     226.3
 2013 04 20 20 37 43.860     2013 04 20 20 40 17.086     153.2
523
 2013 04 20 12 22 29.712     2013 04 20 12 25  6.590     156.9
 2013 04 20 20 39  3.894     2013 04 20 20 42 16.935     193.0
524
 2013 04 20 20 46 48.609     2013 04 20 20 49 43.774     175.2
525
 2013 04 20 12 25 28.484     2013 04 20 12 25 37.086       8.6
 2013 04 20 20 40 53.150     2013 04 20 20 41  4.703      11.6
526
527
 2013 04 20 12 13 15.630     2013 04 20 12 15 48.779     153.1
528
529
 2013 04 20 20 45 41.639     2013 04 20 20 46  6.839      25.2
530
531
 2013 04 20 20 46 33.510     2013 04 20 20 49 36.823     183.3
532
 2013 04 20 10 42 11.247     2013 04 20 10 44 48.953     157.7
 2013 04 20 20 47 37.183     2013 04 20 20 48 18.312      41.1
533
 2013 04 20 12 23 13.189     2013 04 20 12 25 51.682     158.5
 2013 04 20 20 38 46.737     2013 04 20 20 41 23.502     156.8
534
535
 2013 04 20 12 21 13.583     2013 04 20 12 22 26.682      73.1
 2013 04 20 22 16 57.337     2013 04 20 22 19 30.375     153.0
536
 2013 04 20 00 19 55.745     2013 04 20 00 23 24.892     209.1
537
 2013 04 20 12 27 19.362     2013 04 20 12 30 31.740     192.4
 2013 04 20 14 04 51.556     2013 04 20 14 06  5.592      74.0
 2013 04 20 17 21 35.594     2013 04 20 17 21 39.567       4.0
 2013 04 20 19 00  1.522     2013 04 20 19 03  2.936     181.4
538
 2013 04 20 12 15 12.862     2013 04 20 12 18 13.280     180.4
539
540
 2013 04 20 14 00 48.998     2013 04 20 14 03 24.815     155.8
 2013 04 20 20 35  8.663     2013 04 20 20 38  4.851     176.2
541
 2013 04 20 22 15 38.589     2013 04 20 22 19  5.366     206.8
542
 2013 04 20 15 36 50.206     2013 04 20 15 39 28.475     158.3
 2013 04 20 22 09 57.277     2013 04 20 22 13 10.279     193.0
543
 2013 04 20 22 20 58.677     2013 04 20 22 21 25.832      27.2
544
 2013 04 20 12 28 24.683     2013 04 20 12 31  4.228     159.5
 2013 04 20 17 23  7.201     2013 04 20 17 26 46.948     219.7
 2013 04 20 19 00 45.090     2013 04 20 19 01 18.655      33.6
545
 2013 04 20 22 22 45.747     2013 04 20 22 25 17.182     151.4
546
 2013 04 20 12 17 55.807     2013 04 20 12 20 49.315     173.5
 2013 04 20 22 19 17.835     2013 04 20 22 21 48.629     150.8
547
 2013 04 20 10 48 26.109     2013 04 20 10 51 48.965     202.9
 2013 04 20 19 03 32.443     2013 04 20 19 06 12.139     159.7
548
 2013 04 20 10 51 16.893     2013 04 20 10 52  9.397      52.5
 2013 04 20 19 03  8.897     2013 04 20 19 05 49.507     160.6
549
 2013 04 20 12 14  3.458     2013 04 20 12 16 44.751     161.3
550
 2013 04 20 22 11 52.775     2013 04 20 22 14 26.117     153.3
551
 2013 04 20 14 01 34.593     2013 04 20 14 05  7.128     212.5
 2013 04 20 15 39 22.723     2013 04 20 15 42 57.460     214.7
 2013 04 20 18 55 53.604     2013 04 20 18 56 40.137      46.5
 2013 04 20 20 34 15.269     2013 04 20 20 37 15.919     180.6
552
553
 2013 04 20 13 54 48.335     2013 04 20 13 57 38.913     170.6
554
555
556
 2013 04 20 15 37 13.069     2013 04 20 15 40 58.838     225.8
 2013 04 20 20 33  2.951     2013 04 20 20 36 47.205     224.3
557
558
559
 2013 04 20 00 21 49.514     2013 04 20 00 25 13.156     203.6
 2013 04 20 12 12 42.957     2013 04 20 12 15 18.034     155.1
560
 2013 04 20 10 39 48.055     2013 04 20 10 42 21.315     153.3
561
 2013 04 20 13 56 12.086     2013 04 20 13 56 55.793      43.7
 2013 04 20 22 14 50.698     2013 04 20 22 17 50.796     180.1
562
 2013 04 20 20 47  2.867     2013 04 20 20 49 33.236     150.4
563
 2013 04 20 12 26 20.535     2013 04 20 12 29 22.679     182.1
 2013 04 20 19 01 32.527     2013 04 20 19 04 21.789     169.3
564
 2013 04 20 12 18 50.021     2013 04 20 12 22  7.353     197.3
 2013 04 20 22 18 42.500     2013 04 20 22 22  8.176     205.7
565
 2013 04 20 20 37  6.004     2013 04 20 20 39 51.944     165.9
566
 2013 04 20 12 27 39.544     2013 04 20 12 30 46.103     186.6
 2013 04 20 19 01 38.003     2013 04 20 19 04 44.528     186.5
567
568
 2013 04 20 00 21  9.377     2013 04 20 00 24 33.467     204.1
 2013 04 20 12 12 50.596     2013 04 20 12 15 50.655     180.1
569
 2013 04 20 12 21 21.696     2013 04 20 12 24 33.671     192.0
570
 2013 04 20 10 41 47.564     2013 04 20 10 44 21.185     153.6
571
 2013 04 20 13 58  1.758     2013 04 20 14 01 22.767     201.0
 2013 04 20 22 14 12.595     2013 04 20 22 17  5.665     173.1
572
 2013 04 20 12 14 43.933     2013 04 20 12 18  7.838     203.9
573
 2013 04 20 12 17 47.247     2013 04 20 12 20 42.271     175.0
 2013 04 20 22 19 22.040     2013 04 20 22 21 53.626     151.6
574
 2013 04 20 10 47 39.683     2013 04 20 10 50 19.003     159.3
 2013 04 20 19 03 50.559     2013 04 20 19 03 55.671       5.1
575
 2013 04 20 10 41 45.752     2013 04 20 10 45 18.233     212.5
 2013 04 20 20 45 28.244     2013 04 20 20 48 48.023     199.8
576
577
 2013 04 20 22 21 38.055     2013 04 20 22 24 50.944     192.9
578
 2013 04 20 12 13 13.973     2013 04 20 12 16  7.687     173.7
579
 2013 04 20 10 49 50.995     2013 04 20 10 52 26.184     155.2
 2013 04 20 19 04  5.847     2013 04 20 19 07 11.345     185.5
580
 2013 04 20 20 46 36.220     2013 04 20 20 49 42.275     186.1
581
 2013 04 20 10 43 35.762     2013 04 20 10 46  9.493     153.7
 2013 04 20 20 44 12.153     2013 04 20 20 46 48.189     156.0
582
 2013 04 20 12 27 23.316     2013 04 20 12 29 59.068     155.8
 2013 04 20 19 01  1.814     2013 04 20 19 03 43.433     161.6
583
 2013 04 20 12 13 52.126     2013 04 20 12 17 17.052     204.9
584
 2013 04 20 12 25 39.826     2013 04 20 12 28 17.636     157.8
 2013 04 20 19 00 22.147     2013 04 20 19 00 26.779       4.6
585
 2013 04 20 00 16  9.493     2013 04 20 00 16 27.804      18.3
 2013 04 20 13 53 15.870     2013 04 20 13 56 48.610     212.7
586
 2013 04 20 22 21  1.289     2013 04 20 22 23 31.714     150.4
587
 2013 04 20 10 43 54.639     2013 04 20 10 47  8.075     193.4
 2013 04 20 20 43  7.784     2013 04 20 20 45 39.605     151.8
588
 2013 04 20 10 43 51.929     2013 04 20 10 47 16.575     204.6
 2013 04 20 20 42 58.819     2013 04 20 20 45 30.824     152.0
589
590
 2013 04 20 13 55 36.795     2013 04 20 13 58 12.537     155.7
591
 2013 04 20 10 45 31.821     2013 04 20 10 48  8.665     156.8
 2013 04 20 20 42 52.234     2013 04 20 20 42 55.905       3.7
592
 2013 04 20 22 19 52.991     2013 04 20 22 19 57.125       4.1
593
594
 2013 04 20 10 44 58.218     2013 04 20 10 47 41.304     163.1
 2013 04 20 20 43 33.549     2013 04 20 20 47  4.968     211.4
595
 2013 04 20 10 39 33.530     2013 04 20 10 42  6.780     153.2
596
 2013 04 20 20 46 19.012     2013 04 20 20 48 55.468     156.5
597
 2013 04 20 12 13 52.625     2013 04 20 12 17 31.194     218.6
598
 2013 04 20 22 15 15.715     2013 04 20 22 18 20.338     184.6
599
 2013 04 20 14 03 31.693     2013 04 20 14 06 53.559     201.9
 2013 04 20 18 59  2.924     2013 04 20 19 01 55.348     172.4
