s5
0
 2013 04 20 14 57 55.714     2013 04 20 15 01 17.593     201.9
 2013 04 20 23 13 27.181     2013 04 20 23 17 16.926     229.7
1
 2013 04 20 13 15 31.911     2013 04 20 13 18 39.197     187.3
2
 2013 04 20 13 24 34.827     2013 04 20 13 25  1.565      26.7
 2013 04 20 20 01 32.468     2013 04 20 20 04 55.421     203.0
3
 2013 04 20 10 10 30.660     2013 04 20 10 10 50.525      19.9
4
 2013 04 20 21 48  2.220     2013 04 20 21 50 37.736     155.5
5
 2013 04 20 21 40 23.402     2013 04 20 21 42 59.712     156.3
6
 2013 04 20 11 40 42.802     2013 04 20 11 43 18.269     155.5
7
8
 2013 04 20 11 46  5.134     2013 04 20 11 49 54.196     229.1
 2013 04 20 20 06 25.808     2013 04 20 20 06 32.560       6.8
9
 2013 04 20 11 38  1.789     2013 04 20 11 41 36.481     214.7
10
 2013 04 20 13 25 12.054     2013 04 20 13 26 52.091     100.0
 2013 04 20 20 01 46.488     2013 04 20 20 04 33.973     167.5
11
 2013 04 20 11 38 17.129     2013 04 20 11 39 36.436      79.3
12
 2013 04 20 13 26 28.896     2013 04 20 13 29 10.548     161.7
 2013 04 20 20 00 17.728     2013 04 20 20 03  4.219     166.5
13
 2013 04 20 11 42 14.256     2013 04 20 11 43 28.110      73.9
 2013 04 20 21 45  1.573     2013 04 20 21 47 50.304     168.7
14
15
 2013 04 20 13 20 21.453     2013 04 20 13 23 49.204     207.8
16
 2013 04 20 13 13 59.453     2013 04 20 13 16 33.600     154.1
17
 2013 04 20 13 20 47.226     2013 04 20 13 24 17.612     210.4
 2013 04 20 21 41  8.992     2013 04 20 21 41 18.562       9.6
18
 2013 04 20 13 15 16.014     2013 04 20 13 18 36.890     200.9
 2013 04 20 23 19 34.397     2013 04 20 23 23 14.576     220.2
19
 2013 04 20 10 05  9.111     2013 04 20 10 08 46.148     217.0
20
 2013 04 20 11 44 34.507     2013 04 20 11 47 54.825     200.3
21
22
 2013 04 20 11 47 42.332     2013 04 20 11 51 30.206     227.9
 2013 04 20 20 02 50.775     2013 04 20 20 05 27.380     156.6
23
 2013 04 20 13 25 33.081     2013 04 20 13 28 48.299     195.2
 2013 04 20 19 59 41.221     2013 04 20 20 02 19.963     158.7
24
 2013 04 20 11 38 43.973     2013 04 20 11 41 28.831     164.9
25
 2013 04 20 10 05  9.945     2013 04 20 10 05 16.478       6.5
 2013 04 20 21 48 58.673     2013 04 20 21 51 44.469     165.8
26
 2013 04 20 11 47 39.075     2013 04 20 11 50 42.519     183.4
 2013 04 20 20 04 55.147     2013 04 20 20 07 30.924     155.8
27
 2013 04 20 13 18 45.933     2013 04 20 13 21 59.440     193.5
 2013 04 20 23 16 30.379     2013 04 20 23 19 55.224     204.8
28
29
 2013 04 20 23 15 43.709     2013 04 20 23 18 58.640     194.9
30
 2013 04 20 11 48 58.520     2013 04 20 11 49 37.538      39.0
31
32
 2013 04 20 23 14 22.689     2013 04 20 23 17 49.353     206.7
33
 2013 04 20 11 39 48.759     2013 04 20 11 40   .619      11.9
 2013 04 20 23 23 32.008     2013 04 20 23 26 11.062     159.1
34
 2013 04 20 20 02 11.326     2013 04 20 20 04 48.038     156.7
35
 2013 04 20 14 59  5.375     2013 04 20 15 01  7.191     121.8
 2013 04 20 21 35 49.495     2013 04 20 21 39 27.393     217.9
36
 2013 04 20 15 01 36.709     2013 04 20 15 04 14.345     157.6
 2013 04 20 21 34 54.702     2013 04 20 21 38 12.358     197.7
37
 2013 04 20 13 24 31.013     2013 04 20 13 27 44.590     193.6
 2013 04 20 20 04  4.944     2013 04 20 20 04 38.630      33.7
38
 2013 04 20 11 37 21.657     2013 04 20 11 38  3.830      42.2
39
 2013 04 20 11 43 42.981     2013 04 20 11 44 36.772      53.8
40
 2013 04 20 10 07 41.071     2013 04 20 10 07 57.736      16.7
 2013 04 20 20 10 26.787     2013 04 20 20 13 26.541     179.8
41
 2013 04 20 23 22 46.957     2013 04 20 23 25 26.685     159.7
42
 2013 04 20 15 02 36.220     2013 04 20 15 05 14.045     157.8
 2013 04 20 19 57 30.922     2013 04 20 20 00 30.562     179.6
43
 2013 04 20 21 40 35.294     2013 04 20 21 40 48.039      12.7
44
 2013 04 20 11 45 30.087     2013 04 20 11 48  7.018     156.9
45
 2013 04 20 13 17 19.751     2013 04 20 13 19 54.533     154.8
 2013 04 20 23 18 24.864     2013 04 20 23 21   .895     156.0
46
47
 2013 04 20 13 25  3.432     2013 04 20 13 25 17.383      14.0
 2013 04 20 15 03  6.912     2013 04 20 15 06 50.458     223.5
 2013 04 20 19 59 10.598     2013 04 20 20 01 50.511     159.9
48
 2013 04 20 13 19 56.506     2013 04 20 13 23  9.618     193.1
49
 2013 04 20 13 24  3.172     2013 04 20 13 27 20.143     197.0
50
 2013 04 20 21 48 40.617     2013 04 20 21 52 10.505     209.9
51
 2013 04 20 20 01 52.764     2013 04 20 20 05 38.613     225.8
52
 2013 04 20 10 02 51.453     2013 04 20 10 05 59.965     188.5
53
 2013 04 20 11 47 50.264     2013 04 20 11 50 43.052     172.8
 2013 04 20 20 03 35.649     2013 04 20 20 06 13.041     157.4
54
 2013 04 20 11 37  4.537     2013 04 20 11 40 45.287     220.7
 2013 04 20 23 23 11.832     2013 04 20 23 26  5.441     173.6
55
 2013 04 20 11 40 41.896     2013 04 20 11 43 54.894     193.0
56
 2013 04 20 13 26 50.765     2013 04 20 13 29 29.958     159.2
 2013 04 20 20 00 39.442     2013 04 20 20 03 41.673     182.2
57
 2013 04 20 11 49 54.745     2013 04 20 11 53 38.487     223.7
 2013 04 20 18 26 29.275     2013 04 20 18 30 17.269     228.0
58
59
60
 2013 04 20 10 02 48.183     2013 04 20 10 06  1.789     193.6
 2013 04 20 21 48 45.417     2013 04 20 21 51 53.459     188.0
61
 2013 04 20 13 21 25.378     2013 04 20 13 24 47.872     202.5
 2013 04 20 21 37 31.859     2013 04 20 21 40 50.840     199.0
62
63
 2013 04 20 13 18 34.055     2013 04 20 13 21 25.100     171.0
 2013 04 20 23 17 51.295     2013 04 20 23 21 38.824     227.5
64
 2013 04 20 13 24 31.176     2013 04 20 13 27  8.924     157.7
65
 2013 04 20 10 08  7.887     2013 04 20 10 11 24.274     196.4
 2013 04 20 20 10   .873     2013 04 20 20 12 47.198     166.3
66
 2013 04 20 11 49  1.007     2013 04 20 11 51 39.871     158.9
 2013 04 20 20 03 24.582     2013 04 20 20 06 44.205     199.6
67
 2013 04 20 13 14 34.910     2013 04 20 13 17 15.767     160.9
68
 2013 04 20 13 20 34.618     2013 04 20 13 22  7.832      93.2
 2013 04 20 21 39 50.756     2013 04 20 21 43 21.468     210.7
69
 2013 04 20 21 47 19.171     2013 04 20 21 50  6.566     167.4
70
 2013 04 20 13 20  6.177     2013 04 20 13 22 46.334     160.2
71
 2013 04 20 13 22 14.423     2013 04 20 13 24 51.123     156.7
 2013 04 20 21 38 51.144     2013 04 20 21 41 32.647     161.5
72
 2013 04 20 11 48 48.643     2013 04 20 11 51 26.998     158.4
 2013 04 20 20 03 55.579     2013 04 20 20 07  4.640     189.1
73
 2013 04 20 23 15 25.895     2013 04 20 23 18  2.189     156.3
74
 2013 04 20 13 17 31.074     2013 04 20 13 20 32.829     181.8
 2013 04 20 23 17 36.972     2013 04 20 23 20 11.970     155.0
75
 2013 04 20 11 44 48.076     2013 04 20 11 47 25.509     157.4
76
 2013 04 20 13 24 59.856     2013 04 20 13 25 43.453      43.6
 2013 04 20 21 37 16.073     2013 04 20 21 40  2.680     166.6
77
 2013 04 20 11 45 53.007     2013 04 20 11 49 28.825     215.8
 2013 04 20 20 07 57.028     2013 04 20 20 08 53.634      56.6
78
 2013 04 20 15 01   .137     2013 04 20 15 03 37.543     157.4
 2013 04 20 21 35  8.965     2013 04 20 21 37 50.951     162.0
79
 2013 04 20 11 49 25.993     2013 04 20 11 52  4.836     158.8
 2013 04 20 20 03  2.041     2013 04 20 20 04 14.368      72.3
80
81
 2013 04 20 21 41 13.055     2013 04 20 21 44 56.698     223.6
82
 2013 04 20 21 48 21.983     2013 04 20 21 50 55.595     153.6
83
 2013 04 20 20 05 39.528     2013 04 20 20 09 20.570     221.0
84
 2013 04 20 13 25 35.233     2013 04 20 13 28 14.084     158.9
 2013 04 20 20 00 14.576     2013 04 20 20 03  5.767     171.2
85
 2013 04 20 11 41 54.395     2013 04 20 11 45 33.697     219.3
 2013 04 20 21 45 10.884     2013 04 20 21 47 45.110     154.2
86
87
 2013 04 20 10 11 38.706     2013 04 20 10 14 40.319     181.6
88
 2013 04 20 13 14 26.812     2013 04 20 13 17  8.245     161.4
89
 2013 04 20 13 15 13.698     2013 04 20 13 18  3.462     169.8
90
 2013 04 20 20 12 49.336     2013 04 20 20 13  9.076      19.7
91
 2013 04 20 13 21 49.239     2013 04 20 13 24 25.428     156.2
 2013 04 20 21 38 42.334     2013 04 20 21 41 45.954     183.6
92
 2013 04 20 13 24 35.233     2013 04 20 13 28 11.518     216.3
 2013 04 20 19 59  1.031     2013 04 20 20 02 18.901     197.9
93
 2013 04 20 11 52 11.057     2013 04 20 11 55 16.549     185.5
 2013 04 20 13 29 45.226     2013 04 20 13 30 46.544      61.3
 2013 04 20 16 46 49.553     2013 04 20 16 50 38.829     229.3
 2013 04 20 18 25  2.543     2013 04 20 18 28 23.300     200.8
94
 2013 04 20 20 07 14.805     2013 04 20 20 09 52.707     157.9
95
 2013 04 20 11 50 38.526     2013 04 20 11 53 17.033     158.5
 2013 04 20 18 25 43.274     2013 04 20 18 29  3.108     199.8
96
 2013 04 20 10 06 16.213     2013 04 20 10 09  9.834     173.6
97
 2013 04 20 13 23 41.821     2013 04 20 13 26 21.726     159.9
 2013 04 20 21 38 16.299     2013 04 20 21 41 52.949     216.6
98
 2013 04 20 10 08 11.311     2013 04 20 10 10 58.877     167.6
 2013 04 20 20 09 46.172     2013 04 20 20 12 21.563     155.4
99
 2013 04 20 13 23  2.530     2013 04 20 13 26 26.545     204.0
 2013 04 20 21 37 24.137     2013 04 20 21 40 21.776     177.6
100
101
 2013 04 20 13 14 59.812     2013 04 20 13 18   .633     180.8
102
 2013 04 20 13 24 54.354     2013 04 20 13 25 37.448      43.1
 2013 04 20 20 01 43.362     2013 04 20 20 04 43.936     180.6
103
 2013 04 20 11 38 24.533     2013 04 20 11 40 59.040     154.5
104
 2013 04 20 20 06 11.209     2013 04 20 20 09 56.628     225.4
105
 2013 04 20 11 46 34.778     2013 04 20 11 47 38.632      63.9
 2013 04 20 20 05 33.832     2013 04 20 20 08 21.564     167.7
106
 2013 04 20 13 20 17.508     2013 04 20 13 23  1.331     163.8
107
 2013 04 20 15 02   .077     2013 04 20 15 04 40.338     160.3
 2013 04 20 19 56 46.326     2013 04 20 20 00 18.726     212.4
 2013 04 20 21 34 27.682     2013 04 20 21 35 45.842      78.2
108
 2013 04 20 13 22 19.206     2013 04 20 13 24 57.488     158.3
 2013 04 20 21 38 57.298     2013 04 20 21 41 35.718     158.4
109
 2013 04 20 11 49 15.676     2013 04 20 11 52  5.297     169.6
 2013 04 20 20 02 51.506     2013 04 20 20 06 35.398     223.9
110
 2013 04 20 11 43 22.993     2013 04 20 11 45 58.270     155.3
 2013 04 20 21 43 30.537     2013 04 20 21 46 11.945     161.4
111
 2013 04 20 11 44  4.472     2013 04 20 11 46 41.484     157.0
 2013 04 20 21 43  5.614     2013 04 20 21 46 36.273     210.7
112
 2013 04 20 11 44  5.787     2013 04 20 11 46 41.494     155.7
 2013 04 20 21 43  1.862     2013 04 20 21 46 30.593     208.7
113
 2013 04 20 13 19 31.317     2013 04 20 13 22 27.810     176.5
114
 2013 04 20 15 01 13.363     2013 04 20 15 04 16.581     183.2
 2013 04 20 21 35 47.261     2013 04 20 21 38 45.453     178.2
115
 2013 04 20 11 41 32.011     2013 04 20 11 44  7.533     155.5
 2013 04 20 21 44  3.183     2013 04 20 21 47 38.628     215.4
116
 2013 04 20 13 23 53.030     2013 04 20 13 27  8.191     195.2
 2013 04 20 21 36 50.260     2013 04 20 21 37 35.734      45.5
117
 2013 04 20 10 02  9.718     2013 04 20 10 05 13.577     183.9
 2013 04 20 21 49 28.768     2013 04 20 21 52  7.327     158.6
118
119
 2013 04 20 10 05 29.410     2013 04 20 10 06 40.898      71.5
 2013 04 20 21 48  9.916     2013 04 20 21 51 20.579     190.7
120
 2013 04 20 13 20  9.335     2013 04 20 13 21 13.776      64.4
121
122
 2013 04 20 15 01 35.121     2013 04 20 15 04 27.029     171.9
 2013 04 20 19 56 14.832     2013 04 20 20 00  1.313     226.5
 2013 04 20 21 34 20.241     2013 04 20 21 37 50.929     210.7
123
 2013 04 20 23 21 35.763     2013 04 20 23 24 52.592     196.8
124
 2013 04 20 14 59 49.637     2013 04 20 15 02 27.697     158.1
 2013 04 20 21 34 37.332     2013 04 20 21 37 51.065     193.7
125
 2013 04 20 13 14 37.292     2013 04 20 13 17 15.812     158.5
126
 2013 04 20 21 40 39.813     2013 04 20 21 43 17.952     158.1
127
128
 2013 04 20 20 05 13.390     2013 04 20 20 05 57.659      44.3
129
 2013 04 20 13 15 41.012     2013 04 20 13 18 16.717     155.7
 2013 04 20 23 22 29.469     2013 04 20 23 22 42.016      12.5
130
 2013 04 20 13 25 27.337     2013 04 20 13 29  1.698     214.4
 2013 04 20 15 03 12.592     2013 04 20 15 04  1.293      48.7
 2013 04 20 19 59 28.855     2013 04 20 20 02  6.554     157.7
131
 2013 04 20 21 40 42.584     2013 04 20 21 44 14.945     212.4
132
 2013 04 20 10 05 50.687     2013 04 20 10 08 34.320     163.6
133
 2013 04 20 23 15 41.184     2013 04 20 23 18 19.440     158.3
134
 2013 04 20 21 46 27.515     2013 04 20 21 49 58.088     210.6
135
 2013 04 20 10 07 16.344     2013 04 20 10 09 57.518     161.2
 2013 04 20 20 09 48.200     2013 04 20 20 12 51.180     183.0
136
 2013 04 20 10 04 37.843     2013 04 20 10 07 12.982     155.1
137
 2013 04 20 10 05 14.693     2013 04 20 10 08 19.142     184.4
138
 2013 04 20 13 14 57.038     2013 04 20 13 18 35.760     218.7
 2013 04 20 23 19 47.135     2013 04 20 23 23 33.163     226.0
139
 2013 04 20 13 26  9.399     2013 04 20 13 29 40.996     211.6
 2013 04 20 20 01 39.708     2013 04 20 20 04 22.764     163.1
140
141
142
 2013 04 20 13 22 51.347     2013 04 20 13 25 29.982     158.6
 2013 04 20 21 38 50.550     2013 04 20 21 41 31.762     161.2
143
 2013 04 20 13 18 19.592     2013 04 20 13 21 19.445     179.9
 2013 04 20 23 18  7.886     2013 04 20 23 21 46.948     219.1
144
 2013 04 20 13 24 38.269     2013 04 20 13 24 53.276      15.0
 2013 04 20 21 36 46.654     2013 04 20 21 37 21.941      35.3
145
 2013 04 20 23 21 57.678     2013 04 20 23 24 48.058     170.4
146
147
 2013 04 20 13 18 42.746     2013 04 20 13 21 34.478     171.7
 2013 04 20 23 17 41.532     2013 04 20 23 18 25.058      43.5
148
 2013 04 20 15 00 47.857     2013 04 20 15 04 33.350     225.5
 2013 04 20 21 36 20.505     2013 04 20 21 39 10.837     170.3
149
 2013 04 20 11 49  9.322     2013 04 20 11 52 59.146     229.8
 2013 04 20 20 01 48.161     2013 04 20 20 02 11.364      23.2
150
 2013 04 20 11 47 51.861     2013 04 20 11 50 42.260     170.4
 2013 04 20 20 04 41.113     2013 04 20 20 07 17.136     156.0
151
 2013 04 20 10 03 37.444     2013 04 20 10 06 45.695     188.3
152
 2013 04 20 11 38  7.982     2013 04 20 11 40 48.318     160.3
 2013 04 20 23 23  5.282     2013 04 20 23 23 19.205      13.9
153
 2013 04 20 20 11 18.267     2013 04 20 20 14  5.191     166.9
154
 2013 04 20 13 14 59.322     2013 04 20 13 17 35.573     156.3
155
 2013 04 20 13 19 21.621     2013 04 20 13 19 30.779       9.2
156
 2013 04 20 13 18  2.689     2013 04 20 13 21 28.862     206.2
 2013 04 20 23 18 25.029     2013 04 20 23 22 11.893     226.9
157
 2013 04 20 13 26 54.713     2013 04 20 13 29 41.685     167.0
 2013 04 20 18 21 33.190     2013 04 20 18 21 47.762      14.6
 2013 04 20 19 59 57.575     2013 04 20 20 03 15.067     197.5
158
 2013 04 20 21 40 19.365     2013 04 20 21 43 53.242     213.9
159
 2013 04 20 13 18 21.331     2013 04 20 13 21 41.020     199.7
 2013 04 20 23 16 47.811     2013 04 20 23 19 46.350     178.5
160
 2013 04 20 14 59 36.658     2013 04 20 15 03  1.768     205.1
 2013 04 20 21 33 57.235     2013 04 20 21 36 51.450     174.2
161
162
 2013 04 20 11 49 57.746     2013 04 20 11 49 59.799       2.1
 2013 04 20 18 27  3.381     2013 04 20 18 30 25.313     201.9
163
 2013 04 20 11 52 44.050     2013 04 20 11 53 22.715      38.7
 2013 04 20 18 23 46.283     2013 04 20 18 24 29.905      43.6
164
 2013 04 20 11 47 51.223     2013 04 20 11 50 31.675     160.5
 2013 04 20 20 04 27.754     2013 04 20 20 07  4.021     156.3
165
 2013 04 20 13 23  6.987     2013 04 20 13 25 58.006     171.0
 2013 04 20 21 37 57.721     2013 04 20 21 40 48.779     171.1
166
 2013 04 20 10 08 31.891     2013 04 20 10 11 16.998     165.1
 2013 04 20 20 09 31.434     2013 04 20 20 12 14.493     163.1
167
168
 2013 04 20 15 00 17.644     2013 04 20 15 03  9.229     171.6
 2013 04 20 21 35 35.334     2013 04 20 21 38 19.356     164.0
169
 2013 04 20 11 46 24.839     2013 04 20 11 49 56.535     211.7
 2013 04 20 20 02 38.241     2013 04 20 20 03 35.683      57.4
170
 2013 04 20 13 24 39.515     2013 04 20 13 26  5.780      86.3
 2013 04 20 20 01 25.372     2013 04 20 20 04 48.868     203.5
171
 2013 04 20 20 11 38.979     2013 04 20 20 14 32.523     173.5
172
 2013 04 20 10 07 52.753     2013 04 20 10 08 22.038      29.3
 2013 04 20 20 10 16.208     2013 04 20 20 13 24.773     188.6
173
 2013 04 20 13 23 34.234     2013 04 20 13 26 55.478     201.2
 2013 04 20 21 37  1.451     2013 04 20 21 40 37.813     216.4
174
 2013 04 20 23 16 13.755     2013 04 20 23 19   .167     166.4
175
 2013 04 20 10 09 37.739     2013 04 20 10 13 21.798     224.1
 2013 04 20 20 06 51.830     2013 04 20 20 10 24.151     212.3
176
 2013 04 20 10 05 18.724     2013 04 20 10 08 21.582     182.9
177
 2013 04 20 13 24 31.328     2013 04 20 13 27 25.850     174.5
 2013 04 20 19 59  7.539     2013 04 20 19 59 11.344       3.8
178
 2013 04 20 21 41 36.063     2013 04 20 21 45 16.595     220.5
179
 2013 04 20 13 23 57.628     2013 04 20 13 27 24.735     207.1
180
 2013 04 20 10 10 24.824     2013 04 20 10 10 25.920       1.1
181
 2013 04 20 11 48 40.705     2013 04 20 11 51 42.547     181.8
 2013 04 20 20 04 20.007     2013 04 20 20 07 41.196     201.2
182
 2013 04 20 13 16  3.110     2013 04 20 13 18 37.468     154.4
 2013 04 20 23 18 28.476     2013 04 20 23 22 13.081     224.6
183
 2013 04 20 13 17 43.530     2013 04 20 13 21 13.269     209.7
 2013 04 20 23 17  5.554     2013 04 20 23 19 41.682     156.1
184
 2013 04 20 13 18 34.726     2013 04 20 13 21 14.531     159.8
 2013 04 20 23 17 46.831     2013 04 20 23 21 17.939     211.1
185
 2013 04 20 21 47 30.659     2013 04 20 21 50  4.552     153.9
186
 2013 04 20 23 21 12.202     2013 04 20 23 23  4.213     112.0
187
 2013 04 20 11 44  1.646     2013 04 20 11 45 17.683      76.0
 2013 04 20 21 42 16.507     2013 04 20 21 42 40.258      23.8
188
189
 2013 04 20 10 07 10.975     2013 04 20 10 10 26.176     195.2
 2013 04 20 20 08 15.913     2013 04 20 20 11 47.634     211.7
190
 2013 04 20 13 25 45.990     2013 04 20 13 26  7.335      21.3
 2013 04 20 21 37 13.443     2013 04 20 21 39 50.672     157.2
191
 2013 04 20 10 05 39.269     2013 04 20 10 05 42.132       2.9
 2013 04 20 20 11  8.372     2013 04 20 20 14 28.951     200.6
192
193
 2013 04 20 23 23 12.027     2013 04 20 23 26 31.805     199.8
194
 2013 04 20 11 38 16.300     2013 04 20 11 41 46.503     210.2
195
 2013 04 20 13 26 41.606     2013 04 20 13 29 19.426     157.8
 2013 04 20 20 00 37.097     2013 04 20 20 03 30.090     173.0
196
 2013 04 20 11 43 46.451     2013 04 20 11 44 15.018      28.6
197
 2013 04 20 15 03 45.062     2013 04 20 15 06 58.038     193.0
 2013 04 20 19 59  1.335     2013 04 20 20 01 43.760     162.4
198
 2013 04 20 10 08 50.405     2013 04 20 10 11 46.281     175.9
 2013 04 20 20 08 21.168     2013 04 20 20 11  1.065     159.9
199
 2013 04 20 21 47 39.686     2013 04 20 21 50 17.976     158.3
200
 2013 04 20 13 14 11.165     2013 04 20 13 17  2.980     171.8
201
202
203
 2013 04 20 13 24 32.829     2013 04 20 13 25  4.433      31.6
 2013 04 20 21 36 58.288     2013 04 20 21 40 31.190     212.9
204
 2013 04 20 13 19 31.987     2013 04 20 13 22 59.720     207.7
205
 2013 04 20 21 47 16.438     2013 04 20 21 49 51.033     154.6
206
 2013 04 20 11 41  8.644     2013 04 20 11 44  3.281     174.6
207
 2013 04 20 21 45 51.452     2013 04 20 21 48 57.128     185.7
208
 2013 04 20 11 46  4.445     2013 04 20 11 49   .229     175.8
209
 2013 04 20 13 27  2.057     2013 04 20 13 29 44.638     162.6
 2013 04 20 18 21 42.830     2013 04 20 18 22  9.864      27.0
 2013 04 20 20 00  2.243     2013 04 20 20 03 25.520     203.3
210
 2013 04 20 13 24 55.718     2013 04 20 13 28 46.994     231.3
 2013 04 20 15 02 49.965     2013 04 20 15 04  7.383      77.4
 2013 04 20 19 59 10.707     2013 04 20 20 01 57.646     166.9
211
 2013 04 20 10 02 54.363     2013 04 20 10 06 37.202     222.8
212
 2013 04 20 13 23 30.431     2013 04 20 13 23 41.993      11.6
213
 2013 04 20 23 20 42.629     2013 04 20 23 23 24.244     161.6
214
 2013 04 20 23 21 41.112     2013 04 20 23 25 13.292     212.2
215
 2013 04 20 10 03 30.699     2013 04 20 10 04 46.409      75.7
 2013 04 20 21 49 14.310     2013 04 20 21 52 10.177     175.9
216
 2013 04 20 11 45  4.168     2013 04 20 11 48 43.564     219.4
217
 2013 04 20 13 26 18.229     2013 04 20 13 28 57.028     158.8
 2013 04 20 20 00 26.687     2013 04 20 20 03  6.096     159.4
218
 2013 04 20 10 09  3.250     2013 04 20 10 11 42.610     159.4
 2013 04 20 20 08 34.933     2013 04 20 20 11 23.745     168.8
219
 2013 04 20 23 21 57.198     2013 04 20 23 24 34.759     157.6
220
 2013 04 20 11 50 47.937     2013 04 20 11 51 46.299      58.4
 2013 04 20 20 02 40.856     2013 04 20 20 05 19.398     158.5
221
 2013 04 20 11 48  2.346     2013 04 20 11 51 18.850     196.5
 2013 04 20 20 03 10.386     2013 04 20 20 05 48.506     158.1
222
 2013 04 20 10 08 15.366     2013 04 20 10 10 52.022     156.7
 2013 04 20 20 09 30.047     2013 04 20 20 12  4.353     154.3
223
 2013 04 20 21 47 12.505     2013 04 20 21 49 55.717     163.2
224
 2013 04 20 11 47   .767     2013 04 20 11 50 15.064     194.3
 2013 04 20 20 03  6.962     2013 04 20 20 06 17.444     190.5
225
 2013 04 20 20 12  2.299     2013 04 20 20 14 51.858     169.6
226
 2013 04 20 11 47 54.701     2013 04 20 11 51 37.018     222.3
 2013 04 20 20 02 51.385     2013 04 20 20 05 30.321     158.9
227
 2013 04 20 15 02 27.104     2013 04 20 15 05 11.914     164.8
 2013 04 20 19 57 37.594     2013 04 20 20 00 54.460     196.9
228
 2013 04 20 10 06 24.535     2013 04 20 10 09 28.955     184.4
 2013 04 20 20 10 11.972     2013 04 20 20 13 48.629     216.7
229
 2013 04 20 21 41 41.376     2013 04 20 21 44 17.250     155.9
230
 2013 04 20 21 40 42.771     2013 04 20 21 44 12.795     210.0
231
 2013 04 20 13 14 12.903     2013 04 20 13 16 46.988     154.1
232
 2013 04 20 13 24 34.712     2013 04 20 13 27 22.307     167.6
233
 2013 04 20 13 23  6.434     2013 04 20 13 25 56.515     170.1
 2013 04 20 21 38 55.086     2013 04 20 21 41 56.078     181.0
234
 2013 04 20 15 01 20.817     2013 04 20 15 04  1.805     161.0
 2013 04 20 21 35 19.918     2013 04 20 21 38 17.971     178.1
235
 2013 04 20 21 36 41.266     2013 04 20 21 39 19.940     158.7
236
 2013 04 20 11 47 29.959     2013 04 20 11 50 43.921     194.0
 2013 04 20 20 03 15.719     2013 04 20 20 05 58.936     163.2
237
 2013 04 20 13 17 15.774     2013 04 20 13 20 28.663     192.9
 2013 04 20 23 17 30.180     2013 04 20 23 20  9.287     159.1
238
 2013 04 20 11 51 43.419     2013 04 20 11 54 38.632     175.2
 2013 04 20 18 25 25.529     2013 04 20 18 28 10.680     165.2
239
 2013 04 20 13 24  7.334     2013 04 20 13 26 44.849     157.5
 2013 04 20 21 37 33.837     2013 04 20 21 37 54.745      20.9
240
 2013 04 20 21 47 12.282     2013 04 20 21 49 48.566     156.3
241
242
 2013 04 20 13 26 31.173     2013 04 20 13 29 38.645     187.5
 2013 04 20 15 04  4.159     2013 04 20 15 04 37.794      33.6
 2013 04 20 18 24 51.957     2013 04 20 18 25 15.143      23.2
 2013 04 20 19 59 41.473     2013 04 20 20 02 45.953     184.5
243
 2013 04 20 11 37 55.194     2013 04 20 11 41 38.325     223.1
 2013 04 20 23 22 16.355     2013 04 20 23 23 49.238      92.9
244
 2013 04 20 13 20 12.656     2013 04 20 13 23 53.357     220.7
245
246
247
 2013 04 20 13 13 48.977     2013 04 20 13 17 10.481     201.5
248
 2013 04 20 21 48 30.051     2013 04 20 21 49 34.248      64.2
249
 2013 04 20 10 08 54.401     2013 04 20 10 11 34.668     160.3
 2013 04 20 20 08 39.794     2013 04 20 20 11 22.350     162.6
250
 2013 04 20 10 09 54.802     2013 04 20 10 12 30.039     155.2
 2013 04 20 20 08   .176     2013 04 20 20 08 55.917      55.7
251
252
253
 2013 04 20 11 47 23.846     2013 04 20 11 51  8.688     224.8
 2013 04 20 20 05 22.867     2013 04 20 20 08   .085     157.2
254
 2013 04 20 10 03 59.619     2013 04 20 10 07 35.227     215.6
255
256
 2013 04 20 13 13 25.138     2013 04 20 13 14 23.020      57.9
257
 2013 04 20 23 16 44.611     2013 04 20 23 19 36.843     172.2
258
 2013 04 20 13 21  2.601     2013 04 20 13 23 38.353     155.8
 2013 04 20 21 42 16.045     2013 04 20 21 42 27.063      11.0
259
 2013 04 20 13 25 23.287     2013 04 20 13 28  1.638     158.4
 2013 04 20 20 00 24.773     2013 04 20 20 03 31.124     186.4
260
261
 2013 04 20 11 45 41.893     2013 04 20 11 49  4.497     202.6
262
 2013 04 20 13 18 39.323     2013 04 20 13 21 21.338     162.0
 2013 04 20 23 17 14.275     2013 04 20 23 20 29.591     195.3
263
264
 2013 04 20 20 06  2.166     2013 04 20 20 06 56.066      53.9
265
 2013 04 20 13 25 49.907     2013 04 20 13 29 26.914     217.0
 2013 04 20 20 01 44.097     2013 04 20 20 04 21.087     157.0
266
 2013 04 20 21 39 53.395     2013 04 20 21 43 41.581     228.2
267
 2013 04 20 13 21  1.541     2013 04 20 13 23 45.852     164.3
 2013 04 20 21 41 46.404     2013 04 20 21 42 42.375      56.0
268
 2013 04 20 13 26 32.022     2013 04 20 13 29 31.605     179.6
 2013 04 20 20 01 12.658     2013 04 20 20 04  2.841     170.2
269
 2013 04 20 13 19 10.792     2013 04 20 13 22 10.560     179.8
270
 2013 04 20 21 45 52.131     2013 04 20 21 49  4.217     192.1
271
 2013 04 20 20 01 43.282     2013 04 20 20 05  8.757     205.5
272
273
 2013 04 20 10 02 58.351     2013 04 20 10 06 13.003     194.7
274
 2013 04 20 21 46 37.262     2013 04 20 21 46 59.304      22.0
275
276
 2013 04 20 21 40 19.711     2013 04 20 21 41 17.470      57.8
277
278
279
 2013 04 20 11 49 11.322     2013 04 20 11 51 56.056     164.7
 2013 04 20 20 03 43.648     2013 04 20 20 07 32.149     228.5
280
 2013 04 20 11 46 54.376     2013 04 20 11 49 45.244     170.9
 2013 04 20 20 03 21.675     2013 04 20 20 06 51.173     209.5
281
 2013 04 20 21 40   .226     2013 04 20 21 43  5.592     185.4
282
 2013 04 20 23 14 50.334     2013 04 20 23 17 34.959     164.6
283
 2013 04 20 11 46   .568     2013 04 20 11 47 18.189      77.6
 2013 04 20 20 05 18.721     2013 04 20 20 08 47.175     208.5
284
 2013 04 20 21 41   .052     2013 04 20 21 44 24.056     204.0
285
 2013 04 20 10 05 17.358     2013 04 20 10 08 52.882     215.5
286
 2013 04 20 21 46 26.647     2013 04 20 21 49  3.556     156.9
287
 2013 04 20 15 02 12.411     2013 04 20 15 04 56.038     163.6
 2013 04 20 19 56 57.647     2013 04 20 20 00  8.175     190.5
288
 2013 04 20 20 04 41.016     2013 04 20 20 04 52.474      11.5
289
290
 2013 04 20 10 03  9.637     2013 04 20 10 06 29.457     199.8
291
 2013 04 20 10 05 42.914     2013 04 20 10 09 20.913     218.0
292
 2013 04 20 11 48  4.201     2013 04 20 11 51 10.583     186.4
 2013 04 20 20 03 19.222     2013 04 20 20 05 56.785     157.6
293
294
 2013 04 20 10 08  4.532     2013 04 20 10 08 59.862      55.3
 2013 04 20 20 10  5.318     2013 04 20 20 13 21.183     195.9
295
 2013 04 20 11 45 28.683     2013 04 20 11 49  7.784     219.1
296
 2013 04 20 13 13 14.765     2013 04 20 13 16 34.611     199.8
297
 2013 04 20 11 43 37.013     2013 04 20 11 47 25.476     228.5
298
 2013 04 20 23 20 28.936     2013 04 20 23 23 27.313     178.4
299
 2013 04 20 10 01 46.113     2013 04 20 10 05  1.267     195.2
 2013 04 20 21 49 32.120     2013 04 20 21 52  5.349     153.2
300
 2013 04 20 11 45  5.297     2013 04 20 11 45 58.094      52.8
301
302
 2013 04 20 18 27 25.908     2013 04 20 18 30 55.762     209.9
303
304
 2013 04 20 10 08 28.607     2013 04 20 10 11  3.570     155.0
 2013 04 20 20 09  9.185     2013 04 20 20 11 43.874     154.7
305
 2013 04 20 21 46 53.455     2013 04 20 21 50 14.083     200.6
306
 2013 04 20 11 51  9.769     2013 04 20 11 54 36.640     206.9
 2013 04 20 13 28 51.548     2013 04 20 13 29 36.067      44.5
 2013 04 20 18 25   .878     2013 04 20 18 27 39.463     158.6
307
 2013 04 20 13 16 55.344     2013 04 20 13 20  4.108     188.8
 2013 04 20 23 17 35.425     2013 04 20 23 20 28.327     172.9
308
 2013 04 20 13 19   .163     2013 04 20 13 21 35.431     155.3
 2013 04 20 23 17 12.353     2013 04 20 23 18 29.365      77.0
309
 2013 04 20 11 39 29.864     2013 04 20 11 43  7.884     218.0
310
 2013 04 20 20 06  9.714     2013 04 20 20 09 24.536     194.8
311
 2013 04 20 13 21  3.015     2013 04 20 13 23 55.035     172.0
 2013 04 20 21 38 56.565     2013 04 20 21 42 44.983     228.4
312
 2013 04 20 11 42 53.327     2013 04 20 11 43 55.894      62.6
 2013 04 20 21 44 24.666     2013 04 20 21 47 57.419     212.8
313
 2013 04 20 11 53 23.539     2013 04 20 11 53 27.492       4.0
 2013 04 20 13 27 14.074     2013 04 20 13 27 42.650      28.6
 2013 04 20 18 23 40.547     2013 04 20 18 24 30.960      50.4
314
 2013 04 20 23 14 26.053     2013 04 20 23 18  7.762     221.7
315
 2013 04 20 21 46 22.617     2013 04 20 21 48 59.124     156.5
316
 2013 04 20 13 25 26.672     2013 04 20 13 28 11.933     165.3
 2013 04 20 20 00 42.599     2013 04 20 20 03 43.120     180.5
317
 2013 04 20 10 04 49.877     2013 04 20 10 07 44.117     174.2
318
 2013 04 20 11 41 17.470     2013 04 20 11 41 21.096       3.6
 2013 04 20 23 22 40.899     2013 04 20 23 25 40.434     179.5
319
 2013 04 20 11 51 44.118     2013 04 20 11 54 48.680     184.6
 2013 04 20 18 26 45.541     2013 04 20 18 29 27.546     162.0
320
 2013 04 20 10 09 39.555     2013 04 20 10 12 51.403     191.8
 2013 04 20 20 07 21.470     2013 04 20 20 10 48.572     207.1
321
 2013 04 20 13 19  2.546     2013 04 20 13 22 34.659     212.1
322
 2013 04 20 11 53   .139     2013 04 20 11 55 43.840     163.7
 2013 04 20 16 47 45.387     2013 04 20 16 51   .083     194.7
323
 2013 04 20 13 24 45.441     2013 04 20 13 27 46.599     181.2
 2013 04 20 19 59 18.306     2013 04 20 20 02 51.886     213.6
324
 2013 04 20 13 13 35.046     2013 04 20 13 16 13.556     158.5
325
326
 2013 04 20 13 15 41.977     2013 04 20 13 18 50.644     188.7
 2013 04 20 23 19 27.357     2013 04 20 23 22 47.576     200.2
327
 2013 04 20 13 27 50.304     2013 04 20 13 31 34.899     224.6
 2013 04 20 18 24  1.325     2013 04 20 18 27 14.891     193.6
328
 2013 04 20 11 51 48.565     2013 04 20 11 54 44.498     175.9
 2013 04 20 18 25 23.464     2013 04 20 18 28 12.736     169.3
329
 2013 04 20 10 04 33.694     2013 04 20 10 07 19.890     166.2
330
 2013 04 20 11 43 54.035     2013 04 20 11 46 43.749     169.7
 2013 04 20 21 42 39.698     2013 04 20 21 45 42.052     182.4
331
 2013 04 20 13 19 56.517     2013 04 20 13 20 59.553      63.0
332
333
 2013 04 20 11 51 44.701     2013 04 20 11 54 36.181     171.5
 2013 04 20 18 26 33.186     2013 04 20 18 29 13.156     160.0
334
 2013 04 20 23 22 32.950     2013 04 20 23 25 26.990     174.0
335
 2013 04 20 23 21 12.641     2013 04 20 23 24 54.319     221.7
336
 2013 04 20 13 20 29.257     2013 04 20 13 23 53.089     203.8
 2013 04 20 21 43  3.721     2013 04 20 21 43 25.271      21.5
337
 2013 04 20 13 23 39.389     2013 04 20 13 27  7.453     208.1
338
 2013 04 20 13 21 29.779     2013 04 20 13 24  9.006     159.2
 2013 04 20 21 38 46.738     2013 04 20 21 42 10.250     203.5
339
 2013 04 20 13 19  7.238     2013 04 20 13 21 42.335     155.1
 2013 04 20 23 17  2.578     2013 04 20 23 17 41.888      39.3
340
 2013 04 20 21 47 29.334     2013 04 20 21 50 44.663     195.3
341
 2013 04 20 10 05 48.862     2013 04 20 10 07 15.640      86.8
 2013 04 20 20 10 51.227     2013 04 20 20 14 22.257     211.0
342
 2013 04 20 23 20 53.298     2013 04 20 23 23 42.378     169.1
343
 2013 04 20 11 43 29.817     2013 04 20 11 44 49.217      79.4
344
 2013 04 20 11 42 53.192     2013 04 20 11 46  1.745     188.6
 2013 04 20 21 42 57.099     2013 04 20 21 45 32.620     155.5
345
 2013 04 20 13 23 58.870     2013 04 20 13 27 22.015     203.1
346
 2013 04 20 10 03 23.958     2013 04 20 10 04  2.950      39.0
347
 2013 04 20 11 50 25.772     2013 04 20 11 53 16.543     170.8
 2013 04 20 18 25  1.582     2013 04 20 18 28 23.478     201.9
348
 2013 04 20 14 59 42.165     2013 04 20 15 02 52.798     190.6
 2013 04 20 21 35 35.965     2013 04 20 21 38 47.310     191.3
349
 2013 04 20 10 08 55.134     2013 04 20 10 11 45.629     170.5
 2013 04 20 20 09 14.410     2013 04 20 20 12 22.546     188.1
350
 2013 04 20 13 24 43.547     2013 04 20 13 27 40.009     176.5
 2013 04 20 19 59 18.427     2013 04 20 20 02 59.484     221.1
351
 2013 04 20 10 11 45.143     2013 04 20 10 15 27.440     222.3
 2013 04 20 18 27 56.006     2013 04 20 18 28 28.085      32.1
352
 2013 04 20 20 01 51.418     2013 04 20 20 05 24.104     212.7
353
354
 2013 04 20 20 06 21.889     2013 04 20 20 09 23.206     181.3
355
 2013 04 20 10 06 30.699     2013 04 20 10 09 45.017     194.3
356
 2013 04 20 11 50 46.370     2013 04 20 11 53 38.095     171.7
 2013 04 20 18 25 16.030     2013 04 20 18 28 12.322     176.3
357
 2013 04 20 11 45 33.455     2013 04 20 11 45 51.685      18.2
358
 2013 04 20 15 00  7.182     2013 04 20 15 02 48.540     161.4
 2013 04 20 21 34 42.390     2013 04 20 21 37 33.844     171.5
359
 2013 04 20 11 40 17.093     2013 04 20 11 41 24.757      67.7
 2013 04 20 23 22 34.190     2013 04 20 23 25 54.729     200.5
360
 2013 04 20 20 01 46.267     2013 04 20 20 05 21.766     215.5
361
362
 2013 04 20 15 00 26.543     2013 04 20 15 03  5.127     158.6
 2013 04 20 21 35 15.494     2013 04 20 21 37 56.736     161.2
363
364
 2013 04 20 13 23 37.410     2013 04 20 13 26 58.692     201.3
 2013 04 20 21 36 58.480     2013 04 20 21 40 39.618     221.1
365
 2013 04 20 10 09 43.035     2013 04 20 10 12 53.983     190.9
 2013 04 20 20 07 18.753     2013 04 20 20 10 50.195     211.4
366
 2013 04 20 10 02 53.799     2013 04 20 10 05 27.328     153.5
 2013 04 20 21 49 32.706     2013 04 20 21 53  2.148     209.4
367
 2013 04 20 13 17  5.679     2013 04 20 13 20 21.214     195.5
 2013 04 20 23 19 16.712     2013 04 20 23 21 56.210     159.5
368
 2013 04 20 11 38 53.671     2013 04 20 11 41 32.254     158.6
369
 2013 04 20 18 27 41.189     2013 04 20 18 30 29.176     168.0
370
 2013 04 20 21 46 13.435     2013 04 20 21 49   .558     167.1
371
 2013 04 20 13 18 25.374     2013 04 20 13 19 45.905      80.5
372
 2013 04 20 11 38 38.670     2013 04 20 11 41 44.146     185.5
373
 2013 04 20 11 39 13.346     2013 04 20 11 42 18.247     184.9
374
 2013 04 20 13 25 31.841     2013 04 20 13 28  9.268     157.4
 2013 04 20 20 00 17.951     2013 04 20 20 03 13.674     175.7
375
376
 2013 04 20 10 10 47.488     2013 04 20 10 13 22.881     155.4
377
 2013 04 20 10 08 41.888     2013 04 20 10 11 17.157     155.3
 2013 04 20 20 09   .626     2013 04 20 20 11 38.657     158.0
378
 2013 04 20 11 38 49.198     2013 04 20 11 41 34.592     165.4
379
 2013 04 20 13 22 21.498     2013 04 20 13 24 58.383     156.9
 2013 04 20 21 38 52.210     2013 04 20 21 41 30.416     158.2
380
 2013 04 20 10 07 51.086     2013 04 20 10 11 25.639     214.6
 2013 04 20 20 10 16.704     2013 04 20 20 13  1.671     165.0
381
 2013 04 20 13 22 27.607     2013 04 20 13 26  2.651     215.0
 2013 04 20 21 37 31.836     2013 04 20 21 40  9.452     157.6
382
 2013 04 20 11 48 55.385     2013 04 20 11 49 39.587      44.2
383
 2013 04 20 10 03 53.676     2013 04 20 10 06 27.548     153.9
384
 2013 04 20 13 15  4.526     2013 04 20 13 18 14.325     189.8
 2013 04 20 23 23 15.748     2013 04 20 23 23 29.021      13.3
385
 2013 04 20 13 18 55.517     2013 04 20 13 18 57.208       1.7
386
 2013 04 20 21 47 58.742     2013 04 20 21 50 32.503     153.8
387
 2013 04 20 23 15 38.328     2013 04 20 23 18 15.853     157.5
388
 2013 04 20 20 12 19.514     2013 04 20 20 15 12.488     173.0
389
 2013 04 20 11 45 22.227     2013 04 20 11 47 59.228     157.0
390
 2013 04 20 15 01 21.661     2013 04 20 15 04 14.597     172.9
 2013 04 20 21 35 35.370     2013 04 20 21 38 38.378     183.0
391
 2013 04 20 23 20 41.449     2013 04 20 23 23 17.790     156.3
392
 2013 04 20 10 10 14.112     2013 04 20 10 12 49.310     155.2
393
394
 2013 04 20 10 05 44.471     2013 04 20 10 05 55.046      10.6
 2013 04 20 21 48 46.241     2013 04 20 21 51 19.707     153.5
395
 2013 04 20 23 21   .234     2013 04 20 23 23 55.259     175.0
396
 2013 04 20 11 51 24.410     2013 04 20 11 54 12.062     167.7
 2013 04 20 18 26 26.885     2013 04 20 18 29  4.815     157.9
397
 2013 04 20 11 51 35.594     2013 04 20 11 54 20.401     164.8
 2013 04 20 18 25 39.847     2013 04 20 18 28 18.169     158.3
398
399
 2013 04 20 21 47 19.246     2013 04 20 21 50 50.405     211.2
400
 2013 04 20 20 07  6.812     2013 04 20 20 10  2.298     175.5
401
 2013 04 20 10 06 24.112     2013 04 20 10 09 18.285     174.2
 2013 04 20 20 09 58.485     2013 04 20 20 10 12.791      14.3
402
 2013 04 20 11 36 44.182     2013 04 20 11 39 37.979     173.8
 2013 04 20 23 24 13.614     2013 04 20 23 26 52.506     158.9
403
 2013 04 20 23 15 42.809     2013 04 20 23 18 33.346     170.5
404
 2013 04 20 10 04  4.765     2013 04 20 10 06 50.117     165.4
405
 2013 04 20 13 21 58.691     2013 04 20 13 24 50.623     171.9
 2013 04 20 21 38  7.539     2013 04 20 21 41   .628     173.1
406
 2013 04 20 20 05 58.611     2013 04 20 20 09   .482     181.9
407
 2013 04 20 11 38 12.941     2013 04 20 11 41 10.403     177.5
408
 2013 04 20 23 23 20.877     2013 04 20 23 26  6.289     165.4
409
 2013 04 20 13 12 54.646     2013 04 20 13 13 36.477      41.8
410
411
 2013 04 20 13 23 24.995     2013 04 20 13 26 31.979     187.0
 2013 04 20 21 38 46.807     2013 04 20 21 42 27.255     220.4
412
 2013 04 20 13 28  2.669     2013 04 20 13 30 40.506     157.8
 2013 04 20 18 22 57.387     2013 04 20 18 25 56.284     178.9
413
 2013 04 20 13 15 31.533     2013 04 20 13 18  5.680     154.1
414
 2013 04 20 11 38 38.036     2013 04 20 11 41 51.541     193.5
415
 2013 04 20 11 50  4.315     2013 04 20 11 53 29.481     205.2
 2013 04 20 18 24 31.769     2013 04 20 18 27 54.058     202.3
416
 2013 04 20 13 21 45.355     2013 04 20 13 24 34.588     169.2
 2013 04 20 21 39 12.062     2013 04 20 21 42  7.542     175.5
417
 2013 04 20 21 40  3.604     2013 04 20 21 41 27.870      84.3
418
 2013 04 20 10 14 48.729     2013 04 20 10 14 54.036       5.3
419
 2013 04 20 10 08 12.345     2013 04 20 10 10 48.306     156.0
 2013 04 20 20 09 10.015     2013 04 20 20 11 46.402     156.4
420
 2013 04 20 23 22 44.427     2013 04 20 23 26 18.649     214.2
421
 2013 04 20 13 24 41.014     2013 04 20 13 24 58.423      17.4
 2013 04 20 20 01 39.925     2013 04 20 20 04 52.852     192.9
422
 2013 04 20 11 52 31.257     2013 04 20 11 55  8.835     157.6
 2013 04 20 16 51 30.979     2013 04 20 16 51 33.091       2.1
 2013 04 20 18 25 46.908     2013 04 20 18 29  8.329     201.4
423
 2013 04 20 11 47 15.094     2013 04 20 11 49 59.708     164.6
 2013 04 20 20 03 38.816     2013 04 20 20 06 43.563     184.7
424
 2013 04 20 14 59 15.552     2013 04 20 15 00 25.703      70.2
 2013 04 20 21 36  3.089     2013 04 20 21 39 22.768     199.7
425
 2013 04 20 13 15 20.891     2013 04 20 13 18 39.617     198.7
 2013 04 20 23 19 33.400     2013 04 20 23 23  9.451     216.1
426
427
 2013 04 20 13 16 47.811     2013 04 20 13 17 29.094      41.3
 2013 04 20 23 17  3.758     2013 04 20 23 19 56.829     173.1
428
 2013 04 20 11 38 43.976     2013 04 20 11 41 43.936     180.0
429
 2013 04 20 11 47 57.325     2013 04 20 11 50 57.994     180.7
 2013 04 20 20 04 47.765     2013 04 20 20 07 27.178     159.4
430
 2013 04 20 11 47 55.184     2013 04 20 11 50 45.406     170.2
 2013 04 20 20 03 38.275     2013 04 20 20 06 14.827     156.6
431
 2013 04 20 11 51 53.904     2013 04 20 11 54 51.074     177.2
 2013 04 20 18 26 37.394     2013 04 20 18 29 23.842     166.4
432
 2013 04 20 13 21 51.740     2013 04 20 13 24 32.202     160.5
 2013 04 20 21 38 20.711     2013 04 20 21 41 23.664     183.0
433
 2013 04 20 11 44 56.004     2013 04 20 11 48 17.478     201.5
434
435
436
 2013 04 20 11 44 37.571     2013 04 20 11 48 24.713     227.1
437
 2013 04 20 23 19 43.579     2013 04 20 23 23 28.829     225.2
438
 2013 04 20 21 42   .967     2013 04 20 21 45  1.182     180.2
439
 2013 04 20 20 02 15.812     2013 04 20 20 05 11.483     175.7
440
 2013 04 20 11 37 40.155     2013 04 20 11 40 29.745     169.6
441
 2013 04 20 11 45 35.757     2013 04 20 11 48 47.613     191.9
442
 2013 04 20 11 44 41.762     2013 04 20 11 48 25.644     223.9
 2013 04 20 21 40 52.680     2013 04 20 21 40 55.222       2.5
443
 2013 04 20 11 37  5.177     2013 04 20 11 39 42.496     157.3
 2013 04 20 23 24 18.546     2013 04 20 23 27 15.203     176.7
444
 2013 04 20 23 20 39.677     2013 04 20 23 23 25.156     165.5
445
 2013 04 20 10 06  6.309     2013 04 20 10 09 46.971     220.7
 2013 04 20 20 10 44.610     2013 04 20 20 14  5.410     200.8
446
 2013 04 20 11 47 25.490     2013 04 20 11 50 13.959     168.5
 2013 04 20 20 03 37.470     2013 04 20 20 06 30.473     173.0
447
 2013 04 20 11 38 18.346     2013 04 20 11 40 52.437     154.1
448
 2013 04 20 13 23 35.273     2013 04 20 13 26 17.114     161.8
 2013 04 20 21 38 24.748     2013 04 20 21 41 54.306     209.6
449
 2013 04 20 15 02 35.285     2013 04 20 15 06 19.215     223.9
 2013 04 20 19 58 45.614     2013 04 20 20 01 47.544     181.9
450
 2013 04 20 10 09 16.218     2013 04 20 10 12 33.008     196.8
 2013 04 20 20 07 39.210     2013 04 20 20 10 40.481     181.3
451
 2013 04 20 14 59 48.605     2013 04 20 15 03  6.019     197.4
 2013 04 20 21 35 47.711     2013 04 20 21 38 48.147     180.4
452
 2013 04 20 11 48 19.226     2013 04 20 11 51 24.159     184.9
 2013 04 20 20 04 37.859     2013 04 20 20 07 35.809     178.0
453
 2013 04 20 11 52 12.559     2013 04 20 11 54 50.060     157.5
 2013 04 20 18 25 55.403     2013 04 20 18 28 54.054     178.7
454
 2013 04 20 21 40   .530     2013 04 20 21 43 38.324     217.8
455
 2013 04 20 13 26  8.375     2013 04 20 13 29   .921     172.5
 2013 04 20 20 01  8.681     2013 04 20 20 03 45.918     157.2
456
 2013 04 20 13 26 26.236     2013 04 20 13 30  7.824     221.6
 2013 04 20 20 01 39.971     2013 04 20 20 04 41.041     181.1
457
 2013 04 20 14 59 19.610     2013 04 20 15 02 32.896     193.3
 2013 04 20 21 35 20.037     2013 04 20 21 39  2.346     222.3
458
 2013 04 20 13 26  8.777     2013 04 20 13 29 21.975     193.2
 2013 04 20 15 03 42.535     2013 04 20 15 04   .466      17.9
 2013 04 20 19 59 43.229     2013 04 20 20 02 29.948     166.7
459
 2013 04 20 11 54  5.058     2013 04 20 11 54 45.136      40.1
 2013 04 20 13 28 50.209     2013 04 20 13 32 22.776     212.6
 2013 04 20 18 24 36.887     2013 04 20 18 27 14.501     157.6
460
 2013 04 20 15 02 38.975     2013 04 20 15 05 18.547     159.6
 2013 04 20 19 57 40.313     2013 04 20 20 00 40.990     180.7
461
462
 2013 04 20 21 45 55.390     2013 04 20 21 49 18.029     202.6
463
 2013 04 20 13 12 47.661     2013 04 20 13 15 41.920     174.3
464
 2013 04 20 11 48 57.343     2013 04 20 11 52 29.872     212.5
 2013 04 20 20 02 17.679     2013 04 20 20 05 56.396     218.7
465
 2013 04 20 10 05 14.306     2013 04 20 10 08  4.061     169.8
466
 2013 04 20 11 38 12.916     2013 04 20 11 41  4.243     171.3
467
 2013 04 20 20 06 11.150     2013 04 20 20 09 23.284     192.1
468
 2013 04 20 13 15 41.968     2013 04 20 13 18 25.533     163.6
 2013 04 20 23 21 23.991     2013 04 20 23 22 45.415      81.4
469
 2013 04 20 10 06 59.702     2013 04 20 10 09 43.111     163.4
 2013 04 20 20 08 46.785     2013 04 20 20 09 15.796      29.0
470
 2013 04 20 13 26  6.442     2013 04 20 13 29 20.303     193.9
 2013 04 20 15 03 40.342     2013 04 20 15 03 57.101      16.8
 2013 04 20 19 59 43.129     2013 04 20 20 02 28.509     165.4
471
 2013 04 20 10 06 13.218     2013 04 20 10 08 53.047     159.8
472
 2013 04 20 23 20 59.242     2013 04 20 23 23 37.949     158.7
473
 2013 04 20 13 27  1.445     2013 04 20 13 27 30.069      28.6
 2013 04 20 21 36 25.298     2013 04 20 21 40 11.393     226.1
474
 2013 04 20 13 14 50.380     2013 04 20 13 17 29.146     158.8
475
 2013 04 20 14 58 26.770     2013 04 20 15 01 11.520     164.7
 2013 04 20 23 12 45.354     2013 04 20 23 13 41.362      56.0
476
 2013 04 20 21 45  6.760     2013 04 20 21 48 30.935     204.2
477
 2013 04 20 23 15 22.671     2013 04 20 23 18   .066     157.4
478
 2013 04 20 14 58 46.026     2013 04 20 15 01 36.139     170.1
479
 2013 04 20 10 03 53.801     2013 04 20 10 06 45.771     172.0
480
 2013 04 20 11 38 14.357     2013 04 20 11 39 44.546      90.2
 2013 04 20 23 23 46.233     2013 04 20 23 26 24.717     158.5
481
 2013 04 20 11 52 18.193     2013 04 20 11 55  3.526     165.3
 2013 04 20 18 26 16.248     2013 04 20 18 29 22.120     185.9
482
 2013 04 20 21 45 55.961     2013 04 20 21 48 34.820     158.9
483
 2013 04 20 13 21  2.584     2013 04 20 13 24 18.836     196.3
 2013 04 20 21 39 27.210     2013 04 20 21 42 51.998     204.8
484
 2013 04 20 21 36 36.389     2013 04 20 21 39 51.053     194.7
485
 2013 04 20 21 47 20.438     2013 04 20 21 50 14.537     174.1
486
 2013 04 20 11 52 40.466     2013 04 20 11 55 18.148     157.7
 2013 04 20 16 47 30.934     2013 04 20 16 47 56.132      25.2
 2013 04 20 18 25 44.013     2013 04 20 18 29 18.354     214.3
487
488
 2013 04 20 11 46 35.796     2013 04 20 11 49 29.650     173.9
 2013 04 20 20 04 29.154     2013 04 20 20 08  4.756     215.6
489
 2013 04 20 10 05 23.431     2013 04 20 10 08  6.431     163.0
490
 2013 04 20 13 24 33.041     2013 04 20 13 24 36.161       3.1
 2013 04 20 20 01 38.033     2013 04 20 20 04 58.815     200.8
491
 2013 04 20 13 23 17.361     2013 04 20 13 25 54.300     156.9
 2013 04 20 21 38 19.283     2013 04 20 21 41 17.932     178.6
492
 2013 04 20 13 15 48.907     2013 04 20 13 19 14.462     205.6
 2013 04 20 23 19 44.345     2013 04 20 23 22 41.497     177.2
493
 2013 04 20 23 20 22.654     2013 04 20 23 23  2.218     159.6
494
 2013 04 20 14 57 36.514     2013 04 20 15 01 14.034     217.5
 2013 04 20 23 13 46.966     2013 04 20 23 17 22.228     215.3
495
 2013 04 20 20 12 26.757     2013 04 20 20 15  5.415     158.7
496
 2013 04 20 10 07 45.778     2013 04 20 10 10 36.630     170.9
 2013 04 20 20 09 59.354     2013 04 20 20 12 35.194     155.8
497
 2013 04 20 10 07  8.872     2013 04 20 10 07 25.738      16.9
 2013 04 20 20 07 49.766     2013 04 20 20 11 15.219     205.5
498
 2013 04 20 14 58  4.527     2013 04 20 15 01 34.075     209.5
 2013 04 20 23 13 19.196     2013 04 20 23 13 30.258      11.1
499
 2013 04 20 10 09 29.825     2013 04 20 10 12  8.481     158.7
 2013 04 20 20 08 12.665     2013 04 20 20 11 28.007     195.3
500
 2013 04 20 11 51 33.470     2013 04 20 11 55 12.465     219.0
 2013 04 20 13 29 31.066     2013 04 20 13 33  5.441     214.4
 2013 04 20 16 46 12.736     2013 04 20 16 46 46.964      34.2
 2013 04 20 18 24 46.215     2013 04 20 18 27 45.695     179.5
501
 2013 04 20 11 48 50.754     2013 04 20 11 51 27.254     156.5
 2013 04 20 20 03 45.527     2013 04 20 20 06 53.768     188.2
502
 2013 04 20 13 24  8.682     2013 04 20 13 25 55.237     106.6
 2013 04 20 20 05  5.129     2013 04 20 20 05  9.709       4.6
503
 2013 04 20 10 07 48.179     2013 04 20 10 07 55.450       7.3
 2013 04 20 20 10 19.986     2013 04 20 20 13 30.010     190.0
504
 2013 04 20 10 07 48.553     2013 04 20 10 08  1.158      12.6
 2013 04 20 20 07 52.953     2013 04 20 20 10 38.535     165.6
505
 2013 04 20 13 20 56.476     2013 04 20 13 24  5.578     189.1
 2013 04 20 21 41 16.765     2013 04 20 21 41 33.211      16.4
506
 2013 04 20 20 11 40.784     2013 04 20 20 14 14.641     153.9
507
 2013 04 20 10 09 39.010     2013 04 20 10 12 18.112     159.1
 2013 04 20 20 08 23.973     2013 04 20 20 12 11.024     227.1
508
 2013 04 20 11 45 33.998     2013 04 20 11 46 10.648      36.7
509
 2013 04 20 10 08  8.845     2013 04 20 10 08 18.362       9.5
510
 2013 04 20 10 08 31.365     2013 04 20 10 12  1.941     210.6
 2013 04 20 20 07 58.226     2013 04 20 20 10 33.600     155.4
511
 2013 04 20 21 46 32.783     2013 04 20 21 49 50.414     197.6
512
 2013 04 20 13 21 48.482     2013 04 20 13 22 21.471      33.0
 2013 04 20 23 16 10.703     2013 04 20 23 19 13.799     183.1
513
 2013 04 20 14 58 58.430     2013 04 20 15 02 30.239     211.8
 2013 04 20 21 38 46.355     2013 04 20 21 39 25.230      38.9
514
 2013 04 20 10 09 56.715     2013 04 20 10 10 24.454      27.7
515
 2013 04 20 13 24 28.727     2013 04 20 13 28  2.658     213.9
 2013 04 20 19 58 56.034     2013 04 20 20 02 24.998     209.0
516
 2013 04 20 11 51 48.693     2013 04 20 11 54 32.347     163.7
 2013 04 20 18 25 40.721     2013 04 20 18 28 24.289     163.6
517
 2013 04 20 11 42 44.024     2013 04 20 11 45 38.490     174.5
 2013 04 20 21 44 25.875     2013 04 20 21 47  2.841     157.0
518
 2013 04 20 13 27  6.157     2013 04 20 13 30 34.320     208.2
 2013 04 20 20 01 12.195     2013 04 20 20 05   .662     228.5
519
 2013 04 20 11 44 32.497     2013 04 20 11 48  5.668     213.2
 2013 04 20 21 41 13.820     2013 04 20 21 42 13.253      59.4
520
 2013 04 20 10 04 41.993     2013 04 20 10 08 27.495     225.5
521
 2013 04 20 13 22 20.960     2013 04 20 13 24 57.841     156.9
 2013 04 20 21 38 52.203     2013 04 20 21 41 30.604     158.4
522
 2013 04 20 13 24 32.009     2013 04 20 13 28  2.435     210.4
 2013 04 20 20 00 52.339     2013 04 20 20 04 44.771     232.4
523
 2013 04 20 11 48 55.614     2013 04 20 11 49 11.983      16.4
524
 2013 04 20 10 06 11.766     2013 04 20 10 09 13.253     181.5
 2013 04 20 20 13  9.383     2013 04 20 20 14  3.053      53.7
525
 2013 04 20 13 23  2.988     2013 04 20 13 26 34.711     211.7
 2013 04 20 21 39 11.358     2013 04 20 21 42 42.425     211.1
526
 2013 04 20 13 16 57.955     2013 04 20 13 19 40.326     162.4
 2013 04 20 23 18  6.240     2013 04 20 23 20 57.452     171.2
527
 2013 04 20 23 22 42.905     2013 04 20 23 25 50.590     187.7
528
 2013 04 20 10 02 54.894     2013 04 20 10 05 36.968     162.1
 2013 04 20 21 49 12.973     2013 04 20 21 52 31.247     198.3
529
530
 2013 04 20 11 37 52.717     2013 04 20 11 40 44.787     172.1
531
 2013 04 20 10 06 26.634     2013 04 20 10 09 21.441     174.8
 2013 04 20 20 10   .123     2013 04 20 20 13 46.225     226.1
532
533
534
 2013 04 20 11 43 41.460     2013 04 20 11 46 17.516     156.1
 2013 04 20 21 43 26.944     2013 04 20 21 46 28.710     181.8
535
536
 2013 04 20 13 12 42.780     2013 04 20 13 15 55.123     192.3
537
 2013 04 20 13 28 38.664     2013 04 20 13 31 38.566     179.9
 2013 04 20 18 24  1.068     2013 04 20 18 26 41.099     160.0
538
 2013 04 20 11 41 20.931     2013 04 20 11 41 56.829      35.9
 2013 04 20 23 22   .153     2013 04 20 23 23 22.517      82.4
539
 2013 04 20 13 16 53.870     2013 04 20 13 20 16.346     202.5
 2013 04 20 23 19 26.204     2013 04 20 23 22  3.136     156.9
540
 2013 04 20 13 23 37.889     2013 04 20 13 24  7.211      29.3
 2013 04 20 21 36 21.721     2013 04 20 21 37  5.333      43.6
541
 2013 04 20 13 19 28.917     2013 04 20 13 22 20.207     171.3
542
 2013 04 20 15 00  6.721     2013 04 20 15 03 20.324     193.6
 2013 04 20 21 34 16.185     2013 04 20 21 36 55.419     159.2
543
 2013 04 20 11 40 58.506     2013 04 20 11 44 45.556     227.0
 2013 04 20 21 45 26.173     2013 04 20 21 48 22.156     176.0
544
 2013 04 20 11 51 32.401     2013 04 20 11 54 38.394     186.0
 2013 04 20 18 25 16.152     2013 04 20 18 27 58.738     162.6
545
546
 2013 04 20 11 43 57.755     2013 04 20 11 44 37.635      39.9
547
 2013 04 20 11 49 20.079     2013 04 20 11 50 11.689      51.6
548
 2013 04 20 11 49 37.221     2013 04 20 11 53  2.456     205.2
549
 2013 04 20 23 22 12.097     2013 04 20 23 24 50.275     158.2
550
 2013 04 20 14 59 18.244     2013 04 20 15 02 23.500     185.3
 2013 04 20 21 35  9.270     2013 04 20 21 38 59.057     229.8
551
 2013 04 20 15 03 13.782     2013 04 20 15 06  1.446     167.7
 2013 04 20 19 58 21.263     2013 04 20 20 01   .919     159.7
552
 2013 04 20 10 02 27.986     2013 04 20 10 05  1.524     153.5
 2013 04 20 21 50   .487     2013 04 20 21 53  2.558     182.1
553
 2013 04 20 23 15 43.441     2013 04 20 23 18 20.871     157.4
554
 2013 04 20 23 19 11.552     2013 04 20 23 22 57.375     225.8
555
 2013 04 20 10 03 49.728     2013 04 20 10 06 27.920     158.2
556
 2013 04 20 15 01 12.252     2013 04 20 15 03 53.506     161.3
 2013 04 20 21 35 23.437     2013 04 20 21 38 13.514     170.1
557
 2013 04 20 13 15 48.666     2013 04 20 13 16 59.147      70.5
 2013 04 20 23 20  5.016     2013 04 20 23 22 44.841     159.8
558
 2013 04 20 11 43 31.615     2013 04 20 11 46 26.026     174.4
 2013 04 20 21 43 47.301     2013 04 20 21 47  2.398     195.1
559
 2013 04 20 23 25  8.591     2013 04 20 23 26 19.364      70.8
560
 2013 04 20 21 47 55.539     2013 04 20 21 50 28.993     153.5
561
 2013 04 20 13 20 11.189     2013 04 20 13 22 51.751     160.6
562
 2013 04 20 10 05 42.095     2013 04 20 10 08 27.384     165.3
563
 2013 04 20 11 49 43.051     2013 04 20 11 52 34.912     171.9
564
 2013 04 20 11 41 59.644     2013 04 20 11 45 24.628     205.0
 2013 04 20 21 42 45.541     2013 04 20 21 45 57.389     191.8
565
 2013 04 20 13 24 21.414     2013 04 20 13 27 13.339     171.9
566
 2013 04 20 11 51  8.784     2013 04 20 11 53 51.190     162.4
 2013 04 20 18 25 37.532     2013 04 20 18 28 20.902     163.4
567
 2013 04 20 23 20 19.936     2013 04 20 23 23  2.767     162.8
568
 2013 04 20 23 24 17.810     2013 04 20 23 25 38.598      80.8
569
 2013 04 20 11 44 34.795     2013 04 20 11 47 50.273     195.5
 2013 04 20 21 41 28.950     2013 04 20 21 42 33.486      64.5
570
571
 2013 04 20 13 21 37.156     2013 04 20 13 24 30.611     173.5
 2013 04 20 21 37 57.738     2013 04 20 21 41 14.482     196.7
572
 2013 04 20 11 37 50.363     2013 04 20 11 41 24.885     214.5
 2013 04 20 23 22 29.783     2013 04 20 23 26 12.383     222.6
573
 2013 04 20 11 43 42.422     2013 04 20 11 44 28.790      46.4
574
 2013 04 20 20 05 33.436     2013 04 20 20 06 13.899      40.5
575
 2013 04 20 10 04 56.578     2013 04 20 10 08 18.371     201.8
576
 2013 04 20 20 11 17.951     2013 04 20 20 13 52.169     154.2
577
 2013 04 20 11 40 22.834     2013 04 20 11 42 46.295     143.5
 2013 04 20 21 45 21.035     2013 04 20 21 48 57.423     216.4
578
 2013 04 20 23 23 28.173     2013 04 20 23 26  9.928     161.8
579
 2013 04 20 18 27 56.034     2013 04 20 18 30 52.781     176.7
580
 2013 04 20 10 05  1.818     2013 04 20 10 07 35.908     154.1
581
582
 2013 04 20 11 50 15.855     2013 04 20 11 53 51.141     215.3
 2013 04 20 18 24 38.010     2013 04 20 18 27 38.480     180.5
583
 2013 04 20 23 21 26.952     2013 04 20 23 24 11.985     165.0
584
 2013 04 20 11 48 30.612     2013 04 20 11 52  7.664     217.1
 2013 04 20 20 02 35.615     2013 04 20 20 05 41.072     185.5
585
 2013 04 20 13 16 46.682     2013 04 20 13 19 56.455     189.8
 2013 04 20 23 17 34.005     2013 04 20 23 20 34.782     180.8
586
 2013 04 20 11 40 35.168     2013 04 20 11 43  9.340     154.2
587
588
589
 2013 04 20 23 20 26.497     2013 04 20 23 23  2.190     155.7
590
 2013 04 20 23 15 46.234     2013 04 20 23 18 37.503     171.3
591
 2013 04 20 20 07 27.050     2013 04 20 20 10  9.267     162.2
592
 2013 04 20 11 42  2.021     2013 04 20 11 44 46.859     164.8
 2013 04 20 21 44 29.016     2013 04 20 21 47 17.750     168.7
593
 2013 04 20 10 09 33.894     2013 04 20 10 12 11.766     157.9
 2013 04 20 20 08 10.214     2013 04 20 20 11 30.972     200.8
594
 2013 04 20 10 11 32.196     2013 04 20 10 11 36.186       4.0
 2013 04 20 20 07 37.194     2013 04 20 20 10 41.713     184.5
595
 2013 04 20 21 48  5.934     2013 04 20 21 50 41.095     155.2
596
 2013 04 20 10 05 43.297     2013 04 20 10 08 21.589     158.3
597
 2013 04 20 23 21 15.697     2013 04 20 23 23 59.414     163.7
598
 2013 04 20 13 21 29.434     2013 04 20 13 24 20.907     171.5
 2013 04 20 21 39  9.471     2013 04 20 21 42 20.859     191.4
599
 2013 04 20 13 27 15.920     2013 04 20 13 29 53.894     158.0
 2013 04 20 18 22  8.081     2013 04 20 18 22 32.419      24.3
 2013 04 20 20 00 20.332     2013 04 20 20 03 56.139     215.8
