s2
0
 2013 04 20 22 08 35.408     2013 04 20 22 08 49.066      13.7
1
 2013 04 20 00 09 21.924     2013 04 20 00 11 56.586     154.7
 2013 04 20 13 44 58.737     2013 04 20 13 48  7.235     188.5
2
 2013 04 20 12 16 13.788     2013 04 20 12 19 46.699     212.9
 2013 04 20 20 31 20.877     2013 04 20 20 33 58.381     157.5
3
 2013 04 20 10 40 32.571     2013 04 20 10 43  7.987     155.4
 2013 04 20 18 57 39.012     2013 04 20 19 01 24.904     225.9
4
 2013 04 20 10 32 27.972     2013 04 20 10 35  4.892     156.9
5
 2013 04 20 22 09 10.198     2013 04 20 22 12 59.170     229.0
6
 2013 04 20 22 14 23.484     2013 04 20 22 16 59.688     156.2
7
 2013 04 20 12 15  5.398     2013 04 20 12 18 15.409     190.0
 2013 04 20 20 31 21.912     2013 04 20 20 34 58.526     216.6
8
 2013 04 20 12 16  4.027     2013 04 20 12 18 39.715     155.7
 2013 04 20 20 32 33.121     2013 04 20 20 35 14.798     161.7
9
10
 2013 04 20 12 16 45.352     2013 04 20 12 20 19.478     214.1
 2013 04 20 20 31  4.605     2013 04 20 20 34  1.662     177.1
11
 2013 04 20 22 15 49.378     2013 04 20 22 19 24.217     214.8
12
 2013 04 20 13 55 46.669     2013 04 20 13 58 38.930     172.3
 2013 04 20 18 51  2.506     2013 04 20 18 51 55.153      52.6
 2013 04 20 20 29   .625     2013 04 20 20 30 27.310      86.7
13
14
 2013 04 20 22 16  6.433     2013 04 20 22 18 41.007     154.6
15
 2013 04 20 22 09 34.986     2013 04 20 22 12 12.062     157.1
16
 2013 04 20 00 10 18.113     2013 04 20 00 14  2.554     224.4
17
 2013 04 20 13 50 36.280     2013 04 20 13 53 14.634     158.4
 2013 04 20 22 07 20.018     2013 04 20 22 10   .790     160.8
18
 2013 04 20 00 10 57.572     2013 04 20 00 13 52.928     175.4
19
 2013 04 20 20 40 59.906     2013 04 20 20 43 35.010     155.1
20
 2013 04 20 20 37 33.351     2013 04 20 20 38 34.406      61.1
21
 2013 04 20 12 09 13.841     2013 04 20 12 12 19.775     185.9
22
 2013 04 20 12 17 38.713     2013 04 20 12 20 15.479     156.8
 2013 04 20 20 31 38.396     2013 04 20 20 35 21.374     223.0
23
 2013 04 20 13 55 12.224     2013 04 20 13 57 49.437     157.2
 2013 04 20 20 28 50.035     2013 04 20 20 31 52.702     182.7
24
 2013 04 20 12 07 41.708     2013 04 20 12 09 43.404     121.7
25
 2013 04 20 10 31 20.355     2013 04 20 10 33 56.473     156.1
 2013 04 20 22 17 55.583     2013 04 20 22 19 50.971     115.4
26
 2013 04 20 20 33 38.263     2013 04 20 20 35 11.189      92.9
27
 2013 04 20 13 48 21.947     2013 04 20 13 51 14.261     172.3
28
 2013 04 20 12 10 56.281     2013 04 20 12 13 36.130     159.8
 2013 04 20 22 11 56.540     2013 04 20 22 14 40.488     163.9
29
 2013 04 20 13 48 39.991     2013 04 20 13 51 18.110     158.1
30
 2013 04 20 10 40 24.752     2013 04 20 10 40 31.677       6.9
 2013 04 20 18 56 21.626     2013 04 20 18 59 42.524     200.9
31
 2013 04 20 22 16 27.581     2013 04 20 22 19  1.704     154.1
32
 2013 04 20 13 48 36.795     2013 04 20 13 48 58.128      21.3
33
 2013 04 20 12 06  5.195     2013 04 20 12 08 41.844     156.6
34
 2013 04 20 12 17 26.572     2013 04 20 12 20 31.242     184.7
 2013 04 20 20 31  2.866     2013 04 20 20 34 37.794     214.9
35
 2013 04 20 13 50 30.493     2013 04 20 13 54 19.831     229.3
 2013 04 20 22 05 46.397     2013 04 20 22 08 23.565     157.2
36
 2013 04 20 15 30 47.717     2013 04 20 15 33 51.496     183.8
 2013 04 20 20 26 20.093     2013 04 20 20 29 39.684     199.6
37
 2013 04 20 20 30 40.959     2013 04 20 20 33 26.355     165.4
38
39
 2013 04 20 12 10 44.859     2013 04 20 12 13 22.234     157.4
 2013 04 20 22 12 36.377     2013 04 20 22 15 17.990     161.6
40
41
 2013 04 20 12 07  6.139     2013 04 20 12 09 39.229     153.1
42
 2013 04 20 15 31 48.485     2013 04 20 15 34 49.396     180.9
 2013 04 20 20 27  5.282     2013 04 20 20 29 43.250     158.0
43
 2013 04 20 12 11 27.601     2013 04 20 12 15 11.677     224.1
 2013 04 20 22 10 42.136     2013 04 20 22 13 18.656     156.5
44
 2013 04 20 12 14 24.158     2013 04 20 12 18  8.443     224.3
 2013 04 20 20 33 29.959     2013 04 20 20 37  7.005     217.0
45
 2013 04 20 13 46   .224     2013 04 20 13 46  9.222       9.0
46
47
 2013 04 20 13 54 56.128     2013 04 20 13 57 45.731     169.6
 2013 04 20 20 28 23.416     2013 04 20 20 31 19.672     176.3
48
 2013 04 20 22 09 21.103     2013 04 20 22 12 22.465     181.4
49
 2013 04 20 20 30 29.853     2013 04 20 20 33 41.465     191.6
50
 2013 04 20 10 30 45.888     2013 04 20 10 33 18.716     152.8
 2013 04 20 22 18 25.317     2013 04 20 22 21 22.690     177.4
51
 2013 04 20 12 16 14.955     2013 04 20 12 19  9.738     174.8
 2013 04 20 20 31 54.203     2013 04 20 20 34 31.343     157.1
52
53
 2013 04 20 12 17 12.745     2013 04 20 12 20  9.409     176.7
 2013 04 20 20 32 30.883     2013 04 20 20 36  1.961     211.1
54
 2013 04 20 12 06 58.634     2013 04 20 12 09 47.496     168.9
55
 2013 04 20 12 10 13.970     2013 04 20 12 13 17.566     183.6
 2013 04 20 22 13 12.378     2013 04 20 22 15 55.693     163.3
56
 2013 04 20 13 55 55.121     2013 04 20 13 59 16.668     201.5
 2013 04 20 18 51 42.872     2013 04 20 18 55 24.560     221.7
57
 2013 04 20 10 44 25.195     2013 04 20 10 45 11.596      46.4
 2013 04 20 18 56 31.058     2013 04 20 18 59  9.835     158.8
58
 2013 04 20 10 36  6.809     2013 04 20 10 39 11.833     185.0
 2013 04 20 20 36 51.223     2013 04 20 20 39 47.124     175.9
59
 2013 04 20 12 15 48.124     2013 04 20 12 18 56.141     188.0
 2013 04 20 20 31 40.653     2013 04 20 20 34 28.285     167.6
60
 2013 04 20 10 32 18.686     2013 04 20 10 35 28.112     189.4
61
 2013 04 20 13 51  9.703     2013 04 20 13 53 49.508     159.8
 2013 04 20 22 07 16.768     2013 04 20 22 09 57.314     160.5
62
 2013 04 20 12 08 54.861     2013 04 20 12 08 54.232       -.6
63
64
 2013 04 20 13 53 37.661     2013 04 20 13 56 53.005     195.3
 2013 04 20 20 29 34.034     2013 04 20 20 32 34.082     180.0
65
66
 2013 04 20 12 18  8.033     2013 04 20 12 21 23.857     195.8
67
 2013 04 20 00 10  2.749     2013 04 20 00 13 11.041     188.3
 2013 04 20 13 43 27.519     2013 04 20 13 44 41.720      74.2
68
 2013 04 20 22 09 42.339     2013 04 20 22 12 23.674     161.3
69
 2013 04 20 10 31 38.994     2013 04 20 10 35 10.505     211.5
 2013 04 20 22 16 18.892     2013 04 20 22 20  2.189     223.3
70
 2013 04 20 22 08 38.677     2013 04 20 22 11 59.990     201.3
71
 2013 04 20 13 51  3.169     2013 04 20 13 52 29.936      86.8
 2013 04 20 22 07 54.408     2013 04 20 22 11 15.700     201.3
72
 2013 04 20 12 17 38.927     2013 04 20 12 19 31.520     112.6
73
 2013 04 20 13 47 42.860     2013 04 20 13 51 11.525     208.7
74
 2013 04 20 13 46 54.778     2013 04 20 13 50  2.627     187.8
75
76
 2013 04 20 13 51 43.390     2013 04 20 13 54 21.811     158.4
 2013 04 20 22 06 30.953     2013 04 20 22 09 33.992     183.0
77
 2013 04 20 20 35  4.153     2013 04 20 20 37 39.868     155.7
78
 2013 04 20 15 30  8.590     2013 04 20 15 33 18.290     189.7
 2013 04 20 20 29 56.095     2013 04 20 20 29 55.465       -.6
 2013 04 20 22 03 54.898     2013 04 20 22 07 42.084     227.2
79
 2013 04 20 12 18 33.966     2013 04 20 12 21 47.402     193.4
 2013 04 20 18 54 34.492     2013 04 20 18 58 15.318     220.8
80
 2013 04 20 00 12 25.654     2013 04 20 00 15  1.690     156.0
81
 2013 04 20 12 11 44.398     2013 04 20 12 14 44.672     180.3
 2013 04 20 22 11 12.887     2013 04 20 22 13 52.421     159.5
82
 2013 04 20 10 32  5.657     2013 04 20 10 34 39.669     154.0
83
 2013 04 20 20 35 38.143     2013 04 20 20 38 16.934     158.8
84
 2013 04 20 13 54 46.844     2013 04 20 13 57 51.081     184.2
 2013 04 20 20 29 39.850     2013 04 20 20 32 26.336     166.5
85
86
 2013 04 20 13 50  2.448     2013 04 20 13 53 32.398     209.9
 2013 04 20 22 05 55.019     2013 04 20 22 08 53.200     178.2
87
 2013 04 20 10 41  6.983     2013 04 20 10 44  1.719     174.7
 2013 04 20 18 58 34.583     2013 04 20 19 01 20.208     165.6
88
 2013 04 20 00 10 55.561     2013 04 20 00 13 48.501     172.9
89
 2013 04 20 00 09 46.921     2013 04 20 00 12 26.345     159.4
 2013 04 20 13 44 20.497     2013 04 20 13 47 53.181     212.7
90
 2013 04 20 08 56  8.733     2013 04 20 08 59 31.140     202.4
 2013 04 20 20 42 49.444     2013 04 20 20 45 35.043     165.6
91
 2013 04 20 13 50 38.049     2013 04 20 13 52  7.893      89.8
 2013 04 20 22 08 13.001     2013 04 20 22 11  5.350     172.3
92
 2013 04 20 13 54 23.500     2013 04 20 13 57  2.140     158.6
 2013 04 20 20 28 46.092     2013 04 20 20 31 23.966     157.9
93
 2013 04 20 12 21 45.081     2013 04 20 12 24 22.640     157.6
 2013 04 20 17 16 39.566     2013 04 20 17 19 43.735     184.2
94
 2013 04 20 10 38 46.191     2013 04 20 10 41 22.234     156.0
95
 2013 04 20 12 19 36.896     2013 04 20 12 23 11.676     214.8
 2013 04 20 18 55 29.927     2013 04 20 18 58  7.172     157.2
96
 2013 04 20 10 35 28.124     2013 04 20 10 38 54.077     206.0
 2013 04 20 20 38 56.391     2013 04 20 20 41 35.725     159.3
97
 2013 04 20 13 52 31.339     2013 04 20 13 53 51.494      80.2
 2013 04 20 20 33 16.390     2013 04 20 20 33 31.497      15.1
98
99
 2013 04 20 13 52 47.531     2013 04 20 13 55 24.677     157.1
100
 2013 04 20 12 09 53.832     2013 04 20 12 12 57.877     184.0
 2013 04 20 22 11 16.764     2013 04 20 22 11 28.044      11.3
101
 2013 04 20 00 11  4.699     2013 04 20 00 13 40.204     155.5
102
 2013 04 20 12 16 32.618     2013 04 20 12 20  3.574     211.0
 2013 04 20 20 31 15.058     2013 04 20 20 34   .495     165.4
103
104
 2013 04 20 10 39 54.517     2013 04 20 10 42 33.095     158.6
105
 2013 04 20 20 34 43.965     2013 04 20 20 38   .314     196.3
106
 2013 04 20 22 08 50.017     2013 04 20 22 11 53.392     183.4
107
 2013 04 20 15 31 17.688     2013 04 20 15 34  8.192     170.5
 2013 04 20 20 26 33.937     2013 04 20 20 29 23.409     169.5
108
 2013 04 20 13 51  4.726     2013 04 20 13 51 44.068      39.3
 2013 04 20 22 07 53.762     2013 04 20 22 11 24.712     211.0
109
 2013 04 20 12 18 37.415     2013 04 20 12 21 31.067     173.7
 2013 04 20 18 54 13.060     2013 04 20 18 58   .895     227.8
110
 2013 04 20 12 12  7.078     2013 04 20 12 12 38.108      31.0
111
112
113
 2013 04 20 13 48 52.670     2013 04 20 13 51 58.358     185.7
114
 2013 04 20 13 56  2.264     2013 04 20 13 56 19.786      17.5
 2013 04 20 15 30  7.175     2013 04 20 15 30 15.544       8.4
 2013 04 20 20 26 37.441     2013 04 20 20 27  7.927      30.5
115
 2013 04 20 22 13 54.915     2013 04 20 22 16 42.991     168.1
116
 2013 04 20 13 53 33.098     2013 04 20 13 56 11.095     158.0
 2013 04 20 20 28 36.988     2013 04 20 20 31 59.481     202.5
117
 2013 04 20 10 31 29.986     2013 04 20 10 34 50.554     200.6
118
 2013 04 20 20 35 42.959     2013 04 20 20 39 29.710     226.8
119
 2013 04 20 10 32 50.845     2013 04 20 10 35 32.746     161.9
120
 2013 04 20 13 50  9.252     2013 04 20 13 52 44.834     155.6
 2013 04 20 22 07  1.542     2013 04 20 22 10  8.276     186.7
121
 2013 04 20 12 08 45.038     2013 04 20 12 11 18.514     153.5
122
 2013 04 20 15 31  2.095     2013 04 20 15 33 42.354     160.3
 2013 04 20 20 26  5.014     2013 04 20 20 29  5.399     180.4
123
 2013 04 20 00 12 35.766     2013 04 20 00 15 53.833     198.1
 2013 04 20 12 08 34.308     2013 04 20 12 09 33.797      59.5
124
 2013 04 20 15 28 58.646     2013 04 20 15 32  8.072     189.4
 2013 04 20 22 04 20.205     2013 04 20 22 06 57.837     157.6
125
 2013 04 20 00 10  7.814     2013 04 20 00 13 12.566     184.8
 2013 04 20 13 43 25.456     2013 04 20 13 44  8.979      43.5
126
 2013 04 20 12 13 11.663     2013 04 20 12 16 52.469     220.8
127
 2013 04 20 10 40 22.424     2013 04 20 10 43 42.833     200.4
 2013 04 20 18 56 36.693     2013 04 20 19 00 20.953     224.3
128
 2013 04 20 12 16  7.687     2013 04 20 12 18 54.252     166.6
 2013 04 20 20 32  4.045     2013 04 20 20 34 44.014     160.0
129
 2013 04 20 00 10 18.278     2013 04 20 00 12 57.656     159.4
130
 2013 04 20 13 55 13.212     2013 04 20 13 57 53.476     160.3
 2013 04 20 20 28 34.078     2013 04 20 20 31 41.724     187.6
131
 2013 04 20 12 14 20.290     2013 04 20 12 17  5.811     165.5
132
 2013 04 20 20 40  9.669     2013 04 20 20 42 47.595     157.9
133
 2013 04 20 13 47 54.565     2013 04 20 13 51   .455     185.9
134
 2013 04 20 10 33 39.150     2013 04 20 10 36 40.429     181.3
135
 2013 04 20 20 39  9.722     2013 04 20 20 42 23.861     194.1
136
137
 2013 04 20 20 40 37.658     2013 04 20 20 43 22.920     165.3
138
 2013 04 20 00 11 14.981     2013 04 20 00 14  7.208     172.2
139
 2013 04 20 12 17 30.161     2013 04 20 12 21 11.348     221.2
 2013 04 20 20 30 19.347     2013 04 20 20 31 12.333      53.0
140
 2013 04 20 10 34 14.682     2013 04 20 10 36 50.082     155.4
141
 2013 04 20 12 09 22.026     2013 04 20 12 12  6.126     164.1
142
 2013 04 20 13 51 38.737     2013 04 20 13 52 35.956      57.2
143
144
 2013 04 20 13 50 49.679     2013 04 20 13 53 27.933     158.3
 2013 04 20 22 06 52.847     2013 04 20 22 09 30.592     157.7
145
 2013 04 20 00 12 26.722     2013 04 20 00 13 47.692      81.0
 2013 04 20 12 06  9.546     2013 04 20 12 09 36.455     206.9
146
 2013 04 20 12 14 58.904     2013 04 20 12 18 35.063     216.2
 2013 04 20 20 31  4.526     2013 04 20 20 34 36.352     211.8
147
148
 2013 04 20 13 52 21.852     2013 04 20 13 55 46.526     204.7
149
 2013 04 20 12 19  3.582     2013 04 20 12 21 43.678     160.1
 2013 04 20 18 53 45.571     2013 04 20 18 56 56.318     190.7
150
 2013 04 20 20 33 21.767     2013 04 20 20 34 26.823      65.1
151
152
 2013 04 20 12 06 57.677     2013 04 20 12 07 43.871      46.2
153
 2013 04 20 20 40 18.360     2013 04 20 20 43 59.331     221.0
154
 2013 04 20 00 10 13.257     2013 04 20 00 12 58.108     164.9
 2013 04 20 13 43 42.551     2013 04 20 13 44   .803      18.3
155
 2013 04 20 22 10  3.623     2013 04 20 22 12 58.537     174.9
156
157
 2013 04 20 13 56 18.231     2013 04 20 13 59  2.002     163.8
 2013 04 20 18 51 27.402     2013 04 20 18 54 39.955     192.6
158
 2013 04 20 12 14 19.176     2013 04 20 12 17 24.477     185.3
159
 2013 04 20 13 48  1.960     2013 04 20 13 50 51.150     169.2
160
 2013 04 20 15 29 20.253     2013 04 20 15 31 57.690     157.4
 2013 04 20 22 03 26.524     2013 04 20 22 06  8.314     161.8
161
 2013 04 20 13 49 39.697     2013 04 20 13 52 25.386     165.7
 2013 04 20 22 06 15.968     2013 04 20 22 10  4.504     228.5
162
 2013 04 20 10 41 43.365     2013 04 20 10 45  9.433     206.1
 2013 04 20 18 56 51.184     2013 04 20 18 59 28.883     157.7
163
 2013 04 20 12 19 15.830     2013 04 20 12 22  2.032     166.2
 2013 04 20 18 53 46.386     2013 04 20 18 56 39.124     172.7
164
 2013 04 20 12 16 34.407     2013 04 20 12 16 48.042      13.6
 2013 04 20 20 33 16.309     2013 04 20 20 36 59.890     223.6
165
 2013 04 20 13 52 28.880     2013 04 20 13 55 24.251     175.4
166
167
 2013 04 20 12 10 54.287     2013 04 20 12 13 47.031     172.7
 2013 04 20 22 11 38.135     2013 04 20 22 14 24.173     166.0
168
 2013 04 20 15 29  9.492     2013 04 20 15 29 50.138      40.6
 2013 04 20 22 04 50.522     2013 04 20 22 07 48.584     178.1
169
 2013 04 20 12 16 14.652     2013 04 20 12 18 52.399     157.7
 2013 04 20 20 32 43.697     2013 04 20 20 35 20.575     156.9
170
 2013 04 20 12 16  8.731     2013 04 20 12 19 52.125     223.4
 2013 04 20 20 31 14.143     2013 04 20 20 33 51.498     157.4
171
 2013 04 20 20 40 47.696     2013 04 20 20 44 18.719     211.0
172
173
 2013 04 20 13 53 17.581     2013 04 20 13 55 54.758     157.2
 2013 04 20 20 28 20.205     2013 04 20 20 32  6.246     226.0
174
 2013 04 20 13 48  9.893     2013 04 20 13 50 46.006     156.1
175
 2013 04 20 10 39 35.111     2013 04 20 10 42 12.490     157.4
176
 2013 04 20 20 40 35.714     2013 04 20 20 43 19.392     163.7
177
 2013 04 20 13 53 58.304     2013 04 20 13 56 44.312     166.0
 2013 04 20 20 29 11.616     2013 04 20 20 32  2.622     171.0
178
 2013 04 20 12 11 47.868     2013 04 20 12 14 29.935     162.1
 2013 04 20 22 11 33.471     2013 04 20 22 14 14.648     161.2
179
 2013 04 20 13 53 43.403     2013 04 20 13 56 20.143     156.7
 2013 04 20 20 28 35.804     2013 04 20 20 31 44.027     188.2
180
 2013 04 20 10 36 26.460     2013 04 20 10 39   .720     154.3
 2013 04 20 20 37 48.273     2013 04 20 20 40 25.842     157.6
181
182
 2013 04 20 00 09 56.303     2013 04 20 00 12 46.650     170.3
183
 2013 04 20 13 47 31.327     2013 04 20 13 50 16.177     164.8
184
185
 2013 04 20 10 32 24.580     2013 04 20 10 35 27.143     182.6
186
 2013 04 20 12 08 24.255     2013 04 20 12 11  5.785     161.5
187
 2013 04 20 12 11 27.335     2013 04 20 12 14  5.204     157.9
 2013 04 20 22 12 20.920     2013 04 20 22 14 59.752     158.8
188
 2013 04 20 22 17  2.706     2013 04 20 22 19 40.099     157.4
189
 2013 04 20 10 36 46.063     2013 04 20 10 39 44.724     178.7
 2013 04 20 20 38  5.693     2013 04 20 20 40 53.239     167.5
190
 2013 04 20 13 52  2.245     2013 04 20 13 54 43.236     161.0
 2013 04 20 22 06  9.946     2013 04 20 22 09 37.106     207.2
191
 2013 04 20 20 40 46.128     2013 04 20 20 43 47.192     181.1
192
 2013 04 20 20 42 15.421     2013 04 20 20 44 50.223     154.8
193
 2013 04 20 00 14 14.290     2013 04 20 00 17 31.353     197.1
 2013 04 20 12 05 30.249     2013 04 20 12 08  3.248     153.0
194
 2013 04 20 22 18 49.018     2013 04 20 22 19 29.974      41.0
195
 2013 04 20 13 55 48.022     2013 04 20 13 59  3.141     195.1
 2013 04 20 18 51 28.175     2013 04 20 18 55 21.788     233.6
 2013 04 20 20 29 13.990     2013 04 20 20 29 22.306       8.3
196
 2013 04 20 12 10 20.446     2013 04 20 12 12 56.474     156.0
 2013 04 20 22 12 33.338     2013 04 20 22 15 35.859     182.5
197
 2013 04 20 13 55 16.162     2013 04 20 13 58 20.457     184.3
 2013 04 20 15 32 51.167     2013 04 20 15 34 24.532      93.4
 2013 04 20 18 49 55.595     2013 04 20 18 53 33.406     217.8
 2013 04 20 20 27 54.117     2013 04 20 20 31 27.072     213.0
198
 2013 04 20 10 38  8.657     2013 04 20 10 41 21.813     193.2
199
 2013 04 20 10 31 56.683     2013 04 20 10 35  1.487     184.8
 2013 04 20 22 16 23.774     2013 04 20 22 16 53.683      29.9
200
 2013 04 20 00 11 10.864     2013 04 20 00 14  6.772     175.9
201
 2013 04 20 12 10 35.399     2013 04 20 12 13  9.397     154.0
 2013 04 20 22 12 16.034     2013 04 20 22 15 12.216     176.2
202
 2013 04 20 12 14 50.118     2013 04 20 12 17 42.034     171.9
 2013 04 20 20 35 17.411     2013 04 20 20 35 36.368      19.0
203
 2013 04 20 13 51  3.737     2013 04 20 13 53 41.383     157.6
 2013 04 20 22 06 52.691     2013 04 20 22 09 29.602     156.9
204
 2013 04 20 13 49 19.174     2013 04 20 13 52   .845     161.7
 2013 04 20 22 10 47.856     2013 04 20 22 11  7.132      19.3
205
 2013 04 20 10 32 28.104     2013 04 20 10 35 43.167     195.1
206
 2013 04 20 12 10 22.127     2013 04 20 12 13 45.616     203.5
 2013 04 20 22 13 23.558     2013 04 20 22 15 58.277     154.7
207
208
 2013 04 20 12 15 26.957     2013 04 20 12 18 28.396     181.4
 2013 04 20 20 33 13.123     2013 04 20 20 36  6.585     173.5
209
 2013 04 20 13 56 21.785     2013 04 20 13 59  9.994     168.2
 2013 04 20 18 51 37.092     2013 04 20 18 54 46.661     189.6
210
 2013 04 20 13 54 47.144     2013 04 20 13 57 31.926     164.8
 2013 04 20 20 28 33.397     2013 04 20 20 31 19.405     166.0
211
212
 2013 04 20 12 15  3.658     2013 04 20 12 18 51.941     228.3
 2013 04 20 20 31  1.506     2013 04 20 20 34 20.210     198.7
213
 2013 04 20 00 10 58.890     2013 04 20 00 11 20.988      22.1
214
 2013 04 20 00 12 55.740     2013 04 20 00 16   .455     184.7
 2013 04 20 12 05 26.761     2013 04 20 12 06  1.318      34.6
215
 2013 04 20 10 30 56.876     2013 04 20 10 33 40.027     163.2
 2013 04 20 22 18 24.617     2013 04 20 22 21 56.453     211.8
216
 2013 04 20 12 14 58.635     2013 04 20 12 17 36.163     157.5
 2013 04 20 20 32 19.633     2013 04 20 20 32 52.279      32.6
217
 2013 04 20 13 55 31.295     2013 04 20 13 58 31.764     180.5
 2013 04 20 20 29 17.072     2013 04 20 20 32 53.756     216.7
218
 2013 04 20 10 37 59.089     2013 04 20 10 41 42.996     223.9
219
 2013 04 20 12 06 31.548     2013 04 20 12 09 54.216     202.7
220
 2013 04 20 12 17 46.953     2013 04 20 12 20 26.188     159.2
 2013 04 20 20 31 22.402     2013 04 20 20 32 49.057      86.7
221
 2013 04 20 12 17 43.224     2013 04 20 12 20 22.869     159.6
 2013 04 20 20 31 50.579     2013 04 20 20 32 56.946      66.4
222
223
 2013 04 20 10 32 49.583     2013 04 20 10 35 53.500     183.9
224
 2013 04 20 12 16 39.804     2013 04 20 12 19 22.818     163.0
 2013 04 20 20 32 45.177     2013 04 20 20 35 29.651     164.5
225
 2013 04 20 20 41  5.512     2013 04 20 20 44 43.626     218.1
226
 2013 04 20 12 17 48.594     2013 04 20 12 20 25.043     156.4
 2013 04 20 20 31 31.318     2013 04 20 20 32 34.427      63.1
227
 2013 04 20 15 31 31.541     2013 04 20 15 34 59.373     207.8
 2013 04 20 20 27 20.898     2013 04 20 20 30  1.109     160.2
228
 2013 04 20 20 40  4.189     2013 04 20 20 42 52.880     168.7
229
 2013 04 20 12 13 14.867     2013 04 20 12 15 55.300     160.4
230
 2013 04 20 12 11 44.797     2013 04 20 12 15 27.106     222.3
 2013 04 20 22 10 33.109     2013 04 20 22 13 16.609     163.5
231
 2013 04 20 00 10 32.095     2013 04 20 00 13 53.234     201.1
232
 2013 04 20 13 53 22.722     2013 04 20 13 53 46.646      23.9
 2013 04 20 20 30 12.615     2013 04 20 20 33  5.073     172.5
233
234
 2013 04 20 15 30 22.897     2013 04 20 15 33 51.670     208.8
 2013 04 20 20 26 16.240     2013 04 20 20 30  5.749     229.5
235
 2013 04 20 13 51 45.912     2013 04 20 13 54 55.852     189.9
 2013 04 20 22 05 43.787     2013 04 20 22 09   .709     196.9
236
 2013 04 20 12 17  9.032     2013 04 20 12 19 50.935     161.9
 2013 04 20 20 32 24.376     2013 04 20 20 35 36.154     191.8
237
 2013 04 20 00 07 45.913     2013 04 20 00 08 28.370      42.5
 2013 04 20 13 46 49.691     2013 04 20 13 49 47.461     177.8
238
 2013 04 20 12 21 12.258     2013 04 20 12 23 52.579     160.3
 2013 04 20 17 16 12.048     2013 04 20 17 20  5.656     233.6
 2013 04 20 18 54 11.052     2013 04 20 18 58  1.030     230.0
239
 2013 04 20 13 53 12.198     2013 04 20 13 56 31.156     199.0
 2013 04 20 20 29 18.299     2013 04 20 20 32 49.519     211.2
240
 2013 04 20 10 31 59.839     2013 04 20 10 35 34.133     214.3
 2013 04 20 22 15 51.722     2013 04 20 22 16  2.875      11.2
241
 2013 04 20 12 11 58.284     2013 04 20 12 12 49.867      51.6
242
 2013 04 20 13 56  6.192     2013 04 20 13 58 43.674     157.5
 2013 04 20 18 51   .109     2013 04 20 18 54 19.133     199.0
243
 2013 04 20 12 07 51.205     2013 04 20 12 10 37.964     166.8
244
 2013 04 20 13 50  7.655     2013 04 20 13 52 44.301     156.6
 2013 04 20 22 07  7.942     2013 04 20 22 10 14.541     186.6
245
 2013 04 20 20 41 58.746     2013 04 20 20 45 35.506     216.8
246
 2013 04 20 12 10 52.085     2013 04 20 12 14 11.589     199.5
 2013 04 20 22 11 12.578     2013 04 20 22 13 58.117     165.5
247
 2013 04 20 00 11 39.925     2013 04 20 00 14 30.707     170.8
248
 2013 04 20 22 15 44.547     2013 04 20 22 18 25.684     161.1
249
 2013 04 20 10 37 51.667     2013 04 20 10 41 33.527     221.9
250
 2013 04 20 10 38 34.337     2013 04 20 10 38 38.367       4.0
251
 2013 04 20 10 32  9.009     2013 04 20 10 33 10.189      61.2
 2013 04 20 22 17 34.140     2013 04 20 22 20 30.742     176.6
252
 2013 04 20 12 14 10.414     2013 04 20 12 14 43.692      33.3
 2013 04 20 22 10 40.635     2013 04 20 22 13 28.195     167.6
253
 2013 04 20 20 33 55.410     2013 04 20 20 33 59.189       3.8
254
 2013 04 20 20 41  2.656     2013 04 20 20 44 34.872     212.2
255
 2013 04 20 22 16 13.025     2013 04 20 22 18 47.318     154.3
256
 2013 04 20 00 12  6.648     2013 04 20 00 14 52.559     165.9
257
 2013 04 20 00 07 23.224     2013 04 20 00 10 53.954     210.7
 2013 04 20 13 46 58.291     2013 04 20 13 49 32.668     154.4
258
 2013 04 20 13 49 50.103     2013 04 20 13 50 59.458      69.4
 2013 04 20 22 08 30.301     2013 04 20 22 11  8.252     158.0
259
 2013 04 20 13 54 22.686     2013 04 20 13 57 54.831     212.1
 2013 04 20 20 30  2.554     2013 04 20 20 32 42.005     159.5
260
 2013 04 20 12 15 12.944     2013 04 20 12 18  1.495     168.6
 2013 04 20 20 31 43.033     2013 04 20 20 35 18.884     215.9
261
 2013 04 20 12 15 25.941     2013 04 20 12 18  8.255     162.3
 2013 04 20 20 32 45.892     2013 04 20 20 35 55.119     189.2
262
 2013 04 20 13 47 40.762     2013 04 20 13 51 15.052     214.3
263
264
 2013 04 20 10 40  3.664     2013 04 20 10 42 41.830     158.2
265
 2013 04 20 12 17 12.527     2013 04 20 12 20 54.076     221.5
 2013 04 20 20 30 35.739     2013 04 20 20 34 10.017     214.3
266
 2013 04 20 12 14 25.469     2013 04 20 12 17 48.980     203.5
267
 2013 04 20 22 08 52.420     2013 04 20 22 11 28.438     156.0
268
 2013 04 20 13 55 25.927     2013 04 20 13 55 48.407      22.5
 2013 04 20 18 55 51.251     2013 04 20 18 56  3.434      12.2
 2013 04 20 20 29 48.449     2013 04 20 20 29 55.647       7.2
269
270
 2013 04 20 22 15 21.626     2013 04 20 22 18 30.327     188.7
271
 2013 04 20 12 16 19.351     2013 04 20 12 19 35.513     196.2
 2013 04 20 20 31 33.235     2013 04 20 20 34 10.550     157.3
272
 2013 04 20 00 13 25.362     2013 04 20 00 15 59.179     153.8
 2013 04 20 12 08 13.760     2013 04 20 12 08 31.512      17.8
273
274
 2013 04 20 22 16 37.691     2013 04 20 22 19 22.676     165.0
275
 2013 04 20 00 13 42.818     2013 04 20 00 16 17.510     154.7
 2013 04 20 12 04 18.615     2013 04 20 12 04 28.090       9.5
276
 2013 04 20 12 14 38.341     2013 04 20 12 17 26.449     168.1
277
 2013 04 20 22 16 25.047     2013 04 20 22 18 59.847     154.8
278
 2013 04 20 08 58 26.143     2013 04 20 08 59 20.578      54.4
 2013 04 20 20 42 48.632     2013 04 20 20 45 22.911     154.3
279
 2013 04 20 12 17 57.097     2013 04 20 12 18 14.607      17.5
 2013 04 20 18 54 58.989     2013 04 20 18 55   .913       1.9
280
 2013 04 20 12 16 13.230     2013 04 20 12 19 16.818     183.6
 2013 04 20 20 33 13.684     2013 04 20 20 35 52.001     158.3
281
 2013 04 20 12 16 55.849     2013 04 20 12 17 43.301      47.5
282
 2013 04 20 13 51 26.301     2013 04 20 13 51 56.902      30.6
283
 2013 04 20 20 35  8.637     2013 04 20 20 37 50.892     162.3
284
 2013 04 20 12 11 54.607     2013 04 20 12 15 15.447     200.8
 2013 04 20 22 10 45.375     2013 04 20 22 13 32.483     167.1
285
 2013 04 20 20 40 56.002     2013 04 20 20 43 30.254     154.3
286
 2013 04 20 10 36 38.997     2013 04 20 10 36 41.872       2.9
287
 2013 04 20 15 31 33.877     2013 04 20 15 34 18.368     164.5
 2013 04 20 20 26 37.291     2013 04 20 20 29 17.549     160.3
288
 2013 04 20 10 39 59.648     2013 04 20 10 40 28.625      29.0
 2013 04 20 18 59 11.740     2013 04 20 19 00  9.423      57.7
289
 2013 04 20 00 12 39.834     2013 04 20 00 15 53.069     193.2
290
291
 2013 04 20 10 35 35.627     2013 04 20 10 38 21.916     166.3
 2013 04 20 20 38 18.977     2013 04 20 20 41 18.970     180.0
292
 2013 04 20 12 17 38.371     2013 04 20 12 20 22.689     164.3
 2013 04 20 20 32   .150     2013 04 20 20 33 15.847      75.7
293
 2013 04 20 10 29 43.449     2013 04 20 10 29 51.990       8.5
 2013 04 20 22 17 34.440     2013 04 20 22 20 13.080     158.6
294
295
 2013 04 20 12 15 22.884     2013 04 20 12 18   .016     157.1
 2013 04 20 20 32 31.242     2013 04 20 20 35 50.277     199.0
296
 2013 04 20 00 11 36.667     2013 04 20 00 15  4.086     207.4
297
298
 2013 04 20 00 11  9.540     2013 04 20 00 14 46.441     216.9
299
 2013 04 20 10 31 17.845     2013 04 20 10 34 26.655     188.8
300
 2013 04 20 20 35 22.898     2013 04 20 20 38  9.999     167.1
301
 2013 04 20 08 58 38.225     2013 04 20 08 59 11.180      33.0
 2013 04 20 20 42 49.639     2013 04 20 20 45 27.692     158.1
302
 2013 04 20 10 41 51.315     2013 04 20 10 44 45.795     174.5
 2013 04 20 18 57 18.580     2013 04 20 18 59 55.567     157.0
303
 2013 04 20 12 15 14.665     2013 04 20 12 18 46.868     212.2
 2013 04 20 20 31 14.342     2013 04 20 20 34 26.907     192.6
304
 2013 04 20 10 37 10.629     2013 04 20 10 37 28.237      17.6
305
 2013 04 20 10 33 29.701     2013 04 20 10 36 16.805     167.1
306
 2013 04 20 12 20 52.893     2013 04 20 12 23 31.827     158.9
 2013 04 20 17 15 35.731     2013 04 20 17 15 43.357       7.6
 2013 04 20 18 53 57.169     2013 04 20 18 57 21.414     204.2
307
 2013 04 20 00 08 13.276     2013 04 20 00 11 47.132     213.9
 2013 04 20 13 46 25.125     2013 04 20 13 49 27.773     182.6
308
 2013 04 20 13 47 39.207     2013 04 20 13 47 40.732       1.5
309
 2013 04 20 12 09 22.312     2013 04 20 12 12  9.904     167.6
 2013 04 20 22 15 39.332     2013 04 20 22 16 42.791      63.5
310
 2013 04 20 10 37 21.672     2013 04 20 10 41  7.345     225.7
 2013 04 20 20 35 47.626     2013 04 20 20 38 39.375     171.7
311
 2013 04 20 22 09   .194     2013 04 20 22 11 36.481     156.3
312
313
 2013 04 20 12 19 12.364     2013 04 20 12 22  3.417     171.1
 2013 04 20 18 53 40.169     2013 04 20 18 56 33.149     173.0
314
 2013 04 20 13 48 53.201     2013 04 20 13 52 25.170     212.0
315
316
 2013 04 20 13 54 19.962     2013 04 20 13 56 23.260     123.3
 2013 04 20 20 30 15.597     2013 04 20 20 32 57.927     162.3
317
 2013 04 20 10 34   .893     2013 04 20 10 37 29.972     209.1
 2013 04 20 20 42 47.771     2013 04 20 20 42 59.922      12.2
318
 2013 04 20 12 07 23.940     2013 04 20 12 09 59.458     155.5
319
 2013 04 20 10 46 52.911     2013 04 20 10 46 53.982       1.1
 2013 04 20 18 55 27.981     2013 04 20 18 57  4.755      96.8
320
 2013 04 20 10 39 14.272     2013 04 20 10 42  7.752     173.5
321
 2013 04 20 22 09 19.230     2013 04 20 22 09 23.077       3.8
322
 2013 04 20 12 22 21.690     2013 04 20 12 25  6.342     164.7
 2013 04 20 17 17 26.856     2013 04 20 17 20  8.526     161.7
323
 2013 04 20 13 54 17.363     2013 04 20 13 56 58.521     161.2
 2013 04 20 20 29 11.279     2013 04 20 20 31 51.204     159.9
324
 2013 04 20 00 13 44.039     2013 04 20 00 14 40.938      56.9
325
 2013 04 20 10 36 23.469     2013 04 20 10 38 59.528     156.1
 2013 04 20 20 37 31.159     2013 04 20 20 40 13.225     162.1
326
 2013 04 20 00 10 32.616     2013 04 20 00 13 42.662     190.0
327
 2013 04 20 12 19 36.245     2013 04 20 12 22 34.437     178.2
 2013 04 20 18 53 43.930     2013 04 20 18 56 21.845     157.9
328
 2013 04 20 12 21 17.870     2013 04 20 12 23 57.704     159.8
 2013 04 20 17 16 17.822     2013 04 20 17 20  2.445     224.6
 2013 04 20 18 54  5.977     2013 04 20 18 55 12.870      66.9
329
 2013 04 20 20 40 11.815     2013 04 20 20 40 39.516      27.7
330
 2013 04 20 12 13  5.922     2013 04 20 12 16 25.932     200.0
331
 2013 04 20 22 09 55.988     2013 04 20 22 12 34.303     158.3
332
 2013 04 20 12 14 37.742     2013 04 20 12 15 40.462      62.7
 2013 04 20 20 30 46.051     2013 04 20 20 31 15.212      29.2
333
 2013 04 20 12 20 39.569     2013 04 20 12 21 59.987      80.4
 2013 04 20 18 55 19.421     2013 04 20 18 59  5.244     225.8
334
 2013 04 20 12 07 25.569     2013 04 20 12 09 58.709     153.1
335
 2013 04 20 12 08 20.296     2013 04 20 12 11  4.960     164.7
336
 2013 04 20 22 09 31.263     2013 04 20 22 12  7.332     156.1
337
 2013 04 20 20 30 24.308     2013 04 20 20 34  2.049     217.7
338
 2013 04 20 22 08 33.912     2013 04 20 22 11 15.589     161.7
339
 2013 04 20 13 47 48.958     2013 04 20 13 48  6.664      17.7
340
 2013 04 20 10 33 16.765     2013 04 20 10 35 50.383     153.6
341
 2013 04 20 20 40 38.380     2013 04 20 20 43 31.499     173.1
342
 2013 04 20 12 10 46.376     2013 04 20 12 11 27.018      40.6
343
344
 2013 04 20 12 12 23.419     2013 04 20 12 15 24.476     181.1
 2013 04 20 22 11 37.230     2013 04 20 22 12 11.905      34.7
345
 2013 04 20 13 53 42.871     2013 04 20 13 56 19.701     156.8
 2013 04 20 20 28 38.044     2013 04 20 20 31 47.299     189.3
346
 2013 04 20 20 41 19.394     2013 04 20 20 41 34.179      14.8
347
 2013 04 20 12 19 50.275     2013 04 20 12 22 37.651     167.4
 2013 04 20 18 54 49.169     2013 04 20 18 57 26.766     157.6
348
 2013 04 20 22 05 16.848     2013 04 20 22 07 56.001     159.2
349
350
 2013 04 20 13 54 12.203     2013 04 20 13 56 56.111     163.9
 2013 04 20 20 29 14.635     2013 04 20 20 31 56.507     161.9
351
 2013 04 20 10 41 40.648     2013 04 20 10 44 16.668     156.0
 2013 04 20 18 58  2.561     2013 04 20 19 00 39.833     157.3
352
 2013 04 20 12 18 37.544     2013 04 20 12 21 28.313     170.8
 2013 04 20 18 53 14.006     2013 04 20 18 56 50.865     216.9
353
354
 2013 04 20 10 39 19.880     2013 04 20 10 42 13.988     174.1
355
 2013 04 20 10 36  4.369     2013 04 20 10 39  5.703     181.3
 2013 04 20 20 38 30.808     2013 04 20 20 41  5.851     155.0
356
 2013 04 20 12 20 12.057     2013 04 20 12 22 57.318     165.3
 2013 04 20 18 54 46.635     2013 04 20 18 57 28.566     161.9
357
 2013 04 20 12 15 35.208     2013 04 20 12 18 10.702     155.5
 2013 04 20 20 32 24.787     2013 04 20 20 35 31.896     187.1
358
 2013 04 20 15 29 22.758     2013 04 20 15 32 20.298     177.5
 2013 04 20 22 04  8.066     2013 04 20 22 06 53.982     165.9
359
 2013 04 20 12 07 34.426     2013 04 20 12 10 15.904     161.5
360
 2013 04 20 12 16 16.539     2013 04 20 12 19 23.404     186.9
 2013 04 20 20 31 42.130     2013 04 20 20 34 18.872     156.7
361
 2013 04 20 10 29 46.715     2013 04 20 10 33 21.328     214.6
 2013 04 20 22 17 44.649     2013 04 20 22 20 22.621     158.0
362
 2013 04 20 15 29 27.574     2013 04 20 15 32 56.036     208.5
 2013 04 20 22 04 27.094     2013 04 20 22 07 28.448     181.4
363
 2013 04 20 20 42  4.982     2013 04 20 20 45 26.764     201.8
364
 2013 04 20 13 53 20.750     2013 04 20 13 55 57.887     157.1
 2013 04 20 20 28 22.828     2013 04 20 20 32  3.774     220.9
365
 2013 04 20 10 39 17.050     2013 04 20 10 42 11.054     174.0
366
367
368
369
 2013 04 20 10 42 26.432     2013 04 20 10 45 23.333     176.9
 2013 04 20 18 56 58.951     2013 04 20 18 59 57.752     178.8
370
 2013 04 20 10 36 52.174     2013 04 20 10 36 59.580       7.4
371
372
 2013 04 20 22 18 27.036     2013 04 20 22 19  8.269      41.2
373
 2013 04 20 22 15 12.164     2013 04 20 22 18 29.775     197.6
374
 2013 04 20 13 54 39.316     2013 04 20 13 57 51.675     192.4
 2013 04 20 20 29 47.392     2013 04 20 20 32 31.018     163.6
375
 2013 04 20 10 36 43.183     2013 04 20 10 39 40.655     177.5
 2013 04 20 20 36 54.402     2013 04 20 20 39 30.277     155.9
376
 2013 04 20 10 39 31.017     2013 04 20 10 40   .992      30.0
 2013 04 20 18 59  5.901     2013 04 20 19 02 51.542     225.6
377
 2013 04 20 10 37 25.864     2013 04 20 10 37 55.668      29.8
378
379
 2013 04 20 13 51 10.222     2013 04 20 13 52 35.672      85.5
 2013 04 20 22 07 48.300     2013 04 20 22 11 19.607     211.3
380
381
 2013 04 20 13 52 18.349     2013 04 20 13 54 54.652     156.3
 2013 04 20 22 06 14.350     2013 04 20 22 08  1.085     106.7
382
 2013 04 20 12 15 42.440     2013 04 20 12 18 18.382     155.9
 2013 04 20 20 32 21.545     2013 04 20 20 35 21.509     180.0
383
384
 2013 04 20 00 11  5.013     2013 04 20 00 13 45.438     160.4
385
 2013 04 20 22 09 58.133     2013 04 20 22 13 20.654     202.5
386
 2013 04 20 10 32 21.454     2013 04 20 10 35  2.415     161.0
387
 2013 04 20 13 47 51.636     2013 04 20 13 51  1.964     190.3
388
 2013 04 20 09 00 38.654     2013 04 20 09 00 59.265      20.6
 2013 04 20 20 41 27.028     2013 04 20 20 45   .325     213.3
389
 2013 04 20 12 14 16.227     2013 04 20 12 18   .800     224.6
 2013 04 20 20 33 25.698     2013 04 20 20 37 14.644     228.9
390
 2013 04 20 15 30 18.291     2013 04 20 15 32 11.381     113.1
 2013 04 20 20 26 34.802     2013 04 20 20 30 23.676     228.9
391
392
 2013 04 20 10 38 56.079     2013 04 20 10 39 15.052      19.0
393
 2013 04 20 00 12 29.962     2013 04 20 00 16  4.747     214.8
394
 2013 04 20 10 31 59.313     2013 04 20 10 34 35.720     156.4
395
 2013 04 20 12 07 36.525     2013 04 20 12 11 18.734     222.2
396
 2013 04 20 12 20 19.074     2013 04 20 12 24 12.639     233.6
 2013 04 20 18 55 29.996     2013 04 20 18 58 43.747     193.8
397
 2013 04 20 12 20 56.308     2013 04 20 12 23 45.235     168.9
 2013 04 20 18 54 33.712     2013 04 20 18 58  2.983     209.3
398
 2013 04 20 12 10 56.073     2013 04 20 12 13 33.410     157.3
 2013 04 20 22 12  2.035     2013 04 20 22 14 45.472     163.4
399
 2013 04 20 10 33 28.268     2013 04 20 10 36  1.531     153.3
400
 2013 04 20 10 37 51.246     2013 04 20 10 40 36.333     165.1
 2013 04 20 20 36 23.764     2013 04 20 20 39 36.708     192.9
401
 2013 04 20 20 40  1.368     2013 04 20 20 42 43.295     161.9
402
 2013 04 20 12 05 52.770     2013 04 20 12 09 26.838     214.1
403
 2013 04 20 13 48 16.861     2013 04 20 13 51  8.338     171.5
404
 2013 04 20 10 33  3.196     2013 04 20 10 35 20.065     136.9
405
 2013 04 20 13 51 19.545     2013 04 20 13 54 19.278     179.7
 2013 04 20 22 07 28.468     2013 04 20 22 10 27.775     179.3
406
 2013 04 20 10 41  8.469     2013 04 20 10 41 33.890      25.4
 2013 04 20 20 35 24.501     2013 04 20 20 38 25.793     181.3
407
408
 2013 04 20 00 13 42.126     2013 04 20 00 14 14.295      32.2
 2013 04 20 12 06  2.327     2013 04 20 12 08 35.587     153.3
409
 2013 04 20 00 12 10.031     2013 04 20 00 15 19.931     189.9
410
 2013 04 20 20 41 33.597     2013 04 20 20 44  8.829     155.2
411
412
 2013 04 20 13 57 15.060     2013 04 20 14 00 15.828     180.8
 2013 04 20 18 52 31.366     2013 04 20 18 55  9.322     158.0
413
 2013 04 20 00 10 17.256     2013 04 20 00 12 52.115     154.9
414
 2013 04 20 12 08  9.029     2013 04 20 12 11 16.738     187.7
415
 2013 04 20 12 19 48.542     2013 04 20 12 22 25.623     157.1
 2013 04 20 18 54 19.227     2013 04 20 18 56 57.473     158.2
416
 2013 04 20 22 08 33.536     2013 04 20 22 11 35.332     181.8
417
 2013 04 20 12 14 33.054     2013 04 20 12 17 39.249     186.2
418
 2013 04 20 10 40 49.988     2013 04 20 10 43 27.192     157.2
 2013 04 20 18 57 33.454     2013 04 20 19 00 56.260     202.8
419
 2013 04 20 10 36 58.268     2013 04 20 10 37 39.060      40.8
 2013 04 20 20 37 52.446     2013 04 20 20 38 34.937      42.5
420
 2013 04 20 00 14   .427     2013 04 20 00 17  4.651     184.2
 2013 04 20 12 05 26.665     2013 04 20 12 08  8.432     161.8
421
 2013 04 20 12 16 23.311     2013 04 20 12 19 51.649     208.3
 2013 04 20 20 31 21.508     2013 04 20 20 34  1.347     159.8
422
 2013 04 20 12 21 41.480     2013 04 20 12 24 47.319     185.8
 2013 04 20 17 17 16.267     2013 04 20 17 20 32.889     196.6
423
 2013 04 20 12 16 27.184     2013 04 20 12 19 38.903     191.7
 2013 04 20 20 33 11.340     2013 04 20 20 36   .993     169.7
424
 2013 04 20 13 50 47.039     2013 04 20 13 54 27.524     220.5
 2013 04 20 22 05 49.388     2013 04 20 22 08 27.349     158.0
425
 2013 04 20 00 10 53.060     2013 04 20 00 13 51.090     178.0
426
427
 2013 04 20 00 07 42.828     2013 04 20 00 11 13.906     211.1
 2013 04 20 13 46 48.433     2013 04 20 13 49 26.842     158.4
428
 2013 04 20 22 18 21.574     2013 04 20 22 19  2.694      41.1
429
430
 2013 04 20 12 17 15.206     2013 04 20 12 20 14.602     179.4
 2013 04 20 20 32 29.653     2013 04 20 20 36  7.028     217.4
431
 2013 04 20 12 20 48.022     2013 04 20 12 21 22.690      34.7
 2013 04 20 18 55 16.094     2013 04 20 18 55 51.528      35.4
432
 2013 04 20 13 50 57.652     2013 04 20 13 54 18.592     200.9
 2013 04 20 22 07 51.337     2013 04 20 22 10 42.776     171.4
433
 2013 04 20 20 34 46.644     2013 04 20 20 38 12.669     206.0
434
 2013 04 20 13 49 38.222     2013 04 20 13 52 19.152     160.9
 2013 04 20 22 06 21.771     2013 04 20 22 07 22.874      61.1
435
 2013 04 20 12 09 40.882     2013 04 20 12 13  7.975     207.1
 2013 04 20 22 14 32.287     2013 04 20 22 15   .828      28.5
436
 2013 04 20 20 35  4.366     2013 04 20 20 38 31.345     207.0
437
438
 2013 04 20 12 12 18.042     2013 04 20 12 14 53.465     155.4
 2013 04 20 22 11 22.668     2013 04 20 22 14 31.593     188.9
439
 2013 04 20 12 18  9.066     2013 04 20 12 20 57.011     167.9
440
441
 2013 04 20 12 15 11.857     2013 04 20 12 18   .694     168.8
 2013 04 20 20 32 50.924     2013 04 20 20 36 11.776     200.9
442
 2013 04 20 12 14 38.873     2013 04 20 12 17 15.782     156.9
443
 2013 04 20 12 05 47.963     2013 04 20 12 05 59.613      11.7
444
445
 2013 04 20 20 40 22.870     2013 04 20 20 43 22.989     180.1
446
 2013 04 20 12 16 42.667     2013 04 20 12 19 47.005     184.3
 2013 04 20 20 32 58.199     2013 04 20 20 35 57.901     179.7
447
448
 2013 04 20 13 52 22.352     2013 04 20 13 53  1.800      39.4
449
 2013 04 20 13 54 21.849     2013 04 20 13 57 17.985     176.1
 2013 04 20 20 28 21.240     2013 04 20 20 30 59.465     158.2
450
 2013 04 20 10 38 54.638     2013 04 20 10 41 45.655     171.0
451
 2013 04 20 22 05 19.951     2013 04 20 22 08  3.865     163.9
452
453
 2013 04 20 12 21 22.006     2013 04 20 12 24 29.643     187.6
 2013 04 20 17 16 56.344     2013 04 20 17 20 38.897     222.6
454
 2013 04 20 12 14 18.052     2013 04 20 12 17 42.292     204.2
455
 2013 04 20 13 55  2.017     2013 04 20 13 55 56.566      54.5
 2013 04 20 20 30  2.148     2013 04 20 20 33 32.458     210.3
456
 2013 04 20 12 17 58.758     2013 04 20 12 21 23.407     204.6
 2013 04 20 18 55 58.693     2013 04 20 18 56 34.210      35.5
457
 2013 04 20 22 05 18.740     2013 04 20 22 07 57.137     158.4
458
 2013 04 20 13 55 46.483     2013 04 20 13 58 23.930     157.4
 2013 04 20 18 50 36.489     2013 04 20 18 54 20.401     223.9
 2013 04 20 20 28 28.720     2013 04 20 20 32 19.642     230.9
459
 2013 04 20 12 20 33.686     2013 04 20 12 23 26.705     173.0
 2013 04 20 17 15 10.060     2013 04 20 17 15 14.945       4.9
 2013 04 20 18 53 39.393     2013 04 20 18 56 51.345     192.0
460
 2013 04 20 15 31 47.695     2013 04 20 15 34 59.304     191.6
 2013 04 20 20 27 15.307     2013 04 20 20 29 53.240     157.9
461
 2013 04 20 10 33 33.986     2013 04 20 10 34  1.025      27.0
 2013 04 20 22 17 17.402     2013 04 20 22 19 51.734     154.3
462
 2013 04 20 10 33 28.848     2013 04 20 10 34  7.012      38.2
463
464
 2013 04 20 12 18 45.910     2013 04 20 12 21 22.588     156.7
 2013 04 20 18 53 41.013     2013 04 20 18 57 21.690     220.7
465
 2013 04 20 20 40 22.249     2013 04 20 20 43 19.416     177.2
466
467
 2013 04 20 10 39 29.495     2013 04 20 10 42 25.392     175.9
468
 2013 04 20 00 10 26.494     2013 04 20 00 13 13.361     166.9
469
 2013 04 20 10 35 58.844     2013 04 20 10 39 40.813     222.0
 2013 04 20 20 38 49.757     2013 04 20 20 41 30.410     160.7
470
 2013 04 20 13 55 44.451     2013 04 20 13 58 21.910     157.5
 2013 04 20 18 50 33.935     2013 04 20 18 54 20.586     226.7
 2013 04 20 20 28 29.727     2013 04 20 20 32 17.445     227.7
471
 2013 04 20 10 35  5.038     2013 04 20 10 36 17.931      72.9
 2013 04 20 20 39 17.000     2013 04 20 20 41 56.581     159.6
472
473
 2013 04 20 13 53 22.627     2013 04 20 13 56  7.892     165.3
 2013 04 20 20 28  1.408     2013 04 20 20 31 27.607     206.2
474
 2013 04 20 00 10 47.599     2013 04 20 00 13 27.499     159.9
475
 2013 04 20 15 27 12.960     2013 04 20 15 27 33.926      21.0
 2013 04 20 22 04 13.290     2013 04 20 22 08  3.384     230.1
476
477
 2013 04 20 13 47 46.478     2013 04 20 13 51 16.853     210.4
478
 2013 04 20 22 04 37.057     2013 04 20 22 07 54.328     197.3
479
480
 2013 04 20 12 05 55.544     2013 04 20 12 08 39.710     164.2
481
 2013 04 20 12 21 18.055     2013 04 20 12 24 57.175     219.1
 2013 04 20 17 17 21.856     2013 04 20 17 21  3.258     221.4
482
483
 2013 04 20 22 09 14.725     2013 04 20 22 11 57.476     162.8
484
 2013 04 20 13 52 59.023     2013 04 20 13 55 49.191     170.2
 2013 04 20 20 27 36.439     2013 04 20 20 28 12.508      36.1
485
 2013 04 20 10 33  3.358     2013 04 20 10 35 49.712     166.4
486
 2013 04 20 12 21 50.052     2013 04 20 12 24 57.538     187.5
 2013 04 20 17 17 26.692     2013 04 20 17 20 33.272     186.6
487
 2013 04 20 20 41 53.305     2013 04 20 20 44 53.678     180.4
488
 2013 04 20 20 34 24.699     2013 04 20 20 37  3.175     158.5
489
 2013 04 20 20 40 12.393     2013 04 20 20 43  8.442     176.0
490
 2013 04 20 12 16 18.330     2013 04 20 12 19 44.510     206.2
 2013 04 20 20 31 25.024     2013 04 20 20 34  2.946     157.9
491
 2013 04 20 13 52 18.315     2013 04 20 13 55 45.854     207.5
492
 2013 04 20 00 10 24.286     2013 04 20 00 14   .604     216.3
493
494
495
 2013 04 20 08 59 48.201     2013 04 20 09 01  8.775      80.6
 2013 04 20 20 41 11.934     2013 04 20 20 41 49.666      37.7
496
 2013 04 20 20 38 39.199     2013 04 20 20 39  3.010      23.8
497
 2013 04 20 10 37 10.806     2013 04 20 10 39 49.234     158.4
 2013 04 20 20 37 34.840     2013 04 20 20 40 24.837     170.0
498
 2013 04 20 22 04 52.592     2013 04 20 22 08 43.801     231.2
499
 2013 04 20 10 38 25.125     2013 04 20 10 42  9.253     224.1
500
 2013 04 20 12 21 18.773     2013 04 20 12 24  3.107     164.3
 2013 04 20 17 16  3.100     2013 04 20 17 19 20.485     197.4
 2013 04 20 18 53 26.236     2013 04 20 18 53 39.272      13.0
501
 2013 04 20 12 17 47.555     2013 04 20 12 21 24.027     216.5
502
 2013 04 20 12 15 30.780     2013 04 20 12 15 42.142      11.4
 2013 04 20 20 31  7.137     2013 04 20 20 33 54.278     167.1
503
504
 2013 04 20 10 37 51.038     2013 04 20 10 40 28.398     157.4
 2013 04 20 20 36 55.562     2013 04 20 20 40 26.751     211.2
505
 2013 04 20 13 50 31.140     2013 04 20 13 53 19.264     168.1
 2013 04 20 22 07 36.424     2013 04 20 22 10 15.883     159.5
506
507
508
 2013 04 20 12 15 34.768     2013 04 20 12 18 10.298     155.5
 2013 04 20 20 32 26.090     2013 04 20 20 35 33.395     187.3
509
 2013 04 20 10 34 21.609     2013 04 20 10 36 57.028     155.4
510
 2013 04 20 10 38 19.791     2013 04 20 10 41  4.337     164.5
511
 2013 04 20 22 16  7.196     2013 04 20 22 19 12.146     185.0
512
 2013 04 20 13 48 25.103     2013 04 20 13 50 59.983     154.9
513
 2013 04 20 22 05 28.812     2013 04 20 22 08 12.844     164.0
514
 2013 04 20 10 36 29.481     2013 04 20 10 39  4.981     155.5
 2013 04 20 20 37 52.905     2013 04 20 20 40 28.729     155.8
515
 2013 04 20 13 54 16.411     2013 04 20 13 56 54.362     158.0
 2013 04 20 20 28 46.445     2013 04 20 20 31 26.252     159.8
516
 2013 04 20 12 21  8.580     2013 04 20 12 23 58.087     169.5
 2013 04 20 17 16 20.355     2013 04 20 17 16 35.626      15.3
 2013 04 20 18 54 26.531     2013 04 20 18 58 14.965     228.4
517
518
 2013 04 20 12 18 32.880     2013 04 20 12 21 58.978     206.1
 2013 04 20 18 52 58.181     2013 04 20 18 56 10.945     192.8
519
 2013 04 20 12 14 23.166     2013 04 20 12 17  3.479     160.3
520
 2013 04 20 20 41 11.390     2013 04 20 20 43 54.471     163.1
521
 2013 04 20 13 51  9.655     2013 04 20 13 52 34.585      84.9
 2013 04 20 22 07 48.809     2013 04 20 22 11 19.357     210.5
522
 2013 04 20 20 30 55.822     2013 04 20 20 33 36.000     160.2
523
 2013 04 20 12 15 10.793     2013 04 20 12 17 47.010     156.2
 2013 04 20 20 32  3.863     2013 04 20 20 35 45.933     222.1
524
 2013 04 20 20 40 12.962     2013 04 20 20 42 52.288     159.3
525
526
 2013 04 20 00 08 40.931     2013 04 20 00 12 19.751     218.8
 2013 04 20 13 45 56.775     2013 04 20 13 49 37.895     221.1
527
 2013 04 20 00 13 32.712     2013 04 20 00 17  2.224     209.5
 2013 04 20 12 05 50.278     2013 04 20 12 08 34.335     164.1
528
 2013 04 20 10 31 47.213     2013 04 20 10 32 47.618      60.4
529
530
531
 2013 04 20 20 39 59.743     2013 04 20 20 42 43.518     163.8
532
 2013 04 20 10 34 46.459     2013 04 20 10 37 21.051     154.6
533
 2013 04 20 12 15 47.616     2013 04 20 12 18 39.976     172.4
 2013 04 20 20 31 54.150     2013 04 20 20 34 46.422     172.3
534
535
 2013 04 20 22 10 17.657     2013 04 20 22 12 54.679     157.0
536
537
 2013 04 20 12 19 53.160     2013 04 20 12 23 23.779     210.6
 2013 04 20 13 57 43.068     2013 04 20 14 01 28.779     225.7
 2013 04 20 18 53 15.587     2013 04 20 18 56  8.505     172.9
538
 2013 04 20 12 08  3.808     2013 04 20 12 10 42.063     158.3
539
540
 2013 04 20 13 53 34.083     2013 04 20 13 56 15.917     161.8
 2013 04 20 20 28 14.299     2013 04 20 20 31 28.150     193.9
541
 2013 04 20 22 11 53.147     2013 04 20 22 12 43.823      50.7
542
 2013 04 20 15 29 45.131     2013 04 20 15 32 22.339     157.2
 2013 04 20 22 03 26.172     2013 04 20 22 06 27.250     181.1
543
 2013 04 20 22 14 38.551     2013 04 20 22 18  4.213     205.7
544
 2013 04 20 12 21  7.068     2013 04 20 12 23 44.727     157.7
 2013 04 20 17 15 59.460     2013 04 20 17 17 15.951      76.5
 2013 04 20 18 54  4.948     2013 04 20 18 57 46.483     221.5
545
 2013 04 20 22 16  5.796     2013 04 20 22 18 42.877     157.1
546
 2013 04 20 12 10 44.296     2013 04 20 12 13 20.781     156.5
 2013 04 20 22 12 34.230     2013 04 20 22 15 16.970     162.7
547
 2013 04 20 10 40 47.167     2013 04 20 10 41 26.552      39.4
 2013 04 20 18 56 32.585     2013 04 20 18 59 29.077     176.5
548
 2013 04 20 18 56  9.024     2013 04 20 18 59  6.365     177.3
549
 2013 04 20 12 06 30.977     2013 04 20 12 09 37.654     186.7
550
 2013 04 20 22 05 11.165     2013 04 20 22 07 51.494     160.3
551
 2013 04 20 13 54 14.126     2013 04 20 13 58  6.982     232.9
 2013 04 20 15 32 20.511     2013 04 20 15 35 46.489     206.0
 2013 04 20 18 48 54.004     2013 04 20 18 49   .152       6.1
 2013 04 20 20 27 35.464     2013 04 20 20 30 28.237     172.8
552
553
 2013 04 20 00 05 58.517     2013 04 20 00 06 56.067      57.6
 2013 04 20 13 47 23.562     2013 04 20 13 50 38.985     195.4
 2013 04 20 23 44 32.764     2013 04 20 23 48 19.224     226.5
554
555
556
 2013 04 20 15 30 13.493     2013 04 20 15 33 44.510     211.0
 2013 04 20 20 26  6.897     2013 04 20 20 26 19.438      12.5
 2013 04 20 22 04  1.155     2013 04 20 22 04 21.378      20.2
557
 2013 04 20 00 10 18.471     2013 04 20 00 10 32.667      14.2
558
559
 2013 04 20 00 13 58.169     2013 04 20 00 16 49.170     171.0
 2013 04 20 12 05 13.937     2013 04 20 12 08  7.261     173.3
560
 2013 04 20 10 32 15.836     2013 04 20 10 35   .858     165.0
561
 2013 04 20 13 49 13.434     2013 04 20 13 52 43.568     210.1
 2013 04 20 22 07 57.992     2013 04 20 22 11 26.077     208.1
562
 2013 04 20 20 40 13.780     2013 04 20 20 42 54.672     160.9
563
 2013 04 20 12 19  7.555     2013 04 20 12 21 56.795     169.2
 2013 04 20 18 54 31.867     2013 04 20 18 57 38.807     186.9
564
 2013 04 20 12 11 43.138     2013 04 20 12 14 33.727     170.6
 2013 04 20 22 12 18.026     2013 04 20 22 15 18.648     180.6
565
 2013 04 20 20 30 11.727     2013 04 20 20 33 15.834     184.1
566
 2013 04 20 12 20 26.119     2013 04 20 12 23 20.783     174.7
 2013 04 20 18 54 53.800     2013 04 20 18 57 48.561     174.8
567
568
 2013 04 20 00 13 18.005     2013 04 20 00 16  9.442     171.4
 2013 04 20 12 05 12.919     2013 04 20 12 08 48.620     215.7
569
 2013 04 20 12 14 12.806     2013 04 20 12 17  2.443     169.6
570
 2013 04 20 10 34 15.283     2013 04 20 10 37  1.073     165.8
571
 2013 04 20 13 50 58.939     2013 04 20 13 53 58.544     179.6
 2013 04 20 22 07 40.572     2013 04 20 22 10 22.962     162.4
572
 2013 04 20 12 07 39.597     2013 04 20 12 10 31.603     172.0
573
 2013 04 20 12 10 36.199     2013 04 20 12 13 13.226     157.0
 2013 04 20 22 12 36.434     2013 04 20 22 15 23.849     167.4
574
 2013 04 20 10 40  6.246     2013 04 20 10 43  1.958     175.7
575
 2013 04 20 10 34 35.760     2013 04 20 10 37 34.447     178.7
 2013 04 20 20 41 29.693     2013 04 20 20 42 23.246      53.6
576
577
 2013 04 20 22 15 12.628     2013 04 20 22 18  2.406     169.8
578
 2013 04 20 00 13 43.331     2013 04 20 00 13 51.618       8.3
 2013 04 20 12 06  3.308     2013 04 20 12 08 38.268     155.0
579
 2013 04 20 10 42 22.403     2013 04 20 10 45  4.411     162.0
 2013 04 20 18 57 22.949     2013 04 20 19 00 14.015     171.1
580
 2013 04 20 20 39 33.080     2013 04 20 20 43 16.760     223.7
581
 2013 04 20 10 36  5.041     2013 04 20 10 38 48.105     163.1
 2013 04 20 20 37 16.799     2013 04 20 20 40 14.769     178.0
582
 2013 04 20 12 20  3.347     2013 04 20 12 22 42.311     159.0
 2013 04 20 18 54 12.465     2013 04 20 18 56 51.494     159.0
583
 2013 04 20 00 11 48.409     2013 04 20 00 12 29.153      40.7
 2013 04 20 12 09 56.931     2013 04 20 12 10 18.171      21.2
584
 2013 04 20 12 18 21.585     2013 04 20 12 20 58.182     156.6
585
 2013 04 20 00 08 21.533     2013 04 20 00 11 44.712     203.2
 2013 04 20 13 46 17.245     2013 04 20 13 49 19.399     182.2
586
 2013 04 20 22 14 18.637     2013 04 20 22 16 59.557     160.9
587
 2013 04 20 10 36 11.571     2013 04 20 10 36 45.955      34.4
 2013 04 20 20 36 16.343     2013 04 20 20 39  2.362     166.0
588
 2013 04 20 10 39 32.488     2013 04 20 10 40 10.082      37.6
 2013 04 20 20 36  7.199     2013 04 20 20 38 53.714     166.5
589
590
 2013 04 20 13 48 17.994     2013 04 20 13 51  6.153     168.2
591
 2013 04 20 10 38  6.349     2013 04 20 10 40 42.070     155.7
 2013 04 20 20 36 24.985     2013 04 20 20 40  1.182     216.2
592
 2013 04 20 22 13 33.131     2013 04 20 22 17  6.732     213.6
593
 2013 04 20 10 38 27.594     2013 04 20 10 42 14.321     226.7
594
 2013 04 20 10 37 36.347     2013 04 20 10 40 10.682     154.3
 2013 04 20 20 37  3.220     2013 04 20 20 40  8.420     185.2
595
 2013 04 20 10 32  2.988     2013 04 20 10 34 44.587     161.6
596
 2013 04 20 10 34 31.329     2013 04 20 10 35 14.758      43.4
 2013 04 20 20 39 22.783     2013 04 20 20 42 23.467     180.7
597
 2013 04 20 00 11 35.150     2013 04 20 00 12  7.827      32.7
598
 2013 04 20 22 08 46.480     2013 04 20 22 11 35.184     168.7
599
 2013 04 20 13 56 24.294     2013 04 20 13 59 34.936     190.6
 2013 04 20 18 52  3.988     2013 04 20 18 55 10.232     186.2
