s3
0
1
 2013 04 20 00 01 58.063     2013 04 20 00 04 46.181     168.1
 2013 04 20 13 39 22.447     2013 04 20 13 42 10.931     168.5
 2013 04 20 23 42 57.501     2013 04 20 23 45 45.835     168.3
2
 2013 04 20 12 10  7.823     2013 04 20 12 10 23.863      16.0
 2013 04 20 20 26 15.324     2013 04 20 20 28 53.858     158.5
3
 2013 04 20 10 34 25.352     2013 04 20 10 37  3.933     158.6
 2013 04 20 18 55 52.635     2013 04 20 18 56 20.947      28.3
4
 2013 04 20 10 26 12.354     2013 04 20 10 29  7.696     175.3
5
 2013 04 20 22 04 26.511     2013 04 20 22 07 54.123     207.6
6
 2013 04 20 12 03 28.252     2013 04 20 12 03 46.084      17.8
 2013 04 20 22 09 22.020     2013 04 20 22 12 10.867     168.8
7
 2013 04 20 12 08 59.438     2013 04 20 12 12 31.879     212.4
 2013 04 20 20 26  4.861     2013 04 20 20 26 29.337      24.5
8
 2013 04 20 12 10  6.983     2013 04 20 12 12 45.935     159.0
 2013 04 20 20 27 22.116     2013 04 20 20 30 14.876     172.8
9
10
 2013 04 20 12 10 39.938     2013 04 20 12 10 57.166      17.2
 2013 04 20 20 26  4.753     2013 04 20 20 28 52.368     167.6
11
 2013 04 20 22 14  1.081     2013 04 20 22 14 45.044      44.0
12
 2013 04 20 13 50  4.655     2013 04 20 13 52 49.834     165.2
 2013 04 20 18 49 27.951     2013 04 20 18 49 50.234      22.3
 2013 04 20 20 24  4.870     2013 04 20 20 27 45.203     220.3
13
14
 2013 04 20 22 11  6.086     2013 04 20 22 13 51.420     165.3
15
 2013 04 20 22 04 35.110     2013 04 20 22 07 21.402     166.3
16
 2013 04 20 13 37  4.080     2013 04 20 13 38 52.938     108.9
17
 2013 04 20 13 44 52.002     2013 04 20 13 47 27.945     155.9
 2013 04 20 22 02 19.519     2013 04 20 22 05 10.655     171.1
18
 2013 04 20 00 03 48.757     2013 04 20 00 06 28.246     159.5
 2013 04 20 23 44 48.340     2013 04 20 23 47 27.766     159.4
19
 2013 04 20 20 35 48.709     2013 04 20 20 38 35.871     167.2
20
21
 2013 04 20 12 03  3.300     2013 04 20 12 06 38.746     215.4
22
 2013 04 20 12 11 40.902     2013 04 20 12 14 22.980     162.1
 2013 04 20 20 26 43.299     2013 04 20 20 30  8.105     204.8
23
 2013 04 20 13 49 26.547     2013 04 20 13 52  5.214     158.7
 2013 04 20 20 23 50.298     2013 04 20 20 26 43.854     173.6
24
 2013 04 20 12 02   .341     2013 04 20 12 05 16.666     196.3
25
 2013 04 20 10 25 14.038     2013 04 20 10 27 49.592     155.6
 2013 04 20 22 13 13.411     2013 04 20 22 16 36.782     203.4
26
 2013 04 20 20 28 44.760     2013 04 20 20 32 16.968     212.2
27
 2013 04 20 13 42 42.139     2013 04 20 13 45 22.184     160.0
28
 2013 04 20 12 04 51.940     2013 04 20 12 07 48.994     177.1
 2013 04 20 22 06 52.641     2013 04 20 22 09 53.613     181.0
29
 2013 04 20 13 42 48.949     2013 04 20 13 45 38.603     169.7
30
 2013 04 20 18 50 55.643     2013 04 20 18 54 36.196     220.6
31
 2013 04 20 22 11 28.059     2013 04 20 22 14 11.390     163.3
32
33
 2013 04 20 00 06 46.306     2013 04 20 00 10 24.826     218.5
 2013 04 20 12 00  9.465     2013 04 20 12 02 44.660     155.2
34
 2013 04 20 12 11 23.321     2013 04 20 12 14 45.506     202.2
 2013 04 20 20 26  6.933     2013 04 20 20 29 25.369     198.4
35
 2013 04 20 13 48 41.615     2013 04 20 13 48 47.980       6.4
 2013 04 20 22 00 48.971     2013 04 20 22 03 30.852     161.9
36
 2013 04 20 15 25 16.355     2013 04 20 15 28 11.583     175.2
 2013 04 20 20 21  8.886     2013 04 20 20 24 39.276     210.4
37
 2013 04 20 20 25 30.101     2013 04 20 20 28 26.281     176.2
38
39
 2013 04 20 12 04 49.897     2013 04 20 12 07 25.042     155.1
 2013 04 20 22 07 32.938     2013 04 20 22 10 30.774     177.8
40
41
 2013 04 20 12 01  5.161     2013 04 20 12 03 47.570     162.4
42
 2013 04 20 15 26 16.366     2013 04 20 15 29 10.369     174.0
 2013 04 20 20 21 59.718     2013 04 20 20 24 39.125     159.4
43
 2013 04 20 22 05 46.256     2013 04 20 22 08 24.366     158.1
44
 2013 04 20 12 08 39.871     2013 04 20 12 11 59.445     199.6
 2013 04 20 20 31 11.347     2013 04 20 20 32 13.482      62.1
45
 2013 04 20 00 01 34.268     2013 04 20 00 05 14.151     219.9
 2013 04 20 13 40 28.769     2013 04 20 13 44 10.335     221.6
 2013 04 20 23 42 34.001     2013 04 20 23 46 13.531     219.5
46
47
 2013 04 20 13 49  7.090     2013 04 20 13 52  5.950     178.9
 2013 04 20 20 23 22.756     2013 04 20 20 26 11.636     168.9
48
 2013 04 20 22 04 15.234     2013 04 20 22 07 37.019     201.8
49
 2013 04 20 20 25 15.484     2013 04 20 20 28 44.076     208.6
50
 2013 04 20 10 24 34.601     2013 04 20 10 27 16.750     162.1
 2013 04 20 22 13 37.050     2013 04 20 22 16 21.703     164.7
51
 2013 04 20 12 10 11.528     2013 04 20 12 13 23.574     192.0
 2013 04 20 20 26 46.053     2013 04 20 20 29 29.000     162.9
52
53
 2013 04 20 12 11 22.816     2013 04 20 12 14  7.462     164.6
 2013 04 20 20 27 35.285     2013 04 20 20 30 48.819     193.5
54
 2013 04 20 12 01  8.325     2013 04 20 12 03 44.878     156.6
55
 2013 04 20 12 04 26.981     2013 04 20 12 07 11.742     164.8
 2013 04 20 22 08  8.188     2013 04 20 22 11  9.252     181.1
56
 2013 04 20 13 50 14.708     2013 04 20 13 53 24.966     190.3
 2013 04 20 18 46 20.182     2013 04 20 18 50 14.781     234.6
 2013 04 20 20 24 17.376     2013 04 20 20 24 34.343      17.0
57
 2013 04 20 18 51 11.911     2013 04 20 18 53 58.145     166.2
58
 2013 04 20 10 29 46.901     2013 04 20 10 33 20.452     213.6
 2013 04 20 20 31 34.570     2013 04 20 20 34 52.408     197.8
59
 2013 04 20 12 09 43.011     2013 04 20 12 13 11.926     208.9
 2013 04 20 20 26 28.630     2013 04 20 20 29 29.188     180.6
60
 2013 04 20 10 26 23.138     2013 04 20 10 29 10.261     167.1
61
 2013 04 20 13 45 26.066     2013 04 20 13 48  2.170     156.1
 2013 04 20 22 02 23.154     2013 04 20 22 05  1.193     158.0
62
63
64
 2013 04 20 13 47 58.603     2013 04 20 13 51   .031     181.4
 2013 04 20 20 24 21.633     2013 04 20 20 27 35.121     193.5
65
66
 2013 04 20 12 12 19.633     2013 04 20 12 15 19.880     180.2
67
 2013 04 20 00 02 25.633     2013 04 20 00 06 12.977     227.3
 2013 04 20 13 37 56.076     2013 04 20 13 41 19.069     203.0
 2013 04 20 23 43 24.959     2013 04 20 23 47 12.734     227.8
68
 2013 04 20 22 04 49.147     2013 04 20 22 07 26.965     157.8
69
 2013 04 20 10 29  1.815     2013 04 20 10 29 22.950      21.1
 2013 04 20 22 11 36.277     2013 04 20 22 14 55.389     199.1
70
 2013 04 20 13 43  7.085     2013 04 20 13 43 46.968      39.9
 2013 04 20 22 03 31.174     2013 04 20 22 07 15.766     224.6
71
 2013 04 20 13 45 27.762     2013 04 20 13 49   .437     212.7
 2013 04 20 22 03  8.074     2013 04 20 22 06 13.184     185.1
72
 2013 04 20 12 11 52.657     2013 04 20 12 15 25.061     212.4
73
 2013 04 20 00 00   .000     2013 04 20 00 00 10.310      10.3
 2013 04 20 13 41 44.320     2013 04 20 13 41 43.689       -.6
 2013 04 20 23 39 25.038     2013 04 20 23 41 14.031     109.0
74
 2013 04 20 00 00 42.685     2013 04 20 00 04 27.606     224.9
 2013 04 20 13 41 17.959     2013 04 20 13 44  7.036     169.1
 2013 04 20 23 41 42.420     2013 04 20 23 45 26.985     224.6
75
 2013 04 20 12 07 40.499     2013 04 20 12 08 47.087      66.6
76
 2013 04 20 13 45 54.413     2013 04 20 13 48 40.830     166.4
 2013 04 20 22 01 42.136     2013 04 20 22 04 33.865     171.7
77
 2013 04 20 20 29 56.454     2013 04 20 20 32 37.013     160.6
78
 2013 04 20 15 24 37.943     2013 04 20 15 27 37.444     179.5
 2013 04 20 21 59  8.701     2013 04 20 22 02 40.690     212.0
79
 2013 04 20 12 12 45.131     2013 04 20 12 15 43.957     178.8
 2013 04 20 18 49  8.818     2013 04 20 18 49 36.688      27.9
80
 2013 04 20 00 05  6.754     2013 04 20 00 07 46.884     160.1
81
 2013 04 20 12 05 36.396     2013 04 20 12 09  1.892     205.5
 2013 04 20 22 06 18.969     2013 04 20 22 08 56.315     157.3
82
 2013 04 20 10 25 52.134     2013 04 20 10 28 40.242     168.1
 2013 04 20 22 12 11.048     2013 04 20 22 13 15.120      64.1
83
 2013 04 20 20 30 33.665     2013 04 20 20 33 11.132     157.5
84
 2013 04 20 13 49  6.347     2013 04 20 13 51 59.954     173.6
 2013 04 20 20 24 37.778     2013 04 20 20 27 19.137     161.4
85
 2013 04 20 22 08 55.790     2013 04 20 22 09 37.601      41.8
86
 2013 04 20 13 44  6.202     2013 04 20 13 44 35.736      29.5
 2013 04 20 22 00 51.853     2013 04 20 22 04  5.196     193.3
87
 2013 04 20 10 35  7.233     2013 04 20 10 37 49.235     162.0
 2013 04 20 18 53 11.696     2013 04 20 18 56 11.673     180.0
88
 2013 04 20 00 03 21.072     2013 04 20 00 06 48.289     207.2
 2013 04 20 23 44 20.418     2013 04 20 23 47 48.032     207.6
89
 2013 04 20 00 02 17.715     2013 04 20 00 05 20.985     183.3
 2013 04 20 13 38 47.192     2013 04 20 13 41 53.493     186.3
 2013 04 20 23 43 17.106     2013 04 20 23 46 20.683     183.6
90
 2013 04 20 08 52 41.055     2013 04 20 08 53 33.266      52.2
 2013 04 20 20 37 48.126     2013 04 20 20 40 26.613     158.5
91
 2013 04 20 13 45  2.937     2013 04 20 13 48 34.428     211.5
 2013 04 20 22 03 22.750     2013 04 20 22 06  6.161     163.4
92
 2013 04 20 13 48 36.182     2013 04 20 13 51 19.856     163.7
 2013 04 20 20 23 39.310     2013 04 20 20 26 20.664     161.4
93
 2013 04 20 12 15 49.659     2013 04 20 12 18 27.999     158.3
 2013 04 20 17 11  9.393     2013 04 20 17 14 22.260     192.9
94
 2013 04 20 10 32 35.222     2013 04 20 10 35 21.888     166.7
 2013 04 20 20 30 48.169     2013 04 20 20 31 23.263      35.1
95
 2013 04 20 12 13 48.377     2013 04 20 12 17  7.383     199.0
 2013 04 20 18 50 13.601     2013 04 20 18 52 53.201     159.6
96
 2013 04 20 10 29 34.430     2013 04 20 10 32 34.317     179.9
 2013 04 20 20 33 43.093     2013 04 20 20 36 38.245     175.2
97
 2013 04 20 13 46 54.779     2013 04 20 13 50 31.310     216.5
98
 2013 04 20 20 33 18.623     2013 04 20 20 33 45.129      26.5
99
 2013 04 20 13 47  2.381     2013 04 20 13 49 39.383     157.0
100
 2013 04 20 12 03 43.974     2013 04 20 12 07 16.380     212.4
101
 2013 04 20 00 03 45.011     2013 04 20 00 06 25.984     161.0
 2013 04 20 23 44 44.483     2013 04 20 23 47 25.610     161.1
102
 2013 04 20 12 10 27.072     2013 04 20 12 11  6.630      39.6
 2013 04 20 20 26 12.902     2013 04 20 20 28 53.096     160.2
103
 2013 04 20 12 01  8.330     2013 04 20 12 01 21.475      13.1
104
 2013 04 20 10 33 42.906     2013 04 20 10 36 33.821     170.9
105
 2013 04 20 20 29 47.654     2013 04 20 20 32 47.259     179.6
106
 2013 04 20 13 43 15.975     2013 04 20 13 43 26.931      11.0
 2013 04 20 22 03 44.205     2013 04 20 22 07  7.833     203.6
107
 2013 04 20 15 25 45.158     2013 04 20 15 28 29.990     164.8
 2013 04 20 20 21 25.164     2013 04 20 20 24 21.549     176.4
108
 2013 04 20 13 45 29.573     2013 04 20 13 49 10.446     220.9
 2013 04 20 22 03  8.288     2013 04 20 22 06 21.480     193.2
109
 2013 04 20 12 12 46.552     2013 04 20 12 15 30.309     163.8
 2013 04 20 18 52 11.684     2013 04 20 18 52 53.796      42.1
110
 2013 04 20 12 06 25.177     2013 04 20 12 10   .155     215.0
111
 2013 04 20 12 06 55.450     2013 04 20 12 07 48.334      52.9
112
 2013 04 20 12 06 59.828     2013 04 20 12 08 38.828      99.0
113
 2013 04 20 13 43 14.970     2013 04 20 13 46  3.889     168.9
114
 2013 04 20 15 24 37.823     2013 04 20 15 25 49.908      72.1
 2013 04 20 20 25 27.116     2013 04 20 20 25 38.241      11.1
 2013 04 20 21 59 34.386     2013 04 20 21 59 56.146      21.8
115
 2013 04 20 12 04 19.237     2013 04 20 12 04 47.572      28.3
 2013 04 20 22 09  4.193     2013 04 20 22 11 43.902     159.7
116
 2013 04 20 13 47 48.477     2013 04 20 13 50 25.283     156.8
 2013 04 20 20 23 23.412     2013 04 20 20 27  1.160     217.7
117
 2013 04 20 10 25 36.198     2013 04 20 10 28 30.821     174.6
118
 2013 04 20 20 34 24.364     2013 04 20 20 34 38.350      14.0
119
 2013 04 20 10 26 47.938     2013 04 20 10 29 22.596     154.7
120
 2013 04 20 13 44 22.560     2013 04 20 13 47   .808     158.2
 2013 04 20 22 01 56.556     2013 04 20 22 05 21.821     205.3
121
 2013 04 20 12 02 45.777     2013 04 20 12 05 25.438     159.7
122
 2013 04 20 15 25 28.206     2013 04 20 15 28  6.135     157.9
 2013 04 20 20 20 55.430     2013 04 20 20 24  3.977     188.5
123
 2013 04 20 00 05 32.654     2013 04 20 00 08 23.624     171.0
124
 2013 04 20 15 23 28.708     2013 04 20 15 26 26.471     177.8
 2013 04 20 21 59 24.784     2013 04 20 22 02  3.558     158.8
125
 2013 04 20 00 02 31.237     2013 04 20 00 06 14.044     222.8
 2013 04 20 13 37 54.454     2013 04 20 13 41 23.349     208.9
 2013 04 20 23 43 30.568     2013 04 20 23 47 13.798     223.2
126
 2013 04 20 12 10 56.021     2013 04 20 12 11 12.463      16.4
 2013 04 20 22 04 25.802     2013 04 20 22 05 26.001      60.2
127
 2013 04 20 10 34  5.199     2013 04 20 10 37 50.581     225.4
 2013 04 20 18 54 35.189     2013 04 20 18 55 15.995      40.8
128
 2013 04 20 12 10  5.405     2013 04 20 12 13  6.617     181.2
 2013 04 20 20 26 53.987     2013 04 20 20 29 43.289     169.3
129
 2013 04 20 00 03  2.178     2013 04 20 00 05 39.948     157.8
 2013 04 20 13 38 36.421     2013 04 20 13 38 52.485      16.1
 2013 04 20 23 44  1.685     2013 04 20 23 46 39.538     157.9
130
 2013 04 20 13 49 25.851     2013 04 20 13 52 11.478     165.6
 2013 04 20 20 23 34.770     2013 04 20 20 26 32.632     177.9
131
 2013 04 20 12 08 16.777     2013 04 20 12 11 18.932     182.2
132
 2013 04 20 20 34 56.670     2013 04 20 20 37 50.026     173.4
133
 2013 04 20 13 41 57.773     2013 04 20 13 45 27.322     209.5
 2013 04 20 23 39 35.277     2013 04 20 23 40 16.109      40.8
134
 2013 04 20 10 27 17.985     2013 04 20 10 30 49.377     211.4
135
 2013 04 20 20 34 14.004     2013 04 20 20 37  9.772     175.8
136
 2013 04 20 10 27 27.095     2013 04 20 10 31  8.487     221.4
137
 2013 04 20 20 35 21.930     2013 04 20 20 38 28.033     186.1
138
 2013 04 20 00 04  5.119     2013 04 20 00 06 43.539     158.4
 2013 04 20 23 45  4.690     2013 04 20 23 47 43.070     158.4
139
 2013 04 20 12 14 44.394     2013 04 20 12 15 28.070      43.7
 2013 04 20 20 25 24.633     2013 04 20 20 29  7.720     223.1
140
 2013 04 20 10 28   .990     2013 04 20 10 30 51.368     170.4
141
 2013 04 20 12 03 15.322     2013 04 20 12 06 21.015     185.7
142
 2013 04 20 13 46  3.011     2013 04 20 13 49 41.259     218.2
 2013 04 20 22 02 38.074     2013 04 20 22 03 53.548      75.5
143
144
 2013 04 20 13 45   .143     2013 04 20 13 47 47.349     167.2
 2013 04 20 22 01 54.115     2013 04 20 22 04 38.948     164.8
145
 2013 04 20 00 05 28.525     2013 04 20 00 08 44.433     195.9
 2013 04 20 12 03 17.104     2013 04 20 12 03 58.173      41.1
146
 2013 04 20 12 12  8.909     2013 04 20 12 12 53.564      44.7
 2013 04 20 20 25 48.050     2013 04 20 20 29 40.578     232.5
147
148
 2013 04 20 13 46 28.282     2013 04 20 13 50 11.918     223.6
 2013 04 20 22 00  9.469     2013 04 20 22 01 13.083      63.6
149
 2013 04 20 12 13  5.055     2013 04 20 12 15 52.454     167.4
 2013 04 20 18 48 22.812     2013 04 20 18 51 47.227     204.4
150
 2013 04 20 12 10 44.204     2013 04 20 12 11   .321      16.1
 2013 04 20 20 28 28.415     2013 04 20 20 32  4.824     216.4
151
152
 2013 04 20 12 01 17.330     2013 04 20 12 04 43.473     206.1
153
 2013 04 20 20 35 25.668     2013 04 20 20 38 42.333     196.7
154
 2013 04 20 00 02 41.413     2013 04 20 00 05 55.276     193.9
 2013 04 20 13 38 11.900     2013 04 20 13 41 47.941     216.0
 2013 04 20 23 43 40.782     2013 04 20 23 46 54.996     194.2
155
 2013 04 20 22 04 58.296     2013 04 20 22 08 12.716     194.4
156
157
 2013 04 20 13 50 34.971     2013 04 20 13 53 14.633     159.7
 2013 04 20 18 46  6.658     2013 04 20 18 49 29.033     202.4
158
 2013 04 20 12 08 12.873     2013 04 20 12 11 40.938     208.1
159
 2013 04 20 13 42 21.492     2013 04 20 13 44 59.778     158.3
160
 2013 04 20 15 23 43.993     2013 04 20 15 26 24.402     160.4
 2013 04 20 21 58 33.218     2013 04 20 22 01 12.430     159.2
161
 2013 04 20 13 43 47.102     2013 04 20 13 46 48.002     180.9
 2013 04 20 22 04 53.503     2013 04 20 22 05 19.797      26.3
162
 2013 04 20 10 35 27.322     2013 04 20 10 39 16.574     229.3
 2013 04 20 18 51 35.686     2013 04 20 18 54 14.086     158.4
163
 2013 04 20 12 13 16.134     2013 04 20 12 16 12.397     176.3
 2013 04 20 18 48 25.576     2013 04 20 18 51 28.683     183.1
164
 2013 04 20 12 10 49.560     2013 04 20 12 14 36.984     227.4
 2013 04 20 20 28 21.969     2013 04 20 20 31 45.506     203.5
165
 2013 04 20 13 46 48.522     2013 04 20 13 49 33.109     164.6
 2013 04 20 22 01 40.440     2013 04 20 22 01 49.351       8.9
166
167
 2013 04 20 12 04 46.738     2013 04 20 12 08  3.387     196.6
 2013 04 20 22 06 33.813     2013 04 20 22 09 37.644     183.8
168
 2013 04 20 15 23 41.063     2013 04 20 15 27 29.141     228.1
 2013 04 20 22 00   .592     2013 04 20 22 02 49.732     169.1
169
 2013 04 20 12 10 19.877     2013 04 20 12 12 56.053     156.2
 2013 04 20 20 27 35.245     2013 04 20 20 30 18.457     163.2
170
 2013 04 20 12 13 45.684     2013 04 20 12 14 10.102      24.4
 2013 04 20 20 26  8.419     2013 04 20 20 28 47.131     158.7
171
 2013 04 20 20 35 54.143     2013 04 20 20 39  2.543     188.4
172
173
 2013 04 20 13 47 32.410     2013 04 20 13 50  9.575     157.2
 2013 04 20 20 23  5.485     2013 04 20 20 23 15.843      10.4
174
 2013 04 20 13 42 19.680     2013 04 20 13 45  5.425     165.7
175
 2013 04 20 10 33 30.029     2013 04 20 10 36  5.839     155.8
176
 2013 04 20 20 35 20.432     2013 04 20 20 38 24.075     183.6
177
 2013 04 20 13 48 16.005     2013 04 20 13 50 55.652     159.6
 2013 04 20 20 24   .723     2013 04 20 20 27  2.504     181.8
178
 2013 04 20 12 05 43.352     2013 04 20 12 08 43.271     179.9
 2013 04 20 22 06 40.305     2013 04 20 22 09 17.838     157.5
179
 2013 04 20 13 47 57.287     2013 04 20 13 50 36.196     158.9
 2013 04 20 20 23 23.375     2013 04 20 20 26 44.939     201.6
180
 2013 04 20 10 30 18.262     2013 04 20 10 32 56.766     158.5
 2013 04 20 20 32 36.307     2013 04 20 20 35 26.990     170.7
181
182
 2013 04 20 00 02 45.681     2013 04 20 00 05 23.716     158.0
 2013 04 20 13 39  4.420     2013 04 20 13 40  8.750      64.3
 2013 04 20 23 43 45.246     2013 04 20 23 46 23.252     158.0
183
 2013 04 20 00 00   .179     2013 04 20 00 00 41.574      41.4
 2013 04 20 13 41 49.712     2013 04 20 13 44 26.010     156.3
 2013 04 20 23 40 59.929     2013 04 20 23 41 42.858      42.9
184
 2013 04 20 13 41 31.462     2013 04 20 13 41 43.488      12.0
185
 2013 04 20 10 26  2.538     2013 04 20 10 29 36.538     214.0
 2013 04 20 22 11 12.353     2013 04 20 22 11 28.438      16.1
186
 2013 04 20 12 02 17.784     2013 04 20 12 05 20.126     182.3
187
 2013 04 20 12 05 32.691     2013 04 20 12 08  7.804     155.1
 2013 04 20 22 07 26.701     2013 04 20 22 10  3.924     157.2
188
 2013 04 20 22 11 59.977     2013 04 20 22 14 53.044     173.1
189
 2013 04 20 10 30 48.024     2013 04 20 10 33 29.891     161.9
 2013 04 20 20 33  4.704     2013 04 20 20 35 44.131     159.4
190
 2013 04 20 13 46 12.579     2013 04 20 13 49  3.183     170.6
 2013 04 20 22 01 23.506     2013 04 20 22 04 35.124     191.6
191
 2013 04 20 20 35 48.488     2013 04 20 20 38 34.953     166.5
192
 2013 04 20 20 37  8.303     2013 04 20 20 39 47.370     159.1
193
 2013 04 20 00 07 11.045     2013 04 20 00 10  1.369     170.3
 2013 04 20 11 59 28.343     2013 04 20 12 02 12.204     163.9
194
195
 2013 04 20 13 50  7.470     2013 04 20 13 53 11.768     184.3
 2013 04 20 18 46  5.200     2013 04 20 18 46  7.354       2.2
 2013 04 20 20 24 19.186     2013 04 20 20 26  4.330     105.1
196
 2013 04 20 12 04 24.518     2013 04 20 12 07   .229     155.7
 2013 04 20 22 07 25.748     2013 04 20 22 10 52.400     206.7
197
 2013 04 20 13 49 26.366     2013 04 20 13 52 42.061     195.7
 2013 04 20 15 27 18.831     2013 04 20 15 31  7.629     228.8
 2013 04 20 18 44 35.050     2013 04 20 18 48 21.743     226.7
 2013 04 20 20 22 56.414     2013 04 20 20 26 17.093     200.7
198
 2013 04 20 10 32 12.630     2013 04 20 10 35  4.807     172.2
199
 2013 04 20 10 25 34.111     2013 04 20 10 29 11.259     217.1
 2013 04 20 22 11 42.659     2013 04 20 22 15 20.821     218.2
200
 2013 04 20 00 03 35.611     2013 04 20 00 07  7.339     211.7
 2013 04 20 23 44 34.950     2013 04 20 23 48  7.089     212.1
201
 2013 04 20 12 04 35.088     2013 04 20 12 07 17.850     162.8
 2013 04 20 22 07  9.467     2013 04 20 22 10 27.792     198.3
202
 2013 04 20 12 08 45.844     2013 04 20 12 11 56.259     190.4
203
 2013 04 20 13 45 14.676     2013 04 20 13 48   .311     165.6
 2013 04 20 22 01 56.718     2013 04 20 22 04 35.573     158.9
204
 2013 04 20 13 43 36.371     2013 04 20 13 46 12.271     155.9
205
 2013 04 20 10 26  4.655     2013 04 20 10 26 36.306      31.7
 2013 04 20 22 10 55.665     2013 04 20 22 10 58.496       2.8
206
 2013 04 20 12 04 37.904     2013 04 20 12 07 36.716     178.8
 2013 04 20 22 08 24.417     2013 04 20 22 11  7.136     162.7
207
208
 2013 04 20 12 09 38.332     2013 04 20 12 12 24.808     166.5
 2013 04 20 20 27 58.969     2013 04 20 20 31  9.335     190.4
209
 2013 04 20 13 50 39.108     2013 04 20 13 53 21.787     162.7
 2013 04 20 18 46 16.410     2013 04 20 18 49 35.751     199.3
210
 2013 04 20 13 48 58.613     2013 04 20 13 51 51.371     172.8
 2013 04 20 20 23 31.078     2013 04 20 20 26 12.606     161.5
211
212
 2013 04 20 12 13  7.774     2013 04 20 12 13 11.010       3.2
 2013 04 20 20 25 46.067     2013 04 20 20 29 23.690     217.6
213
 2013 04 20 00 04  1.981     2013 04 20 00 07 30.638     208.7
 2013 04 20 23 45  1.708     2013 04 20 23 48 30.021     208.3
214
 2013 04 20 00 05 49.719     2013 04 20 00 08 33.117     163.4
215
 2013 04 20 10 24 54.351     2013 04 20 10 27 29.253     154.9
 2013 04 20 22 13 41.078     2013 04 20 22 16 50.745     189.7
216
 2013 04 20 12 09  3.764     2013 04 20 12 11 39.689     155.9
 2013 04 20 20 31 16.346     2013 04 20 20 31 20.160       3.8
217
 2013 04 20 13 49 50.111     2013 04 20 13 52 41.496     171.4
 2013 04 20 20 24 20.373     2013 04 20 20 27 42.534     202.2
218
 2013 04 20 10 32  6.000     2013 04 20 10 35 22.441     196.4
219
 2013 04 20 00 05  8.700     2013 04 20 00 08 49.904     221.2
 2013 04 20 12 03 14.157     2013 04 20 12 04 15.539      61.4
220
 2013 04 20 12 11 47.838     2013 04 20 12 14 35.297     167.5
 2013 04 20 20 26 27.945     2013 04 20 20 30  4.289     216.3
221
 2013 04 20 12 11 49.333     2013 04 20 12 14 25.737     156.4
 2013 04 20 20 26 56.527     2013 04 20 20 30 34.917     218.4
222
 2013 04 20 10 30 53.784     2013 04 20 10 31 27.276      33.5
 2013 04 20 20 33  9.855     2013 04 20 20 34 47.141      97.3
223
 2013 04 20 10 26 27.586     2013 04 20 10 30  3.007     215.4
224
 2013 04 20 12 10 47.186     2013 04 20 12 13 24.041     156.9
 2013 04 20 20 27 42.872     2013 04 20 20 30 22.161     159.3
225
 2013 04 20 20 36 12.657     2013 04 20 20 39 26.775     194.1
226
 2013 04 20 12 11 51.334     2013 04 20 12 14 31.928     160.6
 2013 04 20 20 26 37.140     2013 04 20 20 30 16.556     219.4
227
 2013 04 20 15 26   .402     2013 04 20 15 29 18.516     198.1
 2013 04 20 20 22 13.549     2013 04 20 20 24 58.289     164.7
228
 2013 04 20 20 35  3.664     2013 04 20 20 37 43.374     159.7
229
 2013 04 20 12 07 11.937     2013 04 20 12 10  7.366     175.4
 2013 04 20 22 05 29.425     2013 04 20 22 06 54.959      85.5
230
 2013 04 20 12 09 42.080     2013 04 20 12 09 48.040       6.0
 2013 04 20 22 05 40.760     2013 04 20 22 08 19.082     158.3
231
 2013 04 20 00 06  2.663     2013 04 20 00 06 57.038      54.4
 2013 04 20 13 37 10.456     2013 04 20 13 37 45.379      34.9
 2013 04 20 23 47  4.035     2013 04 20 23 47 56.812      52.8
232
 2013 04 20 13 47 45.621     2013 04 20 13 51 34.886     229.3
 2013 04 20 20 25   .746     2013 04 20 20 28  5.773     185.0
233
 2013 04 20 13 46 11.054     2013 04 20 13 46 44.308      33.3
234
 2013 04 20 15 24 52.754     2013 04 20 15 28  9.778     197.0
 2013 04 20 20 21  3.538     2013 04 20 20 21 25.760      22.2
 2013 04 20 21 59  8.876     2013 04 20 21 59 45.382      36.5
235
 2013 04 20 13 45 52.421     2013 04 20 13 49 20.631     208.2
 2013 04 20 22 00 56.285     2013 04 20 22 03 59.693     183.4
236
 2013 04 20 12 11 16.010     2013 04 20 12 13 52.695     156.7
 2013 04 20 20 27 26.865     2013 04 20 20 30 24.618     177.8
237
 2013 04 20 00 00 47.657     2013 04 20 00 04 14.012     206.4
 2013 04 20 13 41 11.253     2013 04 20 13 43 53.691     162.4
 2013 04 20 23 41 47.371     2013 04 20 23 45 13.409     206.0
238
 2013 04 20 12 15 18.280     2013 04 20 12 17 55.927     157.6
 2013 04 20 17 10 39.552     2013 04 20 17 10 50.011      10.5
 2013 04 20 18 49  4.959     2013 04 20 18 52 39.408     214.4
239
 2013 04 20 13 47 33.631     2013 04 20 13 50 37.567     183.9
 2013 04 20 20 24  3.486     2013 04 20 20 27 52.180     228.7
240
 2013 04 20 10 29 33.804     2013 04 20 10 29 46.738      12.9
 2013 04 20 22 11 10.947     2013 04 20 22 14 55.171     224.2
241
242
 2013 04 20 13 50 20.820     2013 04 20 13 52 59.191     158.4
 2013 04 20 18 45 39.392     2013 04 20 18 49  8.042     208.7
 2013 04 20 20 23 22.478     2013 04 20 20 23 55.843      33.4
243
 2013 04 20 12 02   .255     2013 04 20 12 04 36.108     155.9
244
 2013 04 20 13 44 22.300     2013 04 20 13 46 58.751     156.5
 2013 04 20 22 02  2.895     2013 04 20 22 05 28.148     205.3
245
 2013 04 20 20 40 14.261     2013 04 20 20 40 47.107      32.8
246
 2013 04 20 12 04 41.535     2013 04 20 12 05 21.551      40.0
 2013 04 20 22 06  8.571     2013 04 20 22 09 11.258     182.7
247
 2013 04 20 00 04  5.770     2013 04 20 00 07 30.388     204.6
 2013 04 20 23 45  5.118     2013 04 20 23 48 30.133     205.0
248
 2013 04 20 22 10 51.585     2013 04 20 22 13 28.888     157.3
249
 2013 04 20 10 31 58.498     2013 04 20 10 35 13.084     194.6
250
 2013 04 20 10 32 42.457     2013 04 20 10 36 26.520     224.1
251
 2013 04 20 22 12 26.483     2013 04 20 22 15 48.652     202.2
252
 2013 04 20 22 05 36.395     2013 04 20 22 08 41.490     185.1
253
 2013 04 20 20 29  3.250     2013 04 20 20 32 54.728     231.5
254
 2013 04 20 20 38 54.285     2013 04 20 20 39 45.790      51.5
255
 2013 04 20 22 11 15.208     2013 04 20 22 13 55.301     160.1
256
 2013 04 20 00 04 33.834     2013 04 20 00 07 51.101     197.3
257
 2013 04 20 00 00 21.295     2013 04 20 00 03 23.250     182.0
 2013 04 20 13 41  9.614     2013 04 20 13 43 50.091     160.5
 2013 04 20 23 41 20.967     2013 04 20 23 44 22.686     181.7
258
 2013 04 20 13 44 15.668     2013 04 20 13 47 48.360     212.7
 2013 04 20 22 03 30.449     2013 04 20 22 06 17.560     167.1
259
 2013 04 20 13 48 43.858     2013 04 20 13 52  1.207     197.3
 2013 04 20 20 24 58.288     2013 04 20 20 27 36.544     158.3
260
 2013 04 20 12 09  9.542     2013 04 20 12 12 14.836     185.3
 2013 04 20 20 26 25.727     2013 04 20 20 26 50.146      24.4
261
 2013 04 20 12 09 33.217     2013 04 20 12 12  9.428     156.2
 2013 04 20 20 27 29.968     2013 04 20 20 30 59.249     209.3
262
 2013 04 20 13 42  6.361     2013 04 20 13 45 16.594     190.2
263
264
 2013 04 20 10 33 52.367     2013 04 20 10 36 42.249     169.9
265
 2013 04 20 12 14 31.587     2013 04 20 12 15 11.071      39.5
 2013 04 20 20 25 39.547     2013 04 20 20 28 57.944     198.4
266
 2013 04 20 12 08 17.986     2013 04 20 12 12  7.052     229.1
267
 2013 04 20 13 44  2.031     2013 04 20 13 44 24.498      22.5
 2013 04 20 22 03 54.353     2013 04 20 22 06 36.160     161.8
268
 2013 04 20 13 49 46.735     2013 04 20 13 53 40.542     233.8
 2013 04 20 20 24 54.033     2013 04 20 20 26 44.201     110.2
269
270
 2013 04 20 22 10 35.174     2013 04 20 22 13 27.210     172.0
271
 2013 04 20 12 10 14.230     2013 04 20 12 13 51.663     217.4
 2013 04 20 20 26 27.501     2013 04 20 20 29  6.163     158.7
272
 2013 04 20 00 06  1.314     2013 04 20 00 08 49.596     168.3
273
274
 2013 04 20 22 11 46.190     2013 04 20 22 14 24.576     158.4
275
 2013 04 20 00 06 16.363     2013 04 20 00 09 10.362     174.0
276
 2013 04 20 12 08 34.543     2013 04 20 12 11 40.023     185.5
277
 2013 04 20 22 11 28.106     2013 04 20 22 14  7.014     158.9
278
 2013 04 20 20 37 38.104     2013 04 20 20 40 23.517     165.4
279
 2013 04 20 12 12 10.971     2013 04 20 12 15 59.844     228.9
280
 2013 04 20 12 10 24.609     2013 04 20 12 13 13.246     168.6
 2013 04 20 20 28  8.837     2013 04 20 20 30 46.692     157.9
281
282
283
 2013 04 20 20 30  5.718     2013 04 20 20 32 43.700     158.0
284
 2013 04 20 12 05 44.866     2013 04 20 12 06 30.082      45.2
 2013 04 20 22 05 54.148     2013 04 20 22 08 33.915     159.8
285
 2013 04 20 20 35 46.367     2013 04 20 20 38 29.600     163.2
286
287
 2013 04 20 15 26   .617     2013 04 20 15 28 41.231     160.6
 2013 04 20 20 21 30.310     2013 04 20 20 24 14.464     164.2
288
289
 2013 04 20 00 05  1.364     2013 04 20 00 05  8.096       6.7
290
291
 2013 04 20 10 29 34.484     2013 04 20 10 32 10.301     155.8
 2013 04 20 20 33  1.076     2013 04 20 20 36 25.612     204.5
292
 2013 04 20 12 11 45.985     2013 04 20 12 14 23.752     157.8
 2013 04 20 20 27  6.086     2013 04 20 20 30 42.829     216.7
293
 2013 04 20 22 12 31.087     2013 04 20 22 15 26.780     175.7
294
295
 2013 04 20 12 09 27.734     2013 04 20 12 12  3.934     156.2
 2013 04 20 20 27 14.561     2013 04 20 20 30 54.950     220.4
296
 2013 04 20 00 07 43.165     2013 04 20 00 08  9.175      26.0
 2013 04 20 23 48 44.145     2013 04 20 23 49  8.963      24.8
297
298
 2013 04 20 00 04  9.300     2013 04 20 00 07 13.484     184.2
 2013 04 20 23 45  8.984     2013 04 20 23 48 12.907     183.9
299
 2013 04 20 10 25 22.198     2013 04 20 10 28  8.864     166.7
 2013 04 20 22 13 17.584     2013 04 20 22 13 52.616      35.0
300
 2013 04 20 20 30  8.712     2013 04 20 20 33 12.947     184.2
301
 2013 04 20 20 37 36.138     2013 04 20 20 40 31.212     175.1
302
 2013 04 20 10 35 37.727     2013 04 20 10 38 49.645     191.9
 2013 04 20 18 52  2.326     2013 04 20 18 54 41.377     159.1
303
 2013 04 20 12 09  7.642     2013 04 20 12 09 11.954       4.3
 2013 04 20 20 25 59.270     2013 04 20 20 29 30.155     210.9
304
 2013 04 20 10 31 19.383     2013 04 20 10 34 56.902     217.5
 2013 04 20 20 32 46.099     2013 04 20 20 33 50.396      64.3
305
 2013 04 20 10 27 10.991     2013 04 20 10 30 23.108     192.1
306
 2013 04 20 12 14 55.893     2013 04 20 12 17 39.144     163.3
 2013 04 20 18 48 49.321     2013 04 20 18 52  1.088     191.8
307
 2013 04 20 00 01 12.019     2013 04 20 00 04 15.611     183.6
 2013 04 20 13 40 47.628     2013 04 20 13 43 32.915     165.3
 2013 04 20 23 42 11.697     2013 04 20 23 45 15.042     183.3
308
 2013 04 20 13 42  6.921     2013 04 20 13 45 53.385     226.5
309
 2013 04 20 12 03 31.646     2013 04 20 12 06  7.939     156.3
310
 2013 04 20 20 30 47.527     2013 04 20 20 33 29.566     162.0
311
 2013 04 20 22 04  3.790     2013 04 20 22 06 42.711     158.9
312
313
 2013 04 20 12 13 11.974     2013 04 20 12 16 14.696     182.7
 2013 04 20 18 48 19.405     2013 04 20 18 51 22.664     183.3
314
 2013 04 20 13 45 50.530     2013 04 20 13 46 53.612      63.1
315
316
 2013 04 20 13 48 41.710     2013 04 20 13 52 19.103     217.4
 2013 04 20 20 25 12.463     2013 04 20 20 27 51.500     159.0
317
 2013 04 20 10 28  7.883     2013 04 20 10 31  9.428     181.5
318
 2013 04 20 12 01 27.466     2013 04 20 12 04  3.242     155.8
319
 2013 04 20 12 14 47.237     2013 04 20 12 15 35.528      48.3
 2013 04 20 18 50 22.938     2013 04 20 18 53 59.952     217.0
320
 2013 04 20 10 33 14.710     2013 04 20 10 35 54.877     160.2
321
322
 2013 04 20 12 16 28.324     2013 04 20 12 19  8.827     160.5
 2013 04 20 17 11 59.088     2013 04 20 17 14 45.619     166.5
323
 2013 04 20 13 48 33.903     2013 04 20 13 51 11.351     157.4
 2013 04 20 20 24  2.994     2013 04 20 20 26 49.072     166.1
324
325
 2013 04 20 10 30 10.684     2013 04 20 10 33   .458     169.8
 2013 04 20 20 32 17.358     2013 04 20 20 35 16.031     178.7
326
 2013 04 20 00 03 27.672     2013 04 20 00 06 14.278     166.6
 2013 04 20 23 44 27.301     2013 04 20 23 47 13.754     166.5
327
 2013 04 20 12 13 35.539     2013 04 20 12 16 46.386     190.8
 2013 04 20 18 48 27.203     2013 04 20 18 51  8.329     161.1
328
 2013 04 20 12 15 23.739     2013 04 20 12 18  1.265     157.5
 2013 04 20 17 10 45.617     2013 04 20 17 14 41.880     236.3
 2013 04 20 18 49   .300     2013 04 20 18 52 43.221     222.9
329
330
 2013 04 20 12 07 20.423     2013 04 20 12 10 18.557     178.1
331
 2013 04 20 22 04 55.134     2013 04 20 22 07 44.528     169.4
332
 2013 04 20 20 29 42.703     2013 04 20 20 29 47.092       4.4
333
 2013 04 20 12 14 50.551     2013 04 20 12 18 32.685     222.1
 2013 04 20 18 50 13.771     2013 04 20 18 53 42.819     209.0
334
 2013 04 20 12 01 25.542     2013 04 20 12 04  6.143     160.6
335
 2013 04 20 12 02 12.850     2013 04 20 12 05 20.302     187.5
336
 2013 04 20 22 04 32.474     2013 04 20 22 07 15.696     163.2
337
 2013 04 20 20 25  8.047     2013 04 20 20 25 41.518      33.5
338
 2013 04 20 13 44 36.156     2013 04 20 13 48 26.986     230.8
 2013 04 20 22 03 40.801     2013 04 20 22 06 18.897     158.1
339
 2013 04 20 13 42 16.351     2013 04 20 13 45 57.553     221.2
340
 2013 04 20 10 27  4.481     2013 04 20 10 29 49.965     165.5
341
 2013 04 20 20 35 39.044     2013 04 20 20 38 20.885     161.8
342
343
344
 2013 04 20 12 06 35.585     2013 04 20 12 09 19.767     164.2
 2013 04 20 22 06 55.288     2013 04 20 22 10 34.781     219.5
345
 2013 04 20 13 47 57.199     2013 04 20 13 50 35.205     158.0
 2013 04 20 20 23 25.491     2013 04 20 20 26 48.303     202.8
346
347
 2013 04 20 12 13 58.053     2013 04 20 12 16 38.645     160.6
 2013 04 20 18 49 32.096     2013 04 20 18 52 13.456     161.4
348
 2013 04 20 22 00 22.544     2013 04 20 22 03   .696     158.2
349
350
 2013 04 20 13 48 29.431     2013 04 20 13 51  8.063     158.6
 2013 04 20 20 24  5.635     2013 04 20 20 26 54.938     169.3
351
 2013 04 20 10 35 34.213     2013 04 20 10 38 11.984     157.8
 2013 04 20 18 52 43.492     2013 04 20 18 55 28.027     164.5
352
 2013 04 20 12 12 36.697     2013 04 20 12 15 39.936     183.2
 2013 04 20 18 47 49.948     2013 04 20 18 51 42.441     232.5
353
354
 2013 04 20 10 33  4.068     2013 04 20 10 36 19.351     195.3
355
 2013 04 20 10 30  6.967     2013 04 20 10 32 50.107     163.1
 2013 04 20 20 33 20.827     2013 04 20 20 36  5.215     164.4
356
 2013 04 20 12 14 19.365     2013 04 20 12 16 58.930     159.6
 2013 04 20 18 49 33.253     2013 04 20 18 52 12.274     159.0
357
 2013 04 20 12 09 37.790     2013 04 20 12 12 17.235     159.4
 2013 04 20 20 27  9.354     2013 04 20 20 30 35.593     206.2
358
 2013 04 20 15 23 51.707     2013 04 20 15 26 40.224     168.5
 2013 04 20 21 59 15.889     2013 04 20 22 01 57.082     161.2
359
 2013 04 20 12 01 41.446     2013 04 20 12 04 16.117     154.7
360
 2013 04 20 12 10 11.977     2013 04 20 12 13 38.740     206.8
 2013 04 20 20 26 35.151     2013 04 20 20 29 15.538     160.4
361
 2013 04 20 10 27 23.736     2013 04 20 10 27 34.074      10.3
 2013 04 20 22 12 41.591     2013 04 20 22 15 36.081     174.5
362
 2013 04 20 15 23 58.170     2013 04 20 15 27 13.391     195.2
 2013 04 20 21 59 37.490     2013 04 20 22 02 29.426     171.9
363
 2013 04 20 20 36 43.928     2013 04 20 20 37 12.859      28.9
364
 2013 04 20 13 47 35.538     2013 04 20 13 50 12.764     157.2
 2013 04 20 20 23  8.338     2013 04 20 20 23 56.944      48.6
365
 2013 04 20 10 33 17.590     2013 04 20 10 35 58.068     160.5
366
 2013 04 20 10 25 32.763     2013 04 20 10 26 24.130      51.4
367
368
369
 2013 04 20 10 36 13.109     2013 04 20 10 39 27.146     194.0
 2013 04 20 18 51 49.519     2013 04 20 18 54 37.788     168.3
370
371
372
373
 2013 04 20 22 10  2.218     2013 04 20 22 13 49.097     226.9
374
 2013 04 20 13 48 59.421     2013 04 20 13 51 59.683     180.3
 2013 04 20 20 24 44.618     2013 04 20 20 27 24.369     159.8
375
 2013 04 20 10 30 24.707     2013 04 20 10 33 47.927     203.2
 2013 04 20 20 31 44.227     2013 04 20 20 34 29.708     165.5
376
 2013 04 20 10 33 38.149     2013 04 20 10 37 15.649     217.5
 2013 04 20 18 57 26.448     2013 04 20 18 57 48.810      22.4
377
 2013 04 20 10 31 34.291     2013 04 20 10 35  8.614     214.3
 2013 04 20 20 32 29.420     2013 04 20 20 32 32.569       3.1
378
379
 2013 04 20 13 45 34.732     2013 04 20 13 49  7.798     213.1
 2013 04 20 22 03  2.823     2013 04 20 22 06 16.401     193.6
380
381
 2013 04 20 13 46 32.185     2013 04 20 13 49 10.475     158.3
 2013 04 20 22 01 29.711     2013 04 20 22 05  4.308     214.6
382
 2013 04 20 12 09 43.893     2013 04 20 12 12 26.232     162.3
 2013 04 20 20 27  7.014     2013 04 20 20 30 24.488     197.5
383
 2013 04 20 10 26 30.746     2013 04 20 10 27  5.691      34.9
384
 2013 04 20 00 03 49.637     2013 04 20 00 06 27.073     157.4
 2013 04 20 23 44 49.150     2013 04 20 23 47 26.660     157.5
385
 2013 04 20 22 04 49.703     2013 04 20 22 08 37.422     227.7
386
 2013 04 20 10 26  3.986     2013 04 20 10 29  7.084     183.1
 2013 04 20 22 11 40.493     2013 04 20 22 11 56.093      15.6
387
 2013 04 20 13 41 54.415     2013 04 20 13 45 29.335     214.9
 2013 04 20 23 39 33.861     2013 04 20 23 40 28.844      55.0
388
 2013 04 20 20 36 33.759     2013 04 20 20 39 43.883     190.1
389
 2013 04 20 12 08 32.036     2013 04 20 12 11 51.694     199.7
 2013 04 20 20 32  6.417     2013 04 20 20 32 21.623      15.2
390
 2013 04 20 15 24 48.635     2013 04 20 15 28 30.195     221.6
 2013 04 20 20 21 21.793     2013 04 20 20 21 42.852      21.1
 2013 04 20 21 59 21.336     2013 04 20 21 59 24.060       2.7
391
392
 2013 04 20 10 33  3.746     2013 04 20 10 36 43.431     219.7
393
 2013 04 20 00 09  8.289     2013 04 20 00 09 10.975       2.7
394
 2013 04 20 10 25 53.275     2013 04 20 10 28 28.655     155.4
 2013 04 20 22 12 29.000     2013 04 20 22 12 48.991      20.0
395
396
 2013 04 20 12 14 30.351     2013 04 20 12 18  8.089     217.7
 2013 04 20 18 50 21.961     2013 04 20 18 53 23.038     181.1
397
 2013 04 20 12 15  3.972     2013 04 20 12 17 46.356     162.4
 2013 04 20 18 49 26.551     2013 04 20 18 52 41.939     195.4
398
 2013 04 20 12 04 52.861     2013 04 20 12 07 45.055     172.2
 2013 04 20 22 06 58.246     2013 04 20 22 09 58.508     180.3
399
 2013 04 20 10 27 17.126     2013 04 20 10 29 59.978     162.9
400
 2013 04 20 10 31 35.942     2013 04 20 10 34 40.499     184.6
 2013 04 20 20 31 27.419     2013 04 20 20 34 23.424     176.0
401
 2013 04 20 20 34 58.567     2013 04 20 20 37 35.964     157.4
402
 2013 04 20 12 00 10.429     2013 04 20 12 03 15.826     185.4
403
 2013 04 20 13 42 22.122     2013 04 20 13 45 32.928     190.8
404
 2013 04 20 10 27 12.021     2013 04 20 10 30 26.812     194.8
405
 2013 04 20 13 45 40.195     2013 04 20 13 48 26.870     166.7
 2013 04 20 22 02 39.332     2013 04 20 22 05 27.733     168.4
406
 2013 04 20 20 30 26.232     2013 04 20 20 33 14.370     168.1
407
408
 2013 04 20 00 06 45.101     2013 04 20 00 10 10.105     205.0
 2013 04 20 12 00  3.036     2013 04 20 12 02 42.005     159.0
409
 2013 04 20 00 04 32.080     2013 04 20 00 08 23.336     231.3
410
 2013 04 20 20 36 22.119     2013 04 20 20 39 10.073     168.0
411
412
 2013 04 20 13 51 32.892     2013 04 20 13 54 26.597     173.7
 2013 04 20 18 47 15.757     2013 04 20 18 49 55.040     159.3
413
 2013 04 20 00 02 56.360     2013 04 20 00 05 38.977     162.6
 2013 04 20 13 38 32.891     2013 04 20 13 39 38.385      65.5
 2013 04 20 23 43 55.822     2013 04 20 23 46 38.611     162.8
414
 2013 04 20 12 02 23.002     2013 04 20 12 05  9.725     166.7
415
 2013 04 20 12 13 52.114     2013 04 20 12 16 31.945     159.8
 2013 04 20 18 49  1.807     2013 04 20 18 51 44.467     162.7
416
 2013 04 20 13 44 45.623     2013 04 20 13 44 51.753       6.1
 2013 04 20 22 03 45.011     2013 04 20 22 06 34.578     169.6
417
 2013 04 20 12 08 26.887     2013 04 20 12 11 55.668     208.8
418
 2013 04 20 10 34 39.823     2013 04 20 10 37 26.562     166.7
 2013 04 20 18 52  6.284     2013 04 20 18 55 51.037     224.8
419
 2013 04 20 10 31  6.775     2013 04 20 10 34 37.673     210.9
 2013 04 20 20 33   .862     2013 04 20 20 36 36.889     216.0
420
 2013 04 20 00 06 54.322     2013 04 20 00 09 37.496     163.2
 2013 04 20 11 59 18.817     2013 04 20 12 02 23.345     184.5
421
 2013 04 20 12 10 17.690     2013 04 20 12 14  8.610     230.9
 2013 04 20 20 26 17.447     2013 04 20 20 28 55.551     158.1
422
 2013 04 20 12 15 50.179     2013 04 20 12 18 46.751     176.6
 2013 04 20 17 11 44.574     2013 04 20 17 15 12.468     207.9
423
 2013 04 20 12 10 39.361     2013 04 20 12 13 34.331     175.0
 2013 04 20 20 28 10.441     2013 04 20 20 30 52.213     161.8
424
 2013 04 20 13 48 16.631     2013 04 20 13 48 55.049      38.4
 2013 04 20 22 00 54.362     2013 04 20 22 03 32.596     158.2
425
 2013 04 20 00 03 45.070     2013 04 20 00 06 25.615     160.5
 2013 04 20 23 44 44.663     2013 04 20 23 47 25.125     160.5
426
427
 2013 04 20 00 00 41.045     2013 04 20 00 03 42.988     181.9
 2013 04 20 13 41  4.264     2013 04 20 13 43 39.350     155.1
 2013 04 20 23 41 40.717     2013 04 20 23 44 42.424     181.7
428
429
 2013 04 20 20 28 26.155     2013 04 20 20 30   .829      94.7
430
 2013 04 20 12 11 25.640     2013 04 20 12 14 12.207     166.6
 2013 04 20 20 27 34.540     2013 04 20 20 30 53.500     199.0
431
 2013 04 20 12 14 58.932     2013 04 20 12 18 49.168     230.2
 2013 04 20 18 50 11.487     2013 04 20 18 53 58.492     227.0
432
 2013 04 20 13 45 20.567     2013 04 20 13 48 23.320     182.8
 2013 04 20 22 03   .847     2013 04 20 22 05 43.848     163.0
433
 2013 04 20 20 29 27.755     2013 04 20 20 33 19.479     231.7
434
 2013 04 20 13 43 46.813     2013 04 20 13 46 40.372     173.6
 2013 04 20 22 05 17.210     2013 04 20 22 05 29.868      12.7
435
 2013 04 20 12 06 37.596     2013 04 20 12 07 28.846      51.3
436
 2013 04 20 20 29 45.213     2013 04 20 20 30 48.381      63.2
437
438
 2013 04 20 12 06 17.131     2013 04 20 12 09  3.016     165.9
 2013 04 20 22 06 35.732     2013 04 20 22 09 29.047     173.3
439
 2013 04 20 12 12  8.211     2013 04 20 12 15  8.429     180.2
 2013 04 20 20 25 50.410     2013 04 20 20 26  1.432      11.0
440
441
 2013 04 20 12 09 20.998     2013 04 20 12 11 59.701     158.7
 2013 04 20 20 27 33.834     2013 04 20 20 31 16.820     223.0
442
 2013 04 20 12 08 43.587     2013 04 20 12 11 19.707     156.1
443
 2013 04 20 12 00  8.491     2013 04 20 12 03 43.754     215.3
444
445
 2013 04 20 20 35 25.018     2013 04 20 20 38 10.935     165.9
446
 2013 04 20 12 10 53.936     2013 04 20 12 13 43.570     169.6
 2013 04 20 20 27 59.192     2013 04 20 20 30 47.516     168.3
447
 2013 04 20 12 01 12.712     2013 04 20 12 03   .210     107.5
448
 2013 04 20 13 46 46.105     2013 04 20 13 50 29.467     223.4
449
 2013 04 20 13 48 31.744     2013 04 20 13 51 39.465     187.7
 2013 04 20 20 23 16.220     2013 04 20 20 25 54.810     158.6
450
 2013 04 20 10 32 54.572     2013 04 20 10 35 33.311     158.7
451
 2013 04 20 22 00 27.386     2013 04 20 22 03  7.092     159.7
452
453
 2013 04 20 12 15 31.015     2013 04 20 12 18 28.691     177.7
 2013 04 20 17 11 23.504     2013 04 20 17 15 18.958     235.5
 2013 04 20 18 49 25.653     2013 04 20 18 50 12.085      46.4
454
 2013 04 20 12 08 10.404     2013 04 20 12 09 24.460      74.1
455
 2013 04 20 13 49 23.181     2013 04 20 13 53  9.038     225.9
 2013 04 20 20 25  5.400     2013 04 20 20 28 20.995     195.6
456
 2013 04 20 12 11 55.030     2013 04 20 12 15 38.837     223.8
457
 2013 04 20 22 00 20.531     2013 04 20 22 03  5.099     164.6
458
 2013 04 20 13 50   .729     2013 04 20 13 52 39.908     159.2
 2013 04 20 18 45 14.921     2013 04 20 18 49  9.548     234.6
 2013 04 20 20 23 32.361     2013 04 20 20 27  8.531     216.2
459
 2013 04 20 12 14 34.241     2013 04 20 12 17 37.332     183.1
 2013 04 20 13 52 12.180     2013 04 20 13 52 13.884       1.7
 2013 04 20 18 48 30.400     2013 04 20 18 51 31.936     181.5
460
 2013 04 20 15 26 15.979     2013 04 20 15 29 19.508     183.5
 2013 04 20 20 22  9.710     2013 04 20 20 24 49.127     159.4
461
 2013 04 20 22 12 17.130     2013 04 20 22 15  2.339     165.2
462
463
464
 2013 04 20 12 12 49.239     2013 04 20 12 15 28.983     159.7
 2013 04 20 18 48 16.265     2013 04 20 18 49  5.940      49.7
465
 2013 04 20 20 35  4.187     2013 04 20 20 38 26.662     202.5
466
467
 2013 04 20 10 33 13.574     2013 04 20 10 36 30.963     197.4
468
 2013 04 20 00 03 14.478     2013 04 20 00 05 51.752     157.3
 2013 04 20 23 44 14.027     2013 04 20 23 46 51.303     157.3
469
 2013 04 20 10 30  6.490     2013 04 20 10 33 19.484     193.0
 2013 04 20 20 33 46.349     2013 04 20 20 36 23.591     157.2
470
 2013 04 20 13 49 58.651     2013 04 20 13 52 37.944     159.3
 2013 04 20 18 45 12.293     2013 04 20 18 46 22.492      70.2
 2013 04 20 20 23 33.212     2013 04 20 20 27  6.428     213.2
471
 2013 04 20 10 29 13.887     2013 04 20 10 32 36.241     202.4
 2013 04 20 20 34  3.482     2013 04 20 20 36 59.357     175.9
472
 2013 04 20 00 04 13.368     2013 04 20 00 07 49.620     216.3
 2013 04 20 23 45 13.103     2013 04 20 23 48 48.994     215.9
473
 2013 04 20 13 47 32.993     2013 04 20 13 50 28.270     175.3
 2013 04 20 20 22 48.149     2013 04 20 20 26 28.926     220.8
474
 2013 04 20 00 03 17.682     2013 04 20 00 06 22.980     185.3
 2013 04 20 23 44 17.065     2013 04 20 23 47 22.689     185.6
475
 2013 04 20 15 21 46.438     2013 04 20 15 25 35.622     229.2
 2013 04 20 22 02 45.505     2013 04 20 22 03 16.925      31.4
476
477
 2013 04 20 13 44 44.128     2013 04 20 13 45 45.901      61.8
 2013 04 20 23 39 19.274     2013 04 20 23 40 26.488      67.2
478
 2013 04 20 15 22  4.346     2013 04 20 15 23 16.726      72.4
 2013 04 20 21 59 32.982     2013 04 20 22 03  6.821     213.8
479
480
 2013 04 20 00 06 59.485     2013 04 20 00 10 39.702     220.2
 2013 04 20 12 00  3.548     2013 04 20 12 02 38.709     155.2
481
 2013 04 20 12 15 28.134     2013 04 20 12 18 54.211     206.1
 2013 04 20 17 11 48.595     2013 04 20 17 15 43.731     235.1
482
483
 2013 04 20 22 04 22.041     2013 04 20 22 07   .342     158.3
484
 2013 04 20 13 47  8.360     2013 04 20 13 50 10.757     182.4
 2013 04 20 20 26 24.797     2013 04 20 20 26 36.553      11.8
485
 2013 04 20 10 26 44.602     2013 04 20 10 29 55.920     191.3
486
 2013 04 20 12 15 58.737     2013 04 20 12 18 56.931     178.2
 2013 04 20 17 11 55.593     2013 04 20 17 15 12.551     197.0
487
 2013 04 20 20 36 34.562     2013 04 20 20 40  1.997     207.4
488
 2013 04 20 20 29 19.991     2013 04 20 20 31 57.650     157.7
489
 2013 04 20 20 34 54.544     2013 04 20 20 38 15.449     200.9
490
 2013 04 20 12 10 12.707     2013 04 20 12 14  1.399     228.7
 2013 04 20 20 26 19.842     2013 04 20 20 28 58.100     158.3
491
 2013 04 20 13 46 40.826     2013 04 20 13 49 50.912     190.1
492
 2013 04 20 00 03 23.850     2013 04 20 00 06 27.921     184.1
 2013 04 20 23 44 23.533     2013 04 20 23 47 27.345     183.8
493
494
495
 2013 04 20 20 36 20.943     2013 04 20 20 39 56.267     215.3
496
 2013 04 20 20 33 48.122     2013 04 20 20 37 28.597     220.5
497
 2013 04 20 10 31  6.354     2013 04 20 10 33 41.423     155.1
 2013 04 20 20 32 34.485     2013 04 20 20 35 15.147     160.7
498
 2013 04 20 22 03 34.223     2013 04 20 22 03 57.972      23.7
499
 2013 04 20 10 32 31.826     2013 04 20 10 35 48.923     197.1
500
 2013 04 20 12 15 20.851     2013 04 20 12 18 11.843     171.0
 2013 04 20 13 52 56.085     2013 04 20 13 53 12.002      15.9
 2013 04 20 17 10 32.589     2013 04 20 17 13 58.990     206.4
 2013 04 20 18 48 20.687     2013 04 20 18 50 11.433     110.7
501
 2013 04 20 12 12   .555     2013 04 20 12 15 18.093     197.5
502
 2013 04 20 20 25 55.596     2013 04 20 20 28 54.768     179.2
503
504
 2013 04 20 10 31 45.946     2013 04 20 10 34 21.409     155.5
 2013 04 20 20 32  1.368     2013 04 20 20 35 11.449     190.1
505
 2013 04 20 13 44 50.020     2013 04 20 13 47 28.918     158.9
 2013 04 20 22 02 36.302     2013 04 20 22 05 25.425     169.1
506
 2013 04 20 20 35 20.308     2013 04 20 20 36 39.060      78.8
507
 2013 04 20 10 32 17.720     2013 04 20 10 32 45.571      27.9
508
 2013 04 20 12 09 37.641     2013 04 20 12 12 16.499     158.9
 2013 04 20 20 27 10.617     2013 04 20 20 30 37.125     206.5
509
 2013 04 20 10 28 14.933     2013 04 20 10 30 51.031     156.1
510
 2013 04 20 10 32 17.949     2013 04 20 10 34 53.886     155.9
 2013 04 20 20 31 35.671     2013 04 20 20 32 50.392      74.7
511
 2013 04 20 22 11 20.212     2013 04 20 22 14  9.593     169.4
512
 2013 04 20 13 42 37.494     2013 04 20 13 45 16.585     159.1
513
 2013 04 20 22 00 28.439     2013 04 20 22 03 22.584     174.1
514
 2013 04 20 10 30 22.914     2013 04 20 10 32 59.298     156.4
 2013 04 20 20 32 42.235     2013 04 20 20 35 28.682     166.4
515
 2013 04 20 13 48 29.347     2013 04 20 13 51 11.724     162.4
 2013 04 20 20 23 38.451     2013 04 20 20 26 23.900     165.4
516
 2013 04 20 12 15 16.244     2013 04 20 12 17 59.193     162.9
 2013 04 20 17 15  1.247     2013 04 20 17 15  3.762       2.5
 2013 04 20 18 49 20.513     2013 04 20 18 52 53.175     212.7
517
 2013 04 20 22 08  4.248     2013 04 20 22 08  4.972        .7
518
 2013 04 20 12 12 29.736     2013 04 20 12 16 14.007     224.3
 2013 04 20 18 47 35.989     2013 04 20 18 51  1.306     205.3
519
 2013 04 20 12 08 29.736     2013 04 20 12 11  5.282     155.5
520
 2013 04 20 20 35 56.176     2013 04 20 20 38 59.226     183.1
521
 2013 04 20 13 45 34.174     2013 04 20 13 49  7.282     213.1
 2013 04 20 22 03  3.272     2013 04 20 22 06 16.197     192.9
522
 2013 04 20 20 25 46.376     2013 04 20 20 28 34.776     168.4
523
 2013 04 20 12 09 11.485     2013 04 20 12 11 55.586     164.1
 2013 04 20 20 30  3.988     2013 04 20 20 30 51.471      47.5
524
 2013 04 20 20 35  8.993     2013 04 20 20 37 46.094     157.1
525
526
 2013 04 20 00 01 40.450     2013 04 20 00 04 47.411     187.0
 2013 04 20 13 40 23.623     2013 04 20 13 43 37.985     194.4
 2013 04 20 23 42 40.136     2013 04 20 23 45 46.833     186.7
527
 2013 04 20 00 06 31.598     2013 04 20 00 09 30.061     178.5
 2013 04 20 11 59 41.858     2013 04 20 12 02 49.932     188.1
528
 2013 04 20 10 25 56.983     2013 04 20 10 29 19.047     202.1
529
530
531
 2013 04 20 20 34 57.648     2013 04 20 20 37 35.510     157.9
532
 2013 04 20 10 28 33.844     2013 04 20 10 31 21.353     167.5
533
 2013 04 20 12 09 44.103     2013 04 20 12 12 53.703     189.6
 2013 04 20 20 26 41.095     2013 04 20 20 29 48.176     187.1
534
 2013 04 20 12 06 33.278     2013 04 20 12 07 38.399      65.1
535
 2013 04 20 22 05 17.418     2013 04 20 22 08  4.362     166.9
536
537
 2013 04 20 12 13 51.413     2013 04 20 12 17 37.832     226.4
 2013 04 20 13 52  1.340     2013 04 20 13 55 37.734     216.4
 2013 04 20 18 48  4.309     2013 04 20 18 50 50.874     166.6
538
 2013 04 20 12 02  9.249     2013 04 20 12 04 43.981     154.7
539
540
 2013 04 20 13 47 45.273     2013 04 20 13 50 35.300     170.0
 2013 04 20 20 23  1.715     2013 04 20 20 26 29.094     207.4
541
542
 2013 04 20 15 24  9.771     2013 04 20 15 26 47.965     158.2
 2013 04 20 21 58 36.226     2013 04 20 22 01 28.745     172.5
543
 2013 04 20 22 09 54.160     2013 04 20 22 12 59.111     185.0
544
 2013 04 20 12 15 11.931     2013 04 20 12 17 49.613     157.7
 2013 04 20 17 10 27.099     2013 04 20 17 10 27.949        .9
 2013 04 20 18 48 58.315     2013 04 20 18 52 25.269     207.0
545
 2013 04 20 22 11  3.356     2013 04 20 22 13 55.310     172.0
546
 2013 04 20 12 04 48.727     2013 04 20 12 07 24.233     155.5
 2013 04 20 22 07 30.439     2013 04 20 22 10 30.073     179.6
547
 2013 04 20 18 51  9.068     2013 04 20 18 54 20.930     191.9
548
 2013 04 20 18 50 45.691     2013 04 20 18 53 58.037     192.3
549
 2013 04 20 00 05 24.816     2013 04 20 00 09  4.466     219.7
 2013 04 20 12 00 18.760     2013 04 20 12 03 57.337     218.6
550
 2013 04 20 22 00 12.110     2013 04 20 22 03   .157     168.0
551
 2013 04 20 13 52 14.809     2013 04 20 13 52 31.938      17.1
 2013 04 20 15 26 48.626     2013 04 20 15 30  6.431     197.8
 2013 04 20 20 22 34.115     2013 04 20 20 25 20.907     166.8
552
 2013 04 20 10 25  5.439     2013 04 20 10 25 46.299      40.9
553
 2013 04 20 00 00   .000     2013 04 20 00 02 24.954     145.0
 2013 04 20 13 41 25.530     2013 04 20 13 45  7.102     221.6
 2013 04 20 23 39 58.939     2013 04 20 23 43 24.363     205.4
554
555
556
 2013 04 20 15 24 43.536     2013 04 20 15 28  2.370     198.8
 2013 04 20 20 25  8.744     2013 04 20 20 25 10.860       2.1
 2013 04 20 21 59 16.123     2013 04 20 22 03  8.800     232.7
557
 2013 04 20 00 03 21.691     2013 04 20 00 06 53.164     211.5
 2013 04 20 23 44 21.419     2013 04 20 23 47 52.545     211.1
558
559
 2013 04 20 00 06 47.974     2013 04 20 00 09 26.063     158.1
 2013 04 20 11 59  3.175     2013 04 20 12 02 25.039     201.9
560
 2013 04 20 10 25 57.048     2013 04 20 10 29  6.850     189.8
 2013 04 20 22 11 42.074     2013 04 20 22 12 27.931      45.9
561
 2013 04 20 13 43 37.962     2013 04 20 13 46 46.356     188.4
 2013 04 20 22 02 50.421     2013 04 20 22 06 41.774     231.4
562
 2013 04 20 20 34 59.483     2013 04 20 20 37 58.346     178.9
563
 2013 04 20 12 13 15.852     2013 04 20 12 15 57.112     161.3
 2013 04 20 18 49  8.766     2013 04 20 18 52 30.097     201.3
564
 2013 04 20 12 05 53.196     2013 04 20 12 08 31.284     158.1
 2013 04 20 22 07 29.921     2013 04 20 22 10 17.110     167.2
565
 2013 04 20 13 47 29.864     2013 04 20 13 48 33.506      63.6
 2013 04 20 20 24 58.361     2013 04 20 20 28 17.663     199.3
566
 2013 04 20 12 14 34.658     2013 04 20 12 17 20.734     166.1
 2013 04 20 18 49 43.218     2013 04 20 18 52 30.006     166.8
567
568
 2013 04 20 00 06  7.947     2013 04 20 00 08 46.108     158.2
 2013 04 20 12 03   .822     2013 04 20 12 03 11.055      10.2
569
 2013 04 20 12 08 22.303     2013 04 20 12 11   .931     158.6
570
 2013 04 20 10 27 57.332     2013 04 20 10 31  6.832     189.5
571
 2013 04 20 13 45 19.696     2013 04 20 13 48  5.999     166.3
 2013 04 20 22 02 47.677     2013 04 20 22 05 26.168     158.5
572
 2013 04 20 12 01 50.218     2013 04 20 12 04 28.090     157.9
573
 2013 04 20 12 04 41.007     2013 04 20 12 07 16.252     155.2
 2013 04 20 22 07 31.395     2013 04 20 22 10 38.099     186.7
574
 2013 04 20 10 33 50.899     2013 04 20 10 37  7.130     196.2
575
 2013 04 20 10 28 37.982     2013 04 20 10 31 19.122     161.1
576
 2013 04 20 20 35   .002     2013 04 20 20 36 57.935     117.9
577
 2013 04 20 22 10 22.451     2013 04 20 22 13  2.867     160.4
578
 2013 04 20 00 06 47.038     2013 04 20 00 10 19.123     212.1
 2013 04 20 12 00  6.237     2013 04 20 12 02 42.439     156.2
579
 2013 04 20 10 36 11.495     2013 04 20 10 39  5.163     173.7
 2013 04 20 18 52 12.184     2013 04 20 18 54 55.097     162.9
580
 2013 04 20 10 27 46.735     2013 04 20 10 29 48.334     121.6
 2013 04 20 20 38 13.589     2013 04 20 20 38 27.644      14.1
581
 2013 04 20 10 29 49.005     2013 04 20 10 32 52.438     183.4
 2013 04 20 20 31 59.621     2013 04 20 20 35 20.582     201.0
582
 2013 04 20 12 14  5.851     2013 04 20 12 16 50.060     164.2
 2013 04 20 18 48 57.875     2013 04 20 18 51 36.251     158.4
583
 2013 04 20 00 04 51.068     2013 04 20 00 08 14.467     203.4
584
 2013 04 20 12 12 24.628     2013 04 20 12 15  4.833     160.2
585
 2013 04 20 00 01 18.719     2013 04 20 00 04 14.603     175.9
 2013 04 20 13 40 39.692     2013 04 20 13 43 24.594     164.9
 2013 04 20 23 42 18.378     2013 04 20 23 45 14.050     175.7
586
 2013 04 20 12 03 25.283     2013 04 20 12 04 20.130      54.8
 2013 04 20 22 09 14.889     2013 04 20 22 12 12.884     178.0
587
 2013 04 20 20 31  1.961     2013 04 20 20 34  5.563     183.6
588
 2013 04 20 20 30 52.770     2013 04 20 20 33 56.944     184.2
589
 2013 04 20 00 03 33.881     2013 04 20 00 07 19.737     225.9
 2013 04 20 23 44 33.625     2013 04 20 23 48 19.102     225.5
590
 2013 04 20 13 42 23.845     2013 04 20 13 45 30.064     186.2
591
 2013 04 20 10 31 55.121     2013 04 20 10 34 41.813     166.7
 2013 04 20 20 31 31.118     2013 04 20 20 34 45.668     194.6
592
 2013 04 20 22 08 49.363     2013 04 20 22 12  1.082     191.7
593
 2013 04 20 10 32 34.437     2013 04 20 10 35 53.800     199.4
594
 2013 04 20 10 31 27.730     2013 04 20 10 34  7.453     159.7
 2013 04 20 20 32  5.871     2013 04 20 20 34 55.980     170.1
595
 2013 04 20 10 25 45.159     2013 04 20 10 28 49.536     184.4
 2013 04 20 22 12  1.488     2013 04 20 22 15 51.613     230.1
596
 2013 04 20 10 28 40.794     2013 04 20 10 32  8.276     207.5
 2013 04 20 20 34  4.437     2013 04 20 20 37 30.736     206.3
597
 2013 04 20 00 04 38.010     2013 04 20 00 08  3.472     205.5
598
 2013 04 20 22 03 55.485     2013 04 20 22 06 36.583     161.1
599
 2013 04 20 13 50 43.124     2013 04 20 13 53 44.339     181.2
 2013 04 20 18 46 43.156     2013 04 20 18 49 59.527     196.4
