s4
0
 2013 04 20 15 11 35.359     2013 04 20 15 11 50.296      14.9
1
 2013 04 20 13 29 40.425     2013 04 20 13 32 17.454     157.0
 2013 04 20 23 32 52.504     2013 04 20 23 36 16.012     203.5
2
 2013 04 20 20 16 24.926     2013 04 20 20 19 12.913     168.0
3
 2013 04 20 10 24 27.840     2013 04 20 10 27 29.279     181.4
4
 2013 04 20 10 15 59.446     2013 04 20 10 19 44.007     224.6
 2013 04 20 22 02 21.293     2013 04 20 22 05 49.415     208.1
5
 2013 04 20 21 54 59.271     2013 04 20 21 57 51.292     172.0
6
 2013 04 20 11 54  4.989     2013 04 20 11 57 24.513     199.5
 2013 04 20 21 59 15.864     2013 04 20 22 02 41.687     205.8
7
 2013 04 20 12 03  5.728     2013 04 20 12 03  9.875       4.1
8
 2013 04 20 12 00 10.651     2013 04 20 12 03 10.859     180.2
 2013 04 20 20 17 22.143     2013 04 20 20 20 41.480     199.3
9
10
 2013 04 20 20 16 25.322     2013 04 20 20 19  2.277     157.0
11
12
 2013 04 20 13 40 22.124     2013 04 20 13 43  1.243     159.1
 2013 04 20 20 14 35.565     2013 04 20 20 17 48.444     192.9
13
 2013 04 20 21 59 12.576     2013 04 20 22 00 28.546      76.0
14
 2013 04 20 22 01   .705     2013 04 20 22 04 21.253     200.5
15
 2013 04 20 21 54 34.595     2013 04 20 21 57 48.225     193.6
16
 2013 04 20 13 27 38.893     2013 04 20 13 30 42.401     183.5
17
 2013 04 20 13 34 59.769     2013 04 20 13 37 48.390     168.6
 2013 04 20 21 52 19.881     2013 04 20 21 55 37.161     197.3
18
 2013 04 20 23 35   .041     2013 04 20 23 37 41.803     161.8
19
 2013 04 20 20 25 42.533     2013 04 20 20 29  6.313     203.8
20
21
22
 2013 04 20 12 01 45.129     2013 04 20 12 04 48.481     183.4
 2013 04 20 20 17 13.961     2013 04 20 20 20  9.157     175.2
23
 2013 04 20 13 39 36.670     2013 04 20 13 42 25.852     169.2
 2013 04 20 20 14 12.765     2013 04 20 20 16 53.439     160.7
24
 2013 04 20 11 52 28.348     2013 04 20 11 55 11.645     163.3
25
 2013 04 20 10 15 11.564     2013 04 20 10 18 14.865     183.3
 2013 04 20 22 03 45.808     2013 04 20 22 06 28.865     163.1
26
 2013 04 20 12 00 58.785     2013 04 20 12 03 19.287     140.5
 2013 04 20 20 19 17.825     2013 04 20 20 22 14.401     176.6
27
 2013 04 20 13 32 55.690     2013 04 20 13 35 34.949     159.3
28
 2013 04 20 11 54 42.346     2013 04 20 11 58 24.805     222.5
 2013 04 20 21 56 44.551     2013 04 20 22 00 26.487     221.9
29
 2013 04 20 13 32 45.541     2013 04 20 13 36 10.372     204.8
30
 2013 04 20 18 45  4.808     2013 04 20 18 45  6.530       1.7
31
 2013 04 20 22 01 23.735     2013 04 20 22 04 40.170     196.4
32
33
 2013 04 20 00 00   .000     2013 04 20 00 00 11.770      11.8
 2013 04 20 11 50  7.935     2013 04 20 11 53  9.270     181.3
 2013 04 20 23 38 21.891     2013 04 20 23 41 13.053     171.2
34
 2013 04 20 12 01 20.910     2013 04 20 12 01 42.765      21.9
 2013 04 20 20 16 36.094     2013 04 20 20 19 28.113     172.0
35
 2013 04 20 21 50 55.480     2013 04 20 21 53 52.678     177.2
36
 2013 04 20 15 15 35.944     2013 04 20 15 18 20.452     164.5
 2013 04 20 20 11 12.767     2013 04 20 20 15  2.061     229.3
 2013 04 20 21 49 14.035     2013 04 20 21 50 19.343      65.3
37
 2013 04 20 13 38  4.158     2013 04 20 13 39 35.097      90.9
 2013 04 20 20 15 31.829     2013 04 20 20 18 51.689     199.9
38
39
 2013 04 20 11 54 51.638     2013 04 20 11 57 48.572     176.9
 2013 04 20 21 57 25.061     2013 04 20 22 01  3.387     218.3
40
 2013 04 20 20 24 23.998     2013 04 20 20 24 34.541      10.5
41
 2013 04 20 11 50 57.191     2013 04 20 11 54 19.126     201.9
 2013 04 20 23 37 11.073     2013 04 20 23 40 53.823     222.7
42
 2013 04 20 15 16 35.258     2013 04 20 15 19 20.241     165.0
 2013 04 20 20 12 12.440     2013 04 20 20 14 56.717     164.3
43
 2013 04 20 21 55 51.221     2013 04 20 21 58 46.048     174.8
44
 2013 04 20 11 59  7.027     2013 04 20 12 01 56.965     169.9
45
 2013 04 20 13 31   .979     2013 04 20 13 34  1.605     180.6
 2013 04 20 23 33 10.090     2013 04 20 23 36  5.351     175.3
46
47
 2013 04 20 13 39 12.175     2013 04 20 13 42 33.354     201.2
 2013 04 20 15 16 58.770     2013 04 20 15 17 15.775      17.0
 2013 04 20 20 13 43.653     2013 04 20 20 16 22.680     159.0
48
 2013 04 20 13 33 20.114     2013 04 20 13 33 29.564       9.4
 2013 04 20 21 57 32.231     2013 04 20 21 58 10.830      38.6
49
 2013 04 20 13 37 34.942     2013 04 20 13 38 26.053      51.1
 2013 04 20 20 15 12.001     2013 04 20 20 15 15.374       3.4
50
 2013 04 20 10 14 25.954     2013 04 20 10 17 47.912     202.0
 2013 04 20 22 03 52.827     2013 04 20 22 06 30.375     157.5
51
 2013 04 20 12 00  7.715     2013 04 20 12 03 57.923     230.2
 2013 04 20 20 16 50.954     2013 04 20 20 19 51.789     180.8
52
53
 2013 04 20 12 01 39.875     2013 04 20 12 04 17.675     157.8
 2013 04 20 20 18  4.162     2013 04 20 20 20 50.727     166.6
54
 2013 04 20 11 51 15.604     2013 04 20 11 54   .951     165.3
 2013 04 20 23 37 28.527     2013 04 20 23 37 44.284      15.8
55
 2013 04 20 11 54 42.668     2013 04 20 11 57 20.383     157.7
 2013 04 20 21 57 58.906     2013 04 20 22 01 43.015     224.1
56
 2013 04 20 13 40 36.207     2013 04 20 13 43 30.742     174.5
 2013 04 20 20 14 51.398     2013 04 20 20 18 30.471     219.1
57
 2013 04 20 18 41 16.114     2013 04 20 18 44 21.426     185.3
58
 2013 04 20 20 24 47.825     2013 04 20 20 25 27.631      39.8
59
 2013 04 20 12 03 27.634     2013 04 20 12 03 48.782      21.1
 2013 04 20 20 16 27.847     2013 04 20 20 19 56.463     208.6
60
 2013 04 20 10 16 39.445     2013 04 20 10 19 16.926     157.5
61
 2013 04 20 13 35 35.490     2013 04 20 13 38 21.072     165.6
 2013 04 20 21 52 35.066     2013 04 20 21 55 17.997     162.9
62
63
 2013 04 20 13 32   .110     2013 04 20 13 35 49.306     229.2
64
 2013 04 20 13 38 20.368     2013 04 20 13 41  5.404     165.0
 2013 04 20 20 14 21.805     2013 04 20 20 18  1.486     219.7
65
 2013 04 20 20 24  3.721     2013 04 20 20 27 52.206     228.5
66
 2013 04 20 12 02 41.426     2013 04 20 12 05 24.767     163.3
 2013 04 20 20 17 27.167     2013 04 20 20 17 29.173       2.0
67
 2013 04 20 13 28 25.715     2013 04 20 13 31 12.758     167.0
68
 2013 04 20 21 54 59.754     2013 04 20 21 57 43.932     164.2
69
 2013 04 20 22 02  7.788     2013 04 20 22 04 49.164     161.4
70
 2013 04 20 13 33 39.892     2013 04 20 13 37  1.728     201.8
71
 2013 04 20 13 35 55.624     2013 04 20 13 38 57.640     182.0
 2013 04 20 21 53 35.164     2013 04 20 21 56 16.290     161.1
72
 2013 04 20 12 02 19.406     2013 04 20 12 05 23.476     184.1
 2013 04 20 20 17 59.366     2013 04 20 20 18 39.104      39.7
73
 2013 04 20 23 30  2.316     2013 04 20 23 33 12.877     190.6
74
 2013 04 20 13 31 36.555     2013 04 20 13 34 13.665     157.1
 2013 04 20 23 32 19.163     2013 04 20 23 35 18.813     179.6
75
 2013 04 20 11 58 13.263     2013 04 20 12 01 28.754     195.5
76
 2013 04 20 13 35 56.521     2013 04 20 13 39  8.764     192.2
 2013 04 20 21 52  4.563     2013 04 20 21 54 41.902     157.3
77
 2013 04 20 20 19 59.373     2013 04 20 20 23   .650     181.3
78
 2013 04 20 15 14 58.523     2013 04 20 15 17 44.895     166.4
 2013 04 20 21 49 38.804     2013 04 20 21 52 44.251     185.4
79
 2013 04 20 12 03  6.465     2013 04 20 12 05 49.519     163.1
80
 2013 04 20 23 36  4.433     2013 04 20 23 39 13.118     188.7
81
 2013 04 20 11 59 36.556     2013 04 20 11 59 42.070       5.5
 2013 04 20 21 56 26.980     2013 04 20 21 59 15.040     168.1
82
 2013 04 20 10 15 41.288     2013 04 20 10 19 14.256     213.0
 2013 04 20 22 02 50.760     2013 04 20 22 05 57.871     187.1
83
 2013 04 20 20 20 41.407     2013 04 20 20 23 30.282     168.9
84
 2013 04 20 13 39 26.109     2013 04 20 13 42  8.131     162.0
 2013 04 20 20 14 55.031     2013 04 20 20 17 32.484     157.5
85
 2013 04 20 21 59 36.067     2013 04 20 22 02 49.300     193.2
86
 2013 04 20 21 50 49.217     2013 04 20 21 54 33.974     224.8
87
 2013 04 20 10 25 22.504     2013 04 20 10 28   .570     158.1
 2013 04 20 18 43  8.816     2013 04 20 18 46 40.296     211.5
88
 2013 04 20 13 27 51.989     2013 04 20 13 31 32.299     220.3
89
 2013 04 20 13 29 12.287     2013 04 20 13 31 52.260     160.0
 2013 04 20 23 33  6.953     2013 04 20 23 36 55.365     228.4
90
 2013 04 20 20 27 57.196     2013 04 20 20 30 41.998     164.8
91
 2013 04 20 13 35 30.981     2013 04 20 13 38 31.372     180.4
 2013 04 20 21 53 40.579     2013 04 20 21 56 17.324     156.7
92
 2013 04 20 13 38 43.100     2013 04 20 13 41 44.062     181.0
 2013 04 20 20 13 48.890     2013 04 20 20 16 40.330     171.4
93
 2013 04 20 12 06  1.214     2013 04 20 12 08 47.213     166.0
 2013 04 20 17 01 15.806     2013 04 20 17 04 43.110     207.3
 2013 04 20 18 39  3.246     2013 04 20 18 40 13.955      70.7
94
 2013 04 20 10 22 31.431     2013 04 20 10 25 52.972     201.5
 2013 04 20 20 21 27.349     2013 04 20 20 24 46.725     199.4
95
 2013 04 20 12 04 12.088     2013 04 20 12 07  9.893     177.8
 2013 04 20 18 40 23.022     2013 04 20 18 43 12.537     169.5
96
 2013 04 20 10 19 57.135     2013 04 20 10 22 35.268     158.1
 2013 04 20 20 23 35.154     2013 04 20 20 27 10.590     215.4
97
 2013 04 20 13 37 21.733     2013 04 20 13 40 29.670     187.9
98
 2013 04 20 10 21 17.196     2013 04 20 10 25  2.087     224.9
 2013 04 20 20 23 59.143     2013 04 20 20 27 16.908     197.8
99
 2013 04 20 13 37 11.019     2013 04 20 13 40   .236     169.2
 2013 04 20 21 51 42.878     2013 04 20 21 55 25.623     222.7
100
101
 2013 04 20 13 28 18.096     2013 04 20 13 28 37.087      19.0
 2013 04 20 23 34 42.536     2013 04 20 23 37 52.631     190.1
102
 2013 04 20 20 16 28.715     2013 04 20 20 19  6.957     158.2
103
 2013 04 20 11 51 46.182     2013 04 20 11 55  5.272     199.1
104
 2013 04 20 10 23 39.476     2013 04 20 10 27  5.483     206.0
105
 2013 04 20 20 20 13.044     2013 04 20 20 22 50.788     157.7
106
 2013 04 20 13 33 49.298     2013 04 20 13 37 19.008     209.7
 2013 04 20 21 57  6.254     2013 04 20 21 57 41.279      35.0
107
 2013 04 20 15 16  2.542     2013 04 20 15 18 42.019     159.5
 2013 04 20 20 11 32.910     2013 04 20 20 14 42.377     189.5
108
 2013 04 20 13 35 58.247     2013 04 20 13 39  6.557     188.3
 2013 04 20 21 53 37.486     2013 04 20 21 56 22.736     165.3
109
 2013 04 20 12 03  3.369     2013 04 20 12 05 41.395     158.0
110
 2013 04 20 11 56 55.973     2013 04 20 11 59 52.942     177.0
 2013 04 20 21 57 47.367     2013 04 20 22 01 22.836     215.5
111
 2013 04 20 11 57 29.048     2013 04 20 12 00 45.413     196.4
112
 2013 04 20 11 57 32.572     2013 04 20 12 00 42.947     190.4
113
 2013 04 20 13 33 33.738     2013 04 20 13 36 11.152     157.4
114
 2013 04 20 15 15  2.321     2013 04 20 15 18 37.203     214.9
 2013 04 20 21 50  9.048     2013 04 20 21 53 45.325     216.3
115
 2013 04 20 11 54 55.164     2013 04 20 11 58 12.860     197.7
 2013 04 20 21 59 16.492     2013 04 20 22 01 57.537     161.0
116
 2013 04 20 13 37 58.745     2013 04 20 13 40 44.660     165.9
 2013 04 20 20 16 51.787     2013 04 20 20 17 27.938      36.2
117
 2013 04 20 10 15 56.347     2013 04 20 10 18 33.388     157.0
 2013 04 20 22 03 43.802     2013 04 20 22 07 23.791     220.0
118
119
 2013 04 20 10 16 50.742     2013 04 20 10 19 43.168     172.4
120
 2013 04 20 13 34 26.197     2013 04 20 13 37 25.655     179.5
 2013 04 20 21 55  6.521     2013 04 20 21 55 53.260      46.7
121
 2013 04 20 11 52 40.541     2013 04 20 11 55 55.109     194.6
122
 2013 04 20 15 15 42.528     2013 04 20 15 18 22.246     159.7
 2013 04 20 20 11  2.100     2013 04 20 20 14 25.220     203.1
 2013 04 20 21 48 38.847     2013 04 20 21 48 49.342      10.5
123
 2013 04 20 23 36 52.796     2013 04 20 23 39 27.906     155.1
124
 2013 04 20 15 13 49.566     2013 04 20 15 16 33.429     163.9
 2013 04 20 21 49 35.852     2013 04 20 21 52 22.058     166.2
125
 2013 04 20 13 28 25.366     2013 04 20 13 31 15.655     170.3
126
 2013 04 20 21 55  3.733     2013 04 20 21 58 20.296     196.6
127
128
 2013 04 20 12 00  2.712     2013 04 20 12 03 39.306     216.6
 2013 04 20 20 16 55.822     2013 04 20 20 20  8.519     192.7
129
 2013 04 20 13 29 13.121     2013 04 20 13 32 33.568     200.4
 2013 04 20 23 34  4.161     2013 04 20 23 37  2.595     178.4
130
 2013 04 20 13 39 33.448     2013 04 20 13 42 35.525     182.1
 2013 04 20 20 13 58.279     2013 04 20 20 16 41.569     163.3
131
 2013 04 20 11 58 10.991     2013 04 20 12 01 53.523     222.5
132
 2013 04 20 10 18 55.556     2013 04 20 10 22 38.005     222.4
 2013 04 20 20 24 48.461     2013 04 20 20 28 22.452     214.0
133
 2013 04 20 13 36  5.024     2013 04 20 13 36  6.835       1.8
 2013 04 20 23 30 14.098     2013 04 20 23 33 33.425     199.3
134
135
 2013 04 20 10 20 24.314     2013 04 20 10 23 58.151     213.8
 2013 04 20 20 24 37.451     2013 04 20 20 27 12.580     155.1
136
 2013 04 20 10 18   .330     2013 04 20 10 20 57.687     177.4
137
 2013 04 20 10 18 11.986     2013 04 20 10 18 19.527       7.5
 2013 04 20 20 27 38.271     2013 04 20 20 29  3.835      85.6
138
 2013 04 20 23 35 14.661     2013 04 20 23 37 58.674     164.0
139
 2013 04 20 13 39 45.242     2013 04 20 13 40  7.695      22.5
 2013 04 20 20 15 56.929     2013 04 20 20 19  8.567     191.6
140
 2013 04 20 10 17 50.856     2013 04 20 10 21 25.957     215.1
141
 2013 04 20 11 53  2.227     2013 04 20 11 53  4.374       2.1
142
 2013 04 20 13 36 30.934     2013 04 20 13 39 38.360     187.4
 2013 04 20 21 53 14.456     2013 04 20 21 56 32.713     198.3
143
 2013 04 20 13 31 42.804     2013 04 20 13 32 35.021      52.2
144
 2013 04 20 13 35   .653     2013 04 20 13 38 16.419     195.8
 2013 04 20 21 51 57.599     2013 04 20 21 55  3.004     185.4
145
 2013 04 20 23 36 58.841     2013 04 20 23 39 38.662     159.8
146
147
 2013 04 20 13 32  8.804     2013 04 20 13 35 58.720     229.9
148
 2013 04 20 21 50 43.851     2013 04 20 21 54 10.094     206.2
149
 2013 04 20 12 03  9.728     2013 04 20 12 06 18.656     188.9
 2013 04 20 18 38 23.573     2013 04 20 18 42 12.610     229.0
150
 2013 04 20 12 01 14.909     2013 04 20 12 04 48.279     213.4
 2013 04 20 20 19  2.027     2013 04 20 20 22  2.001     180.0
151
152
 2013 04 20 11 51 47.813     2013 04 20 11 54 35.736     167.9
153
 2013 04 20 20 25 56.515     2013 04 20 20 28 37.326     160.8
154
 2013 04 20 13 28 44.095     2013 04 20 13 31 38.887     174.8
 2013 04 20 23 36 51.326     2013 04 20 23 37 31.869      40.5
155
 2013 04 20 21 57 32.946     2013 04 20 21 58 46.314      73.4
156
157
 2013 04 20 13 40 50.377     2013 04 20 13 43 28.942     158.6
 2013 04 20 18 36 11.776     2013 04 20 18 39 50.834     219.1
 2013 04 20 20 14  7.913     2013 04 20 20 15 32.629      84.7
158
 2013 04 20 12 02  6.830     2013 04 20 12 02 19.281      12.5
159
 2013 04 20 13 32 33.368     2013 04 20 13 35 14.198     160.8
 2013 04 20 23 31  7.981     2013 04 20 23 31 43.703      35.7
160
 2013 04 20 15 13 52.738     2013 04 20 15 16 46.802     174.1
 2013 04 20 21 48 48.795     2013 04 20 21 51 27.619     158.8
161
 2013 04 20 13 33 42.853     2013 04 20 13 37 21.764     218.9
162
 2013 04 20 18 41 45.334     2013 04 20 18 44 32.865     167.5
163
 2013 04 20 12 03 19.531     2013 04 20 12 06 40.574     201.0
 2013 04 20 18 38 29.321     2013 04 20 18 41 52.248     202.9
164
 2013 04 20 12 01 18.631     2013 04 20 12 04 32.266     193.6
 2013 04 20 20 18 53.269     2013 04 20 20 21 44.761     171.5
165
 2013 04 20 13 37  5.747     2013 04 20 13 39 43.665     157.9
 2013 04 20 21 52 17.732     2013 04 20 21 55 52.177     214.4
166
 2013 04 20 10 21 39.329     2013 04 20 10 25 18.496     219.2
 2013 04 20 20 23 36.671     2013 04 20 20 27 16.889     220.2
167
 2013 04 20 11 58 10.674     2013 04 20 11 58 42.903      32.2
 2013 04 20 21 56 25.334     2013 04 20 22 00 10.875     225.5
168
 2013 04 20 15 14  6.542     2013 04 20 15 17 29.239     202.7
 2013 04 20 21 50 21.913     2013 04 20 21 52 59.638     157.7
169
 2013 04 20 12 00 27.036     2013 04 20 12 03 17.084     170.0
 2013 04 20 20 17 38.980     2013 04 20 20 20 42.023     183.0
170
 2013 04 20 20 16 17.827     2013 04 20 20 19  6.382     168.6
171
 2013 04 20 20 26 22.375     2013 04 20 20 28 59.847     157.5
172
173
 2013 04 20 13 37 41.521     2013 04 20 13 40 30.190     168.7
174
 2013 04 20 13 32 16.800     2013 04 20 13 35 36.156     199.4
 2013 04 20 23 30 39.668     2013 04 20 23 34 20.800     221.1
175
 2013 04 20 10 23 34.519     2013 04 20 10 26 28.282     173.8
176
 2013 04 20 10 18 16.449     2013 04 20 10 18 30.132      13.7
 2013 04 20 20 25  9.014     2013 04 20 20 25 35.300      26.3
177
 2013 04 20 13 38 30.925     2013 04 20 13 41  9.612     158.7
 2013 04 20 20 14  3.482     2013 04 20 20 17 27.077     203.6
178
 2013 04 20 11 55 34.244     2013 04 20 11 59 19.282     225.0
 2013 04 20 21 56 49.440     2013 04 20 21 59 35.393     166.0
179
 2013 04 20 13 38  5.345     2013 04 20 13 40 58.404     173.1
 2013 04 20 20 13 24.110     2013 04 20 20 17 10.645     226.5
180
 2013 04 20 10 20 15.789     2013 04 20 10 23 24.708     188.9
 2013 04 20 20 22 30.901     2013 04 20 20 25 57.280     206.4
181
 2013 04 20 12 02  2.743     2013 04 20 12 05 50.227     227.5
182
 2013 04 20 13 29 39.398     2013 04 20 13 32 49.857     190.5
 2013 04 20 23 33 54.997     2013 04 20 23 36 39.536     164.5
183
 2013 04 20 13 31 58.917     2013 04 20 13 34 43.050     164.1
 2013 04 20 23 31 39.411     2013 04 20 23 34 55.840     196.4
184
 2013 04 20 13 32  6.328     2013 04 20 13 35 32.273     205.9
185
 2013 04 20 22 01 53.876     2013 04 20 22 05 11.893     198.0
186
 2013 04 20 11 52  4.396     2013 04 20 11 52 32.067      27.7
187
 2013 04 20 11 55 35.449     2013 04 20 11 58 30.667     175.2
 2013 04 20 21 57 33.299     2013 04 20 22 00 23.528     170.2
188
 2013 04 20 22 01 50.924     2013 04 20 22 05 26.236     215.3
189
 2013 04 20 10 21  1.970     2013 04 20 10 23 40.620     158.6
 2013 04 20 20 23 16.997     2013 04 20 20 25 58.071     161.1
190
 2013 04 20 13 36 14.123     2013 04 20 13 39 32.132     198.0
 2013 04 20 21 51 51.672     2013 04 20 21 54 38.489     166.8
191
 2013 04 20 20 26  6.317     2013 04 20 20 28 42.457     156.1
192
 2013 04 20 20 27  7.519     2013 04 20 20 30 12.486     185.0
193
 2013 04 20 00 00   .000     2013 04 20 00 00  4.447       4.4
 2013 04 20 11 49 18.954     2013 04 20 11 52 44.387     205.4
 2013 04 20 23 38 30.431     2013 04 20 23 41  5.819     155.4
194
195
 2013 04 20 13 40 28.425     2013 04 20 13 43 18.380     170.0
 2013 04 20 20 14 51.780     2013 04 20 20 18 16.905     205.1
196
 2013 04 20 11 54 24.591     2013 04 20 11 57 25.283     180.7
 2013 04 20 22 01 28.601     2013 04 20 22 01 29.818       1.2
197
 2013 04 20 13 39 30.815     2013 04 20 13 43 11.181     220.4
 2013 04 20 15 17 39.012     2013 04 20 15 21 13.519     214.5
 2013 04 20 18 34 41.042     2013 04 20 18 35 19.239      38.2
 2013 04 20 20 13 23.564     2013 04 20 20 16 23.822     180.3
198
 2013 04 20 10 22 32.447     2013 04 20 10 25  9.813     157.4
 2013 04 20 20 22 30.142     2013 04 20 20 25 59.133     209.0
199
 2013 04 20 22 02 18.570     2013 04 20 22 05 10.111     171.5
200
 2013 04 20 13 27 31.205     2013 04 20 13 28 35.588      64.4
201
 2013 04 20 11 54 29.721     2013 04 20 11 57 48.818     199.1
 2013 04 20 22 00 31.970     2013 04 20 22 01  3.912      31.9
202
 2013 04 20 11 58 39.733     2013 04 20 12 02 31.835     232.1
203
 2013 04 20 13 35 16.021     2013 04 20 13 38 28.581     192.6
 2013 04 20 21 52  4.753     2013 04 20 21 54 55.846     171.1
204
 2013 04 20 13 33 45.276     2013 04 20 13 36 30.655     165.4
205
 2013 04 20 22 01 37.775     2013 04 20 22 05   .085     202.3
206
 2013 04 20 11 55   .315     2013 04 20 11 57 38.296     158.0
 2013 04 20 21 58 22.233     2013 04 20 22 01 34.527     192.3
207
208
 2013 04 20 11 59 56.012     2013 04 20 12 02 33.542     157.5
 2013 04 20 20 17 53.893     2013 04 20 20 21 39.841     225.9
209
 2013 04 20 13 40 55.765     2013 04 20 13 43 34.438     158.7
 2013 04 20 18 36 21.555     2013 04 20 18 39 57.643     216.1
 2013 04 20 20 14 11.441     2013 04 20 20 14 51.397      40.0
210
 2013 04 20 13 39  4.222     2013 04 20 13 42 17.789     193.6
 2013 04 20 20 13 48.658     2013 04 20 20 16 26.150     157.5
211
212
 2013 04 20 20 19 43.708     2013 04 20 20 19 54.090      10.4
213
 2013 04 20 23 35 35.727     2013 04 20 23 38 22.250     166.5
214
 2013 04 20 23 37  4.488     2013 04 20 23 39 42.585     158.1
215
 2013 04 20 10 14 57.331     2013 04 20 10 17 48.940     171.6
 2013 04 20 22 04  9.354     2013 04 20 22 06 46.826     157.5
216
 2013 04 20 11 59  9.459     2013 04 20 12 02  1.548     172.1
217
 2013 04 20 13 40  9.164     2013 04 20 13 42 50.745     161.6
 2013 04 20 20 14 48.932     2013 04 20 20 17 47.118     178.2
218
 2013 04 20 10 22 33.123     2013 04 20 10 25 19.314     166.2
 2013 04 20 20 22 38.114     2013 04 20 20 25  2.832     144.7
219
 2013 04 20 23 36 44.995     2013 04 20 23 39 38.308     173.3
220
 2013 04 20 12 01 50.513     2013 04 20 12 05  2.852     192.3
 2013 04 20 20 17   .234     2013 04 20 20 20  4.224     184.0
221
 2013 04 20 12 01 59.481     2013 04 20 12 04 44.237     164.8
 2013 04 20 20 17 29.455     2013 04 20 20 20 33.931     184.5
222
 2013 04 20 10 21 28.669     2013 04 20 10 24 46.879     198.2
 2013 04 20 20 23 48.319     2013 04 20 20 26 54.575     186.3
223
 2013 04 20 22 01 24.873     2013 04 20 22 03 43.264     138.4
224
 2013 04 20 12 00 58.367     2013 04 20 12 03 40.734     162.4
 2013 04 20 20 17 57.099     2013 04 20 20 20 36.730     159.6
225
 2013 04 20 20 26 42.692     2013 04 20 20 29 22.142     159.4
226
 2013 04 20 12 01 56.474     2013 04 20 12 04 56.448     180.0
 2013 04 20 20 17  9.971     2013 04 20 20 20 15.923     186.0
227
 2013 04 20 15 16 21.608     2013 04 20 15 19 24.625     183.0
 2013 04 20 20 12 23.147     2013 04 20 20 15 18.037     174.9
228
 2013 04 20 10 19 23.189     2013 04 20 10 19 36.137      12.9
 2013 04 20 20 25 15.580     2013 04 20 20 27 56.878     161.3
229
 2013 04 20 11 57  5.766     2013 04 20 12 00 41.329     215.6
 2013 04 20 21 56  7.362     2013 04 20 21 59 18.484     191.1
230
 2013 04 20 21 55 52.275     2013 04 20 21 58 34.864     162.6
231
 2013 04 20 13 27 47.126     2013 04 20 13 31  1.306     194.2
232
 2013 04 20 13 38 12.528     2013 04 20 13 41 33.018     200.5
 2013 04 20 20 15  1.291     2013 04 20 20 18 32.003     210.7
233
 2013 04 20 13 36 40.749     2013 04 20 13 40 11.492     210.7
 2013 04 20 21 53  9.992     2013 04 20 21 54 38.155      88.2
234
 2013 04 20 15 15 15.048     2013 04 20 15 18 14.641     179.6
 2013 04 20 21 49 42.681     2013 04 20 21 53 16.660     214.0
235
 2013 04 20 13 39 17.477     2013 04 20 13 39 55.833      38.4
 2013 04 20 21 51 22.310     2013 04 20 21 54  5.151     162.8
236
 2013 04 20 12 01 27.022     2013 04 20 12 04  9.859     162.8
 2013 04 20 20 17 51.417     2013 04 20 20 20 30.341     158.9
237
 2013 04 20 13 31 26.079     2013 04 20 13 34  4.341     158.3
 2013 04 20 23 32 20.635     2013 04 20 23 35  8.447     167.8
238
 2013 04 20 12 05 31.827     2013 04 20 12 08 12.191     160.4
 2013 04 20 18 39 34.583     2013 04 20 18 42 43.452     188.9
239
 2013 04 20 13 37 56.052     2013 04 20 13 40 42.025     166.0
240
 2013 04 20 22 01 48.017     2013 04 20 22 04 43.599     175.6
241
242
 2013 04 20 13 40 32.219     2013 04 20 13 43 18.744     166.5
 2013 04 20 18 35 44.741     2013 04 20 18 39 29.407     224.7
 2013 04 20 20 13 54.954     2013 04 20 20 17 32.630     217.7
243
 2013 04 20 11 52  6.709     2013 04 20 11 54 53.352     166.6
244
 2013 04 20 13 34 27.881     2013 04 20 13 37 21.363     173.5
 2013 04 20 21 55 14.250     2013 04 20 21 55 59.721      45.5
245
246
 2013 04 20 21 56   .823     2013 04 20 21 59 43.920     223.1
247
248
 2013 04 20 22 00 58.412     2013 04 20 22 03 47.139     168.7
249
 2013 04 20 10 22 25.240     2013 04 20 10 25 10.354     165.1
 2013 04 20 20 22 46.341     2013 04 20 20 26 22.876     216.5
250
 2013 04 20 10 23 13.834     2013 04 20 10 26 18.532     184.7
251
 2013 04 20 22 06 24.747     2013 04 20 22 06 28.086       3.3
252
 2013 04 20 21 55 28.685     2013 04 20 21 59 14.165     225.5
253
 2013 04 20 20 19 39.381     2013 04 20 20 22 49.247     189.9
254
255
 2013 04 20 22 01 13.555     2013 04 20 22 04 21.580     188.0
256
 2013 04 20 23 39  9.036     2013 04 20 23 39 29.200      20.2
257
 2013 04 20 13 31  7.602     2013 04 20 13 34 18.939     191.3
 2013 04 20 23 31 47.347     2013 04 20 23 34 24.449     157.1
258
 2013 04 20 13 34 44.430     2013 04 20 13 37 44.321     179.9
 2013 04 20 21 53 30.847     2013 04 20 21 56 43.841     193.0
259
 2013 04 20 13 39  7.348     2013 04 20 13 42  4.287     176.9
 2013 04 20 20 15 11.196     2013 04 20 20 17 53.290     162.1
260
 2013 04 20 11 59  4.726     2013 04 20 12 02 49.198     224.5
261
 2013 04 20 11 59 42.861     2013 04 20 12 02 27.151     164.3
 2013 04 20 20 21  6.054     2013 04 20 20 21 31.335      25.3
262
 2013 04 20 13 32 32.105     2013 04 20 13 35 15.635     163.5
263
264
 2013 04 20 10 23 49.433     2013 04 20 10 27 13.465     204.0
265
 2013 04 20 20 16  8.424     2013 04 20 20 19  1.260     172.8
266
267
 2013 04 20 13 34 34.320     2013 04 20 13 38  2.417     208.1
 2013 04 20 21 53 57.232     2013 04 20 21 57   .251     183.0
268
 2013 04 20 13 40 11.166     2013 04 20 13 43 41.372     210.2
 2013 04 20 20 15 27.209     2013 04 20 20 18 50.310     203.1
269
 2013 04 20 13 32 35.446     2013 04 20 13 33 41.207      65.8
270
 2013 04 20 22 00 56.529     2013 04 20 22 03 31.483     155.0
271
 2013 04 20 20 16 36.621     2013 04 20 20 19 25.557     168.9
272
 2013 04 20 23 36 53.505     2013 04 20 23 40 20.938     207.4
273
274
 2013 04 20 22 01 55.475     2013 04 20 22 04 40.181     164.7
275
 2013 04 20 23 37  6.278     2013 04 20 23 40 43.853     217.6
276
 2013 04 20 11 58 28.743     2013 04 20 12 02 14.967     226.2
277
 2013 04 20 22 01 27.751     2013 04 20 22 04 32.013     184.3
278
 2013 04 20 20 27 32.167     2013 04 20 20 30 53.506     201.3
279
 2013 04 20 12 02 38.723     2013 04 20 12 05 56.725     198.0
280
 2013 04 20 12 00 43.285     2013 04 20 12 03 21.176     157.9
 2013 04 20 20 18 18.023     2013 04 20 20 21  5.466     167.4
281
 2013 04 20 21 54 12.042     2013 04 20 21 54 44.463      32.4
282
 2013 04 20 23 29 19.388     2013 04 20 23 32 51.638     212.2
283
 2013 04 20 20 20 16.681     2013 04 20 20 23   .135     163.5
284
 2013 04 20 21 56  7.743     2013 04 20 21 58 47.696     160.0
285
 2013 04 20 20 25 42.409     2013 04 20 20 28 57.980     195.6
286
 2013 04 20 22 00 44.838     2013 04 20 22 04 15.185     210.3
287
 2013 04 20 15 16 16.670     2013 04 20 15 18 55.179     158.5
 2013 04 20 20 11 40.937     2013 04 20 20 14 33.500     172.6
288
289
290
291
 2013 04 20 10 19 41.651     2013 04 20 10 22 27.619     166.0
 2013 04 20 20 26 56.474     2013 04 20 20 27  2.912       6.4
292
 2013 04 20 12 01 58.676     2013 04 20 12 04 39.239     160.6
 2013 04 20 20 17 38.889     2013 04 20 20 20 41.811     182.9
293
 2013 04 20 22 02 21.036     2013 04 20 22 06   .889     219.9
294
295
 2013 04 20 11 59 33.423     2013 04 20 12 02 26.065     172.6
296
297
298
 2013 04 20 23 35 35.859     2013 04 20 23 38 12.086     156.2
299
 2013 04 20 10 15 38.027     2013 04 20 10 18 15.761     157.7
 2013 04 20 22 03 58.143     2013 04 20 22 07 10.806     192.7
300
 2013 04 20 20 20  1.974     2013 04 20 20 23 44.690     222.7
301
 2013 04 20 20 27 26.213     2013 04 20 20 31  4.994     218.8
302
 2013 04 20 10 25 34.116     2013 04 20 10 29 23.697     229.6
 2013 04 20 18 42 10.344     2013 04 20 18 45  1.378     171.0
303
 2013 04 20 20 19 25.969     2013 04 20 20 20   .348      34.4
304
 2013 04 20 10 21 50.645     2013 04 20 10 24 48.864     178.2
 2013 04 20 20 23 25.202     2013 04 20 20 26 35.991     190.8
305
 2013 04 20 10 20 23.642     2013 04 20 10 21  2.846      39.2
306
 2013 04 20 12 05  4.309     2013 04 20 12 08  1.994     177.7
 2013 04 20 18 39 15.502     2013 04 20 18 42  7.834     172.3
307
 2013 04 20 13 31  4.134     2013 04 20 13 33 41.583     157.4
 2013 04 20 23 32 38.635     2013 04 20 23 35 15.780     157.1
308
 2013 04 20 13 32 38.827     2013 04 20 13 35 45.216     186.4
309
 2013 04 20 11 53 39.400     2013 04 20 11 56 24.490     165.1
310
 2013 04 20 20 21  3.482     2013 04 20 20 23 41.149     157.7
311
 2013 04 20 13 34 32.966     2013 04 20 13 38 15.092     222.1
 2013 04 20 21 54  9.277     2013 04 20 21 57  4.498     175.2
312
313
 2013 04 20 12 03 14.485     2013 04 20 12 06 44.099     209.6
 2013 04 20 18 38 23.288     2013 04 20 18 41 46.116     202.8
314
315
 2013 04 20 22 00 41.381     2013 04 20 22 04 10.159     208.8
316
 2013 04 20 13 39  6.834     2013 04 20 13 42 19.685     192.9
 2013 04 20 20 15 27.249     2013 04 20 20 18  6.629     159.4
317
 2013 04 20 10 18 31.147     2013 04 20 10 21  9.371     158.2
318
 2013 04 20 11 51 25.244     2013 04 20 11 54 29.119     183.9
319
 2013 04 20 12 05 12.161     2013 04 20 12 08 49.574     217.4
 2013 04 20 18 40 54.097     2013 04 20 18 44  1.719     187.6
320
 2013 04 20 10 23 28.155     2013 04 20 10 26  7.311     159.2
321
322
 2013 04 20 12 06 44.088     2013 04 20 12 09 22.594     158.5
 2013 04 20 17 02  8.778     2013 04 20 17 05  4.864     176.1
323
 2013 04 20 13 38 46.949     2013 04 20 13 41 27.757     160.8
 2013 04 20 20 14  9.840     2013 04 20 20 17 10.738     180.9
324
 2013 04 20 13 27  1.626     2013 04 20 13 30 35.796     214.2
325
 2013 04 20 10 20  2.902     2013 04 20 10 23 34.077     211.2
 2013 04 20 20 22  9.636     2013 04 20 20 25 48.374     218.7
326
 2013 04 20 23 34 45.587     2013 04 20 23 37 21.595     156.0
327
 2013 04 20 12 03 38.068     2013 04 20 12 07 16.407     218.3
 2013 04 20 13 41 30.205     2013 04 20 13 41 33.458       3.3
 2013 04 20 18 38 37.308     2013 04 20 18 41 27.457     170.1
328
 2013 04 20 12 05 37.096     2013 04 20 12 08 17.821     160.7
 2013 04 20 17 05  1.984     2013 04 20 17 05  3.760       1.8
 2013 04 20 18 39 30.803     2013 04 20 18 42 46.718     195.9
329
 2013 04 20 10 17 36.031     2013 04 20 10 21 25.864     229.8
330
 2013 04 20 11 57 42.580     2013 04 20 12 00 21.359     158.8
 2013 04 20 21 56 48.392     2013 04 20 21 57  3.758      15.4
331
 2013 04 20 21 54 52.877     2013 04 20 21 58 12.762     199.9
332
333
 2013 04 20 12 05 14.735     2013 04 20 12 08 33.968     199.2
 2013 04 20 18 40 43.725     2013 04 20 18 43 45.632     181.9
334
 2013 04 20 11 51 18.803     2013 04 20 11 54 36.623     197.8
 2013 04 20 23 36 49.665     2013 04 20 23 37  5.247      15.6
335
 2013 04 20 11 54 54.011     2013 04 20 11 55 59.265      65.3
336
 2013 04 20 21 54 33.680     2013 04 20 21 57 41.057     187.4
337
338
 2013 04 20 13 35  6.531     2013 04 20 13 38 20.837     194.3
 2013 04 20 21 53 52.544     2013 04 20 21 56 35.323     162.8
339
 2013 04 20 13 32 47.515     2013 04 20 13 35 50.311     182.8
340
 2013 04 20 10 16 55.385     2013 04 20 10 20 22.873     207.5
341
 2013 04 20 20 25 53.136     2013 04 20 20 28 32.073     158.9
342
 2013 04 20 23 35 12.853     2013 04 20 23 36  6.468      53.6
343
344
 2013 04 20 11 56 51.443     2013 04 20 11 59 29.135     157.7
 2013 04 20 21 57 31.054     2013 04 20 22 00 27.355     176.3
345
 2013 04 20 13 38  5.933     2013 04 20 13 40 56.568     170.6
 2013 04 20 20 13 26.005     2013 04 20 20 17 14.154     228.1
346
347
 2013 04 20 12 04 13.515     2013 04 20 12 06 51.879     158.4
 2013 04 20 18 39 40.854     2013 04 20 18 42 33.447     172.6
348
 2013 04 20 15 13 26.940     2013 04 20 15 17 18.680     231.7
 2013 04 20 21 50 34.867     2013 04 20 21 53 17.893     163.0
349
 2013 04 20 10 22   .961     2013 04 20 10 25 49.097     228.1
350
 2013 04 20 13 38 43.678     2013 04 20 13 41 22.953     159.3
 2013 04 20 20 14 11.308     2013 04 20 20 17 17.462     186.2
351
 2013 04 20 10 25 38.925     2013 04 20 10 28 35.605     176.7
 2013 04 20 18 42 46.529     2013 04 20 18 45 51.979     185.4
352
 2013 04 20 12 02 38.112     2013 04 20 12 06 10.146     212.0
353
354
 2013 04 20 10 25 51.982     2013 04 20 10 26 56.431      64.4
 2013 04 20 20 20 23.553     2013 04 20 20 21  7.494      43.9
355
 2013 04 20 10 20 21.609     2013 04 20 10 22 59.801     158.2
 2013 04 20 20 23 17.738     2013 04 20 20 26 33.291     195.6
356
 2013 04 20 12 04 34.303     2013 04 20 12 07 12.968     158.7
 2013 04 20 18 39 48.230     2013 04 20 18 42 27.372     159.1
357
 2013 04 20 11 59 40.465     2013 04 20 12 02 42.946     182.5
 2013 04 20 20 20 24.528     2013 04 20 20 21  6.947      42.4
358
 2013 04 20 15 14 10.367     2013 04 20 15 16 50.112     159.7
 2013 04 20 21 49 33.141     2013 04 20 21 52 10.664     157.5
359
 2013 04 20 11 51 44.411     2013 04 20 11 54 36.801     172.4
360
 2013 04 20 12 03 40.700     2013 04 20 12 04 14.827      34.1
 2013 04 20 20 16 42.089     2013 04 20 20 19 36.702     174.6
361
 2013 04 20 22 02 31.897     2013 04 20 22 06  9.847     218.0
362
 2013 04 20 15 14 21.133     2013 04 20 15 17 17.465     176.3
 2013 04 20 21 49 59.797     2013 04 20 21 52 38.738     158.9
363
364
 2013 04 20 13 37 44.636     2013 04 20 13 40 33.430     168.8
365
 2013 04 20 10 23 31.289     2013 04 20 10 26 10.248     159.0
366
 2013 04 20 10 16  9.252     2013 04 20 10 19 18.873     189.6
367
 2013 04 20 23 33 43.557     2013 04 20 23 37 18.409     214.9
368
 2013 04 20 11 52 10.302     2013 04 20 11 55 43.942     213.6
369
 2013 04 20 10 26 10.372     2013 04 20 10 30   .809     230.4
 2013 04 20 18 42 10.255     2013 04 20 18 44 47.081     156.8
370
 2013 04 20 22 00 24.251     2013 04 20 22 01 41.889      77.6
371
372
373
 2013 04 20 11 52 19.636     2013 04 20 11 52 21.201       1.6
374
 2013 04 20 13 39 20.487     2013 04 20 13 42  6.117     165.6
 2013 04 20 20 15   .443     2013 04 20 20 17 38.827     158.4
375
 2013 04 20 10 24 17.781     2013 04 20 10 24 28.024      10.2
 2013 04 20 20 21 41.984     2013 04 20 20 24 57.396     195.4
376
 2013 04 20 10 24  8.103     2013 04 20 10 27  9.513     181.4
377
 2013 04 20 10 22  4.943     2013 04 20 10 25  1.326     176.4
 2013 04 20 20 23 10.620     2013 04 20 20 26 36.266     205.6
378
 2013 04 20 11 52  1.397     2013 04 20 11 55 51.012     229.6
379
 2013 04 20 13 36  2.542     2013 04 20 13 39  5.069     182.5
 2013 04 20 21 53 32.081     2013 04 20 21 56 17.668     165.6
380
 2013 04 20 20 24 20.034     2013 04 20 20 28  6.426     226.4
381
 2013 04 20 13 36 38.767     2013 04 20 13 39 33.450     174.7
 2013 04 20 21 52  2.067     2013 04 20 21 55  4.135     182.1
382
 2013 04 20 11 59 45.211     2013 04 20 12 02 53.615     188.4
 2013 04 20 20 17  2.017     2013 04 20 20 17 56.616      54.6
383
 2013 04 20 10 17  7.600     2013 04 20 10 20 20.990     193.4
384
 2013 04 20 23 34 51.989     2013 04 20 23 37 49.156     177.2
385
386
 2013 04 20 10 15 49.185     2013 04 20 10 15 55.909       6.7
 2013 04 20 22 02 22.027     2013 04 20 22 05 40.008     198.0
387
 2013 04 20 23 30 12.260     2013 04 20 23 33 28.899     196.6
388
 2013 04 20 20 27  2.487     2013 04 20 20 29 40.363     157.9
389
 2013 04 20 11 58 59.266     2013 04 20 12 01 49.096     169.8
390
 2013 04 20 15 15 12.372     2013 04 20 15 18 32.509     200.1
 2013 04 20 21 49 56.277     2013 04 20 21 53 38.667     222.4
391
 2013 04 20 23 35 10.440     2013 04 20 23 38 38.894     208.5
392
 2013 04 20 10 23 34.350     2013 04 20 10 26 36.429     182.1
393
394
 2013 04 20 10 15 51.301     2013 04 20 10 18 53.695     182.4
 2013 04 20 22 03 10.284     2013 04 20 22 06 26.825     196.5
395
 2013 04 20 23 35 17.346     2013 04 20 23 35 34.888      17.5
396
 2013 04 20 12 04 54.742     2013 04 20 12 08  9.277     194.5
 2013 04 20 18 40 46.771     2013 04 20 18 43 29.797     163.0
397
 2013 04 20 12 05 20.394     2013 04 20 12 07 58.793     158.4
 2013 04 20 18 39 53.791     2013 04 20 18 42 47.435     173.6
398
 2013 04 20 11 54 44.470     2013 04 20 11 58 19.542     215.1
 2013 04 20 21 56 50.249     2013 04 20 22 00 31.293     221.0
399
 2013 04 20 10 17  9.381     2013 04 20 10 20 31.613     202.2
400
 2013 04 20 10 21 26.737     2013 04 20 10 25 16.979     230.2
 2013 04 20 20 21 51.349     2013 04 20 20 24 27.296     155.9
401
 2013 04 20 10 19 25.377     2013 04 20 10 20 32.129      66.8
 2013 04 20 20 25  6.102     2013 04 20 20 27 53.684     167.6
402
 2013 04 20 00 00   .000     2013 04 20 00 01 18.872      78.9
 2013 04 20 11 50 35.037     2013 04 20 11 53 14.026     159.0
 2013 04 20 23 38 38.075     2013 04 20 23 42 20.100     222.0
403
 2013 04 20 13 32 14.226     2013 04 20 13 32 42.228      28.0
 2013 04 20 23 30  7.510     2013 04 20 23 33 54.582     227.1
404
 2013 04 20 10 17 39.515     2013 04 20 10 20 22.108     162.6
405
 2013 04 20 13 35 58.216     2013 04 20 13 38 36.017     157.8
 2013 04 20 21 53   .240     2013 04 20 21 55 36.558     156.3
406
 2013 04 20 20 20 46.490     2013 04 20 20 23 22.196     155.7
407
 2013 04 20 11 51 20.189     2013 04 20 11 51 48.002      27.8
408
 2013 04 20 00 00   .000     2013 04 20 00 00   .108        .1
 2013 04 20 11 49 56.820     2013 04 20 11 53 11.278     194.5
 2013 04 20 23 38 17.699     2013 04 20 23 41  1.409     163.7
409
410
 2013 04 20 20 26 15.318     2013 04 20 20 29 41.024     205.7
411
 2013 04 20 13 36 56.515     2013 04 20 13 40 50.952     234.4
412
 2013 04 20 13 41 51.618     2013 04 20 13 44 36.415     164.8
 2013 04 20 18 37 28.470     2013 04 20 18 40 12.437     164.0
413
 2013 04 20 13 29  8.077     2013 04 20 13 32 17.744     189.7
 2013 04 20 23 33 53.114     2013 04 20 23 37  6.512     193.4
414
 2013 04 20 11 52 39.423     2013 04 20 11 55 16.857     157.4
415
 2013 04 20 12 04   .392     2013 04 20 12 06 54.106     173.7
 2013 04 20 18 39 10.389     2013 04 20 18 42  4.660     174.3
416
 2013 04 20 13 35 17.452     2013 04 20 13 38 52.104     214.7
 2013 04 20 21 54  6.365     2013 04 20 21 56 42.399     156.0
417
 2013 04 20 12 02 22.107     2013 04 20 12 02 33.857      11.7
418
 2013 04 20 10 24 38.944     2013 04 20 10 27 56.042     197.1
419
 2013 04 20 10 21 37.058     2013 04 20 10 24 30.725     173.7
 2013 04 20 20 23 36.073     2013 04 20 20 26 29.181     173.1
420
 2013 04 20 11 51 43.374     2013 04 20 11 53  1.791      78.4
 2013 04 20 23 38  8.601     2013 04 20 23 40 47.117     158.5
421
 2013 04 20 20 16 29.639     2013 04 20 20 19 12.434     162.8
422
 2013 04 20 12 06  9.722     2013 04 20 12 08 55.115     165.4
 2013 04 20 17 01 48.345     2013 04 20 17 05 34.992     226.6
 2013 04 20 18 39 45.822     2013 04 20 18 40 31.242      45.4
423
 2013 04 20 12 01   .211     2013 04 20 12 03 39.835     159.6
 2013 04 20 20 18 27.045     2013 04 20 20 21  4.488     157.4
424
 2013 04 20 21 51  4.938     2013 04 20 21 53 51.065     166.1
425
 2013 04 20 23 34 57.678     2013 04 20 23 37 37.922     160.2
426
427
 2013 04 20 13 31  8.502     2013 04 20 13 34  1.326     172.8
 2013 04 20 23 32  7.081     2013 04 20 23 34 44.006     156.9
428
 2013 04 20 11 51 50.987     2013 04 20 11 52  9.352      18.4
429
 2013 04 20 12 01 18.130     2013 04 20 12 05  7.016     228.9
 2013 04 20 20 19  2.505     2013 04 20 20 22 17.445     194.9
430
 2013 04 20 12 01 43.536     2013 04 20 12 04 21.461     157.9
 2013 04 20 20 18  4.569     2013 04 20 20 20 54.434     169.9
431
 2013 04 20 12 05 23.232     2013 04 20 12 08 50.032     206.8
 2013 04 20 18 40 43.659     2013 04 20 18 43 59.673     196.0
432
 2013 04 20 13 35 43.614     2013 04 20 13 38 26.467     162.9
 2013 04 20 21 53 18.480     2013 04 20 21 55 55.366     156.9
433
434
 2013 04 20 13 33 43.898     2013 04 20 13 37 12.465     208.6
435
436
437
438
 2013 04 20 11 56 12.394     2013 04 20 11 59 34.550     202.2
 2013 04 20 21 56 58.513     2013 04 20 21 59 33.971     155.5
439
 2013 04 20 12 02  9.150     2013 04 20 12 05 38.689     209.5
 2013 04 20 20 16 26.397     2013 04 20 20 20  2.964     216.6
440
 2013 04 20 11 50 49.624     2013 04 20 11 52  6.922      77.3
441
 2013 04 20 11 59 33.770     2013 04 20 12 02 13.805     160.0
442
 2013 04 20 11 58 48.326     2013 04 20 12 01 42.416     174.1
443
 2013 04 20 11 50 40.995     2013 04 20 11 53 33.794     172.8
 2013 04 20 23 38 34.098     2013 04 20 23 38 35.378       1.3
444
 2013 04 20 23 35  1.177     2013 04 20 23 36 35.811      94.6
445
 2013 04 20 20 25 42.566     2013 04 20 20 28 18.874     156.3
446
 2013 04 20 12 01 13.001     2013 04 20 12 03 51.247     158.2
 2013 04 20 20 18 19.949     2013 04 20 20 20 56.235     156.3
447
 2013 04 20 11 51 47.707     2013 04 20 11 54 50.642     182.9
448
 2013 04 20 13 37 13.747     2013 04 20 13 40 26.849     193.1
449
 2013 04 20 13 38 34.988     2013 04 20 13 42  8.937     213.9
 2013 04 20 15 16 25.711     2013 04 20 15 16 32.609       6.9
 2013 04 20 20 13 29.063     2013 04 20 20 16 12.083     163.0
450
 2013 04 20 10 23  6.688     2013 04 20 10 25 47.029     160.3
 2013 04 20 20 21 39.047     2013 04 20 20 22  6.469      27.4
451
 2013 04 20 15 13 33.012     2013 04 20 15 14 50.189      77.2
 2013 04 20 21 50 42.947     2013 04 20 21 53 21.571     158.6
452
 2013 04 20 12 01 40.038     2013 04 20 12 05 33.371     233.3
 2013 04 20 20 18 43.367     2013 04 20 20 22 33.695     230.3
453
 2013 04 20 12 05 50.894     2013 04 20 12 08 36.572     165.7
 2013 04 20 18 39 58.721     2013 04 20 18 43 31.397     212.7
454
455
 2013 04 20 13 39 47.879     2013 04 20 13 43  9.846     202.0
 2013 04 20 20 15 33.413     2013 04 20 20 18 25.422     172.0
456
 2013 04 20 20 15 50.151     2013 04 20 20 19 32.208     222.1
457
 2013 04 20 15 13  3.263     2013 04 20 15 14 43.875     100.6
 2013 04 20 21 50 26.131     2013 04 20 21 53 27.735     181.6
458
 2013 04 20 13 40 11.229     2013 04 20 13 43   .449     169.2
 2013 04 20 18 39 21.159     2013 04 20 18 39 31.053       9.9
 2013 04 20 20 14  2.025     2013 04 20 20 17 12.995     191.0
459
 2013 04 20 12 04 39.140     2013 04 20 12 08  5.032     205.9
 2013 04 20 13 42 32.840     2013 04 20 13 44  8.351      95.5
 2013 04 20 18 38 54.453     2013 04 20 18 41 40.470     166.0
460
 2013 04 20 15 16 35.910     2013 04 20 15 19 27.724     171.8
 2013 04 20 20 12 22.277     2013 04 20 20 15  6.808     164.5
461
 2013 04 20 22 02 11.433     2013 04 20 22 05 32.324     200.9
462
463
 2013 04 20 13 26  5.606     2013 04 20 13 26 46.605      41.0
464
 2013 04 20 12 02 56.157     2013 04 20 12 05 52.062     175.9
465
 2013 04 20 10 18 15.798     2013 04 20 10 19 53.891      98.1
 2013 04 20 20 28 58.729     2013 04 20 20 29  5.025       6.3
466
 2013 04 20 11 51 22.132     2013 04 20 11 52 26.675      64.5
467
 2013 04 20 10 26 14.151     2013 04 20 10 27  8.188      54.0
468
 2013 04 20 13 29  7.250     2013 04 20 13 32 49.869     222.6
 2013 04 20 23 34 21.507     2013 04 20 23 37  9.572     168.1
469
 2013 04 20 10 20 33.223     2013 04 20 10 23 16.253     163.0
 2013 04 20 20 23 53.534     2013 04 20 20 26 42.058     168.5
470
 2013 04 20 13 40  9.048     2013 04 20 13 42 58.598     169.5
 2013 04 20 18 39 30.498     2013 04 20 18 39 31.242        .7
 2013 04 20 20 14  2.546     2013 04 20 20 17 11.111     188.6
471
 2013 04 20 10 19 43.036     2013 04 20 10 22 30.169     167.1
 2013 04 20 20 23 55.052     2013 04 20 20 27 32.092     217.0
472
 2013 04 20 23 35 48.736     2013 04 20 23 38 39.509     170.8
473
 2013 04 20 13 37 35.881     2013 04 20 13 40 56.891     201.0
 2013 04 20 20 16 24.605     2013 04 20 20 16 54.922      30.3
474
 2013 04 20 13 28 17.964     2013 04 20 13 31 50.708     212.7
 2013 04 20 23 34  5.709     2013 04 20 23 34 12.993       7.3
475
 2013 04 20 15 12 14.300     2013 04 20 15 15 32.881     198.6
476
477
 2013 04 20 23 29 57.227     2013 04 20 23 33 12.367     195.1
478
 2013 04 20 15 12 32.334     2013 04 20 15 15 59.174     206.8
 2013 04 20 21 53   .334     2013 04 20 21 53 35.657      35.3
479
 2013 04 20 10 16 53.264     2013 04 20 10 17 58.368      65.1
480
 2013 04 20 00 00   .000     2013 04 20 00 00 26.235      26.2
 2013 04 20 11 50  7.691     2013 04 20 11 52 57.580     169.9
 2013 04 20 23 38 35.358     2013 04 20 23 41 27.516     172.2
481
 2013 04 20 12 05 50.751     2013 04 20 12 08 57.867     187.1
 2013 04 20 18 40 17.071     2013 04 20 18 44  1.587     224.5
482
 2013 04 20 22 00 12.475     2013 04 20 22 03 47.738     215.3
483
 2013 04 20 13 34 27.937     2013 04 20 13 34 37.460       9.5
 2013 04 20 21 54 34.012     2013 04 20 21 57 16.274     162.3
484
 2013 04 20 13 37  9.615     2013 04 20 13 40 41.194     211.6
 2013 04 20 21 50 52.555     2013 04 20 21 51 34.614      42.1
485
 2013 04 20 10 19 53.930     2013 04 20 10 20 35.588      41.7
 2013 04 20 22 01 27.681     2013 04 20 22 01 48.323      20.6
486
 2013 04 20 12 06 18.426     2013 04 20 12 09  5.078     166.7
 2013 04 20 17 02   .203     2013 04 20 17 05 34.760     214.6
487
488
 2013 04 20 11 59 55.562     2013 04 20 12 03 39.535     224.0
 2013 04 20 20 19 28.382     2013 04 20 20 22 16.683     168.3
489
 2013 04 20 10 18 28.182     2013 04 20 10 22 10.092     221.9
 2013 04 20 20 28 41.714     2013 04 20 20 28 53.507      11.8
490
 2013 04 20 20 16 30.019     2013 04 20 20 19 16.654     166.6
491
 2013 04 20 13 37  4.772     2013 04 20 13 39 53.281     168.5
 2013 04 20 21 52 35.975     2013 04 20 21 56 24.342     228.4
492
 2013 04 20 23 34 50.462     2013 04 20 23 37 26.863     156.4
493
 2013 04 20 23 34 48.402     2013 04 20 23 38 26.229     217.8
494
495
 2013 04 20 20 26 56.224     2013 04 20 20 29 46.336     170.1
496
 2013 04 20 10 20 49.852     2013 04 20 10 24 41.819     232.0
 2013 04 20 20 24 24.284     2013 04 20 20 27 19.428     175.1
497
 2013 04 20 10 21  9.529     2013 04 20 10 24  3.800     174.3
 2013 04 20 20 22 48.453     2013 04 20 20 25 27.737     159.3
498
499
 2013 04 20 10 22 58.955     2013 04 20 10 25 45.903     166.9
500
 2013 04 20 12 05 28.348     2013 04 20 12 08 36.461     188.1
 2013 04 20 13 43 15.439     2013 04 20 13 47 11.417     236.0
 2013 04 20 17 00 38.724     2013 04 20 17 04 19.537     220.8
 2013 04 20 18 38 51.686     2013 04 20 18 42 20.363     208.7
501
 2013 04 20 12 02 25.480     2013 04 20 12 05 18.956     173.5
 2013 04 20 20 17 49.817     2013 04 20 20 18 37.400      47.6
502
 2013 04 20 20 15 55.961     2013 04 20 20 19 21.185     205.2
503
504
 2013 04 20 10 21 48.776     2013 04 20 10 24 44.562     175.8
 2013 04 20 20 22 30.291     2013 04 20 20 25 10.330     160.0
505
 2013 04 20 13 35  3.346     2013 04 20 13 37 43.032     159.7
 2013 04 20 21 52 37.019     2013 04 20 21 55 51.604     194.6
506
 2013 04 20 20 25 59.518     2013 04 20 20 29  5.586     186.1
507
 2013 04 20 10 22 51.750     2013 04 20 10 26 13.693     201.9
508
 2013 04 20 11 59 40.701     2013 04 20 12 02 41.761     181.1
 2013 04 20 20 20 27.677     2013 04 20 20 21  8.532      40.9
509
 2013 04 20 10 18 13.047     2013 04 20 10 21 17.125     184.1
510
 2013 04 20 10 22 26.288     2013 04 20 10 25 11.381     165.1
 2013 04 20 20 22 14.095     2013 04 20 20 25 25.105     191.0
511
 2013 04 20 22 01 39.857     2013 04 20 22 04 15.219     155.4
512
 2013 04 20 13 32 38.176     2013 04 20 13 35 43.502     185.3
 2013 04 20 23 30 30.381     2013 04 20 23 30 50.529      20.1
513
 2013 04 20 21 50 30.462     2013 04 20 21 53 47.957     197.5
514
 2013 04 20 10 20 22.578     2013 04 20 10 23 24.998     182.4
 2013 04 20 20 22 38.588     2013 04 20 20 25 57.399     198.8
515
 2013 04 20 13 38 36.520     2013 04 20 13 41 35.492     179.0
 2013 04 20 20 13 46.061     2013 04 20 20 16 45.027     179.0
516
 2013 04 20 12 05 32.883     2013 04 20 12 08 11.413     158.5
 2013 04 20 18 39 50.168     2013 04 20 18 42 56.967     186.8
517
 2013 04 20 11 55 57.294     2013 04 20 11 57 20.571      83.3
 2013 04 20 21 58 45.964     2013 04 20 22 02 11.364     205.4
518
 2013 04 20 13 40 44.499     2013 04 20 13 41 44.874      60.4
 2013 04 20 18 37 38.072     2013 04 20 18 41 25.564     227.5
519
 2013 04 20 11 58 37.093     2013 04 20 12 01 24.924     167.8
520
 2013 04 20 20 25 44.593     2013 04 20 20 26 12.720      28.1
521
 2013 04 20 13 36  1.997     2013 04 20 13 39  4.537     182.5
 2013 04 20 21 53 32.380     2013 04 20 21 56 17.592     165.2
522
 2013 04 20 13 38  3.906     2013 04 20 13 38  7.006       3.1
 2013 04 20 20 15 50.065     2013 04 20 20 18 58.687     188.6
523
 2013 04 20 11 59 11.323     2013 04 20 12 02 24.262     192.9
524
 2013 04 20 10 19 10.819     2013 04 20 10 19 34.419      23.6
 2013 04 20 20 25 14.323     2013 04 20 20 28  5.856     171.5
525
526
 2013 04 20 13 30 50.766     2013 04 20 13 33 34.974     164.2
 2013 04 20 23 33  8.220     2013 04 20 23 35 46.205     158.0
527
 2013 04 20 11 52 33.725     2013 04 20 11 53 29.121      55.4
 2013 04 20 23 37 55.362     2013 04 20 23 40 30.367     155.0
528
 2013 04 20 10 16 26.438     2013 04 20 10 19 12.107     165.7
529
530
 2013 04 20 11 51  1.412     2013 04 20 11 51 59.056      57.6
531
 2013 04 20 10 19 27.758     2013 04 20 10 20 30.119      62.4
 2013 04 20 20 25  6.521     2013 04 20 20 27 51.961     165.4
532
 2013 04 20 10 18 25.153     2013 04 20 10 21 54.782     209.6
533
 2013 04 20 11 59 39.743     2013 04 20 12 03 28.185     228.4
 2013 04 20 20 16 38.613     2013 04 20 20 20 16.710     218.1
534
 2013 04 20 11 57  6.870     2013 04 20 12 00 20.506     193.6
 2013 04 20 21 57 34.851     2013 04 20 21 57 45.859      11.0
535
 2013 04 20 21 55 15.796     2013 04 20 21 58 31.979     196.2
536
537
 2013 04 20 12 08  9.365     2013 04 20 12 08 10.424       1.1
 2013 04 20 13 42 22.127     2013 04 20 13 45 43.264     201.1
 2013 04 20 18 38 24.185     2013 04 20 18 41  2.766     158.6
538
 2013 04 20 11 52  9.997     2013 04 20 11 55  7.145     177.1
539
 2013 04 20 23 33 55.641     2013 04 20 23 37 23.002     207.4
540
 2013 04 20 13 37 49.394     2013 04 20 13 41  2.445     193.1
 2013 04 20 20 13  2.403     2013 04 20 20 16 54.670     232.3
541
 2013 04 20 13 32 56.373     2013 04 20 13 36 42.959     226.6
542
 2013 04 20 15 14 20.334     2013 04 20 15 17  8.295     168.0
 2013 04 20 21 48 58.499     2013 04 20 21 51 38.652     160.2
543
 2013 04 20 22 00 21.366     2013 04 20 22 02 58.016     156.6
544
 2013 04 20 12 05 23.408     2013 04 20 12 08  8.530     165.1
 2013 04 20 18 39 26.889     2013 04 20 18 42 30.157     183.3
545
 2013 04 20 22 00 55.038     2013 04 20 22 04 27.893     212.9
546
 2013 04 20 11 54 49.586     2013 04 20 11 57 48.689     179.1
 2013 04 20 21 57 22.096     2013 04 20 22 01  3.093     221.0
547
 2013 04 20 18 41  6.855     2013 04 20 18 44 48.993     222.1
548
 2013 04 20 12 02 58.702     2013 04 20 12 03 16.784      18.1
 2013 04 20 18 40 44.032     2013 04 20 18 44 25.658     221.6
549
 2013 04 20 23 37   .796     2013 04 20 23 39 53.032     172.2
550
 2013 04 20 15 13  2.760     2013 04 20 15 16 49.391     226.6
 2013 04 20 21 50 16.445     2013 04 20 21 53 23.791     187.3
551
 2013 04 20 15 17  8.915     2013 04 20 15 20 13.595     184.7
 2013 04 20 20 12 54.149     2013 04 20 20 15 33.001     158.9
552
 2013 04 20 10 15 42.383     2013 04 20 10 18 53.995     191.6
553
 2013 04 20 23 30 31.641     2013 04 20 23 33 21.193     169.6
554
555
 2013 04 20 10 16 56.519     2013 04 20 10 20 28.813     212.3
556
 2013 04 20 15 15  6.120     2013 04 20 15 18  6.822     180.7
 2013 04 20 21 49 48.722     2013 04 20 21 53 10.429     201.7
557
 2013 04 20 23 34 56.056     2013 04 20 23 37 44.576     168.5
558
 2013 04 20 11 56 46.080     2013 04 20 11 58 27.480     101.4
559
 2013 04 20 11 53  4.908     2013 04 20 11 53  6.312       1.4
 2013 04 20 23 37 55.860     2013 04 20 23 40 42.036     166.2
560
 2013 04 20 10 18 59.023     2013 04 20 10 19 46.307      47.3
 2013 04 20 22 02 22.416     2013 04 20 22 05 32.950     190.5
561
 2013 04 20 13 34  2.851     2013 04 20 13 36 46.833     164.0
562
 2013 04 20 10 18 45.969     2013 04 20 10 22 32.121     226.2
 2013 04 20 20 24 49.525     2013 04 20 20 28 32.343     222.8
563
 2013 04 20 12 03 31.541     2013 04 20 12 06  9.766     158.2
 2013 04 20 18 39  8.540     2013 04 20 18 42 56.376     227.8
564
 2013 04 20 11 56  4.100     2013 04 20 11 58 45.635     161.5
 2013 04 20 21 57 49.170     2013 04 20 22 00 24.867     155.7
565
 2013 04 20 13 37 57.604     2013 04 20 13 41 26.185     208.6
 2013 04 20 20 14 56.626     2013 04 20 20 18 45.426     228.8
566
 2013 04 20 12 04 52.354     2013 04 20 12 07 31.375     159.0
 2013 04 20 18 40  3.321     2013 04 20 18 42 40.921     157.6
567
 2013 04 20 23 34 43.270     2013 04 20 23 38 29.058     225.8
568
 2013 04 20 23 37 16.235     2013 04 20 23 40  1.848     165.6
569
 2013 04 20 11 58 34.656     2013 04 20 12 01 14.983     160.3
570
 2013 04 20 10 20 50.870     2013 04 20 10 21 45.958      55.1
571
 2013 04 20 13 35 37.525     2013 04 20 13 38 15.220     157.7
 2013 04 20 21 53   .607     2013 04 20 21 55 41.921     161.3
572
 2013 04 20 11 51 59.453     2013 04 20 11 54 42.421     163.0
573
 2013 04 20 11 54 42.308     2013 04 20 11 57 40.164     177.9
 2013 04 20 21 57 21.297     2013 04 20 21 57 48.101      26.8
574
 2013 04 20 10 23 43.742     2013 04 20 10 23 46.140       2.4
575
 2013 04 20 10 18 50.721     2013 04 20 10 21 30.210     159.5
576
 2013 04 20 20 25 38.450     2013 04 20 20 28 41.239     182.8
577
 2013 04 20 22 00 35.144     2013 04 20 22 03 15.626     160.5
578
 2013 04 20 00 00   .000     2013 04 20 00 00  7.430       7.4
 2013 04 20 11 50  2.869     2013 04 20 11 53  8.874     186.0
 2013 04 20 23 38 21.286     2013 04 20 23 41  8.722     167.4
579
 2013 04 20 10 26 11.311     2013 04 20 10 29 35.275     204.0
 2013 04 20 18 42 29.896     2013 04 20 18 45  6.787     156.9
580
 2013 04 20 10 18 21.129     2013 04 20 10 21 23.982     182.9
581
 2013 04 20 10 19 37.652     2013 04 20 10 20 35.345      57.7
 2013 04 20 20 25 32.799     2013 04 20 20 25 56.590      23.8
582
 2013 04 20 12 04 12.834     2013 04 20 12 07 14.121     181.3
 2013 04 20 18 39 11.174     2013 04 20 18 41 52.856     161.7
583
 2013 04 20 23 36 23.506     2013 04 20 23 39  6.909     163.4
584
 2013 04 20 12 02 30.739     2013 04 20 12 05 28.597     177.9
 2013 04 20 20 16 42.820     2013 04 20 20 18 38.253     115.4
585
 2013 04 20 13 30 55.942     2013 04 20 13 33 33.481     157.5
 2013 04 20 23 32 42.226     2013 04 20 23 35 17.643     155.4
586
 2013 04 20 11 54   .820     2013 04 20 11 57 11.857     191.0
 2013 04 20 21 59  5.599     2013 04 20 22 02 46.539     220.9
587
 2013 04 20 20 20 54.308     2013 04 20 20 24 37.981     223.7
588
 2013 04 20 20 20 45.159     2013 04 20 20 24 29.338     224.2
589
 2013 04 20 23 35 11.012     2013 04 20 23 38  8.294     177.3
590
 2013 04 20 13 32 16.598     2013 04 20 13 36  6.047     229.4
 2013 04 20 23 30 10.538     2013 04 20 23 33 59.139     228.6
591
 2013 04 20 10 21 50.444     2013 04 20 10 25 13.354     202.9
 2013 04 20 20 22  1.257     2013 04 20 20 24 43.743     162.5
592
 2013 04 20 11 55 17.970     2013 04 20 11 59   .244     222.3
 2013 04 20 21 59 18.918     2013 04 20 22 01 58.313     159.4
593
 2013 04 20 10 23  2.017     2013 04 20 10 25 50.276     168.3
594
 2013 04 20 10 21 25.677     2013 04 20 10 24 35.727     190.0
 2013 04 20 20 22 26.878     2013 04 20 20 25  2.221     155.3
595
 2013 04 20 10 18  7.201     2013 04 20 10 19 27.966      80.8
 2013 04 20 22 02 39.493     2013 04 20 22 05 38.577     179.1
596
 2013 04 20 10 19 11.158     2013 04 20 10 22   .773     169.6
597
 2013 04 20 23 36 10.976     2013 04 20 23 38 55.508     164.5
598
 2013 04 20 13 35   .344     2013 04 20 13 38 39.863     219.5
 2013 04 20 21 54 11.256     2013 04 20 21 56 49.314     158.1
599
 2013 04 20 13 41  3.301     2013 04 20 13 43 52.041     168.7
 2013 04 20 18 36 47.849     2013 04 20 18 40 21.907     214.1
