0 39.2492 74.4024 6 22 9
2  45.0 45.0 0.00
1 18.9072 73.9085 3 26 5
2  45.0 45.0 0.00
2 42.1208 105.3390 6 28 9
2  45.0 45.0 0.00
3 34.5549 129.0951 9 28 9
2  45.0 45.0 0.00
4 9.3764 111.8856 5 23 5
2  45.0 45.0 0.00
5 33.2150 95.6734 3 22 5
2  45.0 45.0 0.00
6 15.1736 100.0083 4 29 5
2  45.0 45.0 0.00
7 37.4451 102.7451 4 21 8
2  45.0 45.0 0.00
8 37.4879 107.5843 6 20 8
2  45.0 45.0 0.00
9 5.9075 99.1830 8 20 7
2  45.0 45.0 0.00
10 43.7458 106.8626 5 18 8
2  45.0 45.0 0.00
11 6.8445 100.4453 4 20 7
2  45.0 45.0 0.00
12 50.0126 104.2389 7 25 9
2  45.0 45.0 0.00
13 19.6139 107.8272 4 27 7
2  45.0 45.0 0.00
14 9.7673 103.2586 2 19 7
2  45.0 45.0 0.00
15 30.5562 90.3504 8 27 6
2  45.0 45.0 0.00
16 11.3958 73.0104 2 16 8
2  45.0 45.0 0.00
17 36.9548 84.2876 6 18 8
2  45.0 45.0 0.00
18 14.5740 79.2415 3 27 5
2  45.0 45.0 0.00
19 11.4554 126.1892 6 23 7
2  45.0 45.0 0.00
20 26.8849 111.0248 5 28 6
2  45.0 45.0 0.00
21 18.5303 90.4825 3 27 9
2  45.0 45.0 0.00
22 42.3859 111.8733 9 15 6
2  45.0 45.0 0.00
23 50.0040 99.3615 5 15 6
2  45.0 45.0 0.00
24 10.2075 94.7878 7 16 6
2  45.0 45.0 0.00
25 4.5661 111.5374 10 18 9
2  45.0 45.0 0.00
26 36.2319 117.7037 6 20 9
2  45.0 45.0 0.00
27 29.7085 80.0443 7 27 6
2  45.0 45.0 0.00
28 22.3861 94.7663 3 18 9
2  45.0 45.0 0.00
29 32.1796 77.7685 6 22 7
2  45.0 45.0 0.00
30 39.4875 125.5244 7 19 8
2  45.0 45.0 0.00
31 8.7284 104.0169 3 25 6
2  45.0 45.0 0.00
32 36.4158 75.3342 3 29 6
2  45.0 45.0 0.00
33 5.1328 87.9393 2 16 8
2  45.0 45.0 0.00
34 44.1338 109.5999 10 24 5
2  45.0 45.0 0.00
35 42.0689 80.2800 3 18 8
2  45.0 45.0 0.00
36 50.5923 83.3888 4 25 6
2  45.0 45.0 0.00
37 42.4615 101.6396 9 24 8
2  45.0 45.0 0.00
38 3.8611 99.2318 6 22 5
2  45.0 45.0 0.00
39 20.4409 96.2127 6 27 8
2  45.0 45.0 0.00
40 19.7302 132.5185 5 26 8
2  45.0 45.0 0.00
41 8.9876 88.7310 9 18 7
2  45.0 45.0 0.00
42 52.6617 88.2085 6 29 9
2  45.0 45.0 0.00
43 27.7585 93.8434 3 26 7
2  45.0 45.0 0.00
44 31.2664 108.6426 4 21 5
2  45.0 45.0 0.00
45 22.2739 79.1662 10 21 7
2  45.0 45.0 0.00
46 22.7250 88.5092 10 23 6
2  45.0 45.0 0.00
47 50.9936 96.9319 1 15 6
2  45.0 45.0 0.00
48 29.3524 88.4888 8 17 5
2  45.0 45.0 0.00
49 41.1873 100.2926 6 22 9
2  45.0 45.0 0.00
50 3.0714 109.7999 1 20 6
2  45.0 45.0 0.00
51 40.0280 106.3328 9 24 8
2  45.0 45.0 0.00
52 3.8491 120.8292 5 25 7
2  45.0 45.0 0.00
53 39.7374 113.5267 2 26 9
2  45.0 45.0 0.00
54 7.8152 90.4862 4 20 8
2  45.0 45.0 0.00
55 18.3591 97.2454 9 19 7
2  45.0 45.0 0.00
56 49.5301 107.2882 2 24 7
2  45.0 45.0 0.00
57 42.0585 127.4658 10 19 6
2  45.0 45.0 0.00
58 23.2163 117.1599 3 19 9
2  45.0 45.0 0.00
59 39.4947 104.6806 8 24 5
2  45.0 45.0 0.00
60 7.4151 115.5058 9 23 7
2  45.0 45.0 0.00
61 38.4996 86.0617 10 23 7
2  45.0 45.0 0.00
62 19.8235 88.9355 6 17 7
2  45.0 45.0 0.00
63 25.2756 83.9501 6 19 8
2  45.0 45.0 0.00
64 44.3492 97.2526 4 21 8
2  45.0 45.0 0.00
65 21.0153 130.7719 10 21 5
2  45.0 45.0 0.00
66 41.9587 117.9392 2 18 8
2  45.0 45.0 0.00
67 14.1086 73.2701 1 16 7
2  45.0 45.0 0.00
68 31.1737 92.3255 3 27 8
2  45.0 45.0 0.00
69 9.9367 108.6602 10 26 7
2  45.0 45.0 0.00
70 30.3696 86.3547 3 15 8
2  45.0 45.0 0.00
71 37.2046 91.0700 1 28 7
2  45.0 45.0 0.00
72 40.3564 118.6606 7 23 6
2  45.0 45.0 0.00
73 32.3742 73.7208 9 22 7
2  45.0 45.0 0.00
74 25.0505 77.8169 3 27 6
2  45.0 45.0 0.00
75 28.2446 108.2900 8 24 8
2  45.0 45.0 0.00
76 41.2985 86.0346 8 15 8
2  45.0 45.0 0.00
77 30.8298 115.0012 6 23 8
2  45.0 45.0 0.00
78 49.0503 80.8494 4 22 9
2  45.0 45.0 0.00
79 43.1232 119.2828 5 22 9
2  45.0 45.0 0.00
80 9.3361 80.1048 4 18 5
2  45.0 45.0 0.00
81 26.3555 95.4289 9 24 9
2  45.0 45.0 0.00
82 7.7962 111.6149 6 16 8
2  45.0 45.0 0.00
83 29.4942 117.0950 9 27 8
2  45.0 45.0 0.00
84 47.3732 100.9530 3 27 5
2  45.0 45.0 0.00
85 18.5094 106.4127 4 29 9
2  45.0 45.0 0.00
86 39.6756 79.3366 10 25 7
2  45.0 45.0 0.00
87 35.3778 132.9067 7 28 9
2  45.0 45.0 0.00
88 12.1390 75.3081 2 24 5
2  45.0 45.0 0.00
89 16.8713 73.9519 3 26 5
2  45.0 45.0 0.00
90 6.3774 131.2631 10 25 8
2  45.0 45.0 0.00
91 36.0419 89.7849 5 15 8
2  45.0 45.0 0.00
92 48.5116 95.4396 6 26 9
2  45.0 45.0 0.00
93 52.5158 128.5206 8 25 5
2  45.0 45.0 0.00
94 29.5720 124.1940 2 28 8
2  45.0 45.0 0.00
95 45.4498 124.7048 1 25 9
2  45.0 45.0 0.00
96 17.7161 122.0445 1 29 9
2  45.0 45.0 0.00
97 41.1230 95.9332 9 15 9
2  45.0 45.0 0.00
98 21.3904 129.0659 1 16 6
2  45.0 45.0 0.00
99 43.4394 90.5642 2 24 6
2  45.0 45.0 0.00
100 20.6041 91.7525 3 24 9
2  45.0 45.0 0.00
101 13.7157 77.6523 5 16 8
2  45.0 45.0 0.00
102 42.9546 106.2852 7 17 8
2  45.0 45.0 0.00
103 7.6412 95.8811 3 26 5
2  45.0 45.0 0.00
104 33.4048 126.5630 1 26 5
2  45.0 45.0 0.00
105 32.8504 118.0469 9 22 7
2  45.0 45.0 0.00
106 30.8130 87.1967 3 21 7
2  45.0 45.0 0.00
107 52.0891 84.6224 8 17 7
2  45.0 45.0 0.00
108 37.2461 91.6477 7 21 6
2  45.0 45.0 0.00
109 43.6527 117.9455 3 21 5
2  45.0 45.0 0.00
110 24.3718 104.2669 2 23 6
2  45.0 45.0 0.00
111 25.9683 106.6737 7 22 9
2  45.0 45.0 0.00
112 26.1766 106.4477 9 24 6
2  45.0 45.0 0.00
113 31.1240 82.2013 1 23 9
2  45.0 45.0 0.00
114 47.9559 85.1012 3 18 7
2  45.0 45.0 0.00
115 17.8650 101.4845 4 21 9
2  45.0 45.0 0.00
116 45.3959 93.3885 1 20 6
2  45.0 45.0 0.00
117 4.7572 114.7022 9 16 9
2  45.0 45.0 0.00
118 24.0277 113.7070 3 17 8
2  45.0 45.0 0.00
119 9.3730 114.6615 3 15 6
2  45.0 45.0 0.00
120 35.9849 82.3978 7 21 9
2  45.0 45.0 0.00
121 14.2875 91.8001 3 17 9
2  45.0 45.0 0.00
122 52.2312 82.0779 4 24 9
2  45.0 45.0 0.00
123 9.1863 83.3056 10 18 7
2  45.0 45.0 0.00
124 46.3722 75.8763 1 25 8
2  45.0 45.0 0.00
125 14.0334 73.5162 9 21 5
2  45.0 45.0 0.00
126 33.1471 97.5553 3 16 6
2  45.0 45.0 0.00
127 37.5644 126.0786 4 22 5
2  45.0 45.0 0.00
128 39.0905 106.3535 7 17 7
2  45.0 45.0 0.00
129 16.4627 76.8043 3 18 8
2  45.0 45.0 0.00
130 50.7850 98.7256 1 23 6
2  45.0 45.0 0.00
131 33.5880 101.7606 8 26 5
2  45.0 45.0 0.00
132 13.8574 124.3680 10 29 8
2  45.0 45.0 0.00
133 31.7684 74.7032 8 20 8
2  45.0 45.0 0.00
134 14.9541 112.7896 3 16 9
2  45.0 45.0 0.00
135 18.5776 126.7484 3 17 6
2  45.0 45.0 0.00
136 10.8631 120.3256 6 25 5
2  45.0 45.0 0.00
137 11.7091 124.6913 3 27 7
2  45.0 45.0 0.00
138 13.5972 79.5389 8 22 5
2  45.0 45.0 0.00
139 46.2839 109.0950 4 21 8
2  45.0 45.0 0.00
140 15.0434 115.1693 8 24 7
2  45.0 45.0 0.00
141 17.6271 91.5381 9 24 9
2  45.0 45.0 0.00
142 38.7977 93.2101 5 20 7
2  45.0 45.0 0.00
143 24.4194 84.0498 9 27 7
2  45.0 45.0 0.00
144 38.6924 83.3962 7 28 9
2  45.0 45.0 0.00
145 9.5051 84.6961 1 29 7
2  45.0 45.0 0.00
146 38.4984 101.9039 5 20 8
2  45.0 45.0 0.00
147 25.7221 84.3108 4 17 6
2  45.0 45.0 0.00
148 46.2607 86.3537 10 28 5
2  45.0 45.0 0.00
149 46.7555 116.2686 1 29 6
2  45.0 45.0 0.00
150 37.0756 117.2942 10 29 5
2  45.0 45.0 0.00
151 6.3798 122.1034 1 25 7
2  45.0 45.0 0.00
152 7.8803 94.0371 8 16 7
2  45.0 45.0 0.00
153 14.7111 130.0987 8 25 5
2  45.0 45.0 0.00
154 14.9937 74.4024 4 24 7
2  45.0 45.0 0.00
155 27.5643 90.3122 8 28 9
2  45.0 45.0 0.00
156 23.4479 84.9770 2 24 7
2  45.0 45.0 0.00
157 51.5866 105.7707 8 18 8
2  45.0 45.0 0.00
158 34.8026 100.9589 3 25 7
2  45.0 45.0 0.00
159 28.7298 79.0325 9 20 6
2  45.0 45.0 0.00
160 49.1732 73.2888 8 27 9
2  45.0 45.0 0.00
161 35.9070 79.6640 8 21 7
2  45.0 45.0 0.00
162 41.9530 129.6012 6 28 6
2  45.0 45.0 0.00
163 47.8995 116.5963 4 23 8
2  45.0 45.0 0.00
164 37.4022 116.2298 8 15 9
2  45.0 45.0 0.00
165 41.6947 91.6988 8 16 8
2  45.0 45.0 0.00
166 22.5373 129.5470 3 24 5
2  45.0 45.0 0.00
167 23.2072 94.0362 3 24 9
2  45.0 45.0 0.00
168 46.0333 80.3294 1 27 5
2  45.0 45.0 0.00
169 37.6350 108.7140 5 21 5
2  45.0 45.0 0.00
170 42.3995 104.9211 10 23 7
2  45.0 45.0 0.00
171 13.1484 130.4518 2 29 6
2  45.0 45.0 0.00
172 20.3247 132.7230 10 26 5
2  45.0 45.0 0.00
173 44.8305 92.2554 2 27 9
2  45.0 45.0 0.00
174 30.3693 76.8562 10 26 8
2  45.0 45.0 0.00
175 31.2944 127.3198 10 28 7
2  45.0 45.0 0.00
176 11.9330 124.7189 1 28 8
2  45.0 45.0 0.00
177 45.9363 96.0872 5 17 9
2  45.0 45.0 0.00
178 25.3308 96.3333 1 21 9
2  45.0 45.0 0.00
179 46.2641 93.4169 8 24 5
2  45.0 45.0 0.00
180 21.5888 120.0737 7 21 6
2  45.0 45.0 0.00
181 39.1860 120.6052 5 27 7
2  45.0 45.0 0.00
182 17.8819 77.0867 6 23 5
2  45.0 45.0 0.00
183 27.2256 77.5276 8 16 8
2  45.0 45.0 0.00
184 25.5912 82.9628 3 27 9
2  45.0 45.0 0.00
185 10.9248 110.6204 5 27 9
2  45.0 45.0 0.00
186 14.2803 89.9606 1 27 8
2  45.0 45.0 0.00
187 22.7049 97.6505 7 24 6
2  45.0 45.0 0.00
188 6.2653 104.4079 8 24 7
2  45.0 45.0 0.00
189 21.9251 123.0717 8 18 5
2  45.0 45.0 0.00
190 42.4911 86.7494 3 27 8
2  45.0 45.0 0.00
191 13.2865 128.8183 2 22 9
2  45.0 45.0 0.00
192 7.8357 129.1042 3 28 7
2  45.0 45.0 0.00
193 3.7480 85.9677 4 26 7
2  45.0 45.0 0.00
194 6.6836 99.3827 4 27 5
2  45.0 45.0 0.00
195 49.4179 106.2598 2 21 5
2  45.0 45.0 0.00
196 19.1985 95.2542 1 26 8
2  45.0 45.0 0.00
197 52.8225 98.0237 3 16 7
2  45.0 45.0 0.00
198 26.1896 126.8593 5 27 9
2  45.0 45.0 0.00
199 9.5118 109.7739 7 16 5
2  45.0 45.0 0.00
200 11.1187 75.6510 8 26 8
2  45.0 45.0 0.00
201 20.5055 94.8864 2 27 7
2  45.0 45.0 0.00
202 35.5700 102.6812 3 20 8
2  45.0 45.0 0.00
203 39.2906 84.1569 10 18 6
2  45.0 45.0 0.00
204 32.8949 81.3924 4 18 5
2  45.0 45.0 0.00
205 11.8008 110.3902 10 28 7
2  45.0 45.0 0.00
206 18.7730 98.6000 1 19 7
2  45.0 45.0 0.00
207 16.9893 110.4297 10 15 7
2  45.0 45.0 0.00
208 34.5838 108.8037 10 22 6
2  45.0 45.0 0.00
209 51.4553 106.5694 9 16 5
2  45.0 45.0 0.00
210 50.2144 96.5206 9 28 8
2  45.0 45.0 0.00
211 4.1250 122.5808 2 25 9
2  45.0 45.0 0.00
212 39.3469 101.8970 1 20 7
2  45.0 45.0 0.00
213 14.2366 82.9321 10 28 9
2  45.0 45.0 0.00
214 8.0992 83.1483 7 25 6
2  45.0 45.0 0.00
215 3.0585 111.5767 7 28 6
2  45.0 45.0 0.00
216 33.8263 105.3621 10 27 7
2  45.0 45.0 0.00
217 49.1725 103.8261 2 23 6
2  45.0 45.0 0.00
218 25.6720 128.1627 10 17 7
2  45.0 45.0 0.00
219 10.5030 85.3980 2 29 6
2  45.0 45.0 0.00
220 43.1785 111.9025 6 19 6
2  45.0 45.0 0.00
221 41.7575 113.4038 8 24 5
2  45.0 45.0 0.00
222 21.9778 128.0717 2 22 9
2  45.0 45.0 0.00
223 12.3785 111.2886 4 27 6
2  45.0 45.0 0.00
224 38.5482 110.6279 1 24 9
2  45.0 45.0 0.00
225 12.1302 131.2908 3 18 5
2  45.0 45.0 0.00
226 42.7268 112.5509 6 23 8
2  45.0 45.0 0.00
227 51.4076 88.8529 2 21 8
2  45.0 45.0 0.00
228 15.5027 126.7875 4 21 5
2  45.0 45.0 0.00
229 29.7789 99.5531 6 19 5
2  45.0 45.0 0.00
230 28.5958 94.4528 1 23 6
2  45.0 45.0 0.00
231 11.8219 73.8540 9 20 5
2  45.0 45.0 0.00
232 43.1818 99.7404 7 22 7
2  45.0 45.0 0.00
233 39.0186 95.2624 4 27 8
2  45.0 45.0 0.00
234 49.1678 83.3555 5 16 5
2  45.0 45.0 0.00
235 43.7253 84.7258 8 22 6
2  45.0 45.0 0.00
236 40.0026 111.9431 7 16 5
2  45.0 45.0 0.00
237 24.8495 77.0025 1 18 8
2  45.0 45.0 0.00
238 50.6959 126.7671 10 19 5
2  45.0 45.0 0.00
239 43.2190 95.9498 6 27 8
2  45.0 45.0 0.00
240 11.2268 109.1845 9 23 8
2  45.0 45.0 0.00
241 19.9662 88.7331 1 23 7
2  45.0 45.0 0.00
242 52.0504 103.4898 1 29 7
2  45.0 45.0 0.00
243 10.7292 91.8385 9 21 7
2  45.0 45.0 0.00
244 35.6832 82.6984 10 16 8
2  45.0 45.0 0.00
245 4.3618 125.5987 5 29 7
2  45.0 45.0 0.00
246 24.6005 93.1867 10 25 7
2  45.0 45.0 0.00
247 9.8489 76.6783 6 21 5
2  45.0 45.0 0.00
248 11.7385 104.1280 7 24 8
2  45.0 45.0 0.00
249 25.2877 127.7825 10 26 6
2  45.0 45.0 0.00
250 27.5202 131.0330 4 19 9
2  45.0 45.0 0.00
251 3.1448 104.2985 2 27 5
2  45.0 45.0 0.00
252 26.1339 91.9604 1 15 7
2  45.0 45.0 0.00
253 35.2282 119.5478 7 20 9
2  45.0 45.0 0.00
254 7.6640 124.0957 8 20 9
2  45.0 45.0 0.00
255 9.7432 103.9284 8 20 8
2  45.0 45.0 0.00
256 8.7098 77.6537 1 24 5
2  45.0 45.0 0.00
257 26.2397 74.6863 5 28 7
2  45.0 45.0 0.00
258 33.7668 87.6558 6 18 9
2  45.0 45.0 0.00
259 45.9382 101.3420 3 15 5
2  45.0 45.0 0.00
260 36.4978 103.7992 4 27 7
2  45.0 45.0 0.00
261 34.9405 107.1583 3 21 5
2  45.0 45.0 0.00
262 27.3712 81.0072 1 15 5
2  45.0 45.0 0.00
263 22.2559 112.2590 10 29 5
2  45.0 45.0 0.00
264 33.8230 126.9854 2 29 7
2  45.0 45.0 0.00
265 45.4508 108.1444 2 21 8
2  45.0 45.0 0.00
266 36.1248 100.7640 9 19 7
2  45.0 45.0 0.00
267 33.0438 89.0279 4 16 9
2  45.0 45.0 0.00
268 47.7744 108.2599 9 26 7
2  45.0 45.0 0.00
269 27.0941 85.8952 1 16 5
2  45.0 45.0 0.00
270 13.2224 105.3345 9 29 9
2  45.0 45.0 0.00
271 41.5100 105.9373 8 19 7
2  45.0 45.0 0.00
272 5.6534 81.0810 5 26 6
2  45.0 45.0 0.00
273 4.2346 121.3432 4 23 9
2  45.0 45.0 0.00
274 8.8993 105.9722 4 16 6
2  45.0 45.0 0.00
275 4.4397 81.2461 3 23 7
2  45.0 45.0 0.00
276 34.7048 102.3624 7 21 9
2  45.0 45.0 0.00
277 9.1794 104.4410 7 21 8
2  45.0 45.0 0.00
278 5.5960 129.4030 6 24 6
2  45.0 45.0 0.00
279 41.0402 120.7034 8 22 5
2  45.0 45.0 0.00
280 36.8081 111.0904 10 19 8
2  45.0 45.0 0.00
281 35.7455 98.3918 8 24 8
2  45.0 45.0 0.00
282 34.6382 73.4087 7 27 9
2  45.0 45.0 0.00
283 31.1848 116.4085 9 29 7
2  45.0 45.0 0.00
284 28.0337 95.2267 3 27 6
2  45.0 45.0 0.00
285 11.8968 126.3632 3 26 7
2  45.0 45.0 0.00
286 14.6869 109.2995 6 22 7
2  45.0 45.0 0.00
287 52.9628 85.3246 10 25 5
2  45.0 45.0 0.00
288 38.0196 124.5239 1 27 5
2  45.0 45.0 0.00
289 5.2554 77.7058 10 27 7
2  45.0 45.0 0.00
290 4.8665 121.9200 3 29 9
2  45.0 45.0 0.00
291 18.2859 119.9225 5 15 6
2  45.0 45.0 0.00
292 41.2762 113.7417 6 17 5
2  45.0 45.0 0.00
293 4.3886 105.1750 5 20 9
2  45.0 45.0 0.00
294 20.9143 132.8003 9 28 7
2  45.0 45.0 0.00
295 35.0971 106.3071 6 27 6
2  45.0 45.0 0.00
296 7.9752 75.6081 3 17 6
2  45.0 45.0 0.00
297 23.9202 110.3818 5 24 9
2  45.0 45.0 0.00
298 13.8607 81.8183 7 19 7
2  45.0 45.0 0.00
299 4.0682 113.7613 3 25 7
2  45.0 45.0 0.00
300 28.4430 114.3448 10 29 8
2  45.0 45.0 0.00
301 5.0329 128.8915 9 21 6
2  45.0 45.0 0.00
302 40.5299 130.8004 9 26 5
2  45.0 45.0 0.00
303 39.1027 102.6573 5 28 8
2  45.0 45.0 0.00
304 23.2371 127.6131 1 21 6
2  45.0 45.0 0.00
305 13.5657 113.0316 6 19 6
2  45.0 45.0 0.00
306 51.1294 123.8824 6 18 6
2  45.0 45.0 0.00
307 23.5212 76.4529 8 21 6
2  45.0 45.0 0.00
308 27.3440 83.0239 5 19 5
2  45.0 45.0 0.00
309 15.6937 94.5962 9 17 5
2  45.0 45.0 0.00
310 29.3538 118.7233 6 16 7
2  45.0 45.0 0.00
311 32.9320 89.7688 6 26 5
2  45.0 45.0 0.00
312 21.6732 109.2764 7 17 9
2  45.0 45.0 0.00
313 48.1279 116.1572 9 21 7
2  45.0 45.0 0.00
314 36.2253 76.3673 1 22 6
2  45.0 45.0 0.00
315 14.8839 109.1236 6 19 6
2  45.0 45.0 0.00
316 45.5689 102.5836 4 18 8
2  45.0 45.0 0.00
317 13.0267 119.4900 10 25 9
2  45.0 45.0 0.00
318 9.5472 89.9863 2 19 8
2  45.0 45.0 0.00
319 47.1136 131.6882 1 22 6
2  45.0 45.0 0.00
320 29.7294 128.0776 10 26 5
2  45.0 45.0 0.00
321 26.5477 87.4774 9 28 9
2  45.0 45.0 0.00
322 52.8290 132.9433 3 21 9
2  45.0 45.0 0.00
323 47.0202 96.7031 9 21 9
2  45.0 45.0 0.00
324 9.3862 73.5304 7 24 6
2  45.0 45.0 0.00
325 22.0701 119.1333 9 26 5
2  45.0 45.0 0.00
326 15.9771 79.3888 7 15 6
2  45.0 45.0 0.00
327 49.6709 117.4696 9 16 9
2  45.0 45.0 0.00
328 50.9622 127.1070 6 25 7
2  45.0 45.0 0.00
329 9.5944 122.3333 2 22 9
2  45.0 45.0 0.00
330 27.3610 104.1601 2 24 7
2  45.0 45.0 0.00
331 29.2874 90.9663 9 21 5
2  45.0 45.0 0.00
332 38.1033 100.7698 5 25 6
2  45.0 45.0 0.00
333 47.5050 130.5890 1 17 5
2  45.0 45.0 0.00
334 9.9622 89.4256 9 24 6
2  45.0 45.0 0.00
335 14.2970 89.6702 8 16 5
2  45.0 45.0 0.00
336 30.9589 90.4492 8 27 9
2  45.0 45.0 0.00
337 40.0104 99.7155 2 22 7
2  45.0 45.0 0.00
338 34.6990 89.6209 3 28 6
2  45.0 45.0 0.00
339 27.8207 83.1181 9 21 7
2  45.0 45.0 0.00
340 11.6035 113.7723 3 22 5
2  45.0 45.0 0.00
341 13.6730 128.0957 1 20 9
2  45.0 45.0 0.00
342 15.3956 86.2268 7 19 7
2  45.0 45.0 0.00
343 23.5623 110.4294 10 26 5
2  45.0 45.0 0.00
344 25.2420 101.4587 3 25 8
2  45.0 45.0 0.00
345 46.1115 93.5546 3 18 7
2  45.0 45.0 0.00
346 5.8653 124.2631 3 23 9
2  45.0 45.0 0.00
347 46.9821 121.8844 6 26 9
2  45.0 45.0 0.00
348 44.0973 79.6679 10 24 9
2  45.0 45.0 0.00
349 23.6767 130.7637 1 22 7
2  45.0 45.0 0.00
350 46.6296 96.7324 4 19 6
2  45.0 45.0 0.00
351 37.8879 132.2448 9 26 9
2  45.0 45.0 0.00
352 46.5442 114.0349 2 27 7
2  45.0 45.0 0.00
353 22.6763 112.3961 6 21 9
2  45.0 45.0 0.00
354 32.8253 124.2902 1 27 5
2  45.0 45.0 0.00
355 19.6854 121.8599 5 28 8
2  45.0 45.0 0.00
356 47.9751 123.1138 9 26 5
2  45.0 45.0 0.00
357 36.0883 106.2290 4 19 5
2  45.0 45.0 0.00
358 47.6114 76.5530 9 29 8
2  45.0 45.0 0.00
359 9.9016 90.9340 2 15 6
2  45.0 45.0 0.00
360 40.8466 106.0303 7 25 6
2  45.0 45.0 0.00
361 3.8877 105.5137 8 17 8
2  45.0 45.0 0.00
362 47.1714 79.2492 5 16 5
2  45.0 45.0 0.00
363 4.7827 126.0685 3 25 6
2  45.0 45.0 0.00
364 44.9854 92.4235 10 19 9
2  45.0 45.0 0.00
365 29.8645 128.2251 2 16 5
2  45.0 45.0 0.00
366 4.7404 117.8847 4 24 5
2  45.0 45.0 0.00
367 20.4498 82.4514 1 21 6
2  45.0 45.0 0.00
368 8.9935 97.2953 4 23 8
2  45.0 45.0 0.00
369 42.4037 132.4439 1 28 7
2  45.0 45.0 0.00
370 15.6778 109.8765 1 27 6
2  45.0 45.0 0.00
371 24.6603 87.2434 9 26 6
2  45.0 45.0 0.00
372 7.8668 98.7594 3 16 7
2  45.0 45.0 0.00
373 9.7675 99.7221 5 15 9
2  45.0 45.0 0.00
374 46.9065 101.0658 10 20 9
2  45.0 45.0 0.00
375 24.7394 118.5754 9 25 9
2  45.0 45.0 0.00
376 30.3279 132.9189 4 24 9
2  45.0 45.0 0.00
377 24.0100 127.9811 1 20 6
2  45.0 45.0 0.00
378 8.5803 97.7811 7 17 5
2  45.0 45.0 0.00
379 37.5273 91.4424 3 16 5
2  45.0 45.0 0.00
380 20.1353 131.1574 9 29 7
2  45.0 45.0 0.00
381 42.2896 88.6487 2 29 7
2  45.0 45.0 0.00
382 36.6808 106.2480 4 27 9
2  45.0 45.0 0.00
383 7.9344 119.7370 8 16 6
2  45.0 45.0 0.00
384 13.9498 78.3058 1 26 6
2  45.0 45.0 0.00
385 26.2556 89.4296 9 19 8
2  45.0 45.0 0.00
386 9.3707 111.3997 2 22 5
2  45.0 45.0 0.00
387 31.8634 74.4723 1 16 9
2  45.0 45.0 0.00
388 10.9694 131.6622 3 27 9
2  45.0 45.0 0.00
389 30.8737 108.3221 10 20 6
2  45.0 45.0 0.00
390 48.5798 84.7900 2 26 5
2  45.0 45.0 0.00
391 15.7138 84.6765 7 24 8
2  45.0 45.0 0.00
392 28.5983 131.6408 8 19 6
2  45.0 45.0 0.00
393 4.6811 76.9780 3 26 9
2  45.0 45.0 0.00
394 6.7075 112.6538 2 19 5
2  45.0 45.0 0.00
395 15.0647 86.8351 9 28 6
2  45.0 45.0 0.00
396 46.8206 128.8473 3 28 7
2  45.0 45.0 0.00
397 49.5457 126.6579 3 19 6
2  45.0 45.0 0.00
398 22.1330 94.9784 8 21 5
2  45.0 45.0 0.00
399 12.1021 114.2810 8 22 8
2  45.0 45.0 0.00
400 27.5587 121.4147 10 22 6
2  45.0 45.0 0.00
401 15.5350 126.1457 1 24 6
2  45.0 45.0 0.00
402 4.1846 91.0712 5 19 7
2  45.0 45.0 0.00
403 32.0588 76.0368 9 26 5
2  45.0 45.0 0.00
404 9.9662 118.5787 4 20 5
2  45.0 45.0 0.00
405 38.3922 88.4136 8 18 6
2  45.0 45.0 0.00
406 30.6638 118.5774 7 18 7
2  45.0 45.0 0.00
407 6.4750 97.5686 8 25 7
2  45.0 45.0 0.00
408 5.2577 87.2590 10 29 9
2  45.0 45.0 0.00
409 7.0736 76.9473 8 29 6
2  45.0 45.0 0.00
410 9.5714 127.1123 2 19 6
2  45.0 45.0 0.00
411 39.5764 97.5391 8 22 7
2  45.0 45.0 0.00
412 52.6903 112.2237 4 20 8
2  45.0 45.0 0.00
413 16.2034 76.0566 9 28 8
2  45.0 45.0 0.00
414 11.5850 93.6567 8 20 6
2  45.0 45.0 0.00
415 48.0837 119.7593 3 21 6
2  45.0 45.0 0.00
416 35.1028 91.3686 7 29 5
2  45.0 45.0 0.00
417 35.5703 101.4959 6 28 8
2  45.0 45.0 0.00
418 36.0258 129.0999 1 18 5
2  45.0 45.0 0.00
419 22.5713 126.8299 10 19 5
2  45.0 45.0 0.00
420 4.5265 84.9066 5 19 7
2  45.0 45.0 0.00
421 42.3575 105.8795 1 15 5
2  45.0 45.0 0.00
422 50.6103 131.6529 9 17 8
2  45.0 45.0 0.00
423 37.3831 112.3229 8 18 5
2  45.0 45.0 0.00
424 42.4568 81.2026 3 18 8
2  45.0 45.0 0.00
425 14.8351 79.2800 2 19 6
2  45.0 45.0 0.00
426 3.2255 100.1511 9 19 9
2  45.0 45.0 0.00
427 25.1806 75.3412 7 23 5
2  45.0 45.0 0.00
428 8.1707 98.5959 8 27 8
2  45.0 45.0 0.00
429 37.1484 118.3688 1 21 6
2  45.0 45.0 0.00
430 39.8021 113.8682 3 18 9
2  45.0 45.0 0.00
431 47.6910 131.7431 7 24 6
2  45.0 45.0 0.00
432 37.1241 88.7768 8 26 6
2  45.0 45.0 0.00
433 27.9844 111.9105 9 20 5
2  45.0 45.0 0.00
434 35.4321 79.9124 3 16 6
2  45.0 45.0 0.00
435 21.1268 90.7882 2 21 7
2  45.0 45.0 0.00
436 27.0278 112.5745 5 29 5
2  45.0 45.0 0.00
437 19.1686 87.2711 2 21 5
2  45.0 45.0 0.00
438 26.2280 98.0458 8 17 6
2  45.0 45.0 0.00
439 45.0234 112.5109 1 24 9
2  45.0 45.0 0.00
440 4.7230 96.1473 6 19 5
2  45.0 45.0 0.00
441 34.0418 107.1735 7 27 8
2  45.0 45.0 0.00
442 32.8675 104.4442 4 15 9
2  45.0 45.0 0.00
443 4.1454 92.5217 4 26 5
2  45.0 45.0 0.00
444 16.0918 85.5505 6 18 7
2  45.0 45.0 0.00
445 14.5607 128.0919 9 26 6
2  45.0 45.0 0.00
446 38.2011 112.5783 3 23 9
2  45.0 45.0 0.00
447 7.7384 95.0399 4 28 6
2  45.0 45.0 0.00
448 40.6907 95.8656 6 24 8
2  45.0 45.0 0.00
449 50.0245 94.3289 2 19 5
2  45.0 45.0 0.00
450 28.7553 127.1342 1 23 6
2  45.0 45.0 0.00
451 44.2642 80.5553 4 28 6
2  45.0 45.0 0.00
452 38.1319 119.7474 4 23 7
2  45.0 45.0 0.00
453 49.8856 130.2680 7 16 7
2  45.0 45.0 0.00
454 35.7788 100.4486 3 20 7
2  45.0 45.0 0.00
455 47.0372 106.0166 9 22 6
2  45.0 45.0 0.00
456 46.7866 110.9393 9 26 6
2  45.0 45.0 0.00
457 43.0893 78.4999 8 18 8
2  45.0 45.0 0.00
458 51.4423 101.8049 6 24 5
2  45.0 45.0 0.00
459 51.7346 121.6294 9 17 5
2  45.0 45.0 0.00
460 52.3011 89.0187 3 26 9
2  45.0 45.0 0.00
461 5.8815 105.2776 4 15 7
2  45.0 45.0 0.00
462 16.7504 111.4649 5 24 6
2  45.0 45.0 0.00
463 6.5159 73.4249 6 19 8
2  45.0 45.0 0.00
464 45.3023 115.8748 9 21 9
2  45.0 45.0 0.00
465 11.7747 123.7652 3 20 8
2  45.0 45.0 0.00
466 6.5127 97.1803 9 20 5
2  45.0 45.0 0.00
467 33.4376 124.6001 9 29 9
2  45.0 45.0 0.00
468 16.1913 77.7305 7 25 6
2  45.0 45.0 0.00
469 19.3882 123.8395 3 18 7
2  45.0 45.0 0.00
470 51.3805 101.6321 8 20 6
2  45.0 45.0 0.00
471 16.5721 122.6533 4 27 7
2  45.0 45.0 0.00
472 13.5772 83.6258 3 19 8
2  45.0 45.0 0.00
473 46.6001 90.9897 4 23 7
2  45.0 45.0 0.00
474 13.5158 75.7273 10 22 5
2  45.0 45.0 0.00
475 41.3602 73.1537 6 18 8
2  45.0 45.0 0.00
476 19.4084 110.1089 10 28 5
2  45.0 45.0 0.00
477 32.6526 73.8195 9 15 8
2  45.0 45.0 0.00
478 42.0599 74.7369 7 20 8
2  45.0 45.0 0.00
479 7.3365 121.6059 5 15 9
2  45.0 45.0 0.00
480 4.3968 88.3762 5 25 7
2  45.0 45.0 0.00
481 49.1077 132.2777 6 19 8
2  45.0 45.0 0.00
482 16.4440 108.6154 6 17 8
2  45.0 45.0 0.00
483 32.6532 91.4073 9 18 9
2  45.0 45.0 0.00
484 45.9172 89.3502 8 28 9
2  45.0 45.0 0.00
485 12.0684 112.3063 2 27 7
2  45.0 45.0 0.00
486 50.8553 132.4755 5 21 6
2  45.0 45.0 0.00
487 6.5949 126.2782 9 19 7
2  45.0 45.0 0.00
488 33.2545 114.1702 10 19 5
2  45.0 45.0 0.00
489 12.3804 123.5125 4 25 8
2  45.0 45.0 0.00
490 41.9970 105.6808 9 17 5
2  45.0 45.0 0.00
491 40.7716 93.4104 6 27 7
2  45.0 45.0 0.00
492 16.3525 80.4997 4 26 6
2  45.0 45.0 0.00
493 16.8812 84.5033 7 29 8
2  45.0 45.0 0.00
494 38.2547 74.3759 9 26 9
2  45.0 45.0 0.00
495 11.6087 132.5967 2 27 7
2  45.0 45.0 0.00
496 19.9746 128.4798 10 16 8
2  45.0 45.0 0.00
497 23.6213 122.2673 7 20 8
2  45.0 45.0 0.00
498 39.5862 75.3584 2 27 5
2  45.0 45.0 0.00
499 27.0048 129.1609 7 15 7
2  45.0 45.0 0.00
500 52.7943 125.4102 1 29 9
2  45.0 45.0 0.00
501 40.8505 118.1290 2 18 9
2  45.0 45.0 0.00
502 41.1077 102.9698 4 19 7
2  45.0 45.0 0.00
503 20.1194 132.9220 1 15 7
2  45.0 45.0 0.00
504 25.8251 123.4981 3 19 8
2  45.0 45.0 0.00
505 36.2893 85.1569 1 25 6
2  45.0 45.0 0.00
506 14.8079 131.9832 7 21 7
2  45.0 45.0 0.00
507 26.2994 131.2416 10 18 7
2  45.0 45.0 0.00
508 36.0138 106.2857 10 22 6
2  45.0 45.0 0.00
509 14.6114 116.5675 4 19 5
2  45.0 45.0 0.00
510 27.0697 125.3038 4 21 6
2  45.0 45.0 0.00
511 10.7125 106.4136 7 19 9
2  45.0 45.0 0.00
512 30.7197 78.0062 6 15 5
2  45.0 45.0 0.00
513 41.9550 78.5083 2 27 7
2  45.0 45.0 0.00
514 21.5847 120.4824 6 23 8
2  45.0 45.0 0.00
515 48.0870 95.0864 6 15 6
2  45.0 45.0 0.00
516 49.9831 127.6327 9 23 9
2  45.0 45.0 0.00
517 21.2215 105.5601 3 18 9
2  45.0 45.0 0.00
518 48.4548 112.9116 8 20 9
2  45.0 45.0 0.00
519 31.8419 104.3102 4 19 5
2  45.0 45.0 0.00
520 10.0212 125.7809 6 25 7
2  45.0 45.0 0.00
521 37.5011 91.4169 10 27 8
2  45.0 45.0 0.00
522 42.3072 102.8368 8 15 9
2  45.0 45.0 0.00
523 35.1925 104.7377 6 16 9
2  45.0 45.0 0.00
524 14.8217 126.2255 8 29 9
2  45.0 45.0 0.00
525 38.3250 98.0218 7 23 6
2  45.0 45.0 0.00
526 21.9951 77.5605 10 29 8
2  45.0 45.0 0.00
527 5.9989 85.4383 8 29 9
2  45.0 45.0 0.00
528 5.8741 116.7983 6 23 5
2  45.0 45.0 0.00
529 23.5907 111.5391 10 20 6
2  45.0 45.0 0.00
530 5.3938 96.6635 8 19 6
2  45.0 45.0 0.00
531 15.6666 126.2642 4 28 9
2  45.0 45.0 0.00
532 16.6496 116.2652 3 23 8
2  45.0 45.0 0.00
533 38.5068 105.1636 4 19 6
2  45.0 45.0 0.00
534 24.8272 105.7081 6 17 7
2  45.0 45.0 0.00
535 28.3230 91.9375 8 27 9
2  45.0 45.0 0.00
536 6.2091 74.3153 3 17 7
2  45.0 45.0 0.00
537 52.2755 118.0964 10 24 6
2  45.0 45.0 0.00
538 11.6121 91.4639 5 15 8
2  45.0 45.0 0.00
539 19.8197 82.4327 3 28 9
2  45.0 45.0 0.00
540 46.7877 91.9192 3 16 9
2  45.0 45.0 0.00
541 28.1371 85.9700 4 28 7
2  45.0 45.0 0.00
542 49.8853 75.3871 9 16 8
2  45.0 45.0 0.00
543 15.5535 104.9937 2 16 8
2  45.0 45.0 0.00
544 50.9264 125.7433 4 29 9
2  45.0 45.0 0.00
545 9.4407 102.8475 4 22 5
2  45.0 45.0 0.00
546 20.4625 96.0707 5 15 7
2  45.0 45.0 0.00
547 40.4431 126.5632 4 19 5
2  45.0 45.0 0.00
548 41.4671 125.2716 5 16 7
2  45.0 45.0 0.00
549 9.6228 85.7684 6 20 7
2  45.0 45.0 0.00
550 43.1583 77.8286 10 18 7
2  45.0 45.0 0.00
551 52.8350 93.0330 4 19 7
2  45.0 45.0 0.00
552 3.2642 117.2441 2 25 5
2  45.0 45.0 0.00
553 30.6597 73.3137 5 23 6
2  45.0 45.0 0.00
554 20.9175 86.3459 5 28 6
2  45.0 45.0 0.00
555 7.3668 120.3743 6 22 6
2  45.0 45.0 0.00
556 48.8003 82.7953 3 29 5
2  45.0 45.0 0.00
557 16.4386 81.9238 6 23 5
2  45.0 45.0 0.00
558 23.7489 107.1655 4 26 5
2  45.0 45.0 0.00
559 4.5971 84.0428 5 28 5
2  45.0 45.0 0.00
560 9.3614 111.0187 10 29 5
2  45.0 45.0 0.00
561 32.0367 84.5445 7 29 9
2  45.0 45.0 0.00
562 13.3564 124.2494 3 15 6
2  45.0 45.0 0.00
563 45.1014 119.3509 3 22 7
2  45.0 45.0 0.00
564 23.2232 99.3385 3 20 5
2  45.0 45.0 0.00
565 42.4462 99.3998 1 28 9
2  45.0 45.0 0.00
566 48.1644 125.0384 6 22 6
2  45.0 45.0 0.00
567 17.1181 84.7359 1 28 7
2  45.0 45.0 0.00
568 6.8182 82.9605 1 25 9
2  45.0 45.0 0.00
569 31.0410 104.7849 2 22 8
2  45.0 45.0 0.00
570 15.9713 114.4311 6 20 8
2  45.0 45.0 0.00
571 37.4127 87.3936 6 29 5
2  45.0 45.0 0.00
572 10.0369 91.8674 9 17 6
2  45.0 45.0 0.00
573 19.9910 95.8923 4 25 6
2  45.0 45.0 0.00
574 35.3214 126.0876 10 29 7
2  45.0 45.0 0.00
575 14.9227 118.9166 2 21 9
2  45.0 45.0 0.00
576 15.9588 131.1809 5 16 6
2  45.0 45.0 0.00
577 13.6385 103.9076 3 25 8
2  45.0 45.0 0.00
578 5.1234 87.6558 5 27 8
2  45.0 45.0 0.00
579 41.0954 132.9611 9 19 8
2  45.0 45.0 0.00
580 11.9641 121.2753 9 18 8
2  45.0 45.0 0.00
581 21.7316 117.9585 10 26 8
2  45.0 45.0 0.00
582 49.1489 120.3118 4 16 7
2  45.0 45.0 0.00
583 11.5528 84.0447 6 29 5
2  45.0 45.0 0.00
584 44.2347 114.4118 2 29 9
2  45.0 45.0 0.00
585 23.1083 76.1497 10 18 8
2  45.0 45.0 0.00
586 14.9552 99.4196 4 27 5
2  45.0 45.0 0.00
587 25.7294 116.3485 3 20 6
2  45.0 45.0 0.00
588 26.1730 115.9977 10 15 7
2  45.0 45.0 0.00
589 15.6969 82.9689 5 18 5
2  45.0 45.0 0.00
590 31.8915 76.2277 8 18 7
2  45.0 45.0 0.00
591 27.4543 122.7588 10 21 9
2  45.0 45.0 0.00
592 19.1069 103.4823 6 16 6
2  45.0 45.0 0.00
593 27.1326 129.3894 1 15 6
2  45.0 45.0 0.00
594 25.4291 122.2655 2 25 5
2  45.0 45.0 0.00
595 8.4033 110.8400 7 23 6
2  45.0 45.0 0.00
596 14.8009 121.8822 7 17 9
2  45.0 45.0 0.00
597 12.2655 83.7847 9 20 5
2  45.0 45.0 0.00
598 34.2637 90.8570 8 22 8
2  45.0 45.0 0.00
599 50.7711 108.7689 6 27 6
2  45.0 45.0 0.00
