s3
0
 2013 04 20 12 09 38.080     2013 04 20 12 13  9.769     211.7
 2013 04 20 20 26 25.316     2013 04 20 20 29 30.032     184.7
1
 2013 04 20 12 08 50.923     2013 04 20 12 11 33.638     162.7
2
 2013 04 20 12 13 22.824     2013 04 20 12 14 16.362      53.5
 2013 04 20 18 50 38.430     2013 04 20 18 53 20.998     162.6
3
4
 2013 04 20 12 11 48.475     2013 04 20 12 11 50.707       2.2
5
 2013 04 20 10 35 29.880     2013 04 20 10 39  1.323     211.4
 2013 04 20 18 51 47.824     2013 04 20 18 54 27.074     159.3
6
 2013 04 20 08 49 47.755     2013 04 20 08 53  7.189     199.4
 2013 04 20 20 38 13.686     2013 04 20 20 40 55.529     161.8
7
 2013 04 20 12 05 32.827     2013 04 20 12 09 12.667     219.8
 2013 04 20 22 06  8.374     2013 04 20 22 08 45.724     157.4
8
 2013 04 20 13 47 42.514     2013 04 20 13 51 31.204     228.7
 2013 04 20 15 25 43.841     2013 04 20 15 26 30.469      46.6
 2013 04 20 20 22 38.715     2013 04 20 20 25 28.657     169.9
9
 2013 04 20 00 02 45.120     2013 04 20 00 06 35.648     230.5
 2013 04 20 23 43 44.867     2013 04 20 23 47 35.012     230.1
10
 2013 04 20 12 08 24.948     2013 04 20 12 11 58.644     213.7
 2013 04 20 20 32  4.925     2013 04 20 20 32 29.677      24.8
11
 2013 04 20 00 02 54.301     2013 04 20 00 06  7.792     193.5
 2013 04 20 23 43 54.002     2013 04 20 23 47  7.199     193.2
12
13
 2013 04 20 12 13 11.164     2013 04 20 12 16  4.163     173.0
 2013 04 20 18 49 24.263     2013 04 20 18 52 46.640     202.4
14
 2013 04 20 13 49 11.044     2013 04 20 13 52 33.554     202.5
 2013 04 20 15 27  6.717     2013 04 20 15 30 54.406     227.7
 2013 04 20 18 44 18.314     2013 04 20 18 45   .864      42.5
 2013 04 20 20 22 56.961     2013 04 20 20 26  3.496     186.5
15
16
 2013 04 20 12 08 40.786     2013 04 20 12 11 27.953     167.2
17
 2013 04 20 12 06 43.063     2013 04 20 12 10 25.799     222.7
18
 2013 04 20 12 05 14.368     2013 04 20 12 07 59.208     164.8
 2013 04 20 22 08   .543     2013 04 20 22 10 37.721     157.2
19
 2013 04 20 12 01 38.256     2013 04 20 12 02 18.517      40.3
20
 2013 04 20 10 31 31.328     2013 04 20 10 35  5.802     214.5
 2013 04 20 20 31  2.130     2013 04 20 20 33 58.269     176.1
21
 2013 04 20 10 26 45.377     2013 04 20 10 29 31.868     166.5
22
23
 2013 04 20 00 04 54.786     2013 04 20 00 07 44.640     169.9
24
 2013 04 20 10 28 22.950     2013 04 20 10 31 34.211     191.3
25
 2013 04 20 20 30 20.126     2013 04 20 20 33 13.975     173.8
26
 2013 04 20 12 16   .862     2013 04 20 12 18 56.729     175.9
 2013 04 20 17 11 55.255     2013 04 20 17 15  9.706     194.5
27
 2013 04 20 13 45 32.214     2013 04 20 13 45 39.782       7.6
 2013 04 20 22 00 42.368     2013 04 20 22 03 37.216     174.8
28
 2013 04 20 13 45  5.177     2013 04 20 13 48 41.856     216.7
 2013 04 20 22 01 11.061     2013 04 20 22 03 49.091     158.0
29
 2013 04 20 10 33 26.304     2013 04 20 10 36 33.551     187.2
30
 2013 04 20 13 50  1.692     2013 04 20 13 52 41.457     159.8
 2013 04 20 18 45 15.634     2013 04 20 18 49  7.121     231.5
 2013 04 20 20 23 29.818     2013 04 20 20 27  8.196     218.4
31
 2013 04 20 13 47 41.046     2013 04 20 13 50 33.914     172.9
 2013 04 20 20 23 55.795     2013 04 20 20 27 39.436     223.6
32
 2013 04 20 12 05 40.235     2013 04 20 12 08 20.491     160.3
 2013 04 20 22 07 41.745     2013 04 20 22 10 23.549     161.8
33
 2013 04 20 20 36 54.633     2013 04 20 20 39 42.579     167.9
34
 2013 04 20 13 50 17.512     2013 04 20 13 53  1.888     164.4
 2013 04 20 18 45 31.556     2013 04 20 18 48 51.795     200.2
 2013 04 20 20 23  7.729     2013 04 20 20 23 32.026      24.3
35
 2013 04 20 20 36 16.489     2013 04 20 20 39  6.354     169.9
36
 2013 04 20 10 33  7.037     2013 04 20 10 36 23.049     196.0
37
38
39
40
 2013 04 20 13 43 33.414     2013 04 20 13 43 49.756      16.3
 2013 04 20 22 03 49.867     2013 04 20 22 06 53.569     183.7
41
 2013 04 20 00 00 10.718     2013 04 20 00 03 24.990     194.3
 2013 04 20 13 41 21.312     2013 04 20 13 44  1.641     160.3
 2013 04 20 23 41 10.413     2013 04 20 23 44 24.406     194.0
42
 2013 04 20 15 24 48.207     2013 04 20 15 28  9.969     201.8
 2013 04 20 20 24 41.528     2013 04 20 20 25 11.263      29.7
 2013 04 20 21 59 14.214     2013 04 20 22 00 10.752      56.5
43
 2013 04 20 22 04 23.120     2013 04 20 22 07 33.207     190.1
44
 2013 04 20 12 01 54.673     2013 04 20 12 04 39.279     164.6
45
46
 2013 04 20 12 13 53.503     2013 04 20 12 16 36.541     163.0
 2013 04 20 18 48 56.767     2013 04 20 18 51 37.740     161.0
47
48
 2013 04 20 12 06 27.326     2013 04 20 12 09  3.124     155.8
 2013 04 20 22 06 56.086     2013 04 20 22 10  9.800     193.7
49
 2013 04 20 22 09 20.287     2013 04 20 22 11 58.574     158.3
50
 2013 04 20 12 00 52.675     2013 04 20 12 03 39.022     166.3
51
 2013 04 20 20 34 47.644     2013 04 20 20 37 28.949     161.3
52
 2013 04 20 00 02 42.832     2013 04 20 00 05 30.268     167.4
 2013 04 20 13 39 13.491     2013 04 20 13 39 23.270       9.8
 2013 04 20 23 43 42.463     2013 04 20 23 46 29.741     167.3
53
 2013 04 20 22 13 12.317     2013 04 20 22 13 45.352      33.0
54
 2013 04 20 13 48  4.008     2013 04 20 13 50 40.798     156.8
 2013 04 20 20 23 39.129     2013 04 20 20 26 55.167     196.0
55
 2013 04 20 12 11 36.331     2013 04 20 12 12 34.363      58.0
56
 2013 04 20 15 24  8.519     2013 04 20 15 26 47.119     158.6
 2013 04 20 21 58 34.982     2013 04 20 22 01 26.762     171.8
57
 2013 04 20 20 29 27.850     2013 04 20 20 32  9.672     161.8
58
 2013 04 20 00 00   .000     2013 04 20 00 03 13.104     193.1
 2013 04 20 13 41 22.717     2013 04 20 13 44 10.190     167.5
 2013 04 20 23 40 58.381     2013 04 20 23 44 12.521     194.1
59
 2013 04 20 00 01 42.757     2013 04 20 00 04 19.896     157.1
 2013 04 20 13 39 59.056     2013 04 20 13 42 42.105     163.0
 2013 04 20 23 42 42.289     2013 04 20 23 45 19.462     157.2
60
 2013 04 20 12 13 17.568     2013 04 20 12 15 55.091     157.5
 2013 04 20 18 48 59.380     2013 04 20 18 52 19.200     199.8
61
 2013 04 20 10 34 54.601     2013 04 20 10 38 13.115     198.5
 2013 04 20 18 51 49.137     2013 04 20 18 54 58.967     189.8
62
 2013 04 20 12 13 46.458     2013 04 20 12 13 56.564      10.1
 2013 04 20 20 26  5.216     2013 04 20 20 28 50.676     165.5
63
 2013 04 20 12 02 13.240     2013 04 20 12 02 24.777      11.5
64
 2013 04 20 10 31 35.263     2013 04 20 10 34 13.846     158.6
 2013 04 20 20 32 24.523     2013 04 20 20 35 35.137     190.6
65
 2013 04 20 13 47 44.929     2013 04 20 13 50 24.975     160.0
 2013 04 20 20 23 37.085     2013 04 20 20 27 21.220     224.1
66
 2013 04 20 13 45  6.270     2013 04 20 13 48 48.126     221.9
 2013 04 20 22 03 24.603     2013 04 20 22 06 14.597     170.0
67
 2013 04 20 22 10 58.297     2013 04 20 22 13 41.682     163.4
68
 2013 04 20 12 09 44.261     2013 04 20 12 12 30.944     166.7
 2013 04 20 20 27  1.166     2013 04 20 20 30 16.896     195.7
69
 2013 04 20 13 51 17.244     2013 04 20 13 54 27.495     190.3
 2013 04 20 18 47 22.926     2013 04 20 18 50  7.738     164.8
70
 2013 04 20 20 36 48.880     2013 04 20 20 39 40.091     171.2
71
 2013 04 20 13 49 54.566     2013 04 20 13 52 51.681     177.1
 2013 04 20 15 27 34.392     2013 04 20 15 28 18.132      43.7
 2013 04 20 18 45  4.968     2013 04 20 18 48 36.556     211.6
 2013 04 20 20 23  2.282     2013 04 20 20 26 47.780     225.5
72
 2013 04 20 00 01 57.690     2013 04 20 00 04 51.569     173.9
 2013 04 20 13 40  4.581     2013 04 20 13 43 24.789     200.2
 2013 04 20 23 42 57.343     2013 04 20 23 45 51.021     173.7
73
 2013 04 20 10 31 51.371     2013 04 20 10 34 35.585     164.2
 2013 04 20 20 31 38.188     2013 04 20 20 34 48.908     190.7
74
 2013 04 20 12 10  4.136     2013 04 20 12 13 16.761     192.6
 2013 04 20 20 26 44.689     2013 04 20 20 29 32.030     167.3
75
 2013 04 20 12 11 47.973     2013 04 20 12 12 11.348      23.4
 2013 04 20 20 25  8.424     2013 04 20 20 25 16.627       8.2
76
 2013 04 20 00 04 47.380     2013 04 20 00 08  7.522     200.1
77
 2013 04 20 12 11 56.490     2013 04 20 12 15 25.906     209.4
78
 2013 04 20 13 46  7.096     2013 04 20 13 49 57.779     230.7
 2013 04 20 22 02 34.308     2013 04 20 22 02 36.798       2.5
79
 2013 04 20 12 07 50.964     2013 04 20 12 11 16.554     205.6
80
 2013 04 20 22 12 59.642     2013 04 20 22 13 43.754      44.1
81
 2013 04 20 13 43  3.265     2013 04 20 13 46   .527     177.3
82
83
 2013 04 20 10 26 13.142     2013 04 20 10 29 57.075     223.9
84
85
 2013 04 20 12 05 29.409     2013 04 20 12 08  6.029     156.6
 2013 04 20 22 07 41.296     2013 04 20 22 10 18.655     157.4
86
87
 2013 04 20 12 10 55.430     2013 04 20 12 13 39.444     164.0
 2013 04 20 20 27  9.473     2013 04 20 20 29 51.104     161.6
88
 2013 04 20 12 08 59.325     2013 04 20 12 11 42.019     162.7
 2013 04 20 20 31 19.545     2013 04 20 20 31 42.991      23.4
89
 2013 04 20 10 31 48.377     2013 04 20 10 34  9.850     141.5
90
 2013 04 20 12 15  1.867     2013 04 20 12 17 53.517     171.6
 2013 04 20 17 10 10.681     2013 04 20 17 14  2.781     232.1
 2013 04 20 18 48 31.689     2013 04 20 18 51 58.935     207.2
91
 2013 04 20 10 26 10.043     2013 04 20 10 28 57.031     167.0
92
 2013 04 20 10 26  4.260     2013 04 20 10 29  5.703     181.4
 2013 04 20 22 11 41.866     2013 04 20 22 11 56.220      14.4
93
 2013 04 20 10 25 39.190     2013 04 20 10 28 58.752     199.6
 2013 04 20 22 11 53.355     2013 04 20 22 15 36.164     222.8
94
 2013 04 20 20 29 33.595     2013 04 20 20 32 17.769     164.2
95
 2013 04 20 00 05 56.882     2013 04 20 00 07 14.389      77.5
 2013 04 20 23 46 58.786     2013 04 20 23 48 14.162      75.4
96
 2013 04 20 12 08 30.355     2013 04 20 12 08 44.357      14.0
 2013 04 20 22 05 53.721     2013 04 20 22 08 59.946     186.2
97
 2013 04 20 22 04 49.317     2013 04 20 22 07 59.460     190.1
98
99
 2013 04 20 12 13 39.432     2013 04 20 12 17  5.544     206.1
 2013 04 20 13 51 28.300     2013 04 20 13 51 44.123      15.8
 2013 04 20 18 48 18.789     2013 04 20 18 50 57.239     158.4
100
 2013 04 20 13 46 21.652     2013 04 20 13 49 23.862     182.2
 2013 04 20 22 01  1.026     2013 04 20 22 04 29.235     208.2
101
 2013 04 20 20 34 22.998     2013 04 20 20 37 20.611     177.6
102
 2013 04 20 22 11 43.398     2013 04 20 22 14 33.423     170.0
103
 2013 04 20 13 47 37.903     2013 04 20 13 51 12.904     215.0
 2013 04 20 20 24 41.353     2013 04 20 20 28  4.020     202.7
104
 2013 04 20 12 10 52.771     2013 04 20 12 13 36.208     163.4
 2013 04 20 20 27 11.449     2013 04 20 20 29 51.924     160.5
105
 2013 04 20 00 06 20.999     2013 04 20 00 07  8.984      48.0
 2013 04 20 23 47 22.264     2013 04 20 23 48  8.760      46.5
106
 2013 04 20 12 04 42.331     2013 04 20 12 08 14.754     212.4
 2013 04 20 22 06 21.000     2013 04 20 22 09 26.466     185.5
107
 2013 04 20 20 34 54.108     2013 04 20 20 37 52.836     178.7
108
 2013 04 20 13 44 25.593     2013 04 20 13 47 11.633     166.0
 2013 04 20 22 01 44.646     2013 04 20 22 05  4.038     199.4
109
 2013 04 20 20 29 58.705     2013 04 20 20 32 39.705     161.0
110
 2013 04 20 12 07 57.252     2013 04 20 12 10 39.950     162.7
111
 2013 04 20 20 35 27.586     2013 04 20 20 38  6.280     158.7
112
 2013 04 20 00 03  6.761     2013 04 20 00 06 58.025     231.3
 2013 04 20 23 44  6.509     2013 04 20 23 47 57.387     230.9
113
 2013 04 20 12 11 14.606     2013 04 20 12 13 50.907     156.3
 2013 04 20 20 27 20.730     2013 04 20 20 30 15.583     174.9
114
 2013 04 20 13 47 53.612     2013 04 20 13 51 40.231     226.6
 2013 04 20 15 25 55.375     2013 04 20 15 27  3.774      68.4
 2013 04 20 20 22 44.508     2013 04 20 20 25 27.888     163.4
115
 2013 04 20 10 34 16.285     2013 04 20 10 36 59.546     163.3
 2013 04 20 18 56 27.804     2013 04 20 18 56 58.588      30.8
116
 2013 04 20 10 31 44.131     2013 04 20 10 34 33.218     169.1
 2013 04 20 20 32 20.835     2013 04 20 20 35 57.401     216.6
117
 2013 04 20 13 49 15.734     2013 04 20 13 52 11.072     175.3
 2013 04 20 20 24 37.995     2013 04 20 20 27 25.025     167.0
118
 2013 04 20 10 28 38.813     2013 04 20 10 32  7.824     209.0
119
 2013 04 20 10 32 44.220     2013 04 20 10 35 20.286     156.1
120
 2013 04 20 12 14 35.654     2013 04 20 12 17 14.982     159.3
 2013 04 20 18 49  6.107     2013 04 20 18 51 54.484     168.4
121
 2013 04 20 10 27 51.638     2013 04 20 10 30 38.417     166.8
122
 2013 04 20 10 28 20.757     2013 04 20 10 30 58.897     158.1
123
124
125
 2013 04 20 00 03 38.628     2013 04 20 00 04  6.207      27.6
 2013 04 20 23 44 38.393     2013 04 20 23 45  7.419      29.0
126
 2013 04 20 13 46 12.273     2013 04 20 13 46 20.757       8.5
127
 2013 04 20 22 04  9.618     2013 04 20 22 06 47.771     158.2
128
 2013 04 20 12 01 17.783     2013 04 20 12 04 51.607     213.8
129
 2013 04 20 12 09 17.764     2013 04 20 12 09 22.132       4.4
 2013 04 20 20 29 14.224     2013 04 20 20 31 54.468     160.2
130
 2013 04 20 12 15 52.440     2013 04 20 12 16 22.027      29.6
 2013 04 20 13 50 24.264     2013 04 20 13 51  2.469      38.2
 2013 04 20 18 47 21.781     2013 04 20 18 50 48.631     206.9
131
 2013 04 20 12 11 20.621     2013 04 20 12 14 38.852     198.2
 2013 04 20 20 27 50.421     2013 04 20 20 31 32.364     221.9
132
 2013 04 20 00 06 51.440     2013 04 20 00 10 16.089     204.6
 2013 04 20 12 00   .792     2013 04 20 12 02 37.662     156.9
133
 2013 04 20 18 50 39.873     2013 04 20 18 53 58.726     198.9
134
 2013 04 20 22 13 56.554     2013 04 20 22 14 16.708      20.2
135
 2013 04 20 00 06   .319     2013 04 20 00 09 13.189     192.9
136
 2013 04 20 12 08 36.461     2013 04 20 12 11 17.643     161.2
137
 2013 04 20 00 07 15.298     2013 04 20 00 08 31.675      76.4
138
 2013 04 20 13 49 25.871     2013 04 20 13 52 54.071     208.2
 2013 04 20 20 24 56.246     2013 04 20 20 28  5.920     189.7
139
 2013 04 20 12 13 19.937     2013 04 20 12 17  1.585     221.6
 2013 04 20 13 51 19.340     2013 04 20 13 52 23.685      64.3
 2013 04 20 18 48  6.258     2013 04 20 18 50 46.446     160.2
140
 2013 04 20 13 44 31.486     2013 04 20 13 44 32.261        .8
 2013 04 20 22 03 52.580     2013 04 20 22 06 34.130     161.6
141
 2013 04 20 12 07 12.235     2013 04 20 12 10  7.797     175.6
142
 2013 04 20 10 34 27.597     2013 04 20 10 37 25.949     178.4
 2013 04 20 18 53 19.694     2013 04 20 18 56 54.536     214.8
143
 2013 04 20 12 07 28.142     2013 04 20 12 10 36.571     188.4
144
 2013 04 20 12 12 38.081     2013 04 20 12 15 28.828     170.7
 2013 04 20 18 53  1.752     2013 04 20 18 53  7.722       6.0
145
 2013 04 20 13 43 32.864     2013 04 20 13 46 44.011     191.1
 2013 04 20 22 02 50.703     2013 04 20 22 03 18.046      27.3
146
 2013 04 20 10 29 13.002     2013 04 20 10 31 54.716     161.7
 2013 04 20 20 35 54.455     2013 04 20 20 36 27.003      32.5
147
 2013 04 20 10 29 14.091     2013 04 20 10 31 58.431     164.3
 2013 04 20 20 33 19.074     2013 04 20 20 36 53.716     214.6
148
 2013 04 20 12 07 35.971     2013 04 20 12 10 32.307     176.3
149
 2013 04 20 15 24   .470     2013 04 20 15 26 55.895     175.4
 2013 04 20 21 59 21.836     2013 04 20 22 02  9.443     167.6
150
 2013 04 20 12 05 38.968     2013 04 20 12 08 20.791     161.8
 2013 04 20 22 07  5.600     2013 04 20 22 09 42.859     157.3
151
 2013 04 20 13 48 23.398     2013 04 20 13 51   .283     156.9
 2013 04 20 20 23 52.684     2013 04 20 20 26 46.849     174.2
152
 2013 04 20 10 29  7.837     2013 04 20 10 31 43.249     155.4
 2013 04 20 20 36 19.006     2013 04 20 20 36 45.646      26.6
153
 2013 04 20 10 40 24.547     2013 04 20 10 40 32.621       8.1
 2013 04 20 18 50 50.167     2013 04 20 18 54  8.295     198.1
154
 2013 04 20 12 10 21.740     2013 04 20 12 13  1.031     159.3
 2013 04 20 20 27 23.828     2013 04 20 20 30  6.379     162.6
155
 2013 04 20 12 04 45.611     2013 04 20 12 07 20.640     155.0
 2013 04 20 22 07 33.700     2013 04 20 22 10 35.181     181.5
156
 2013 04 20 10 32 46.399     2013 04 20 10 33 11.822      25.4
157
 2013 04 20 13 48 53.413     2013 04 20 13 51 30.760     157.3
 2013 04 20 20 23 58.805     2013 04 20 20 26 37.229     158.4
158
 2013 04 20 15 23 52.622     2013 04 20 15 26 36.589     164.0
 2013 04 20 21 59  9.561     2013 04 20 22 01 50.529     161.0
159
 2013 04 20 15 22 31.206     2013 04 20 15 26  8.851     217.6
 2013 04 20 21 59 35.050     2013 04 20 22 02 44.039     189.0
160
 2013 04 20 13 47 41.679     2013 04 20 13 51  5.768     204.1
 2013 04 20 20 22 45.576     2013 04 20 20 25 50.422     184.8
161
 2013 04 20 12 13 36.768     2013 04 20 12 14 46.010      69.2
 2013 04 20 18 50 40.443     2013 04 20 18 53 18.894     158.5
162
 2013 04 20 10 34 41.563     2013 04 20 10 34 44.414       2.9
 2013 04 20 20 31  4.103     2013 04 20 20 33 43.032     158.9
163
164
 2013 04 20 00 00 36.288     2013 04 20 00 04 17.746     221.5
 2013 04 20 13 41 22.211     2013 04 20 13 44  5.171     163.0
 2013 04 20 23 41 36.019     2013 04 20 23 45 17.129     221.1
165
 2013 04 20 13 44 56.027     2013 04 20 13 48 38.232     222.2
 2013 04 20 22 03 30.025     2013 04 20 22 06 13.293     163.3
166
 2013 04 20 00 02 44.693     2013 04 20 00 06 25.549     220.9
 2013 04 20 23 43 44.430     2013 04 20 23 47 24.922     220.5
167
 2013 04 20 22 10 41.270     2013 04 20 22 14 25.066     223.8
168
 2013 04 20 20 39 34.733     2013 04 20 20 40 57.573      82.8
169
 2013 04 20 00 04  6.789     2013 04 20 00 07 16.926     190.1
 2013 04 20 23 45  6.160     2013 04 20 23 48 16.649     190.5
170
 2013 04 20 20 30 16.293     2013 04 20 20 33 16.605     180.3
171
 2013 04 20 13 47 47.097     2013 04 20 13 50 24.183     157.1
 2013 04 20 20 23 28.928     2013 04 20 20 27 10.051     221.1
172
 2013 04 20 22 05 19.307     2013 04 20 22 08 12.961     173.7
173
 2013 04 20 22 08 18.838     2013 04 20 22 09 39.192      80.4
174
 2013 04 20 13 43 57.753     2013 04 20 13 47 34.967     217.2
 2013 04 20 22 00 55.158     2013 04 20 22 04 28.539     213.4
175
 2013 04 20 13 43 17.741     2013 04 20 13 43 51.026      33.3
 2013 04 20 22 03 38.585     2013 04 20 22 07  5.926     207.3
176
 2013 04 20 12 06 58.963     2013 04 20 12 07   .034       1.1
 2013 04 20 22 04 42.673     2013 04 20 22 08 35.370     232.7
177
 2013 04 20 20 30  5.464     2013 04 20 20 32 50.362     164.9
178
 2013 04 20 12 11 39.522     2013 04 20 12 15 14.095     214.6
 2013 04 20 20 25 39.570     2013 04 20 20 29 27.707     228.1
179
 2013 04 20 13 44 43.333     2013 04 20 13 48 29.090     225.8
 2013 04 20 22 03 36.406     2013 04 20 22 06 15.369     159.0
180
 2013 04 20 12 10 55.338     2013 04 20 12 11 27.267      31.9
181
 2013 04 20 12 08 44.377     2013 04 20 12 09  2.207      17.8
 2013 04 20 22 05 55.227     2013 04 20 22 08 44.925     169.7
182
 2013 04 20 20 29 33.872     2013 04 20 20 32 23.467     169.6
183
 2013 04 20 22 11 14.277     2013 04 20 22 13 55.061     160.8
184
 2013 04 20 20 28 55.500     2013 04 20 20 30  2.343      66.8
185
186
187
 2013 04 20 10 26 45.817     2013 04 20 10 29 40.262     174.4
188
 2013 04 20 22 10 36.684     2013 04 20 22 14 20.237     223.6
189
 2013 04 20 00 05 34.371     2013 04 20 00 09  1.034     206.7
 2013 04 20 12 00  7.628     2013 04 20 12 03 49.180     221.6
190
 2013 04 20 20 36 53.439     2013 04 20 20 39 31.604     158.2
191
 2013 04 20 22 00 25.410     2013 04 20 22 03 18.500     173.1
192
 2013 04 20 00 04 30.905     2013 04 20 00 04 52.901      22.0
193
194
195
 2013 04 20 22 12 16.104     2013 04 20 22 14 57.545     161.4
196
 2013 04 20 13 47  5.730     2013 04 20 13 50 30.317     204.6
 2013 04 20 20 22 15.247     2013 04 20 20 23 42.877      87.6
197
 2013 04 20 12 04 28.273     2013 04 20 12 07  6.871     158.6
 2013 04 20 22 07 16.748     2013 04 20 22 10 41.677     204.9
198
 2013 04 20 10 24  6.919     2013 04 20 10 27 21.736     194.8
 2013 04 20 22 13 16.551     2013 04 20 22 15 53.874     157.3
199
 2013 04 20 20 35 37.745     2013 04 20 20 39  1.335     203.6
200
 2013 04 20 12 13 51.200     2013 04 20 12 16 38.804     167.6
 2013 04 20 18 49 41.698     2013 04 20 18 52 25.369     163.7
201
 2013 04 20 12 15 41.171     2013 04 20 12 18 44.025     182.9
 2013 04 20 17 11 41.082     2013 04 20 17 15 21.080     220.0
202
 2013 04 20 10 29 38.300     2013 04 20 10 33 12.432     214.1
 2013 04 20 20 34  7.552     2013 04 20 20 36 45.368     157.8
203
 2013 04 20 12 13 19.982     2013 04 20 12 15 36.974     137.0
 2013 04 20 18 50 30.950     2013 04 20 18 53 17.318     166.4
204
 2013 04 20 00 06 59.134     2013 04 20 00 07 13.464      14.3
 2013 04 20 12 00  8.342     2013 04 20 12 02 56.989     168.6
205
 2013 04 20 15 24  4.412     2013 04 20 15 27 17.642     193.2
 2013 04 20 21 59 34.162     2013 04 20 22 02 31.102     176.9
206
 2013 04 20 22 10 30.373     2013 04 20 22 13  9.966     159.6
207
 2013 04 20 22 12 24.085     2013 04 20 22 15  4.139     160.1
208
 2013 04 20 12 05 21.282     2013 04 20 12 08 41.067     199.8
 2013 04 20 22 08 12.657     2013 04 20 22 11  6.628     174.0
209
 2013 04 20 12 02  1.325     2013 04 20 12 04 35.953     154.6
210
 2013 04 20 10 28 33.883     2013 04 20 10 31 18.452     164.6
211
 2013 04 20 12 08 56.079     2013 04 20 12 12  2.401     186.3
 2013 04 20 20 28  5.142     2013 04 20 20 31 55.327     230.2
212
 2013 04 20 20 25 43.748     2013 04 20 20 28 29.298     165.6
213
 2013 04 20 13 47 13.819     2013 04 20 13 50 40.307     206.5
 2013 04 20 20 27 34.540     2013 04 20 20 28 17.074      42.5
214
 2013 04 20 10 29 12.447     2013 04 20 10 32 36.836     204.4
 2013 04 20 20 34  5.131     2013 04 20 20 37   .785     175.7
215
 2013 04 20 22 05 10.466     2013 04 20 22 07 58.027     167.6
216
 2013 04 20 13 43 20.447     2013 04 20 13 45 56.327     155.9
217
 2013 04 20 12 07 14.614     2013 04 20 12 10 24.169     189.6
218
 2013 04 20 10 32 13.093     2013 04 20 10 34 56.667     163.6
 2013 04 20 20 31 47.105     2013 04 20 20 32 19.549      32.4
219
 2013 04 20 13 47 52.328     2013 04 20 13 50 59.941     187.6
 2013 04 20 20 24 23.997     2013 04 20 20 27 42.491     198.5
220
 2013 04 20 13 47  2.322     2013 04 20 13 50 29.514     207.2
221
 2013 04 20 10 31 34.122     2013 04 20 10 34  9.145     155.0
 2013 04 20 20 32 15.674     2013 04 20 20 35 15.824     180.2
222
 2013 04 20 10 27 56.578     2013 04 20 10 30 38.766     162.2
223
 2013 04 20 12 11  1.582     2013 04 20 12 14 16.043     194.5
 2013 04 20 20 28  6.029     2013 04 20 20 31 18.492     192.5
224
 2013 04 20 20 35  4.420     2013 04 20 20 36  2.650      58.2
225
 2013 04 20 00 01 28.262     2013 04 20 00 04  7.888     159.6
 2013 04 20 13 40 19.436     2013 04 20 13 42 59.006     159.6
 2013 04 20 23 42 27.846     2013 04 20 23 45  7.405     159.6
226
 2013 04 20 00 05 13.187     2013 04 20 00 08 16.657     183.5
227
 2013 04 20 20 35 55.080     2013 04 20 20 39  2.918     187.8
228
 2013 04 20 22 03 51.266     2013 04 20 22 07  4.400     193.1
229
 2013 04 20 13 45 53.826     2013 04 20 13 48 37.055     163.2
 2013 04 20 22 01 47.659     2013 04 20 22 04 38.296     170.6
230
 2013 04 20 20 35 47.431     2013 04 20 20 39 15.803     208.4
231
 2013 04 20 13 47 16.116     2013 04 20 13 50 12.373     176.3
232
 2013 04 20 10 30 18.812     2013 04 20 10 33 23.125     184.3
 2013 04 20 20 32  1.435     2013 04 20 20 34 52.714     171.3
233
 2013 04 20 10 26 58.372     2013 04 20 10 27 59.326      61.0
 2013 04 20 22 12 42.168     2013 04 20 22 15 19.542     157.4
234
 2013 04 20 12 10 12.851     2013 04 20 12 13 28.695     195.8
 2013 04 20 20 26 43.210     2013 04 20 20 29 24.860     161.7
235
 2013 04 20 15 24 47.222     2013 04 20 15 28 21.692     214.5
 2013 04 20 20 21 13.419     2013 04 20 20 21 12.788       -.6
 2013 04 20 21 59 19.928     2013 04 20 21 59 45.914      26.0
236
 2013 04 20 10 27 29.283     2013 04 20 10 30  9.643     160.4
237
 2013 04 20 10 28 11.632     2013 04 20 10 31 27.256     195.6
238
 2013 04 20 12 13 51.717     2013 04 20 12 17 29.595     217.9
 2013 04 20 18 50 28.543     2013 04 20 18 53  6.770     158.2
239
 2013 04 20 13 49 19.063     2013 04 20 13 53 11.119     232.1
 2013 04 20 20 25  9.949     2013 04 20 20 28 23.633     193.7
240
 2013 04 20 12 01 55.462     2013 04 20 12 04 53.163     177.7
241
 2013 04 20 10 32  9.288     2013 04 20 10 35 52.490     223.2
 2013 04 20 20 30 17.102     2013 04 20 20 33 58.015     220.9
242
 2013 04 20 22 04 23.701     2013 04 20 22 07 24.422     180.7
243
 2013 04 20 12 10 26.895     2013 04 20 12 13 16.898     170.0
 2013 04 20 20 28  9.912     2013 04 20 20 30 47.702     157.8
244
 2013 04 20 00 01 51.667     2013 04 20 00 04 28.964     157.3
 2013 04 20 13 39 55.724     2013 04 20 13 42 46.499     170.8
 2013 04 20 23 42 51.216     2013 04 20 23 45 28.514     157.3
245
 2013 04 20 12 12 42.240     2013 04 20 12 15 32.791     170.6
 2013 04 20 18 48   .211     2013 04 20 18 49  3.647      63.4
246
 2013 04 20 12 05  5.752     2013 04 20 12 07 40.680     154.9
 2013 04 20 22 07 40.021     2013 04 20 22 10 24.074     164.1
247
 2013 04 20 12 14 45.586     2013 04 20 12 18 17.969     212.4
 2013 04 20 18 50 12.441     2013 04 20 18 53 29.010     196.6
248
 2013 04 20 22 05 32.255     2013 04 20 22 08 34.680     182.4
249
 2013 04 20 12 06 49.737     2013 04 20 12 09 35.820     166.1
 2013 04 20 22 06  5.219     2013 04 20 22 09 32.654     207.4
250
 2013 04 20 22 09 38.448     2013 04 20 22 12 20.017     161.6
251
 2013 04 20 00 03 15.430     2013 04 20 00 03 20.164       4.7
 2013 04 20 23 44 14.745     2013 04 20 23 44 16.785       2.0
252
 2013 04 20 20 25 18.786     2013 04 20 20 28 58.069     219.3
253
254
255
 2013 04 20 10 25 14.520     2013 04 20 10 27 52.671     158.2
 2013 04 20 22 13  7.098     2013 04 20 22 16 27.287     200.2
256
 2013 04 20 12 06 14.598     2013 04 20 12 08 58.130     163.5
 2013 04 20 22 07 16.500     2013 04 20 22 10 29.202     192.7
257
 2013 04 20 15 24 16.245     2013 04 20 15 27 38.261     202.0
 2013 04 20 21 59 33.960     2013 04 20 22 02 48.445     194.5
258
 2013 04 20 13 48 49.364     2013 04 20 13 52 10.000     200.6
 2013 04 20 20 25  1.063     2013 04 20 20 27 40.276     159.2
259
 2013 04 20 12 14  8.031     2013 04 20 12 16 57.989     170.0
 2013 04 20 18 49 49.392     2013 04 20 18 52 27.688     158.3
260
 2013 04 20 15 24 17.878     2013 04 20 15 28 11.256     233.4
 2013 04 20 21 59 46.099     2013 04 20 22 03 21.206     215.1
261
 2013 04 20 13 41 17.754     2013 04 20 13 44 56.868     219.1
262
 2013 04 20 12 09 30.330     2013 04 20 12 09 57.365      27.0
 2013 04 20 22 05 36.751     2013 04 20 22 08 20.599     163.8
263
 2013 04 20 10 32 45.133     2013 04 20 10 33 28.528      43.4
 2013 04 20 20 31 11.258     2013 04 20 20 34 46.841     215.6
264
 2013 04 20 10 26  5.065     2013 04 20 10 28 47.354     162.3
265
 2013 04 20 12 03 38.832     2013 04 20 12 07 26.759     227.9
 2013 04 20 22 09  6.785     2013 04 20 22 12  1.107     174.3
266
 2013 04 20 10 28   .502     2013 04 20 10 30 49.683     169.2
267
 2013 04 20 12 03 37.321     2013 04 20 12 06 28.024     170.7
 2013 04 20 22 08  8.228     2013 04 20 22 08 41.273      33.0
268
 2013 04 20 20 25 21.574     2013 04 20 20 28 44.189     202.6
269
 2013 04 20 10 30 54.756     2013 04 20 10 31 53.352      58.6
 2013 04 20 20 31 14.114     2013 04 20 20 33 52.242     158.1
270
 2013 04 20 10 27 32.350     2013 04 20 10 30 46.124     193.8
271
 2013 04 20 00 02 44.941     2013 04 20 00 02 54.808       9.9
 2013 04 20 13 37 27.441     2013 04 20 13 39 13.210     105.8
 2013 04 20 23 43 44.258     2013 04 20 23 43 51.226       7.0
272
 2013 04 20 13 49 50.394     2013 04 20 13 52 51.029     180.6
 2013 04 20 15 27 33.067     2013 04 20 15 28 42.469      69.4
 2013 04 20 18 45   .477     2013 04 20 18 48 32.998     212.5
 2013 04 20 20 23   .172     2013 04 20 20 26 42.555     222.4
273
 2013 04 20 12 10 14.366     2013 04 20 12 13 46.742     212.4
 2013 04 20 20 26 31.075     2013 04 20 20 29 10.113     159.0
274
 2013 04 20 10 24 18.636     2013 04 20 10 27 33.430     194.8
 2013 04 20 22 13 10.446     2013 04 20 22 15 48.364     157.9
275
 2013 04 20 12 09 19.720     2013 04 20 12 12 17.396     177.7
 2013 04 20 20 28  6.890     2013 04 20 20 31 30.839     203.9
276
 2013 04 20 22 08  9.535     2013 04 20 22 08 18.538       9.0
277
 2013 04 20 00 00 54.313     2013 04 20 00 03 41.151     166.8
 2013 04 20 13 40 46.272     2013 04 20 13 43 21.442     155.2
 2013 04 20 23 41 53.940     2013 04 20 23 44 40.629     166.7
278
 2013 04 20 00 03 47.826     2013 04 20 00 07 26.632     218.8
 2013 04 20 23 44 47.563     2013 04 20 23 48 26.004     218.4
279
 2013 04 20 12 03 49.598     2013 04 20 12 06 41.755     172.2
280
 2013 04 20 13 49 15.674     2013 04 20 13 51 58.885     163.2
 2013 04 20 20 23 42.074     2013 04 20 20 26 29.723     167.6
281
 2013 04 20 22 04 35.182     2013 04 20 22 07 12.727     157.5
282
 2013 04 20 10 33 53.465     2013 04 20 10 36 30.559     157.1
283
 2013 04 20 12 12  5.834     2013 04 20 12 15 25.624     199.8
284
 2013 04 20 12 11 36.676     2013 04 20 12 14 43.832     187.2
 2013 04 20 20 27 33.032     2013 04 20 20 29 14.468     101.4
285
 2013 04 20 13 48 39.640     2013 04 20 13 51 53.133     193.5
 2013 04 20 20 24 54.513     2013 04 20 20 27 33.073     158.6
286
287
 2013 04 20 10 26   .229     2013 04 20 10 26 19.048      18.8
288
 2013 04 20 22 11 21.083     2013 04 20 22 14  8.032     166.9
289
 2013 04 20 00 02  2.193     2013 04 20 00 04 44.554     162.4
 2013 04 20 13 39 28.054     2013 04 20 13 42 20.813     172.8
 2013 04 20 23 43  1.660     2013 04 20 23 45 44.182     162.5
290
 2013 04 20 13 42 52.690     2013 04 20 13 45 28.200     155.5
291
 2013 04 20 00 04  1.683     2013 04 20 00 06 53.916     172.2
 2013 04 20 23 45  1.334     2013 04 20 23 47 53.371     172.0
292
 2013 04 20 20 37  1.204     2013 04 20 20 39 38.393     157.2
293
 2013 04 20 00 01 34.405     2013 04 20 00 04 14.248     159.8
 2013 04 20 13 40 15.732     2013 04 20 13 42 58.700     163.0
 2013 04 20 23 42 33.990     2013 04 20 23 45 13.764     159.8
294
 2013 04 20 13 51 26.016     2013 04 20 13 54 15.784     169.8
 2013 04 20 18 47  6.927     2013 04 20 18 49 48.051     161.1
295
 2013 04 20 10 28 32.822     2013 04 20 10 31 31.222     178.4
 2013 04 20 20 37 16.783     2013 04 20 20 37 41.779      25.0
296
 2013 04 20 15 23  9.589     2013 04 20 15 23 58.207      48.6
 2013 04 20 22 00 11.375     2013 04 20 22 02 49.610     158.2
297
 2013 04 20 22 11  9.946     2013 04 20 22 14 50.060     220.1
298
 2013 04 20 12 14 16.731     2013 04 20 12 17  2.944     166.2
 2013 04 20 18 48 55.380     2013 04 20 18 51 36.021     160.6
299
 2013 04 20 12 01 40.231     2013 04 20 12 04 36.632     176.4
300
 2013 04 20 20 34 37.150     2013 04 20 20 38  5.768     208.6
301
 2013 04 20 15 24 46.300     2013 04 20 15 28  7.897     201.6
 2013 04 20 20 24 53.495     2013 04 20 20 25 11.846      18.4
 2013 04 20 21 59 15.474     2013 04 20 22 00 31.863      76.4
302
303
 2013 04 20 10 24 42.412     2013 04 20 10 27 24.540     162.1
 2013 04 20 22 13 30.887     2013 04 20 22 16 20.146     169.3
304
 2013 04 20 10 35 33.321     2013 04 20 10 39 15.620     222.3
 2013 04 20 18 51 39.737     2013 04 20 18 54 17.803     158.1
305
 2013 04 20 20 35 47.679     2013 04 20 20 38 24.774     157.1
306
 2013 04 20 12 15 53.777     2013 04 20 12 18 43.811     170.0
 2013 04 20 17 11 40.978     2013 04 20 17 15  3.883     202.9
307
 2013 04 20 15 24 33.247     2013 04 20 15 25 16.654      43.4
 2013 04 20 21 59 39.082     2013 04 20 22 00 15.881      36.8
308
 2013 04 20 13 48 51.255     2013 04 20 13 52 34.405     223.2
 2013 04 20 15 27  1.269     2013 04 20 15 30 33.280     212.0
 2013 04 20 18 44   .294     2013 04 20 18 44 23.262      23.0
 2013 04 20 20 22 46.173     2013 04 20 20 25 44.454     178.3
309
 2013 04 20 12 11 26.234     2013 04 20 12 14 17.652     171.4
 2013 04 20 20 27 37.110     2013 04 20 20 31  1.545     204.4
310
 2013 04 20 13 43  4.345     2013 04 20 13 45 41.866     157.5
311
312
313
314
 2013 04 20 13 47 33.107     2013 04 20 13 50 26.302     173.2
 2013 04 20 20 23 48.845     2013 04 20 20 24 46.704      57.9
315
 2013 04 20 12 04 49.449     2013 04 20 12 08  6.667     197.2
 2013 04 20 22 06 33.548     2013 04 20 22 09 34.664     181.1
316
 2013 04 20 20 30 28.608     2013 04 20 20 33 20.018     171.4
317
 2013 04 20 15 23  2.480     2013 04 20 15 26 33.937     211.5
 2013 04 20 21 59 47.271     2013 04 20 22 02 30.488     163.2
318
 2013 04 20 10 27 49.732     2013 04 20 10 31  6.636     196.9
319
 2013 04 20 12 02  7.105     2013 04 20 12 05 33.370     206.3
320
 2013 04 20 13 42 43.195     2013 04 20 13 46 13.902     210.7
321
 2013 04 20 20 35 44.382     2013 04 20 20 38 22.061     157.7
322
 2013 04 20 15 24 40.049     2013 04 20 15 27 28.641     168.6
 2013 04 20 20 19 50.573     2013 04 20 20 23 32.723     222.2
 2013 04 20 21 57 58.230     2013 04 20 22 01 37.640     219.4
323
 2013 04 20 20 34 22.364     2013 04 20 20 38  1.748     219.4
324
 2013 04 20 10 31 21.576     2013 04 20 10 34 42.222     200.6
 2013 04 20 20 32 45.841     2013 04 20 20 36 30.496     224.7
325
 2013 04 20 00 05 26.084     2013 04 20 00 08  5.768     159.7
326
 2013 04 20 00 04 55.312     2013 04 20 00 07 35.013     159.7
327
 2013 04 20 12 04 49.594     2013 04 20 12 06 53.698     124.1
 2013 04 20 22 08 41.141     2013 04 20 22 11 29.452     168.3
328
 2013 04 20 12 13 41.001     2013 04 20 12 16 49.209     188.2
 2013 04 20 18 48 30.496     2013 04 20 18 51 10.294     159.8
329
 2013 04 20 20 35 49.417     2013 04 20 20 38 26.861     157.4
330
 2013 04 20 00 02 26.454     2013 04 20 00 05  7.694     161.2
 2013 04 20 13 39  7.638     2013 04 20 13 42 25.721     198.1
 2013 04 20 23 43 25.926     2013 04 20 23 46  7.317     161.4
331
 2013 04 20 20 29 20.469     2013 04 20 20 33  3.104     222.6
332
 2013 04 20 10 24 41.425     2013 04 20 10 27 49.858     188.4
 2013 04 20 22 13   .983     2013 04 20 22 15 47.466     166.5
333
 2013 04 20 15 23 54.006     2013 04 20 15 27 38.142     224.1
 2013 04 20 21 59 54.508     2013 04 20 22 02 53.888     179.4
334
 2013 04 20 12 12 24.127     2013 04 20 12 15  4.300     160.2
335
336
 2013 04 20 10 27  6.563     2013 04 20 10 30 25.742     199.2
337
 2013 04 20 10 26 15.752     2013 04 20 10 28 52.375     156.6
338
 2013 04 20 10 33 39.945     2013 04 20 10 36 57.414     197.5
339
 2013 04 20 10 29 21.767     2013 04 20 10 32 17.221     175.5
 2013 04 20 20 34 36.662     2013 04 20 20 35 58.923      82.3
340
 2013 04 20 10 26  1.683     2013 04 20 10 29  2.667     181.0
341
 2013 04 20 13 44  9.194     2013 04 20 13 47 38.815     209.6
 2013 04 20 22 03 26.582     2013 04 20 22 06 20.407     173.8
342
343
 2013 04 20 10 29 44.312     2013 04 20 10 32 57.077     192.8
 2013 04 20 20 31 50.242     2013 04 20 20 35 15.511     205.3
344
 2013 04 20 22 10 35.467     2013 04 20 22 14 20.428     225.0
345
 2013 04 20 13 46 30.170     2013 04 20 13 49 50.940     200.8
 2013 04 20 22 00 31.934     2013 04 20 22 04 22.463     230.5
346
 2013 04 20 13 49 41.457     2013 04 20 13 52 29.698     168.2
 2013 04 20 20 24 21.624     2013 04 20 20 27 31.148     189.5
347
 2013 04 20 13 42 15.845     2013 04 20 13 45  7.945     172.1
348
 2013 04 20 12 11 59.198     2013 04 20 12 15 29.848     210.7
 2013 04 20 20 25 24.189     2013 04 20 20 25 26.524       2.3
349
 2013 04 20 20 36 57.454     2013 04 20 20 39 50.392     172.9
350
 2013 04 20 13 42 21.665     2013 04 20 13 45 43.920     202.3
351
 2013 04 20 22 05 42.450     2013 04 20 22 08 32.805     170.4
352
353
 2013 04 20 00 05 25.525     2013 04 20 00 08  9.371     163.8
354
 2013 04 20 00 03 26.445     2013 04 20 00 04 50.186      83.7
 2013 04 20 23 44 26.200     2013 04 20 23 45 52.784      86.6
355
 2013 04 20 13 42 57.335     2013 04 20 13 45 32.983     155.6
356
 2013 04 20 18 50 33.369     2013 04 20 18 54  7.442     214.1
357
 2013 04 20 12 12 24.138     2013 04 20 12 15 39.796     195.7
 2013 04 20 18 47 35.033     2013 04 20 18 48  1.789      26.8
358
 2013 04 20 12 02 26.162     2013 04 20 12 05 33.113     187.0
359
 2013 04 20 10 28 28.501     2013 04 20 10 32  4.549     216.0
360
 2013 04 20 15 24 42.355     2013 04 20 15 27 23.739     161.4
 2013 04 20 20 19 54.641     2013 04 20 20 23 47.065     232.4
 2013 04 20 21 58 11.198     2013 04 20 22 01 46.526     215.3
361
 2013 04 20 12 06 19.099     2013 04 20 12 09 34.067     195.0
 2013 04 20 22 07 15.188     2013 04 20 22 08 41.381      86.2
362
363
 2013 04 20 10 31  6.548     2013 04 20 10 33 57.722     171.2
 2013 04 20 20 32 57.810     2013 04 20 20 35 54.708     176.9
364
 2013 04 20 13 41 41.483     2013 04 20 13 42  8.973      27.5
365
 2013 04 20 13 47 23.020     2013 04 20 13 50 43.861     200.8
 2013 04 20 20 22 31.724     2013 04 20 20 26  3.801     212.1
366
 2013 04 20 12 12 51.055     2013 04 20 12 15 42.488     171.4
 2013 04 20 18 48  8.026     2013 04 20 18 51 49.383     221.4
367
 2013 04 20 13 47 39.223     2013 04 20 13 51 25.239     226.0
 2013 04 20 20 24 53.080     2013 04 20 20 28  7.646     194.6
368
 2013 04 20 12 05  9.808     2013 04 20 12 07 45.984     156.2
 2013 04 20 22 07 26.757     2013 04 20 22 10 11.262     164.5
369
 2013 04 20 10 32 47.153     2013 04 20 10 35 22.754     155.6
370
 2013 04 20 10 32  8.984     2013 04 20 10 34 52.652     163.7
 2013 04 20 20 31 51.878     2013 04 20 20 32 46.669      54.8
371
 2013 04 20 22 00 34.062     2013 04 20 22 03 12.784     158.7
372
 2013 04 20 10 27 12.951     2013 04 20 10 30 49.161     216.2
373
 2013 04 20 12 08 54.522     2013 04 20 12 12  9.122     194.6
 2013 04 20 20 30 21.039     2013 04 20 20 30 28.145       7.1
374
 2013 04 20 13 50 36.337     2013 04 20 13 53 26.520     170.2
 2013 04 20 18 46 23.522     2013 04 20 18 49 48.340     204.8
375
 2013 04 20 22 11  9.399     2013 04 20 22 14 50.384     221.0
376
 2013 04 20 10 24 21.080     2013 04 20 10 27 25.151     184.1
 2013 04 20 22 13 19.601     2013 04 20 22 15 57.962     158.4
377
 2013 04 20 12 16 17.309     2013 04 20 12 19   .084     162.8
 2013 04 20 17 11 54.276     2013 04 20 17 14 49.920     175.6
378
 2013 04 20 12 09 40.847     2013 04 20 12 12 31.494     170.6
 2013 04 20 20 26 55.164     2013 04 20 20 30 13.888     198.7
379
 2013 04 20 10 34  8.584     2013 04 20 10 36 44.884     156.3
380
 2013 04 20 00 07  5.442     2013 04 20 00 10 39.088     213.6
 2013 04 20 11 59 58.210     2013 04 20 12 02 33.384     155.2
381
 2013 04 20 13 49 24.796     2013 04 20 13 52 36.097     191.3
 2013 04 20 20 24 47.360     2013 04 20 20 27 47.937     180.6
382
 2013 04 20 12 04 46.057     2013 04 20 12 05 11.706      25.6
 2013 04 20 22 08 45.074     2013 04 20 22 11 41.632     176.6
383
 2013 04 20 12 07  5.186     2013 04 20 12 10 18.462     193.3
 2013 04 20 22 05 17.428     2013 04 20 22 09  7.605     230.2
384
 2013 04 20 12 09 48.457     2013 04 20 12 12 29.356     160.9
 2013 04 20 20 27 11.540     2013 04 20 20 30 23.587     192.0
385
386
 2013 04 20 22 10  6.846     2013 04 20 22 13 58.308     231.5
387
 2013 04 20 12 11   .716     2013 04 20 12 13 49.992     169.3
 2013 04 20 20 26 59.335     2013 04 20 20 29 44.543     165.2
388
389
 2013 04 20 10 26 30.345     2013 04 20 10 30  8.370     218.0
390
 2013 04 20 20 36 26.834     2013 04 20 20 39 34.581     187.7
391
 2013 04 20 12 06 58.994     2013 04 20 12 08 48.519     109.5
392
 2013 04 20 20 29  3.957     2013 04 20 20 30 42.189      98.2
393
 2013 04 20 13 48 57.542     2013 04 20 13 51 52.793     175.3
 2013 04 20 20 24 39.749     2013 04 20 20 27 18.593     158.8
394
 2013 04 20 12 14 20.854     2013 04 20 12 17  8.840     168.0
 2013 04 20 18 48 52.515     2013 04 20 18 51 35.504     163.0
395
 2013 04 20 10 34 14.858     2013 04 20 10 37 43.451     208.6
 2013 04 20 18 51 22.237     2013 04 20 18 51 24.957       2.7
396
 2013 04 20 10 36  4.078     2013 04 20 10 39 15.201     191.1
 2013 04 20 18 51 56.722     2013 04 20 18 54 38.882     162.2
397
 2013 04 20 20 35 57.108     2013 04 20 20 38 48.789     171.7
398
 2013 04 20 10 29 38.119     2013 04 20 10 30 21.809      43.7
399
 2013 04 20 10 34   .925     2013 04 20 10 34 49.901      49.0
 2013 04 20 18 54 45.012     2013 04 20 18 55 14.096      29.1
400
 2013 04 20 12 11 32.705     2013 04 20 12 14 37.787     185.1
 2013 04 20 20 27 36.368     2013 04 20 20 31 23.793     227.4
401
 2013 04 20 00 01 54.256     2013 04 20 00 05 20.834     206.6
 2013 04 20 13 40  8.270     2013 04 20 13 41 29.315      81.0
 2013 04 20 23 42 53.974     2013 04 20 23 46 20.226     206.3
402
 2013 04 20 10 33 35.918     2013 04 20 10 36 11.437     155.5
403
 2013 04 20 10 34 14.858     2013 04 20 10 37 20.169     185.3
 2013 04 20 18 55 39.148     2013 04 20 18 55 50.851      11.7
404
 2013 04 20 15 26 20.403     2013 04 20 15 29 18.706     178.3
 2013 04 20 20 22  6.638     2013 04 20 20 24 45.408     158.8
405
 2013 04 20 20 34 10.669     2013 04 20 20 37 41.093     210.4
406
 2013 04 20 13 45 26.788     2013 04 20 13 49  9.724     222.9
 2013 04 20 22 00 58.607     2013 04 20 22 03 44.566     166.0
407
 2013 04 20 20 36 34.689     2013 04 20 20 40 10.517     215.8
408
 2013 04 20 22 11 54.183     2013 04 20 22 15  3.654     189.5
409
 2013 04 20 12 02 41.725     2013 04 20 12 06 19.182     217.5
410
 2013 04 20 13 47 16.704     2013 04 20 13 50 28.562     191.9
 2013 04 20 20 27 47.019     2013 04 20 20 28  8.828      21.8
411
 2013 04 20 12 06 33.459     2013 04 20 12 09 11.835     158.4
 2013 04 20 22 06 33.765     2013 04 20 22 09 44.474     190.7
412
 2013 04 20 12 05 12.640     2013 04 20 12 08 34.168     201.5
 2013 04 20 22 06 29.098     2013 04 20 22 09 12.500     163.4
413
414
 2013 04 20 18 50 39.058     2013 04 20 18 53 52.736     193.7
415
416
417
418
 2013 04 20 12 09   .473     2013 04 20 12 11 41.530     161.1
419
 2013 04 20 12 10 45.205     2013 04 20 12 13 52.430     187.2
 2013 04 20 20 28 14.757     2013 04 20 20 31  5.579     170.8
420
 2013 04 20 13 46 34.589     2013 04 20 13 47 26.652      52.1
 2013 04 20 22 04   .408     2013 04 20 22 04 35.440      35.0
421
 2013 04 20 15 24 42.178     2013 04 20 15 27 44.980     182.8
 2013 04 20 21 59  8.315     2013 04 20 22 02 48.623     220.3
422
 2013 04 20 22 00 29.553     2013 04 20 22 03 26.139     176.6
423
424
 2013 04 20 20 36  5.136     2013 04 20 20 39 44.249     219.1
425
 2013 04 20 10 28 51.204     2013 04 20 10 30 40.690     109.5
 2013 04 20 20 34 24.667     2013 04 20 20 37 20.376     175.7
426
 2013 04 20 10 35 55.656     2013 04 20 10 39 42.862     227.2
 2013 04 20 18 51 28.720     2013 04 20 18 54 13.692     165.0
427
 2013 04 20 15 24 33.776     2013 04 20 15 27 12.710     158.9
 2013 04 20 20 23 44.160     2013 04 20 20 23 57.927      13.8
 2013 04 20 21 58 23.312     2013 04 20 22 01 43.594     200.3
428
429
 2013 04 20 00 00 21.358     2013 04 20 00 03 37.309     196.0
 2013 04 20 13 41 19.985     2013 04 20 13 43 56.088     156.1
 2013 04 20 23 41 21.056     2013 04 20 23 44 36.721     195.7
430
 2013 04 20 12 01 40.329     2013 04 20 12 02 20.273      39.9
431
 2013 04 20 12 09 23.719     2013 04 20 12 12 52.226     208.5
 2013 04 20 20 26 20.692     2013 04 20 20 29 44.713     204.0
432
 2013 04 20 00 05 56.016     2013 04 20 00 08 33.091     157.1
433
 2013 04 20 15 23 31.946     2013 04 20 15 26 27.428     175.5
 2013 04 20 21 59 22.973     2013 04 20 22 02  1.425     158.5
434
435
 2013 04 20 13 50 58.300     2013 04 20 13 53 37.197     158.9
 2013 04 20 18 46 27.778     2013 04 20 18 49 23.808     176.0
436
 2013 04 20 12 02 22.389     2013 04 20 12 05  5.656     163.3
437
 2013 04 20 12 06 10.114     2013 04 20 12 09  1.847     171.7
 2013 04 20 22 07 23.835     2013 04 20 22 10 41.418     197.6
438
 2013 04 20 12 06 34.322     2013 04 20 12 09 15.427     161.1
 2013 04 20 22 06 55.205     2013 04 20 22 10 28.074     212.9
439
 2013 04 20 10 27  7.424     2013 04 20 10 30 41.418     214.0
440
441
 2013 04 20 12 07 19.970     2013 04 20 12 10 21.028     181.1
 2013 04 20 22 05 13.768     2013 04 20 22 05 43.510      29.7
442
 2013 04 20 22 11 39.086     2013 04 20 22 14 37.312     178.2
443
 2013 04 20 13 47 24.519     2013 04 20 13 51 14.070     229.6
 2013 04 20 20 24 44.484     2013 04 20 20 28 17.540     213.1
444
445
 2013 04 20 12 14 18.885     2013 04 20 12 17 39.578     200.7
 2013 04 20 18 50 15.916     2013 04 20 18 53  1.073     165.2
446
 2013 04 20 22 10 12.018     2013 04 20 22 12 49.243     157.2
447
 2013 04 20 12 03 21.422     2013 04 20 12 06 47.683     206.3
 2013 04 20 22 08 46.525     2013 04 20 22 12 18.213     211.7
448
 2013 04 20 15 26  2.156     2013 04 20 15 29 16.999     194.8
 2013 04 20 20 22 11.802     2013 04 20 20 24 55.844     164.0
449
 2013 04 20 13 49   .398     2013 04 20 13 52 25.127     204.7
 2013 04 20 20 25  2.851     2013 04 20 20 27 47.502     164.7
450
 2013 04 20 10 35 27.582     2013 04 20 10 38 15.720     168.1
 2013 04 20 18 52 24.343     2013 04 20 18 55 12.073     167.7
451
 2013 04 20 22 03  3.566     2013 04 20 22 03 54.101      50.5
452
 2013 04 20 10 33 41.042     2013 04 20 10 37 13.418     212.4
453
 2013 04 20 13 42 38.204     2013 04 20 13 46 25.841     227.6
454
 2013 04 20 20 33 13.366     2013 04 20 20 33 48.280      34.9
455
 2013 04 20 20 36 41.012     2013 04 20 20 39 18.543     157.5
456
 2013 04 20 12 05 32.915     2013 04 20 12 09 12.775     219.9
 2013 04 20 22 08  2.486     2013 04 20 22 11 25.124     202.6
457
 2013 04 20 00 02 55.138     2013 04 20 00 05 48.983     173.8
 2013 04 20 13 38 18.868     2013 04 20 13 39 46.818      88.0
 2013 04 20 23 43 54.553     2013 04 20 23 46 48.661     174.1
458
 2013 04 20 00 03 41.900     2013 04 20 00 06 42.204     180.3
 2013 04 20 23 44 41.294     2013 04 20 23 47 41.905     180.6
459
 2013 04 20 22 11 59.879     2013 04 20 22 14 37.056     157.2
460
 2013 04 20 13 47 11.791     2013 04 20 13 49 49.860     158.1
461
 2013 04 20 13 45 14.410     2013 04 20 13 48 46.484     212.1
 2013 04 20 22 01 12.463     2013 04 20 22 03 51.267     158.8
462
 2013 04 20 10 35 52.432     2013 04 20 10 39 37.185     224.8
 2013 04 20 18 51 32.213     2013 04 20 18 54 14.869     162.7
463
 2013 04 20 20 36 17.401     2013 04 20 20 38 54.744     157.3
464
 2013 04 20 13 43 30.564     2013 04 20 13 46  6.125     155.6
465
 2013 04 20 00 02 38.807     2013 04 20 00 05 28.550     169.7
 2013 04 20 13 39 18.615     2013 04 20 13 39 34.450      15.8
 2013 04 20 23 43 38.447     2013 04 20 23 46 28.014     169.6
466
 2013 04 20 10 32 26.936     2013 04 20 10 36 13.850     226.9
 2013 04 20 20 29 53.794     2013 04 20 20 30 32.309      38.5
467
 2013 04 20 10 26 12.482     2013 04 20 10 29 46.827     214.3
468
469
 2013 04 20 12 01 48.168     2013 04 20 12 05 21.176     213.0
470
 2013 04 20 12 02 22.800     2013 04 20 12 04 57.798     155.0
471
472
 2013 04 20 12 10 27.233     2013 04 20 12 13  3.373     156.1
 2013 04 20 20 27 42.396     2013 04 20 20 30 21.937     159.5
473
 2013 04 20 13 51 28.041     2013 04 20 13 54 39.623     191.6
 2013 04 20 18 47 31.320     2013 04 20 18 50 11.507     160.2
474
 2013 04 20 00 01 10.571     2013 04 20 00 04  9.527     179.0
 2013 04 20 13 40 46.825     2013 04 20 13 43 28.643     161.8
 2013 04 20 23 42 10.238     2013 04 20 23 45  8.967     178.7
475
 2013 04 20 10 33 58.418     2013 04 20 10 37 20.919     202.5
 2013 04 20 18 53 32.112     2013 04 20 18 54 12.247      40.1
476
 2013 04 20 00 06 28.134     2013 04 20 00 09  9.058     160.9
 2013 04 20 11 59 11.647     2013 04 20 12 02 49.731     218.1
477
 2013 04 20 00 02 58.034     2013 04 20 00 05 37.576     159.5
 2013 04 20 13 38 36.647     2013 04 20 13 39 21.938      45.3
 2013 04 20 23 43 57.520     2013 04 20 23 46 37.188     159.7
478
 2013 04 20 20 28 33.468     2013 04 20 20 29  2.613      29.1
479
 2013 04 20 10 32 30.412     2013 04 20 10 35 57.447     207.0
480
 2013 04 20 20 29 15.664     2013 04 20 20 32 27.985     192.3
481
 2013 04 20 20 36 50.557     2013 04 20 20 39 28.542     158.0
482
 2013 04 20 12 08 52.352     2013 04 20 12 12 35.073     222.7
 2013 04 20 20 29  2.918     2013 04 20 20 29 59.459      56.5
483
 2013 04 20 10 32 58.820     2013 04 20 10 35 50.065     171.2
484
 2013 04 20 13 48 21.899     2013 04 20 13 51 21.810     179.9
 2013 04 20 20 23 18.961     2013 04 20 20 26  2.105     163.1
485
 2013 04 20 10 34 33.191     2013 04 20 10 37 11.429     158.2
 2013 04 20 18 52 16.167     2013 04 20 18 52 40.119      24.0
486
 2013 04 20 10 34 11.776     2013 04 20 10 36 53.189     161.4
487
 2013 04 20 12 04 21.571     2013 04 20 12 08  7.985     226.4
 2013 04 20 22 06  7.823     2013 04 20 22 09 33.577     205.8
488
 2013 04 20 00 02 26.815     2013 04 20 00 03 44.828      78.0
 2013 04 20 23 43 26.568     2013 04 20 23 44 47.153      80.6
489
 2013 04 20 22 10 25.829     2013 04 20 22 13  7.032     161.2
490
 2013 04 20 12 07  7.518     2013 04 20 12 10 22.250     194.7
 2013 04 20 22 05 13.317     2013 04 20 22 07 13.186     119.9
491
 2013 04 20 22 10 14.588     2013 04 20 22 12 52.950     158.4
492
 2013 04 20 00 04 10.832     2013 04 20 00 06 50.554     159.7
 2013 04 20 23 45 10.314     2013 04 20 23 47 50.172     159.9
493
 2013 04 20 12 12 25.224     2013 04 20 12 13  2.315      37.1
 2013 04 20 18 50  2.100     2013 04 20 18 53 48.465     226.4
494
 2013 04 20 10 27 50.811     2013 04 20 10 28 37.756      46.9
 2013 04 20 20 34 23.697     2013 04 20 20 34 28.913       5.2
495
 2013 04 20 13 46 26.780     2013 04 20 13 49  4.345     157.6
 2013 04 20 22 01 36.810     2013 04 20 22 05  3.831     207.0
496
 2013 04 20 22 10 31.539     2013 04 20 22 13 35.864     184.3
497
 2013 04 20 12 02 41.835     2013 04 20 12 05 26.770     164.9
498
 2013 04 20 13 48   .564     2013 04 20 13 51 11.839     191.3
 2013 04 20 20 23  2.277     2013 04 20 20 25 55.704     173.4
499
 2013 04 20 12 02 16.559     2013 04 20 12 05 27.301     190.7
500
 2013 04 20 10 30 17.700     2013 04 20 10 32 52.863     155.2
 2013 04 20 20 32 48.685     2013 04 20 20 35 37.288     168.6
501
 2013 04 20 12 09 54.648     2013 04 20 12 13 19.391     204.7
 2013 04 20 20 26 34.466     2013 04 20 20 29 25.667     171.2
502
 2013 04 20 13 50 33.949     2013 04 20 13 53 37.727     183.8
 2013 04 20 18 46 35.931     2013 04 20 18 50  3.746     207.8
503
 2013 04 20 12 09 17.766     2013 04 20 12 12 56.293     218.5
 2013 04 20 20 26 12.740     2013 04 20 20 29 39.696     207.0
504
 2013 04 20 10 31 31.922     2013 04 20 10 31 35.085       3.2
505
 2013 04 20 12 12 10.405     2013 04 20 12 15 29.146     198.7
506
 2013 04 20 13 42 19.389     2013 04 20 13 45 36.439     197.0
507
 2013 04 20 00 02  3.276     2013 04 20 00 05 18.754     195.5
 2013 04 20 13 39 59.288     2013 04 20 13 41 22.864      83.6
 2013 04 20 23 43  2.978     2013 04 20 23 46 18.160     195.2
508
 2013 04 20 10 33 40.468     2013 04 20 10 37 15.138     214.7
509
510
 2013 04 20 13 45   .626     2013 04 20 13 47 56.932     176.3
 2013 04 20 22 01 44.061     2013 04 20 22 04 27.117     163.1
511
 2013 04 20 12 06 10.797     2013 04 20 12 09 32.320     201.5
 2013 04 20 22 07 23.837     2013 04 20 22 09 28.158     124.3
512
 2013 04 20 20 37 30.534     2013 04 20 20 40  7.975     157.4
513
 2013 04 20 13 47 28.458     2013 04 20 13 50 34.642     186.2
 2013 04 20 20 24  1.372     2013 04 20 20 25  9.194      67.8
514
 2013 04 20 22 04 10.055     2013 04 20 22 07  3.895     173.8
515
 2013 04 20 20 30 14.775     2013 04 20 20 32 52.343     157.6
516
 2013 04 20 20 35 45.020     2013 04 20 20 36 45.401      60.4
517
 2013 04 20 12 03 41.921     2013 04 20 12 06 58.107     196.2
518
 2013 04 20 13 48 35.327     2013 04 20 13 51 44.702     189.4
 2013 04 20 20 24 49.856     2013 04 20 20 27 29.794     159.9
519
 2013 04 20 13 45 29.971     2013 04 20 13 48 19.448     169.5
 2013 04 20 22 02 47.049     2013 04 20 22 05 30.212     163.2
520
 2013 04 20 13 50 37.471     2013 04 20 13 53 43.005     185.5
 2013 04 20 18 46 41.601     2013 04 20 18 50  4.637     203.0
521
 2013 04 20 10 33  8.592     2013 04 20 10 33 18.732      10.1
 2013 04 20 20 33 50.906     2013 04 20 20 34 59.608      68.7
522
 2013 04 20 13 45  9.739     2013 04 20 13 47 46.292     156.6
 2013 04 20 22 02 29.592     2013 04 20 22 05  9.346     159.8
523
 2013 04 20 22 11 54.603     2013 04 20 22 14 37.203     162.6
524
 2013 04 20 12 07 11.170     2013 04 20 12 09 56.801     165.6
525
 2013 04 20 10 25 56.725     2013 04 20 10 29 43.535     226.8
 2013 04 20 22 11  7.611     2013 04 20 22 11 42.082      34.5
526
527
 2013 04 20 20 29 33.604     2013 04 20 20 32 58.816     205.2
528
 2013 04 20 20 29 15.799     2013 04 20 20 29 41.789      26.0
529
 2013 04 20 13 44  5.837     2013 04 20 13 46 45.138     159.3
 2013 04 20 22 01 44.501     2013 04 20 22 05 34.559     230.1
530
 2013 04 20 20 36 27.617     2013 04 20 20 39 45.219     197.6
531
 2013 04 20 10 31 28.752     2013 04 20 10 34  9.335     160.6
 2013 04 20 20 32  3.511     2013 04 20 20 34 54.148     170.6
532
 2013 04 20 12 11 33.537     2013 04 20 12 14 13.990     160.5
 2013 04 20 20 26 52.718     2013 04 20 20 30  7.564     194.8
533
 2013 04 20 00 00 30.497     2013 04 20 00 03 18.289     167.8
 2013 04 20 13 40 53.013     2013 04 20 13 43 36.106     163.1
 2013 04 20 23 41 30.128     2013 04 20 23 44 17.764     167.6
534
 2013 04 20 12 04 40.301     2013 04 20 12 08   .046     199.7
 2013 04 20 22 08 37.895     2013 04 20 22 11 15.062     157.2
535
 2013 04 20 13 45  8.714     2013 04 20 13 47 51.152     162.4
 2013 04 20 22 02 44.495     2013 04 20 22 05 22.979     158.5
536
537
 2013 04 20 12 03 39.296     2013 04 20 12 06 40.747     181.5
538
 2013 04 20 13 46 59.363     2013 04 20 13 49 37.140     157.8
539
 2013 04 20 12 17 20.632     2013 04 20 12 17 35.664      15.0
 2013 04 20 13 51 50.236     2013 04 20 13 55 13.402     203.2
 2013 04 20 18 47 51.458     2013 04 20 18 50 31.851     160.4
540
 2013 04 20 12 09 22.647     2013 04 20 12 11 58.508     155.9
 2013 04 20 20 27 21.268     2013 04 20 20 31  7.207     225.9
541
 2013 04 20 13 44 51.691     2013 04 20 13 47 48.079     176.4
 2013 04 20 22 01 42.731     2013 04 20 22 04 31.489     168.8
542
 2013 04 20 22 10 15.897     2013 04 20 22 13 43.874     208.0
543
 2013 04 20 08 48 47.869     2013 04 20 08 49 12.599      24.7
 2013 04 20 20 38 13.457     2013 04 20 20 41  2.291     168.8
544
 2013 04 20 12 01 46.110     2013 04 20 12 04 54.453     188.3
545
546
 2013 04 20 13 50 26.787     2013 04 20 13 53  8.734     161.9
 2013 04 20 18 46  1.691     2013 04 20 18 49 36.913     215.2
 2013 04 20 20 23 44.636     2013 04 20 20 23 51.645       7.0
547
 2013 04 20 13 41 42.222     2013 04 20 13 44 49.279     187.1
548
 2013 04 20 00 05  6.692     2013 04 20 00 08 33.367     206.7
549
 2013 04 20 10 30 42.917     2013 04 20 10 30 45.576       2.7
550
 2013 04 20 00 06 51.011     2013 04 20 00 07  8.461      17.5
 2013 04 20 12 00 14.878     2013 04 20 12 02 57.777     162.9
551
552
 2013 04 20 15 24 27.687     2013 04 20 15 27  7.692     160.0
 2013 04 20 21 58 22.981     2013 04 20 22 01 36.492     193.5
553
 2013 04 20 22 03  8.248     2013 04 20 22 05  2.590     114.3
554
 2013 04 20 15 24 33.703     2013 04 20 15 24 45.262      11.6
 2013 04 20 20 25 41.260     2013 04 20 20 25 47.088       5.8
 2013 04 20 21 59 41.000     2013 04 20 21 59 53.974      13.0
555
 2013 04 20 13 50 40.557     2013 04 20 13 51 24.197      43.6
 2013 04 20 15 25 31.197     2013 04 20 15 26 58.617      87.4
 2013 04 20 20 22 22.590     2013 04 20 20 25 24.639     182.0
556
557
 2013 04 20 12 10 14.527     2013 04 20 12 12 50.520     156.0
 2013 04 20 20 27 40.367     2013 04 20 20 30 26.193     165.8
558
 2013 04 20 13 48 56.294     2013 04 20 13 51 45.596     169.3
 2013 04 20 20 24 32.958     2013 04 20 20 27 11.358     158.4
559
 2013 04 20 20 38 54.241     2013 04 20 20 39 42.924      48.7
560
 2013 04 20 13 46 22.119     2013 04 20 13 46 24.280       2.2
 2013 04 20 21 59 58.708     2013 04 20 22 01   .115      61.4
561
 2013 04 20 15 22 37.356     2013 04 20 15 25 41.240     183.9
 2013 04 20 21 59  4.450     2013 04 20 22 02 23.532     199.1
562
563
 2013 04 20 10 35 49.864     2013 04 20 10 39 34.723     224.9
 2013 04 20 18 51 33.193     2013 04 20 18 54 14.667     161.5
564
565
 2013 04 20 10 30 58.535     2013 04 20 10 33 57.894     179.4
 2013 04 20 20 31 57.335     2013 04 20 20 34 34.780     157.4
566
567
 2013 04 20 20 36 22.976     2013 04 20 20 39 34.799     191.8
568
 2013 04 20 13 45 17.049     2013 04 20 13 48 14.276     177.2
 2013 04 20 22 02 58.548     2013 04 20 22 05 38.392     159.8
569
 2013 04 20 10 26 50.498     2013 04 20 10 27 51.498      61.0
570
 2013 04 20 12 01 36.995     2013 04 20 12 04 11.595     154.6
571
 2013 04 20 12 12 18.041     2013 04 20 12 15 17.057     179.0
572
573
 2013 04 20 10 28 49.832     2013 04 20 10 30  6.815      77.0
574
 2013 04 20 12 11 39.185     2013 04 20 12 14 47.932     188.7
 2013 04 20 20 26  8.008     2013 04 20 20 29 41.549     213.5
575
 2013 04 20 12 11   .676     2013 04 20 12 11 20.388      19.7
 2013 04 20 20 25 51.441     2013 04 20 20 28 58.271     186.8
576
 2013 04 20 13 45  4.366     2013 04 20 13 48 42.570     218.2
 2013 04 20 22 03 24.506     2013 04 20 22 06 11.414     166.9
577
 2013 04 20 22 00 18.847     2013 04 20 22 03 11.805     173.0
578
 2013 04 20 10 31 39.203     2013 04 20 10 34 51.268     192.1
 2013 04 20 20 31 16.895     2013 04 20 20 34 16.630     179.7
579
 2013 04 20 12 03 19.133     2013 04 20 12 05 55.342     156.2
580
 2013 04 20 10 31 53.100     2013 04 20 10 34 45.042     171.9
 2013 04 20 20 31 26.320     2013 04 20 20 34 38.399     192.1
581
 2013 04 20 12 06 46.909     2013 04 20 12 09 39.592     172.7
 2013 04 20 22 05 59.638     2013 04 20 22 09 23.251     203.6
582
 2013 04 20 22 09 40.108     2013 04 20 22 12 50.004     189.9
583
 2013 04 20 20 25 32.803     2013 04 20 20 29  4.219     211.4
584
 2013 04 20 12 01 23.444     2013 04 20 12 05  8.277     224.8
585
 2013 04 20 10 25 20.767     2013 04 20 10 28 18.923     178.2
586
 2013 04 20 13 42 11.829     2013 04 20 13 44 56.342     164.5
587
 2013 04 20 13 45 47.403     2013 04 20 13 46 11.627      24.2
 2013 04 20 22 00 33.909     2013 04 20 22 03 43.598     189.7
588
589
 2013 04 20 15 26  5.425     2013 04 20 15 29 22.452     197.0
 2013 04 20 20 22 16.054     2013 04 20 20 24 58.400     162.3
590
 2013 04 20 20 25 20.974     2013 04 20 20 28 27.394     186.4
591
 2013 04 20 12 01 43.438     2013 04 20 12 05  5.749     202.3
592
 2013 04 20 12 11  7.955     2013 04 20 12 14 36.166     208.2
 2013 04 20 20 26 12.677     2013 04 20 20 29 15.579     182.9
593
 2013 04 20 22 09 30.010     2013 04 20 22 09 31.157       1.1
594
 2013 04 20 13 43 21.290     2013 04 20 13 44 32.556      71.3
 2013 04 20 22 03 32.373     2013 04 20 22 07  2.296     209.9
595
 2013 04 20 20 35 45.150     2013 04 20 20 38 48.551     183.4
596
 2013 04 20 10 38 11.749     2013 04 20 10 38 46.553      34.8
 2013 04 20 18 51 20.465     2013 04 20 18 54 24.528     184.1
597
598
 2013 04 20 10 31 26.399     2013 04 20 10 34 27.909     181.5
 2013 04 20 20 31 38.224     2013 04 20 20 34 26.653     168.4
599
 2013 04 20 13 46 54.280     2013 04 20 13 50 14.845     200.6
600
 2013 04 20 13 43  3.007     2013 04 20 13 46 16.326     193.3
601
 2013 04 20 13 42 38.920     2013 04 20 13 45 18.746     159.8
602
 2013 04 20 00 02 29.535     2013 04 20 00 05 44.237     194.7
 2013 04 20 13 38 23.544     2013 04 20 13 41 44.603     201.1
 2013 04 20 23 43 28.903     2013 04 20 23 46 43.957     195.1
603
 2013 04 20 12 14  5.341     2013 04 20 12 16 43.791     158.4
 2013 04 20 18 49  9.318     2013 04 20 18 51 48.035     158.7
604
 2013 04 20 10 29 45.217     2013 04 20 10 32 22.639     157.4
 2013 04 20 20 32 36.149     2013 04 20 20 35 59.233     203.1
605
 2013 04 20 13 46 29.130     2013 04 20 13 49 11.038     161.9
 2013 04 20 22 01 57.216     2013 04 20 22 05 38.475     221.3
606
 2013 04 20 13 46 43.638     2013 04 20 13 49 20.093     156.5
 2013 04 20 22 01 28.114     2013 04 20 22 05 21.531     233.4
607
 2013 04 20 12 08 26.651     2013 04 20 12 11  2.152     155.5
608
 2013 04 20 13 49 49.682     2013 04 20 13 52 27.084     157.4
 2013 04 20 20 23 47.916     2013 04 20 20 27  5.747     197.8
609
 2013 04 20 10 33 54.905     2013 04 20 10 34 15.886      21.0
 2013 04 20 20 31 12.056     2013 04 20 20 34  2.894     170.8
610
 2013 04 20 12 16  7.501     2013 04 20 12 18 59.298     171.8
 2013 04 20 17 11 57.295     2013 04 20 17 15  4.121     186.8
611
 2013 04 20 13 47 14.779     2013 04 20 13 48  5.673      50.9
 2013 04 20 20 24 47.909     2013 04 20 20 28 27.728     219.8
612
 2013 04 20 10 30 40.543     2013 04 20 10 31 19.371      38.8
613
 2013 04 20 12 15 39.063     2013 04 20 12 18 16.543     157.5
 2013 04 20 17 11  2.928     2013 04 20 17 14 35.948     213.0
 2013 04 20 18 48 48.392     2013 04 20 18 49 18.110      29.7
614
 2013 04 20 10 31  4.825     2013 04 20 10 34 15.490     190.7
 2013 04 20 20 33  3.277     2013 04 20 20 36 16.334     193.1
615
 2013 04 20 13 47 49.967     2013 04 20 13 50 29.544     159.6
 2013 04 20 20 23 15.897     2013 04 20 20 26 47.142     211.2
616
 2013 04 20 00 07  5.872     2013 04 20 00 10  5.844     180.0
 2013 04 20 11 59 39.442     2013 04 20 12 02 20.203     160.8
617
 2013 04 20 20 25 48.683     2013 04 20 20 28 31.475     162.8
618
 2013 04 20 20 36 17.550     2013 04 20 20 38 59.031     161.5
619
620
 2013 04 20 20 30 26.721     2013 04 20 20 33  4.360     157.6
621
 2013 04 20 00 04 43.953     2013 04 20 00 08 13.473     209.5
622
 2013 04 20 00 00 37.192     2013 04 20 00 01 20.569      43.4
 2013 04 20 13 41 23.492     2013 04 20 13 44 21.843     178.4
 2013 04 20 23 41 36.945     2013 04 20 23 42 21.917      45.0
623
624
625
 2013 04 20 13 42  3.215     2013 04 20 13 45 40.455     217.2
626
 2013 04 20 10 30 43.225     2013 04 20 10 31 21.252      38.0
627
 2013 04 20 00 03  4.229     2013 04 20 00 06 39.685     215.5
 2013 04 20 23 44  3.961     2013 04 20 23 47 39.062     215.1
628
629
 2013 04 20 10 25 50.835     2013 04 20 10 28 39.426     168.6
630
 2013 04 20 13 50 19.501     2013 04 20 13 51 52.584      93.1
 2013 04 20 18 47  8.977     2013 04 20 18 50 44.814     215.8
631
 2013 04 20 10 29 47.960     2013 04 20 10 30  4.769      16.8
 2013 04 20 20 34 12.473     2013 04 20 20 36 59.998     167.5
632
 2013 04 20 13 50 30.783     2013 04 20 13 54   .290     209.5
 2013 04 20 18 46 57.429     2013 04 20 18 50 24.981     207.6
633
 2013 04 20 15 22 14.047     2013 04 20 15 25 59.897     225.9
 2013 04 20 21 59 29.531     2013 04 20 22 02 56.737     207.2
634
 2013 04 20 15 23 55.708     2013 04 20 15 26 39.521     163.8
 2013 04 20 21 59  9.009     2013 04 20 22 01 51.317     162.3
635
 2013 04 20 00 00 46.740     2013 04 20 00 04  2.265     195.5
 2013 04 20 13 41  8.566     2013 04 20 13 43 46.389     157.8
 2013 04 20 23 41 46.439     2013 04 20 23 45  1.677     195.2
636
 2013 04 20 13 47 24.848     2013 04 20 13 51  4.116     219.3
 2013 04 20 20 24 34.504     2013 04 20 20 28 13.793     219.3
637
 2013 04 20 13 44 36.960     2013 04 20 13 47 50.649     193.7
 2013 04 20 22 03 17.490     2013 04 20 22 05 59.247     161.8
638
 2013 04 20 10 31 16.095     2013 04 20 10 31 38.410      22.3
639
 2013 04 20 10 25  2.780     2013 04 20 10 28 44.576     221.8
 2013 04 20 22 12 11.241     2013 04 20 22 15 15.738     184.5
640
 2013 04 20 22 14 28.796     2013 04 20 22 15 31.093      62.3
641
 2013 04 20 13 48 38.209     2013 04 20 13 51 36.007     177.8
 2013 04 20 20 24 39.213     2013 04 20 20 27 19.751     160.5
642
 2013 04 20 00 03 34.949     2013 04 20 00 06 40.631     185.7
 2013 04 20 23 44 34.635     2013 04 20 23 47 40.051     185.4
643
 2013 04 20 20 31 54.928     2013 04 20 20 32 59.980      65.1
644
 2013 04 20 10 32 55.556     2013 04 20 10 35 40.403     164.8
645
 2013 04 20 13 50 53.458     2013 04 20 13 53 49.310     175.9
 2013 04 20 18 46 47.792     2013 04 20 18 49 52.672     184.9
646
 2013 04 20 12 13 28.129     2013 04 20 12 16 24.138     176.0
 2013 04 20 18 49 40.629     2013 04 20 18 52 40.678     180.0
647
648
 2013 04 20 10 27 29.159     2013 04 20 10 30 13.304     164.1
649
 2013 04 20 20 34 52.157     2013 04 20 20 37 59.667     187.5
650
651
 2013 04 20 12 02 10.205     2013 04 20 12 04 54.353     164.1
652
 2013 04 20 12 03 27.054     2013 04 20 12 06  2.296     155.2
653
 2013 04 20 20 30 33.767     2013 04 20 20 34 13.626     219.9
654
 2013 04 20 12 06 52.482     2013 04 20 12 10 17.869     205.4
 2013 04 20 22 05 19.015     2013 04 20 22 08 54.474     215.5
655
 2013 04 20 18 50 46.926     2013 04 20 18 54  6.791     199.9
656
657
 2013 04 20 12 13 31.201     2013 04 20 12 16 31.908     180.7
 2013 04 20 18 49 48.129     2013 04 20 18 52 43.273     175.1
658
 2013 04 20 13 49 48.786     2013 04 20 13 52 32.606     163.8
 2013 04 20 18 44 58.435     2013 04 20 18 45 30.714      32.3
 2013 04 20 20 23 27.434     2013 04 20 20 26 51.426     204.0
659
 2013 04 20 13 48 53.860     2013 04 20 13 49 25.468      31.6
 2013 04 20 20 25 26.223     2013 04 20 20 28 19.178     173.0
660
 2013 04 20 13 43 38.189     2013 04 20 13 44 14.152      36.0
 2013 04 20 22 03 46.627     2013 04 20 22 06 49.208     182.6
661
 2013 04 20 20 37 23.426     2013 04 20 20 40 17.360     173.9
662
 2013 04 20 10 27 47.086     2013 04 20 10 30 39.702     172.6
663
 2013 04 20 12 03 38.137     2013 04 20 12 04  5.584      27.4
 2013 04 20 22 09 19.037     2013 04 20 22 12  3.351     164.3
664
 2013 04 20 12 11 11.549     2013 04 20 12 11 32.116      20.6
665
 2013 04 20 10 26 21.506     2013 04 20 10 29   .949     159.4
666
 2013 04 20 10 29 57.359     2013 04 20 10 32 52.706     175.3
 2013 04 20 20 33 36.682     2013 04 20 20 36 19.373     162.7
667
 2013 04 20 13 46 45.147     2013 04 20 13 49 22.189     157.0
 2013 04 20 22 01 22.325     2013 04 20 22 03 18.538     116.2
668
 2013 04 20 13 47 22.905     2013 04 20 13 51  4.665     221.8
 2013 04 20 20 22 27.632     2013 04 20 20 25 42.582     195.0
669
 2013 04 20 10 28 19.173     2013 04 20 10 31  5.376     166.2
670
 2013 04 20 10 31  2.270     2013 04 20 10 33 37.905     155.6
 2013 04 20 20 32 45.209     2013 04 20 20 35 26.164     161.0
671
 2013 04 20 22 11 20.268     2013 04 20 22 14 15.144     174.9
672
 2013 04 20 00 01 45.830     2013 04 20 00 04 23.177     157.3
 2013 04 20 13 40   .584     2013 04 20 13 42 47.153     166.6
 2013 04 20 23 42 45.381     2013 04 20 23 45 22.726     157.3
673
 2013 04 20 00 02  4.093     2013 04 20 00 05 12.054     188.0
 2013 04 20 13 39 58.825     2013 04 20 13 43 44.798     226.0
 2013 04 20 23 43  3.782     2013 04 20 23 46 11.472     187.7
674
 2013 04 20 15 25 40.537     2013 04 20 15 28 26.555     166.0
 2013 04 20 20 21 22.638     2013 04 20 20 24 23.598     181.0
675
 2013 04 20 12 04 39.941     2013 04 20 12 07 19.170     159.2
 2013 04 20 22 07 17.297     2013 04 20 22 10 28.921     191.6
676
 2013 04 20 12 04 49.464     2013 04 20 12 08   .897     191.4
 2013 04 20 22 08 29.905     2013 04 20 22 11  7.055     157.1
677
 2013 04 20 22 05 41.673     2013 04 20 22 08 22.658     161.0
678
 2013 04 20 22 10 10.997     2013 04 20 22 14  1.885     230.9
679
 2013 04 20 12 11 48.077     2013 04 20 12 12 10.371      22.3
 2013 04 20 20 25  8.150     2013 04 20 20 25 15.553       7.4
680
 2013 04 20 00 05 30.090     2013 04 20 00 09 11.531     221.4
 2013 04 20 12 00 20.973     2013 04 20 12 03 51.110     210.1
681
 2013 04 20 00 04 14.617     2013 04 20 00 07 30.351     195.7
 2013 04 20 23 45 14.324     2013 04 20 23 48 29.752     195.4
682
 2013 04 20 13 47 20.078     2013 04 20 13 51   .223     220.1
 2013 04 20 20 24 31.080     2013 04 20 20 28 17.334     226.3
683
 2013 04 20 15 23 45.879     2013 04 20 15 26 23.289     157.4
 2013 04 20 21 58 43.212     2013 04 20 22 01 22.224     159.0
684
 2013 04 20 22 12 22.101     2013 04 20 22 15 35.996     193.9
685
686
 2013 04 20 20 28 52.427     2013 04 20 20 29 20.673      28.2
687
 2013 04 20 00 05 44.891     2013 04 20 00 09 25.578     220.7
 2013 04 20 12 00 21.329     2013 04 20 12 03 35.454     194.1
688
 2013 04 20 22 08 40.637     2013 04 20 22 11 58.861     198.2
689
 2013 04 20 13 46 49.416     2013 04 20 13 49 36.330     166.9
 2013 04 20 22 00 56.011     2013 04 20 22 01 47.585      51.6
690
 2013 04 20 13 49 13.353     2013 04 20 13 49 19.487       6.1
 2013 04 20 20 25 20.809     2013 04 20 20 28 39.261     198.5
691
 2013 04 20 20 29 43.281     2013 04 20 20 33  5.825     202.5
692
693
694
 2013 04 20 22 03   .948     2013 04 20 22 03 36.339      35.4
695
 2013 04 20 13 42 26.136     2013 04 20 13 45 48.314     202.2
696
 2013 04 20 12 01 45.813     2013 04 20 12 04 29.365     163.6
697
 2013 04 20 20 36 33.138     2013 04 20 20 39 21.807     168.7
698
 2013 04 20 10 29 25.154     2013 04 20 10 32 18.725     173.6
 2013 04 20 20 32  3.828     2013 04 20 20 32 43.244      39.4
699
 2013 04 20 10 26 32.134     2013 04 20 10 29  7.597     155.5
700
 2013 04 20 00 03 10.826     2013 04 20 00 06 49.107     218.3
 2013 04 20 23 44 10.159     2013 04 20 23 47 48.861     218.7
701
 2013 04 20 10 31 25.774     2013 04 20 10 34 54.374     208.6
 2013 04 20 20 31 12.015     2013 04 20 20 34  2.828     170.8
702
 2013 04 20 10 32 57.153     2013 04 20 10 34   .936      63.8
 2013 04 20 20 31 19.833     2013 04 20 20 34 15.505     175.7
703
 2013 04 20 15 24 11.018     2013 04 20 15 26 51.262     160.2
 2013 04 20 21 58 29.237     2013 04 20 22 01 24.494     175.3
704
705
 2013 04 20 12 14 12.917     2013 04 20 12 17 10.084     177.2
 2013 04 20 18 48 42.486     2013 04 20 18 51 24.496     162.0
706
 2013 04 20 10 36  8.151     2013 04 20 10 39 52.717     224.6
 2013 04 20 18 51 24.087     2013 04 20 18 54 17.584     173.5
707
 2013 04 20 00 04 12.218     2013 04 20 00 04 59.968      47.7
 2013 04 20 23 45 11.535     2013 04 20 23 45 51.767      40.2
708
 2013 04 20 12 05 15.330     2013 04 20 12 07 51.711     156.4
 2013 04 20 22 07 45.916     2013 04 20 22 10 24.439     158.5
709
 2013 04 20 12 08 30.485     2013 04 20 12 11 13.190     162.7
710
 2013 04 20 00 06  2.347     2013 04 20 00 08 40.679     158.3
711
 2013 04 20 12 09  9.408     2013 04 20 12 12  9.341     179.9
 2013 04 20 20 28  4.541     2013 04 20 20 31 40.932     216.4
712
 2013 04 20 13 46  8.603     2013 04 20 13 46 45.616      37.0
713
 2013 04 20 13 41 49.021     2013 04 20 13 45 16.799     207.8
714
 2013 04 20 12 13  9.844     2013 04 20 12 16  3.870     174.0
 2013 04 20 18 48 22.333     2013 04 20 18 51 34.579     192.2
715
 2013 04 20 12 15 41.056     2013 04 20 12 18 19.258     158.2
 2013 04 20 17 11  8.273     2013 04 20 17 14 41.492     213.2
 2013 04 20 18 48 52.204     2013 04 20 18 49 11.481      19.3
716
 2013 04 20 10 31 35.196     2013 04 20 10 34 10.929     155.7
 2013 04 20 20 32  9.761     2013 04 20 20 35  8.522     178.8
717
718
 2013 04 20 12 07 25.110     2013 04 20 12 10   .533     155.4
719
 2013 04 20 13 51 18.297     2013 04 20 13 53 59.920     161.6
 2013 04 20 18 46 49.581     2013 04 20 18 49 33.157     163.6
720
 2013 04 20 12 08 31.583     2013 04 20 12 08 59.322      27.7
 2013 04 20 22 05 57.423     2013 04 20 22 08 47.376     170.0
721
 2013 04 20 10 30 24.343     2013 04 20 10 33 17.897     173.6
 2013 04 20 20 33 26.885     2013 04 20 20 36  4.157     157.3
722
 2013 04 20 13 44 42.541     2013 04 20 13 47 18.470     155.9
 2013 04 20 22 02 16.379     2013 04 20 22 05 16.368     180.0
723
 2013 04 20 13 49 15.841     2013 04 20 13 52 32.350     196.5
 2013 04 20 20 24 53.855     2013 04 20 20 27 47.692     173.8
724
 2013 04 20 13 44 14.744     2013 04 20 13 46 50.766     156.0
 2013 04 20 22 02 11.291     2013 04 20 22 05 44.561     213.3
725
 2013 04 20 10 29 54.751     2013 04 20 10 33 22.648     207.9
 2013 04 20 20 31 39.977     2013 04 20 20 34 50.205     190.2
726
 2013 04 20 12 05 17.955     2013 04 20 12 08 15.190     177.2
 2013 04 20 22 08  8.075     2013 04 20 22 10 48.210     160.1
727
 2013 04 20 00 05 46.582     2013 04 20 00 09 21.775     215.2
 2013 04 20 12 00 16.750     2013 04 20 12 03 34.418     197.7
728
 2013 04 20 15 23   .888     2013 04 20 15 26 48.525     227.6
 2013 04 20 21 59 59.464     2013 04 20 22 02 40.208     160.7
729
 2013 04 20 12 04 33.662     2013 04 20 12 07  8.440     154.8
 2013 04 20 22 07 36.883     2013 04 20 22 10 48.992     192.1
730
 2013 04 20 22 04 44.736     2013 04 20 22 08 12.437     207.7
731
 2013 04 20 12 04 16.934     2013 04 20 12 05 29.620      72.7
 2013 04 20 22 09  2.391     2013 04 20 22 11 39.714     157.3
732
 2013 04 20 12 09 24.048     2013 04 20 12 10 21.680      57.6
 2013 04 20 20 29  4.909     2013 04 20 20 31 46.553     161.6
733
 2013 04 20 10 28 27.051     2013 04 20 10 29 41.595      74.5
 2013 04 20 20 34 26.491     2013 04 20 20 37 42.383     195.9
734
 2013 04 20 12 09 14.995     2013 04 20 12 12 11.557     176.6
 2013 04 20 20 26 35.473     2013 04 20 20 30 29.480     234.0
735
 2013 04 20 22 05  6.812     2013 04 20 22 08  6.421     179.6
736
 2013 04 20 00 06 38.593     2013 04 20 00 09 19.168     160.6
 2013 04 20 11 58 31.613     2013 04 20 11 59  1.574      30.0
737
 2013 04 20 08 50  5.790     2013 04 20 08 53 44.584     218.8
 2013 04 20 20 37 41.891     2013 04 20 20 40 35.260     173.4
738
 2013 04 20 13 44 44.803     2013 04 20 13 48 12.110     207.3
 2013 04 20 22 03 26.541     2013 04 20 22 06  4.244     157.7
739
 2013 04 20 10 27 35.431     2013 04 20 10 31 10.868     215.4
740
 2013 04 20 00 00   .000     2013 04 20 00 02 48.594     168.6
 2013 04 20 13 41  6.512     2013 04 20 13 44 14.769     188.3
 2013 04 20 23 40 49.311     2013 04 20 23 43 48.040     178.7
741
 2013 04 20 15 24 14.422     2013 04 20 15 27  5.843     171.4
 2013 04 20 21 58  7.791     2013 04 20 22 01 14.811     187.0
742
 2013 04 20 15 24 16.011     2013 04 20 15 26 56.651     160.6
 2013 04 20 21 58 58.267     2013 04 20 22 01 54.962     176.7
743
744
 2013 04 20 12 01 39.493     2013 04 20 12 02 29.275      49.8
745
746
 2013 04 20 13 46 46.829     2013 04 20 13 49 31.902     165.1
 2013 04 20 22 01 42.527     2013 04 20 22 01 57.832      15.3
747
 2013 04 20 22 11 53.863     2013 04 20 22 15 36.077     222.2
748
 2013 04 20 10 25 47.565     2013 04 20 10 26   .786      13.2
749
 2013 04 20 10 33 53.776     2013 04 20 10 36 36.342     162.6
750
 2013 04 20 20 36  1.847     2013 04 20 20 38 41.325     159.5
751
 2013 04 20 12 05 19.206     2013 04 20 12 05 48.143      28.9
752
 2013 04 20 10 37 51.751     2013 04 20 10 38 37.636      45.9
 2013 04 20 18 51 19.304     2013 04 20 18 54 31.713     192.4
753
 2013 04 20 20 29 23.821     2013 04 20 20 32  3.055     159.2
754
 2013 04 20 15 25 35.482     2013 04 20 15 29  7.388     211.9
 2013 04 20 20 22  4.940     2013 04 20 20 25  7.631     182.7
755
 2013 04 20 10 32 19.327     2013 04 20 10 33   .446      41.1
756
 2013 04 20 10 30 54.446     2013 04 20 10 34  7.160     192.7
 2013 04 20 20 31 45.714     2013 04 20 20 34 23.040     157.3
757
 2013 04 20 15 23  5.482     2013 04 20 15 26  3.897     178.4
 2013 04 20 21 59 16.866     2013 04 20 22 02  7.262     170.4
758
 2013 04 20 12 10 40.022     2013 04 20 12 13 57.562     197.5
 2013 04 20 20 26 37.761     2013 04 20 20 29 17.663     159.9
759
 2013 04 20 22 11 24.615     2013 04 20 22 14 21.756     177.1
760
 2013 04 20 13 49   .481     2013 04 20 13 52 17.461     197.0
 2013 04 20 20 24 57.737     2013 04 20 20 27 40.644     162.9
761
 2013 04 20 15 24 43.260     2013 04 20 15 27 25.850     162.6
 2013 04 20 21 58 48.393     2013 04 20 22 02 19.496     211.1
762
 2013 04 20 22 09 25.285     2013 04 20 22 12 52.114     206.8
763
 2013 04 20 12 15 41.809     2013 04 20 12 18 24.762     163.0
 2013 04 20 17 11 18.200     2013 04 20 17 14 55.326     217.1
 2013 04 20 18 49  3.096     2013 04 20 18 49 13.580      10.5
764
 2013 04 20 10 34 13.007     2013 04 20 10 37 10.165     177.2
 2013 04 20 18 53  9.567     2013 04 20 18 53 21.928      12.4
765
766
 2013 04 20 12 12 52.621     2013 04 20 12 16  7.652     195.0
 2013 04 20 18 48   .562     2013 04 20 18 51 18.340     197.8
767
 2013 04 20 12 14 36.826     2013 04 20 12 17 31.123     174.3
 2013 04 20 18 48 40.031     2013 04 20 18 51 38.553     178.5
768
 2013 04 20 12 09 41.388     2013 04 20 12 13 21.041     219.7
 2013 04 20 20 26 22.099     2013 04 20 20 29 20.173     178.1
769
 2013 04 20 00 03 51.001     2013 04 20 00 06 43.492     172.5
 2013 04 20 23 44 50.653     2013 04 20 23 47 42.947     172.3
770
 2013 04 20 10 26 58.812     2013 04 20 10 30 20.665     201.9
771
 2013 04 20 13 48  1.264     2013 04 20 13 50 51.433     170.2
 2013 04 20 20 23 14.118     2013 04 20 20 26 20.420     186.3
772
 2013 04 20 12 04 48.882     2013 04 20 12 07 34.679     165.8
 2013 04 20 22 07  6.457     2013 04 20 22 10 10.299     183.8
773
 2013 04 20 13 43 16.059     2013 04 20 13 45 52.543     156.5
774
 2013 04 20 00 05 13.776     2013 04 20 00 06 17.637      63.9
 2013 04 20 12 00 36.410     2013 04 20 12 04  4.894     208.5
775
 2013 04 20 10 24 44.201     2013 04 20 10 28  8.996     204.8
 2013 04 20 22 12 43.158     2013 04 20 22 15 31.772     168.6
776
777
 2013 04 20 12 02 55.615     2013 04 20 12 05 38.450     162.8
778
 2013 04 20 13 44 32.540     2013 04 20 13 47 46.753     194.2
 2013 04 20 22 03 17.613     2013 04 20 22 06  1.500     163.9
779
780
 2013 04 20 22 11  6.240     2013 04 20 22 14  1.662     175.4
781
 2013 04 20 15 26  1.221     2013 04 20 15 28 54.681     173.5
 2013 04 20 20 21 49.333     2013 04 20 20 24 34.677     165.3
782
 2013 04 20 12 04 10.768     2013 04 20 12 06 47.307     156.5
 2013 04 20 22 07 46.553     2013 04 20 22 11 18.755     212.2
783
 2013 04 20 13 45 24.148     2013 04 20 13 48 15.069     170.9
 2013 04 20 22 01 48.463     2013 04 20 22 04 26.510     158.0
784
 2013 04 20 00 02 39.898     2013 04 20 00 05 28.223     168.3
 2013 04 20 13 38 42.727     2013 04 20 13 42 15.413     212.7
 2013 04 20 23 43 39.332     2013 04 20 23 46 27.882     168.5
785
 2013 04 20 13 49 55.637     2013 04 20 13 53 43.440     227.8
 2013 04 20 18 50 38.892     2013 04 20 18 50 47.487       8.6
 2013 04 20 20 24 45.952     2013 04 20 20 25 25.065      39.1
786
 2013 04 20 12 05 44.596     2013 04 20 12 06 12.922      28.3
 2013 04 20 22 05 53.141     2013 04 20 22 08 32.923     159.8
787
 2013 04 20 10 35 40.591     2013 04 20 10 38 48.198     187.6
 2013 04 20 18 52  5.808     2013 04 20 18 54 44.544     158.7
788
 2013 04 20 10 25  5.881     2013 04 20 10 27 41.860     156.0
 2013 04 20 22 13 31.870     2013 04 20 22 16 58.184     206.3
789
790
 2013 04 20 20 35  1.557     2013 04 20 20 38 21.451     199.9
791
 2013 04 20 10 25 24.839     2013 04 20 10 28 28.153     183.3
 2013 04 20 22 12 25.226     2013 04 20 22 15 50.353     205.1
792
 2013 04 20 10 31  4.392     2013 04 20 10 33 56.919     172.5
 2013 04 20 20 33   .139     2013 04 20 20 35 56.337     176.2
793
 2013 04 20 13 49 23.983     2013 04 20 13 52  1.172     157.2
 2013 04 20 20 24  3.326     2013 04 20 20 26 52.876     169.6
794
 2013 04 20 15 21 56.966     2013 04 20 15 23 58.629     121.7
 2013 04 20 21 59 21.651     2013 04 20 22 03 10.325     228.7
795
 2013 04 20 13 43 31.458     2013 04 20 13 46 15.799     164.3
796
 2013 04 20 13 44 10.521     2013 04 20 13 47 10.305     179.8
 2013 04 20 22 01 23.689     2013 04 20 22 04 58.330     214.6
797
 2013 04 20 22 03 36.999     2013 04 20 22 07  6.668     209.7
798
 2013 04 20 00 07 12.362     2013 04 20 00 07 43.842      31.5
 2013 04 20 23 48 13.402     2013 04 20 23 48 43.626      30.2
799
 2013 04 20 20 36 15.054     2013 04 20 20 38 55.214     160.2
800
 2013 04 20 20 26   .010     2013 04 20 20 28 38.591     158.6
801
 2013 04 20 12 00 52.284     2013 04 20 12 04 25.621     213.3
802
 2013 04 20 13 50 11.455     2013 04 20 13 52 49.465     158.0
 2013 04 20 18 45 29.258     2013 04 20 18 49 12.192     222.9
 2013 04 20 20 23 30.728     2013 04 20 20 27 21.894     231.2
803
 2013 04 20 12 03 35.453     2013 04 20 12 06 10.151     154.7
804
 2013 04 20 12 08 50.050     2013 04 20 12 11 51.213     181.2
 2013 04 20 20 31 12.560     2013 04 20 20 32   .291      47.7
805
 2013 04 20 10 35  9.372     2013 04 20 10 38 40.939     211.6
 2013 04 20 18 51 45.959     2013 04 20 18 54 36.169     170.2
806
 2013 04 20 12 09 27.729     2013 04 20 12 12 54.465     206.7
 2013 04 20 20 26 23.585     2013 04 20 20 29 43.131     199.5
807
 2013 04 20 00 03 30.668     2013 04 20 00 03 44.426      13.8
 2013 04 20 23 44 29.983     2013 04 20 23 44 40.571      10.6
808
 2013 04 20 12 06 22.058     2013 04 20 12 06 27.444       5.4
809
 2013 04 20 12 09 21.888     2013 04 20 12 11 57.710     155.8
 2013 04 20 20 27 20.332     2013 04 20 20 31  7.609     227.3
810
 2013 04 20 15 22 20.084     2013 04 20 15 25 51.938     211.9
 2013 04 20 21 59 20.642     2013 04 20 22 02 47.739     207.1
811
812
 2013 04 20 22 09 44.957     2013 04 20 22 12 26.987     162.0
813
814
 2013 04 20 12 02 16.240     2013 04 20 12 05 22.697     186.5
815
816
 2013 04 20 12 01 53.746     2013 04 20 12 04 44.136     170.4
817
 2013 04 20 12 10 29.048     2013 04 20 12 13  5.481     156.4
 2013 04 20 20 27 44.629     2013 04 20 20 30 23.507     158.9
818
 2013 04 20 13 50 19.626     2013 04 20 13 53 48.045     208.4
 2013 04 20 18 46 43.674     2013 04 20 18 50 27.045     223.4
819
 2013 04 20 13 49  5.769     2013 04 20 13 52  3.632     177.9
 2013 04 20 20 23 24.181     2013 04 20 20 26 11.636     167.5
820
 2013 04 20 00 07 13.942     2013 04 20 00 09 57.425     163.5
 2013 04 20 11 59 17.797     2013 04 20 12 02  5.670     167.9
821
 2013 04 20 20 30 12.824     2013 04 20 20 33  5.754     172.9
822
 2013 04 20 20 33  9.932     2013 04 20 20 33 50.754      40.8
823
 2013 04 20 12 15 56.234     2013 04 20 12 19  1.262     185.0
 2013 04 20 17 12   .128     2013 04 20 17 15 19.690     199.6
824
 2013 04 20 22 00 20.392     2013 04 20 22 03 11.606     171.2
825
 2013 04 20 22 04   .943     2013 04 20 22 06 57.839     176.9
826
 2013 04 20 12 08  1.148     2013 04 20 12 11 33.512     212.4
827
 2013 04 20 15 25 40.206     2013 04 20 15 28 26.357     166.2
 2013 04 20 20 21 22.512     2013 04 20 20 24 23.824     181.3
828
 2013 04 20 12 15 45.741     2013 04 20 12 18 26.919     161.2
 2013 04 20 17 11  2.079     2013 04 20 17 14 13.166     191.1
829
 2013 04 20 15 24 56.078     2013 04 20 15 27 45.886     169.8
 2013 04 20 17 02 31.519     2013 04 20 17 02 53.877      22.4
 2013 04 20 20 20  8.360     2013 04 20 20 23 27.291     198.9
 2013 04 20 21 57 45.367     2013 04 20 21 58 20.981      35.6
830
 2013 04 20 13 50 34.574     2013 04 20 13 53 22.227     167.7
 2013 04 20 18 46 18.443     2013 04 20 18 49 45.187     206.7
831
 2013 04 20 13 46 27.311     2013 04 20 13 50 11.006     223.7
 2013 04 20 22 00 10.368     2013 04 20 22 01 23.173      72.8
832
 2013 04 20 12 02 42.614     2013 04 20 12 06 27.284     224.7
 2013 04 20 22 12  5.864     2013 04 20 22 12 58.579      52.7
833
 2013 04 20 15 23 58.431     2013 04 20 15 26 35.537     157.1
 2013 04 20 21 58 46.374     2013 04 20 22 01 29.809     163.4
834
 2013 04 20 13 46 56.171     2013 04 20 13 50 46.176     230.0
835
 2013 04 20 12 16 31.859     2013 04 20 12 16 34.459       2.6
 2013 04 20 13 50 36.555     2013 04 20 13 54 28.633     232.1
 2013 04 20 18 47 23.934     2013 04 20 18 50 38.773     194.8
836
 2013 04 20 10 32  4.785     2013 04 20 10 35 30.324     205.5
 2013 04 20 20 30 38.889     2013 04 20 20 34  9.451     210.6
837
838
 2013 04 20 21 59 41.177     2013 04 20 22 03 33.598     232.4
839
 2013 04 20 13 43 43.413     2013 04 20 13 46 37.071     173.7
 2013 04 20 22 02 33.847     2013 04 20 22 02 46.965      13.1
840
 2013 04 20 15 25 36.622     2013 04 20 15 28 30.964     174.3
 2013 04 20 20 21 29.189     2013 04 20 20 24 34.947     185.8
841
 2013 04 20 10 33 47.837     2013 04 20 10 36 39.014     171.2
842
 2013 04 20 20 35  7.504     2013 04 20 20 37 54.334     166.8
843
 2013 04 20 10 30 23.587     2013 04 20 10 33  1.834     158.2
 2013 04 20 20 32 36.626     2013 04 20 20 35 23.532     166.9
844
845
 2013 04 20 13 45  6.257     2013 04 20 13 47 57.837     171.6
 2013 04 20 22 01 49.361     2013 04 20 22 04 30.432     161.1
846
 2013 04 20 12 11 33.168     2013 04 20 12 14 12.471     159.3
 2013 04 20 20 27 20.519     2013 04 20 20 30 41.565     201.0
847
 2013 04 20 00 02  9.161     2013 04 20 00 04 58.472     169.3
 2013 04 20 13 39 51.631     2013 04 20 13 43 20.253     208.6
 2013 04 20 23 43  8.799     2013 04 20 23 45 57.938     169.1
848
 2013 04 20 12 01 12.814     2013 04 20 12 03 47.413     154.6
849
 2013 04 20 13 49 33.240     2013 04 20 13 53 17.664     224.4
 2013 04 20 20 24 59.336     2013 04 20 20 28 27.871     208.5
850
 2013 04 20 22 00 31.458     2013 04 20 22 03 11.731     160.3
851
 2013 04 20 12 05 23.860     2013 04 20 12 06 28.447      64.6
 2013 04 20 22 08  9.998     2013 04 20 22 11 38.713     208.7
852
 2013 04 20 00 01 30.456     2013 04 20 00 03  6.772      96.3
 2013 04 20 13 40 30.502     2013 04 20 13 41 57.614      87.1
 2013 04 20 23 42 30.204     2013 04 20 23 44  9.972      99.8
853
 2013 04 20 00 00   .000     2013 04 20 00 00 46.455      46.5
 2013 04 20 13 41 54.077     2013 04 20 13 44 56.140     182.1
 2013 04 20 23 40  7.990     2013 04 20 23 41 49.647     101.7
854
 2013 04 20 12 04 29.660     2013 04 20 12 08 10.470     220.8
 2013 04 20 22 08 51.351     2013 04 20 22 11 28.765     157.4
855
 2013 04 20 10 27 40.045     2013 04 20 10 30 26.182     166.1
856
 2013 04 20 20 34 55.549     2013 04 20 20 38 36.920     221.4
857
 2013 04 20 20 29  2.157     2013 04 20 20 31 54.244     172.1
858
 2013 04 20 13 47 14.182     2013 04 20 13 50  1.006     166.8
859
 2013 04 20 12 13 56.601     2013 04 20 12 17 46.985     230.4
 2013 04 20 13 52 10.776     2013 04 20 13 55 39.923     209.1
 2013 04 20 17 13  2.399     2013 04 20 17 13 17.035      14.6
 2013 04 20 18 47 59.910     2013 04 20 18 50 52.215     172.3
860
 2013 04 20 13 48 26.203     2013 04 20 13 51 26.546     180.3
 2013 04 20 20 24 37.405     2013 04 20 20 27 23.727     166.3
861
862
 2013 04 20 12 08 43.252     2013 04 20 12 12 12.201     208.9
863
 2013 04 20 13 42 53.720     2013 04 20 13 45 29.947     156.2
864
 2013 04 20 12 12 30.155     2013 04 20 12 15 10.885     160.7
865
866
 2013 04 20 10 32  6.736     2013 04 20 10 32 26.342      19.6
867
 2013 04 20 18 50 33.729     2013 04 20 18 51 30.325      56.6
868
 2013 04 20 10 31 42.854     2013 04 20 10 34 29.234     166.4
 2013 04 20 20 31 42.918     2013 04 20 20 34 44.662     181.7
869
 2013 04 20 10 30 33.634     2013 04 20 10 33 57.984     204.4
 2013 04 20 20 33 32.374     2013 04 20 20 36 26.390     174.0
870
 2013 04 20 12 14 37.307     2013 04 20 12 18 21.610     224.3
 2013 04 20 18 50 21.779     2013 04 20 18 53 34.161     192.4
871
 2013 04 20 10 27 23.043     2013 04 20 10 27 38.138      15.1
872
 2013 04 20 12 08 13.304     2013 04 20 12 11  3.976     170.7
873
874
875
 2013 04 20 20 37 19.813     2013 04 20 20 41   .913     221.1
876
 2013 04 20 00 04  6.624     2013 04 20 00 07 21.813     195.2
 2013 04 20 23 45  5.986     2013 04 20 23 48 21.544     195.6
877
 2013 04 20 10 32 31.646     2013 04 20 10 35  8.219     156.6
 2013 04 20 20 31  9.358     2013 04 20 20 31 44.408      35.0
878
 2013 04 20 15 24 16.734     2013 04 20 15 26 55.891     159.2
 2013 04 20 21 58 54.384     2013 04 20 22 01 51.513     177.1
879
 2013 04 20 13 49 31.058     2013 04 20 13 52  8.300     157.2
 2013 04 20 20 24  1.559     2013 04 20 20 26 57.234     175.7
880
 2013 04 20 12 14  7.595     2013 04 20 12 17 29.351     201.8
 2013 04 20 13 51 58.476     2013 04 20 13 53  2.192      63.7
 2013 04 20 18 48 20.481     2013 04 20 18 51  8.183     167.7
881
 2013 04 20 22 04 24.557     2013 04 20 22 08  7.869     223.3
882
 2013 04 20 00 03 16.347     2013 04 20 00 05 54.800     158.5
 2013 04 20 23 44 15.844     2013 04 20 23 46 54.401     158.6
883
884
 2013 04 20 15 23  8.385     2013 04 20 15 26 45.557     217.2
 2013 04 20 21 59 53.779     2013 04 20 22 02 33.486     159.7
885
 2013 04 20 13 44 20.427     2013 04 20 13 47  5.856     165.4
 2013 04 20 22 02 40.375     2013 04 20 22 05 54.025     193.6
886
 2013 04 20 20 30 15.888     2013 04 20 20 32 53.810     157.9
887
 2013 04 20 12 04 55.463     2013 04 20 12 07 38.047     162.6
 2013 04 20 22 07 12.021     2013 04 20 22 10  9.233     177.2
888
 2013 04 20 00 03 33.717     2013 04 20 00 03 49.616      15.9
 2013 04 20 23 44 33.485     2013 04 20 23 44 50.676      17.2
889
 2013 04 20 10 40 26.651     2013 04 20 10 40 34.711       8.1
 2013 04 20 18 50 48.434     2013 04 20 18 54  9.271     200.8
890
891
 2013 04 20 12 13 47.294     2013 04 20 12 16 28.120     160.8
 2013 04 20 18 48 57.910     2013 04 20 18 51 42.828     164.9
892
 2013 04 20 00 02 52.645     2013 04 20 00 06  7.653     195.0
 2013 04 20 23 43 52.348     2013 04 20 23 47  7.058     194.7
893
 2013 04 20 00 00   .000     2013 04 20 00 03 10.155     190.2
 2013 04 20 13 41 45.010     2013 04 20 13 44 38.674     173.7
 2013 04 20 23 40 27.662     2013 04 20 23 44  9.545     221.9
894
895
 2013 04 20 10 34 18.469     2013 04 20 10 37 12.902     174.4
 2013 04 20 18 55 49.301     2013 04 20 18 56  1.189      11.9
896
 2013 04 20 13 44 21.663     2013 04 20 13 46 57.448     155.8
 2013 04 20 22 02  8.867     2013 04 20 22 05 33.949     205.1
897
 2013 04 20 15 24 47.100     2013 04 20 15 27 28.631     161.5
 2013 04 20 20 24  7.083     2013 04 20 20 24 27.470      20.4
 2013 04 20 21 58 44.183     2013 04 20 22 02 20.583     216.4
898
 2013 04 20 10 34 27.885     2013 04 20 10 37 31.400     183.5
 2013 04 20 18 53 26.478     2013 04 20 18 56 55.873     209.4
899
 2013 04 20 12 01 20.509     2013 04 20 12 03 58.950     158.4
