s5
0
1
 2013 04 20 11 48 29.652     2013 04 20 11 48 49.762      20.1
2
 2013 04 20 11 50 23.261     2013 04 20 11 53 19.526     176.3
 2013 04 20 18 26  1.804     2013 04 20 18 29 35.614     213.8
3
4
 2013 04 20 21 40 11.601     2013 04 20 21 43 14.564     183.0
5
 2013 04 20 18 27 11.881     2013 04 20 18 30 41.128     209.2
6
 2013 04 20 20 13 23.071     2013 04 20 20 16 58.762     215.7
7
 2013 04 20 21 41  2.349     2013 04 20 21 44 46.275     223.9
8
 2013 04 20 15 02 16.212     2013 04 20 15 05 29.706     193.5
 2013 04 20 19 57 57.528     2013 04 20 20 01 28.387     210.9
9
 2013 04 20 13 16 26.077     2013 04 20 13 19 53.716     207.6
 2013 04 20 23 19 41.100     2013 04 20 23 22 15.794     154.7
10
 2013 04 20 11 45 22.440     2013 04 20 11 47 57.805     155.4
11
 2013 04 20 13 16 18.830     2013 04 20 13 19 21.196     182.4
 2013 04 20 23 19 24.131     2013 04 20 23 22 12.868     168.7
12
 2013 04 20 11 47 52.320     2013 04 20 11 48 36.727      44.4
 2013 04 20 20 05 11.556     2013 04 20 20 08 20.009     188.5
13
 2013 04 20 11 49 48.680     2013 04 20 11 52 29.389     160.7
14
 2013 04 20 15 03 33.616     2013 04 20 15 06 44.286     190.7
 2013 04 20 19 58 55.982     2013 04 20 20 01 34.422     158.4
15
 2013 04 20 13 17  5.889     2013 04 20 13 20 41.932     216.0
 2013 04 20 23 19 20.406     2013 04 20 23 22 11.022     170.6
16
 2013 04 20 21 40 35.094     2013 04 20 21 41  5.664      30.6
17
 2013 04 20 11 43 44.781     2013 04 20 11 46 19.631     154.9
 2013 04 20 21 43 17.964     2013 04 20 21 46 18.317     180.4
18
 2013 04 20 11 41 30.573     2013 04 20 11 44 41.574     191.0
 2013 04 20 21 42 49.332     2013 04 20 21 42 56.305       7.0
19
 2013 04 20 11 38 50.282     2013 04 20 11 41 24.105     153.8
20
 2013 04 20 20 06 42.488     2013 04 20 20 09 36.645     174.2
21
 2013 04 20 21 47 46.889     2013 04 20 21 50 42.946     176.1
22
 2013 04 20 10 04 27.110     2013 04 20 10 07 15.092     168.0
23
 2013 04 20 23 20 57.092     2013 04 20 23 24 14.678     197.6
24
25
 2013 04 20 20 05 59.470     2013 04 20 20 08 53.909     174.4
26
 2013 04 20 11 52 41.642     2013 04 20 11 55 19.263     157.6
 2013 04 20 16 47 31.277     2013 04 20 16 48 20.910      49.6
 2013 04 20 18 25 40.901     2013 04 20 18 29 17.402     216.5
27
 2013 04 20 14 59 57.305     2013 04 20 15 03 46.941     229.6
 2013 04 20 21 36 21.073     2013 04 20 21 39  2.946     161.9
28
 2013 04 20 21 36 21.164     2013 04 20 21 39 38.080     196.9
29
 2013 04 20 10 10 18.451     2013 04 20 10 13   .113     161.7
30
 2013 04 20 13 26  9.187     2013 04 20 13 29 24.334     195.1
 2013 04 20 15 03 45.013     2013 04 20 15 04 16.104      31.1
 2013 04 20 19 59 41.331     2013 04 20 20 02 29.225     167.9
31
 2013 04 20 13 24  8.036     2013 04 20 13 26 49.419     161.4
 2013 04 20 21 37 22.366     2013 04 20 21 37 39.518      17.2
32
 2013 04 20 11 41 50.358     2013 04 20 11 45  9.698     199.3
 2013 04 20 21 42 48.086     2013 04 20 21 46 12.226     204.1
33
 2013 04 20 20 12 15.382     2013 04 20 20 15 35.235     199.9
34
 2013 04 20 13 26 23.036     2013 04 20 13 29 48.262     205.2
 2013 04 20 15 04 11.443     2013 04 20 15 07 55.208     223.8
 2013 04 20 18 21  1.524     2013 04 20 18 22 29.124      87.6
 2013 04 20 19 59 26.694     2013 04 20 20 02 34.151     187.5
35
 2013 04 20 10 04 33.518     2013 04 20 10 04 34.958       1.4
36
 2013 04 20 20 06 18.538     2013 04 20 20 09 23.092     184.6
37
 2013 04 20 10 09 56.564     2013 04 20 10 12 42.047     165.5
38
 2013 04 20 11 44  2.688     2013 04 20 11 46 49.062     166.4
 2013 04 20 21 43 12.939     2013 04 20 21 46 57.685     224.7
39
 2013 04 20 23 19 29.017     2013 04 20 23 23  6.952     217.9
40
 2013 04 20 13 20 34.072     2013 04 20 13 23 17.896     163.8
41
 2013 04 20 23 16 45.075     2013 04 20 23 19 28.559     163.5
42
 2013 04 20 15 01 17.548     2013 04 20 15 04   .160     162.6
 2013 04 20 21 35 24.245     2013 04 20 21 38 19.418     175.2
43
 2013 04 20 13 20  1.991     2013 04 20 13 23 20.769     198.8
44
 2013 04 20 11 38  6.404     2013 04 20 11 41 24.268     197.9
 2013 04 20 23 22 26.645     2013 04 20 23 23  2.186      35.5
45
 2013 04 20 13 18  7.322     2013 04 20 13 20 59.385     172.1
 2013 04 20 23 18 19.667     2013 04 20 23 21 33.812     194.1
46
 2013 04 20 11 50  3.332     2013 04 20 11 53 37.381     214.0
 2013 04 20 18 24 29.163     2013 04 20 18 27 45.600     196.4
47
48
 2013 04 20 11 42 28.625     2013 04 20 11 46  2.621     214.0
 2013 04 20 21 42 40.080     2013 04 20 21 45 24.259     164.2
49
 2013 04 20 11 41 18.695     2013 04 20 11 43 59.054     160.4
 2013 04 20 21 44 14.519     2013 04 20 21 47 57.586     223.1
50
 2013 04 20 11 37  6.029     2013 04 20 11 40 21.968     195.9
 2013 04 20 23 23 33.117     2013 04 20 23 26 26.152     173.0
51
 2013 04 20 10 06 15.003     2013 04 20 10 08 55.242     160.2
52
 2013 04 20 13 16 18.667     2013 04 20 13 18 55.430     156.8
 2013 04 20 23 18 44.979     2013 04 20 23 22  1.692     196.7
53
 2013 04 20 11 39 16.889     2013 04 20 11 42  2.302     165.4
54
 2013 04 20 13 24 11.068     2013 04 20 13 27 20.957     189.9
55
56
 2013 04 20 15 00  4.761     2013 04 20 15 03 20.400     195.6
 2013 04 20 21 34 14.394     2013 04 20 21 36 53.880     159.5
57
 2013 04 20 11 46 43.917     2013 04 20 11 49 53.553     189.6
 2013 04 20 20 04 52.952     2013 04 20 20 08  2.974     190.0
58
 2013 04 20 23 16 33.459     2013 04 20 23 19 16.510     163.1
59
 2013 04 20 13 16  2.367     2013 04 20 13 19 17.338     195.0
 2013 04 20 23 20  4.744     2013 04 20 23 21 15.085      70.3
60
 2013 04 20 11 49 38.466     2013 04 20 11 52 40.624     182.2
61
62
 2013 04 20 13 24 23.054     2013 04 20 13 25 38.021      75.0
 2013 04 20 20 01 12.220     2013 04 20 20 04 59.993     227.8
63
 2013 04 20 23 20 30.456     2013 04 20 23 22 38.669     128.2
64
 2013 04 20 10 07 54.024     2013 04 20 10 11 15.338     201.3
 2013 04 20 20 08 15.970     2013 04 20 20 11  1.954     166.0
65
 2013 04 20 13 23 59.758     2013 04 20 13 26 55.195     175.4
 2013 04 20 21 37  7.932     2013 04 20 21 37 53.089      45.2
66
 2013 04 20 13 21 56.508     2013 04 20 13 24 34.366     157.9
 2013 04 20 21 38 52.933     2013 04 20 21 41 46.733     173.8
67
 2013 04 20 21 46  2.047     2013 04 20 21 49 31.112     209.1
68
 2013 04 20 11 49 37.748     2013 04 20 11 49 47.726      10.0
69
 2013 04 20 13 27 52.236     2013 04 20 13 30 33.709     161.5
 2013 04 20 18 22 57.573     2013 04 20 18 26 13.554     196.0
70
71
 2013 04 20 13 25 54.790     2013 04 20 13 29 45.538     230.7
 2013 04 20 15 03 59.840     2013 04 20 15 07 27.317     207.5
 2013 04 20 18 20 34.872     2013 04 20 18 20 44.604       9.7
 2013 04 20 19 59 15.163     2013 04 20 20 02  8.704     173.5
72
 2013 04 20 13 16 42.778     2013 04 20 13 19 22.821     160.0
 2013 04 20 23 18  9.507     2013 04 20 23 21 14.464     185.0
73
 2013 04 20 20 07 30.893     2013 04 20 20 10 15.360     164.5
74
 2013 04 20 20 01 47.244     2013 04 20 20 02  6.075      18.8
75
 2013 04 20 13 26 29.689     2013 04 20 13 29 59.555     209.9
 2013 04 20 20 01 32.877     2013 04 20 20 04 32.413     179.5
76
 2013 04 20 23 21 20.702     2013 04 20 23 24  7.594     166.9
77
 2013 04 20 11 48 51.400     2013 04 20 11 51 29.208     157.8
 2013 04 20 20 03 52.011     2013 04 20 20 07  3.697     191.7
78
 2013 04 20 13 22 59.048     2013 04 20 13 25 41.864     162.8
 2013 04 20 21 38 53.353     2013 04 20 21 41 42.201     168.8
79
 2013 04 20 21 40 43.187     2013 04 20 21 43 49.416     186.2
80
 2013 04 20 11 39 18.299     2013 04 20 11 42  4.467     166.2
81
 2013 04 20 13 19 27.230     2013 04 20 13 22 15.849     168.6
82
83
 2013 04 20 21 47 15.671     2013 04 20 21 49 52.443     156.8
84
 2013 04 20 14 57 51.817     2013 04 20 15 01 22.422     210.6
 2013 04 20 23 13 31.912     2013 04 20 23 15 17.049     105.1
85
 2013 04 20 11 41 31.648     2013 04 20 11 45  3.495     211.8
 2013 04 20 21 42 33.748     2013 04 20 21 46 19.934     226.2
86
87
 2013 04 20 11 46 52.429     2013 04 20 11 46 53.711       1.3
 2013 04 20 20 02 40.279     2013 04 20 20 05 41.073     180.8
88
 2013 04 20 11 45 19.571     2013 04 20 11 48 23.381     183.8
89
 2013 04 20 10 09  3.239     2013 04 20 10 11 38.324     155.1
 2013 04 20 20 08 53.316     2013 04 20 20 11 48.684     175.4
90
 2013 04 20 11 51 12.972     2013 04 20 11 54 55.577     222.6
 2013 04 20 13 29  9.825     2013 04 20 13 32 50.680     220.9
 2013 04 20 18 24 49.230     2013 04 20 18 27 33.324     164.1
91
 2013 04 20 21 48 13.944     2013 04 20 21 50 49.123     155.2
92
 2013 04 20 21 48   .328     2013 04 20 21 50 34.120     153.8
93
 2013 04 20 21 47 53.332     2013 04 20 21 50 30.229     156.9
94
 2013 04 20 11 46  6.432     2013 04 20 11 49 12.328     185.9
 2013 04 20 20 08 16.862     2013 04 20 20 08 37.204      20.3
95
 2013 04 20 13 14  3.288     2013 04 20 13 16 44.366     161.1
96
97
 2013 04 20 21 40 33.677     2013 04 20 21 43 15.893     162.2
98
 2013 04 20 11 38 34.424     2013 04 20 11 41 22.163     167.7
99
 2013 04 20 13 28  9.171     2013 04 20 13 31 32.468     203.3
 2013 04 20 18 24   .715     2013 04 20 18 26 58.266     177.6
100
 2013 04 20 21 37   .216     2013 04 20 21 39 37.528     157.3
101
 2013 04 20 10 07 10.266     2013 04 20 10 09 58.319     168.1
 2013 04 20 20 09 59.005     2013 04 20 20 13   .194     181.2
102
103
 2013 04 20 13 24 23.742     2013 04 20 13 27  4.853     161.1
104
 2013 04 20 11 46 49.964     2013 04 20 11 46 57.039       7.1
 2013 04 20 20 02 39.887     2013 04 20 20 05 43.862     184.0
105
 2013 04 20 13 14  5.865     2013 04 20 13 16 42.224     156.4
106
107
 2013 04 20 10 05 46.308     2013 04 20 10 08 28.282     162.0
108
 2013 04 20 13 24  7.695     2013 04 20 13 24 18.453      10.8
109
 2013 04 20 11 46 13.867     2013 04 20 11 48 17.166     123.3
 2013 04 20 20 05 20.862     2013 04 20 20 08 35.245     194.4
110
 2013 04 20 11 44 15.416     2013 04 20 11 47 22.585     187.2
 2013 04 20 21 41 58.829     2013 04 20 21 45 27.328     208.5
111
 2013 04 20 10 05 45.908     2013 04 20 10 09  2.156     196.2
112
 2013 04 20 13 16  1.897     2013 04 20 13 17  2.049      60.2
 2013 04 20 23 20  2.910     2013 04 20 23 22 37.572     154.7
113
 2013 04 20 11 47 23.429     2013 04 20 11 50 48.195     204.8
 2013 04 20 20 03  7.180     2013 04 20 20 05 52.070     164.9
114
 2013 04 20 15 02 26.891     2013 04 20 15 05 38.780     191.9
 2013 04 20 19 58  7.647     2013 04 20 20 01 24.891     197.2
115
 2013 04 20 10 10 47.695     2013 04 20 10 13 49.833     182.1
116
 2013 04 20 10 08 17.884     2013 04 20 10 11 18.675     180.8
 2013 04 20 20 08 30.924     2013 04 20 20 11  6.850     155.9
117
 2013 04 20 13 25 45.717     2013 04 20 13 28 23.898     158.2
 2013 04 20 20 00 22.042     2013 04 20 20 03  5.887     163.8
118
119
 2013 04 20 10 08 48.125     2013 04 20 10 09 13.735      25.6
 2013 04 20 20 07 30.357     2013 04 20 20 10 14.273     163.9
120
 2013 04 20 11 50 51.210     2013 04 20 11 54  9.384     198.2
 2013 04 20 18 25  2.988     2013 04 20 18 27 43.841     160.9
121
122
123
 2013 04 20 11 43 25.789     2013 04 20 11 46 57.694     211.9
 2013 04 20 21 43 52.951     2013 04 20 21 45 40.064     107.1
124
 2013 04 20 23 20 37.359     2013 04 20 23 23 29.479     172.1
125
 2013 04 20 23 20 44.887     2013 04 20 23 23 18.847     154.0
126
 2013 04 20 13 23  9.049     2013 04 20 13 26  3.467     174.4
 2013 04 20 21 38 55.763     2013 04 20 21 42  3.128     187.4
127
 2013 04 20 13 21 12.261     2013 04 20 13 24 13.601     181.3
 2013 04 20 21 39 14.643     2013 04 20 21 42 39.660     205.0
128
 2013 04 20 23 21 42.965     2013 04 20 23 24 29.677     166.7
129
 2013 04 20 11 46 28.767     2013 04 20 11 49 16.266     167.5
 2013 04 20 20 04 14.966     2013 04 20 20 04 44.099      29.1
130
 2013 04 20 13 27  8.660     2013 04 20 13 30 19.952     191.3
 2013 04 20 20 01  2.591     2013 04 20 20 04 44.155     221.6
131
 2013 04 20 11 48 11.105     2013 04 20 11 50 47.404     156.3
 2013 04 20 20 04  5.874     2013 04 20 20 06 43.224     157.3
132
 2013 04 20 23 23 26.878     2013 04 20 23 26 12.540     165.7
133
 2013 04 20 11 51 26.548     2013 04 20 11 54 41.701     195.2
 2013 04 20 18 26 54.766     2013 04 20 18 29 32.057     157.3
134
 2013 04 20 11 38 49.080     2013 04 20 11 41 58.966     189.9
135
136
 2013 04 20 11 44 53.770     2013 04 20 11 48  1.885     188.1
137
 2013 04 20 13 12 46.881     2013 04 20 13 13 20.279      33.4
138
 2013 04 20 13 26  7.615     2013 04 20 13 28 51.182     163.6
 2013 04 20 20 00 56.435     2013 04 20 20 03 33.518     157.1
139
 2013 04 20 13 28   .365     2013 04 20 13 31 13.944     193.6
 2013 04 20 18 23 43.114     2013 04 20 18 26 51.054     187.9
140
 2013 04 20 13 21 32.067     2013 04 20 13 24 21.511     169.4
 2013 04 20 21 39  7.594     2013 04 20 21 42 17.544     190.0
141
 2013 04 20 11 43 43.323     2013 04 20 11 46 35.646     172.3
 2013 04 20 21 42 45.745     2013 04 20 21 45 38.132     172.4
142
 2013 04 20 10 11 14.264     2013 04 20 10 13 59.337     165.1
143
 2013 04 20 11 44 10.146     2013 04 20 11 46 52.641     162.5
 2013 04 20 21 42 34.177     2013 04 20 21 45 55.483     201.3
144
 2013 04 20 11 49 13.260     2013 04 20 11 51 56.450     163.2
 2013 04 20 20 03  4.353     2013 04 20 20 06 42.151     217.8
145
 2013 04 20 13 20  7.848     2013 04 20 13 22 47.374     159.5
146
147
 2013 04 20 10 05 38.252     2013 04 20 10 08 52.267     194.0
148
 2013 04 20 21 41 25.900     2013 04 20 21 44 13.389     167.5
149
 2013 04 20 15 00 20.429     2013 04 20 15 02 58.632     158.2
 2013 04 20 21 34 56.275     2013 04 20 21 37 39.836     163.6
150
 2013 04 20 21 41 57.254     2013 04 20 21 45 45.080     227.8
151
 2013 04 20 13 24 31.627     2013 04 20 13 27 39.448     187.8
 2013 04 20 19 59  3.633     2013 04 20 20 02 52.475     228.8
152
 2013 04 20 10 08 36.255     2013 04 20 10 09  7.510      31.3
153
 2013 04 20 11 51 19.527     2013 04 20 11 54 48.569     209.0
 2013 04 20 18 27  4.658     2013 04 20 18 29 41.724     157.1
154
 2013 04 20 11 46 20.455     2013 04 20 11 50  9.058     228.6
 2013 04 20 20 02 28.405     2013 04 20 20 06 17.641     229.2
155
 2013 04 20 11 43 33.096     2013 04 20 11 44 31.794      58.7
156
 2013 04 20 10 10  7.532     2013 04 20 10 12 47.760     160.2
157
 2013 04 20 13 25   .425     2013 04 20 13 28 12.253     191.8
 2013 04 20 19 59 26.487     2013 04 20 20 02 31.131     184.6
158
 2013 04 20 15 00  4.420     2013 04 20 15 02 49.527     165.1
 2013 04 20 21 34 35.928     2013 04 20 21 37 27.454     171.5
159
 2013 04 20 14 59  7.603     2013 04 20 15 01 49.896     162.3
160
 2013 04 20 15 01 53.691     2013 04 20 15 05 34.905     221.2
 2013 04 20 19 57 57.262     2013 04 20 19 58 47.248      50.0
161
 2013 04 20 11 50 36.252     2013 04 20 11 53 31.950     175.7
 2013 04 20 18 26 11.854     2013 04 20 18 29 27.415     195.6
162
 2013 04 20 20 09  1.626     2013 04 20 20 09 59.914      58.3
163
 2013 04 20 23 20  8.391     2013 04 20 23 23 41.241     212.8
164
 2013 04 20 13 17 27.819     2013 04 20 13 20 39.136     191.3
 2013 04 20 23 17 28.665     2013 04 20 23 20  4.039     155.4
165
 2013 04 20 13 21 46.498     2013 04 20 13 24 24.163     157.7
 2013 04 20 21 38 49.063     2013 04 20 21 41 53.471     184.4
166
 2013 04 20 13 16 27.673     2013 04 20 13 19 45.179     197.5
 2013 04 20 23 19 34.862     2013 04 20 23 22 11.301     156.4
167
 2013 04 20 21 46 42.678     2013 04 20 21 49 18.891     156.2
168
169
 2013 04 20 13 14  2.291     2013 04 20 13 17 23.396     201.1
170
 2013 04 20 20 06  2.235     2013 04 20 20 08 50.645     168.4
171
 2013 04 20 13 23 55.833     2013 04 20 13 27  1.868     186.0
 2013 04 20 21 36 58.247     2013 04 20 21 37 46.596      48.3
172
 2013 04 20 21 40 47.549     2013 04 20 21 43 43.470     175.9
173
 2013 04 20 11 42 31.635     2013 04 20 11 45 22.987     171.4
 2013 04 20 21 44 29.961     2013 04 20 21 47  4.156     154.2
174
175
 2013 04 20 13 20 17.211     2013 04 20 13 22 58.370     161.2
176
 2013 04 20 21 40 52.667     2013 04 20 21 43 28.780     156.1
177
 2013 04 20 11 45 35.369     2013 04 20 11 49 24.703     229.3
 2013 04 20 20 09  7.457     2013 04 20 20 09 11.959       4.5
178
 2013 04 20 13 25 59.584     2013 04 20 13 27  9.088      69.5
 2013 04 20 20 01 56.627     2013 04 20 20 04 40.758     164.1
179
 2013 04 20 13 21 35.182     2013 04 20 13 24 13.304     158.1
 2013 04 20 21 38 45.968     2013 04 20 21 42  3.663     197.7
180
 2013 04 20 21 40 31.115     2013 04 20 21 43 19.658     168.5
181
182
 2013 04 20 11 46 44.888     2013 04 20 11 50 11.271     206.4
 2013 04 20 20 05 10.054     2013 04 20 20 08  6.913     176.9
183
184
 2013 04 20 11 47 31.474     2013 04 20 11 51 13.546     222.1
 2013 04 20 20 05 18.865     2013 04 20 20 07 58.350     159.5
185
 2013 04 20 11 38 21.620     2013 04 20 11 40 56.979     155.4
186
 2013 04 20 23 20 25.326     2013 04 20 23 23 25.201     179.9
187
 2013 04 20 21 47 36.939     2013 04 20 21 50 32.307     175.4
188
 2013 04 20 21 46 37.993     2013 04 20 21 49 14.237     156.2
189
 2013 04 20 23 22 12.209     2013 04 20 23 24 56.042     163.8
190
 2013 04 20 20 11 54.439     2013 04 20 20 12 15.419      21.0
191
 2013 04 20 15 00  8.140     2013 04 20 15 03 30.627     202.5
 2013 04 20 21 36  3.075     2013 04 20 21 38 45.359     162.3
192
 2013 04 20 13 12 53.507     2013 04 20 13 13 39.091      45.6
193
194
 2013 04 20 13 18 54.857     2013 04 20 13 21 38.959     164.1
 2013 04 20 23 17 26.285     2013 04 20 23 17 49.560      23.3
195
196
 2013 04 20 15 01 12.668     2013 04 20 15 03  7.551     114.9
 2013 04 20 21 36 13.643     2013 04 20 21 39 37.120     203.5
197
198
 2013 04 20 21 51 55.575     2013 04 20 21 52  6.498      10.9
199
 2013 04 20 10 04 41.228     2013 04 20 10 08  4.958     203.7
200
 2013 04 20 11 50 25.574     2013 04 20 11 53  8.380     162.8
 2013 04 20 18 25  7.843     2013 04 20 18 28 37.815     210.0
201
 2013 04 20 11 52 24.727     2013 04 20 11 55  2.679     158.0
 2013 04 20 18 25 56.026     2013 04 20 18 29  8.146     192.1
202
 2013 04 20 10 06 45.249     2013 04 20 10 09 21.176     155.9
 2013 04 20 20 12 41.078     2013 04 20 20 13  6.102      25.0
203
 2013 04 20 11 50 19.202     2013 04 20 11 53 10.439     171.2
 2013 04 20 18 25 51.147     2013 04 20 18 29 34.221     223.1
204
 2013 04 20 11 36 24.319     2013 04 20 11 39 37.103     192.8
 2013 04 20 23 24  6.571     2013 04 20 23 26 39.931     153.4
205
 2013 04 20 15 00 32.054     2013 04 20 15 03 10.368     158.3
 2013 04 20 21 35 16.218     2013 04 20 21 37 55.196     159.0
206
 2013 04 20 11 40 13.078     2013 04 20 11 41 16.480      63.4
 2013 04 20 21 45 26.730     2013 04 20 21 49  6.568     219.8
207
208
 2013 04 20 11 42  9.445     2013 04 20 11 44 49.361     159.9
 2013 04 20 21 43 35.606     2013 04 20 21 46 39.572     184.0
209
 2013 04 20 11 40 41.212     2013 04 20 11 41 45.155      63.9
 2013 04 20 23 22 11.718     2013 04 20 23 25 56.321     224.6
210
211
 2013 04 20 11 45 38.126     2013 04 20 11 48 19.351     161.2
212
 2013 04 20 13 25 24.971     2013 04 20 13 28 46.463     201.5
 2013 04 20 20 01 23.852     2013 04 20 20 04 12.527     168.7
213
 2013 04 20 13 23 57.333     2013 04 20 13 26 35.276     157.9
 2013 04 20 21 37 57.621     2013 04 20 21 39  4.282      66.7
214
 2013 04 20 10 06 13.141     2013 04 20 10 08 52.186     159.0
215
 2013 04 20 21 40 31.679     2013 04 20 21 43 34.991     183.3
216
 2013 04 20 13 19 15.510     2013 04 20 13 22 44.054     208.5
 2013 04 20 23 15 42.570     2013 04 20 23 15 59.218      16.6
217
 2013 04 20 11 43 57.206     2013 04 20 11 46 39.459     162.3
 2013 04 20 21 42 47.170     2013 04 20 21 45 53.584     186.4
218
 2013 04 20 10 08 40.970     2013 04 20 10 11 48.887     187.9
 2013 04 20 20 08 14.061     2013 04 20 20 10 50.736     156.7
219
 2013 04 20 13 24 28.008     2013 04 20 13 27  4.940     156.9
220
 2013 04 20 13 23 46.197     2013 04 20 13 26 23.994     157.8
 2013 04 20 21 38  8.082     2013 04 20 21 41 48.077     220.0
221
 2013 04 20 10 07 39.589     2013 04 20 10 11 25.034     225.4
 2013 04 20 20 07 57.825     2013 04 20 20 10 51.428     173.6
222
223
 2013 04 20 11 47 50.136     2013 04 20 11 50 26.750     156.6
 2013 04 20 20 04  5.101     2013 04 20 20 06 43.217     158.1
224
 2013 04 20 20 11 27.188     2013 04 20 20 14   .996     153.8
225
 2013 04 20 13 16 17.772     2013 04 20 13 19 39.831     202.1
 2013 04 20 23 17 18.595     2013 04 20 23 20 50.945     212.3
226
 2013 04 20 23 21 30.933     2013 04 20 23 24 31.597     180.7
227
 2013 04 20 20 11 39.376     2013 04 20 20 14 33.409     174.0
228
 2013 04 20 13 21 50.782     2013 04 20 13 25  4.765     194.0
 2013 04 20 21 39 39.292     2013 04 20 21 42 18.655     159.4
229
 2013 04 20 13 21 41.901     2013 04 20 13 22  2.371      20.5
 2013 04 20 21 37 20.286     2013 04 20 21 40  8.144     167.9
230
 2013 04 20 10 04 26.160     2013 04 20 10 08  2.791     216.6
231
 2013 04 20 13 23 44.976     2013 04 20 13 26 25.328     160.4
 2013 04 20 21 37 46.683     2013 04 20 21 41 20.038     213.4
232
233
 2013 04 20 21 51 24.627     2013 04 20 21 51 32.722       8.1
234
 2013 04 20 20 01 51.784     2013 04 20 20 05 33.045     221.3
235
 2013 04 20 15 01 19.177     2013 04 20 15 04  7.892     168.7
 2013 04 20 21 35 32.037     2013 04 20 21 38 30.744     178.7
236
 2013 04 20 10 03 45.243     2013 04 20 10 07 10.924     205.7
237
238
 2013 04 20 11 50 46.927     2013 04 20 11 53 32.294     165.4
 2013 04 20 18 26  4.823     2013 04 20 18 29 11.547     186.7
239
 2013 04 20 13 26  5.320     2013 04 20 13 29  1.340     176.0
 2013 04 20 20 01 12.213     2013 04 20 20 03 49.277     157.1
240
 2013 04 20 23 21 41.969     2013 04 20 23 25  2.530     200.6
241
 2013 04 20 20 06 31.233     2013 04 20 20 09  6.469     155.2
242
 2013 04 20 13 21 17.430     2013 04 20 13 25  4.301     226.9
 2013 04 20 21 40   .852     2013 04 20 21 42 47.802     167.0
243
 2013 04 20 11 46 58.029     2013 04 20 11 49 47.367     169.3
 2013 04 20 20 03 25.199     2013 04 20 20 06 50.142     204.9
244
 2013 04 20 13 16  8.608     2013 04 20 13 19 11.519     182.9
 2013 04 20 23 17 32.070     2013 04 20 23 18 18.652      46.6
245
 2013 04 20 11 48 43.655     2013 04 20 11 48 52.953       9.3
 2013 04 20 20 02  3.760     2013 04 20 20 05 37.316     213.6
246
 2013 04 20 11 41   .026     2013 04 20 11 44 46.258     226.2
247
 2013 04 20 11 51 38.132     2013 04 20 11 54 24.032     165.9
 2013 04 20 18 26 26.282     2013 04 20 18 29  3.796     157.5
248
249
 2013 04 20 21 42   .307     2013 04 20 21 44 37.794     157.5
250
 2013 04 20 11 40 43.480     2013 04 20 11 43 27.098     163.6
251
 2013 04 20 13 14  5.512     2013 04 20 13 16 46.337     160.8
252
 2013 04 20 13 26 12.054     2013 04 20 13 29 32.731     200.7
 2013 04 20 20 01 32.400     2013 04 20 20 04 14.428     162.0
253
 2013 04 20 21 46 51.777     2013 04 20 21 49 26.953     155.2
254
 2013 04 20 11 48 52.146     2013 04 20 11 51 52.287     180.1
 2013 04 20 20 04  9.304     2013 04 20 20 07 45.103     215.8
255
 2013 04 20 21 48 49.841     2013 04 20 21 51 37.556     167.7
256
 2013 04 20 11 42 30.706     2013 04 20 11 45 41.420     190.7
 2013 04 20 21 42 59.171     2013 04 20 21 45 44.539     165.4
257
 2013 04 20 15 00 46.339     2013 04 20 15 03 27.578     161.2
 2013 04 20 21 35 26.664     2013 04 20 21 38  4.006     157.3
258
 2013 04 20 13 25 29.786     2013 04 20 13 28  9.104     159.3
 2013 04 20 20 00 32.252     2013 04 20 20 03 31.146     178.9
259
 2013 04 20 11 50 44.488     2013 04 20 11 53 25.192     160.7
 2013 04 20 18 25 25.844     2013 04 20 18 28 32.512     186.7
260
 2013 04 20 15 00 53.760     2013 04 20 15 03 51.604     177.8
 2013 04 20 21 35 47.956     2013 04 20 21 38 29.236     161.3
261
 2013 04 20 13 18  7.597     2013 04 20 13 20 42.548     155.0
 2013 04 20 23 17 59.404     2013 04 20 23 20 48.378     169.0
262
 2013 04 20 21 40 51.456     2013 04 20 21 44  3.065     191.6
263
264
 2013 04 20 10 02 23.040     2013 04 20 10 05 45.948     202.9
 2013 04 20 21 49   .022     2013 04 20 21 51 46.715     166.7
265
 2013 04 20 11 40 43.054     2013 04 20 11 43 17.328     154.3
266
 2013 04 20 10 04 29.439     2013 04 20 10 07 37.861     188.4
267
 2013 04 20 11 39 58.505     2013 04 20 11 43  4.088     185.6
268
 2013 04 20 13 24  5.447     2013 04 20 13 27 26.463     201.0
269
 2013 04 20 20 06 25.137     2013 04 20 20 09 56.868     211.7
270
 2013 04 20 10 04 24.448     2013 04 20 10 07 10.152     165.7
271
 2013 04 20 13 14 23.000     2013 04 20 13 16 57.113     154.1
272
 2013 04 20 13 25 49.695     2013 04 20 13 26 31.074      41.4
 2013 04 20 15 03 58.591     2013 04 20 15 07 22.260     203.7
 2013 04 20 18 20 30.594     2013 04 20 18 20 38.742       8.1
 2013 04 20 19 59 12.133     2013 04 20 20 02  4.178     172.0
273
 2013 04 20 20 01 45.421     2013 04 20 20 05 13.826     208.4
274
 2013 04 20 21 50 44.756     2013 04 20 21 51 52.598      67.8
275
 2013 04 20 11 45 55.754     2013 04 20 11 48 41.389     165.6
276
 2013 04 20 13 19 16.059     2013 04 20 13 22 33.888     197.8
277
 2013 04 20 13 16 27.779     2013 04 20 13 16 31.145       3.4
 2013 04 20 23 16 59.095     2013 04 20 23 20 11.350     192.3
278
 2013 04 20 23 20 35.772     2013 04 20 23 23 13.376     157.6
279
280
 2013 04 20 13 25 17.679     2013 04 20 13 28 47.914     210.2
 2013 04 20 15 02 56.812     2013 04 20 15 03   .506       3.7
 2013 04 20 19 59 28.356     2013 04 20 20 02  9.542     161.2
281
 2013 04 20 13 20 45.616     2013 04 20 13 24 16.766     211.1
 2013 04 20 21 39 34.138     2013 04 20 21 43  9.618     215.5
282
 2013 04 20 10 09 59.151     2013 04 20 10 10 47.993      48.8
 2013 04 20 20 06 22.176     2013 04 20 20 06 56.153      34.0
283
 2013 04 20 11 48 56.988     2013 04 20 11 51 33.642     156.7
 2013 04 20 20 03 42.337     2013 04 20 20 06 58.904     196.6
284
 2013 04 20 11 48 21.582     2013 04 20 11 50 59.177     157.6
 2013 04 20 20 03 54.101     2013 04 20 20 06 35.408     161.3
285
 2013 04 20 13 25 17.737     2013 04 20 13 27 55.306     157.6
 2013 04 20 20 00 17.298     2013 04 20 20 03 30.521     193.2
286
 2013 04 20 23 20 29.536     2013 04 20 23 23 26.049     176.5
287
 2013 04 20 10 03 25.717     2013 04 20 10 05 59.957     154.2
288
289
 2013 04 20 13 15 42.462     2013 04 20 13 18 43.915     181.5
290
 2013 04 20 13 18 44.659     2013 04 20 13 22 18.799     214.1
 2013 04 20 23 16 11.324     2013 04 20 23 19 39.119     207.8
291
 2013 04 20 13 15  6.416     2013 04 20 13 15 53.763      47.3
 2013 04 20 23 20  8.217     2013 04 20 23 23 20.389     192.2
292
 2013 04 20 20 15 36.234     2013 04 20 20 15 59.191      23.0
293
 2013 04 20 13 16 19.386     2013 04 20 13 19 33.795     194.4
 2013 04 20 23 17 25.079     2013 04 20 23 20 56.941     211.9
294
 2013 04 20 13 27 54.082     2013 04 20 13 30 32.108     158.0
 2013 04 20 18 22 46.069     2013 04 20 18 25 50.886     184.8
295
 2013 04 20 10 05 12.177     2013 04 20 10 08  8.818     176.6
296
 2013 04 20 14 59 49.572     2013 04 20 15 02 47.333     177.8
 2013 04 20 21 35 26.482     2013 04 20 21 38 34.955     188.5
297
 2013 04 20 21 47  8.649     2013 04 20 21 49 46.069     157.4
298
 2013 04 20 11 50 26.526     2013 04 20 11 54  4.793     218.3
 2013 04 20 13 28  9.705     2013 04 20 13 28 18.446       8.7
 2013 04 20 18 24 43.450     2013 04 20 18 27 32.281     168.8
299
 2013 04 20 23 21 59.011     2013 04 20 23 25  3.323     184.3
300
 2013 04 20 10 06 58.668     2013 04 20 10 10 30.838     212.2
 2013 04 20 20 10 39.780     2013 04 20 20 13 19.716     159.9
301
 2013 04 20 15 01 15.646     2013 04 20 15 03 58.098     162.5
 2013 04 20 21 35 24.629     2013 04 20 21 38 17.959     173.3
302
 2013 04 20 13 18 31.726     2013 04 20 13 21 41.937     190.2
 2013 04 20 23 17 53.784     2013 04 20 23 18  8.808      15.0
303
 2013 04 20 21 48 41.487     2013 04 20 21 52  2.060     200.6
304
 2013 04 20 18 27  9.478     2013 04 20 18 30 27.382     197.9
305
 2013 04 20 10 05 31.271     2013 04 20 10 07 44.162     132.9
 2013 04 20 20 13 58.303     2013 04 20 20 14 42.699      44.4
306
 2013 04 20 11 52 31.741     2013 04 20 11 55 10.131     158.4
 2013 04 20 16 50 57.234     2013 04 20 16 51 23.743      26.5
 2013 04 20 18 25 38.812     2013 04 20 18 29  2.730     203.9
307
 2013 04 20 15 01  9.488     2013 04 20 15 04 15.885     186.4
 2013 04 20 21 35 50.996     2013 04 20 21 38 46.523     175.5
308
 2013 04 20 15 03 27.518     2013 04 20 15 06 25.519     178.0
 2013 04 20 19 58 40.965     2013 04 20 20 01 18.685     157.7
309
 2013 04 20 11 48   .216     2013 04 20 11 50 45.697     165.5
 2013 04 20 20 03 43.945     2013 04 20 20 06 20.142     156.2
310
 2013 04 20 13 19  4.033     2013 04 20 13 22 24.083     200.0
 2013 04 20 23 16  4.212     2013 04 20 23 17 52.382     108.2
311
 2013 04 20 21 44 56.210     2013 04 20 21 46 26.227      90.0
312
 2013 04 20 10 02 40.339     2013 04 20 10 05 17.961     157.6
 2013 04 20 21 49 54.331     2013 04 20 21 53 21.830     207.5
313
 2013 04 20 13 18 57.912     2013 04 20 13 22   .505     182.6
314
 2013 04 20 13 24   .172     2013 04 20 13 26 41.619     161.4
 2013 04 20 21 37 30.039     2013 04 20 21 38 41.271      71.2
315
316
317
 2013 04 20 14 59 36.577     2013 04 20 15 02 18.000     161.4
 2013 04 20 21 34 50.566     2013 04 20 21 38 24.870     214.3
318
 2013 04 20 21 46  4.445     2013 04 20 21 46 14.466      10.0
319
 2013 04 20 23 21   .868     2013 04 20 23 24 36.485     215.6
320
 2013 04 20 13 19 29.036     2013 04 20 13 22  4.580     155.5
321
 2013 04 20 10 05 31.053     2013 04 20 10 09 10.266     219.2
 2013 04 20 20 14 33.007     2013 04 20 20 14 44.777      11.8
322
 2013 04 20 15 00 32.256     2013 04 20 15 04  9.026     216.8
 2013 04 20 16 38 26.008     2013 04 20 16 42  8.360     222.4
 2013 04 20 21 33 59.729     2013 04 20 21 36 48.994     169.3
323
 2013 04 20 10 07 13.199     2013 04 20 10 10 38.233     205.0
 2013 04 20 20 10 32.441     2013 04 20 20 13  8.793     156.4
324
 2013 04 20 10 08 21.051     2013 04 20 10 10 59.616     158.6
 2013 04 20 20 09   .358     2013 04 20 20 11 35.252     154.9
325
 2013 04 20 23 21 10.042     2013 04 20 23 24 53.179     223.1
326
327
 2013 04 20 11 41 54.660     2013 04 20 11 44 29.006     154.3
 2013 04 20 21 43 56.090     2013 04 20 21 47  9.540     193.4
328
 2013 04 20 13 27 53.932     2013 04 20 13 31 40.218     226.3
 2013 04 20 18 24  6.534     2013 04 20 18 27 15.524     189.0
329
 2013 04 20 10 05 31.941     2013 04 20 10 06 47.608      75.7
 2013 04 20 20 13 16.896     2013 04 20 20 14 40.609      83.7
330
 2013 04 20 13 15 43.677     2013 04 20 13 18 25.713     162.0
331
 2013 04 20 11 47  6.237     2013 04 20 11 47 51.911      45.7
 2013 04 20 20 05 35.931     2013 04 20 20 08 11.712     155.8
332
 2013 04 20 21 48  7.841     2013 04 20 21 51 33.188     205.3
333
 2013 04 20 15 00 29.460     2013 04 20 15 03 19.763     170.3
 2013 04 20 21 35 37.908     2013 04 20 21 38 16.548     158.6
334
 2013 04 20 11 48 30.110     2013 04 20 11 52  7.117     217.0
 2013 04 20 20 02 36.032     2013 04 20 20 05 40.900     184.9
335
 2013 04 20 14 56 48.438     2013 04 20 14 58 13.919      85.5
 2013 04 20 23 14 27.262     2013 04 20 23 17 17.984     170.7
336
 2013 04 20 21 46 51.282     2013 04 20 21 50  7.325     196.0
337
 2013 04 20 21 48 27.918     2013 04 20 21 51  7.176     159.3
338
 2013 04 20 10 10 38.956     2013 04 20 10 13 16.427     157.5
339
340
 2013 04 20 10 02 41.885     2013 04 20 10 05 38.698     176.8
 2013 04 20 21 49  8.662     2013 04 20 21 52 10.531     181.9
341
 2013 04 20 13 20 54.734     2013 04 20 13 23 30.402     155.7
342
 2013 04 20 21 40 23.659     2013 04 20 21 43 12.301     168.6
343
344
 2013 04 20 21 46 37.670     2013 04 20 21 49 13.573     155.9
345
 2013 04 20 15 00 27.317     2013 04 20 15 00 31.196       3.9
 2013 04 20 21 36 39.968     2013 04 20 21 39 24.328     164.4
346
 2013 04 20 13 26  7.468     2013 04 20 13 28 47.855     160.4
 2013 04 20 20 00 21.970     2013 04 20 20 02 59.329     157.4
347
 2013 04 20 13 18 33.766     2013 04 20 13 21 29.293     175.5
 2013 04 20 23 17  1.861     2013 04 20 23 20 10.107     188.2
348
 2013 04 20 13 26 18.497     2013 04 20 13 27 51.447      93.0
 2013 04 20 20 01 49.665     2013 04 20 20 04 49.120     179.5
349
 2013 04 20 20 12 24.776     2013 04 20 20 15 36.672     191.9
350
 2013 04 20 23 15 31.850     2013 04 20 23 18 23.964     172.1
351
352
 2013 04 20 11 42 56.618     2013 04 20 11 45 47.151     170.5
 2013 04 20 21 44 15.653     2013 04 20 21 46 56.544     160.9
353
 2013 04 20 23 21 18.127     2013 04 20 23 24 48.516     210.4
354
 2013 04 20 23 20 25.867     2013 04 20 23 22 59.930     154.1
355
 2013 04 20 13 18 44.942     2013 04 20 13 22 28.607     223.7
 2013 04 20 23 16  1.988     2013 04 20 23 19 32.642     210.7
356
 2013 04 20 11 51 36.968     2013 04 20 11 54 52.772     195.8
 2013 04 20 18 26 54.947     2013 04 20 18 29 35.569     160.6
357
 2013 04 20 13 26 32.192     2013 04 20 13 27  2.215      30.0
 2013 04 20 20 01 47.231     2013 04 20 20 05  9.323     202.1
358
 2013 04 20 11 39  2.318     2013 04 20 11 41 53.122     170.8
359
360
 2013 04 20 15 00 38.088     2013 04 20 15 03 58.880     200.8
 2013 04 20 16 38 18.263     2013 04 20 16 39 17.440      59.2
 2013 04 20 21 34 11.710     2013 04 20 21 36 58.196     166.5
361
 2013 04 20 11 43  4.683     2013 04 20 11 45 45.585     160.9
 2013 04 20 21 43 26.386     2013 04 20 21 46   .954     154.6
362
363
 2013 04 20 10 07 41.616     2013 04 20 10 10 41.299     179.7
 2013 04 20 20 08 35.364     2013 04 20 20 11 33.971     178.6
364
 2013 04 20 13 18 42.896     2013 04 20 13 21 21.435     158.5
 2013 04 20 23 17 37.035     2013 04 20 23 21 16.641     219.6
365
 2013 04 20 15 01 28.957     2013 04 20 15 05 22.051     233.1
 2013 04 20 21 36  3.050     2013 04 20 21 39 49.854     226.8
366
 2013 04 20 11 48 52.805     2013 04 20 11 49   .407       7.6
 2013 04 20 20 01 54.784     2013 04 20 20 05 42.393     227.6
367
 2013 04 20 13 24 27.796     2013 04 20 13 27 13.446     165.7
368
 2013 04 20 11 44 31.084     2013 04 20 11 45   .849      29.8
369
 2013 04 20 10 08 52.947     2013 04 20 10 12 39.863     226.9
 2013 04 20 20 07 30.616     2013 04 20 20 10 17.064     166.4
370
 2013 04 20 10 08 36.862     2013 04 20 10 11 44.808     187.9
 2013 04 20 20 08 16.219     2013 04 20 20 10 51.836     155.6
371
 2013 04 20 14 59 27.533     2013 04 20 15 02 54.644     207.1
 2013 04 20 21 35 41.914     2013 04 20 21 39  3.719     201.8
372
 2013 04 20 10 04 20.596     2013 04 20 10 06 56.932     156.3
373
374
 2013 04 20 13 27  4.266     2013 04 20 13 29 42.699     158.4
 2013 04 20 18 25 41.830     2013 04 20 18 25 58.347      16.5
 2013 04 20 20 00 13.770     2013 04 20 20 03 35.309     201.5
375
376
 2013 04 20 21 50 36.621     2013 04 20 21 52   .527      83.9
377
 2013 04 20 11 52 50.923     2013 04 20 11 55 32.498     161.6
 2013 04 20 16 47 36.412     2013 04 20 16 51  6.663     210.3
 2013 04 20 18 25 16.005     2013 04 20 18 26 28.892      72.9
378
379
 2013 04 20 10 10 26.827     2013 04 20 10 13 49.786     203.0
380
 2013 04 20 11 35 48.483     2013 04 20 11 35 47.853       -.6
 2013 04 20 23 23 47.557     2013 04 20 23 26 28.691     161.1
381
 2013 04 20 13 26  1.751     2013 04 20 13 28 39.875     158.1
 2013 04 20 20 00 42.149     2013 04 20 20 03 20.039     157.9
382
 2013 04 20 11 41 58.977     2013 04 20 11 44 35.051     156.1
 2013 04 20 21 44 10.055     2013 04 20 21 47 12.252     182.2
383
 2013 04 20 21 41 26.044     2013 04 20 21 44  1.397     155.4
384
 2013 04 20 11 48 35.579     2013 04 20 11 49 41.017      65.4
385
386
 2013 04 20 11 39  4.719     2013 04 20 11 42 15.273     190.6
387
 2013 04 20 11 50 43.731     2013 04 20 11 51  4.573      20.8
 2013 04 20 20 02 36.061     2013 04 20 20 05 29.636     173.6
388
 2013 04 20 10 09 50.690     2013 04 20 10 12 37.991     167.3
389
 2013 04 20 21 47  7.985     2013 04 20 21 49 53.114     165.1
390
 2013 04 20 20 12 10.494     2013 04 20 20 15  5.307     174.8
391
 2013 04 20 11 44  4.519     2013 04 20 11 46 40.075     155.6
 2013 04 20 21 43  2.795     2013 04 20 21 46 29.376     206.6
392
 2013 04 20 11 47 23.062     2013 04 20 11 51 13.459     230.4
 2013 04 20 20 05 25.470     2013 04 20 20 08  3.557     158.1
393
 2013 04 20 13 25 27.281     2013 04 20 13 28  5.761     158.5
 2013 04 20 20 00 10.646     2013 04 20 20 03  9.844     179.2
394
 2013 04 20 11 50 30.226     2013 04 20 11 54 11.510     221.3
 2013 04 20 13 28 17.100     2013 04 20 13 28 48.728      31.6
 2013 04 20 18 24 44.161     2013 04 20 18 27 29.058     164.9
395
396
 2013 04 20 18 27 40.010     2013 04 20 18 30 37.214     177.2
397
 2013 04 20 10 04 53.921     2013 04 20 10 07  9.386     135.5
398
 2013 04 20 21 46 55.760     2013 04 20 21 49 36.623     160.9
399
400
 2013 04 20 11 48 16.370     2013 04 20 11 50 54.565     158.2
 2013 04 20 20 03 54.157     2013 04 20 20 06 33.021     158.9
401
 2013 04 20 13 17  5.452     2013 04 20 13 19 40.134     154.7
 2013 04 20 23 18 35.635     2013 04 20 23 21 15.927     160.3
402
 2013 04 20 10 09 49.122     2013 04 20 10 13 21.318     212.2
 2013 04 20 20 06 50.870     2013 04 20 20 10 35.386     224.5
403
404
 2013 04 20 15 02 41.772     2013 04 20 15 05 20.167     158.4
 2013 04 20 19 57 39.385     2013 04 20 20 00 35.819     176.4
405
 2013 04 20 10 07 25.440     2013 04 20 10 10 28.907     183.5
 2013 04 20 20 10 15.005     2013 04 20 20 12 53.868     158.9
406
 2013 04 20 14 59 36.283     2013 04 20 14 59 54.494      18.2
 2013 04 20 21 36 27.778     2013 04 20 21 39 18.009     170.2
407
408
409
410
 2013 04 20 13 23 54.277     2013 04 20 13 26 30.966     156.7
 2013 04 20 21 37 51.848     2013 04 20 21 41 40.456     228.6
411
 2013 04 20 11 46  8.528     2013 04 20 11 46 28.327      19.8
 2013 04 20 21 42 15.860     2013 04 20 21 45  1.090     165.2
412
413
 2013 04 20 11 43 16.063     2013 04 20 11 46 40.498     204.4
 2013 04 20 21 44  4.242     2013 04 20 21 47 32.416     208.2
414
 2013 04 20 11 49 40.077     2013 04 20 11 52 57.049     197.0
415
 2013 04 20 11 44 37.078     2013 04 20 11 47 53.066     196.0
416
 2013 04 20 13 12 15.206     2013 04 20 13 15 52.403     217.2
417
 2013 04 20 13 18 21.332     2013 04 20 13 21 43.232     201.9
 2013 04 20 23 18  4.404     2013 04 20 23 18 21.724      17.3
418
 2013 04 20 11 48 16.455     2013 04 20 11 48 55.582      39.1
419
 2013 04 20 11 47 29.548     2013 04 20 11 50  7.926     158.4
 2013 04 20 20 03 55.297     2013 04 20 20 06 46.345     171.0
420
421
 2013 04 20 15 01  5.751     2013 04 20 15 03 43.253     157.5
 2013 04 20 21 35 11.544     2013 04 20 21 37 56.641     165.1
422
 2013 04 20 15 00  8.010     2013 04 20 15 03 38.754     210.7
 2013 04 20 21 36 10.039     2013 04 20 21 38 50.598     160.6
423
 2013 04 20 11 43 24.726     2013 04 20 11 46 17.252     172.5
 2013 04 20 21 43 53.511     2013 04 20 21 46 58.900     185.4
424
 2013 04 20 20 12 13.681     2013 04 20 20 14 50.968     157.3
425
 2013 04 20 10 06  6.870     2013 04 20 10 08 40.959     154.1
426
 2013 04 20 11 50 28.517     2013 04 20 11 50 57.911      29.4
 2013 04 20 18 27 17.245     2013 04 20 18 30  7.987     170.7
427
 2013 04 20 15 00 31.194     2013 04 20 15 03 45.168     194.0
 2013 04 20 21 34 18.530     2013 04 20 21 36 58.828     160.3
428
 2013 04 20 23 20 16.092     2013 04 20 23 23  2.251     166.2
429
 2013 04 20 13 20  1.651     2013 04 20 13 20 58.200      56.5
 2013 04 20 23 16 56.777     2013 04 20 23 19 39.699     162.9
430
 2013 04 20 11 38 52.389     2013 04 20 11 41 26.225     153.8
431
432
 2013 04 20 23 25 12.805     2013 04 20 23 25 33.572      20.8
433
 2013 04 20 14 59 51.615     2013 04 20 15 02 30.264     158.6
 2013 04 20 21 34 37.181     2013 04 20 21 37 47.680     190.5
434
 2013 04 20 11 42 23.536     2013 04 20 11 46  5.936     222.4
 2013 04 20 21 44 53.192     2013 04 20 21 47 41.402     168.2
435
 2013 04 20 13 27 17.628     2013 04 20 13 30  5.204     167.6
 2013 04 20 18 22   .295     2013 04 20 18 25 30.056     209.8
 2013 04 20 19 59 42.616     2013 04 20 20 03 34.868     232.3
436
 2013 04 20 23 21 28.619     2013 04 20 23 22 20.387      51.8
437
 2013 04 20 11 42 35.858     2013 04 20 11 45 34.718     178.9
 2013 04 20 21 43 10.244     2013 04 20 21 45 53.129     162.9
438
 2013 04 20 11 42 47.466     2013 04 20 11 46  2.210     194.7
 2013 04 20 21 42 52.943     2013 04 20 21 45 29.724     156.8
439
 2013 04 20 10 04 13.677     2013 04 20 10 06 50.650     157.0
440
 2013 04 20 10 09   .233     2013 04 20 10 11 57.595     177.4
 2013 04 20 20 09 10.745     2013 04 20 20 12 32.543     201.8
441
 2013 04 20 21 41 31.017     2013 04 20 21 44  9.609     158.6
442
 2013 04 20 21 47  2.135     2013 04 20 21 50  7.838     185.7
443
 2013 04 20 13 24 14.281     2013 04 20 13 27   .726     166.4
444
445
 2013 04 20 11 51  9.144     2013 04 20 11 53 49.065     159.9
 2013 04 20 18 26  7.359     2013 04 20 18 28 53.866     166.5
446
 2013 04 20 11 40 28.798     2013 04 20 11 43 52.344     203.5
 2013 04 20 21 47 47.063     2013 04 20 21 48 54.501      67.4
447
 2013 04 20 11 40 12.835     2013 04 20 11 42 51.913     159.1
448
 2013 04 20 15 02 28.157     2013 04 20 15 05 11.502     163.3
 2013 04 20 19 57 36.533     2013 04 20 20 00 51.564     195.0
449
 2013 04 20 13 25 41.826     2013 04 20 13 28 22.833     161.0
 2013 04 20 20 00 43.362     2013 04 20 20 03 30.897     167.5
450
 2013 04 20 10 15 29.822     2013 04 20 10 15 41.831      12.0
 2013 04 20 18 30 41.076     2013 04 20 18 31 36.155      55.1
451
 2013 04 20 14 58  8.896     2013 04 20 15 01 37.757     208.9
452
 2013 04 20 20 05 27.840     2013 04 20 20 06 58.987      91.1
453
 2013 04 20 23 14 53.446     2013 04 20 23 18  8.837     195.4
454
 2013 04 20 10 08 15.136     2013 04 20 10 10 57.945     162.8
 2013 04 20 20 09 39.758     2013 04 20 20 12 14.864     155.1
455
 2013 04 20 20 14 17.503     2013 04 20 20 15 32.714      75.2
456
 2013 04 20 11 42 33.124     2013 04 20 11 45  8.001     154.9
 2013 04 20 21 43 51.917     2013 04 20 21 46 33.297     161.4
457
 2013 04 20 13 15 15.613     2013 04 20 13 17 49.676     154.1
458
 2013 04 20 13 14 36.817     2013 04 20 13 17 31.679     174.9
459
 2013 04 20 21 50  5.169     2013 04 20 21 50 45.134      40.0
460
 2013 04 20 13 23 10.264     2013 04 20 13 26 39.395     209.1
 2013 04 20 21 37 13.481     2013 04 20 21 40 21.697     188.2
461
 2013 04 20 21 36 28.037     2013 04 20 21 39 35.807     187.8
462
 2013 04 20 11 50 22.358     2013 04 20 11 50 36.674      14.3
 2013 04 20 18 27 17.329     2013 04 20 18 30 11.953     174.6
463
 2013 04 20 20 14 58.165     2013 04 20 20 15 16.383      18.2
464
 2013 04 20 13 19 22.254     2013 04 20 13 22 57.898     215.6
465
 2013 04 20 13 16 22.896     2013 04 20 13 18 59.256     156.4
 2013 04 20 23 18 44.261     2013 04 20 23 21 56.916     192.7
466
 2013 04 20 20 06 19.920     2013 04 20 20 08 59.181     159.3
467
 2013 04 20 10 03 18.850     2013 04 20 10 05 55.997     157.1
 2013 04 20 21 48 53.656     2013 04 20 21 50 15.529      81.9
468
 2013 04 20 13 13  2.209     2013 04 20 13 16 11.224     189.0
469
 2013 04 20 23 21 15.055     2013 04 20 23 24 29.135     194.1
470
 2013 04 20 11 38 14.553     2013 04 20 11 38 33.167      18.6
471
 2013 04 20 13 22 45.641     2013 04 20 13 26 16.133     210.5
 2013 04 20 21 39 25.594     2013 04 20 21 42 32.804     187.2
472
 2013 04 20 11 46 36.965     2013 04 20 11 49 58.437     201.5
 2013 04 20 20 02 50.587     2013 04 20 20 06 30.320     219.7
473
 2013 04 20 13 28  3.099     2013 04 20 13 30 45.616     162.5
 2013 04 20 18 23 10.309     2013 04 20 18 26 14.557     184.2
474
 2013 04 20 13 16 49.681     2013 04 20 13 20  5.038     195.4
 2013 04 20 23 17 29.400     2013 04 20 23 20 26.527     177.1
475
 2013 04 20 10 11   .453     2013 04 20 10 13 36.659     156.2
476
 2013 04 20 23 22 14.050     2013 04 20 23 25 54.362     220.3
477
 2013 04 20 13 15 37.431     2013 04 20 13 18 11.896     154.5
478
 2013 04 20 11 47 52.346     2013 04 20 11 51 11.720     199.4
 2013 04 20 20 05   .038     2013 04 20 20 07 43.256     163.2
479
 2013 04 20 10 09 34.340     2013 04 20 10 12 10.408     156.1
 2013 04 20 20 08 14.271     2013 04 20 20 11 37.517     203.2
480
 2013 04 20 11 45 44.556     2013 04 20 11 48 38.294     173.7
481
 2013 04 20 20 11 50.884     2013 04 20 20 12  2.075      11.2
482
483
 2013 04 20 10 09 36.877     2013 04 20 10 12 31.837     175.0
 2013 04 20 20 07 42.684     2013 04 20 20 11  4.299     201.6
484
 2013 04 20 13 27 56.481     2013 04 20 13 28 22.395      25.9
 2013 04 20 15 02 15.350     2013 04 20 15 03 15.671      60.3
 2013 04 20 19 58 39.995     2013 04 20 20 02   .733     200.7
485
 2013 04 20 10 10 39.466     2013 04 20 10 11 21.988      42.5
486
 2013 04 20 10 13 41.653     2013 04 20 10 14 17.542      35.9
487
488
 2013 04 20 13 16 43.973     2013 04 20 13 19 57.530     193.6
 2013 04 20 23 19 27.317     2013 04 20 23 22  1.423     154.1
489
 2013 04 20 11 39 59.834     2013 04 20 11 43 29.987     210.2
490
 2013 04 20 21 41 23.683     2013 04 20 21 43 59.405     155.7
491
 2013 04 20 11 40 17.834     2013 04 20 11 43 37.346     199.5
492
 2013 04 20 13 14 36.172     2013 04 20 13 18  7.162     211.0
493
 2013 04 20 11 49 28.404     2013 04 20 11 52 22.375     174.0
494
 2013 04 20 10 05 11.840     2013 04 20 10 07 45.879     154.0
495
 2013 04 20 13 22 23.069     2013 04 20 13 25 55.282     212.2
 2013 04 20 21 37 35.277     2013 04 20 21 40 11.878     156.6
496
 2013 04 20 11 39 24.398     2013 04 20 11 42 57.660     213.3
497
 2013 04 20 11 38 54.793     2013 04 20 11 42 10.883     196.1
498
 2013 04 20 15 02  2.783     2013 04 20 15 05 54.207     231.4
 2013 04 20 19 58 17.454     2013 04 20 20 01 58.003     220.5
499
 2013 04 20 23 21  5.099     2013 04 20 23 23 21.286     136.2
500
 2013 04 20 10 09 13.707     2013 04 20 10 10 14.043      60.3
501
 2013 04 20 20 05  1.954     2013 04 20 20 05 39.860      37.9
502
 2013 04 20 13 27  7.708     2013 04 20 13 29 45.927     158.2
 2013 04 20 20 00 26.897     2013 04 20 20 03 50.587     203.7
503
504
 2013 04 20 10 08 56.654     2013 04 20 10 11 37.188     160.5
 2013 04 20 20 09  8.026     2013 04 20 20 12  6.349     178.3
505
 2013 04 20 13 26 19.402     2013 04 20 13 26 44.967      25.6
 2013 04 20 20 01 54.128     2013 04 20 20 05   .394     186.3
506
 2013 04 20 13 18 57.171     2013 04 20 13 21 35.975     158.8
 2013 04 20 23 17  1.306     2013 04 20 23 20 40.858     219.6
507
 2013 04 20 13 16 56.304     2013 04 20 13 19 30.884     154.6
 2013 04 20 23 18 35.911     2013 04 20 23 21 21.973     166.1
508
 2013 04 20 20 05 26.187     2013 04 20 20 06 57.916      91.7
509
 2013 04 20 21 45   .003     2013 04 20 21 45  1.115       1.1
510
 2013 04 20 21 36 39.224     2013 04 20 21 40 27.769     228.5
511
 2013 04 20 11 43   .658     2013 04 20 11 45 39.107     158.4
 2013 04 20 21 43 32.904     2013 04 20 21 46  7.373     154.5
512
 2013 04 20 20 15 23.908     2013 04 20 20 16 23.551      59.6
513
 2013 04 20 13 24  3.304     2013 04 20 13 26 40.482     157.2
 2013 04 20 21 37 39.430     2013 04 20 21 38 23.904      44.5
514
 2013 04 20 13 21 28.268     2013 04 20 13 24 48.147     199.9
 2013 04 20 21 39 40.948     2013 04 20 21 42 33.085     172.1
515
 2013 04 20 11 45 45.050     2013 04 20 11 46 13.971      28.9
 2013 04 20 20 05 20.583     2013 04 20 20 09  1.950     221.4
516
 2013 04 20 20 12  7.238     2013 04 20 20 14 40.917     153.7
517
518
 2013 04 20 13 25 11.823     2013 04 20 13 27 48.929     157.1
 2013 04 20 20 00  9.083     2013 04 20 20 03 29.935     200.9
519
 2013 04 20 13 21 50.903     2013 04 20 13 24 40.239     169.3
 2013 04 20 21 38  7.777     2013 04 20 21 41  9.450     181.7
520
 2013 04 20 13 27 11.778     2013 04 20 13 29 50.431     158.7
 2013 04 20 18 26   .606     2013 04 20 18 26 15.774      15.2
 2013 04 20 20 00 26.426     2013 04 20 20 03 55.910     209.5
521
522
 2013 04 20 13 21 11.191     2013 04 20 13 24 29.119     197.9
 2013 04 20 21 37 26.655     2013 04 20 21 41  8.458     221.8
523
524
 2013 04 20 11 43 31.698     2013 04 20 11 46 36.134     184.4
 2013 04 20 21 42 41.198     2013 04 20 21 45 25.591     164.4
525
 2013 04 20 21 47 22.947     2013 04 20 21 49 56.518     153.6
526
 2013 04 20 23 20 10.414     2013 04 20 23 23 40.921     210.5
527
 2013 04 20 11 46 52.316     2013 04 20 11 47 28.276      36.0
 2013 04 20 20 05 39.328     2013 04 20 20 08 15.832     156.5
528
 2013 04 20 20 05 43.092     2013 04 20 20 08 24.825     161.7
529
 2013 04 20 13 19 50.162     2013 04 20 13 19 53.160       3.0
530
 2013 04 20 20 12 19.980     2013 04 20 20 15  7.452     167.5
531
 2013 04 20 20 07 35.573     2013 04 20 20 10 39.234     183.7
532
 2013 04 20 11 47 35.833     2013 04 20 11 51 19.853     224.0
 2013 04 20 20 02 54.576     2013 04 20 20 05 31.382     156.8
533
 2013 04 20 23 16 37.472     2013 04 20 23 19 46.772     189.3
534
 2013 04 20 11 41 27.977     2013 04 20 11 44  8.609     160.6
 2013 04 20 21 46 22.216     2013 04 20 21 47 21.638      59.4
535
 2013 04 20 13 21 21.269     2013 04 20 13 24 21.190     179.9
 2013 04 20 21 37 43.960     2013 04 20 21 41 20.100     216.1
536
 2013 04 20 10 02 52.797     2013 04 20 10 05 34.823     162.0
 2013 04 20 21 49 41.706     2013 04 20 21 51   .300      78.6
537
538
 2013 04 20 13 23  8.412     2013 04 20 13 26 13.406     185.0
 2013 04 20 21 37 39.943     2013 04 20 21 40 36.560     176.6
539
 2013 04 20 13 28 26.636     2013 04 20 13 31 16.652     170.0
 2013 04 20 18 23 41.407     2013 04 20 18 26 27.192     165.8
540
 2013 04 20 11 45 29.067     2013 04 20 11 48 55.923     206.9
541
 2013 04 20 21 39 51.912     2013 04 20 21 40 36.037      44.1
542
 2013 04 20 21 46  6.894     2013 04 20 21 48 48.285     161.4
543
544
 2013 04 20 11 38 23.088     2013 04 20 11 41 13.467     170.4
545
 2013 04 20 10 02 42.160     2013 04 20 10 05 21.313     159.2
 2013 04 20 21 49 53.079     2013 04 20 21 53 25.887     212.8
546
 2013 04 20 13 26 48.798     2013 04 20 13 29 32.657     163.9
 2013 04 20 20 00  6.262     2013 04 20 20 03 13.565     187.3
547
 2013 04 20 13 18 12.396     2013 04 20 13 20 56.842     164.4
 2013 04 20 23 17 34.535     2013 04 20 23 20 23.020     168.5
548
 2013 04 20 23 21 44.900     2013 04 20 23 24 28.389     163.5
549
 2013 04 20 21 46 36.300     2013 04 20 21 49 24.622     168.3
550
 2013 04 20 11 36 22.931     2013 04 20 11 39 45.887     203.0
 2013 04 20 23 23 57.927     2013 04 20 23 26 31.249     153.3
551
 2013 04 20 21 45 42.387     2013 04 20 21 48 18.412     156.0
552
 2013 04 20 15 00 23.578     2013 04 20 15 03 42.082     198.5
 2013 04 20 16 37 58.225     2013 04 20 16 38  5.345       7.1
 2013 04 20 21 34 15.273     2013 04 20 21 36 53.932     158.7
553
 2013 04 20 13 22 32.564     2013 04 20 13 25 29.700     177.1
 2013 04 20 21 39 19.119     2013 04 20 21 41 57.957     158.8
554
 2013 04 20 15 01 10.583     2013 04 20 15 04 23.341     192.8
 2013 04 20 21 35 54.793     2013 04 20 21 38 54.002     179.2
555
 2013 04 20 15 02  3.890     2013 04 20 15 05 11.344     187.5
 2013 04 20 19 57 37.136     2013 04 20 20 01 26.642     229.5
 2013 04 20 21 35 20.190     2013 04 20 21 35 26.009       5.8
556
 2013 04 20 13 17 38.239     2013 04 20 13 20 38.450     180.2
 2013 04 20 23 18 48.207     2013 04 20 23 21 40.681     172.5
557
 2013 04 20 11 46 22.743     2013 04 20 11 49 47.057     204.3
 2013 04 20 20 05 46.005     2013 04 20 20 06 41.025      55.0
558
 2013 04 20 13 25 22.221     2013 04 20 13 28  3.329     161.1
 2013 04 20 20 00  1.856     2013 04 20 20 03  4.199     182.3
559
 2013 04 20 10 04  2.894     2013 04 20 10 07 34.070     211.2
560
 2013 04 20 15 00 55.731     2013 04 20 15 04 24.950     209.2
 2013 04 20 21 36  9.620     2013 04 20 21 39   .911     171.3
561
 2013 04 20 14 59  1.111     2013 04 20 15 01 38.498     157.4
562
 2013 04 20 10 02 42.390     2013 04 20 10 05 23.320     160.9
 2013 04 20 21 49 53.425     2013 04 20 21 53 29.853     216.4
563
 2013 04 20 11 50 19.487     2013 04 20 11 50 31.053      11.6
 2013 04 20 18 27 16.303     2013 04 20 18 30 13.401     177.1
564
 2013 04 20 13 13  5.131     2013 04 20 13 16 11.861     186.7
565
 2013 04 20 20 07  2.821     2013 04 20 20 10 43.964     221.1
566
 2013 04 20 10 03 53.090     2013 04 20 10 06 57.027     183.9
567
 2013 04 20 20 12 10.436     2013 04 20 20 15  1.874     171.4
568
 2013 04 20 13 21 44.178     2013 04 20 13 24 27.771     163.6
 2013 04 20 21 38 12.287     2013 04 20 21 41 23.486     191.2
569
 2013 04 20 10 04 10.114     2013 04 20 10 06 43.802     153.7
570
 2013 04 20 11 40 26.900     2013 04 20 11 41 21.687      54.8
 2013 04 20 23 22 37.940     2013 04 20 23 25 52.318     194.4
571
 2013 04 20 20 02 10.949     2013 04 20 20 05 16.641     185.7
572
 2013 04 20 11 37 38.665     2013 04 20 11 41 14.131     215.5
573
 2013 04 20 21 47  7.331     2013 04 20 21 49 44.315     157.0
574
 2013 04 20 20 02 19.655     2013 04 20 20 04 58.205     158.5
575
 2013 04 20 13 25 35.746     2013 04 20 13 29 23.257     227.5
 2013 04 20 20 01 49.255     2013 04 20 20 04 26.715     157.5
576
 2013 04 20 13 21 53.307     2013 04 20 13 24 30.394     157.1
 2013 04 20 21 38 49.058     2013 04 20 21 41 46.858     177.8
577
 2013 04 20 14 59  6.658     2013 04 20 15 02 23.841     197.2
 2013 04 20 21 35 12.245     2013 04 20 21 35 17.945       5.7
578
 2013 04 20 20 07   .408     2013 04 20 20 09 51.895     171.5
579
 2013 04 20 11 43  4.690     2013 04 20 11 43 12.957       8.3
580
 2013 04 20 20 07 20.425     2013 04 20 20 10  3.771     163.3
581
 2013 04 20 21 41 52.263     2013 04 20 21 44 30.775     158.5
582
 2013 04 20 11 41 13.853     2013 04 20 11 44 48.277     214.4
 2013 04 20 21 45 17.049     2013 04 20 21 48  8.515     171.5
583
 2013 04 20 13 23 47.989     2013 04 20 13 27 32.905     224.9
584
 2013 04 20 11 38 25.939     2013 04 20 11 41   .773     154.8
585
 2013 04 20 10 01 57.932     2013 04 20 10 04 57.969     180.0
 2013 04 20 21 49 40.585     2013 04 20 21 52 15.118     154.5
586
 2013 04 20 13 18 21.085     2013 04 20 13 21 27.104     186.0
 2013 04 20 23 17  1.788     2013 04 20 23 19 58.214     176.4
587
 2013 04 20 15 00 12.378     2013 04 20 15 03 59.130     226.8
 2013 04 20 21 36 23.395     2013 04 20 21 39   .524     157.1
588
 2013 04 20 10 08  7.242     2013 04 20 10 11 14.414     187.2
 2013 04 20 20 09 58.907     2013 04 20 20 12 39.870     161.0
589
 2013 04 20 15 02 31.776     2013 04 20 15 05 16.338     164.6
 2013 04 20 19 57 42.082     2013 04 20 20 00 53.316     191.2
590
 2013 04 20 13 24 23.684     2013 04 20 13 27 32.628     188.9
591
 2013 04 20 11 38 31.466     2013 04 20 11 41 13.324     161.9
592
 2013 04 20 20 02  7.459     2013 04 20 20 04 46.153     158.7
593
 2013 04 20 11 39 31.794     2013 04 20 11 42 12.652     160.9
594
 2013 04 20 13 20 17.980     2013 04 20 13 22 56.576     158.6
595
 2013 04 20 10 04 53.819     2013 04 20 10 08 24.824     211.0
596
 2013 04 20 11 49 20.474     2013 04 20 11 49 26.855       6.4
597
 2013 04 20 10 03  6.104     2013 04 20 10 06 42.085     216.0
598
 2013 04 20 20 07  8.337     2013 04 20 20 10 13.854     185.5
599
 2013 04 20 13 23 35.675     2013 04 20 13 26 12.400     156.7
 2013 04 20 21 38 13.248     2013 04 20 21 41 35.879     202.6
600
 2013 04 20 13 19 38.970     2013 04 20 13 22 18.292     159.3
601
 2013 04 20 13 21 59.373     2013 04 20 13 22 24.550      25.2
 2013 04 20 23 16  7.977     2013 04 20 23 19 12.338     184.4
602
 2013 04 20 13 15  1.252     2013 04 20 13 17 42.598     161.3
603
 2013 04 20 11 50 20.070     2013 04 20 11 53 38.366     198.3
 2013 04 20 18 24 45.783     2013 04 20 18 27 52.955     187.2
604
 2013 04 20 10 09 44.815     2013 04 20 10 09 50.903       6.1
605
 2013 04 20 13 22 43.828     2013 04 20 13 25 40.029     176.2
 2013 04 20 21 38  2.319     2013 04 20 21 40 40.415     158.1
606
 2013 04 20 13 22 45.035     2013 04 20 13 26  5.221     200.2
 2013 04 20 21 37 37.865     2013 04 20 21 40 20.381     162.5
607
 2013 04 20 11 44 28.584     2013 04 20 11 48  3.403     214.8
 2013 04 20 21 41 16.641     2013 04 20 21 42 46.804      90.2
608
 2013 04 20 13 26   .467     2013 04 20 13 29  5.090     184.6
 2013 04 20 19 59 52.200     2013 04 20 20 02 31.630     159.4
609
610
 2013 04 20 11 52 46.463     2013 04 20 11 55 24.359     157.9
 2013 04 20 16 47 35.317     2013 04 20 16 51 23.086     227.8
 2013 04 20 18 25 33.415     2013 04 20 18 29 18.407     225.0
611
 2013 04 20 13 24  7.281     2013 04 20 13 26 59.478     172.2
612
 2013 04 20 21 46   .877     2013 04 20 21 49 34.043     213.2
613
 2013 04 20 11 52  3.973     2013 04 20 11 55   .000     176.0
 2013 04 20 16 50 52.585     2013 04 20 16 50 53.923       1.3
 2013 04 20 18 25 17.839     2013 04 20 18 28 22.277     184.4
614
 2013 04 20 10 07 57.130     2013 04 20 10 10 40.535     163.4
 2013 04 20 20 08 55.829     2013 04 20 20 11 41.465     165.6
615
 2013 04 20 13 23 49.034     2013 04 20 13 27 19.515     210.5
 2013 04 20 21 36 37.235     2013 04 20 21 37 11.851      34.6
616
 2013 04 20 23 23 18.485     2013 04 20 23 26 24.839     186.4
617
 2013 04 20 13 24 41.333     2013 04 20 13 28 10.496     209.2
 2013 04 20 20 00 59.610     2013 04 20 20 04 37.847     218.2
618
619
 2013 04 20 21 45 31.147     2013 04 20 21 48 16.005     164.9
620
 2013 04 20 20 05 36.739     2013 04 20 20 09 10.254     213.5
621
 2013 04 20 13 13  1.142     2013 04 20 13 13  6.169       5.0
622
 2013 04 20 13 17 46.030     2013 04 20 13 20 37.513     171.5
 2013 04 20 23 17 42.202     2013 04 20 23 20 17.621     155.4
623
 2013 04 20 11 37 47.062     2013 04 20 11 40 30.942     163.9
624
 2013 04 20 13 18 58.557     2013 04 20 13 22 20.264     201.7
625
 2013 04 20 13 18 52.218     2013 04 20 13 21 27.312     155.1
 2013 04 20 23 17 17.344     2013 04 20 23 20 56.096     218.8
626
 2013 04 20 21 45 58.833     2013 04 20 21 49 34.095     215.3
627
 2013 04 20 13 16  7.636     2013 04 20 13 19 43.735     216.1
 2013 04 20 23 19 50.581     2013 04 20 23 22 28.748     158.2
628
 2013 04 20 14 57 48.311     2013 04 20 15 01 21.604     213.3
 2013 04 20 23 13 35.532     2013 04 20 23 17 24.837     229.3
629
 2013 04 20 10 02 17.445     2013 04 20 10 05 29.217     191.8
 2013 04 20 21 49 15.082     2013 04 20 21 51 57.761     162.7
630
 2013 04 20 13 27  3.491     2013 04 20 13 30  7.942     184.5
 2013 04 20 20 01  1.757     2013 04 20 20 04 31.409     209.7
631
 2013 04 20 10 07 12.151     2013 04 20 10 09 48.791     156.6
 2013 04 20 20 09 36.359     2013 04 20 20 12 51.125     194.8
632
 2013 04 20 13 27 10.922     2013 04 20 13 29 59.013     168.1
 2013 04 20 20 00 43.905     2013 04 20 20 04 15.637     211.7
633
 2013 04 20 14 58 52.883     2013 04 20 15 01 37.685     164.8
634
 2013 04 20 15 00  7.444     2013 04 20 15 02 52.582     165.1
 2013 04 20 21 34 37.561     2013 04 20 21 37 26.530     169.0
635
 2013 04 20 13 17  4.980     2013 04 20 13 20 30.074     205.1
 2013 04 20 23 17 21.210     2013 04 20 23 20  5.079     163.9
636
 2013 04 20 13 24 12.113     2013 04 20 13 26 54.190     162.1
637
 2013 04 20 13 21 14.356     2013 04 20 13 23 51.896     157.5
 2013 04 20 21 38  7.943     2013 04 20 21 38 27.145      19.2
638
 2013 04 20 10 08 38.725     2013 04 20 10 11 16.701     158.0
 2013 04 20 20 09 19.444     2013 04 20 20 12  1.233     161.8
639
 2013 04 20 21 47 40.406     2013 04 20 21 50 39.990     179.6
640
641
 2013 04 20 13 25  9.175     2013 04 20 13 27 47.255     158.1
 2013 04 20 19 59 58.085     2013 04 20 20 03 20.152     202.1
642
 2013 04 20 13 15 36.818     2013 04 20 13 19 18.710     221.9
 2013 04 20 23 19 56.774     2013 04 20 23 22 52.789     176.0
643
 2013 04 20 11 45 11.010     2013 04 20 11 48  3.227     172.2
644
 2013 04 20 20 07  4.043     2013 04 20 20 09 54.160     170.1
645
 2013 04 20 13 27 24.154     2013 04 20 13 30  1.815     157.7
 2013 04 20 18 22 15.652     2013 04 20 18 26  1.810     226.2
 2013 04 20 20 00 10.218     2013 04 20 20 03 59.583     229.4
646
 2013 04 20 11 50  7.869     2013 04 20 11 52 46.836     159.0
 2013 04 20 18 24 56.645     2013 04 20 18 24 58.152       1.5
647
 2013 04 20 10 07 14.131     2013 04 20 10 07 55.824      41.7
 2013 04 20 20 10 46.413     2013 04 20 20 13 23.349     156.9
648
 2013 04 20 21 47  3.926     2013 04 20 21 50 49.930     226.0
649
 2013 04 20 10 06 44.026     2013 04 20 10 10 11.361     207.3
 2013 04 20 20 10 37.387     2013 04 20 20 13 30.083     172.7
650
 2013 04 20 10 09 52.535     2013 04 20 10 12 45.501     173.0
651
 2013 04 20 11 38 21.523     2013 04 20 11 41 39.886     198.4
652
 2013 04 20 11 42 48.246     2013 04 20 11 43 16.745      28.5
653
654
 2013 04 20 21 41 19.793     2013 04 20 21 43 55.379     155.6
655
 2013 04 20 11 51 22.483     2013 04 20 11 54 47.973     205.5
 2013 04 20 18 27  2.296     2013 04 20 18 29 39.577     157.3
656
 2013 04 20 13 12 20.015     2013 04 20 13 15 26.770     186.8
657
 2013 04 20 11 50 13.648     2013 04 20 11 52 51.288     157.6
 2013 04 20 18 25  5.887     2013 04 20 18 25 57.525      51.6
658
 2013 04 20 13 25 52.679     2013 04 20 13 29 20.222     207.5
 2013 04 20 15 03 36.943     2013 04 20 15 05  2.102      85.2
 2013 04 20 19 59 33.999     2013 04 20 20 02 16.110     162.1
659
 2013 04 20 13 25 42.987     2013 04 20 13 28 46.310     183.3
 2013 04 20 20 01 14.401     2013 04 20 20 03 56.012     161.6
660
 2013 04 20 13 20 37.084     2013 04 20 13 23 18.783     161.7
661
662
 2013 04 20 10 04 19.762     2013 04 20 10 07 23.918     184.2
663
 2013 04 20 11 40 51.290     2013 04 20 11 43 26.351     155.1
664
 2013 04 20 21 40 27.134     2013 04 20 21 43 17.451     170.3
665
 2013 04 20 10 02 34.776     2013 04 20 10 06  4.412     209.6
 2013 04 20 21 48 43.438     2013 04 20 21 51 39.788     176.4
666
 2013 04 20 10 06 35.199     2013 04 20 10 09 32.593     177.4
667
 2013 04 20 13 22 43.937     2013 04 20 13 26 10.556     206.6
 2013 04 20 21 37 32.531     2013 04 20 21 40 15.836     163.3
668
 2013 04 20 15 01 48.400     2013 04 20 15 05 15.658     207.3
 2013 04 20 20 01 27.045     2013 04 20 20 01 47.206      20.2
 2013 04 20 21 35 40.553     2013 04 20 21 36 32.997      52.4
669
 2013 04 20 10 04 44.717     2013 04 20 10 07 57.224     192.5
670
 2013 04 20 10 07 12.333     2013 04 20 10 10 48.211     215.9
 2013 04 20 20 08   .746     2013 04 20 20 11 25.899     205.2
671
 2013 04 20 21 46 39.806     2013 04 20 21 49 49.247     189.4
672
 2013 04 20 13 16  8.648     2013 04 20 13 19 17.354     188.7
 2013 04 20 23 17 26.821     2013 04 20 23 21 14.566     227.7
673
 2013 04 20 13 16 51.983     2013 04 20 13 19 26.490     154.5
 2013 04 20 23 18 30.193     2013 04 20 23 21 21.438     171.2
674
 2013 04 20 15 01 56.172     2013 04 20 15 04 35.882     159.7
 2013 04 20 19 56 42.282     2013 04 20 20 00 21.525     219.2
 2013 04 20 21 34 32.108     2013 04 20 21 38 21.998     229.9
675
676
 2013 04 20 11 41 31.160     2013 04 20 11 44 15.913     164.8
 2013 04 20 21 45 53.915     2013 04 20 21 47 11.974      78.1
677
 2013 04 20 21 44 10.713     2013 04 20 21 44 32.961      22.2
678
 2013 04 20 21 46 17.028     2013 04 20 21 48 51.720     154.7
679
 2013 04 20 13 26 29.948     2013 04 20 13 29 59.604     209.7
 2013 04 20 20 01 32.665     2013 04 20 20 04 32.386     179.7
680
 2013 04 20 23 22 18.505     2013 04 20 23 24 56.135     157.6
681
 2013 04 20 23 20 44.794     2013 04 20 23 23 33.930     169.1
682
 2013 04 20 13 24  7.677     2013 04 20 13 26 49.865     162.2
683
 2013 04 20 14 59 42.989     2013 04 20 15 02 54.752     191.8
 2013 04 20 21 34  6.170     2013 04 20 21 37  1.987     175.8
684
685
 2013 04 20 10 08 37.117     2013 04 20 10 11 21.366     164.2
 2013 04 20 20 09 26.964     2013 04 20 20 12 12.817     165.9
686
 2013 04 20 13 23 25.799     2013 04 20 13 27  7.074     221.3
687
 2013 04 20 23 22 32.647     2013 04 20 23 25 10.614     158.0
688
 2013 04 20 11 42 10.058     2013 04 20 11 44 53.144     163.1
 2013 04 20 21 44 25.886     2013 04 20 21 47 10.344     164.5
689
 2013 04 20 13 22 39.301     2013 04 20 13 22 55.319      16.0
 2013 04 20 21 37  8.716     2013 04 20 21 39 57.030     168.3
690
 2013 04 20 13 26  2.233     2013 04 20 13 29 12.937     190.7
 2013 04 20 20 01 25.469     2013 04 20 20 04  2.732     157.3
691
 2013 04 20 20 05 47.161     2013 04 20 20 08 24.293     157.1
692
 2013 04 20 23 20 36.851     2013 04 20 23 23 37.281     180.4
693
 2013 04 20 21 44 55.905     2013 04 20 21 46 14.587      78.7
694
 2013 04 20 13 22 39.878     2013 04 20 13 25 38.300     178.4
 2013 04 20 21 39 16.769     2013 04 20 21 41 59.835     163.1
695
 2013 04 20 13 19  7.152     2013 04 20 13 21 44.302     157.1
 2013 04 20 23 16 53.747     2013 04 20 23 18  5.100      71.4
696
 2013 04 20 11 37 55.893     2013 04 20 11 41 15.976     200.1
 2013 04 20 23 22 36.896     2013 04 20 23 24 24.144     107.2
697
 2013 04 20 20 11 55.299     2013 04 20 20 15 13.265     198.0
698
699
 2013 04 20 10 02 35.510     2013 04 20 10 06 21.172     225.7
 2013 04 20 21 48 28.450     2013 04 20 21 51 27.002     178.6
700
 2013 04 20 13 14 23.951     2013 04 20 13 17  1.319     157.4
701
 2013 04 20 20 06 46.070     2013 04 20 20 09 46.795     180.7
702
703
 2013 04 20 15 00  5.613     2013 04 20 15 03 26.894     201.3
 2013 04 20 21 34 11.327     2013 04 20 21 36 49.624     158.3
704
 2013 04 20 11 43  3.253     2013 04 20 11 46 29.861     206.6
 2013 04 20 21 44 17.187     2013 04 20 21 47 31.805     194.6
705
 2013 04 20 11 50 19.151     2013 04 20 11 50 42.548      23.4
 2013 04 20 13 28 19.154     2013 04 20 13 32 10.242     231.1
 2013 04 20 18 24 33.172     2013 04 20 18 27 18.879     165.7
706
 2013 04 20 11 50 40.378     2013 04 20 11 51 16.093      35.7
 2013 04 20 18 27 21.734     2013 04 20 18 30  4.330     162.6
707
 2013 04 20 13 13 16.394     2013 04 20 13 16 50.850     214.5
708
 2013 04 20 11 41 16.486     2013 04 20 11 44 50.104     213.6
 2013 04 20 21 46 13.233     2013 04 20 21 46 35.441      22.2
709
 2013 04 20 11 48 16.378     2013 04 20 11 48 30.189      13.8
 2013 04 20 21 40 53.167     2013 04 20 21 42 50.686     117.5
710
711
 2013 04 20 11 45 47.003     2013 04 20 11 48 31.450     164.4
712
 2013 04 20 13 23  3.856     2013 04 20 13 25 53.262     169.4
 2013 04 20 21 38 56.429     2013 04 20 21 41 54.214     177.8
713
 2013 04 20 13 18 32.963     2013 04 20 13 21  9.247     156.3
 2013 04 20 23 17 31.800     2013 04 20 23 20 43.021     191.2
714
 2013 04 20 11 52 22.451     2013 04 20 11 53 13.648      51.2
 2013 04 20 18 27 36.092     2013 04 20 18 27 51.350      15.3
715
 2013 04 20 11 52  8.333     2013 04 20 11 54 59.590     171.3
 2013 04 20 18 25 22.468     2013 04 20 18 28 28.398     185.9
716
 2013 04 20 10 10 22.023     2013 04 20 10 11 31.780      69.8
 2013 04 20 20 07 50.691     2013 04 20 20 10 45.346     174.7
717
 2013 04 20 20 05 15.721     2013 04 20 20 08 35.559     199.8
718
 2013 04 20 11 43 25.988     2013 04 20 11 47  1.632     215.6
 2013 04 20 21 42 15.582     2013 04 20 21 44 59.705     164.1
719
 2013 04 20 13 27 41.164     2013 04 20 13 30 23.394     162.2
 2013 04 20 18 22 27.360     2013 04 20 18 25 36.715     189.4
720
721
 2013 04 20 10 07   .929     2013 04 20 10 09 59.383     178.5
 2013 04 20 20 08 28.179     2013 04 20 20 09 24.259      56.1
722
 2013 04 20 13 20 36.937     2013 04 20 13 24  8.869     211.9
723
 2013 04 20 13 25 54.614     2013 04 20 13 28 33.667     159.1
 2013 04 20 20 00 43.609     2013 04 20 20 03 23.742     160.1
724
 2013 04 20 13 20 12.076     2013 04 20 13 23 37.113     205.0
725
726
 2013 04 20 11 41 47.997     2013 04 20 11 44 42.877     174.9
 2013 04 20 21 43  9.906     2013 04 20 21 46 40.775     210.9
727
 2013 04 20 23 22 30.554     2013 04 20 23 25 10.546     160.0
728
 2013 04 20 14 59 38.756     2013 04 20 15 02 27.267     168.5
 2013 04 20 21 35  5.145     2013 04 20 21 38 32.849     207.7
729
 2013 04 20 11 40 24.794     2013 04 20 11 40 28.596       3.8
730
 2013 04 20 13 19 21.658     2013 04 20 13 20 26.630      65.0
731
 2013 04 20 11 41 24.973     2013 04 20 11 43 59.282     154.3
 2013 04 20 21 43 52.265     2013 04 20 21 44 10.382      18.1
732
 2013 04 20 11 46 30.880     2013 04 20 11 49 12.210     161.3
 2013 04 20 20 04  3.986     2013 04 20 20 04  3.356       -.6
733
 2013 04 20 10 05 45.116     2013 04 20 10 08 19.092     154.0
734
735
 2013 04 20 21 40 41.565     2013 04 20 21 43 31.239     169.7
736
737
 2013 04 20 20 13  9.081     2013 04 20 20 16 21.323     192.2
738
 2013 04 20 13 21 29.300     2013 04 20 13 24  5.150     155.9
 2013 04 20 21 38 28.426     2013 04 20 21 41 59.130     210.7
739
 2013 04 20 10 04 42.661     2013 04 20 10 07 19.074     156.4
740
 2013 04 20 23 16 10.993     2013 04 20 23 19  4.499     173.5
741
 2013 04 20 15 00  3.942     2013 04 20 15 03 49.171     225.2
 2013 04 20 16 37 59.612     2013 04 20 16 41 46.784     227.2
 2013 04 20 21 33 56.976     2013 04 20 21 36 34.916     157.9
742
 2013 04 20 15 00 25.006     2013 04 20 15 03 13.499     168.5
 2013 04 20 21 34 40.851     2013 04 20 21 37 19.233     158.4
743
 2013 04 20 10 09 25.797     2013 04 20 10 12 15.626     169.8
 2013 04 20 20 08 42.443     2013 04 20 20 12 28.454     226.0
744
 2013 04 20 23 21 10.032     2013 04 20 23 24 16.925     186.9
745
 2013 04 20 13 17 56.059     2013 04 20 13 18 20.987      24.9
746
 2013 04 20 13 23  5.751     2013 04 20 13 25 56.232     170.5
 2013 04 20 21 37 59.185     2013 04 20 21 40 49.059     169.9
747
748
 2013 04 20 10 03 14.032     2013 04 20 10 05 48.475     154.4
 2013 04 20 21 49 12.720     2013 04 20 21 49 47.675      35.0
749
 2013 04 20 10 10 23.513     2013 04 20 10 13 28.118     184.6
750
 2013 04 20 20 11  8.103     2013 04 20 20 14 48.148     220.0
751
 2013 04 20 23 20 52.003     2013 04 20 23 24  3.938     191.9
752
753
 2013 04 20 11 46 42.832     2013 04 20 11 49 44.530     181.7
 2013 04 20 20 04 43.235     2013 04 20 20 08  1.353     198.1
754
 2013 04 20 15 02  5.318     2013 04 20 15 04 56.048     170.7
 2013 04 20 19 57 20.654     2013 04 20 20 01  8.612     228.0
 2013 04 20 21 35  7.363     2013 04 20 21 35 40.750      33.4
755
 2013 04 20 10 09 39.314     2013 04 20 10 12 17.393     158.1
 2013 04 20 20 08 22.795     2013 04 20 20 12  8.099     225.3
756
 2013 04 20 20 06 49.737     2013 04 20 20 10 33.596     223.9
757
 2013 04 20 14 59 26.529     2013 04 20 15 02  4.760     158.2
 2013 04 20 21 34 16.544     2013 04 20 21 38  4.017     227.5
758
 2013 04 20 20 02  6.424     2013 04 20 20 05  9.747     183.3
759
 2013 04 20 21 46 46.693     2013 04 20 21 49 53.360     186.7
760
 2013 04 20 13 25 39.599     2013 04 20 13 28 18.317     158.7
 2013 04 20 20 00 36.132     2013 04 20 20 03 25.800     169.7
761
 2013 04 20 15 00 55.084     2013 04 20 15 03 39.499     164.4
 2013 04 20 21 34 48.072     2013 04 20 21 37 30.743     162.7
762
 2013 04 20 11 41 28.543     2013 04 20 11 45  3.288     214.7
 2013 04 20 21 45 16.266     2013 04 20 21 47 57.367     161.1
763
 2013 04 20 11 52 14.842     2013 04 20 11 54 57.501     162.7
 2013 04 20 18 25 34.403     2013 04 20 18 28 41.058     186.7
764
 2013 04 20 10 10 58.367     2013 04 20 10 13 44.833     166.5
765
 2013 04 20 11 42 51.813     2013 04 20 11 46  8.960     197.1
 2013 04 20 21 44 27.301     2013 04 20 21 47 21.991     174.7
766
 2013 04 20 13 27  4.765     2013 04 20 13 28 43.152      98.4
 2013 04 20 18 27 33.801     2013 04 20 18 27 34.476        .7
 2013 04 20 20 01 22.972     2013 04 20 20 01 55.573      32.6
767
 2013 04 20 11 50 45.464     2013 04 20 11 54 35.813     230.3
 2013 04 20 13 28 43.760     2013 04 20 13 32 30.004     226.2
 2013 04 20 18 24 44.721     2013 04 20 18 27 22.301     157.6
768
 2013 04 20 20 05 36.129     2013 04 20 20 05 35.499       -.6
769
 2013 04 20 13 15 18.685     2013 04 20 13 19  4.382     225.7
 2013 04 20 23 19 58.105     2013 04 20 23 23  9.529     191.4
770
 2013 04 20 21 46 56.689     2013 04 20 21 50  4.654     188.0
771
 2013 04 20 13 23 54.989     2013 04 20 13 24 43.233      48.2
 2013 04 20 19 58 22.967     2013 04 20 19 58 28.856       5.9
772
773
 2013 04 20 13 19  1.873     2013 04 20 13 22 50.686     228.8
 2013 04 20 23 15 38.581     2013 04 20 23 16 50.988      72.4
774
 2013 04 20 23 22 14.349     2013 04 20 23 24 48.085     153.7
775
 2013 04 20 21 47 53.364     2013 04 20 21 51 14.319     201.0
776
 2013 04 20 21 46 22.363     2013 04 20 21 49 15.955     173.6
777
778
 2013 04 20 13 21 10.192     2013 04 20 13 23 47.663     157.5
 2013 04 20 21 41 21.870     2013 04 20 21 42  7.890      46.0
779
 2013 04 20 11 42 50.973     2013 04 20 11 45 59.154     188.2
 2013 04 20 21 44 26.391     2013 04 20 21 47 14.121     167.7
780
781
 2013 04 20 15 02 20.869     2013 04 20 15 04 58.614     157.7
 2013 04 20 19 57 14.542     2013 04 20 20 00 29.883     195.3
782
 2013 04 20 11 40 10.640     2013 04 20 11 43 46.069     215.4
783
 2013 04 20 13 25 19.470     2013 04 20 13 25 21.948       2.5
 2013 04 20 21 36 58.491     2013 04 20 21 40 15.319     196.8
784
 2013 04 20 13 15 28.273     2013 04 20 13 18  5.135     156.9
785
 2013 04 20 13 26 39.813     2013 04 20 13 29 36.204     176.4
 2013 04 20 20 01  7.363     2013 04 20 20 04  3.627     176.3
786
 2013 04 20 21 40 59.121     2013 04 20 21 44 23.005     203.9
787
 2013 04 20 18 27 30.087     2013 04 20 18 30 58.364     208.3
788
 2013 04 20 10 01  9.965     2013 04 20 10 04 54.026     224.1
 2013 04 20 21 49 19.287     2013 04 20 21 52  3.515     164.2
789
 2013 04 20 23 20 48.997     2013 04 20 23 23 41.828     172.8
790
 2013 04 20 10 05 18.925     2013 04 20 10 08  6.501     167.6
791
 2013 04 20 21 48 12.339     2013 04 20 21 50 56.755     164.4
792
 2013 04 20 10 07 40.831     2013 04 20 10 10 39.003     178.2
 2013 04 20 20 08 36.866     2013 04 20 20 11 36.339     179.5
793
 2013 04 20 13 25 35.690     2013 04 20 13 28 37.332     181.6
 2013 04 20 19 59 50.759     2013 04 20 20 02 31.517     160.8
794
 2013 04 20 14 58 37.907     2013 04 20 15 01 25.104     167.2
795
 2013 04 20 13 23 18.668     2013 04 20 13 23 23.833       5.2
 2013 04 20 23 15  5.914     2013 04 20 23 15  8.113       2.2
796
797
 2013 04 20 13 22  6.029     2013 04 20 13 25 16.479     190.5
 2013 04 20 21 39 35.783     2013 04 20 21 42 11.669     155.9
798
 2013 04 20 13 13 39.096     2013 04 20 13 16 34.417     175.3
799
800
 2013 04 20 13 24 58.725     2013 04 20 13 28 40.491     221.8
 2013 04 20 20 01 26.323     2013 04 20 20 04 32.917     186.6
801
 2013 04 20 23 22  1.854     2013 04 20 23 24 36.631     154.8
802
 2013 04 20 13 26 21.882     2013 04 20 13 29 28.546     186.7
 2013 04 20 15 03 51.877     2013 04 20 15 03 59.321       7.4
 2013 04 20 19 59 45.968     2013 04 20 20 02 40.251     174.3
803
 2013 04 20 11 41 56.593     2013 04 20 11 43 18.423      81.8
804
 2013 04 20 11 45 28.183     2013 04 20 11 48 12.483     164.3
805
 2013 04 20 18 30  7.107     2013 04 20 18 30 59.421      52.3
806
807
 2013 04 20 13 13 54.669     2013 04 20 13 16 45.477     170.8
808
 2013 04 20 11 43 36.467     2013 04 20 11 46 16.620     160.2
 2013 04 20 21 43 36.785     2013 04 20 21 46 40.198     183.4
809
 2013 04 20 11 45 27.973     2013 04 20 11 48 55.489     207.5
810
 2013 04 20 14 58 55.063     2013 04 20 15 01 34.904     159.8
811
 2013 04 20 23 21 11.672     2013 04 20 23 23 52.388     160.7
812
 2013 04 20 11 40 37.528     2013 04 20 11 43 25.365     167.8
813
 2013 04 20 11 44 12.184     2013 04 20 11 47 33.031     200.8
814
 2013 04 20 23 21  9.765     2013 04 20 23 24 55.872     226.1
815
 2013 04 20 10 02 54.095     2013 04 20 10 03  5.445      11.3
816
 2013 04 20 23 21 51.996     2013 04 20 23 25 11.443     199.4
817
 2013 04 20 11 46 40.440     2013 04 20 11 49 58.652     198.2
 2013 04 20 20 02 54.347     2013 04 20 20 06 30.655     216.3
818
 2013 04 20 13 26 59.926     2013 04 20 13 29 46.706     166.8
 2013 04 20 20 00 48.629     2013 04 20 20 04  4.353     195.7
819
 2013 04 20 13 25  2.208     2013 04 20 13 25 23.848      21.6
 2013 04 20 15 03  4.281     2013 04 20 15 06 50.093     225.8
 2013 04 20 19 59 10.748     2013 04 20 20 01 51.465     160.7
820
 2013 04 20 23 23  4.410     2013 04 20 23 26 38.164     213.8
821
 2013 04 20 11 45 15.424     2013 04 20 11 45 58.614      43.2
822
 2013 04 20 10 08 17.359     2013 04 20 10 10 57.614     160.3
 2013 04 20 20 09 35.561     2013 04 20 20 12 10.508     154.9
823
 2013 04 20 11 52 40.395     2013 04 20 11 55 19.066     158.7
 2013 04 20 16 47 34.432     2013 04 20 16 47 38.440       4.0
 2013 04 20 18 25 50.518     2013 04 20 18 29 24.299     213.8
824
 2013 04 20 15 00  9.681     2013 04 20 15 03 24.221     194.5
 2013 04 20 21 35 56.505     2013 04 20 21 38 39.822     163.3
825
 2013 04 20 13 21 37.547     2013 04 20 13 24 48.908     191.4
 2013 04 20 21 39 35.239     2013 04 20 21 42 24.145     168.9
826
 2013 04 20 21 40 26.988     2013 04 20 21 43 46.889     199.9
827
 2013 04 20 15 01 55.922     2013 04 20 15 04 35.573     159.7
 2013 04 20 19 56 42.044     2013 04 20 20 00 21.807     219.8
 2013 04 20 21 34 32.480     2013 04 20 21 38 21.883     229.4
828
 2013 04 20 11 52  4.070     2013 04 20 11 55 19.766     195.7
 2013 04 20 13 29 46.803     2013 04 20 13 33 35.402     228.6
 2013 04 20 16 46 43.277     2013 04 20 16 50 29.043     225.8
 2013 04 20 18 24 54.672     2013 04 20 18 28 14.350     199.7
829
 2013 04 20 15 00 49.034     2013 04 20 15 04 25.912     216.9
 2013 04 20 16 38 46.053     2013 04 20 16 42 19.332     213.3
 2013 04 20 19 55 28.994     2013 04 20 19 59 22.518     233.5
 2013 04 20 21 33 53.517     2013 04 20 21 36 59.396     185.9
830
 2013 04 20 13 27  1.016     2013 04 20 13 29 40.379     159.4
 2013 04 20 18 25 44.474     2013 04 20 18 25 55.008      10.5
 2013 04 20 20 00 11.641     2013 04 20 20 03 29.989     198.3
831
 2013 04 20 15 00 46.800     2013 04 20 15 04 32.595     225.8
 2013 04 20 21 36 20.961     2013 04 20 21 39 10.511     169.5
832
 2013 04 20 11 39 45.061     2013 04 20 11 42 19.739     154.7
833
 2013 04 20 14 59 58.083     2013 04 20 15 03  4.008     185.9
 2013 04 20 21 34 17.308     2013 04 20 21 37  3.389     166.1
834
 2013 04 20 13 23 46.795     2013 04 20 13 26 31.831     165.0
 2013 04 20 21 38 16.919     2013 04 20 21 42  7.706     230.8
835
 2013 04 20 13 27 19.328     2013 04 20 13 30 22.413     183.1
 2013 04 20 18 22 45.867     2013 04 20 18 22 47.033       1.2
 2013 04 20 20 00 50.749     2013 04 20 20 02 42.272     111.5
836
 2013 04 20 20 06 46.864     2013 04 20 20 09 23.023     156.2
837
 2013 04 20 11 38  8.858     2013 04 20 11 41 25.513     196.7
838
 2013 04 20 14 58 25.566     2013 04 20 15 01 34.574     189.0
839
 2013 04 20 13 20  5.218     2013 04 20 13 22 55.330     170.1
840
 2013 04 20 15 01 56.624     2013 04 20 15 04 34.304     157.7
 2013 04 20 19 56 46.722     2013 04 20 20 00 34.122     227.4
 2013 04 20 21 34 43.467     2013 04 20 21 38 30.388     226.9
841
 2013 04 20 10 10 27.169     2013 04 20 10 13 20.054     172.9
842
 2013 04 20 10 05 50.481     2013 04 20 10 08 42.612     172.1
843
 2013 04 20 10 10 26.056     2013 04 20 10 10 30.463       4.4
844
 2013 04 20 11 44 45.863     2013 04 20 11 47 31.412     165.5
845
 2013 04 20 21 36 46.823     2013 04 20 21 40 29.307     222.5
846
 2013 04 20 11 47 53.911     2013 04 20 11 50 56.068     182.2
 2013 04 20 20 03 25.642     2013 04 20 20 06  2.003     156.4
847
 2013 04 20 13 16 35.153     2013 04 20 13 19 12.448     157.3
 2013 04 20 23 18 14.915     2013 04 20 23 21 26.892     192.0
848
 2013 04 20 11 40  7.252     2013 04 20 11 40 57.861      50.6
 2013 04 20 23 23  1.133     2013 04 20 23 25 52.284     171.2
849
 2013 04 20 13 26 17.835     2013 04 20 13 29 10.304     172.5
 2013 04 20 20 01  8.556     2013 04 20 20 03 48.207     159.7
850
 2013 04 20 14 59 23.006     2013 04 20 15 02 47.812     204.8
 2013 04 20 21 35 35.708     2013 04 20 21 39  5.445     209.7
851
 2013 04 20 11 42 32.419     2013 04 20 11 45  7.462     155.0
 2013 04 20 21 44  3.659     2013 04 20 21 46 42.739     159.1
852
 2013 04 20 13 17 27.234     2013 04 20 13 20  2.061     154.8
 2013 04 20 23 18 30.061     2013 04 20 23 21  4.410     154.3
853
 2013 04 20 23 16  8.949     2013 04 20 23 18 44.568     155.6
854
 2013 04 20 11 41 30.206     2013 04 20 11 44  5.117     154.9
 2013 04 20 21 43 42.238     2013 04 20 21 44 21.015      38.8
855
 2013 04 20 21 46 48.669     2013 04 20 21 47 33.323      44.7
856
 2013 04 20 10 05  4.060     2013 04 20 10 07 49.462     165.4
857
 2013 04 20 11 47 12.327     2013 04 20 11 50  4.609     172.3
 2013 04 20 20 04 42.355     2013 04 20 20 07 34.600     172.2
858
 2013 04 20 13 23  5.870     2013 04 20 13 23 52.397      46.5
 2013 04 20 21 36 53.238     2013 04 20 21 40  7.665     194.4
859
 2013 04 20 13 28 47.033     2013 04 20 13 31 42.621     175.6
 2013 04 20 18 24  1.137     2013 04 20 18 26 39.201     158.1
860
 2013 04 20 13 24 58.436     2013 04 20 13 27 36.103     157.7
 2013 04 20 19 59 50.025     2013 04 20 20 03 28.621     218.6
861
 2013 04 20 13 16 58.819     2013 04 20 13 20 28.769     210.0
 2013 04 20 23 19 24.914     2013 04 20 23 22  7.104     162.2
862
863
 2013 04 20 13 18 49.397     2013 04 20 13 22 16.422     207.0
 2013 04 20 23 16 13.231     2013 04 20 23 19 45.424     212.2
864
 2013 04 20 11 48 36.029     2013 04 20 11 52 14.047     218.0
 2013 04 20 20 02 30.507     2013 04 20 20 05 42.839     192.3
865
 2013 04 20 10 02 52.956     2013 04 20 10 06  1.635     188.7
866
 2013 04 20 10 09 29.041     2013 04 20 10 12  8.634     159.6
 2013 04 20 20 08 35.260     2013 04 20 20 12  9.578     214.3
867
 2013 04 20 11 49   .357     2013 04 20 11 52 41.903     221.5
868
 2013 04 20 20 07 27.581     2013 04 20 20 10 18.456     170.9
869
 2013 04 20 10 07 35.007     2013 04 20 10 10 13.007     158.0
 2013 04 20 20 09  5.708     2013 04 20 20 12  9.133     183.4
870
 2013 04 20 11 51 32.283     2013 04 20 11 54 24.043     171.8
 2013 04 20 18 26 33.438     2013 04 20 18 29 10.495     157.1
871
 2013 04 20 10 04 48.581     2013 04 20 10 07 23.531     155.0
872
 2013 04 20 11 44 41.271     2013 04 20 11 47 36.054     174.8
 2013 04 20 21 41 44.205     2013 04 20 21 42 21.460      37.3
873
 2013 04 20 13 22 54.126     2013 04 20 13 26  1.042     186.9
 2013 04 20 21 39 12.430     2013 04 20 21 42 12.403     180.0
874
 2013 04 20 13 22 50.178     2013 04 20 13 26  1.703     191.5
 2013 04 20 21 39 16.939     2013 04 20 21 42 15.892     179.0
875
876
 2013 04 20 13 13 57.342     2013 04 20 13 17 18.706     201.4
877
 2013 04 20 10 11 19.183     2013 04 20 10 12 29.372      70.2
 2013 04 20 20 07 36.012     2013 04 20 20 10 13.380     157.4
878
 2013 04 20 15 00 23.736     2013 04 20 15 03 15.295     171.6
 2013 04 20 21 34 37.337     2013 04 20 21 37 15.557     158.2
879
 2013 04 20 13 25 43.299     2013 04 20 13 28 43.929     180.6
 2013 04 20 19 59 53.792     2013 04 20 20 02 32.142     158.3
880
 2013 04 20 13 28 37.181     2013 04 20 13 31 55.458     198.3
 2013 04 20 18 24 17.864     2013 04 20 18 26 57.744     159.9
881
 2013 04 20 13 19 26.215     2013 04 20 13 23   .905     214.7
882
 2013 04 20 13 15 29.368     2013 04 20 13 18 10.191     160.8
883
 2013 04 20 11 44 30.548     2013 04 20 11 47 19.368     168.8
884
 2013 04 20 14 59 43.794     2013 04 20 15 02 27.770     164.0
 2013 04 20 21 35  1.772     2013 04 20 21 38 24.390     202.6
885
 2013 04 20 13 20 34.993     2013 04 20 13 23 32.790     177.8
886
 2013 04 20 11 45 49.556     2013 04 20 11 46  1.700      12.1
 2013 04 20 20 05 28.173     2013 04 20 20 08 57.822     209.6
887
888
 2013 04 20 23 20 41.922     2013 04 20 23 23 16.249     154.3
889
 2013 04 20 11 51 21.876     2013 04 20 11 54 50.196     208.3
 2013 04 20 18 27  4.275     2013 04 20 18 29 41.640     157.4
890
 2013 04 20 21 45  1.578     2013 04 20 21 48 18.039     196.5
891
 2013 04 20 11 49 58.272     2013 04 20 11 53 27.147     208.9
 2013 04 20 18 24 25.971     2013 04 20 18 27 53.714     207.7
892
 2013 04 20 13 16 20.479     2013 04 20 13 19 22.567     182.1
 2013 04 20 23 19 23.804     2013 04 20 23 22 11.486     167.7
893
 2013 04 20 23 16 21.624     2013 04 20 23 18 56.765     155.1
894
 2013 04 20 11 38 42.463     2013 04 20 11 41 33.528     171.1
895
896
 2013 04 20 13 20 15.676     2013 04 20 13 23 47.777     212.1
897
 2013 04 20 15 00 57.981     2013 04 20 15 03 43.558     165.6
 2013 04 20 21 34 45.670     2013 04 20 21 37 30.594     164.9
898
 2013 04 20 10 11 18.471     2013 04 20 10 14   .384     161.9
899
 2013 04 20 23 22 41.224     2013 04 20 23 25 32.256     171.0
