s4
0
 2013 04 20 12 03 35.918     2013 04 20 12 03 46.986      11.1
 2013 04 20 20 16 23.713     2013 04 20 20 19 57.911     214.2
1
 2013 04 20 11 58 50.836     2013 04 20 12 02  1.940     191.1
2
 2013 04 20 12 03 49.723     2013 04 20 12 07 21.817     212.1
 2013 04 20 18 40 45.137     2013 04 20 18 43 42.397     177.3
3
4
 2013 04 20 21 54 23.748     2013 04 20 21 55  6.445      42.7
5
 2013 04 20 10 29 21.300     2013 04 20 10 29 37.733      16.4
 2013 04 20 18 41 55.864     2013 04 20 18 44 47.126     171.3
6
 2013 04 20 08 43 39.154     2013 04 20 08 43 47.939       8.8
 2013 04 20 20 28 26.996     2013 04 20 20 31  6.617     159.6
7
 2013 04 20 21 56 16.192     2013 04 20 21 59  4.691     168.5
8
 2013 04 20 15 16  6.691     2013 04 20 15 19 49.207     222.5
 2013 04 20 20 12 46.171     2013 04 20 20 15 49.882     183.7
9
 2013 04 20 23 34 22.937     2013 04 20 23 37 24.084     181.1
10
 2013 04 20 11 58 54.464     2013 04 20 12 01 53.282     178.8
11
 2013 04 20 13 29 38.435     2013 04 20 13 29 58.872      20.4
 2013 04 20 23 34 24.107     2013 04 20 23 37  3.913     159.8
12
 2013 04 20 20 19 13.233     2013 04 20 20 19 36.766      23.5
13
 2013 04 20 12 03 31.006     2013 04 20 12 06 11.698     160.7
 2013 04 20 18 39 23.443     2013 04 20 18 43 13.377     229.9
14
 2013 04 20 13 39 14.706     2013 04 20 13 43  3.675     229.0
 2013 04 20 15 17 27.218     2013 04 20 15 21   .006     212.8
 2013 04 20 20 13 21.920     2013 04 20 20 16 11.768     169.8
15
 2013 04 20 23 33 40.549     2013 04 20 23 34 37.640      57.1
16
 2013 04 20 11 58 38.849     2013 04 20 12 01 58.278     199.4
17
 2013 04 20 11 57 14.808     2013 04 20 12 00 17.508     182.7
 2013 04 20 21 57 26.461     2013 04 20 21 57 44.773      18.3
18
 2013 04 20 11 55 30.295     2013 04 20 11 58  7.916     157.6
 2013 04 20 21 58  6.974     2013 04 20 22 00 57.279     170.3
19
 2013 04 20 11 52 14.903     2013 04 20 11 55 27.360     192.5
20
 2013 04 20 20 21 26.153     2013 04 20 20 24  2.301     156.1
21
 2013 04 20 10 16 35.662     2013 04 20 10 20  5.227     209.6
 2013 04 20 22 01 53.273     2013 04 20 22 02  3.446      10.2
22
 2013 04 20 10 17 28.566     2013 04 20 10 19 24.761     116.2
23
 2013 04 20 23 36 14.417     2013 04 20 23 38 49.676     155.3
24
 2013 04 20 10 21 25.706     2013 04 20 10 22 13.513      47.8
25
 2013 04 20 20 20 43.224     2013 04 20 20 23 19.262     156.0
26
 2013 04 20 12 06 20.207     2013 04 20 12 09  5.379     165.2
 2013 04 20 17 02   .171     2013 04 20 17 05 31.749     211.6
27
 2013 04 20 21 51  5.834     2013 04 20 21 53 44.952     159.1
28
 2013 04 20 13 39 17.575     2013 04 20 13 39 18.788       1.2
 2013 04 20 21 51 22.546     2013 04 20 21 54  6.708     164.2
29
 2013 04 20 10 23 50.908     2013 04 20 10 26 33.673     162.8
30
 2013 04 20 13 40 11.914     2013 04 20 13 43  2.386     170.5
 2013 04 20 18 39  6.712     2013 04 20 18 39 28.562      21.9
 2013 04 20 20 13 59.687     2013 04 20 20 17 12.558     192.9
31
 2013 04 20 13 38  1.020     2013 04 20 13 40 41.471     160.5
 2013 04 20 20 18   .509     2013 04 20 20 18  7.416       6.9
32
 2013 04 20 11 55 53.071     2013 04 20 11 58 32.680     159.6
 2013 04 20 21 57 56.833     2013 04 20 22 00 35.127     158.3
33
 2013 04 20 20 27 13.179     2013 04 20 20 29 48.946     155.8
34
 2013 04 20 13 40 26.603     2013 04 20 13 43 24.627     178.0
 2013 04 20 15 18  6.223     2013 04 20 15 18 44.803      38.6
 2013 04 20 18 35 37.938     2013 04 20 18 39 12.599     214.7
 2013 04 20 20 13 40.078     2013 04 20 20 17 20.603     220.5
35
 2013 04 20 20 26  8.898     2013 04 20 20 29 38.052     209.2
36
 2013 04 20 10 25 59.586     2013 04 20 10 27   .186      60.6
 2013 04 20 20 20 19.391     2013 04 20 20 20 46.723      27.3
37
 2013 04 20 10 23  5.891     2013 04 20 10 26 41.603     215.7
38
 2013 04 20 11 57 20.762     2013 04 20 12 01   .442     219.7
39
40
 2013 04 20 13 34  6.321     2013 04 20 13 37 35.054     208.7
 2013 04 20 21 53 44.715     2013 04 20 21 57 24.310     219.6
41
 2013 04 20 13 31 19.620     2013 04 20 13 34 30.276     190.7
 2013 04 20 23 31 40.643     2013 04 20 23 34 22.692     162.0
42
 2013 04 20 15 15 10.925     2013 04 20 15 18 14.167     183.2
 2013 04 20 21 49 47.722     2013 04 20 21 53 17.668     209.9
43
 2013 04 20 21 54 15.870     2013 04 20 21 58  5.574     229.7
44
 2013 04 20 11 52  9.649     2013 04 20 11 54 47.749     158.1
45
 2013 04 20 13 31 32.349     2013 04 20 13 35 24.696     232.3
46
 2013 04 20 12 04   .542     2013 04 20 12 07   .344     179.8
 2013 04 20 18 39  6.440     2013 04 20 18 41 57.125     170.7
47
48
 2013 04 20 11 56 35.262     2013 04 20 11 59 20.951     165.7
 2013 04 20 21 57 26.177     2013 04 20 22 00  7.684     161.5
49
 2013 04 20 11 54 36.400     2013 04 20 11 58 10.300     213.9
 2013 04 20 21 59 30.310     2013 04 20 22 02 14.272     164.0
50
 2013 04 20 11 51  8.554     2013 04 20 11 53 46.269     157.7
 2013 04 20 23 37 49.960     2013 04 20 23 38  7.629      17.7
51
 2013 04 20 10 19 22.418     2013 04 20 10 22 56.248     213.8
 2013 04 20 20 24 45.641     2013 04 20 20 27 55.703     190.1
52
 2013 04 20 13 29 50.065     2013 04 20 13 33 13.150     203.1
 2013 04 20 23 34  1.505     2013 04 20 23 36 37.195     155.7
53
 2013 04 20 11 52 29.490     2013 04 20 11 56 18.486     229.0
54
 2013 04 20 13 38 15.305     2013 04 20 13 40 59.075     163.8
 2013 04 20 20 13 40.140     2013 04 20 20 17 20.797     220.7
55
56
 2013 04 20 15 14 18.754     2013 04 20 15 17  7.866     169.1
 2013 04 20 21 48 57.023     2013 04 20 21 51 36.861     159.8
57
 2013 04 20 12 00   .828     2013 04 20 12 00 44.075      43.2
 2013 04 20 20 19 44.073     2013 04 20 20 22 21.660     157.6
58
 2013 04 20 13 31 17.994     2013 04 20 13 34 42.234     204.2
 2013 04 20 23 31 28.626     2013 04 20 23 34 10.924     162.3
59
 2013 04 20 13 30 13.959     2013 04 20 13 32 52.136     158.2
 2013 04 20 23 32 48.300     2013 04 20 23 35 39.635     171.3
60
 2013 04 20 12 03 30.449     2013 04 20 12 06 11.166     160.7
 2013 04 20 18 38 59.629     2013 04 20 18 42 45.131     225.5
61
 2013 04 20 10 24 49.100     2013 04 20 10 24 56.780       7.7
 2013 04 20 18 41 46.219     2013 04 20 18 45 27.604     221.4
62
 2013 04 20 20 16  9.681     2013 04 20 20 19 13.939     184.3
63
64
 2013 04 20 10 21 46.747     2013 04 20 10 24 27.576     160.8
 2013 04 20 20 22 53.624     2013 04 20 20 25 33.607     160.0
65
 2013 04 20 13 37 59.979     2013 04 20 13 40 38.540     158.6
 2013 04 20 20 17 40.507     2013 04 20 20 17 48.725       8.2
66
 2013 04 20 13 35 35.382     2013 04 20 13 38 43.662     188.3
 2013 04 20 21 53 46.203     2013 04 20 21 56 22.390     156.2
67
 2013 04 20 22 01 13.736     2013 04 20 22 03 51.558     157.8
68
 2013 04 20 11 59 44.023     2013 04 20 12 03   .191     196.2
 2013 04 20 20 16 56.608     2013 04 20 20 20 46.957     230.3
69
 2013 04 20 13 41 37.811     2013 04 20 13 44 34.409     176.6
 2013 04 20 18 37 32.503     2013 04 20 18 40 27.298     174.8
70
 2013 04 20 20 26 40.542     2013 04 20 20 30 12.432     211.9
71
 2013 04 20 13 40  1.165     2013 04 20 13 43 17.794     196.6
 2013 04 20 15 17 54.095     2013 04 20 15 21 43.424     229.3
 2013 04 20 18 35 11.138     2013 04 20 18 38 57.091     226.0
 2013 04 20 20 13 32.385     2013 04 20 20 16 52.425     200.0
72
 2013 04 20 13 30 33.151     2013 04 20 13 33 20.116     167.0
 2013 04 20 23 33 20.151     2013 04 20 23 35 55.251     155.1
73
 2013 04 20 10 21 47.535     2013 04 20 10 25  6.129     198.6
 2013 04 20 20 22  7.272     2013 04 20 20 24 47.886     160.6
74
 2013 04 20 12 00   .049     2013 04 20 12 03 51.325     231.3
 2013 04 20 20 16 47.486     2013 04 20 20 19 56.517     189.0
75
 2013 04 20 13 40  6.448     2013 04 20 13 40 42.575      36.1
 2013 04 20 20 15 43.712     2013 04 20 20 19 22.972     219.3
76
 2013 04 20 23 36 18.969     2013 04 20 23 39   .839     161.9
77
 2013 04 20 12 02 22.882     2013 04 20 12 05 24.808     181.9
 2013 04 20 20 17 55.319     2013 04 20 20 18 22.758      27.4
78
 2013 04 20 13 36 35.952     2013 04 20 13 39 53.528     197.6
 2013 04 20 21 53 12.659     2013 04 20 21 56 47.036     214.4
79
 2013 04 20 12 01 36.756     2013 04 20 12 01 54.971      18.2
 2013 04 20 21 54 53.612     2013 04 20 21 55 12.634      19.0
80
 2013 04 20 11 52 30.563     2013 04 20 11 56 21.031     230.5
81
 2013 04 20 13 33 25.188     2013 04 20 13 36  4.187     159.0
82
83
 2013 04 20 22 01 33.447     2013 04 20 22 05  4.964     211.5
84
85
 2013 04 20 11 55 38.381     2013 04 20 11 58 22.241     163.9
 2013 04 20 21 57 49.438     2013 04 20 22 00 36.737     167.3
86
87
 2013 04 20 12 00 57.818     2013 04 20 12 04  6.554     188.7
 2013 04 20 20 17 26.275     2013 04 20 20 20  3.693     157.4
88
 2013 04 20 11 59 14.882     2013 04 20 12 01 52.834     158.0
89
 2013 04 20 10 22 20.973     2013 04 20 10 25 28.302     187.3
 2013 04 20 20 22 53.514     2013 04 20 20 23 39.932      46.4
90
 2013 04 20 12 05  8.780     2013 04 20 12 08 18.649     189.9
 2013 04 20 13 42 53.278     2013 04 20 13 43 36.482      43.2
 2013 04 20 17 00 15.510     2013 04 20 17 00 16.731       1.2
 2013 04 20 18 38 59.883     2013 04 20 18 42  4.470     184.6
91
 2013 04 20 10 15 59.781     2013 04 20 10 19 30.615     210.8
 2013 04 20 22 02 33.471     2013 04 20 22 06   .456     207.0
92
 2013 04 20 10 15 49.810     2013 04 20 10 16 16.072      26.3
 2013 04 20 22 02 23.454     2013 04 20 22 05 41.794     198.3
93
 2013 04 20 10 19 31.017     2013 04 20 10 19 39.749       8.7
 2013 04 20 22 02 30.122     2013 04 20 22 05 24.479     174.4
94
 2013 04 20 11 59 22.732     2013 04 20 12 00 16.925      54.2
 2013 04 20 20 19 34.413     2013 04 20 20 22 43.323     188.9
95
 2013 04 20 13 27 28.317     2013 04 20 13 31  8.444     220.1
96
 2013 04 20 21 55 45.423     2013 04 20 21 59 33.080     227.7
97
 2013 04 20 21 55 18.147     2013 04 20 21 57 59.894     161.7
98
 2013 04 20 11 51 45.343     2013 04 20 11 53 31.254     105.9
99
 2013 04 20 12 03 41.270     2013 04 20 12 04 45.066      63.8
 2013 04 20 13 41 50.272     2013 04 20 13 45 41.440     231.2
 2013 04 20 18 38 32.399     2013 04 20 18 41 13.776     161.4
100
 2013 04 20 13 36 21.565     2013 04 20 13 39 55.180     213.6
 2013 04 20 21 51 32.072     2013 04 20 21 54 30.514     178.4
101
 2013 04 20 10 20 14.614     2013 04 20 10 24  3.007     228.4
 2013 04 20 20 24 47.255     2013 04 20 20 27 22.563     155.3
102
 2013 04 20 22 01 35.580     2013 04 20 22 05  5.475     209.9
103
 2013 04 20 13 38  4.014     2013 04 20 13 41 12.346     188.3
 2013 04 20 20 14 39.642     2013 04 20 20 18 31.689     232.0
104
 2013 04 20 12 00 55.303     2013 04 20 12 04  3.103     187.8
 2013 04 20 20 17 27.213     2013 04 20 20 20  5.394     158.2
105
 2013 04 20 13 27 35.210     2013 04 20 13 31  1.683     206.5
106
 2013 04 20 21 56 12.368     2013 04 20 21 59 59.842     227.5
107
 2013 04 20 10 18 52.055     2013 04 20 10 22 30.980     218.9
 2013 04 20 20 24 44.245     2013 04 20 20 28 26.756     222.5
108
 2013 04 20 13 34 25.593     2013 04 20 13 37 40.796     195.2
 2013 04 20 21 51 39.620     2013 04 20 21 52 10.887      31.3
109
 2013 04 20 20 20 13.991     2013 04 20 20 22 52.289     158.3
110
 2013 04 20 11 58 12.542     2013 04 20 12 00 50.564     158.0
111
 2013 04 20 20 25 27.957     2013 04 20 20 28 30.654     182.7
112
 2013 04 20 23 34 44.738     2013 04 20 23 37 46.051     181.3
113
 2013 04 20 12 01 23.076     2013 04 20 12 04 11.015     167.9
 2013 04 20 20 17 44.263     2013 04 20 20 20 22.248     158.0
114
 2013 04 20 15 16 17.877     2013 04 20 15 19 57.595     219.7
 2013 04 20 20 12 54.055     2013 04 20 20 15 47.664     173.6
115
 2013 04 20 10 24 32.096     2013 04 20 10 27  9.868     157.8
116
 2013 04 20 10 22  2.507     2013 04 20 10 24 39.596     157.1
 2013 04 20 20 22 56.007     2013 04 20 20 25 50.205     174.2
117
 2013 04 20 13 39 35.791     2013 04 20 13 42 18.888     163.1
 2013 04 20 20 14 58.317     2013 04 20 20 17 35.887     157.6
118
119
 2013 04 20 10 22 47.140     2013 04 20 10 25 43.963     176.8
 2013 04 20 20 21 37.507     2013 04 20 20 25 13.333     215.8
120
 2013 04 20 12 04 45.131     2013 04 20 12 07 36.126     171.0
 2013 04 20 18 39 26.786     2013 04 20 18 42  5.254     158.5
121
 2013 04 20 10 17 42.612     2013 04 20 10 21 11.736     209.1
122
 2013 04 20 10 18 16.787     2013 04 20 10 21 27.218     190.4
123
124
 2013 04 20 23 34 55.815     2013 04 20 23 35 30.897      35.1
125
 2013 04 20 23 35 19.403     2013 04 20 23 38 34.679     195.3
126
 2013 04 20 13 36 42.301     2013 04 20 13 40 19.867     217.6
 2013 04 20 21 53  8.958     2013 04 20 21 53 47.710      38.8
127
 2013 04 20 13 34 40.256     2013 04 20 13 36 22.993     102.7
 2013 04 20 21 54 21.340     2013 04 20 21 57  4.015     162.7
128
 2013 04 20 23 36  3.150     2013 04 20 23 37 10.481      67.3
129
 2013 04 20 11 59 50.339     2013 04 20 12 03 23.867     213.5
 2013 04 20 20 19 18.216     2013 04 20 20 22 17.381     179.2
130
 2013 04 20 13 40 47.974     2013 04 20 13 44 30.231     222.3
 2013 04 20 18 37 24.131     2013 04 20 18 41 12.615     228.5
131
 2013 04 20 12 01 46.085     2013 04 20 12 04 38.948     172.9
 2013 04 20 20 18 24.473     2013 04 20 20 21 29.688     185.2
132
 2013 04 20 00 00   .000     2013 04 20 00 00  6.151       6.2
 2013 04 20 11 49 56.546     2013 04 20 11 53  4.940     188.4
 2013 04 20 23 38 23.930     2013 04 20 23 41  7.453     163.5
133
 2013 04 20 12 04 52.979     2013 04 20 12 08 45.051     232.1
 2013 04 20 18 41  8.547     2013 04 20 18 44  2.190     173.6
134
135
 2013 04 20 23 40 15.508     2013 04 20 23 40 51.031      35.5
136
 2013 04 20 11 58 50.934     2013 04 20 12 01 29.476     158.5
137
138
 2013 04 20 13 39 49.588     2013 04 20 13 42 56.605     187.0
 2013 04 20 20 15 23.036     2013 04 20 20 18 11.421     168.4
139
 2013 04 20 12 07 23.727     2013 04 20 12 07 34.694      11.0
 2013 04 20 13 41 41.513     2013 04 20 13 45 22.255     220.7
 2013 04 20 18 38 17.378     2013 04 20 18 41  4.874     167.5
140
 2013 04 20 13 35  3.695     2013 04 20 13 38 39.572     215.9
 2013 04 20 21 54  8.781     2013 04 20 21 56 46.500     157.7
141
 2013 04 20 11 57 33.485     2013 04 20 12 00 11.548     158.1
 2013 04 20 21 56 57.641     2013 04 20 21 58 14.905      77.3
142
 2013 04 20 10 24 49.570     2013 04 20 10 27 29.413     159.8
 2013 04 20 18 47 26.256     2013 04 20 18 47 27.730       1.5
143
 2013 04 20 11 57 53.301     2013 04 20 12 00 36.065     162.8
144
 2013 04 20 12 02 57.402     2013 04 20 12 05 36.836     159.4
145
 2013 04 20 13 33 58.399     2013 04 20 13 36 43.714     165.3
146
 2013 04 20 10 19  7.421     2013 04 20 10 22 25.272     197.9
147
 2013 04 20 10 19 29.297     2013 04 20 10 22  7.176     157.9
148
 2013 04 20 11 57 30.190     2013 04 20 12 01  6.191     216.0
 2013 04 20 21 55 41.782     2013 04 20 21 59 23.434     221.7
149
 2013 04 20 15 14 20.661     2013 04 20 15 17  3.817     163.2
 2013 04 20 21 49 42.502     2013 04 20 21 52 20.222     157.7
150
 2013 04 20 11 55 35.218     2013 04 20 11 58 50.753     195.5
 2013 04 20 21 57 12.922     2013 04 20 22 00  1.923     169.0
151
 2013 04 20 13 38 35.028     2013 04 20 13 41 18.341     163.3
 2013 04 20 20 13 57.313     2013 04 20 20 17 10.116     192.8
152
 2013 04 20 10 19  7.799     2013 04 20 10 22  7.896     180.1
153
 2013 04 20 12 04 44.848     2013 04 20 12 05 15.045      30.2
 2013 04 20 18 41 18.823     2013 04 20 18 44 11.644     172.8
154
 2013 04 20 12 00 25.525     2013 04 20 12 03 26.007     180.5
 2013 04 20 20 17 28.200     2013 04 20 20 20 29.461     181.3
155
 2013 04 20 11 54 47.649     2013 04 20 11 57 43.815     176.2
 2013 04 20 21 57 24.817     2013 04 20 22 01  8.659     223.8
156
 2013 04 20 10 23 20.099     2013 04 20 10 26 43.566     203.5
157
 2013 04 20 13 39  4.128     2013 04 20 13 41 50.265     166.1
 2013 04 20 20 14 11.431     2013 04 20 20 16 54.492     163.1
158
 2013 04 20 15 14  9.859     2013 04 20 15 16 48.295     158.4
 2013 04 20 21 49 26.667     2013 04 20 21 52  4.273     157.6
159
 2013 04 20 15 12 57.472     2013 04 20 15 16  8.314     190.8
 2013 04 20 21 49 35.242     2013 04 20 21 53 10.671     215.4
160
 2013 04 20 13 37 42.333     2013 04 20 13 38 39.478      57.1
 2013 04 20 15 15 42.284     2013 04 20 15 15 47.535       5.3
 2013 04 20 20 12 49.786     2013 04 20 20 16 13.787     204.0
161
 2013 04 20 12 04  3.248     2013 04 20 12 07 33.581     210.3
 2013 04 20 18 40 51.080     2013 04 20 18 43 37.134     166.1
162
 2013 04 20 20 21  7.606     2013 04 20 20 24  5.807     178.2
163
164
 2013 04 20 13 31 37.435     2013 04 20 13 34 15.476     158.0
 2013 04 20 23 32 12.156     2013 04 20 23 35  9.605     177.4
165
 2013 04 20 13 35 25.322     2013 04 20 13 38 33.529     188.2
 2013 04 20 21 53 47.716     2013 04 20 21 56 24.517     156.8
166
 2013 04 20 23 34 20.871     2013 04 20 23 37 15.591     174.7
167
 2013 04 20 22 01 18.278     2013 04 20 22 04 13.862     175.6
168
169
 2013 04 20 23 38   .189     2013 04 20 23 38 53.631      53.4
170
 2013 04 20 20 20 41.949     2013 04 20 20 23 19.598     157.6
171
 2013 04 20 13 37 59.379     2013 04 20 13 40 41.102     161.7
 2013 04 20 20 17 16.627     2013 04 20 20 17 37.170      20.5
172
 2013 04 20 21 55 42.402     2013 04 20 21 58 18.313     155.9
173
 2013 04 20 11 55 45.597     2013 04 20 11 57 49.656     124.1
 2013 04 20 21 58 57.853     2013 04 20 22 02  5.399     187.5
174
 2013 04 20 21 54 37.469     2013 04 20 21 54 59.324      21.9
175
 2013 04 20 13 33 50.526     2013 04 20 13 37 14.241     203.7
 2013 04 20 21 57 19.027     2013 04 20 21 57 39.664      20.6
176
 2013 04 20 21 55 19.598     2013 04 20 21 58 28.613     189.0
177
 2013 04 20 20 20  5.278     2013 04 20 20 23 16.648     191.4
178
 2013 04 20 12 05 30.273     2013 04 20 12 05 49.068      18.8
 2013 04 20 20 16 12.689     2013 04 20 20 19 27.698     195.0
179
 2013 04 20 13 35 13.150     2013 04 20 13 38 23.693     190.5
 2013 04 20 21 53 49.826     2013 04 20 21 56 30.340     160.5
180
 2013 04 20 21 54 47.866     2013 04 20 21 58 28.135     220.3
181
 2013 04 20 21 55 51.731     2013 04 20 21 59 14.024     202.3
182
 2013 04 20 20 19 55.059     2013 04 20 20 22 30.927     155.9
183
 2013 04 20 22 01 11.973     2013 04 20 22 04 21.963     190.0
184
 2013 04 20 20 19 32.679     2013 04 20 20 22 49.808     197.1
185
 2013 04 20 11 51 41.555     2013 04 20 11 55  4.987     203.4
186
 2013 04 20 23 34 41.245     2013 04 20 23 34 40.613       -.6
187
 2013 04 20 10 16 33.520     2013 04 20 10 20 16.292     222.8
 2013 04 20 22 01 43.620     2013 04 20 22 01 57.331      13.7
188
 2013 04 20 22 01 13.649     2013 04 20 22 04  9.123     175.5
189
 2013 04 20 23 37  7.545     2013 04 20 23 39 52.349     164.8
190
 2013 04 20 20 27  2.223     2013 04 20 20 29 47.521     165.3
191
 2013 04 20 15 13 52.964     2013 04 20 15 14 44.274      51.3
 2013 04 20 21 50 48.237     2013 04 20 21 53 26.933     158.7
192
193
194
 2013 04 20 13 32 24.295     2013 04 20 13 35 59.237     214.9
195
 2013 04 20 22 02 12.924     2013 04 20 22 05 25.118     192.2
196
 2013 04 20 13 37  5.180     2013 04 20 13 37 34.465      29.3
 2013 04 20 21 50 29.009     2013 04 20 21 50 38.046       9.0
197
 2013 04 20 11 54 25.284     2013 04 20 11 57 35.215     189.9
 2013 04 20 22 01 11.625     2013 04 20 22 01 18.764       7.1
198
 2013 04 20 10 17 37.241     2013 04 20 10 18  1.838      24.6
 2013 04 20 22 03 19.561     2013 04 20 22 06 15.268     175.7
199
 2013 04 20 20 29 38.469     2013 04 20 20 29 40.131       1.7
200
 2013 04 20 12 04  9.431     2013 04 20 12 06 48.548     159.1
 2013 04 20 18 39 48.976     2013 04 20 18 42 46.468     177.5
201
 2013 04 20 12 06  1.634     2013 04 20 12 08 51.049     169.4
 2013 04 20 17 01 43.840     2013 04 20 17 02 15.870      32.0
 2013 04 20 18 39 56.261     2013 04 20 18 43 47.623     231.4
202
 2013 04 20 10 20  9.678     2013 04 20 10 23  3.977     174.3
 2013 04 20 20 24 10.260     2013 04 20 20 27  7.909     177.6
203
 2013 04 20 12 03 46.600     2013 04 20 12 07 11.371     204.8
 2013 04 20 18 40 35.993     2013 04 20 18 43 40.031     184.0
204
 2013 04 20 00 00   .000     2013 04 20 00 00 56.835      56.8
 2013 04 20 11 50 25.463     2013 04 20 11 53  2.796     157.3
 2013 04 20 23 38 40.359     2013 04 20 23 41 58.082     197.7
205
 2013 04 20 15 14 27.085     2013 04 20 15 17 22.128     175.0
 2013 04 20 21 49 57.998     2013 04 20 21 52 39.212     161.2
206
 2013 04 20 22 00 41.995     2013 04 20 22 03 23.710     161.7
207
 2013 04 20 22 02 22.146     2013 04 20 22 05 30.497     188.4
208
 2013 04 20 11 55 49.643     2013 04 20 11 58 36.393     166.7
 2013 04 20 21 58 35.491     2013 04 20 22 01 10.629     155.1
209
 2013 04 20 11 52  4.045     2013 04 20 11 54 57.031     173.0
210
 2013 04 20 10 18 26.345     2013 04 20 10 21 50.660     204.3
211
 2013 04 20 11 59 20.352     2013 04 20 12 02  3.360     163.0
212
 2013 04 20 13 38 59.542     2013 04 20 13 39 55.808      56.3
 2013 04 20 20 16  3.340     2013 04 20 20 18 40.208     156.9
213
 2013 04 20 13 37 39.541     2013 04 20 13 40 40.371     180.8
214
 2013 04 20 10 19 42.047     2013 04 20 10 22 30.267     168.2
 2013 04 20 20 23 56.750     2013 04 20 20 27 33.473     216.7
215
 2013 04 20 21 55 30.501     2013 04 20 21 58  6.263     155.8
216
 2013 04 20 13 33 29.260     2013 04 20 13 36 14.658     165.4
217
 2013 04 20 11 57 40.108     2013 04 20 12 00 23.216     163.1
218
 2013 04 20 10 22 28.581     2013 04 20 10 25  6.384     157.8
 2013 04 20 20 22 26.849     2013 04 20 20 25 45.233     198.4
219
 2013 04 20 13 38 15.198     2013 04 20 13 41  3.865     168.7
 2013 04 20 20 14 23.364     2013 04 20 20 18  9.386     226.0
220
 2013 04 20 13 37 28.282     2013 04 20 13 40 29.259     181.0
221
 2013 04 20 10 21 38.654     2013 04 20 10 24 30.337     171.7
 2013 04 20 20 22 41.223     2013 04 20 20 25 17.720     156.5
222
 2013 04 20 10 17 49.653     2013 04 20 10 21  9.936     200.3
223
 2013 04 20 12 01 26.652     2013 04 20 12 04 16.587     169.9
 2013 04 20 20 18 34.846     2013 04 20 20 21 20.090     165.2
224
 2013 04 20 20 25 44.182     2013 04 20 20 28 53.495     189.3
225
 2013 04 20 13 30 31.785     2013 04 20 13 33 11.904     160.1
 2013 04 20 23 32 40.605     2013 04 20 23 35 21.365     160.8
226
 2013 04 20 23 36 39.309     2013 04 20 23 39 15.176     155.9
227
 2013 04 20 20 26 23.116     2013 04 20 20 29   .405     157.3
228
 2013 04 20 13 35 18.072     2013 04 20 13 35 45.970      27.9
 2013 04 20 21 54 20.666     2013 04 20 21 57  4.980     164.3
229
 2013 04 20 13 35 56.957     2013 04 20 13 39  3.713     186.8
 2013 04 20 21 52  9.638     2013 04 20 21 54 46.666     157.0
230
231
 2013 04 20 13 37 37.046     2013 04 20 13 40 18.632     161.6
232
 2013 04 20 10 20  7.919     2013 04 20 10 21   .470      52.6
 2013 04 20 20 21 56.358     2013 04 20 20 25 22.820     206.5
233
 2013 04 20 22 02 44.794     2013 04 20 22 05 41.415     176.6
234
 2013 04 20 12 00  8.726     2013 04 20 12 00 59.344      50.6
 2013 04 20 20 16 49.001     2013 04 20 20 19 46.932     177.9
235
 2013 04 20 15 15 10.689     2013 04 20 15 18 24.571     193.9
 2013 04 20 21 49 54.199     2013 04 20 21 53 30.078     215.9
236
 2013 04 20 10 17 41.026     2013 04 20 10 20 21.331     160.3
237
 2013 04 20 10 21 39.523     2013 04 20 10 22  7.308      27.8
238
 2013 04 20 12 04 16.872     2013 04 20 12 07 29.876     193.0
 2013 04 20 18 40 41.313     2013 04 20 18 43 23.336     162.0
239
 2013 04 20 13 39 44.087     2013 04 20 13 43 11.343     207.3
 2013 04 20 20 15 37.656     2013 04 20 20 18 28.246     170.6
240
 2013 04 20 11 51 42.775     2013 04 20 11 55 30.092     227.3
241
 2013 04 20 20 20 52.336     2013 04 20 20 23 52.318     180.0
242
 2013 04 20 21 54 49.582     2013 04 20 21 57 27.797     158.2
243
 2013 04 20 12 00 46.096     2013 04 20 12 03 24.237     158.1
 2013 04 20 20 18 20.324     2013 04 20 20 21  5.407     165.1
244
 2013 04 20 13 30 14.933     2013 04 20 13 32 51.925     157.0
 2013 04 20 23 32 59.212     2013 04 20 23 35 46.782     167.6
245
 2013 04 20 12 02 45.646     2013 04 20 12 06   .304     194.7
246
 2013 04 20 11 55 10.695     2013 04 20 11 58   .962     170.3
 2013 04 20 21 57 37.580     2013 04 20 22 00 51.869     194.3
247
 2013 04 20 12 05  9.380     2013 04 20 12 08 20.030     190.6
 2013 04 20 18 40 40.413     2013 04 20 18 43 33.371     173.0
248
 2013 04 20 21 55 25.258     2013 04 20 21 59  6.778     221.5
249
 2013 04 20 11 56 45.619     2013 04 20 12 00  7.094     201.5
 2013 04 20 21 56 38.465     2013 04 20 21 59 28.178     169.7
250
 2013 04 20 11 53 58.482     2013 04 20 11 57 41.173     222.7
 2013 04 20 21 59 36.267     2013 04 20 22 02 47.125     190.9
251
 2013 04 20 13 27 30.749     2013 04 20 13 31 10.202     219.5
252
 2013 04 20 13 39 48.547     2013 04 20 13 41 17.992      89.4
 2013 04 20 20 15 50.526     2013 04 20 20 18 59.428     188.9
253
 2013 04 20 22 01 12.239     2013 04 20 22 04 36.631     204.4
254
 2013 04 20 12 02 14.863     2013 04 20 12 05 59.112     224.2
255
 2013 04 20 10 15  8.844     2013 04 20 10 18 21.160     192.3
 2013 04 20 22 03 38.677     2013 04 20 22 06 20.253     161.6
256
 2013 04 20 11 56 29.964     2013 04 20 11 59  7.872     157.9
 2013 04 20 21 57 46.328     2013 04 20 22 00 27.117     160.8
257
 2013 04 20 15 14 39.527     2013 04 20 15 17 41.770     182.2
 2013 04 20 21 50  1.712     2013 04 20 21 52 53.458     171.7
258
 2013 04 20 13 39 13.094     2013 04 20 13 42 12.714     179.6
 2013 04 20 20 15 16.161     2013 04 20 20 17 55.221     159.1
259
 2013 04 20 12 04 26.884     2013 04 20 12 07  7.025     160.1
 2013 04 20 18 40  1.688     2013 04 20 18 42 44.839     163.2
260
 2013 04 20 15 14 42.720     2013 04 20 15 18 11.899     209.2
 2013 04 20 21 50 17.164     2013 04 20 21 53 23.509     186.3
261
 2013 04 20 13 31 49.201     2013 04 20 13 34 49.155     180.0
 2013 04 20 23 32 21.722     2013 04 20 23 34   .645      98.9
262
 2013 04 20 21 55 54.245     2013 04 20 21 58 30.937     156.7
263
264
 2013 04 20 10 16 18.014     2013 04 20 10 18 57.355     159.3
 2013 04 20 22 03  9.841     2013 04 20 22 04 11.535      61.7
265
 2013 04 20 11 54 12.745     2013 04 20 11 57 15.569     182.8
 2013 04 20 21 58 58.731     2013 04 20 22 02 33.676     214.9
266
 2013 04 20 10 18 18.292     2013 04 20 10 20 55.300     157.0
267
 2013 04 20 11 53 56.143     2013 04 20 11 56 33.065     156.9
268
 2013 04 20 13 37 36.950     2013 04 20 13 38  8.511      31.6
 2013 04 20 20 15 18.708     2013 04 20 20 16 14.409      55.7
269
 2013 04 20 20 21 25.010     2013 04 20 20 24  8.259     163.2
270
 2013 04 20 10 17 59.543     2013 04 20 10 20 41.799     162.3
271
 2013 04 20 13 28  2.189     2013 04 20 13 31  6.236     184.0
272
 2013 04 20 13 39 56.544     2013 04 20 13 43 17.786     201.2
 2013 04 20 15 17 52.833     2013 04 20 15 21 38.132     225.3
 2013 04 20 18 35  6.712     2013 04 20 18 38 53.439     226.7
 2013 04 20 20 13 29.923     2013 04 20 20 16 47.466     197.5
273
 2013 04 20 12 04  9.687     2013 04 20 12 04 23.320      13.6
 2013 04 20 20 16 39.546     2013 04 20 20 19 30.028     170.5
274
 2013 04 20 10 17 48.941     2013 04 20 10 18 13.568      24.6
 2013 04 20 22 03 18.195     2013 04 20 22 06  5.113     166.9
275
 2013 04 20 11 59 41.563     2013 04 20 12 02 21.279     159.7
 2013 04 20 20 21 20.552     2013 04 20 20 22  3.163      42.6
276
277
 2013 04 20 13 30 49.572     2013 04 20 13 33 44.248     174.7
 2013 04 20 23 32 13.080     2013 04 20 23 34 48.865     155.8
278
 2013 04 20 23 35 23.692     2013 04 20 23 38 16.291     172.6
279
 2013 04 20 11 53 40.068     2013 04 20 11 57 16.675     216.6
280
 2013 04 20 13 39 23.656     2013 04 20 13 42 22.243     178.6
 2013 04 20 20 14  2.579     2013 04 20 20 16 40.907     158.3
281
 2013 04 20 21 54 44.265     2013 04 20 21 57 31.152     166.9
282
 2013 04 20 10 23 56.559     2013 04 20 10 26 54.831     178.3
283
 2013 04 20 12 02 30.995     2013 04 20 12 05 26.185     175.2
 2013 04 20 20 17 44.937     2013 04 20 20 17 54.276       9.3
284
 2013 04 20 12 02   .158     2013 04 20 12 04 46.463     166.3
 2013 04 20 20 18  8.658     2013 04 20 20 21 25.139     196.5
285
 2013 04 20 13 39  2.765     2013 04 20 13 41 56.740     174.0
 2013 04 20 20 15  5.634     2013 04 20 20 17 51.278     165.6
286
 2013 04 20 23 34 46.480     2013 04 20 23 35   .050      13.6
287
 2013 04 20 10 16 37.856     2013 04 20 10 19 55.104     197.2
288
 2013 04 20 22 01 14.767     2013 04 20 22 04 38.711     203.9
289
 2013 04 20 13 29 48.116     2013 04 20 13 32 25.160     157.0
 2013 04 20 23 32 59.787     2013 04 20 23 36 11.523     191.7
290
 2013 04 20 13 33   .229     2013 04 20 13 35 47.663     167.4
291
 2013 04 20 23 35 22.878     2013 04 20 23 37 57.808     154.9
292
 2013 04 20 20 27  4.732     2013 04 20 20 29 59.375     174.6
293
 2013 04 20 13 30 30.656     2013 04 20 13 33  8.828     158.2
 2013 04 20 23 32 46.984     2013 04 20 23 35 27.461     160.5
294
 2013 04 20 13 41 44.198     2013 04 20 13 44 26.423     162.2
 2013 04 20 18 37 18.401     2013 04 20 18 40  6.321     167.9
295
 2013 04 20 10 18 54.911     2013 04 20 10 21 32.514     157.6
296
 2013 04 20 15 13 36.322     2013 04 20 15 17 10.227     213.9
 2013 04 20 21 50 24.317     2013 04 20 21 53  6.360     162.0
297
 2013 04 20 22 01 46.269     2013 04 20 22 04 39.253     173.0
298
 2013 04 20 12 04 23.477     2013 04 20 12 07 27.504     184.0
 2013 04 20 18 39 12.198     2013 04 20 18 41 49.894     157.7
299
 2013 04 20 11 51 27.666     2013 04 20 11 55 13.266     225.6
300
 2013 04 20 20 25 11.012     2013 04 20 20 27 58.295     167.3
301
 2013 04 20 15 15  9.040     2013 04 20 15 18 12.074     183.0
 2013 04 20 21 49 48.695     2013 04 20 21 53 15.788     207.1
302
 2013 04 20 13 31 53.229     2013 04 20 13 32   .414       7.2
303
 2013 04 20 10 14 33.810     2013 04 20 10 17 55.716     201.9
 2013 04 20 22 03 49.942     2013 04 20 22 06 25.573     155.6
304
 2013 04 20 18 41 50.438     2013 04 20 18 44 35.682     165.2
305
 2013 04 20 20 25 52.622     2013 04 20 20 28 44.714     172.1
306
 2013 04 20 12 06 12.183     2013 04 20 12 08 53.790     161.6
 2013 04 20 17 01 45.367     2013 04 20 17 05 26.062     220.7
 2013 04 20 18 39 37.630     2013 04 20 18 40 12.611      35.0
307
 2013 04 20 15 14 57.969     2013 04 20 15 18 37.253     219.3
 2013 04 20 21 50 13.462     2013 04 20 21 53 45.962     212.5
308
 2013 04 20 13 42 52.690     2013 04 20 13 43  6.505      13.8
 2013 04 20 15 17 21.714     2013 04 20 15 20 39.624     197.9
 2013 04 20 20 13  9.394     2013 04 20 20 15 54.101     164.7
309
 2013 04 20 12 01 45.890     2013 04 20 12 04 24.841     159.0
 2013 04 20 20 18  8.214     2013 04 20 20 21  1.535     173.3
310
 2013 04 20 13 33 15.668     2013 04 20 13 35 57.270     161.6
311
312
 2013 04 20 10 15 46.881     2013 04 20 10 19 18.614     211.7
313
 2013 04 20 13 32 21.583     2013 04 20 13 33  6.062      44.5
314
 2013 04 20 13 37 53.195     2013 04 20 13 40 33.679     160.5
315
 2013 04 20 11 58 16.080     2013 04 20 11 58 46.241      30.2
 2013 04 20 21 56 25.748     2013 04 20 22 00  7.328     221.6
316
 2013 04 20 20 20 25.141     2013 04 20 20 23 49.021     203.9
317
 2013 04 20 15 13 27.741     2013 04 20 15 16 34.777     187.0
 2013 04 20 21 49 54.244     2013 04 20 21 52 52.136     177.9
318
 2013 04 20 10 21 25.210     2013 04 20 10 21 46.982      21.8
319
320
 2013 04 20 13 33 12.643     2013 04 20 13 36  8.800     176.2
321
 2013 04 20 20 25 46.463     2013 04 20 20 28 44.746     178.3
322
 2013 04 20 15 14 47.922     2013 04 20 15 17 53.107     185.2
 2013 04 20 16 52 29.982     2013 04 20 16 53  6.155      36.2
 2013 04 20 20 09 55.969     2013 04 20 20 10 55.631      59.7
 2013 04 20 21 48 28.038     2013 04 20 21 51 42.465     194.4
323
 2013 04 20 20 24 58.395     2013 04 20 20 27 52.318     173.9
324
 2013 04 20 10 21 49.823     2013 04 20 10 24 37.637     167.8
 2013 04 20 20 23 22.524     2013 04 20 20 26 21.569     179.0
325
 2013 04 20 23 36 37.063     2013 04 20 23 39 19.075     162.0
326
 2013 04 20 23 35 53.509     2013 04 20 23 39   .789     187.3
327
 2013 04 20 11 55 23.245     2013 04 20 11 58 28.494     185.2
 2013 04 20 21 59   .788     2013 04 20 22 01 36.251     155.5
328
 2013 04 20 12 03 43.893     2013 04 20 12 07 18.777     214.9
 2013 04 20 18 38 41.541     2013 04 20 18 41 28.718     167.2
329
 2013 04 20 20 25 56.782     2013 04 20 20 28 44.471     167.7
330
 2013 04 20 13 29 35.927     2013 04 20 13 32 21.129     165.2
 2013 04 20 23 33 24.598     2013 04 20 23 36 34.063     189.5
331
 2013 04 20 20 19 55.517     2013 04 20 20 22 58.329     182.8
332
 2013 04 20 10 17 35.796     2013 04 20 10 18 28.980      53.2
 2013 04 20 22 03 18.296     2013 04 20 22 05 54.789     156.5
333
 2013 04 20 15 14 19.033     2013 04 20 15 17 38.890     199.9
 2013 04 20 21 50 19.122     2013 04 20 21 53  1.164     162.0
334
 2013 04 20 12 02 30.244     2013 04 20 12 05 28.051     177.8
 2013 04 20 20 16 43.368     2013 04 20 20 19  2.844     139.5
335
 2013 04 20 23 28 53.892     2013 04 20 23 32 36.387     222.5
336
 2013 04 20 10 20 54.450     2013 04 20 10 21  6.573      12.1
337
 2013 04 20 10 16 12.016     2013 04 20 10 19 19.367     187.4
 2013 04 20 22 02 42.588     2013 04 20 22 06 23.456     220.9
338
 2013 04 20 10 24  6.728     2013 04 20 10 26 55.085     168.4
339
 2013 04 20 10 19 11.550     2013 04 20 10 22 52.878     221.3
340
 2013 04 20 10 16 24.597     2013 04 20 10 19  2.493     157.9
341
 2013 04 20 13 34 37.625     2013 04 20 13 37 35.177     177.6
 2013 04 20 21 53 24.579     2013 04 20 21 56 48.669     204.1
342
 2013 04 20 21 54 40.558     2013 04 20 21 58 20.538     220.0
343
 2013 04 20 10 22 48.293     2013 04 20 10 23 36.072      47.8
 2013 04 20 20 25 42.596     2013 04 20 20 25 51.925       9.3
344
 2013 04 20 22 01 12.679     2013 04 20 22 04  9.080     176.4
345
 2013 04 20 13 36 28.688     2013 04 20 13 37 16.522      47.8
 2013 04 20 21 51  5.561     2013 04 20 21 54 22.125     196.6
346
 2013 04 20 13 39 59.817     2013 04 20 13 42 39.836     160.0
 2013 04 20 20 14 48.048     2013 04 20 20 17 37.340     169.3
347
 2013 04 20 13 32 35.879     2013 04 20 13 35 13.397     157.5
348
 2013 04 20 12 05 26.172     2013 04 20 12 06  4.053      37.9
 2013 04 20 20 15 59.964     2013 04 20 20 19 40.371     220.4
349
 2013 04 20 20 27 18.940     2013 04 20 20 29 53.847     154.9
350
 2013 04 20 13 35 53.445     2013 04 20 13 36 22.262      28.8
 2013 04 20 23 29 56.171     2013 04 20 23 33 45.359     229.2
351
 2013 04 20 21 55 38.926     2013 04 20 21 59  1.968     203.0
352
 2013 04 20 11 56 11.449     2013 04 20 12 00  2.070     230.6
 2013 04 20 21 58 32.027     2013 04 20 22 02  8.423     216.4
353
 2013 04 20 23 36 40.791     2013 04 20 23 39 18.488     157.7
354
 2013 04 20 23 35  5.396     2013 04 20 23 38 10.792     185.4
355
 2013 04 20 13 33  2.500     2013 04 20 13 35 55.122     172.6
356
 2013 04 20 12 05  3.748     2013 04 20 12 08 55.760     232.0
 2013 04 20 18 41  4.291     2013 04 20 18 44  9.239     184.9
357
 2013 04 20 12 02 24.094     2013 04 20 12 06 11.957     227.9
 2013 04 20 20 15 52.713     2013 04 20 20 16  6.937      14.2
358
 2013 04 20 11 52 51.383     2013 04 20 11 55 31.108     159.7
359
360
 2013 04 20 15 14 51.979     2013 04 20 15 17 45.735     173.8
 2013 04 20 20 13 49.282     2013 04 20 20 14  8.505      19.2
 2013 04 20 21 48 40.783     2013 04 20 21 51 51.305     190.5
361
 2013 04 20 11 56 46.125     2013 04 20 11 59 31.131     165.0
 2013 04 20 21 57 53.794     2013 04 20 22 01  2.022     188.2
362
363
 2013 04 20 10 21 25.815     2013 04 20 10 24  2.889     157.1
 2013 04 20 20 23 21.957     2013 04 20 20 25 57.526     155.6
364
 2013 04 20 13 32 15.784     2013 04 20 13 35 37.723     201.9
365
 2013 04 20 13 37 23.235     2013 04 20 13 41 16.372     233.1
 2013 04 20 20 12 32.829     2013 04 20 20 13 30.594      57.8
366
 2013 04 20 12 02 54.529     2013 04 20 12 06 10.068     195.5
 2013 04 20 18 41 48.537     2013 04 20 18 42 15.394      26.9
367
 2013 04 20 13 38  6.069     2013 04 20 13 41 23.528     197.5
 2013 04 20 20 14 52.201     2013 04 20 20 18 34.825     222.6
368
 2013 04 20 11 55  9.938     2013 04 20 11 58 11.430     181.5
 2013 04 20 21 57 24.243     2013 04 20 22 00 39.174     194.9
369
 2013 04 20 10 22 51.086     2013 04 20 10 25 45.348     174.3
 2013 04 20 20 21 36.321     2013 04 20 20 25 17.420     221.1
370
 2013 04 20 10 22 24.512     2013 04 20 10 25  2.293     157.8
 2013 04 20 20 22 30.932     2013 04 20 20 25 44.595     193.7
371
 2013 04 20 15 13 10.421     2013 04 20 15 13 27.894      17.5
 2013 04 20 21 50 43.915     2013 04 20 21 53 31.953     168.0
372
 2013 04 20 10 17 45.316     2013 04 20 10 20 39.281     174.0
373
 2013 04 20 11 58 48.204     2013 04 20 11 59 10.495      22.3
374
 2013 04 20 13 40 54.893     2013 04 20 13 43 36.560     161.7
 2013 04 20 18 36 27.878     2013 04 20 18 40 10.700     222.8
 2013 04 20 20 14 22.807     2013 04 20 20 15  8.045      45.2
375
376
 2013 04 20 10 16 41.461     2013 04 20 10 18  3.366      81.9
 2013 04 20 22 03 28.269     2013 04 20 22 06 13.770     165.5
377
 2013 04 20 12 06 33.874     2013 04 20 12 09 12.689     158.8
 2013 04 20 17 02  1.990     2013 04 20 17 05 10.371     188.4
378
 2013 04 20 11 59 39.457     2013 04 20 12 03  2.089     202.6
 2013 04 20 20 16 50.282     2013 04 20 20 17 33.145      42.9
379
 2013 04 20 10 24 18.185     2013 04 20 10 27  2.042     163.9
380
 2013 04 20 00 00   .000     2013 04 20 00 00 26.956      27.0
 2013 04 20 11 50  2.349     2013 04 20 11 52 52.227     169.9
 2013 04 20 23 38 39.972     2013 04 20 23 41 28.245     168.3
381
 2013 04 20 13 39 47.084     2013 04 20 13 42 40.838     173.8
 2013 04 20 20 15 12.039     2013 04 20 20 17 55.209     163.2
382
 2013 04 20 11 55 21.818     2013 04 20 11 58 40.774     199.0
 2013 04 20 21 59  9.028     2013 04 20 22 01 44.280     155.3
383
 2013 04 20 11 59 47.165     2013 04 20 12 00 55.942      68.8
 2013 04 20 21 55 54.291     2013 04 20 21 59   .427     186.1
384
 2013 04 20 11 59 50.556     2013 04 20 12 02 55.878     185.3
 2013 04 20 20 17  7.346     2013 04 20 20 20 53.402     226.1
385
386
387
 2013 04 20 12 01  1.722     2013 04 20 12 04 18.905     197.2
 2013 04 20 20 17 18.578     2013 04 20 20 19 55.110     156.5
388
 2013 04 20 10 22 59.096     2013 04 20 10 26 38.620     219.5
389
 2013 04 20 22 01 19.279     2013 04 20 22 02 51.626      92.3
390
 2013 04 20 20 26 54.769     2013 04 20 20 29 31.902     157.1
391
 2013 04 20 11 57 31.630     2013 04 20 12 00 41.166     189.5
392
 2013 04 20 20 19 40.666     2013 04 20 20 22 53.898     193.2
393
 2013 04 20 13 39 17.698     2013 04 20 13 42   .427     162.7
 2013 04 20 20 14 54.413     2013 04 20 20 17 34.022     159.6
394
 2013 04 20 12 04 27.327     2013 04 20 12 07 33.850     186.5
 2013 04 20 18 39 10.838     2013 04 20 18 41 48.221     157.4
395
 2013 04 20 10 28  4.963     2013 04 20 10 28 20.985      16.0
396
 2013 04 20 10 26  1.333     2013 04 20 10 29 48.648     227.3
 2013 04 20 18 42 13.962     2013 04 20 18 44 51.101     157.1
397
 2013 04 20 20 25 48.950     2013 04 20 20 29 21.049     212.1
398
 2013 04 20 22 01  9.884     2013 04 20 22 04 52.506     222.6
399
400
 2013 04 20 12 01 55.811     2013 04 20 12 04 40.866     165.1
 2013 04 20 20 18 11.001     2013 04 20 20 21 20.833     189.8
401
 2013 04 20 13 30 42.343     2013 04 20 13 33 51.922     189.6
 2013 04 20 23 33 27.439     2013 04 20 23 36 14.327     166.9
402
 2013 04 20 10 23 43.289     2013 04 20 10 26 30.745     167.5
403
 2013 04 20 10 24  9.629     2013 04 20 10 27 54.615     225.0
404
 2013 04 20 15 16 39.769     2013 04 20 15 19 27.824     168.1
 2013 04 20 20 12 20.138     2013 04 20 20 15  2.431     162.3
405
 2013 04 20 10 20 25.634     2013 04 20 10 20 48.626      23.0
 2013 04 20 20 24 44.901     2013 04 20 20 27 33.542     168.6
406
 2013 04 20 21 51 18.462     2013 04 20 21 53 55.192     156.7
407
408
 2013 04 20 22 04 45.920     2013 04 20 22 05 40.877      55.0
409
410
 2013 04 20 13 37 40.579     2013 04 20 13 40 31.105     170.5
411
 2013 04 20 11 56 32.908     2013 04 20 11 59 38.933     186.0
 2013 04 20 21 57  2.968     2013 04 20 21 59 43.427     160.5
412
 2013 04 20 11 58 57.818     2013 04 20 11 59 14.104      16.3
 2013 04 20 21 56 28.140     2013 04 20 21 59 39.257     191.1
413
414
 2013 04 20 12 03  2.329     2013 04 20 12 04   .611      58.3
 2013 04 20 18 40 37.363     2013 04 20 18 44 20.363     223.0
415
416
417
418
 2013 04 20 11 59  1.383     2013 04 20 12 02  8.803     187.4
419
 2013 04 20 12 01  9.072     2013 04 20 12 03 54.387     165.3
 2013 04 20 20 18 36.670     2013 04 20 20 21 13.135     156.5
420
421
 2013 04 20 15 15  3.172     2013 04 20 15 17 51.842     168.7
 2013 04 20 21 49 39.437     2013 04 20 21 52 51.443     192.0
422
 2013 04 20 15 13 52.370     2013 04 20 15 14  6.776      14.4
 2013 04 20 21 50 53.531     2013 04 20 21 53 33.577     160.0
423
 2013 04 20 11 56 39.586     2013 04 20 11 58 57.459     137.9
424
 2013 04 20 20 26 41.174     2013 04 20 20 29 33.716     172.5
425
 2013 04 20 10 19 25.408     2013 04 20 10 22 29.983     184.6
 2013 04 20 20 24 16.033     2013 04 20 20 27 53.250     217.2
426
 2013 04 20 18 41 47.838     2013 04 20 18 44 24.540     156.7
427
 2013 04 20 15 14 44.309     2013 04 20 15 17 33.360     169.1
 2013 04 20 21 48 51.136     2013 04 20 21 51 49.450     178.3
428
 2013 04 20 23 34 37.530     2013 04 20 23 36  8.560      91.0
429
 2013 04 20 13 31 21.960     2013 04 20 13 34 20.682     178.7
 2013 04 20 23 31 51.755     2013 04 20 23 34 34.453     162.7
430
 2013 04 20 11 52 16.978     2013 04 20 11 55 29.524     192.5
431
 2013 04 20 12 03  9.519     2013 04 20 12 03 29.398      19.9
 2013 04 20 20 16 15.960     2013 04 20 20 16 24.987       9.0
432
 2013 04 20 23 36 59.758     2013 04 20 23 39 53.318     173.6
433
 2013 04 20 15 13 52.331     2013 04 20 15 16 35.012     162.7
 2013 04 20 21 49 34.792     2013 04 20 21 52 19.336     164.5
434
 2013 04 20 21 59  4.566     2013 04 20 22 00 28.757      84.2
435
 2013 04 20 13 41 13.335     2013 04 20 13 43 52.154     158.8
 2013 04 20 18 36 35.790     2013 04 20 18 39 44.224     188.4
436
 2013 04 20 11 52 14.810     2013 04 20 11 55 37.539     202.7
437
 2013 04 20 11 56 29.762     2013 04 20 11 59  6.947     157.2
 2013 04 20 21 57 55.009     2013 04 20 22 00 37.986     163.0
438
 2013 04 20 11 56 48.114     2013 04 20 11 59 27.013     158.9
 2013 04 20 21 57 29.746     2013 04 20 22 00 21.798     172.1
439
 2013 04 20 10 17 39.384     2013 04 20 10 20 31.964     172.6
440
 2013 04 20 10 22  4.163     2013 04 20 10 23 20.011      75.8
441
 2013 04 20 11 57 12.915     2013 04 20 12 00 56.177     223.3
 2013 04 20 21 55 53.069     2013 04 20 21 59 14.249     201.2
442
 2013 04 20 22 02  3.283     2013 04 20 22 04 38.328     155.0
443
 2013 04 20 13 37 51.859     2013 04 20 13 41 11.678     199.8
 2013 04 20 20 18  6.091     2013 04 20 20 18 46.097      40.0
444
445
 2013 04 20 12 04 42.299     2013 04 20 12 07 42.433     180.1
 2013 04 20 18 40 35.257     2013 04 20 18 43 12.337     157.1
446
 2013 04 20 22 00 18.743     2013 04 20 22 03  7.792     169.0
447
 2013 04 20 11 53 51.639     2013 04 20 11 56 40.545     168.9
448
 2013 04 20 15 16 23.139     2013 04 20 15 19 23.502     180.4
 2013 04 20 20 12 21.698     2013 04 20 20 15 15.388     173.7
449
 2013 04 20 13 39 24.304     2013 04 20 13 42 27.528     183.2
 2013 04 20 20 15 22.041     2013 04 20 20 17 59.081     157.0
450
 2013 04 20 10 25 27.494     2013 04 20 10 28 44.974     197.5
 2013 04 20 18 42 26.337     2013 04 20 18 45 36.928     190.6
451
452
 2013 04 20 10 27 51.441     2013 04 20 10 27 50.809       -.6
453
454
 2013 04 20 10 21 23.379     2013 04 20 10 24 58.468     215.1
 2013 04 20 20 23 53.545     2013 04 20 20 27  9.377     195.8
455
 2013 04 20 20 26 48.304     2013 04 20 20 29 35.968     167.7
456
 2013 04 20 11 56  4.858     2013 04 20 11 59  4.086     179.2
 2013 04 20 21 58 34.985     2013 04 20 22 01 20.017     165.0
457
 2013 04 20 13 28 53.641     2013 04 20 13 32   .133     186.5
 2013 04 20 23 33 46.626     2013 04 20 23 37 21.313     214.7
458
 2013 04 20 13 27 56.306     2013 04 20 13 28 42.729      46.4
 2013 04 20 23 34 30.930     2013 04 20 23 38 16.661     225.7
459
 2013 04 20 22 02  5.360     2013 04 20 22 04 56.302     170.9
460
 2013 04 20 13 37 19.455     2013 04 20 13 40 12.003     172.5
 2013 04 20 21 51 29.753     2013 04 20 21 52 40.721      71.0
461
 2013 04 20 13 39  5.957     2013 04 20 13 39 22.827      16.9
 2013 04 20 21 51 26.535     2013 04 20 21 54  6.692     160.2
462
 2013 04 20 18 41 49.906     2013 04 20 18 44 26.896     157.0
463
 2013 04 20 20 26 20.275     2013 04 20 20 29 16.532     176.3
464
 2013 04 20 13 33 37.502     2013 04 20 13 36 26.641     169.1
465
 2013 04 20 13 29 54.924     2013 04 20 13 33 16.297     201.4
 2013 04 20 23 33 58.917     2013 04 20 23 36 34.133     155.2
466
 2013 04 20 20 20 32.348     2013 04 20 20 23 52.625     200.3
467
 2013 04 20 10 16 44.635     2013 04 20 10 19 37.078     172.4
468
469
470
 2013 04 20 11 52 27.438     2013 04 20 11 55 17.064     169.6
471
 2013 04 20 21 53 37.935     2013 04 20 21 54  9.543      31.6
472
 2013 04 20 12 00 36.751     2013 04 20 12 03 21.775     165.0
 2013 04 20 20 17 48.865     2013 04 20 20 20 43.184     174.3
473
 2013 04 20 13 41 48.528     2013 04 20 13 44 46.576     178.0
 2013 04 20 18 37 43.004     2013 04 20 18 40 29.598     166.6
474
 2013 04 20 13 31  1.100     2013 04 20 13 33 39.696     158.6
 2013 04 20 23 32 35.411     2013 04 20 23 35 11.384     156.0
475
 2013 04 20 10 24 25.971     2013 04 20 10 27 17.751     171.8
476
 2013 04 20 23 37 40.294     2013 04 20 23 40 20.900     160.6
477
 2013 04 20 13 29 12.369     2013 04 20 13 32 25.690     193.3
 2013 04 20 23 33 57.426     2013 04 20 23 37  2.662     185.2
478
 2013 04 20 12 01 10.415     2013 04 20 12 01 26.951      16.5
 2013 04 20 20 19 11.395     2013 04 20 20 22 36.578     205.2
479
 2013 04 20 10 22 59.439     2013 04 20 10 25 52.233     172.8
480
 2013 04 20 11 59  2.843     2013 04 20 12 02 49.803     227.0
 2013 04 20 20 19  8.400     2013 04 20 20 19 56.299      47.9
481
 2013 04 20 20 26 58.974     2013 04 20 20 29 44.829     165.9
482
483
 2013 04 20 10 23 18.307     2013 04 20 10 25 55.744     157.4
484
 2013 04 20 13 38 25.574     2013 04 20 13 41 50.334     204.8
 2013 04 20 20 13 27.953     2013 04 20 20 16 22.243     174.3
485
 2013 04 20 10 24 36.119     2013 04 20 10 27 36.366     180.2
486
 2013 04 20 10 24 12.275     2013 04 20 10 27 20.651     188.4
487
 2013 04 20 21 59 59.775     2013 04 20 22 00  9.758      10.0
488
 2013 04 20 23 34  5.757     2013 04 20 23 37 12.803     187.0
489
 2013 04 20 22 00 23.515     2013 04 20 22 03 34.098     190.6
490
 2013 04 20 11 59 59.817     2013 04 20 12 00 59.911      60.1
 2013 04 20 21 55 50.648     2013 04 20 21 58 59.559     188.9
491
 2013 04 20 22 00 15.539     2013 04 20 22 03 16.980     181.4
492
 2013 04 20 23 35  9.330     2013 04 20 23 38 16.195     186.9
493
 2013 04 20 12 02 53.545     2013 04 20 12 06 26.105     212.6
494
 2013 04 20 10 18 26.819     2013 04 20 10 21 38.534     191.7
495
 2013 04 20 13 36 33.885     2013 04 20 13 39 26.628     172.7
 2013 04 20 21 52  8.051     2013 04 20 21 55  4.476     176.4
496
 2013 04 20 22 00 19.827     2013 04 20 22 00 31.730      11.9
497
 2013 04 20 11 52 57.212     2013 04 20 11 55 35.086     157.9
498
 2013 04 20 13 38  2.582     2013 04 20 13 41 42.449     219.9
 2013 04 20 20 13  8.304     2013 04 20 20 16 17.933     189.6
499
 2013 04 20 11 55 19.770     2013 04 20 11 56  6.834      47.1
500
 2013 04 20 10 20 19.450     2013 04 20 10 23 16.285     176.8
 2013 04 20 20 22 43.944     2013 04 20 20 26  6.954     203.0
501
 2013 04 20 12 03 15.778     2013 04 20 12 03 55.600      39.8
 2013 04 20 20 16 36.090     2013 04 20 20 19 51.100     195.0
502
 2013 04 20 13 40 54.527     2013 04 20 13 43 44.844     170.3
 2013 04 20 18 36 39.602     2013 04 20 18 40 26.581     227.0
 2013 04 20 20 14 35.084     2013 04 20 20 15  4.665      29.6
503
 2013 04 20 20 19 18.725     2013 04 20 20 20  9.862      51.1
504
 2013 04 20 10 22  7.276     2013 04 20 10 25 35.114     207.8
 2013 04 20 20 23  6.965     2013 04 20 20 23 34.000      27.0
505
 2013 04 20 12 02  9.719     2013 04 20 12 06  1.951     232.2
 2013 04 20 20 16  2.530     2013 04 20 20 19 53.125     230.6
506
 2013 04 20 13 32 46.604     2013 04 20 13 35 33.867     167.3
507
 2013 04 20 13 30 33.392     2013 04 20 13 33 42.453     189.1
 2013 04 20 23 33 33.664     2013 04 20 23 36 14.824     161.2
508
509
510
 2013 04 20 13 34 59.130     2013 04 20 13 38 28.529     209.4
 2013 04 20 21 51 48.716     2013 04 20 21 54 50.253     181.5
511
 2013 04 20 11 56 39.293     2013 04 20 11 59 27.694     168.4
 2013 04 20 21 58  1.914     2013 04 20 22 01  7.020     185.1
512
 2013 04 20 20 27 37.143     2013 04 20 20 30 25.844     168.7
513
 2013 04 20 13 37 51.317     2013 04 20 13 40 38.525     167.2
514
 2013 04 20 13 34 54.085     2013 04 20 13 34 55.994       1.9
 2013 04 20 21 54 33.320     2013 04 20 21 57  9.764     156.4
515
 2013 04 20 20 20 22.230     2013 04 20 20 23 11.868     169.6
516
 2013 04 20 20 26 24.770     2013 04 20 20 29 33.233     188.5
517
 2013 04 20 11 57  9.297     2013 04 20 11 57 38.064      28.8
518
 2013 04 20 13 38 57.993     2013 04 20 13 41 48.947     171.0
 2013 04 20 20 14 59.219     2013 04 20 20 17 49.418     170.2
519
 2013 04 20 13 35 49.093     2013 04 20 13 38 27.249     158.2
 2013 04 20 21 53  4.863     2013 04 20 21 55 41.687     156.8
520
 2013 04 20 13 40 58.194     2013 04 20 13 43 49.893     171.7
 2013 04 20 18 36 45.593     2013 04 20 18 40 27.369     221.8
 2013 04 20 20 14 33.737     2013 04 20 20 14 40.092       6.4
521
522
 2013 04 20 13 35 20.429     2013 04 20 13 38  3.580     163.2
 2013 04 20 21 52 35.873     2013 04 20 21 55 30.935     175.1
523
 2013 04 20 22 01 50.636     2013 04 20 22 05  5.581     194.9
524
 2013 04 20 11 57 27.998     2013 04 20 12 00  5.384     157.4
 2013 04 20 21 56 57.050     2013 04 20 22 00 36.726     219.7
525
 2013 04 20 22 01 48.384     2013 04 20 22 05  1.632     193.2
526
527
 2013 04 20 20 20  5.728     2013 04 20 20 22 56.456     170.7
528
 2013 04 20 20 19 54.343     2013 04 20 20 23 18.821     204.5
529
 2013 04 20 13 34  8.340     2013 04 20 13 37 11.086     182.7
530
 2013 04 20 20 26 58.644     2013 04 20 20 29 39.471     160.8
531
 2013 04 20 10 21 26.199     2013 04 20 10 24 38.171     192.0
 2013 04 20 20 22 24.808     2013 04 20 20 25   .138     155.3
532
 2013 04 20 12 01 38.332     2013 04 20 12 04 38.695     180.4
 2013 04 20 20 17 21.574     2013 04 20 20 20  9.998     168.4
533
 2013 04 20 13 30 49.341     2013 04 20 13 34  6.584     197.2
 2013 04 20 23 31 49.961     2013 04 20 23 34 25.553     155.6
534
 2013 04 20 11 55  8.811     2013 04 20 11 57 55.044     166.2
 2013 04 20 21 58 43.327     2013 04 20 22 01 35.341     172.0
535
 2013 04 20 13 35 24.580     2013 04 20 13 38  2.538     158.0
 2013 04 20 21 52 52.203     2013 04 20 21 55 43.276     171.1
536
 2013 04 20 10 15 56.079     2013 04 20 10 19 38.992     222.9
537
 2013 04 20 11 53 27.414     2013 04 20 11 57 18.097     230.7
538
 2013 04 20 13 37 12.348     2013 04 20 13 39 52.789     160.4
 2013 04 20 21 51 58.504     2013 04 20 21 55 40.818     222.3
539
 2013 04 20 13 42 10.904     2013 04 20 13 45 19.644     188.7
 2013 04 20 18 38  8.297     2013 04 20 18 40 46.100     157.8
540
 2013 04 20 11 59 31.271     2013 04 20 12 02 17.273     166.0
541
 2013 04 20 13 34 49.939     2013 04 20 13 38 19.843     209.9
 2013 04 20 21 51 44.769     2013 04 20 21 54 56.742     192.0
542
 2013 04 20 22 00 49.729     2013 04 20 22 03 36.089     166.4
543
 2013 04 20 20 28  5.748     2013 04 20 20 31 33.933     208.2
544
 2013 04 20 11 52 11.777     2013 04 20 11 54 51.839     160.1
545
 2013 04 20 10 15 47.355     2013 04 20 10 19 23.385     216.0
546
 2013 04 20 13 40 43.183     2013 04 20 13 43 21.675     158.5
 2013 04 20 18 36  5.746     2013 04 20 18 39 59.150     233.4
 2013 04 20 20 14 18.232     2013 04 20 20 18  1.724     223.5
547
 2013 04 20 13 32  7.232     2013 04 20 13 34 49.021     161.8
 2013 04 20 23 31 57.586     2013 04 20 23 34  4.442     126.9
548
 2013 04 20 23 36 39.915     2013 04 20 23 39 24.881     165.0
549
 2013 04 20 22 00 46.291     2013 04 20 22 01 48.182      61.9
550
 2013 04 20 00 00   .000     2013 04 20 00 00 47.683      47.7
 2013 04 20 11 50 28.254     2013 04 20 11 53  7.398     159.1
 2013 04 20 23 38 32.126     2013 04 20 23 41 48.931     196.8
551
 2013 04 20 22 00  2.453     2013 04 20 22 03 27.785     205.3
552
 2013 04 20 15 14 37.544     2013 04 20 15 17 29.175     171.6
 2013 04 20 21 48 49.746     2013 04 20 21 51 43.128     173.4
553
 2013 04 20 13 36  4.018     2013 04 20 13 39 48.283     224.3
 2013 04 20 21 53 44.460     2013 04 20 21 56 58.059     193.6
554
 2013 04 20 15 14 58.556     2013 04 20 15 18 45.675     227.1
 2013 04 20 21 50 16.033     2013 04 20 21 53 54.406     218.4
555
 2013 04 20 15 15 54.308     2013 04 20 15 19 30.531     216.2
 2013 04 20 20 12 27.883     2013 04 20 20 15 47.225     199.3
556
 2013 04 20 13 31   .278     2013 04 20 13 31 42.236      42.0
 2013 04 20 23 33  8.121     2013 04 20 23 33 57.537      49.4
557
 2013 04 20 12 00 23.434     2013 04 20 12 03  9.492     166.1
 2013 04 20 20 17 42.626     2013 04 20 20 20 50.955     188.3
558
 2013 04 20 13 39 15.073     2013 04 20 13 41 55.002     159.9
 2013 04 20 20 14 46.617     2013 04 20 20 17 27.634     161.0
559
560
 2013 04 20 15 14 42.161     2013 04 20 15 15 16.518      34.4
 2013 04 20 21 50 32.941     2013 04 20 21 54   .016     207.1
561
 2013 04 20 15 12 59.726     2013 04 20 15 15 46.095     166.4
 2013 04 20 21 49  3.942     2013 04 20 21 52 50.508     226.6
562
 2013 04 20 10 15 46.273     2013 04 20 10 19 26.767     220.5
563
 2013 04 20 18 41 50.014     2013 04 20 18 44 27.425     157.4
564
565
 2013 04 20 10 20 49.401     2013 04 20 10 24 33.698     224.3
 2013 04 20 20 22  5.960     2013 04 20 20 24 52.588     166.6
566
 2013 04 20 10 16 49.176     2013 04 20 10 16 54.264       5.1
567
 2013 04 20 20 26 52.279     2013 04 20 20 29 30.800     158.5
568
 2013 04 20 13 35 38.687     2013 04 20 13 38 19.066     160.4
 2013 04 20 21 53 13.368     2013 04 20 21 55 52.409     159.0
569
 2013 04 20 10 17 26.386     2013 04 20 10 20 34.875     188.5
570
 2013 04 20 11 51 39.152     2013 04 20 11 54 33.075     173.9
571
 2013 04 20 12 02 19.419     2013 04 20 12 05 46.903     207.5
 2013 04 20 20 16 18.918     2013 04 20 20 20 10.008     231.1
572
573
 2013 04 20 22 01 24.940     2013 04 20 22 04 56.919     212.0
574
 2013 04 20 12 01 38.322     2013 04 20 12 05 20.136     221.8
 2013 04 20 20 16 39.646     2013 04 20 20 19 42.284     182.6
575
 2013 04 20 20 16 18.068     2013 04 20 20 19  3.267     165.2
576
 2013 04 20 13 35 33.142     2013 04 20 13 38 38.559     185.4
 2013 04 20 21 53 44.520     2013 04 20 21 56 20.619     156.1
577
 2013 04 20 15 12 49.452     2013 04 20 15 13 47.599      58.1
 2013 04 20 21 50 21.435     2013 04 20 21 53 36.759     195.3
578
 2013 04 20 10 24 20.875     2013 04 20 10 25 28.998      68.1
 2013 04 20 20 21 42.334     2013 04 20 20 24 19.208     156.9
579
 2013 04 20 11 53 17.490     2013 04 20 11 56 21.580     184.1
580
 2013 04 20 10 21 46.830     2013 04 20 10 25 18.368     211.5
 2013 04 20 20 21 55.772     2013 04 20 20 24 37.163     161.4
581
 2013 04 20 11 56 40.789     2013 04 20 12 00 13.114     212.3
 2013 04 20 21 56 32.041     2013 04 20 21 59 19.618     167.6
582
 2013 04 20 22 00  9.043     2013 04 20 22 02 47.354     158.3
583
 2013 04 20 20 18 56.531     2013 04 20 20 19 33.829      37.3
584
 2013 04 20 11 51 57.514     2013 04 20 11 54 56.721     179.2
585
 2013 04 20 10 15 42.461     2013 04 20 10 18 19.871     157.4
 2013 04 20 22 04   .774     2013 04 20 22 07 26.477     205.7
586
 2013 04 20 13 32 28.210     2013 04 20 13 35  5.770     157.6
 2013 04 20 23 31 22.347     2013 04 20 23 32  7.691      45.3
587
 2013 04 20 21 51  1.271     2013 04 20 21 53 48.206     166.9
588
 2013 04 20 10 21  7.693     2013 04 20 10 21 20.919      13.2
 2013 04 20 20 24  5.135     2013 04 20 20 27 41.680     216.5
589
 2013 04 20 15 16 26.479     2013 04 20 15 19 28.781     182.3
 2013 04 20 20 12 26.598     2013 04 20 20 15 17.494     170.9
590
 2013 04 20 13 37 57.059     2013 04 20 13 41 49.592     232.5
 2013 04 20 20 15 20.717     2013 04 20 20 18 54.223     213.5
591
 2013 04 20 11 52 12.988     2013 04 20 11 54 59.054     166.1
592
 2013 04 20 12 04 32.946     2013 04 20 12 05 11.263      38.3
 2013 04 20 20 16 38.468     2013 04 20 20 19 21.032     162.6
593
 2013 04 20 11 52 47.240     2013 04 20 11 56 25.842     218.6
594
 2013 04 20 13 33 53.321     2013 04 20 13 37 10.080     196.8
 2013 04 20 21 57 23.996     2013 04 20 21 57 36.174      12.2
595
 2013 04 20 20 25 33.572     2013 04 20 20 25 58.264      24.7
596
 2013 04 20 18 41 19.409     2013 04 20 18 44 51.785     212.4
597
598
 2013 04 20 10 21 17.487     2013 04 20 10 25  3.888     226.4
 2013 04 20 20 21 58.389     2013 04 20 20 24 33.922     155.5
599
 2013 04 20 13 37 19.596     2013 04 20 13 40 15.466     175.9
600
 2013 04 20 13 33 29.182     2013 04 20 13 36 15.147     166.0
601
 2013 04 20 13 32 39.157     2013 04 20 13 35 46.184     187.0
 2013 04 20 23 30 27.372     2013 04 20 23 30 42.485      15.1
602
 2013 04 20 13 28 52.664     2013 04 20 13 31 38.946     166.3
 2013 04 20 23 36 43.255     2013 04 20 23 37 20.842      37.6
603
 2013 04 20 12 04 14.740     2013 04 20 12 07  4.672     169.9
 2013 04 20 18 39 21.071     2013 04 20 18 42  5.789     164.7
604
 2013 04 20 10 19 43.120     2013 04 20 10 22 49.828     186.7
 2013 04 20 20 26 23.062     2013 04 20 20 26 36.023      13.0
605
 2013 04 20 13 36 44.990     2013 04 20 13 39 23.059     158.1
 2013 04 20 21 52 30.851     2013 04 20 21 55 36.869     186.0
606
 2013 04 20 13 36 53.137     2013 04 20 13 39 39.713     166.6
 2013 04 20 21 52  2.900     2013 04 20 21 55 19.419     196.5
607
 2013 04 20 11 58 33.609     2013 04 20 12 01 22.205     168.6
608
 2013 04 20 13 40  1.587     2013 04 20 13 42 45.638     164.1
 2013 04 20 20 14 15.383     2013 04 20 20 17 11.567     176.2
609
 2013 04 20 20 21  7.996     2013 04 20 20 24 32.271     204.3
610
 2013 04 20 12 06 26.148     2013 04 20 12 09  8.957     162.8
 2013 04 20 17 02  3.143     2013 04 20 17 05 25.670     202.5
611
 2013 04 20 13 37 42.951     2013 04 20 13 41 12.953     210.0
 2013 04 20 20 18 45.133     2013 04 20 20 18 56.833      11.7
612
613
 2013 04 20 12 05 52.316     2013 04 20 12 08 33.365     161.0
 2013 04 20 17 01  7.529     2013 04 20 17 04 57.570     230.0
 2013 04 20 18 39 21.037     2013 04 20 18 42 59.025     218.0
614
 2013 04 20 10 21 30.792     2013 04 20 10 24 13.369     162.6
 2013 04 20 20 23 33.122     2013 04 20 20 26 13.699     160.6
615
 2013 04 20 13 37 57.461     2013 04 20 13 40 52.371     174.9
 2013 04 20 20 13 15.711     2013 04 20 20 13 52.666      37.0
616
 2013 04 20 00 00   .000     2013 04 20 00 00  4.029       4.0
 2013 04 20 11 49 31.838     2013 04 20 11 52 50.689     198.9
 2013 04 20 23 38 30.192     2013 04 20 23 41  5.377     155.2
617
 2013 04 20 13 38 13.680     2013 04 20 13 38 22.890       9.2
 2013 04 20 20 15 54.853     2013 04 20 20 18 53.433     178.6
618
 2013 04 20 20 26 14.631     2013 04 20 20 29 26.338     191.7
619
 2013 04 20 21 59 43.699     2013 04 20 22 02  3.602     139.9
620
 2013 04 20 20 20 36.482     2013 04 20 20 23 21.735     165.3
621
622
 2013 04 20 13 31 45.861     2013 04 20 13 34 24.398     158.5
 2013 04 20 23 32 16.618     2013 04 20 23 35 31.685     195.1
623
 2013 04 20 11 50 59.240     2013 04 20 11 54 46.885     227.6
624
625
 2013 04 20 13 32 33.982     2013 04 20 13 35 33.664     179.7
626
627
 2013 04 20 23 34 39.405     2013 04 20 23 37 30.489     171.1
628
629
 2013 04 20 10 16  7.904     2013 04 20 10 18 45.178     157.3
 2013 04 20 22 03 27.077     2013 04 20 22 05 23.689     116.6
630
 2013 04 20 13 40 43.188     2013 04 20 13 44 17.356     214.2
 2013 04 20 18 37 10.816     2013 04 20 18 37 53.109      42.3
631
 2013 04 20 10 20 24.057     2013 04 20 10 23 45.072     201.0
 2013 04 20 20 24 31.447     2013 04 20 20 27  7.104     155.7
632
 2013 04 20 13 40 53.334     2013 04 20 13 44  4.143     190.8
 2013 04 20 18 37   .459     2013 04 20 18 40 48.369     227.9
633
 2013 04 20 15 12 41.177     2013 04 20 15 15 58.116     196.9
 2013 04 20 21 49 27.210     2013 04 20 21 49 52.831      25.6
634
 2013 04 20 15 14 12.889     2013 04 20 15 16 51.315     158.4
 2013 04 20 21 49 27.047     2013 04 20 21 52  4.315     157.3
635
 2013 04 20 13 31 19.506     2013 04 20 13 34  1.193     161.7
 2013 04 20 23 32 17.069     2013 04 20 23 34 59.198     162.1
636
 2013 04 20 13 37 51.509     2013 04 20 13 41  2.789     191.3
 2013 04 20 20 18 26.753     2013 04 20 20 18 42.522      15.8
637
 2013 04 20 13 35  2.583     2013 04 20 13 37 50.526     167.9
 2013 04 20 21 53 21.117     2013 04 20 21 56 22.863     181.7
638
 2013 04 20 10 21 51.055     2013 04 20 10 25 12.671     201.6
 2013 04 20 20 23 25.763     2013 04 20 20 27  2.474     216.7
639
 2013 04 20 22 02 37.937     2013 04 20 22 05 14.038     156.1
640
641
 2013 04 20 13 38 58.997     2013 04 20 13 41 42.759     163.8
 2013 04 20 20 14 48.256     2013 04 20 20 17 39.662     171.4
642
 2013 04 20 23 35  2.134     2013 04 20 23 37 38.918     156.8
643
 2013 04 20 11 58 28.786     2013 04 20 12 02 15.217     226.4
644
 2013 04 20 10 22 52.865     2013 04 20 10 26 10.510     197.6
 2013 04 20 20 21  8.612     2013 04 20 20 24 55.143     226.5
645
 2013 04 20 13 41 12.836     2013 04 20 13 43 58.188     165.4
 2013 04 20 18 36 53.861     2013 04 20 18 40 14.326     200.5
646
 2013 04 20 12 03 48.601     2013 04 20 12 06 30.951     162.4
 2013 04 20 18 39 42.996     2013 04 20 18 43  5.369     202.4
647
 2013 04 20 20 24 55.752     2013 04 20 20 28 22.761     207.0
648
 2013 04 20 10 17 20.937     2013 04 20 10 20 45.550     204.6
649
 2013 04 20 20 25 20.192     2013 04 20 20 27 57.710     157.5
650
 2013 04 20 10 22 59.035     2013 04 20 10 26 48.421     229.4
651
 2013 04 20 11 52 24.933     2013 04 20 11 55  3.161     158.2
652
 2013 04 20 11 53 27.163     2013 04 20 11 56 26.774     179.6
653
654
 2013 04 20 12 00 44.540     2013 04 20 12 00 57.104      12.6
 2013 04 20 21 55 53.558     2013 04 20 21 58 49.378     175.8
655
 2013 04 20 12 04 48.100     2013 04 20 12 05 36.507      48.4
 2013 04 20 18 41 15.852     2013 04 20 18 44  9.965     174.1
656
657
 2013 04 20 12 03 52.592     2013 04 20 12 06 37.552     165.0
 2013 04 20 18 39 51.426     2013 04 20 18 43  7.314     195.9
658
 2013 04 20 13 39 57.359     2013 04 20 13 42 55.640     178.3
 2013 04 20 20 13 55.504     2013 04 20 20 16 57.083     181.6
659
 2013 04 20 13 39 19.918     2013 04 20 13 42 58.882     219.0
 2013 04 20 20 15 48.862     2013 04 20 20 18 27.716     158.9
660
 2013 04 20 13 34 10.597     2013 04 20 13 37 34.437     203.8
 2013 04 20 21 53 41.809     2013 04 20 21 57 19.690     217.9
661
 2013 04 20 20 27 13.931     2013 04 20 20 30 50.746     216.8
662
 2013 04 20 10 18  6.581     2013 04 20 10 20 43.480     156.9
663
 2013 04 20 11 54 14.449     2013 04 20 11 57 31.575     197.1
 2013 04 20 21 59 15.192     2013 04 20 22 02 32.065     196.9
664
 2013 04 20 21 54 43.190     2013 04 20 21 58 26.465     223.3
665
 2013 04 20 10 16 32.071     2013 04 20 10 19 13.456     161.4
 2013 04 20 22 02 49.471     2013 04 20 22 02 55.995       6.5
666
 2013 04 20 10 20 18.317     2013 04 20 10 22 55.641     157.3
 2013 04 20 20 23 34.459     2013 04 20 20 26 46.603     192.1
667
 2013 04 20 13 36 53.309     2013 04 20 13 39 43.418     170.1
 2013 04 20 21 51 57.193     2013 04 20 21 55 15.104     197.9
668
 2013 04 20 13 41 34.523     2013 04 20 13 41 38.910       4.4
 2013 04 20 15 15 37.121     2013 04 20 15 16 45.521      68.4
 2013 04 20 20 12 30.862     2013 04 20 20 16  6.439     215.6
669
 2013 04 20 10 18 35.329     2013 04 20 10 21 12.794     157.5
670
 2013 04 20 10 21  9.586     2013 04 20 10 23 55.813     166.2
 2013 04 20 20 22 59.421     2013 04 20 20 25 38.446     159.0
671
 2013 04 20 22 01 42.941     2013 04 20 22 04 17.797     154.9
672
 2013 04 20 13 30 17.649     2013 04 20 13 32 54.895     157.2
 2013 04 20 23 32 53.620     2013 04 20 23 35 40.802     167.2
673
 2013 04 20 13 30 31.892     2013 04 20 13 33 35.004     183.1
 2013 04 20 23 33 32.184     2013 04 20 23 36 10.311     158.1
674
 2013 04 20 15 15 58.227     2013 04 20 15 18 38.141     159.9
 2013 04 20 20 11 29.667     2013 04 20 20 14 44.834     195.2
675
 2013 04 20 11 54 36.682     2013 04 20 11 57 47.928     191.2
 2013 04 20 21 59 57.834     2013 04 20 22 01  4.124      66.3
676
 2013 04 20 11 55 15.879     2013 04 20 11 57 58.223     162.3
 2013 04 20 21 58 36.260     2013 04 20 22 01 26.513     170.3
677
 2013 04 20 21 55 43.248     2013 04 20 21 58 47.385     184.1
678
 2013 04 20 22 00 49.181     2013 04 20 22 03 49.827     180.6
679
 2013 04 20 13 40  6.726     2013 04 20 13 40 43.926      37.2
 2013 04 20 20 15 43.457     2013 04 20 20 19 22.974     219.5
680
 2013 04 20 23 37  6.402     2013 04 20 23 39 59.709     173.3
681
 2013 04 20 23 35 45.013     2013 04 20 23 38 25.144     160.1
682
 2013 04 20 13 37 46.887     2013 04 20 13 40 58.696     191.8
683
 2013 04 20 15 13 56.780     2013 04 20 15 16 42.922     166.1
 2013 04 20 21 48 58.457     2013 04 20 21 51 37.617     159.2
684
 2013 04 20 22 05 41.379     2013 04 20 22 06 14.126      32.7
685
 2013 04 20 10 21 45.094     2013 04 20 10 25 22.261     217.2
 2013 04 20 20 23 30.637     2013 04 20 20 27 16.611     226.0
686
687
 2013 04 20 11 53 47.862     2013 04 20 11 54 15.728      27.9
 2013 04 20 23 37 21.037     2013 04 20 23 40 13.784     172.7
688
 2013 04 20 11 55 27.101     2013 04 20 11 59  5.325     218.2
 2013 04 20 21 59 12.051     2013 04 20 22 01 54.391     162.3
689
 2013 04 20 13 36 52.789     2013 04 20 13 40  3.526     190.7
 2013 04 20 21 51 31.406     2013 04 20 21 54 57.537     206.1
690
 2013 04 20 13 39 39.082     2013 04 20 13 43 26.018     226.9
 2013 04 20 20 15 49.496     2013 04 20 20 18 42.964     173.5
691
 2013 04 20 20 20 14.912     2013 04 20 20 23  3.787     168.9
692
693
694
 2013 04 20 13 36 11.301     2013 04 20 13 39 56.977     225.7
 2013 04 20 21 53 38.579     2013 04 20 21 57  2.915     204.3
695
 2013 04 20 13 32 54.305     2013 04 20 13 35 44.666     170.4
696
 2013 04 20 11 52   .027     2013 04 20 11 54 38.569     158.5
697
 2013 04 20 20 26 52.240     2013 04 20 20 29 27.768     155.5
698
 2013 04 20 10 19 15.469     2013 04 20 10 22 53.844     218.4
699
 2013 04 20 10 16 37.457     2013 04 20 10 19 25.498     168.0
700
 2013 04 20 13 27 52.418     2013 04 20 13 31 21.803     209.4
701
 2013 04 20 20 21 33.561     2013 04 20 20 24  9.053     155.5
702
 2013 04 20 20 21 13.987     2013 04 20 20 24 46.381     212.4
703
 2013 04 20 15 14 20.419     2013 04 20 15 17 13.143     172.7
 2013 04 20 21 48 52.253     2013 04 20 21 51 33.892     161.6
704
705
 2013 04 20 12 04 17.793     2013 04 20 12 07 37.289     199.5
 2013 04 20 18 39   .271     2013 04 20 18 41 37.703     157.4
706
 2013 04 20 18 41 46.898     2013 04 20 18 44 25.359     158.5
707
708
 2013 04 20 11 55 23.861     2013 04 20 11 58  8.272     164.4
 2013 04 20 21 57 48.280     2013 04 20 22 00 47.839     179.6
709
 2013 04 20 11 58 29.932     2013 04 20 12 01 41.753     191.8
710
 2013 04 20 23 37  2.026     2013 04 20 23 40  4.828     182.8
711
 2013 04 20 11 59 31.942     2013 04 20 12 02 12.371     160.4
712
 2013 04 20 13 36 38.295     2013 04 20 13 40  8.066     209.8
 2013 04 20 21 53 12.266     2013 04 20 21 57  1.949     229.7
713
 2013 04 20 13 32 18.451     2013 04 20 13 35 11.546     173.1
714
 2013 04 20 12 03 13.390     2013 04 20 12 06 31.703     198.3
 2013 04 20 18 38 24.706     2013 04 20 18 41 58.995     214.3
715
 2013 04 20 12 05 55.327     2013 04 20 12 08 34.746     159.4
 2013 04 20 17 01 12.686     2013 04 20 17 05  3.269     230.6
 2013 04 20 18 39 25.174     2013 04 20 18 43  5.562     220.4
716
 2013 04 20 10 21 37.216     2013 04 20 10 24 34.847     177.6
 2013 04 20 20 22 34.770     2013 04 20 20 25 10.981     156.2
717
718
 2013 04 20 11 57 32.215     2013 04 20 12 00 19.808     167.6
 2013 04 20 21 56 32.161     2013 04 20 22 00  9.832     217.7
719
 2013 04 20 13 41 34.595     2013 04 20 13 44 13.241     158.6
 2013 04 20 18 37   .237     2013 04 20 18 39 51.980     171.7
720
 2013 04 20 21 55 53.787     2013 04 20 21 59 16.588     202.8
721
 2013 04 20 10 20 44.585     2013 04 20 10 23 21.754     157.2
 2013 04 20 20 23 34.328     2013 04 20 20 26 22.498     168.2
722
 2013 04 20 13 34 49.998     2013 04 20 13 37 39.167     169.2
 2013 04 20 21 52 14.278     2013 04 20 21 55 44.811     210.5
723
 2013 04 20 13 39 38.786     2013 04 20 13 42 36.146     177.4
 2013 04 20 20 15 16.681     2013 04 20 20 17 56.387     159.7
724
 2013 04 20 13 34 24.055     2013 04 20 13 37  9.076     165.0
 2013 04 20 21 56  6.036     2013 04 20 21 56 17.061      11.0
725
 2013 04 20 20 21 30.157     2013 04 20 20 21 38.797       8.6
726
 2013 04 20 11 55 39.792     2013 04 20 11 58 17.608     157.8
 2013 04 20 21 58 21.251     2013 04 20 22 01  1.397     160.1
727
 2013 04 20 11 54   .322     2013 04 20 11 54 15.233      14.9
 2013 04 20 23 37 21.638     2013 04 20 23 40 11.076     169.4
728
 2013 04 20 15 13 27.193     2013 04 20 15 16 47.676     200.5
 2013 04 20 21 50  7.764     2013 04 20 21 53   .775     173.0
729
 2013 04 20 11 54 37.144     2013 04 20 11 57 29.977     172.8
 2013 04 20 22 00 24.185     2013 04 20 22 01 24.520      60.3
730
 2013 04 20 21 58 35.902     2013 04 20 21 58 47.449      11.5
731
 2013 04 20 11 54 51.634     2013 04 20 11 58   .812     189.2
 2013 04 20 21 59  9.993     2013 04 20 22 01 57.813     167.8
732
 2013 04 20 11 59 55.484     2013 04 20 12 03 16.149     200.7
 2013 04 20 20 19  7.906     2013 04 20 20 22 10.366     182.5
733
 2013 04 20 10 19  2.061     2013 04 20 10 22  9.763     187.7
 2013 04 20 20 27 47.242     2013 04 20 20 28 19.436      32.2
734
 2013 04 20 11 59 11.693     2013 04 20 12 02 44.089     212.4
735
 2013 04 20 21 55 32.322     2013 04 20 21 58  9.688     157.4
736
 2013 04 20 23 37 35.471     2013 04 20 23 40 45.943     190.5
737
 2013 04 20 20 28  3.444     2013 04 20 20 30 38.356     154.9
738
 2013 04 20 13 35 12.528     2013 04 20 13 38  9.432     176.9
 2013 04 20 21 53 36.084     2013 04 20 21 56 22.703     166.6
739
 2013 04 20 10 18  7.580     2013 04 20 10 21  1.263     173.7
740
 2013 04 20 13 30 57.035     2013 04 20 13 31 22.995      26.0
 2013 04 20 23 31 14.582     2013 04 20 23 33 51.147     156.6
741
 2013 04 20 15 14 21.192     2013 04 20 15 17 31.469     190.3
 2013 04 20 16 52  2.390     2013 04 20 16 52 10.766       8.4
 2013 04 20 21 48 33.240     2013 04 20 21 51 22.599     169.4
742
 2013 04 20 15 14 31.882     2013 04 20 15 17 10.235     158.4
 2013 04 20 21 49 21.840     2013 04 20 21 52  3.642     161.8
743
 2013 04 20 10 22 32.620     2013 04 20 10 26 18.043     225.4
744
745
746
 2013 04 20 13 37  4.262     2013 04 20 13 39 42.201     157.9
 2013 04 20 21 52 19.642     2013 04 20 21 55 52.121     212.5
747
748
 2013 04 20 10 16 25.484     2013 04 20 10 19 44.266     198.8
749
 2013 04 20 10 24  9.077     2013 04 20 10 26 47.052     158.0
750
 2013 04 20 20 26 13.104     2013 04 20 20 28 55.115     162.0
751
752
 2013 04 20 18 41 16.722     2013 04 20 18 45   .058     223.3
753
 2013 04 20 12 00  1.041     2013 04 20 12 01 49.840     108.8
 2013 04 20 20 19 37.317     2013 04 20 20 22 17.520     160.2
754
 2013 04 20 15 15 57.831     2013 04 20 15 19 11.638     193.8
 2013 04 20 20 12 10.589     2013 04 20 20 15 29.914     199.3
755
 2013 04 20 10 22 53.001     2013 04 20 10 26 11.897     198.9
756
 2013 04 20 10 23 48.734     2013 04 20 10 24 45.492      56.8
 2013 04 20 20 21 53.441     2013 04 20 20 24 41.747     168.3
757
 2013 04 20 15 13 26.629     2013 04 20 15 16 10.412     163.8
 2013 04 20 21 49 21.678     2013 04 20 21 52 30.594     188.9
758
 2013 04 20 12 00 36.585     2013 04 20 12 01 21.761      45.2
 2013 04 20 20 16 53.128     2013 04 20 20 19 31.724     158.6
759
 2013 04 20 22 01 48.362     2013 04 20 22 04 23.320     155.0
760
 2013 04 20 13 39 23.696     2013 04 20 13 42 20.903     177.2
 2013 04 20 20 15 15.957     2013 04 20 20 17 53.058     157.1
761
 2013 04 20 15 15   .007     2013 04 20 15 17 38.465     158.5
 2013 04 20 21 49 18.071     2013 04 20 21 52 23.659     185.6
762
 2013 04 20 21 59 58.851     2013 04 20 22 02 45.102     166.3
763
 2013 04 20 12 05 58.448     2013 04 20 12 08 37.107     158.7
 2013 04 20 17 01 21.952     2013 04 20 17 02 46.653      84.7
 2013 04 20 18 39 36.529     2013 04 20 18 43 18.839     222.3
764
 2013 04 20 10 24 34.638     2013 04 20 10 27 13.929     159.3
765
 2013 04 20 21 58 36.418     2013 04 20 21 59 12.982      36.6
766
 2013 04 20 12 02 53.518     2013 04 20 12 06 39.119     225.6
 2013 04 20 18 38  2.811     2013 04 20 18 41 42.697     219.9
767
 2013 04 20 12 04 42.715     2013 04 20 12 07 57.301     194.6
 2013 04 20 13 42 26.057     2013 04 20 13 42 37.695      11.6
 2013 04 20 18 39  3.500     2013 04 20 18 41 47.421     163.9
768
 2013 04 20 20 16 22.071     2013 04 20 20 19 46.884     204.8
769
 2013 04 20 23 35 12.374     2013 04 20 23 37 47.292     154.9
770
 2013 04 20 10 20 58.310     2013 04 20 10 21  1.885       3.6
771
 2013 04 20 13 38  5.779     2013 04 20 13 41 18.323     192.5
 2013 04 20 20 13 17.313     2013 04 20 20 16 44.551     207.2
772
 2013 04 20 11 54 42.461     2013 04 20 11 58  6.953     204.5
 2013 04 20 21 56 57.420     2013 04 20 22 00 43.951     226.5
773
 2013 04 20 13 33 20.019     2013 04 20 13 36 16.235     176.2
774
 2013 04 20 23 36 53.332     2013 04 20 23 40   .322     187.0
775
 2013 04 20 22 03  1.988     2013 04 20 22 05 37.685     155.7
776
 2013 04 20 22 00 30.322     2013 04 20 22 00 58.412      28.1
777
 2013 04 20 11 52 48.678     2013 04 20 11 56 10.000     201.3
778
 2013 04 20 13 34 58.295     2013 04 20 13 37 46.454     168.2
 2013 04 20 21 53 19.878     2013 04 20 21 56 26.265     186.4
779
 2013 04 20 11 56  1.245     2013 04 20 11 56  9.625       8.4
 2013 04 20 21 58 38.427     2013 04 20 22 00 18.676     100.2
780
 2013 04 20 22 00 56.709     2013 04 20 22 04 35.363     218.7
781
 2013 04 20 15 16 20.170     2013 04 20 15 19  4.483     164.3
 2013 04 20 20 11 59.193     2013 04 20 20 14 54.235     175.0
782
 2013 04 20 11 54 19.133     2013 04 20 11 57  3.520     164.4
783
 2013 04 20 13 35 24.343     2013 04 20 13 38 44.920     200.6
 2013 04 20 21 52   .480     2013 04 20 21 54 43.449     163.0
784
 2013 04 20 13 29 14.172     2013 04 20 13 32  7.269     173.1
 2013 04 20 23 33 33.709     2013 04 20 23 36 58.498     204.8
785
 2013 04 20 13 40 19.677     2013 04 20 13 43 44.926     205.2
 2013 04 20 20 15 20.001     2013 04 20 20 18 52.427     212.4
786
 2013 04 20 21 56  6.760     2013 04 20 21 58 46.688     159.9
787
 2013 04 20 10 25 37.516     2013 04 20 10 29 21.562     224.0
 2013 04 20 18 42 14.223     2013 04 20 18 45  4.196     170.0
788
 2013 04 20 10 15 11.664     2013 04 20 10 17 58.800     167.1
 2013 04 20 22 04  4.937     2013 04 20 22 06 49.436     164.5
789
 2013 04 20 23 35  7.040     2013 04 20 23 35 36.764      29.7
790
 2013 04 20 10 18 21.368     2013 04 20 10 22 12.676     231.3
 2013 04 20 20 28 44.526     2013 04 20 20 28 59.428      14.9
791
 2013 04 20 10 15  9.605     2013 04 20 10 15 11.929       2.3
 2013 04 20 22 02 58.196     2013 04 20 22 05 42.243     164.0
792
 2013 04 20 10 21 24.256     2013 04 20 10 24  1.431     157.2
 2013 04 20 20 23 23.973     2013 04 20 20 25 59.430     155.5
793
 2013 04 20 13 39 36.574     2013 04 20 13 42 18.596     162.0
 2013 04 20 20 14 24.569     2013 04 20 20 17  3.299     158.7
794
 2013 04 20 15 12 24.857     2013 04 20 15 15 47.250     202.4
795
 2013 04 20 13 33 30.742     2013 04 20 13 36 45.027     194.3
796
 2013 04 20 13 34  7.082     2013 04 20 13 37 43.472     216.4
 2013 04 20 21 55 17.014     2013 04 20 21 55 29.878      12.9
797
 2013 04 20 13 35 34.309     2013 04 20 13 36 23.590      49.3
 2013 04 20 21 54  9.791     2013 04 20 21 57  4.433     174.6
798
 2013 04 20 13 26 57.461     2013 04 20 13 27 35.954      38.5
799
 2013 04 20 20 26 13.336     2013 04 20 20 29 21.393     188.1
800
 2013 04 20 20 16 13.738     2013 04 20 20 18 54.293     160.6
801
 2013 04 20 23 36 32.411     2013 04 20 23 39 56.997     204.6
802
 2013 04 20 13 40 22.979     2013 04 20 13 43  8.748     165.8
 2013 04 20 18 35 33.728     2013 04 20 18 36 11.949      38.2
 2013 04 20 20 14  1.934     2013 04 20 20 17 25.330     203.4
803
 2013 04 20 11 53 38.896     2013 04 20 11 56 31.223     172.3
804
 2013 04 20 11 59 12.989     2013 04 20 12 01 53.670     160.7
805
 2013 04 20 10 29  4.559     2013 04 20 10 29 17.762      13.2
 2013 04 20 18 41 47.892     2013 04 20 18 45  1.157     193.3
806
 2013 04 20 12 03  4.374     2013 04 20 12 03 31.382      27.0
 2013 04 20 20 16 19.428     2013 04 20 20 17 13.910      54.5
807
 2013 04 20 13 27 14.797     2013 04 20 13 28 25.460      70.7
808
 2013 04 20 11 56 57.359     2013 04 20 12 00 24.684     207.3
 2013 04 20 21 57 44.040     2013 04 20 21 57 47.382       3.3
809
 2013 04 20 11 59 30.348     2013 04 20 12 02 16.649     166.3
810
 2013 04 20 15 12 46.088     2013 04 20 15 15 51.847     185.8
 2013 04 20 21 49 18.598     2013 04 20 21 49 49.686      31.1
811
 2013 04 20 23 35 35.856     2013 04 20 23 39 18.459     222.6
812
 2013 04 20 11 53 50.415     2013 04 20 11 57 41.764     231.3
 2013 04 20 21 59 42.358     2013 04 20 22 02 54.460     192.1
813
814
 2013 04 20 11 54 49.266     2013 04 20 11 56  1.462      72.2
815
816
 2013 04 20 11 51 43.042     2013 04 20 11 55 18.978     215.9
817
 2013 04 20 12 00 39.373     2013 04 20 12 03 22.979     163.6
 2013 04 20 20 17 51.898     2013 04 20 20 20 44.063     172.2
818
 2013 04 20 13 40 42.343     2013 04 20 13 43 51.748     189.4
 2013 04 20 18 36 45.646     2013 04 20 18 36 49.848       4.2
 2013 04 20 20 14 57.377     2013 04 20 20 16  6.428      69.1
819
 2013 04 20 13 39 10.924     2013 04 20 13 42 30.894     200.0
 2013 04 20 15 16 56.015     2013 04 20 15 17  4.287       8.3
 2013 04 20 20 13 44.578     2013 04 20 20 16 23.052     158.5
820
 2013 04 20 00 00   .000     2013 04 20 00 00  5.372       5.4
 2013 04 20 11 49  6.619     2013 04 20 11 52 39.551     212.9
 2013 04 20 23 38 28.412     2013 04 20 23 41  6.766     158.4
821
 2013 04 20 20 20  9.132     2013 04 20 20 23 34.990     205.9
822
 2013 04 20 10 21 27.277     2013 04 20 10 24 56.250     209.0
 2013 04 20 20 23 49.884     2013 04 20 20 27  4.477     194.6
823
 2013 04 20 12 06 16.756     2013 04 20 12 09  8.160     171.4
 2013 04 20 17 02  4.305     2013 04 20 17 05 42.168     217.9
824
 2013 04 20 15 13 55.146     2013 04 20 15 17 49.530     234.4
 2013 04 20 21 50 42.537     2013 04 20 21 53 20.652     158.1
825
 2013 04 20 13 35  4.726     2013 04 20 13 35 41.386      36.7
 2013 04 20 21 54 25.432     2013 04 20 21 57  2.699     157.3
826
827
 2013 04 20 15 15 57.929     2013 04 20 15 18 37.897     160.0
 2013 04 20 20 11 29.489     2013 04 20 20 14 45.089     195.6
828
 2013 04 20 12 05 55.867     2013 04 20 12 08 48.075     172.2
 2013 04 20 13 43 31.975     2013 04 20 13 43 53.822      21.8
 2013 04 20 17 01  8.901     2013 04 20 17 04 33.742     204.8
 2013 04 20 18 38 55.851     2013 04 20 18 40 22.543      86.7
829
 2013 04 20 15 15  4.158     2013 04 20 15 18 10.342     186.2
 2013 04 20 16 52 50.898     2013 04 20 16 56 45.599     234.7
 2013 04 20 20 10 15.200     2013 04 20 20 13 47.977     212.8
 2013 04 20 21 48 17.443     2013 04 20 21 51 55.690     218.2
830
 2013 04 20 13 40 52.602     2013 04 20 13 43 32.994     160.4
 2013 04 20 18 36 22.762     2013 04 20 18 40  7.507     224.7
 2013 04 20 20 14 21.298     2013 04 20 20 15 29.017      67.7
831
 2013 04 20 21 50 44.612     2013 04 20 21 54  9.541     204.9
832
 2013 04 20 11 53 16.347     2013 04 20 11 56 16.204     179.9
833
 2013 04 20 15 14 10.393     2013 04 20 15 16 53.947     163.6
 2013 04 20 21 49  5.112     2013 04 20 21 51 42.414     157.3
834
 2013 04 20 13 37 24.083     2013 04 20 13 40 43.086     199.0
835
 2013 04 20 13 40 59.729     2013 04 20 13 44 30.922     211.2
 2013 04 20 18 37 27.630     2013 04 20 18 41  2.032     214.4
836
 2013 04 20 10 25 58.022     2013 04 20 10 26  9.534      11.5
 2013 04 20 20 21 12.447     2013 04 20 20 24  4.995     172.5
837
838
 2013 04 20 15 12  7.676     2013 04 20 15 14  1.261     113.6
839
 2013 04 20 13 34  4.073     2013 04 20 13 36 42.409     158.3
840
 2013 04 20 15 15 55.906     2013 04 20 15 18 40.278     164.4
 2013 04 20 20 11 35.320     2013 04 20 20 14 56.738     201.4
841
 2013 04 20 10 24  7.348     2013 04 20 10 26 45.001     157.7
842
 2013 04 20 10 18 51.760     2013 04 20 10 20 10.230      78.5
 2013 04 20 20 25  1.862     2013 04 20 20 28 24.389     202.5
843
 2013 04 20 10 20 21.409     2013 04 20 10 23 29.517     188.1
 2013 04 20 20 22 32.840     2013 04 20 20 25 52.392     199.6
844
 2013 04 20 11 58  5.415     2013 04 20 12 01 41.178     215.8
845
 2013 04 20 13 35  5.836     2013 04 20 13 38 28.164     202.3
 2013 04 20 21 51 55.244     2013 04 20 21 54 52.537     177.3
846
 2013 04 20 12 01 47.175     2013 04 20 12 04 26.313     159.1
 2013 04 20 20 17 50.845     2013 04 20 20 20 42.423     171.6
847
 2013 04 20 13 30 21.971     2013 04 20 13 33 13.556     171.6
 2013 04 20 23 33 29.135     2013 04 20 23 36  4.424     155.3
848
 2013 04 20 11 51 14.685     2013 04 20 11 54  9.012     174.3
 2013 04 20 23 37 18.808     2013 04 20 23 37 47.460      28.7
849
 2013 04 20 13 39 57.660     2013 04 20 13 43 18.840     201.2
 2013 04 20 20 15 29.356     2013 04 20 20 18 30.820     181.5
850
 2013 04 20 15 13  5.858     2013 04 20 15 13 31.129      25.3
 2013 04 20 21 50 39.532     2013 04 20 21 53 32.359     172.8
851
 2013 04 20 11 55 58.175     2013 04 20 11 59 10.040     191.9
 2013 04 20 21 58 43.898     2013 04 20 22 01 32.184     168.3
852
 2013 04 20 13 31  4.264     2013 04 20 13 34 13.705     189.4
 2013 04 20 23 33  8.798     2013 04 20 23 36 14.968     186.2
853
 2013 04 20 13 31 46.715     2013 04 20 13 35 31.735     225.0
 2013 04 20 23 30 45.714     2013 04 20 23 33 55.444     189.7
854
 2013 04 20 11 55  2.193     2013 04 20 11 58   .951     178.8
 2013 04 20 21 58 59.384     2013 04 20 22 01 46.521     167.1
855
 2013 04 20 10 17 31.115     2013 04 20 10 20 59.279     208.2
856
 2013 04 20 10 18  7.241     2013 04 20 10 21 54.722     227.5
857
 2013 04 20 12 00 33.626     2013 04 20 12 04 12.706     219.1
 2013 04 20 20 19 24.581     2013 04 20 20 22   .893     156.3
858
 2013 04 20 13 37 18.211     2013 04 20 13 40 27.750     189.5
 2013 04 20 21 51  8.861     2013 04 20 21 51 46.632      37.8
859
 2013 04 20 13 42 31.187     2013 04 20 13 45 46.180     195.0
 2013 04 20 18 38 21.554     2013 04 20 18 41  2.834     161.3
860
 2013 04 20 13 38 47.555     2013 04 20 13 41 32.530     165.0
 2013 04 20 20 14 43.411     2013 04 20 20 17 45.977     182.6
861
 2013 04 20 23 33 49.503     2013 04 20 23 37 31.528     222.0
862
 2013 04 20 12 02 36.992     2013 04 20 12 02 50.132      13.1
863
 2013 04 20 13 33  3.159     2013 04 20 13 35 47.327     164.2
864
 2013 04 20 12 02 36.137     2013 04 20 12 05 34.884     178.7
 2013 04 20 20 16 36.329     2013 04 20 20 17 24.745      48.4
865
866
 2013 04 20 10 22 41.135     2013 04 20 10 26  4.937     203.8
867
868
 2013 04 20 10 21 38.024     2013 04 20 10 25   .781     202.8
 2013 04 20 20 22  9.090     2013 04 20 20 24 46.300     157.2
869
 2013 04 20 10 21  2.882     2013 04 20 10 23 52.091     169.2
 2013 04 20 20 23 55.109     2013 04 20 20 26 30.239     155.1
870
 2013 04 20 12 05  1.868     2013 04 20 12 08 22.383     200.5
 2013 04 20 18 40 49.078     2013 04 20 18 43 38.935     169.9
871
 2013 04 20 10 18   .379     2013 04 20 10 21 19.456     199.1
872
 2013 04 20 11 58 32.680     2013 04 20 12 01 10.203     157.5
873
 2013 04 20 13 36 24.573     2013 04 20 13 38  4.577     100.0
 2013 04 20 21 53 27.120     2013 04 20 21 54 57.217      90.1
874
 2013 04 20 13 36 19.865     2013 04 20 13 37 17.383      57.5
 2013 04 20 21 53 31.806     2013 04 20 21 55 13.159     101.4
875
876
 2013 04 20 23 38 30.029     2013 04 20 23 38 59.384      29.4
877
 2013 04 20 10 22 33.568     2013 04 20 10 25 32.858     179.3
 2013 04 20 20 21 48.720     2013 04 20 20 25  7.505     198.8
878
 2013 04 20 15 14 31.767     2013 04 20 15 17 10.550     158.8
 2013 04 20 21 49 18.048     2013 04 20 21 52   .159     162.1
879
 2013 04 20 13 39 43.819     2013 04 20 13 42 25.570     161.8
 2013 04 20 20 14 24.679     2013 04 20 20 17  6.203     161.5
880
 2013 04 20 12 04 10.540     2013 04 20 12 07 59.765     229.2
 2013 04 20 13 42 19.569     2013 04 20 13 46  2.653     223.1
 2013 04 20 18 38 40.805     2013 04 20 18 41 19.607     158.8
881
882
 2013 04 20 13 28 56.086     2013 04 20 13 32 32.878     216.8
 2013 04 20 23 34 16.949     2013 04 20 23 37 18.678     181.7
883
 2013 04 20 11 57 48.364     2013 04 20 12 01 31.150     222.8
884
 2013 04 20 15 13 33.941     2013 04 20 15 16 45.894     192.0
 2013 04 20 21 50  3.106     2013 04 20 21 52 53.254     170.1
885
 2013 04 20 13 34 37.719     2013 04 20 13 37 15.253     157.5
 2013 04 20 21 52 34.867     2013 04 20 21 56 25.040     230.2
886
 2013 04 20 20 20 26.635     2013 04 20 20 23 10.369     163.7
887
 2013 04 20 11 54 50.537     2013 04 20 11 58  8.775     198.2
 2013 04 20 21 57  4.654     2013 04 20 22 00 41.453     216.8
888
 2013 04 20 23 35 14.967     2013 04 20 23 38 33.464     198.5
889
 2013 04 20 12 04 47.327     2013 04 20 12 05 21.447      34.1
 2013 04 20 18 41 17.544     2013 04 20 18 44 12.280     174.7
890
891
 2013 04 20 12 03 55.002     2013 04 20 12 06 50.957     176.0
 2013 04 20 18 39  5.535     2013 04 20 18 42  3.735     178.2
892
 2013 04 20 13 29 40.186     2013 04 20 13 30  1.986      21.8
 2013 04 20 23 34 22.899     2013 04 20 23 37  3.358     160.5
893
 2013 04 20 13 31 39.085     2013 04 20 13 35 12.421     213.3
 2013 04 20 23 31  3.553     2013 04 20 23 34  3.111     179.6
894
 2013 04 20 11 51 52.181     2013 04 20 11 53  1.408      69.2
895
 2013 04 20 10 24 15.138     2013 04 20 10 27 45.020     209.9
896
 2013 04 20 13 34 29.183     2013 04 20 13 37 17.849     168.7
 2013 04 20 21 55 20.508     2013 04 20 21 56  5.632      45.1
897
 2013 04 20 15 15  3.436     2013 04 20 15 17 41.805     158.4
 2013 04 20 21 49 14.448     2013 04 20 21 52 24.385     189.9
898
 2013 04 20 10 24 51.294     2013 04 20 10 27 33.217     161.9
 2013 04 20 18 47  9.888     2013 04 20 18 47 28.707      18.8
899
 2013 04 20 11 51 15.270     2013 04 20 11 54 27.852     192.6
 2013 04 20 23 36 59.045     2013 04 20 23 37 29.483      30.4
