s1
0
 2013 04 20 12 23 12.089     2013 04 20 12 26  1.707     169.6
 2013 04 20 20 38 30.016     2013 04 20 20 41  6.208     156.2
1
 2013 04 20 12 22  8.113     2013 04 20 12 24 46.001     157.9
 2013 04 20 20 38 55.554     2013 04 20 20 42 38.398     222.8
2
 2013 04 20 19 02 48.507     2013 04 20 19 05 23.263     154.8
3
 2013 04 20 12 16 52.231     2013 04 20 12 20  7.033     194.8
 2013 04 20 22 20 54.749     2013 04 20 22 21 26.054      31.3
4
 2013 04 20 12 21 17.909     2013 04 20 12 24 33.669     195.8
5
 2013 04 20 10 49 19.833     2013 04 20 10 52  9.981     170.1
 2013 04 20 19 03 53.777     2013 04 20 19 06 32.842     159.1
6
 2013 04 20 09 04   .073     2013 04 20 09 06 34.119     154.0
 2013 04 20 20 49 43.010     2013 04 20 20 53  2.454     199.4
7
 2013 04 20 12 19 13.615     2013 04 20 12 22   .617     167.0
 2013 04 20 22 17 33.874     2013 04 20 22 20 24.876     171.0
8
 2013 04 20 14 00 55.606     2013 04 20 14 04  7.423     191.8
 2013 04 20 20 34 36.116     2013 04 20 20 37 11.494     155.4
9
10
 2013 04 20 20 40 38.303     2013 04 20 20 43 52.032     193.7
11
12
 2013 04 20 10 46 48.038     2013 04 20 10 50 32.293     224.3
13
 2013 04 20 12 26 11.965     2013 04 20 12 29 34.973     203.0
 2013 04 20 19 01 48.542     2013 04 20 19 04 37.826     169.3
14
 2013 04 20 14 02 19.385     2013 04 20 14 05 15.045     175.7
 2013 04 20 15 39 41.420     2013 04 20 15 40  2.784      21.4
 2013 04 20 18 56 38.941     2013 04 20 19 00 16.886     217.9
 2013 04 20 20 34 32.293     2013 04 20 20 38  2.705     210.4
15
16
 2013 04 20 12 22  1.113     2013 04 20 12 24 36.859     155.7
 2013 04 20 20 42   .881     2013 04 20 20 42 41.368      40.5
17
18
 2013 04 20 12 18  5.805     2013 04 20 12 21 41.400     215.6
 2013 04 20 22 19 25.064     2013 04 20 22 22 17.648     172.6
19
 2013 04 20 22 24 41.591     2013 04 20 22 25  4.699      23.1
20
 2013 04 20 10 45 27.088     2013 04 20 10 48 11.609     164.5
 2013 04 20 20 42 28.528     2013 04 20 20 46  8.189     219.7
21
 2013 04 20 10 40 21.941     2013 04 20 10 43   .938     159.0
22
 2013 04 20 20 47 17.582     2013 04 20 20 50 32.821     195.2
23
 2013 04 20 00 19 45.399     2013 04 20 00 20 17.239      31.8
 2013 04 20 12 16 51.592     2013 04 20 12 17 16.282      24.7
24
 2013 04 20 10 42 13.772     2013 04 20 10 44 47.714     153.9
25
 2013 04 20 10 45 18.290     2013 04 20 10 48 48.602     210.3
 2013 04 20 20 41 48.106     2013 04 20 20 45 22.323     214.2
26
 2013 04 20 12 29  6.433     2013 04 20 12 32 21.745     195.3
 2013 04 20 17 24 31.395     2013 04 20 17 27 22.272     170.9
27
 2013 04 20 13 58 50.378     2013 04 20 14 02  2.919     192.5
 2013 04 20 22 11 59.640     2013 04 20 22 15 22.538     202.9
28
 2013 04 20 13 58 21.957     2013 04 20 14 01 17.062     175.1
 2013 04 20 22 12 40.283     2013 04 20 22 15 24.703     164.4
29
 2013 04 20 10 46 31.384     2013 04 20 10 47  1.295      29.9
 2013 04 20 19 09  9.114     2013 04 20 19 09 35.800      26.7
30
 2013 04 20 14 02 59.970     2013 04 20 14 05 36.625     156.7
 2013 04 20 18 57 37.440     2013 04 20 19 01  3.135     205.7
31
 2013 04 20 14 00 25.183     2013 04 20 14 03 48.199     203.0
 2013 04 20 20 36  6.616     2013 04 20 20 39 11.940     185.3
32
 2013 04 20 12 18 34.923     2013 04 20 12 21 58.983     204.1
 2013 04 20 22 18 57.737     2013 04 20 22 22 11.467     193.7
33
 2013 04 20 09 04 19.315     2013 04 20 09 07 47.489     208.2
 2013 04 20 20 48 20.223     2013 04 20 20 51 53.508     213.3
34
 2013 04 20 14 03 17.937     2013 04 20 14 05 53.965     156.0
 2013 04 20 18 57 50.211     2013 04 20 19 00 49.192     179.0
35
 2013 04 20 20 48 13.869     2013 04 20 20 50 46.457     152.6
36
 2013 04 20 10 46 56.456     2013 04 20 10 49 34.820     158.4
37
38
39
 2013 04 20 12 19 43.201     2013 04 20 12 19 55.813      12.6
40
 2013 04 20 22 15 38.599     2013 04 20 22 18 11.970     153.4
41
 2013 04 20 13 54 19.822     2013 04 20 13 57   .747     160.9
42
 2013 04 20 15 37 17.779     2013 04 20 15 41  6.546     228.8
 2013 04 20 20 33 11.226     2013 04 20 20 36 47.674     216.4
43
 2013 04 20 22 16 14.425     2013 04 20 22 18 49.190     154.8
44
 2013 04 20 12 14 43.377     2013 04 20 12 18 24.404     221.0
45
46
 2013 04 20 12 27 10.439     2013 04 20 12 29 46.358     155.9
 2013 04 20 19 01  5.654     2013 04 20 19 03 41.000     155.3
47
 2013 04 20 10 42 20.957     2013 04 20 10 45 34.164     193.2
 2013 04 20 20 46 49.510     2013 04 20 20 47  3.692      14.2
48
 2013 04 20 12 19 28.143     2013 04 20 12 22 34.641     186.5
 2013 04 20 22 18   .864     2013 04 20 22 18  7.207       6.3
49
 2013 04 20 22 20 39.399     2013 04 20 22 23 43.451     184.1
50
 2013 04 20 12 13 39.946     2013 04 20 12 17 25.570     225.6
51
 2013 04 20 20 46 37.489     2013 04 20 20 49 16.898     159.4
52
 2013 04 20 00 17 36.400     2013 04 20 00 18 44.555      68.2
53
 2013 04 20 22 21 42.425     2013 04 20 22 24 44.302     181.9
54
 2013 04 20 14 00 57.432     2013 04 20 14 03 42.984     165.6
 2013 04 20 20 35 44.669     2013 04 20 20 38 31.599     166.9
55
 2013 04 20 12 22 14.690     2013 04 20 12 25 20.534     185.8
 2013 04 20 20 37 56.911     2013 04 20 20 41 26.043     209.1
56
 2013 04 20 15 36 49.366     2013 04 20 15 39 27.100     157.7
 2013 04 20 22 09 56.297     2013 04 20 22 13  8.094     191.8
57
 2013 04 20 20 41  3.223     2013 04 20 20 44 11.351     188.1
58
 2013 04 20 13 54 27.028     2013 04 20 13 57  2.926     155.9
59
 2013 04 20 00 16 53.056     2013 04 20 00 19 59.041     186.0
 2013 04 20 13 52 35.454     2013 04 20 13 56  5.897     210.4
60
 2013 04 20 12 26 25.300     2013 04 20 12 29 16.747     171.4
 2013 04 20 19 01 22.645     2013 04 20 19 04 11.331     168.7
61
 2013 04 20 10 48 42.824     2013 04 20 10 51 24.653     161.8
 2013 04 20 19 04 12.369     2013 04 20 19 06 50.094     157.7
62
 2013 04 20 12 23 22.420     2013 04 20 12 26 42.173     199.8
 2013 04 20 20 38   .900     2013 04 20 20 40 34.473     153.6
63
 2013 04 20 12 15 59.829     2013 04 20 12 18 49.257     169.4
64
 2013 04 20 10 44 48.117     2013 04 20 10 48  7.089     199.0
 2013 04 20 20 43 45.585     2013 04 20 20 43 58.267      12.7
65
 2013 04 20 14 00 33.614     2013 04 20 14 03 33.212     179.6
 2013 04 20 20 35 47.513     2013 04 20 20 38 54.209     186.7
66
 2013 04 20 22 14 40.071     2013 04 20 22 18  2.353     202.3
67
 2013 04 20 22 22 11.036     2013 04 20 22 25 32.428     201.4
68
 2013 04 20 12 23  4.111     2013 04 20 12 25 39.774     155.7
 2013 04 20 20 39  9.654     2013 04 20 20 41 49.765     160.1
69
 2013 04 20 12 29 43.848     2013 04 20 12 30  7.584      23.7
 2013 04 20 14 04  6.346     2013 04 20 14 07 36.614     210.3
 2013 04 20 18 59 34.490     2013 04 20 19 02  9.051     154.6
70
 2013 04 20 20 48 47.086     2013 04 20 20 51 19.124     152.0
71
 2013 04 20 14 02 58.545     2013 04 20 14 05 39.012     160.5
 2013 04 20 18 57 24.323     2013 04 20 19 00 34.009     189.7
72
 2013 04 20 00 16 48.609     2013 04 20 00 17 12.715      24.1
73
 2013 04 20 10 45 26.176     2013 04 20 10 48  4.546     158.4
 2013 04 20 20 42 59.991     2013 04 20 20 43 17.396      17.4
74
 2013 04 20 12 23 33.693     2013 04 20 12 26 13.859     160.2
 2013 04 20 20 38 41.612     2013 04 20 20 41 14.720     153.1
75
 2013 04 20 12 25 20.912     2013 04 20 12 28 34.614     193.7
 2013 04 20 18 59 24.107     2013 04 20 19 03  8.078     224.0
76
 2013 04 20 12 13 48.478     2013 04 20 12 17 21.573     213.1
77
78
79
 2013 04 20 12 21 26.048     2013 04 20 12 24  9.056     163.0
80
 2013 04 20 22 21 43.633     2013 04 20 22 24 43.183     179.6
81
 2013 04 20 13 55 38.554     2013 04 20 13 59 25.678     227.1
 2013 04 20 22 17 51.434     2013 04 20 22 18 20.444      29.0
82
 2013 04 20 12 17  6.874     2013 04 20 12 20 21.080     194.2
 2013 04 20 22 17 32.411     2013 04 20 22 21 10.200     217.8
83
 2013 04 20 10 40 15.854     2013 04 20 10 42 59.285     163.4
84
 2013 04 20 14 00  2.650     2013 04 20 14 00 17.883      15.2
 2013 04 20 22 11 36.706     2013 04 20 22 15 19.865     223.2
85
 2013 04 20 12 18 27.604     2013 04 20 12 21 40.634     193.0
 2013 04 20 22 19  4.283     2013 04 20 22 22   .054     175.8
86
 2013 04 20 22 16 43.861     2013 04 20 22 20 17.057     213.2
87
 2013 04 20 12 24 13.440     2013 04 20 12 26 49.714     156.3
 2013 04 20 20 38 47.707     2013 04 20 20 41 49.835     182.1
88
 2013 04 20 12 21 56.744     2013 04 20 12 25 16.996     200.3
 2013 04 20 20 39 50.437     2013 04 20 20 43  6.533     196.1
89
90
 2013 04 20 12 28 21.416     2013 04 20 12 30 59.033     157.6
 2013 04 20 17 22 48.700     2013 04 20 17 26 15.970     207.3
 2013 04 20 19 00 19.280     2013 04 20 19 00 59.180      39.9
91
 2013 04 20 10 39 47.016     2013 04 20 10 42 25.835     158.8
92
 2013 04 20 10 39 50.990     2013 04 20 10 42 24.517     153.5
93
 2013 04 20 10 39 34.451     2013 04 20 10 42  8.972     154.5
94
 2013 04 20 20 41 27.898     2013 04 20 20 44  2.522     154.6
95
 2013 04 20 00 19 20.081     2013 04 20 00 22  1.692     161.6
96
 2013 04 20 12 18 20.310     2013 04 20 12 21 25.708     185.4
 2013 04 20 22 17 43.972     2013 04 20 22 20 16.406     152.4
97
 2013 04 20 12 20  1.947     2013 04 20 12 23 33.664     211.7
 2013 04 20 22 15 57.113     2013 04 20 22 16 35.530      38.4
98
 2013 04 20 22 24 32.041     2013 04 20 22 25 30.541      58.5
99
 2013 04 20 12 27  6.269     2013 04 20 12 30  1.955     175.7
 2013 04 20 19 00 23.334     2013 04 20 19 03  3.869     160.5
100
 2013 04 20 13 59 30.230     2013 04 20 14 02  8.378     158.1
 2013 04 20 22 12 10.999     2013 04 20 22 12 13.659       2.7
101
 2013 04 20 20 45 45.945     2013 04 20 20 46 58.224      72.3
102
 2013 04 20 10 41 21.014     2013 04 20 10 41 38.523      17.5
 2013 04 20 22 23 24.261     2013 04 20 22 25 56.453     152.2
103
 2013 04 20 20 36 49.438     2013 04 20 20 39 38.086     168.6
104
 2013 04 20 12 24 10.406     2013 04 20 12 26 46.945     156.5
 2013 04 20 20 38 50.731     2013 04 20 20 41 49.775     179.0
105
 2013 04 20 00 19  9.729     2013 04 20 00 21 54.809     165.1
106
 2013 04 20 12 18 22.265     2013 04 20 12 21  4.389     162.1
 2013 04 20 22 18 11.009     2013 04 20 22 20 42.998     152.0
107
 2013 04 20 20 46 57.432     2013 04 20 20 49 27.823     150.4
108
 2013 04 20 13 57 28.543     2013 04 20 14 00  4.227     155.7
 2013 04 20 22 13 37.264     2013 04 20 22 16 19.741     162.5
109
 2013 04 20 20 41 34.267     2013 04 20 20 44 41.299     187.0
110
 2013 04 20 12 20 53.204     2013 04 20 12 24 16.764     203.6
111
 2013 04 20 20 47 13.199     2013 04 20 20 49 58.103     164.9
112
113
 2013 04 20 12 24 23.857     2013 04 20 12 27 11.338     167.5
 2013 04 20 20 38 52.140     2013 04 20 20 42 20.027     207.9
114
 2013 04 20 14 01  6.197     2013 04 20 14 04 16.931     190.7
 2013 04 20 20 34 38.736     2013 04 20 20 37 13.116     154.4
115
 2013 04 20 10 47 29.519     2013 04 20 10 50 52.020     202.5
 2013 04 20 19 05 25.210     2013 04 20 19 08 38.462     193.3
116
 2013 04 20 10 44 51.182     2013 04 20 10 48 33.131     221.9
117
 2013 04 20 14 02  2.263     2013 04 20 14 05 22.483     200.2
 2013 04 20 20 36 16.207     2013 04 20 20 39 23.014     186.8
118
 2013 04 20 10 42 35.763     2013 04 20 10 45 14.596     158.8
 2013 04 20 20 43 44.410     2013 04 20 20 44 19.808      35.4
119
 2013 04 20 10 46  9.396     2013 04 20 10 48 59.481     170.1
120
 2013 04 20 12 27 50.159     2013 04 20 12 30 27.547     157.4
 2013 04 20 19 01  1.099     2013 04 20 19 04  8.600     187.5
121
 2013 04 20 10 41 28.459     2013 04 20 10 44  6.881     158.4
122
 2013 04 20 10 41 48.650     2013 04 20 10 44 36.577     167.9
123
124
 2013 04 20 12 15  8.062     2013 04 20 12 18 44.140     216.1
125
 2013 04 20 12 17 58.324     2013 04 20 12 18 28.610      30.3
126
127
 2013 04 20 22 15 33.722     2013 04 20 22 18 28.130     174.4
128
 2013 04 20 12 15   .608     2013 04 20 12 17 40.423     159.8
129
 2013 04 20 20 41  4.443     2013 04 20 20 43 42.910     158.5
130
 2013 04 20 12 25 48.200     2013 04 20 12 29 11.600     203.4
 2013 04 20 18 59 44.197     2013 04 20 19 02 42.299     178.1
131
 2013 04 20 12 24 14.282     2013 04 20 12 24 43.632      29.4
132
 2013 04 20 12 13  9.835     2013 04 20 12 16  1.582     171.7
133
 2013 04 20 10 50  6.801     2013 04 20 10 53 45.047     218.2
 2013 04 20 19 02 24.796     2013 04 20 19 03 12.307      47.5
134
 2013 04 20 22 22  9.992     2013 04 20 22 25 14.648     184.7
135
 2013 04 20 00 21 46.399     2013 04 20 00 24 16.506     150.1
 2013 04 20 12 11 35.836     2013 04 20 12 15  4.496     208.7
136
 2013 04 20 12 21 34.225     2013 04 20 12 24 52.252     198.0
 2013 04 20 20 42 20.263     2013 04 20 20 43 27.288      67.0
137
 2013 04 20 00 20 37.118     2013 04 20 00 23 17.969     160.9
138
 2013 04 20 14 02 10.062     2013 04 20 14 02 58.905      48.8
 2013 04 20 20 36 27.570     2013 04 20 20 40  9.201     221.6
139
 2013 04 20 12 26 48.693     2013 04 20 12 29 55.364     186.7
 2013 04 20 19 00 14.495     2013 04 20 19 02 50.220     155.7
140
 2013 04 20 22 15 12.453     2013 04 20 22 18 18.189     185.7
141
 2013 04 20 12 20  2.295     2013 04 20 12 21 57.575     115.3
142
 2013 04 20 10 47 36.160     2013 04 20 10 51 24.242     228.1
 2013 04 20 19 05 50.718     2013 04 20 19 08 38.701     168.0
143
 2013 04 20 12 20 15.890     2013 04 20 12 20 37.033      21.1
144
 2013 04 20 12 25 38.407     2013 04 20 12 29   .156     201.7
 2013 04 20 19 01 22.030     2013 04 20 19 04 54.323     212.3
145
 2013 04 20 13 56  6.434     2013 04 20 13 56 35.362      28.9
 2013 04 20 22 14 51.862     2013 04 20 22 17 55.634     183.8
146
 2013 04 20 10 42 45.314     2013 04 20 10 45 27.463     162.1
 2013 04 20 20 44 40.619     2013 04 20 20 47 44.470     183.9
147
 2013 04 20 10 42 20.417     2013 04 20 10 45 59.143     218.7
 2013 04 20 20 45 35.903     2013 04 20 20 48 16.767     160.9
148
 2013 04 20 12 21  1.562     2013 04 20 12 23 35.934     154.4
149
 2013 04 20 15 36 30.674     2013 04 20 15 39 50.351     199.7
 2013 04 20 22 10 43.598     2013 04 20 22 13 50.749     187.2
150
 2013 04 20 12 18 55.216     2013 04 20 12 21 35.704     160.5
 2013 04 20 22 18 30.308     2013 04 20 22 21 22.697     172.4
151
 2013 04 20 14 01 16.988     2013 04 20 14 04  2.162     165.2
 2013 04 20 20 35 52.270     2013 04 20 20 38 27.743     155.5
152
 2013 04 20 10 42 30.705     2013 04 20 10 45 26.054     175.3
 2013 04 20 20 44 57.748     2013 04 20 20 48  2.543     184.8
153
 2013 04 20 10 50 12.058     2013 04 20 10 53 35.948     203.9
 2013 04 20 19 02 34.916     2013 04 20 19 03 23.597      48.7
154
 2013 04 20 12 23 35.948     2013 04 20 12 26 16.039     160.1
 2013 04 20 20 39 17.067     2013 04 20 20 41 52.210     155.1
155
 2013 04 20 12 17 50.959     2013 04 20 12 20 47.601     176.6
 2013 04 20 22 19 22.000     2013 04 20 22 21 52.876     150.9
156
 2013 04 20 19 09 50.094     2013 04 20 19 10 17.576      27.5
157
 2013 04 20 14 01 49.052     2013 04 20 14 04 29.867     160.8
 2013 04 20 20 35 46.901     2013 04 20 20 38 27.271     160.4
158
 2013 04 20 15 36 25.164     2013 04 20 15 39 27.609     182.4
 2013 04 20 22 10 35.411     2013 04 20 22 13 28.582     173.2
159
 2013 04 20 22 11 23.217     2013 04 20 22 14  4.048     160.8
160
 2013 04 20 14 00 52.664     2013 04 20 14 03 45.537     172.9
 2013 04 20 20 34 47.639     2013 04 20 20 37 29.777     162.1
161
 2013 04 20 19 02 44.965     2013 04 20 19 05 25.789     160.8
162
 2013 04 20 10 44 32.816     2013 04 20 10 47 41.561     188.7
 2013 04 20 20 42 51.690     2013 04 20 20 45 33.771     162.1
163
 2013 04 20 12 15 48.307     2013 04 20 12 19 11.910     203.6
164
 2013 04 20 13 54   .232     2013 04 20 13 57 27.028     206.8
165
 2013 04 20 22 14 48.983     2013 04 20 22 17 58.078     189.1
166
167
 2013 04 20 10 39 42.036     2013 04 20 10 43 13.450     211.4
168
 2013 04 20 09 05 28.061     2013 04 20 09 06  3.242      35.2
 2013 04 20 20 49 21.497     2013 04 20 20 52 13.069     171.6
169
 2013 04 20 00 19 51.868     2013 04 20 00 22 22.337     150.5
170
 2013 04 20 10 45 26.215     2013 04 20 10 48 53.640     207.4
 2013 04 20 20 41 42.236     2013 04 20 20 43 40.654     118.4
171
 2013 04 20 14 00 38.838     2013 04 20 14 03 28.553     169.7
 2013 04 20 20 35 38.708     2013 04 20 20 38 43.575     184.9
172
 2013 04 20 12 19 48.475     2013 04 20 12 23  1.196     192.7
 2013 04 20 22 16 31.132     2013 04 20 22 20  4.367     213.2
173
174
 2013 04 20 13 57 16.341     2013 04 20 14 00  9.213     172.9
 2013 04 20 22 12 50.137     2013 04 20 22 15 42.691     172.6
175
 2013 04 20 22 15 34.595     2013 04 20 22 18 18.092     163.5
176
 2013 04 20 12 20 40.619     2013 04 20 12 23 40.368     179.7
177
 2013 04 20 20 42   .289     2013 04 20 20 44 34.585     154.3
178
 2013 04 20 12 25 10.749     2013 04 20 12 28  7.090     176.3
179
 2013 04 20 22 14 59.525     2013 04 20 22 17 56.541     177.0
180
 2013 04 20 12 21  4.064     2013 04 20 12 24 11.438     187.4
181
 2013 04 20 12 18 38.922     2013 04 20 12 21 43.956     185.0
 2013 04 20 22 17 37.009     2013 04 20 22 20  9.115     152.1
182
 2013 04 20 20 41  4.469     2013 04 20 20 44 29.335     204.9
183
 2013 04 20 22 22 46.610     2013 04 20 22 25 26.661     160.1
184
 2013 04 20 10 50 16.217     2013 04 20 10 50 17.377       1.2
185
186
 2013 04 20 12 15 16.347     2013 04 20 12 18 57.409     221.1
187
 2013 04 20 10 40 28.250     2013 04 20 10 43  3.264     155.0
188
 2013 04 20 10 39 41.248     2013 04 20 10 43 18.625     217.4
189
 2013 04 20 12 13 53.226     2013 04 20 12 16 35.768     162.5
190
 2013 04 20 09 06 17.745     2013 04 20 09 07 44.115      86.4
 2013 04 20 20 48 27.786     2013 04 20 20 51 33.968     186.2
191
 2013 04 20 13 58 38.224     2013 04 20 14 02 16.128     217.9
 2013 04 20 22 11 43.652     2013 04 20 22 15  2.947     199.3
192
 2013 04 20 00 20 34.081     2013 04 20 00 23 12.633     158.6
193
 2013 04 20 12 19 39.334     2013 04 20 12 20 39.401      60.1
 2013 04 20 22 20 26.885     2013 04 20 22 20 55.848      29.0
194
195
 2013 04 20 10 37 52.258     2013 04 20 10 41 13.089     200.8
 2013 04 20 22 23 48.914     2013 04 20 22 26 28.222     159.3
196
 2013 04 20 14 00 17.727     2013 04 20 14 03  9.469     171.7
 2013 04 20 20 34 24.936     2013 04 20 20 37 45.704     200.8
197
 2013 04 20 12 17 40.788     2013 04 20 12 20 26.231     165.4
 2013 04 20 22 19 13.761     2013 04 20 22 21 51.443     157.7
198
 2013 04 20 10 38   .632     2013 04 20 10 40 34.124     153.5
 2013 04 20 22 24 40.440     2013 04 20 22 27 32.923     172.5
199
 2013 04 20 20 47 51.456     2013 04 20 20 50 25.987     154.5
200
 2013 04 20 12 26 54.457     2013 04 20 12 30  6.325     191.9
 2013 04 20 19 01 52.721     2013 04 20 19 04 26.889     154.2
201
 2013 04 20 12 28 45.376     2013 04 20 12 32 11.135     205.8
 2013 04 20 17 24 20.698     2013 04 20 17 27 31.704     191.0
202
 2013 04 20 20 45 51.597     2013 04 20 20 48 39.022     167.4
203
 2013 04 20 19 02 43.776     2013 04 20 19 05 17.305     153.5
204
 2013 04 20 12 12 54.259     2013 04 20 12 14 21.879      87.6
205
 2013 04 20 15 36 32.888     2013 04 20 15 40 15.076     222.2
 2013 04 20 22 10 52.485     2013 04 20 22 14 15.105     202.6
206
 2013 04 20 22 21 46.871     2013 04 20 22 24 57.158     190.3
207
 2013 04 20 10 37 56.607     2013 04 20 10 41  7.303     190.7
 2013 04 20 22 23 54.974     2013 04 20 22 26 36.650     161.7
208
 2013 04 20 22 19 21.678     2013 04 20 22 23  1.033     219.4
209
 2013 04 20 12 15  2.280     2013 04 20 12 18  8.052     185.8
210
 2013 04 20 10 42  8.849     2013 04 20 10 44 48.621     159.8
 2013 04 20 20 47 38.679     2013 04 20 20 48 22.152      43.5
211
 2013 04 20 12 21 46.641     2013 04 20 12 22 37.816      51.2
 2013 04 20 20 40 22.247     2013 04 20 20 43 20.735     178.5
212
 2013 04 20 12 23 59.418     2013 04 20 12 27 40.832     221.4
 2013 04 20 20 37 21.198     2013 04 20 20 40 28.271     187.1
213
 2013 04 20 13 59 53.129     2013 04 20 14 00  9.409      16.3
 2013 04 20 20 36 24.870     2013 04 20 20 39 47.043     202.2
214
 2013 04 20 20 46  6.828     2013 04 20 20 48 37.658     150.8
215
 2013 04 20 12 19 36.531     2013 04 20 12 23  8.098     211.6
 2013 04 20 22 16 25.056     2013 04 20 22 19 46.968     201.9
216
 2013 04 20 13 56  7.976     2013 04 20 13 59  6.949     179.0
 2013 04 20 22 17 25.198     2013 04 20 22 17 46.316      21.1
217
 2013 04 20 12 20  1.815     2013 04 20 12 20 16.192      14.4
218
 2013 04 20 10 45 23.244     2013 04 20 10 48 52.940     209.7
219
 2013 04 20 14 00 34.572     2013 04 20 14 04 17.138     222.6
 2013 04 20 20 36 30.871     2013 04 20 20 39 17.599     166.7
220
 2013 04 20 13 59 41.168     2013 04 20 13 59 52.276      11.1
 2013 04 20 20 36 15.978     2013 04 20 20 39 55.226     219.2
221
 2013 04 20 10 44 54.784     2013 04 20 10 47 53.706     178.9
 2013 04 20 20 43 39.557     2013 04 20 20 44 53.115      73.6
222
 2013 04 20 10 41 29.235     2013 04 20 10 44 11.558     162.3
223
 2013 04 20 12 23 54.979     2013 04 20 12 24 37.183      42.2
 2013 04 20 20 39 31.856     2013 04 20 20 40 17.397      45.5
224
225
 2013 04 20 00 16 30.180     2013 04 20 00 19 54.835     204.7
 2013 04 20 13 52 58.519     2013 04 20 13 56 19.753     201.2
226
 2013 04 20 12 13 33.021     2013 04 20 12 16 54.942     201.9
227
 2013 04 20 20 47 14.282     2013 04 20 20 47 22.230       7.9
228
 2013 04 20 22 14 59.643     2013 04 20 22 15 33.469      33.8
229
 2013 04 20 13 58 54.787     2013 04 20 14 01 31.122     156.3
 2013 04 20 22 13  4.914     2013 04 20 22 16 24.050     199.1
230
 2013 04 20 20 48  2.628     2013 04 20 20 50 38.930     156.3
231
 2013 04 20 13 59 58.833     2013 04 20 14 03 28.531     209.7
 2013 04 20 20 35 51.521     2013 04 20 20 39 30.470     218.9
232
 2013 04 20 10 44  5.776     2013 04 20 10 46 39.664     153.9
 2013 04 20 20 44   .678     2013 04 20 20 46 32.532     151.9
233
 2013 04 20 10 38  8.504     2013 04 20 10 40 58.099     169.6
 2013 04 20 22 24  6.806     2013 04 20 22 26 58.098     171.3
234
 2013 04 20 12 23 43.016     2013 04 20 12 26 24.894     161.9
 2013 04 20 20 38 35.707     2013 04 20 20 41 11.349     155.6
235
 2013 04 20 14 03 17.569     2013 04 20 14 03 31.168      13.6
 2013 04 20 15 37 16.349     2013 04 20 15 37 49.844      33.5
 2013 04 20 20 33 22.321     2013 04 20 20 36 56.425     214.1
236
 2013 04 20 10 40 36.816     2013 04 20 10 44  8.993     212.2
237
 2013 04 20 10 42  4.303     2013 04 20 10 44 38.898     154.6
238
 2013 04 20 19 02 30.666     2013 04 20 19 05 15.627     165.0
239
 2013 04 20 12 28  4.638     2013 04 20 12 28 24.914      20.3
 2013 04 20 20 36 40.131     2013 04 20 20 38 33.644     113.5
240
 2013 04 20 12 15 23.333     2013 04 20 12 17 57.269     153.9
241
 2013 04 20 10 46  6.038     2013 04 20 10 48 56.487     170.4
242
 2013 04 20 22 15 34.324     2013 04 20 22 19 16.602     222.3
243
 2013 04 20 12 23 23.657     2013 04 20 12 26 52.648     209.0
 2013 04 20 20 39 53.671     2013 04 20 20 42 41.841     168.2
244
 2013 04 20 00 16 58.936     2013 04 20 00 20 10.961     192.0
 2013 04 20 13 52 28.671     2013 04 20 13 56 14.240     225.6
245
 2013 04 20 12 26  2.947     2013 04 20 12 28 38.638     155.7
 2013 04 20 19 00 27.822     2013 04 20 19 03 46.681     198.9
246
 2013 04 20 12 18  7.890     2013 04 20 12 21 11.037     183.1
 2013 04 20 22 19 17.058     2013 04 20 22 21 52.287     155.2
247
 2013 04 20 12 27 46.077     2013 04 20 12 28 12.787      26.7
 2013 04 20 19 01 58.558     2013 04 20 19 03 12.976      74.4
248
 2013 04 20 12 18 19.058     2013 04 20 12 21 51.137     212.1
 2013 04 20 22 17 20.840     2013 04 20 22 19 52.758     151.9
249
 2013 04 20 12 20  9.530     2013 04 20 12 22 46.326     156.8
250
 2013 04 20 22 21 12.300     2013 04 20 22 23 50.717     158.4
251
 2013 04 20 00 19 19.338     2013 04 20 00 21 59.729     160.4
252
 2013 04 20 12 24 52.588     2013 04 20 12 28 21.092     208.5
253
 2013 04 20 10 40 12.100     2013 04 20 10 43 18.336     186.2
254
 2013 04 20 19 02 13.149     2013 04 20 19 02 25.716      12.6
255
 2013 04 20 10 38 41.862     2013 04 20 10 41 31.494     169.6
256
 2013 04 20 12 19  7.874     2013 04 20 12 22 38.184     210.3
 2013 04 20 22 18 21.171     2013 04 20 22 18 29.241       8.1
257
 2013 04 20 15 36 44.632     2013 04 20 15 40 36.244     231.6
 2013 04 20 22 10 48.500     2013 04 20 22 14 35.193     226.7
258
 2013 04 20 14 01 32.545     2013 04 20 14 02 59.169      86.6
 2013 04 20 20 36 44.495     2013 04 20 20 39 34.230     169.7
259
 2013 04 20 12 27 11.189     2013 04 20 12 30 25.721     194.5
 2013 04 20 19 01 53.220     2013 04 20 19 04 35.063     161.8
260
 2013 04 20 14 02 13.575     2013 04 20 14 03  3.649      50.1
261
262
 2013 04 20 12 19 35.345     2013 04 20 12 22 40.196     184.9
 2013 04 20 22 16 53.050     2013 04 20 22 20  8.089     195.0
263
 2013 04 20 10 43 30.012     2013 04 20 10 46 27.379     177.4
 2013 04 20 20 43 27.588     2013 04 20 20 46 11.408     163.8
264
 2013 04 20 10 39 10.488     2013 04 20 10 42 48.852     218.4
265
 2013 04 20 22 20 51.102     2013 04 20 22 23 21.978     150.9
266
 2013 04 20 10 41  3.496     2013 04 20 10 42 34.468      91.0
 2013 04 20 20 48 58.801     2013 04 20 20 49 31.682      32.9
267
 2013 04 20 12 16 24.613     2013 04 20 12 17 59.511      94.9
 2013 04 20 22 20 12.317     2013 04 20 22 23  4.637     172.3
268
 2013 04 20 12 26 11.227     2013 04 20 12 26 33.383      22.2
 2013 04 20 20 37 30.355     2013 04 20 20 40 17.432     167.1
269
 2013 04 20 10 44 54.205     2013 04 20 10 47 46.029     171.8
 2013 04 20 20 42 52.419     2013 04 20 20 45 51.481     179.1
270
 2013 04 20 20 49 50.153     2013 04 20 20 50  2.847      12.7
271
 2013 04 20 00 18 48.632     2013 04 20 00 21 29.196     160.6
272
 2013 04 20 14 02 55.077     2013 04 20 14 05 37.387     162.3
 2013 04 20 18 57 19.804     2013 04 20 19 00 30.547     190.7
273
 2013 04 20 12 23 47.592     2013 04 20 12 26 38.959     171.4
 2013 04 20 20 38 20.232     2013 04 20 20 40 59.459     159.2
274
 2013 04 20 10 38 12.297     2013 04 20 10 40 45.804     153.5
 2013 04 20 22 24 29.114     2013 04 20 22 27 32.654     183.5
275
 2013 04 20 12 22 12.620     2013 04 20 12 25 57.984     225.4
 2013 04 20 20 40 18.390     2013 04 20 20 43   .822     162.4
276
 2013 04 20 22 16  6.028     2013 04 20 22 19 22.720     196.7
277
 2013 04 20 00 15 50.166     2013 04 20 00 17 45.456     115.3
 2013 04 20 13 53 36.015     2013 04 20 13 56 30.335     174.3
278
279
 2013 04 20 12 17 13.802     2013 04 20 12 19 48.926     155.1
 2013 04 20 22 18 50.958     2013 04 20 22 22  5.735     194.8
280
 2013 04 20 14 02 15.976     2013 04 20 14 04 51.793     155.8
 2013 04 20 20 35 21.314     2013 04 20 20 38 26.576     185.3
281
 2013 04 20 22 16  1.609     2013 04 20 22 18 51.031     169.4
282
 2013 04 20 10 47 20.906     2013 04 20 10 50  6.766     165.9
 2013 04 20 19 08 17.862     2013 04 20 19 08 36.726      18.9
283
 2013 04 20 12 25   .949     2013 04 20 12 25 35.718      34.8
 2013 04 20 19 05 17.479     2013 04 20 19 05 34.433      17.0
284
 2013 04 20 12 24 32.125     2013 04 20 12 28 21.694     229.6
285
 2013 04 20 14 01 22.961     2013 04 20 14 05  9.320     226.4
 2013 04 20 20 36 43.025     2013 04 20 20 39 22.860     159.8
286
 2013 04 20 12 15 12.757     2013 04 20 12 18 52.857     220.1
287
288
 2013 04 20 22 22 59.672     2013 04 20 22 25 33.472     153.8
289
 2013 04 20 00 17 25.134     2013 04 20 00 20 11.773     166.6
 2013 04 20 13 51 59.829     2013 04 20 13 53 38.545      98.7
290
 2013 04 20 13 55 40.867     2013 04 20 13 58 38.216     177.3
291
 2013 04 20 00 18 51.602     2013 04 20 00 19 12.368      20.8
292
 2013 04 20 09 03 40.677     2013 04 20 09 03 46.834       6.2
 2013 04 20 20 48 41.317     2013 04 20 20 51 35.067     173.8
293
 2013 04 20 00 16 35.891     2013 04 20 00 20  1.615     205.7
 2013 04 20 13 52 52.474     2013 04 20 13 56 22.089     209.6
294
 2013 04 20 14 04 17.182     2013 04 20 14 07 21.052     183.9
 2013 04 20 18 59 16.159     2013 04 20 19 01 51.111     155.0
295
 2013 04 20 10 41 33.210     2013 04 20 10 41 59.578      26.4
 2013 04 20 20 45 53.669     2013 04 20 20 48 57.644     184.0
296
 2013 04 20 22 11 40.474     2013 04 20 22 14 25.212     164.7
297
 2013 04 20 10 39 40.550     2013 04 20 10 42 43.938     183.4
298
 2013 04 20 12 27 34.992     2013 04 20 12 30 10.795     155.8
 2013 04 20 19 00 55.015     2013 04 20 19 03 46.552     171.5
299
 2013 04 20 12 15  7.376     2013 04 20 12 17 41.588     154.2
300
301
 2013 04 20 15 37 15.808     2013 04 20 15 41  4.541     228.7
 2013 04 20 20 33  8.883     2013 04 20 20 36 48.198     219.3
302
303
 2013 04 20 10 38 14.711     2013 04 20 10 40 58.388     163.7
 2013 04 20 22 24 39.535     2013 04 20 22 28 14.332     214.8
304
 2013 04 20 10 49 24.723     2013 04 20 10 52 22.216     177.5
 2013 04 20 19 03 42.403     2013 04 20 19 06 26.359     164.0
305
 2013 04 20 20 47 27.117     2013 04 20 20 50 22.474     175.4
306
 2013 04 20 12 28 59.980     2013 04 20 12 32  7.681     187.7
 2013 04 20 17 24 18.202     2013 04 20 17 27 15.936     177.7
307
 2013 04 20 13 59 32.528     2013 04 20 14 03 12.870     220.3
 2013 04 20 20 33 33.159     2013 04 20 20 37 17.852     224.7
308
 2013 04 20 14 02  1.655     2013 04 20 14 05 12.780     191.1
 2013 04 20 15 39 35.682     2013 04 20 15 43 24.776     229.1
 2013 04 20 18 56 20.532     2013 04 20 19 00  2.907     222.4
 2013 04 20 20 34 23.563     2013 04 20 20 37 42.177     198.6
309
 2013 04 20 12 24 24.284     2013 04 20 12 27 51.832     207.5
310
 2013 04 20 13 55 48.675     2013 04 20 13 58 56.219     187.5
311
 2013 04 20 10 41 31.748     2013 04 20 10 41 37.231       5.5
312
313
 2013 04 20 22 19 10.568     2013 04 20 22 19 39.938      29.4
314
 2013 04 20 14 00 16.941     2013 04 20 14 03 40.975     204.0
 2013 04 20 20 36  1.277     2013 04 20 20 39 16.804     195.5
315
 2013 04 20 12 18 24.857     2013 04 20 12 21  1.228     156.4
 2013 04 20 22 18 21.645     2013 04 20 22 20 52.882     151.2
316
 2013 04 20 10 47 13.468     2013 04 20 10 47 57.952      44.5
 2013 04 20 20 42 28.063     2013 04 20 20 44 59.979     151.9
317
 2013 04 20 15 35 27.696     2013 04 20 15 35 43.851      16.2
 2013 04 20 22 11 24.858     2013 04 20 22 13 59.035     154.2
318
 2013 04 20 10 41 43.072     2013 04 20 10 44 17.774     154.7
319
 2013 04 20 12 15 47.165     2013 04 20 12 18 24.621     157.5
320
 2013 04 20 22 17 58.407     2013 04 20 22 18 44.618      46.2
321
 2013 04 20 20 47 27.412     2013 04 20 20 50 16.300     168.9
322
 2013 04 20 15 37 25.391     2013 04 20 15 40  2.290     156.9
 2013 04 20 20 31 54.291     2013 04 20 20 35 13.126     198.8
323
324
325
 2013 04 20 00 20 24.903     2013 04 20 00 23 55.814     210.9
 2013 04 20 12 12 53.552     2013 04 20 12 16 37.042     223.5
326
 2013 04 20 00 20 12.488     2013 04 20 00 23  7.200     174.7
327
 2013 04 20 22 19 52.232     2013 04 20 22 23 21.951     209.7
328
 2013 04 20 12 27  5.410     2013 04 20 12 29 49.260     163.8
 2013 04 20 19 00 38.190     2013 04 20 19 03 14.491     156.3
329
 2013 04 20 20 47 26.087     2013 04 20 20 50 27.230     181.1
330
 2013 04 20 00 17 47.549     2013 04 20 00 20 36.611     169.1
331
 2013 04 20 10 48 53.306     2013 04 20 10 49 52.053      58.7
332
 2013 04 20 10 38 32.060     2013 04 20 10 41  5.160     153.1
 2013 04 20 22 24 11.135     2013 04 20 22 27 40.291     209.2
333
 2013 04 20 22 11 11.669     2013 04 20 22 14 38.928     207.3
334
 2013 04 20 12 25 39.299     2013 04 20 12 28 17.140     157.8
 2013 04 20 19 03 33.614     2013 04 20 19 04 19.385      45.8
335
 2013 04 20 13 58 19.187     2013 04 20 13 59 18.382      59.2
336
 2013 04 20 10 41  1.100     2013 04 20 10 43 36.007     154.9
337
 2013 04 20 10 39 40.710     2013 04 20 10 42 33.520     172.8
338
 2013 04 20 19 05 54.361     2013 04 20 19 09 23.297     208.9
339
 2013 04 20 10 43  4.453     2013 04 20 10 45 38.878     154.4
 2013 04 20 20 44 22.187     2013 04 20 20 47 18.451     176.3
340
 2013 04 20 10 38 59.477     2013 04 20 10 39  4.810       5.3
341
 2013 04 20 22 15 10.775     2013 04 20 22 17 42.890     152.1
342
 2013 04 20 12 21  2.227     2013 04 20 12 24 18.330     196.1
343
 2013 04 20 10 43 35.078     2013 04 20 10 46  9.838     154.8
 2013 04 20 20 44  4.053     2013 04 20 20 46 42.029     158.0
344
 2013 04 20 10 39 42.354     2013 04 20 10 43 19.687     217.3
345
 2013 04 20 13 59 42.494     2013 04 20 14 02 30.417     167.9
346
 2013 04 20 14 02 30.055     2013 04 20 14 05 38.169     188.1
 2013 04 20 20 35 53.950     2013 04 20 20 39 33.345     219.4
347
 2013 04 20 13 54 51.337     2013 04 20 13 58 32.770     221.4
348
 2013 04 20 12 25 29.398     2013 04 20 12 28 23.844     174.4
 2013 04 20 18 59 37.443     2013 04 20 19 00 50.926      73.5
349
 2013 04 20 09 04 27.426     2013 04 20 09 07 45.179     197.8
 2013 04 20 20 48 20.766     2013 04 20 20 50  9.003     108.2
350
 2013 04 20 13 55 39.354     2013 04 20 13 58 20.929     161.6
351
 2013 04 20 12 18 35.507     2013 04 20 12 21 55.351     199.8
 2013 04 20 22 17 24.680     2013 04 20 22 19 56.628     151.9
352
353
 2013 04 20 00 20 19.875     2013 04 20 00 21 55.818      95.9
 2013 04 20 12 13  4.611     2013 04 20 12 16 39.752     215.1
354
355
 2013 04 20 13 55 48.667     2013 04 20 13 58 39.418     170.8
356
 2013 04 20 10 50 19.417     2013 04 20 10 53 53.699     214.3
357
 2013 04 20 12 25 51.525     2013 04 20 12 28 37.223     165.7
 2013 04 20 19 00  2.377     2013 04 20 19 03 26.268     203.9
358
 2013 04 20 22 23 56.350     2013 04 20 22 24 20.280      23.9
359
 2013 04 20 10 42 27.551     2013 04 20 10 45  9.163     161.6
 2013 04 20 20 46 54.821     2013 04 20 20 47 33.037      38.2
360
 2013 04 20 15 37 25.026     2013 04 20 15 40  1.024     156.0
 2013 04 20 20 31 59.501     2013 04 20 20 35 26.824     207.3
 2013 04 20 22 09 25.213     2013 04 20 22 09 33.579       8.4
361
362
 2013 04 20 10 42  2.751     2013 04 20 10 42 23.943      21.2
363
 2013 04 20 10 44 12.029     2013 04 20 10 46 35.296     143.3
 2013 04 20 20 44 22.088     2013 04 20 20 46  1.372      99.3
364
365
 2013 04 20 14 00 34.069     2013 04 20 14 03 23.985     169.9
 2013 04 20 20 34 38.720     2013 04 20 20 37 39.852     181.1
366
 2013 04 20 12 26 12.009     2013 04 20 12 28 47.914     155.9
 2013 04 20 19 00 33.826     2013 04 20 19 03 40.276     186.5
367
 2013 04 20 20 36 59.514     2013 04 20 20 39 42.897     163.4
368
 2013 04 20 12 18 18.570     2013 04 20 12 21  9.154     170.6
 2013 04 20 22 19  4.265     2013 04 20 22 21 39.084     154.8
369
 2013 04 20 10 46 10.968     2013 04 20 10 49  3.445     172.5
370
 2013 04 20 10 45 18.994     2013 04 20 10 48 49.092     210.1
371
 2013 04 20 13 57 56.114     2013 04 20 14 01 40.478     224.4
 2013 04 20 22 12  6.371     2013 04 20 22 14 45.738     159.4
372
 2013 04 20 20 50  9.020     2013 04 20 20 50 21.312      12.3
373
 2013 04 20 12 22 25.768     2013 04 20 12 25  5.236     159.5
 2013 04 20 20 38 29.078     2013 04 20 20 41 53.439     204.4
374
 2013 04 20 14 03 26.072     2013 04 20 14 06 33.638     187.6
 2013 04 20 18 58 44.168     2013 04 20 19 01 43.849     179.7
375
 2013 04 20 22 23 10.934     2013 04 20 22 25 53.612     162.7
376
 2013 04 20 10 38  9.524     2013 04 20 10 40 42.767     153.2
 2013 04 20 22 24 37.278     2013 04 20 22 27 43.178     185.9
377
 2013 04 20 12 29 25.777     2013 04 20 12 32 20.570     174.8
 2013 04 20 17 24 26.190     2013 04 20 17 27  5.311     159.1
378
 2013 04 20 12 23  2.888     2013 04 20 12 25 37.825     154.9
 2013 04 20 20 39  4.395     2013 04 20 20 41 46.179     161.8
379
 2013 04 20 10 47 27.869     2013 04 20 10 50 30.281     182.4
 2013 04 20 19 05  1.663     2013 04 20 19 08 35.706     214.0
380
 2013 04 20 12 12 56.023     2013 04 20 12 16  8.809     192.8
381
 2013 04 20 14 02  9.878     2013 04 20 14 05 50.077     220.2
 2013 04 20 20 36 20.930     2013 04 20 20 39 49.498     208.6
382
 2013 04 20 22 19 52.780     2013 04 20 22 21 31.392      98.6
383
 2013 04 20 12 20 37.655     2013 04 20 12 23 14.667     157.0
384
 2013 04 20 12 23  4.155     2013 04 20 12 25 42.922     158.8
 2013 04 20 20 39 19.063     2013 04 20 20 41 57.203     158.1
385
 2013 04 20 22 19 25.391     2013 04 20 22 20 31.589      66.2
386
 2013 04 20 22 22 10.778     2013 04 20 22 25   .007     169.2
387
 2013 04 20 12 24 21.620     2013 04 20 12 26 56.783     155.2
 2013 04 20 20 38 35.329     2013 04 20 20 41 45.101     189.8
388
389
 2013 04 20 10 40 31.308     2013 04 20 10 43 12.240     160.9
390
 2013 04 20 09 04 43.139     2013 04 20 09 08 18.388     215.2
 2013 04 20 20 47 45.827     2013 04 20 20 47 52.856       7.0
391
392
 2013 04 20 10 49 46.103     2013 04 20 10 50  8.534      22.4
393
 2013 04 20 14 01 43.530     2013 04 20 14 05  4.871     201.3
 2013 04 20 20 36 24.248     2013 04 20 20 39 11.618     167.4
394
 2013 04 20 12 27 39.742     2013 04 20 12 30 15.811     156.1
 2013 04 20 19 00 50.459     2013 04 20 19 03 47.316     176.9
395
 2013 04 20 10 48  6.062     2013 04 20 10 50 51.983     165.9
 2013 04 20 19 03 55.924     2013 04 20 19 07  7.205     191.3
396
 2013 04 20 10 49 49.236     2013 04 20 10 52 29.401     160.2
 2013 04 20 19 03 51.282     2013 04 20 19 06 54.313     183.0
397
 2013 04 20 20 47 55.877     2013 04 20 20 50 27.693     151.8
398
 2013 04 20 10 40 26.429     2013 04 20 10 43 19.787     173.4
399
 2013 04 20 10 47 56.114     2013 04 20 10 50 56.012     179.9
 2013 04 20 19 03 38.141     2013 04 20 19 06 56.912     198.8
400
 2013 04 20 12 24 28.310     2013 04 20 12 28 15.382     227.1
401
402
 2013 04 20 10 46 56.810     2013 04 20 10 49 55.151     178.3
403
 2013 04 20 10 47 59.962     2013 04 20 10 50 36.050     156.1
 2013 04 20 19 04 10.597     2013 04 20 19 07 32.194     201.6
404
 2013 04 20 15 38 54.480     2013 04 20 15 42  8.534     194.1
 2013 04 20 20 33 56.373     2013 04 20 20 36 34.043     157.7
405
406
 2013 04 20 13 58 43.720     2013 04 20 14 01 44.181     180.5
 2013 04 20 22 12 19.013     2013 04 20 22 15 27.487     188.5
407
 2013 04 20 20 48 51.896     2013 04 20 20 51 31.166     159.3
408
 2013 04 20 10 40  2.030     2013 04 20 10 41  4.587      62.6
 2013 04 20 22 23 45.597     2013 04 20 22 26 16.227     150.6
409
 2013 04 20 12 16 24.617     2013 04 20 12 19  7.049     162.4
410
 2013 04 20 13 59 57.295     2013 04 20 14 03 47.914     230.6
 2013 04 20 20 36 11.279     2013 04 20 20 39 38.813     207.5
411
 2013 04 20 12 19 46.040     2013 04 20 12 22 30.372     164.3
 2013 04 20 22 17 39.537     2013 04 20 22 17 59.954      20.4
412
 2013 04 20 12 18 49.142     2013 04 20 12 21 27.246     158.1
 2013 04 20 22 18  5.807     2013 04 20 22 20 41.262     155.5
413
414
 2013 04 20 10 51 59.667     2013 04 20 10 52 14.259      14.6
 2013 04 20 19 03  2.535     2013 04 20 19 05 44.029     161.5
415
 2013 04 20 20 41 34.780     2013 04 20 20 44 59.144     204.4
416
 2013 04 20 00 20 15.579     2013 04 20 00 23 51.605     216.0
417
418
 2013 04 20 12 22 16.265     2013 04 20 12 24 55.394     159.1
 2013 04 20 20 39  3.520     2013 04 20 20 42 32.279     208.8
419
 2013 04 20 12 23 38.972     2013 04 20 12 25  7.087      88.1
 2013 04 20 20 39 46.452     2013 04 20 20 43 10.117     203.7
420
 2013 04 20 13 56 48.616     2013 04 20 13 59 56.597     188.0
 2013 04 20 22 12 26.634     2013 04 20 22 15 46.207     199.6
421
 2013 04 20 15 37 12.774     2013 04 20 15 40 39.325     206.6
 2013 04 20 20 32 44.795     2013 04 20 20 34 18.945      94.2
422
 2013 04 20 13 58 45.930     2013 04 20 14 02 14.320     208.4
 2013 04 20 22 11 46.609     2013 04 20 22 15 11.535     204.9
423
424
 2013 04 20 09 05 12.052     2013 04 20 09 08 37.706     205.7
425
 2013 04 20 20 46 26.346     2013 04 20 20 48 57.141     150.8
426
 2013 04 20 10 49 46.957     2013 04 20 10 52 48.999     182.0
 2013 04 20 19 03 22.012     2013 04 20 19 06 30.026     188.0
427
 2013 04 20 15 37 14.916     2013 04 20 15 39 52.118     157.2
 2013 04 20 20 31 51.740     2013 04 20 20 35 37.203     225.5
 2013 04 20 22 09 38.951     2013 04 20 22 11 14.871      95.9
428
429
 2013 04 20 13 54 12.602     2013 04 20 13 57  1.657     169.1
430
 2013 04 20 22 24 29.206     2013 04 20 22 25  2.253      33.0
431
 2013 04 20 12 22 57.501     2013 04 20 12 25 44.734     167.2
 2013 04 20 20 38 30.750     2013 04 20 20 41 16.548     165.8
432
 2013 04 20 00 21  3.472     2013 04 20 00 24 14.540     191.1
 2013 04 20 12 12 38.912     2013 04 20 12 15 57.662     198.8
433
 2013 04 20 15 36  1.289     2013 04 20 15 39 22.953     201.7
 2013 04 20 22 10 54.754     2013 04 20 22 13 34.740     160.0
434
435
 2013 04 20 14 03 51.949     2013 04 20 14 06 38.489     166.5
 2013 04 20 18 58 42.965     2013 04 20 19 01 22.791     159.8
436
 2013 04 20 12 15 39.767     2013 04 20 12 18 20.535     160.8
437
 2013 04 20 12 18 59.886     2013 04 20 12 22 45.989     226.1
438
 2013 04 20 12 19 29.454     2013 04 20 12 22 53.327     203.9
439
440
441
 2013 04 20 12 20 47.799     2013 04 20 12 23 22.313     154.5
442
 2013 04 20 10 39  1.057     2013 04 20 10 42 16.053     195.0
 2013 04 20 22 22 44.714     2013 04 20 22 23 44.831      60.1
443
 2013 04 20 20 36 54.664     2013 04 20 20 39 50.017     175.4
444
 2013 04 20 10 42 49.717     2013 04 20 10 46 19.751     210.0
 2013 04 20 20 42 55.262     2013 04 20 20 46 15.165     199.9
445
 2013 04 20 12 27 18.848     2013 04 20 12 28 48.624      89.8
 2013 04 20 19 02 10.752     2013 04 20 19 05 15.758     185.0
446
 2013 04 20 22 21 33.778     2013 04 20 22 24 31.424     177.6
447
 2013 04 20 22 20 45.723     2013 04 20 22 23 25.197     159.5
448
 2013 04 20 14 00 35.278     2013 04 20 14 00 42.859       7.6
 2013 04 20 15 38 34.682     2013 04 20 15 42  9.708     215.0
 2013 04 20 20 34  6.361     2013 04 20 20 36 40.885     154.5
449
 2013 04 20 14 01 43.769     2013 04 20 14 02 42.852      59.1
 2013 04 20 20 36 41.689     2013 04 20 20 39 45.147     183.5
450
 2013 04 20 10 49  4.712     2013 04 20 10 51 40.042     155.3
 2013 04 20 19 04 38.084     2013 04 20 19 07 11.133     153.0
451
 2013 04 20 14 00  8.909     2013 04 20 14 00 32.945      24.0
 2013 04 20 22 11 47.809     2013 04 20 22 15  6.319     198.5
452
 2013 04 20 10 47 33.730     2013 04 20 10 50 20.723     167.0
 2013 04 20 19 07   .339     2013 04 20 19 07 35.449      35.1
453
 2013 04 20 13 56   .300     2013 04 20 13 58 57.177     176.9
454
455
 2013 04 20 09 07 48.242     2013 04 20 09 07 57.672       9.4
 2013 04 20 20 48 17.070     2013 04 20 20 51 19.291     182.2
456
457
 2013 04 20 00 18 29.449     2013 04 20 00 21  5.209     155.8
458
 2013 04 20 00 19 20.841     2013 04 20 00 21 53.717     152.9
459
 2013 04 20 10 38 14.686     2013 04 20 10 41 43.755     209.1
 2013 04 20 22 23 21.600     2013 04 20 22 26 18.761     177.2
460
 2013 04 20 14 00  8.416     2013 04 20 14 02 48.446     160.0
 2013 04 20 20 34 56.017     2013 04 20 20 35 10.318      14.3
461
 2013 04 20 13 58 30.313     2013 04 20 14 01 22.685     172.4
 2013 04 20 22 12 38.627     2013 04 20 22 15 29.468     170.8
462
 2013 04 20 10 49 43.563     2013 04 20 10 52 43.663     180.1
 2013 04 20 19 03 26.920     2013 04 20 19 06 30.064     183.1
463
 2013 04 20 20 47 58.904     2013 04 20 20 50 50.300     171.4
464
 2013 04 20 13 56 20.669     2013 04 20 13 59 13.760     173.1
 2013 04 20 22 13 42.953     2013 04 20 22 14  5.726      22.8
465
 2013 04 20 00 17 31.092     2013 04 20 00 18 17.636      46.5
466
 2013 04 20 10 46 23.920     2013 04 20 10 49 17.231     173.3
467
468
 2013 04 20 00 19 54.709     2013 04 20 00 23  4.441     189.7
469
 2013 04 20 12 15 30.459     2013 04 20 12 18 10.257     159.8
470
 2013 04 20 12 15 21.834     2013 04 20 12 18 31.891     190.1
471
472
 2013 04 20 12 23 33.571     2013 04 20 12 26 27.505     173.9
 2013 04 20 20 39 32.055     2013 04 20 20 42 10.888     158.8
473
 2013 04 20 12 26 16.994     2013 04 20 12 26 29.987      13.0
 2013 04 20 14 04 17.461     2013 04 20 14 07 48.443     211.0
 2013 04 20 18 59 39.660     2013 04 20 19 02 15.209     155.5
474
 2013 04 20 00 16   .311     2013 04 20 00 16  5.127       4.8
 2013 04 20 13 53 24.822     2013 04 20 13 56 50.572     205.7
475
 2013 04 20 19 06  7.368     2013 04 20 19 09  7.967     180.6
476
 2013 04 20 00 21 25.025     2013 04 20 00 25   .861     215.8
 2013 04 20 12 12 56.708     2013 04 20 12 15 37.336     160.6
477
 2013 04 20 00 18 15.922     2013 04 20 00 21  9.478     173.6
478
479
480
 2013 04 20 20 41 24.372     2013 04 20 20 43 59.976     155.6
481
 2013 04 20 09 06 45.851     2013 04 20 09 07 47.202      61.4
 2013 04 20 20 48 25.314     2013 04 20 20 51 30.516     185.2
482
 2013 04 20 12 22 29.218     2013 04 20 12 25 24.233     175.0
 2013 04 20 20 38 12.550     2013 04 20 20 41 26.522     194.0
483
 2013 04 20 10 46  6.887     2013 04 20 10 49 48.807     221.9
484
 2013 04 20 14 01 28.016     2013 04 20 14 04  7.687     159.7
 2013 04 20 20 35 13.059     2013 04 20 20 37 47.383     154.3
485
 2013 04 20 10 48  2.439     2013 04 20 10 50 45.302     162.9
 2013 04 20 19 04 50.410     2013 04 20 19 07 56.067     185.7
486
 2013 04 20 10 47 44.319     2013 04 20 10 50 23.496     159.2
 2013 04 20 19 04 33.575     2013 04 20 19 08  8.236     214.7
487
 2013 04 20 12 18  4.999     2013 04 20 12 20 53.976     169.0
 2013 04 20 22 18  4.718     2013 04 20 22 20 43.964     159.2
488
489
 2013 04 20 22 21 58.975     2013 04 20 22 24 38.146     159.2
490
 2013 04 20 12 20 40.411     2013 04 20 12 23 17.938     157.5
491
 2013 04 20 22 21 43.318     2013 04 20 22 24 28.397     165.1
492
 2013 04 20 00 19 28.422     2013 04 20 00 22 22.526     174.1
493
 2013 04 20 19 02 31.535     2013 04 20 19 05 35.544     184.0
494
 2013 04 20 20 46 45.672     2013 04 20 20 49 37.792     172.1
495
 2013 04 20 13 59 22.651     2013 04 20 14 02  4.170     161.5
 2013 04 20 22 12 46.005     2013 04 20 22 12 47.040       1.0
496
 2013 04 20 22 22 20.945     2013 04 20 22 24 51.203     150.3
497
 2013 04 20 12 15 30.885     2013 04 20 12 19 11.579     220.7
498
 2013 04 20 14 01  9.283     2013 04 20 14 03 54.493     165.2
 2013 04 20 20 35  1.171     2013 04 20 20 37 37.323     156.2
499
 2013 04 20 12 15 50.808     2013 04 20 12 18 24.591     153.8
500
 2013 04 20 10 43 39.886     2013 04 20 10 46 36.108     176.2
 2013 04 20 20 44 45.938     2013 04 20 20 47 18.761     152.8
501
 2013 04 20 12 23 27.037     2013 04 20 12 26 13.098     166.1
 2013 04 20 20 38 33.582     2013 04 20 20 41  6.506     152.9
502
 2013 04 20 14 03 21.995     2013 04 20 14 06 47.731     205.7
 2013 04 20 18 58 57.335     2013 04 20 19 01 58.627     181.3
503
 2013 04 20 12 22 53.362     2013 04 20 12 25 46.577     173.2
 2013 04 20 20 38 23.337     2013 04 20 20 41 11.158     167.8
504
505
 2013 04 20 12 25 38.626     2013 04 20 12 28 25.705     167.1
 2013 04 20 18 59 49.848     2013 04 20 19 03 32.156     222.3
506
507
508
 2013 04 20 10 47 33.603     2013 04 20 10 50 21.898     168.3
 2013 04 20 19 06 56.916     2013 04 20 19 07 33.613      36.7
509
 2013 04 20 10 41 52.273     2013 04 20 10 45 12.852     200.6
510
 2013 04 20 13 58  8.273     2013 04 20 14 00 43.661     155.4
 2013 04 20 22 13 21.347     2013 04 20 22 15 55.826     154.5
511
512
 2013 04 20 09 03 52.464     2013 04 20 09 07  1.689     189.2
 2013 04 20 20 49  6.782     2013 04 20 20 52  8.281     181.5
513
 2013 04 20 14 00 10.071     2013 04 20 14 03 52.532     222.5
 2013 04 20 20 36 14.049     2013 04 20 20 39 28.314     194.3
514
 2013 04 20 22 15 23.119     2013 04 20 22 18 53.921     210.8
515
 2013 04 20 10 48 35.449     2013 04 20 10 48 40.020       4.6
 2013 04 20 20 41 58.603     2013 04 20 20 44 46.535     167.9
516
 2013 04 20 09 05 29.699     2013 04 20 09 08 55.110     205.4
517
 2013 04 20 12 17 17.657     2013 04 20 12 19 53.035     155.4
 2013 04 20 22 18 25.820     2013 04 20 22 21 47.843     202.0
518
 2013 04 20 14 01 18.852     2013 04 20 14 05   .447     221.6
 2013 04 20 20 36 40.849     2013 04 20 20 39 17.538     156.7
519
 2013 04 20 13 58 11.246     2013 04 20 14 01 37.219     206.0
 2013 04 20 22 14  6.905     2013 04 20 22 17 14.071     187.2
520
 2013 04 20 14 03 25.497     2013 04 20 14 06 53.136     207.6
 2013 04 20 18 59  2.430     2013 04 20 19 01 59.802     177.4
521
 2013 04 20 10 43 11.503     2013 04 20 10 46 15.542     184.0
 2013 04 20 20 43 20.181     2013 04 20 20 46 19.861     179.7
522
 2013 04 20 13 57 58.494     2013 04 20 14 00 54.986     176.5
 2013 04 20 22 14  3.176     2013 04 20 22 16 41.256     158.1
523
 2013 04 20 10 37 46.471     2013 04 20 10 37 57.917      11.4
 2013 04 20 22 23 28.890     2013 04 20 22 26  6.597     157.7
524
 2013 04 20 12 20  4.614     2013 04 20 12 23 36.614     212.0
525
 2013 04 20 10 40   .330     2013 04 20 10 42 44.981     164.7
526
 2013 04 20 12 15 46.414     2013 04 20 12 19 10.084     203.7
527
 2013 04 20 10 48 45.464     2013 04 20 10 49 39.552      54.1
528
 2013 04 20 10 46 19.921     2013 04 20 10 49 53.019     213.1
529
 2013 04 20 13 57  3.546     2013 04 20 13 59 43.901     160.4
 2013 04 20 22 13 43.383     2013 04 20 22 16 45.270     181.9
530
 2013 04 20 09 04 53.878     2013 04 20 09 08 16.484     202.6
531
 2013 04 20 10 45   .183     2013 04 20 10 47 42.152     162.0
 2013 04 20 20 43 30.992     2013 04 20 20 47  3.308     212.3
532
 2013 04 20 12 24 48.922     2013 04 20 12 27 27.014     158.1
 2013 04 20 20 38 19.906     2013 04 20 20 39 10.457      50.6
533
 2013 04 20 00 15 26.243     2013 04 20 00 17 11.480     105.2
 2013 04 20 13 53 54.060     2013 04 20 13 56 32.646     158.6
534
 2013 04 20 22 20  2.815     2013 04 20 22 22 54.526     171.7
535
 2013 04 20 13 57 52.191     2013 04 20 14 01  6.176     194.0
 2013 04 20 22 14 15.743     2013 04 20 22 16 56.939     161.2
536
537
 2013 04 20 12 17  8.781     2013 04 20 12 19 42.387     153.6
 2013 04 20 22 18 38.659     2013 04 20 22 22  5.967     207.3
538
 2013 04 20 13 59 48.902     2013 04 20 14 02 44.432     175.5
539
 2013 04 20 12 26 55.041     2013 04 20 12 30 26.638     211.6
 2013 04 20 14 04 40.130     2013 04 20 14 08 22.361     222.2
 2013 04 20 18 59 52.558     2013 04 20 19 02 41.006     168.4
540
 2013 04 20 12 22 27.963     2013 04 20 12 25 24.162     176.2
 2013 04 20 20 39 36.846     2013 04 20 20 42 34.206     177.4
541
 2013 04 20 13 57 59.457     2013 04 20 14 00 34.776     155.3
 2013 04 20 22 13 23.969     2013 04 20 22 15 56.797     152.8
542
543
 2013 04 20 09 03 10.537     2013 04 20 09 05 55.027     164.5
 2013 04 20 20 50  9.454     2013 04 20 20 52 42.728     153.3
544
545
546
 2013 04 20 14 03 18.307     2013 04 20 14 06 13.092     174.8
 2013 04 20 18 58 23.146     2013 04 20 19 01 32.266     189.1
547
 2013 04 20 13 54 13.458     2013 04 20 13 54 39.535      26.1
548
 2013 04 20 12 13 55.876     2013 04 20 12 17   .514     184.6
549
 2013 04 20 10 40 38.408     2013 04 20 10 43 40.952     182.5
550
 2013 04 20 12 13  3.846     2013 04 20 12 16 42.427     218.6
551
552
 2013 04 20 15 37  9.607     2013 04 20 15 39 46.111     156.5
 2013 04 20 20 31 43.547     2013 04 20 20 32 49.192      65.6
 2013 04 20 22 09 39.699     2013 04 20 22 13 20.939     221.2
553
554
 2013 04 20 13 59 40.291     2013 04 20 14 03 11.681     211.4
 2013 04 20 20 33 41.283     2013 04 20 20 37 22.036     220.8
555
 2013 04 20 14 00 36.016     2013 04 20 14 03 58.453     202.4
 2013 04 20 20 34 23.609     2013 04 20 20 37  4.898     161.3
556
557
 2013 04 20 12 23 21.197     2013 04 20 12 26 14.331     173.1
 2013 04 20 20 39 36.242     2013 04 20 20 42  9.712     153.5
558
 2013 04 20 14 01 43.394     2013 04 20 14 04 56.024     192.6
 2013 04 20 20 36 18.850     2013 04 20 20 39  3.239     164.4
559
 2013 04 20 20 48   .980     2013 04 20 20 50 58.044     177.1
560
 2013 04 20 13 59 38.709     2013 04 20 14 02 55.537     196.8
 2013 04 20 20 33 41.620     2013 04 20 20 33 48.417       6.8
561
 2013 04 20 15 35  3.819     2013 04 20 15 38 40.647     216.8
 2013 04 20 22 10 54.548     2013 04 20 22 13 42.254     167.7
562
563
 2013 04 20 10 49 41.084     2013 04 20 10 52 41.142     180.1
 2013 04 20 19 03 28.816     2013 04 20 19 06 29.111     180.3
564
 2013 04 20 00 19 52.587     2013 04 20 00 23  1.489     188.9
565
 2013 04 20 10 44 42.901     2013 04 20 10 47 16.871     154.0
 2013 04 20 20 43 37.125     2013 04 20 20 46 32.661     175.5
566
 2013 04 20 20 47 33.135     2013 04 20 20 51 10.182     217.0
567
 2013 04 20 09 04 47.260     2013 04 20 09 08 22.246     215.0
568
 2013 04 20 13 57 56.031     2013 04 20 14 01 35.019     219.0
 2013 04 20 22 14 21.151     2013 04 20 22 17 19.925     178.8
569
570
 2013 04 20 12 14 38.273     2013 04 20 12 17 43.392     185.1
571
 2013 04 20 12 25 41.827     2013 04 20 12 28 19.339     157.5
 2013 04 20 19 00  2.657     2013 04 20 19 03 51.073     228.4
572
 2013 04 20 22 26 19.737     2013 04 20 22 26 28.811       9.1
573
 2013 04 20 10 40 17.450     2013 04 20 10 43  6.390     168.9
574
 2013 04 20 12 25  6.108     2013 04 20 12 27 46.802     160.7
575
 2013 04 20 12 24 35.225     2013 04 20 12 27 46.195     191.0
 2013 04 20 20 37 21.858     2013 04 20 20 41  2.773     220.9
576
 2013 04 20 22 14 41.410     2013 04 20 22 17 57.945     196.5
577
 2013 04 20 14 00 54.539     2013 04 20 14 01 25.463      30.9
 2013 04 20 22 12  1.949     2013 04 20 22 14 35.729     153.8
578
 2013 04 20 10 45 28.525     2013 04 20 10 48  4.311     155.8
 2013 04 20 20 42 41.885     2013 04 20 20 44 17.437      95.6
579
 2013 04 20 12 16 27.602     2013 04 20 12 19 19.321     171.7
 2013 04 20 22 21 53.093     2013 04 20 22 23  2.797      69.7
580
 2013 04 20 10 45 33.216     2013 04 20 10 48  8.156     154.9
 2013 04 20 20 42 48.035     2013 04 20 20 43  1.376      13.3
581
 2013 04 20 12 20 10.879     2013 04 20 12 22 45.520     154.6
582
 2013 04 20 22 20 43.582     2013 04 20 22 20 51.077       7.5
583
 2013 04 20 12 22 30.898     2013 04 20 12 26 13.199     222.3
 2013 04 20 20 37 43.627     2013 04 20 20 40 35.804     172.2
584
585
 2013 04 20 10 38 19.041     2013 04 20 10 38 34.512      15.5
586
 2013 04 20 13 54 50.097     2013 04 20 13 58 17.855     207.8
587
 2013 04 20 13 59  4.876     2013 04 20 14 02 16.232     191.4
 2013 04 20 22 11 47.727     2013 04 20 22 15 31.487     223.8
588
589
 2013 04 20 14 00 41.469     2013 04 20 14 01 19.276      37.8
 2013 04 20 15 38 37.988     2013 04 20 15 42 15.243     217.3
 2013 04 20 20 34  9.591     2013 04 20 20 36 44.194     154.6
590
 2013 04 20 20 37 25.554     2013 04 20 20 40  3.953     158.4
591
592
 2013 04 20 12 24 39.190     2013 04 20 12 27 29.914     170.7
 2013 04 20 20 37 43.450     2013 04 20 20 41 20.005     216.6
593
 2013 04 20 22 21 34.997     2013 04 20 22 24 28.105     173.1
594
 2013 04 20 22 15 28.938     2013 04 20 22 18 14.035     165.1
595
 2013 04 20 20 47 50.763     2013 04 20 20 50 20.927     150.2
596
 2013 04 20 10 48 37.230     2013 04 20 10 51 48.875     191.6
 2013 04 20 19 03 41.501     2013 04 20 19 06 17.591     156.1
597
 2013 04 20 20 51 39.829     2013 04 20 20 51 58.760      18.9
598
 2013 04 20 10 45 11.607     2013 04 20 10 47 45.676     154.1
 2013 04 20 20 43  7.133     2013 04 20 20 46 34.456     207.3
599
 2013 04 20 13 59 33.313     2013 04 20 14 00  9.403      36.1
 2013 04 20 20 39 13.958     2013 04 20 20 39 58.942      45.0
600
 2013 04 20 13 55 35.417     2013 04 20 13 55 49.736      14.3
 2013 04 20 22 14 40.463     2013 04 20 22 18 23.328     222.9
601
 2013 04 20 13 55 37.036     2013 04 20 13 58 17.719     160.7
602
 2013 04 20 00 18 17.425     2013 04 20 00 20 47.725     150.3
603
 2013 04 20 12 27 19.010     2013 04 20 12 29 57.670     158.7
 2013 04 20 19 01 14.980     2013 04 20 19 03 53.868     158.9
604
 2013 04 20 10 43 12.320     2013 04 20 10 46   .755     168.4
 2013 04 20 20 44 49.501     2013 04 20 20 47 25.826     156.3
605
 2013 04 20 13 59 14.889     2013 04 20 14 02 23.109     188.2
606
 2013 04 20 13 59 36.816     2013 04 20 14 02 23.030     166.2
607
 2013 04 20 12 21 32.204     2013 04 20 12 24 27.821     175.6
608
 2013 04 20 14 02 45.356     2013 04 20 14 05 25.814     160.5
 2013 04 20 18 57 27.841     2013 04 20 18 58 37.996      70.2
 2013 04 20 20 35 19.775     2013 04 20 20 37 25.427     125.7
609
 2013 04 20 10 44 10.708     2013 04 20 10 47 13.876     183.2
 2013 04 20 20 43 11.097     2013 04 20 20 45 43.086     152.0
610
 2013 04 20 12 29 13.815     2013 04 20 12 32 23.134     189.3
 2013 04 20 17 24 31.978     2013 04 20 17 27 17.618     165.6
611
 2013 04 20 20 36 59.342     2013 04 20 20 39 59.255     179.9
612
 2013 04 20 10 41 22.135     2013 04 20 10 44 17.257     175.1
613
 2013 04 20 12 28 50.269     2013 04 20 12 31 33.116     162.8
 2013 04 20 17 23 40.526     2013 04 20 17 26 48.340     187.8
614
615
 2013 04 20 14 00 48.161     2013 04 20 14 03 25.911     157.7
 2013 04 20 20 35 23.817     2013 04 20 20 38 22.083     178.3
616
 2013 04 20 12 12 53.969     2013 04 20 12 15 38.580     164.6
617
 2013 04 20 12 23 16.839     2013 04 20 12 27  1.857     225.0
 2013 04 20 20 37 42.376     2013 04 20 20 40 16.965     154.6
618
 2013 04 20 20 48  7.102     2013 04 20 20 50 46.748     159.6
619
620
 2013 04 20 10 44 39.285     2013 04 20 10 44 59.263      20.0
 2013 04 20 20 42  7.480     2013 04 20 20 45  1.336     173.9
621
 2013 04 20 00 20 38.447     2013 04 20 00 23  9.424     151.0
622
 2013 04 20 13 53 56.076     2013 04 20 13 55 11.036      75.0
623
624
 2013 04 20 22 16  3.034     2013 04 20 22 19 40.167     217.1
625
626
 2013 04 20 10 41 23.803     2013 04 20 10 44 19.099     175.3
627
628
 2013 04 20 13 59 51.662     2013 04 20 14 00 14.232      22.6
 2013 04 20 22 11 36.734     2013 04 20 22 15 23.422     226.7
629
 2013 04 20 10 38 52.764     2013 04 20 10 40 12.783      80.0
630
 2013 04 20 12 25 35.428     2013 04 20 12 29  9.460     214.0
 2013 04 20 18 59 32.404     2013 04 20 19 02 37.999     185.6
631
 2013 04 20 20 45 39.694     2013 04 20 20 49  9.576     209.9
632
 2013 04 20 12 28 43.204     2013 04 20 12 29 25.297      42.1
 2013 04 20 14 03 17.459     2013 04 20 14 04 29.919      72.5
 2013 04 20 18 59 19.348     2013 04 20 19 02 19.264     179.9
633
 2013 04 20 22 11 21.731     2013 04 20 22 14 13.690     172.0
634
 2013 04 20 15 36 28.379     2013 04 20 15 39 30.368     182.0
 2013 04 20 22 10 33.845     2013 04 20 22 13 30.166     176.3
635
 2013 04 20 13 53 50.165     2013 04 20 13 57  4.205     194.0
636
 2013 04 20 20 36 45.551     2013 04 20 20 39 45.732     180.2
637
 2013 04 20 13 57 12.122     2013 04 20 13 57 43.889      31.8
 2013 04 20 22 14 53.282     2013 04 20 22 17 29.189     155.9
638
639
 2013 04 20 10 39  5.572     2013 04 20 10 41 47.371     161.8
 2013 04 20 22 23 14.923     2013 04 20 22 23 38.021      23.1
640
 2013 04 20 22 23 34.557     2013 04 20 22 26 29.908     175.4
641
 2013 04 20 14 01 23.201     2013 04 20 14 04 49.430     206.2
 2013 04 20 20 36 30.957     2013 04 20 20 39  6.875     155.9
642
643
 2013 04 20 20 41 18.219     2013 04 20 20 44 22.621     184.4
644
 2013 04 20 10 46 30.862     2013 04 20 10 49  8.272     157.4
645
 2013 04 20 14 03 42.896     2013 04 20 14 06 57.139     194.2
 2013 04 20 18 59  5.416     2013 04 20 19 01 49.859     164.4
646
 2013 04 20 12 26 28.879     2013 04 20 12 29 55.129     206.2
 2013 04 20 19 01 59.307     2013 04 20 19 04 36.057     156.7
647
648
 2013 04 20 10 41  3.678     2013 04 20 10 43 44.286     160.6
649
 2013 04 20 20 46 12.012     2013 04 20 20 46 24.623      12.6
650
 2013 04 20 19 10 29.234     2013 04 20 19 10 39.348      10.1
651
 2013 04 20 12 14 59.321     2013 04 20 12 18 39.053     219.7
652
 2013 04 20 12 16 33.125     2013 04 20 12 19 28.784     175.7
 2013 04 20 22 19 20.793     2013 04 20 22 22 56.819     216.0
653
 2013 04 20 10 43 18.731     2013 04 20 10 47   .044     221.3
 2013 04 20 20 42 50.770     2013 04 20 20 45 37.901     167.1
654
 2013 04 20 12 20 28.558     2013 04 20 12 23 10.093     161.5
655
 2013 04 20 10 50 12.149     2013 04 20 10 53 39.119     207.0
 2013 04 20 19 02 31.474     2013 04 20 19 03 11.238      39.8
656
 2013 04 20 00 23 48.952     2013 04 20 00 23 52.038       3.1
657
 2013 04 20 12 26 31.315     2013 04 20 12 30  3.884     212.6
 2013 04 20 19 02  5.082     2013 04 20 19 04 39.994     154.9
658
 2013 04 20 14 02 49.181     2013 04 20 14 05 25.041     155.9
 2013 04 20 18 57 20.616     2013 04 20 19 00 56.470     215.9
 2013 04 20 20 34 58.995     2013 04 20 20 35 59.059      60.1
659
 2013 04 20 12 27 22.718     2013 04 20 12 28  2.335      39.6
 2013 04 20 20 37   .999     2013 04 20 20 40 20.147     199.1
660
 2013 04 20 22 15 34.892     2013 04 20 22 18  8.034     153.1
661
 2013 04 20 09 03  2.983     2013 04 20 09 06 37.970     215.0
 2013 04 20 20 49 23.308     2013 04 20 20 51 54.435     151.1
662
 2013 04 20 10 40 48.601     2013 04 20 10 41 44.290      55.7
663
 2013 04 20 22 20 55.880     2013 04 20 22 23 31.286     155.4
664
 2013 04 20 12 21  5.714     2013 04 20 12 24 15.793     190.1
665
 2013 04 20 10 39 29.232     2013 04 20 10 43   .032     210.8
666
 2013 04 20 10 43   .107     2013 04 20 10 43 55.888      55.8
 2013 04 20 20 45 28.511     2013 04 20 20 48  5.754     157.2
667
 2013 04 20 13 59 40.157     2013 04 20 14 02 22.914     162.8
668
 2013 04 20 14 00 36.171     2013 04 20 14 03 41.345     185.2
 2013 04 20 20 34 31.598     2013 04 20 20 37 20.725     169.1
669
 2013 04 20 10 41 23.744     2013 04 20 10 45  8.000     224.3
 2013 04 20 20 45 33.952     2013 04 20 20 49 10.037     216.1
670
 2013 04 20 10 44 18.650     2013 04 20 10 47 27.310     188.7
 2013 04 20 20 44 18.152     2013 04 20 20 47 30.380     192.2
671
 2013 04 20 10 38 54.480     2013 04 20 10 42 36.592     222.1
 2013 04 20 22 22 27.139     2013 04 20 22 24  1.265      94.1
672
 2013 04 20 00 16 52.934     2013 04 20 00 20  5.322     192.4
 2013 04 20 13 52 35.263     2013 04 20 13 56 12.900     217.6
673
674
 2013 04 20 15 38 15.178     2013 04 20 15 41 14.892     179.7
 2013 04 20 20 33 22.487     2013 04 20 20 36  5.097     162.6
675
 2013 04 20 12 17 53.285     2013 04 20 12 20 37.581     164.3
 2013 04 20 22 19  9.883     2013 04 20 22 21 42.745     152.9
676
 2013 04 20 22 19 53.905     2013 04 20 22 22 47.409     173.5
677
 2013 04 20 12 18 51.901     2013 04 20 12 22 10.829     198.9
 2013 04 20 22 17 15.999     2013 04 20 22 19 53.732     157.7
678
 2013 04 20 10 43 13.784     2013 04 20 10 43 46.572      32.8
679
 2013 04 20 12 25 21.022     2013 04 20 12 28 34.864     193.8
 2013 04 20 18 59 24.184     2013 04 20 19 03  7.839     223.7
680
 2013 04 20 12 14  3.159     2013 04 20 12 16 41.094     157.9
681
682
 2013 04 20 20 36 43.152     2013 04 20 20 39 48.575     185.4
683
 2013 04 20 15 36 25.193     2013 04 20 15 39  5.406     160.2
 2013 04 20 22 10 11.825     2013 04 20 22 12 58.003     166.2
684
 2013 04 20 10 37  9.364     2013 04 20 10 40 28.933     199.6
 2013 04 20 22 24 15.175     2013 04 20 22 26 46.623     151.4
685
686
 2013 04 20 12 22  2.007     2013 04 20 12 22 24.454      22.4
 2013 04 20 20 37 26.542     2013 04 20 20 40 48.435     201.9
687
 2013 04 20 12 13 57.662     2013 04 20 12 16 31.446     153.8
688
689
 2013 04 20 13 59 52.235     2013 04 20 14 02 27.609     155.4
690
 2013 04 20 12 24 31.368     2013 04 20 12 28 15.562     224.2
 2013 04 20 20 36 49.851     2013 04 20 20 37 45.917      56.1
691
 2013 04 20 10 45 42.280     2013 04 20 10 49 29.032     226.8
692
 2013 04 20 12 15 18.766     2013 04 20 12 18 44.604     205.8
693
 2013 04 20 10 41 33.274     2013 04 20 10 41 51.258      18.0
694
695
696
 2013 04 20 12 14 35.026     2013 04 20 12 18 13.925     218.9
697
 2013 04 20 09 07  7.387     2013 04 20 09 08 12.020      64.6
 2013 04 20 20 47 58.494     2013 04 20 20 51 33.019     214.5
698
 2013 04 20 10 43  6.695     2013 04 20 10 45 41.578     154.9
 2013 04 20 20 44 24.514     2013 04 20 20 47 17.595     173.1
699
 2013 04 20 10 39 45.289     2013 04 20 10 43   .973     195.7
700
 2013 04 20 00 19  8.928     2013 04 20 00 21 42.606     153.7
701
 2013 04 20 10 45 20.229     2013 04 20 10 48  1.773     161.5
 2013 04 20 20 42 40.268     2013 04 20 20 46 11.141     210.9
702
 2013 04 20 10 44  5.621     2013 04 20 10 47   .975     175.4
 2013 04 20 20 43 21.762     2013 04 20 20 45 53.018     151.3
703
 2013 04 20 15 36 53.119     2013 04 20 15 39 29.584     156.5
 2013 04 20 22 09 49.656     2013 04 20 22 13  6.433     196.8
704
705
 2013 04 20 12 27 34.517     2013 04 20 12 30 13.499     159.0
 2013 04 20 19 00 41.287     2013 04 20 19 03 35.607     174.3
706
 2013 04 20 10 49 58.784     2013 04 20 10 52 59.485     180.7
 2013 04 20 19 03 13.769     2013 04 20 19 06 36.780     203.0
707
 2013 04 20 00 20 14.871     2013 04 20 00 22 52.817     157.9
708
 2013 04 20 12 18 13.646     2013 04 20 12 21 26.219     192.6
 2013 04 20 22 19 15.840     2013 04 20 22 21 59.320     163.5
709
 2013 04 20 12 21 47.665     2013 04 20 12 24 25.742     158.1
710
 2013 04 20 00 21 15.894     2013 04 20 00 24 16.086     180.2
 2013 04 20 12 12 28.547     2013 04 20 12 15 45.288     196.7
711
 2013 04 20 12 22  1.533     2013 04 20 12 24 12.441     130.9
 2013 04 20 20 40 18.939     2013 04 20 20 43  8.533     169.6
712
713
714
 2013 04 20 12 26 31.464     2013 04 20 12 29  8.195     156.7
 2013 04 20 19 00 43.269     2013 04 20 19 03 28.696     165.4
715
 2013 04 20 12 28 51.117     2013 04 20 12 31 37.412     166.3
 2013 04 20 17 23 46.053     2013 04 20 17 26 53.694     187.6
716
 2013 04 20 10 44 59.359     2013 04 20 10 47 51.640     172.3
 2013 04 20 20 43 34.162     2013 04 20 20 45  3.800      89.6
717
 2013 04 20 10 47  2.397     2013 04 20 10 50 28.457     206.1
718
 2013 04 20 12 20 28.556     2013 04 20 12 23 28.880     180.3
719
 2013 04 20 14 04 11.063     2013 04 20 14 07  2.550     171.5
 2013 04 20 18 59   .392     2013 04 20 19 01 35.101     154.7
720
 2013 04 20 12 18 38.892     2013 04 20 12 21 41.612     182.7
 2013 04 20 22 17 39.371     2013 04 20 22 20 11.406     152.0
721
 2013 04 20 10 43 28.168     2013 04 20 10 44 44.850      76.7
 2013 04 20 20 45  6.009     2013 04 20 20 48  2.570     176.6
722
 2013 04 20 13 57 34.349     2013 04 20 14 00 23.744     169.4
 2013 04 20 22 14  3.109     2013 04 20 22 16 36.869     153.8
723
 2013 04 20 14 02   .242     2013 04 20 14 05 47.406     227.2
 2013 04 20 20 36 29.142     2013 04 20 20 39 48.027     198.9
724
 2013 04 20 13 57  3.372     2013 04 20 13 59 59.868     176.5
 2013 04 20 22 14  7.505     2013 04 20 22 16 57.160     169.7
725
 2013 04 20 10 43 50.402     2013 04 20 10 46 29.932     159.5
 2013 04 20 20 43 48.650     2013 04 20 20 46 21.449     152.8
726
 2013 04 20 12 18  5.005     2013 04 20 12 19  1.331      56.3
 2013 04 20 22 19 25.362     2013 04 20 22 22 34.915     189.6
727
 2013 04 20 12 13 54.551     2013 04 20 12 16 28.936     154.4
728
 2013 04 20 22 11 34.843     2013 04 20 22 14 10.580     155.7
729
 2013 04 20 12 17 36.803     2013 04 20 12 20 37.825     181.0
 2013 04 20 22 19 29.690     2013 04 20 22 22  2.478     152.8
730
 2013 04 20 22 16 41.513     2013 04 20 22 19 23.504     162.0
731
 2013 04 20 22 20 24.366     2013 04 20 22 23 21.909     177.5
732
 2013 04 20 20 40 56.861     2013 04 20 20 43 33.451     156.6
733
 2013 04 20 20 46 37.573     2013 04 20 20 49 10.204     152.6
734
 2013 04 20 12 22 39.943     2013 04 20 12 25 14.810     154.9
 2013 04 20 20 38 51.540     2013 04 20 20 41 56.524     185.0
735
 2013 04 20 12 19 53.732     2013 04 20 12 23 14.796     201.1
 2013 04 20 22 16 16.917     2013 04 20 22 19 59.271     222.4
736
 2013 04 20 00 21 56.560     2013 04 20 00 24 49.963     173.4
 2013 04 20 12 12 19.991     2013 04 20 12 15  5.856     165.9
737
 2013 04 20 09 04 24.786     2013 04 20 09 07  4.607     159.8
 2013 04 20 20 49  4.816     2013 04 20 20 50 42.241      97.4
738
 2013 04 20 22 14 54.301     2013 04 20 22 17 41.307     167.0
739
 2013 04 20 20 46 22.107     2013 04 20 20 49 55.776     213.7
740
 2013 04 20 00 14 41.127     2013 04 20 00 14 57.238      16.1
 2013 04 20 13 54 21.032     2013 04 20 13 56 56.378     155.3
741
 2013 04 20 15 37   .824     2013 04 20 15 39 38.363     157.5
 2013 04 20 20 31 25.079     2013 04 20 20 32 46.440      81.4
 2013 04 20 22 09 26.101     2013 04 20 22 12 58.021     211.9
742
 2013 04 20 15 36 50.443     2013 04 20 15 39 45.086     174.6
 2013 04 20 22 10 17.561     2013 04 20 22 13 37.956     200.4
743
744
 2013 04 20 12 15 25.796     2013 04 20 12 18 12.797     167.0
745
746
 2013 04 20 13 59 31.648     2013 04 20 14 02 45.159     193.5
747
 2013 04 20 10 39 16.282     2013 04 20 10 40 33.584      77.3
 2013 04 20 22 23 55.539     2013 04 20 22 26 38.602     163.1
748
749
 2013 04 20 10 47  6.826     2013 04 20 10 50 29.069     202.2
 2013 04 20 19 05 12.649     2013 04 20 19 05 52.109      39.5
750
 2013 04 20 20 47 34.362     2013 04 20 20 50 45.672     191.3
751
 2013 04 20 12 15 31.562     2013 04 20 12 18 29.279     177.7
752
 2013 04 20 10 48 31.097     2013 04 20 10 51 40.240     189.1
 2013 04 20 19 03 42.966     2013 04 20 19 06 22.637     159.7
753
 2013 04 20 20 41  2.087     2013 04 20 20 44  2.170     180.1
754
 2013 04 20 14 00 19.240     2013 04 20 14 04  7.773     228.5
 2013 04 20 15 38  6.546     2013 04 20 15 39 16.265      69.7
 2013 04 20 20 34  5.854     2013 04 20 20 36 48.084     162.2
755
756
 2013 04 20 10 44 44.498     2013 04 20 10 47 19.926     155.4
 2013 04 20 20 43 26.824     2013 04 20 20 46 19.708     172.9
757
 2013 04 20 15 35 33.570     2013 04 20 15 39  1.095     207.5
 2013 04 20 22 10 58.503     2013 04 20 22 13 32.550     154.0
758
 2013 04 20 12 24 10.017     2013 04 20 12 26 53.506     163.5
 2013 04 20 20 38 18.354     2013 04 20 20 41 14.291     175.9
759
 2013 04 20 10 38 58.293     2013 04 20 10 42 31.662     213.4
 2013 04 20 22 22 30.679     2013 04 20 22 23 40.408      69.7
760
 2013 04 20 14 01 44.296     2013 04 20 14 05 33.235     228.9
 2013 04 20 20 36 37.739     2013 04 20 20 39 37.341     179.6
761
 2013 04 20 15 37 17.491     2013 04 20 15 40 14.584     177.1
 2013 04 20 20 32 21.146     2013 04 20 20 36  9.235     228.1
 2013 04 20 22 10  1.783     2013 04 20 22 10 18.374      16.6
762
763
 2013 04 20 12 28 49.378     2013 04 20 12 31 46.470     177.1
 2013 04 20 17 23 56.768     2013 04 20 17 27  6.922     190.2
764
 2013 04 20 10 47 21.424     2013 04 20 10 51  8.601     227.2
 2013 04 20 19 05 45.019     2013 04 20 19 08 49.007     184.0
765
766
 2013 04 20 12 26 19.250     2013 04 20 12 29  5.547     166.3
 2013 04 20 19 00 22.245     2013 04 20 19 03 12.106     169.9
767
 2013 04 20 12 27 57.381     2013 04 20 12 30 35.610     158.2
 2013 04 20 17 22 19.608     2013 04 20 17 22 26.375       6.8
 2013 04 20 19 00 32.536     2013 04 20 19 03 54.246     201.7
768
 2013 04 20 12 23 16.532     2013 04 20 12 26 11.408     174.9
 2013 04 20 20 38 24.306     2013 04 20 20 40 58.439     154.1
769
 2013 04 20 00 18 40.918     2013 04 20 00 19  1.061      20.1
770
 2013 04 20 10 40 54.396     2013 04 20 10 43 29.902     155.5
771
 2013 04 20 14 01  4.893     2013 04 20 14 03 40.874     156.0
 2013 04 20 20 35 16.976     2013 04 20 20 37 59.004     162.0
772
 2013 04 20 12 18  8.525     2013 04 20 12 20 46.289     157.8
 2013 04 20 22 18 55.835     2013 04 20 22 21 27.153     151.3
773
 2013 04 20 13 56  9.703     2013 04 20 13 58 56.263     166.6
774
 2013 04 20 12 14 17.951     2013 04 20 12 16 55.414     157.5
775
 2013 04 20 10 38 41.740     2013 04 20 10 41 17.287     155.5
 2013 04 20 22 23 52.242     2013 04 20 22 27 25.739     213.5
776
 2013 04 20 10 40 44.848     2013 04 20 10 43 55.677     190.8
777
 2013 04 20 12 16 12.618     2013 04 20 12 18 53.555     160.9
778
 2013 04 20 13 57  7.500     2013 04 20 13 57 35.873      28.4
 2013 04 20 22 14 55.390     2013 04 20 22 17 29.680     154.3
779
780
 2013 04 20 22 22 50.816     2013 04 20 22 25 21.382     150.6
781
 2013 04 20 15 38 35.219     2013 04 20 15 41 44.297     189.1
 2013 04 20 20 33 44.482     2013 04 20 20 36 19.342     154.9
782
 2013 04 20 12 17  7.798     2013 04 20 12 20 23.369     195.6
 2013 04 20 22 19 45.713     2013 04 20 22 22 26.315     160.6
783
 2013 04 20 13 58 29.367     2013 04 20 14 01  4.406     155.0
 2013 04 20 22 13 16.017     2013 04 20 22 16  3.612     167.6
784
 2013 04 20 00 18  9.368     2013 04 20 00 20 49.133     159.8
785
 2013 04 20 12 24 58.997     2013 04 20 12 25 25.829      26.8
 2013 04 20 18 58 59.175     2013 04 20 19 02 39.363     220.2
786
 2013 04 20 12 19 27.297     2013 04 20 12 22 21.468     174.2
 2013 04 20 22 17 12.760     2013 04 20 22 20 17.443     184.7
787
 2013 04 20 10 49 25.215     2013 04 20 10 52  3.434     158.2
 2013 04 20 19 04 10.681     2013 04 20 19 06 51.253     160.6
788
 2013 04 20 10 38 17.667     2013 04 20 10 41 36.615     198.9
789
 2013 04 20 12 15 10.617     2013 04 20 12 18 31.478     200.9
790
 2013 04 20 20 47 14.062     2013 04 20 20 49 47.610     153.5
791
 2013 04 20 10 39 12.707     2013 04 20 10 41 46.028     153.3
792
 2013 04 20 10 44  9.378     2013 04 20 10 45 52.955     103.6
 2013 04 20 20 44 24.622     2013 04 20 20 46 14.814     110.2
793
 2013 04 20 14 02 18.115     2013 04 20 14 05  2.066     164.0
 2013 04 20 20 35 41.322     2013 04 20 20 38 50.801     189.5
794
 2013 04 20 22 11 17.260     2013 04 20 22 14 24.872     187.6
795
 2013 04 20 13 56 33.409     2013 04 20 13 59 10.037     156.6
 2013 04 20 22 13 17.873     2013 04 20 22 13 41.959      24.1
796
 2013 04 20 13 57 19.983     2013 04 20 13 59 55.508     155.5
 2013 04 20 22 13 19.414     2013 04 20 22 16 11.678     172.3
797
798
 2013 04 20 00 19 40.871     2013 04 20 00 22 28.113     167.2
799
 2013 04 20 20 48  2.842     2013 04 20 20 50 44.667     161.8
800
 2013 04 20 12 23 48.540     2013 04 20 12 27 14.622     206.1
 2013 04 20 20 37 43.475     2013 04 20 20 40 32.696     169.2
801
 2013 04 20 12 14 35.198     2013 04 20 12 17 14.581     159.4
802
 2013 04 20 14 03  8.201     2013 04 20 14 05 46.628     158.4
 2013 04 20 18 57 50.625     2013 04 20 19 01  8.158     197.5
803
 2013 04 20 12 16 37.294     2013 04 20 12 19 41.112     183.8
 2013 04 20 22 19 31.954     2013 04 20 22 22 52.609     200.7
804
 2013 04 20 12 21 41.378     2013 04 20 12 23 12.501      91.1
 2013 04 20 20 40 14.123     2013 04 20 20 43 23.964     189.8
805
 2013 04 20 10 48 59.856     2013 04 20 10 51 49.330     169.5
 2013 04 20 19 04  1.144     2013 04 20 19 06 34.057     152.9
806
 2013 04 20 12 23  1.090     2013 04 20 12 25 47.434     166.3
 2013 04 20 20 38 32.600     2013 04 20 20 41 15.784     163.2
807
 2013 04 20 00 19 34.218     2013 04 20 00 22 13.850     159.6
808
809
 2013 04 20 12 22 27.375     2013 04 20 12 25 23.168     175.8
 2013 04 20 20 39 36.135     2013 04 20 20 42 34.440     178.3
810
 2013 04 20 15 34 43.707     2013 04 20 15 34 48.916       5.2
 2013 04 20 22 11 12.650     2013 04 20 22 14  4.907     172.3
811
 2013 04 20 12 14 53.422     2013 04 20 12 18  5.240     191.8
812
 2013 04 20 22 21 19.310     2013 04 20 22 23 57.169     157.9
813
 2013 04 20 20 44 41.715     2013 04 20 20 45 24.993      43.3
814
 2013 04 20 12 15 48.576     2013 04 20 12 18 21.995     153.4
815
 2013 04 20 20 48 26.434     2013 04 20 20 52  3.872     217.4
816
 2013 04 20 12 15 16.934     2013 04 20 12 17 53.118     156.2
817
 2013 04 20 12 23 34.483     2013 04 20 12 26 30.668     176.2
 2013 04 20 20 39 33.132     2013 04 20 20 42 13.468     160.3
818
 2013 04 20 12 29  1.119     2013 04 20 12 29 17.457      16.3
 2013 04 20 14 03  5.895     2013 04 20 14 04 20.484      74.6
 2013 04 20 18 59  7.373     2013 04 20 19 02 20.436     193.1
819
 2013 04 20 14 02 10.714     2013 04 20 14 04 50.409     159.7
 2013 04 20 20 35  3.917     2013 04 20 20 38  8.005     184.1
820
 2013 04 20 00 22  8.174     2013 04 20 00 23 45.959      97.8
 2013 04 20 12 12 39.142     2013 04 20 12 15 17.199     158.1
821
 2013 04 20 20 42 13.201     2013 04 20 20 44 44.930     151.7
822
823
 2013 04 20 12 29   .771     2013 04 20 12 32 28.098     207.3
 2013 04 20 17 24 37.277     2013 04 20 17 27 31.553     174.3
824
 2013 04 20 13 58 31.988     2013 04 20 14 02 19.629     227.6
 2013 04 20 22 11 39.403     2013 04 20 22 14 55.417     196.0
825
 2013 04 20 22 15 13.161     2013 04 20 22 18 48.539     215.4
826
 2013 04 20 12 21 37.467     2013 04 20 12 24 24.353     166.9
827
 2013 04 20 15 38 14.811     2013 04 20 15 41 14.751     179.9
 2013 04 20 20 33 22.440     2013 04 20 20 36  5.270     162.8
828
 2013 04 20 12 29  1.328     2013 04 20 12 31 37.424     156.1
 2013 04 20 17 23 36.447     2013 04 20 17 26 27.440     171.0
829
 2013 04 20 15 37 41.560     2013 04 20 15 40 19.118     157.6
 2013 04 20 20 32  9.861     2013 04 20 20 35  8.561     178.7
830
 2013 04 20 14 03 24.734     2013 04 20 14 06 28.659     183.9
 2013 04 20 18 58 39.235     2013 04 20 19 01 40.676     181.4
831
 2013 04 20 13 59 42.496     2013 04 20 14 02 46.374     183.9
 2013 04 20 20 37 35.619     2013 04 20 20 37 52.756      17.1
832
 2013 04 20 22 21   .344     2013 04 20 22 23 58.973     178.6
833
 2013 04 20 15 36 36.751     2013 04 20 15 39 18.867     162.1
 2013 04 20 22 10 10.957     2013 04 20 22 13  8.748     177.8
834
 2013 04 20 20 36 34.156     2013 04 20 20 40  6.826     212.7
835
 2013 04 20 12 25 52.199     2013 04 20 12 29 23.336     211.1
 2013 04 20 18 59 44.293     2013 04 20 19 02 33.788     169.5
836
 2013 04 20 10 45 57.806     2013 04 20 10 48 38.809     161.0
837
 2013 04 20 22 24 36.059     2013 04 20 22 25 57.432      81.4
838
 2013 04 20 22 11 37.790     2013 04 20 22 14 47.222     189.4
839
 2013 04 20 13 56 20.648     2013 04 20 13 59 59.843     219.2
 2013 04 20 22 14 35.038     2013 04 20 22 17 41.003     186.0
840
 2013 04 20 15 38  9.807     2013 04 20 15 41 21.650     191.8
 2013 04 20 20 33 30.200     2013 04 20 20 36 15.613     165.4
841
 2013 04 20 10 46 57.186     2013 04 20 10 50 36.226     219.0
 2013 04 20 19 05 24.797     2013 04 20 19 06 32.117      67.3
842
 2013 04 20 20 47  2.804     2013 04 20 20 49 36.932     154.1
843
 2013 04 20 10 43 52.036     2013 04 20 10 46 38.299     166.3
 2013 04 20 20 44 32.607     2013 04 20 20 47  6.246     153.6
844
 2013 04 20 20 40 57.666     2013 04 20 20 41 25.724      28.1
845
 2013 04 20 13 58 11.899     2013 04 20 14 00 46.874     155.0
 2013 04 20 22 13 24.736     2013 04 20 22 16   .790     156.1
846
 2013 04 20 12 24 36.557     2013 04 20 12 27 39.873     183.3
 2013 04 20 20 38 45.886     2013 04 20 20 39   .418      14.5
847
 2013 04 20 00 17  2.157     2013 04 20 00 17 57.295      55.1
848
 2013 04 20 12 14 14.106     2013 04 20 12 17 19.222     185.1
849
 2013 04 20 12 28 26.038     2013 04 20 12 28 37.708      11.7
 2013 04 20 20 36 27.457     2013 04 20 20 36 39.684      12.2
850
 2013 04 20 13 57 48.609     2013 04 20 14 01 37.172     228.6
 2013 04 20 22 12  6.198     2013 04 20 22 14 42.638     156.4
851
852
853
 2013 04 20 13 55  5.755     2013 04 20 13 57 40.400     154.6
854
 2013 04 20 22 20 13.057     2013 04 20 22 23 11.242     178.2
855
 2013 04 20 10 41 16.330     2013 04 20 10 43 55.269     158.9
856
 2013 04 20 20 47 14.289     2013 04 20 20 49 57.243     163.0
857
 2013 04 20 20 40 32.348     2013 04 20 20 44   .307     208.0
858
 2013 04 20 14 00 16.816     2013 04 20 14 02 52.243     155.4
 2013 04 20 20 34 47.194     2013 04 20 20 38 28.514     221.3
859
 2013 04 20 12 27 24.551     2013 04 20 12 30 40.594     196.0
 2013 04 20 14 05  1.396     2013 04 20 14 08 48.391     227.0
 2013 04 20 17 21 42.877     2013 04 20 17 25 32.213     229.3
 2013 04 20 18 59 55.200     2013 04 20 19 03  5.604     190.4
860
 2013 04 20 14 01 10.449     2013 04 20 14 04 40.996     210.5
 2013 04 20 20 36 33.568     2013 04 20 20 39  7.243     153.7
861
862
 2013 04 20 12 22 18.004     2013 04 20 12 25  4.230     166.2
 2013 04 20 20 38 15.113     2013 04 20 20 41 48.670     213.6
863
 2013 04 20 13 55 39.745     2013 04 20 13 58 42.401     182.7
864
 2013 04 20 12 25 45.771     2013 04 20 12 28 23.131     157.4
 2013 04 20 19 00 26.539     2013 04 20 19 04 13.393     226.9
865
866
867
 2013 04 20 10 47 44.933     2013 04 20 10 48 46.628      61.7
 2013 04 20 19 03  5.358     2013 04 20 19 06 14.591     189.2
868
 2013 04 20 10 45 19.336     2013 04 20 10 47 56.429     157.1
 2013 04 20 20 43  6.875     2013 04 20 20 44 14.133      67.3
869
 2013 04 20 20 44 57.204     2013 04 20 20 48 38.168     221.0
870
 2013 04 20 19 02  8.386     2013 04 20 19 05 55.098     226.7
871
 2013 04 20 20 46 51.001     2013 04 20 20 50  3.388     192.4
872
 2013 04 20 12 21  6.305     2013 04 20 12 24 44.317     218.0
873
874
875
 2013 04 20 09 02 17.489     2013 04 20 09 05 55.186     217.7
 2013 04 20 20 49 38.202     2013 04 20 20 52 19.836     161.6
876
 2013 04 20 00 19 54.494     2013 04 20 00 22 24.535     150.0
877
 2013 04 20 10 45 57.882     2013 04 20 10 48 46.317     168.4
878
 2013 04 20 15 36 52.041     2013 04 20 15 39 43.137     171.1
 2013 04 20 22 10 13.660     2013 04 20 22 13 34.488     200.8
879
 2013 04 20 14 02 25.174     2013 04 20 14 05  9.184     164.0
 2013 04 20 20 35 37.626     2013 04 20 20 38 56.567     198.9
880
 2013 04 20 12 27 33.181     2013 04 20 12 30 26.972     173.8
 2013 04 20 17 25 54.167     2013 04 20 17 25 57.343       3.2
 2013 04 20 19 00 16.845     2013 04 20 19 03 20.969     184.1
881
 2013 04 20 22 16 24.693     2013 04 20 22 19 16.215     171.5
882
 2013 04 20 00 18 31.667     2013 04 20 00 21 29.118     177.5
883
 2013 04 20 20 44 51.715     2013 04 20 20 45  2.007      10.3
884
 2013 04 20 22 11 27.935     2013 04 20 22 14  4.871     156.9
885
 2013 04 20 13 57  1.317     2013 04 20 14 00 24.104     202.8
 2013 04 20 22 14 32.031     2013 04 20 22 17 10.224     158.2
886
 2013 04 20 10 48 18.652     2013 04 20 10 48 43.369      24.7
 2013 04 20 20 41 55.812     2013 04 20 20 44 51.530     175.7
887
 2013 04 20 12 18 12.372     2013 04 20 12 20 52.543     160.2
 2013 04 20 22 18 58.174     2013 04 20 22 21 29.048     150.9
888
 2013 04 20 12 18  8.881     2013 04 20 12 18 33.193      24.3
889
 2013 04 20 10 50 14.068     2013 04 20 10 53 38.086     204.0
 2013 04 20 19 02 32.778     2013 04 20 19 03  7.133      34.4
890
891
 2013 04 20 12 27  2.926     2013 04 20 12 29 39.655     156.7
 2013 04 20 19 01  9.741     2013 04 20 19 03 43.752     154.0
892
893
 2013 04 20 13 54 52.891     2013 04 20 13 57 27.268     154.4
894
 2013 04 20 22 21 46.643     2013 04 20 22 25 21.505     214.9
895
 2013 04 20 10 47 59.176     2013 04 20 10 50 33.843     154.7
 2013 04 20 19 04 21.199     2013 04 20 19 07 42.227     201.0
896
 2013 04 20 13 57 12.695     2013 04 20 14 00  3.739     171.0
 2013 04 20 22 14  3.212     2013 04 20 22 16 48.085     164.9
897
 2013 04 20 15 37 21.820     2013 04 20 15 40 16.675     174.9
 2013 04 20 20 32 23.884     2013 04 20 20 36  5.562     221.7
898
 2013 04 20 10 47 35.423     2013 04 20 10 48 45.031      69.6
 2013 04 20 19 05 56.318     2013 04 20 19 08 40.970     164.7
899
 2013 04 20 12 14 32.294     2013 04 20 12 17 19.875     167.6
