s2
0
 2013 04 20 12 15 43.436     2013 04 20 12 18 53.707     190.3
 2013 04 20 20 31 37.915     2013 04 20 20 34 28.663     170.7
1
 2013 04 20 12 14 49.895     2013 04 20 12 17 25.538     155.6
 2013 04 20 20 36  4.802     2013 04 20 20 36  9.168       4.4
2
 2013 04 20 18 55 56.246     2013 04 20 18 58 33.769     157.5
3
 2013 04 20 12 09 14.557     2013 04 20 12 09 15.365        .8
4
 2013 04 20 12 13 44.257     2013 04 20 12 17 30.766     226.5
5
 2013 04 20 10 41 45.041     2013 04 20 10 44 55.451     190.4
 2013 04 20 18 57  4.193     2013 04 20 18 59 41.146     157.0
6
 2013 04 20 08 56 18.973     2013 04 20 08 59  9.457     170.5
 2013 04 20 20 43 12.893     2013 04 20 20 46  5.972     173.1
7
 2013 04 20 12 11 42.068     2013 04 20 12 14 54.020     192.0
 2013 04 20 22 11  2.473     2013 04 20 22 13 41.660     159.2
8
 2013 04 20 13 53 34.951     2013 04 20 13 57  6.476     211.5
 2013 04 20 15 31 14.424     2013 04 20 15 31 15.921       1.5
 2013 04 20 20 27 47.220     2013 04 20 20 30 30.623     163.4
9
10
 2013 04 20 12 14  8.274     2013 04 20 12 14 57.782      49.5
 2013 04 20 20 33 36.935     2013 04 20 20 37 22.687     225.8
11
 2013 04 20 00 09 53.353     2013 04 20 00 11 58.746     125.4
12
13
 2013 04 20 12 19   .878     2013 04 20 12 22  6.456     185.6
 2013 04 20 18 54 47.647     2013 04 20 18 57 55.107     187.5
14
 2013 04 20 13 55  1.321     2013 04 20 13 58 11.318     190.0
 2013 04 20 15 32 38.823     2013 04 20 15 34 22.304     103.5
 2013 04 20 18 49 39.115     2013 04 20 18 53 30.733     231.6
 2013 04 20 20 27 55.733     2013 04 20 20 31 12.764     197.0
15
16
 2013 04 20 12 14 41.165     2013 04 20 12 17 18.304     157.1
17
 2013 04 20 12 12 24.778     2013 04 20 12 12 31.908       7.1
18
 2013 04 20 12 11  1.560     2013 04 20 12 14  4.745     183.2
 2013 04 20 22 12 54.632     2013 04 20 22 15 33.657     159.0
19
20
 2013 04 20 10 37 50.063     2013 04 20 10 40 57.696     187.6
 2013 04 20 20 35 58.578     2013 04 20 20 39 11.404     192.8
21
 2013 04 20 10 32 58.116     2013 04 20 10 35 31.891     153.8
22
 2013 04 20 20 42 58.854     2013 04 20 20 44  8.692      69.8
23
 2013 04 20 00 11 58.321     2013 04 20 00 15 14.438     196.1
24
 2013 04 20 10 34 40.992     2013 04 20 10 37 28.209     167.2
25
 2013 04 20 10 41 17.256     2013 04 20 10 41 41.814      24.6
 2013 04 20 20 35 17.205     2013 04 20 20 38 26.445     189.2
26
 2013 04 20 12 21 52.340     2013 04 20 12 24 57.074     184.7
 2013 04 20 17 17 26.156     2013 04 20 17 20 30.550     184.4
27
 2013 04 20 13 51 27.157     2013 04 20 13 55  3.731     216.6
 2013 04 20 22 05 31.075     2013 04 20 22 08 37.211     186.1
28
 2013 04 20 13 50 59.795     2013 04 20 13 54 15.994     196.2
 2013 04 20 22 06  5.457     2013 04 20 22 08 44.408     159.0
29
 2013 04 20 10 39 21.025     2013 04 20 10 42 52.147     211.1
30
 2013 04 20 13 55 47.629     2013 04 20 13 58 25.228     157.6
 2013 04 20 18 50 37.080     2013 04 20 18 54 18.025     220.9
 2013 04 20 20 28 26.087     2013 04 20 20 32 19.346     233.3
31
 2013 04 20 13 53 20.676     2013 04 20 13 56 26.038     185.4
 2013 04 20 20 29 10.193     2013 04 20 20 32 37.081     206.9
32
 2013 04 20 12 11 29.087     2013 04 20 12 14 24.157     175.1
 2013 04 20 22 12 31.610     2013 04 20 22 15 23.454     171.8
33
 2013 04 20 09 00 30.103     2013 04 20 09 00 36.671       6.6
 2013 04 20 20 41 51.754     2013 04 20 20 44 55.244     183.5
34
 2013 04 20 13 56  4.337     2013 04 20 13 58 44.379     160.0
 2013 04 20 18 50 51.671     2013 04 20 18 54  3.253     191.6
35
 2013 04 20 20 41 28.577     2013 04 20 20 44  4.539     156.0
36
 2013 04 20 10 39 22.893     2013 04 20 10 42 17.610     174.7
37
38
39
40
 2013 04 20 22 08 53.240     2013 04 20 22 11 41.180     167.9
41
 2013 04 20 00 07 10.747     2013 04 20 00 10 57.353     226.6
 2013 04 20 13 47  9.867     2013 04 20 13 49 44.303     154.4
42
 2013 04 20 15 30 18.164     2013 04 20 15 33 52.187     214.0
 2013 04 20 20 26 15.460     2013 04 20 20 27 43.476      88.0
43
 2013 04 20 22 09 27.644     2013 04 20 22 12 19.782     172.1
44
 2013 04 20 12 07 41.244     2013 04 20 12 10 45.740     184.5
45
46
 2013 04 20 12 19 50.822     2013 04 20 12 22 29.078     158.3
 2013 04 20 18 54 13.545     2013 04 20 18 56 51.248     157.7
47
 2013 04 20 10 34 36.646     2013 04 20 10 34 45.800       9.2
48
 2013 04 20 12 12 19.204     2013 04 20 12 15  3.369     164.2
 2013 04 20 22 11 40.111     2013 04 20 22 15 15.025     214.9
49
 2013 04 20 22 14 12.035     2013 04 20 22 16 56.674     164.6
50
 2013 04 20 12 06 38.665     2013 04 20 12 09 46.155     187.5
51
 2013 04 20 20 39 56.285     2013 04 20 20 42 30.701     154.4
52
 2013 04 20 00 09 47.650     2013 04 20 00 12 58.710     191.1
53
 2013 04 20 22 14 46.582     2013 04 20 22 18 24.795     218.2
54
 2013 04 20 13 53 48.172     2013 04 20 13 56 27.138     159.0
 2013 04 20 20 28 51.285     2013 04 20 20 31 54.400     183.1
55
 2013 04 20 12 14 42.931     2013 04 20 12 18 15.860     212.9
 2013 04 20 20 30 56.359     2013 04 20 20 31  7.446      11.1
56
 2013 04 20 15 29 44.067     2013 04 20 15 32 21.250     157.2
 2013 04 20 22 03 25.045     2013 04 20 22 06 25.174     180.1
57
 2013 04 20 20 34 28.376     2013 04 20 20 37 18.955     170.6
58
 2013 04 20 00 06 58.796     2013 04 20 00 10 45.333     226.5
 2013 04 20 13 47 13.778     2013 04 20 13 49 50.098     156.3
59
 2013 04 20 00 08 56.759     2013 04 20 00 11 39.594     162.8
 2013 04 20 13 45 36.934     2013 04 20 13 48 36.608     179.7
60
 2013 04 20 12 19 10.784     2013 04 20 12 21 52.871     162.1
 2013 04 20 18 54 22.235     2013 04 20 18 57 28.111     185.9
61
 2013 04 20 10 41  9.347     2013 04 20 10 44  8.155     178.8
 2013 04 20 18 57 12.800     2013 04 20 19 00  6.943     174.1
62
 2013 04 20 12 15 50.903     2013 04 20 12 19 38.164     227.3
 2013 04 20 20 31 14.001     2013 04 20 20 33 52.455     158.5
63
 2013 04 20 12 08 25.582     2013 04 20 12 11 44.454     198.9
64
 2013 04 20 10 37 34.944     2013 04 20 10 40 26.779     171.8
 2013 04 20 20 37 18.541     2013 04 20 20 40 50.651     212.1
65
 2013 04 20 13 53 26.871     2013 04 20 13 56 14.106     167.2
 2013 04 20 20 28 51.250     2013 04 20 20 32 19.100     207.9
66
 2013 04 20 13 50 41.055     2013 04 20 13 51 13.394      32.3
 2013 04 20 22 08 13.148     2013 04 20 22 11 15.277     182.1
67
 2013 04 20 22 15 47.104     2013 04 20 22 18 42.497     175.4
68
 2013 04 20 12 15 44.081     2013 04 20 12 18 21.622     157.5
 2013 04 20 20 32 15.451     2013 04 20 20 35 14.126     178.7
69
 2013 04 20 13 56 58.567     2013 04 20 14 00 18.211     199.6
 2013 04 20 18 52 40.423     2013 04 20 18 55 20.640     160.2
70
 2013 04 20 20 42  1.370     2013 04 20 20 44 37.765     156.4
71
 2013 04 20 13 55 42.959     2013 04 20 13 58 32.041     169.1
 2013 04 20 15 33  7.129     2013 04 20 15 33 18.936      11.8
 2013 04 20 18 50 25.313     2013 04 20 18 53 48.066     202.8
 2013 04 20 20 27 58.521     2013 04 20 20 28 59.633      61.1
72
 2013 04 20 00 09   .767     2013 04 20 00 12 21.549     200.8
 2013 04 20 13 45 37.109     2013 04 20 13 47 43.237     126.1
73
 2013 04 20 10 38  1.797     2013 04 20 10 40 36.739     154.9
 2013 04 20 20 36 32.430     2013 04 20 20 40  4.109     211.7
74
 2013 04 20 12 16  7.709     2013 04 20 12 19  2.799     175.1
 2013 04 20 20 31 54.200     2013 04 20 20 34 33.215     159.0
75
 2013 04 20 12 17 52.174     2013 04 20 12 21 28.467     216.3
 2013 04 20 18 55 47.876     2013 04 20 18 56 26.022      38.1
76
 2013 04 20 00 11 45.118     2013 04 20 00 12 41.486      56.4
77
 2013 04 20 12 17 42.922     2013 04 20 12 21 32.729     229.8
78
 2013 04 20 13 51 42.561     2013 04 20 13 51 51.208       8.6
79
 2013 04 20 12 13 57.358     2013 04 20 12 17   .172     182.8
80
 2013 04 20 22 14 48.139     2013 04 20 22 18 23.363     215.2
81
 2013 04 20 13 48 39.571     2013 04 20 13 51 56.668     197.1
82
 2013 04 20 12 09 29.445     2013 04 20 12 09 38.159       8.7
 2013 04 20 22 14 50.131     2013 04 20 22 14 51.139       1.0
83
 2013 04 20 10 32 36.059     2013 04 20 10 35 46.692     190.6
84
 2013 04 20 22 08 39.214     2013 04 20 22 08 54.781      15.6
85
 2013 04 20 12 11 20.209     2013 04 20 12 14  7.588     167.4
 2013 04 20 22 12 34.583     2013 04 20 22 15 15.353     160.8
86
 2013 04 20 22 13 38.795     2013 04 20 22 13 56.978      18.2
87
 2013 04 20 12 16 54.075     2013 04 20 12 19 31.154     157.1
 2013 04 20 20 32 10.716     2013 04 20 20 34 59.430     168.7
88
 2013 04 20 12 14 48.572     2013 04 20 12 17 44.913     176.3
 2013 04 20 20 32 49.427     2013 04 20 20 36 36.590     227.2
89
90
 2013 04 20 12 21   .029     2013 04 20 12 23 44.557     164.5
 2013 04 20 17 15 42.078     2013 04 20 17 19 24.030     222.0
 2013 04 20 18 53 38.612     2013 04 20 18 57 19.761     221.1
91
 2013 04 20 10 32 23.099     2013 04 20 10 34 56.866     153.8
92
 2013 04 20 10 32 21.375     2013 04 20 10 35  1.397     160.0
93
 2013 04 20 10 31 59.622     2013 04 20 10 34 51.160     171.5
 2013 04 20 22 16 34.165     2013 04 20 22 16 48.992      14.8
94
 2013 04 20 20 34 42.864     2013 04 20 20 37 19.209     156.3
95
 2013 04 20 00 10 54.045     2013 04 20 00 14 10.834     196.8
96
 2013 04 20 12 10 44.852     2013 04 20 12 14 23.158     218.3
 2013 04 20 22 10 58.232     2013 04 20 22 13 46.379     168.1
97
 2013 04 20 12 16  9.978     2013 04 20 12 16 33.011      23.0
 2013 04 20 22 09 34.419     2013 04 20 22 13  3.381     209.0
98
99
 2013 04 20 12 19 40.831     2013 04 20 12 22 52.432     191.6
 2013 04 20 18 53 33.465     2013 04 20 18 56 12.333     158.9
100
 2013 04 20 13 52 12.811     2013 04 20 13 55  1.986     169.2
 2013 04 20 22 05 46.348     2013 04 20 22 09 31.961     225.6
101
 2013 04 20 20 39 18.361     2013 04 20 20 42 35.041     196.7
102
 2013 04 20 22 16 45.298     2013 04 20 22 19 21.359     156.1
103
 2013 04 20 13 53 15.176     2013 04 20 13 55 13.405     118.2
 2013 04 20 20 29 54.822     2013 04 20 20 33  2.156     187.3
104
 2013 04 20 12 16 51.268     2013 04 20 12 19 28.105     156.8
 2013 04 20 20 32 13.200     2013 04 20 20 34 59.818     166.6
105
 2013 04 20 00 10 42.566     2013 04 20 00 14  4.939     202.4
106
 2013 04 20 12 10 51.573     2013 04 20 12 13 56.517     184.9
 2013 04 20 22 11 25.530     2013 04 20 22 14 12.832     167.3
107
 2013 04 20 20 40  8.367     2013 04 20 20 42 49.215     160.8
108
 2013 04 20 13 50 15.081     2013 04 20 13 52 52.440     157.4
 2013 04 20 22 06 48.952     2013 04 20 22 09 51.054     182.1
109
 2013 04 20 20 34 59.467     2013 04 20 20 37 48.834     169.4
110
 2013 04 20 12 13 46.052     2013 04 20 12 16 43.446     177.4
111
 2013 04 20 20 40 34.437     2013 04 20 20 43  9.665     155.2
112
113
 2013 04 20 12 17  9.158     2013 04 20 12 19 47.352     158.2
 2013 04 20 20 32 18.730     2013 04 20 20 35 26.690     188.0
114
 2013 04 20 13 53 45.811     2013 04 20 13 57 15.741     209.9
 2013 04 20 15 31 26.171     2013 04 20 15 31 40.728      14.6
 2013 04 20 20 27 51.690     2013 04 20 20 30 30.841     159.2
115
 2013 04 20 10 40 15.261     2013 04 20 10 43 13.002     177.7
 2013 04 20 18 58 17.749     2013 04 20 19 02  2.057     224.3
116
 2013 04 20 10 37 40.549     2013 04 20 10 40 49.795     189.2
 2013 04 20 20 37 12.580     2013 04 20 20 37 55.181      42.6
117
 2013 04 20 13 54 56.190     2013 04 20 13 58  2.293     186.1
 2013 04 20 20 29 38.513     2013 04 20 20 32 33.466     175.0
118
 2013 04 20 10 34 58.989     2013 04 20 10 37 59.404     180.4
119
 2013 04 20 10 38 49.887     2013 04 20 10 41 26.447     156.6
120
 2013 04 20 12 20 31.726     2013 04 20 12 23  8.969     157.2
 2013 04 20 18 54 16.620     2013 04 20 18 57 12.944     176.3
121
 2013 04 20 10 34  4.202     2013 04 20 10 36 38.351     154.1
122
 2013 04 20 10 34 29.120     2013 04 20 10 37  3.109     154.0
123
124
125
126
127
 2013 04 20 22 09  2.524     2013 04 20 22 11 44.689     162.2
128
 2013 04 20 12 07 29.096     2013 04 20 12 10 32.505     183.4
129
 2013 04 20 20 34 21.622     2013 04 20 20 36 57.575     156.0
130
 2013 04 20 12 18 19.608     2013 04 20 12 22  5.832     226.2
 2013 04 20 18 52 43.880     2013 04 20 18 55 58.388     194.5
131
 2013 04 20 12 17  7.031     2013 04 20 12 20 45.458     218.4
 2013 04 20 20 32 43.756     2013 04 20 20 33 25.351      41.6
132
 2013 04 20 00 13 48.505     2013 04 20 00 14 22.039      33.5
 2013 04 20 12 05 58.519     2013 04 20 12 08 32.839     154.3
133
 2013 04 20 10 46  4.339     2013 04 20 10 46 35.102      30.8
 2013 04 20 18 55 46.000     2013 04 20 18 59 20.975     215.0
134
 2013 04 20 22 15 13.735     2013 04 20 22 18 55.724     222.0
135
 2013 04 20 00 13 32.210     2013 04 20 00 16 15.084     162.9
 2013 04 20 12 07 59.389     2013 04 20 12 08  6.073       6.7
136
 2013 04 20 12 14 26.020     2013 04 20 12 17 20.209     174.2
137
 2013 04 20 00 12 11.255     2013 04 20 00 15 27.460     196.2
138
 2013 04 20 13 55  5.035     2013 04 20 13 58 47.609     222.6
 2013 04 20 20 29 53.598     2013 04 20 20 33 16.884     203.3
139
 2013 04 20 12 19 22.140     2013 04 20 12 22 47.335     205.2
 2013 04 20 13 57   .284     2013 04 20 13 57 12.576      12.3
 2013 04 20 18 53 22.509     2013 04 20 18 56   .307     157.8
140
 2013 04 20 22 08 43.390     2013 04 20 22 11 32.890     169.5
141
 2013 04 20 12 12 58.032     2013 04 20 12 16 14.818     196.8
142
 2013 04 20 10 40 23.929     2013 04 20 10 43 42.576     198.6
 2013 04 20 18 58 46.886     2013 04 20 19 01 59.524     192.6
143
 2013 04 20 12 13 12.548     2013 04 20 12 16 45.285     212.7
144
 2013 04 20 12 18 27.707     2013 04 20 12 21 31.184     183.5
 2013 04 20 18 54 16.767     2013 04 20 18 54 47.623      30.9
145
 2013 04 20 13 49  8.056     2013 04 20 13 52 41.579     213.5
 2013 04 20 22 07 58.619     2013 04 20 22 11 31.354     212.7
146
 2013 04 20 10 35 23.172     2013 04 20 10 37 56.832     153.7
 2013 04 20 20 37 38.273     2013 04 20 20 41 17.472     219.2
147
 2013 04 20 10 35 10.885     2013 04 20 10 38 14.766     183.9
 2013 04 20 20 38 38.112     2013 04 20 20 41 45.990     187.9
148
 2013 04 20 12 13 38.879     2013 04 20 12 16 20.130     161.3
149
 2013 04 20 15 29 30.953     2013 04 20 15 32 36.812     185.9
 2013 04 20 22 04 12.301     2013 04 20 22 07  7.727     175.4
150
 2013 04 20 12 11 38.587     2013 04 20 12 14 12.812     154.2
 2013 04 20 22 11 59.565     2013 04 20 22 14 38.927     159.4
151
 2013 04 20 13 54  7.558     2013 04 20 13 56 46.590     159.0
 2013 04 20 20 29  2.443     2013 04 20 20 31 47.834     165.4
152
 2013 04 20 10 35 13.521     2013 04 20 10 37 50.120     156.6
 2013 04 20 20 37 55.171     2013 04 20 20 41 35.857     220.7
153
 2013 04 20 10 42 35.322     2013 04 20 10 46 24.968     229.6
 2013 04 20 18 55 56.249     2013 04 20 18 59 30.640     214.4
154
 2013 04 20 12 16 18.883     2013 04 20 12 18 54.639     155.8
 2013 04 20 20 32 31.977     2013 04 20 20 35  8.751     156.8
155
 2013 04 20 12 10 40.335     2013 04 20 12 13 18.099     157.8
 2013 04 20 22 12 37.852     2013 04 20 22 15 21.739     163.9
156
157
 2013 04 20 13 54 38.407     2013 04 20 13 57 15.951     157.5
 2013 04 20 20 29  3.660     2013 04 20 20 31 42.091     158.4
158
 2013 04 20 15 29 24.314     2013 04 20 15 32 15.782     171.5
 2013 04 20 22 04  1.850     2013 04 20 22 06 47.320     165.5
159
 2013 04 20 15 27 58.671     2013 04 20 15 29 30.596      91.9
 2013 04 20 22 04 36.991     2013 04 20 22 07 33.109     176.1
160
 2013 04 20 13 53 33.356     2013 04 20 13 56 42.425     189.1
 2013 04 20 20 27 56.063     2013 04 20 20 30 50.952     174.9
161
 2013 04 20 18 55 55.813     2013 04 20 18 58 33.702     157.9
162
 2013 04 20 10 36 50.813     2013 04 20 10 40 32.956     222.1
 2013 04 20 20 36 10.855     2013 04 20 20 38 46.765     155.9
163
 2013 04 20 12 11 40.847     2013 04 20 12 12 12.477      31.6
164
 2013 04 20 13 47   .551     2013 04 20 13 49 59.035     178.5
165
 2013 04 20 13 50 30.656     2013 04 20 13 51   .444      29.8
 2013 04 20 22 08 20.290     2013 04 20 22 11 12.486     172.2
166
167
 2013 04 20 10 36  8.533     2013 04 20 10 36  7.903       -.6
 2013 04 20 22 15 22.124     2013 04 20 22 15 34.947      12.8
168
 2013 04 20 20 42 20.692     2013 04 20 20 45 46.570     205.9
169
 2013 04 20 00 11 38.008     2013 04 20 00 14 20.028     162.0
170
 2013 04 20 10 41 10.145     2013 04 20 10 41 46.529      36.4
 2013 04 20 20 35 12.329     2013 04 20 20 38 29.986     197.7
171
 2013 04 20 13 53 30.531     2013 04 20 13 56 11.458     160.9
 2013 04 20 20 28 42.793     2013 04 20 20 32  8.161     205.4
172
 2013 04 20 12 12 13.543     2013 04 20 12 15 58.861     225.3
 2013 04 20 22 10  6.534     2013 04 20 22 13 15.095     188.6
173
174
 2013 04 20 13 49 53.404     2013 04 20 13 53  8.423     195.0
 2013 04 20 22 06   .173     2013 04 20 22 09 15.122     194.9
175
 2013 04 20 22 08 44.713     2013 04 20 22 11 51.236     186.5
176
 2013 04 20 12 13  7.972     2013 04 20 12 16 35.769     207.8
177
 2013 04 20 20 35 15.112     2013 04 20 20 37 51.459     156.3
178
 2013 04 20 12 17 43.165     2013 04 20 12 20 59.048     195.9
 2013 04 20 20 30 33.851     2013 04 20 20 31  2.720      28.9
179
 2013 04 20 13 50 17.671     2013 04 20 13 50 33.742      16.1
 2013 04 20 22 08 28.690     2013 04 20 22 11 12.789     164.1
180
 2013 04 20 12 13 30.914     2013 04 20 12 17  7.712     216.8
181
 2013 04 20 12 11  3.768     2013 04 20 12 14 41.212     217.4
 2013 04 20 22 10 56.401     2013 04 20 22 13 34.365     158.0
182
 2013 04 20 20 34 32.064     2013 04 20 20 37 34.832     182.8
183
 2013 04 20 22 16 12.520     2013 04 20 22 18 46.668     154.1
184
185
186
187
 2013 04 20 10 33  1.038     2013 04 20 10 35 37.720     156.7
188
 2013 04 20 22 15 17.561     2013 04 20 22 15 31.170      13.6
189
 2013 04 20 00 12 31.263     2013 04 20 00 12 58.010      26.7
 2013 04 20 12 06 20.201     2013 04 20 12 09 29.198     189.0
190
 2013 04 20 20 41 55.076     2013 04 20 20 44 39.862     164.8
191
 2013 04 20 13 54 47.352     2013 04 20 13 55 19.017      31.7
 2013 04 20 22 05 14.503     2013 04 20 22 08 18.118     183.6
192
 2013 04 20 00 12  9.159     2013 04 20 00 15 21.201     192.0
193
194
195
 2013 04 20 10 33 36.332     2013 04 20 10 34  7.748      31.4
 2013 04 20 22 17 14.672     2013 04 20 22 19 48.618     153.9
196
 2013 04 20 13 52 57.962     2013 04 20 13 56  6.557     188.6
 2013 04 20 20 27 28.819     2013 04 20 20 31  9.808     221.0
197
 2013 04 20 12 10 26.553     2013 04 20 12 13   .605     154.1
 2013 04 20 22 12 24.111     2013 04 20 22 15 25.368     181.3
198
 2013 04 20 10 30 27.110     2013 04 20 10 33 14.860     167.7
 2013 04 20 22 18 11.134     2013 04 20 22 20 48.654     157.5
199
 2013 04 20 20 40 55.999     2013 04 20 20 43 53.760     177.8
200
 2013 04 20 12 19 42.012     2013 04 20 12 22 39.673     177.7
 2013 04 20 18 54 59.628     2013 04 20 18 57 38.000     158.4
201
 2013 04 20 12 21 32.013     2013 04 20 12 24 45.307     193.3
 2013 04 20 17 17 13.433     2013 04 20 17 20 41.151     207.7
202
 2013 04 20 10 35 28.807     2013 04 20 10 35 50.738      21.9
 2013 04 20 20 39 13.425     2013 04 20 20 41 49.825     156.4
203
 2013 04 20 12 19  7.228     2013 04 20 12 19 17.907      10.7
 2013 04 20 18 55 49.908     2013 04 20 18 58 29.144     159.2
204
 2013 04 20 12 05 53.711     2013 04 20 12 09  4.805     191.1
205
 2013 04 20 15 29 33.978     2013 04 20 15 33   .060     206.1
 2013 04 20 22 04 23.079     2013 04 20 22 07 30.645     187.6
206
 2013 04 20 22 15 21.020     2013 04 20 22 18  9.040     168.0
207
 2013 04 20 10 32 34.969     2013 04 20 10 34   .741      85.8
 2013 04 20 22 17 21.818     2013 04 20 22 19 56.004     154.2
208
 2013 04 20 12 11  3.573     2013 04 20 12 13  4.554     121.0
 2013 04 20 22 12 59.094     2013 04 20 22 16  9.754     190.7
209
 2013 04 20 12 07 54.543     2013 04 20 12 10 35.445     160.9
210
 2013 04 20 10 34 45.435     2013 04 20 10 37 19.270     153.8
211
 2013 04 20 12 14 41.577     2013 04 20 12 18  9.834     208.3
 2013 04 20 20 33 23.094     2013 04 20 20 36 49.525     206.4
212
 2013 04 20 12 20 21.513     2013 04 20 12 20 37.837      16.3
 2013 04 20 20 30 44.208     2013 04 20 20 33 38.020     173.8
213
 2013 04 20 13 52 50.983     2013 04 20 13 56 35.969     225.0
 2013 04 20 20 29 26.468     2013 04 20 20 33 13.686     227.2
214
 2013 04 20 10 35  3.429     2013 04 20 10 36  4.230      60.8
 2013 04 20 20 39 18.601     2013 04 20 20 41 58.049     159.4
215
 2013 04 20 12 15 46.571     2013 04 20 12 16  7.689      21.1
 2013 04 20 22 09 59.034     2013 04 20 22 12 58.943     179.9
216
 2013 04 20 13 49  3.144     2013 04 20 13 51 45.061     161.9
217
 2013 04 20 12 12 58.785     2013 04 20 12 16 33.161     214.4
218
 2013 04 20 10 38 11.081     2013 04 20 10 41 11.427     180.3
219
 2013 04 20 13 53 30.898     2013 04 20 13 56 53.611     202.7
 2013 04 20 20 29 36.895     2013 04 20 20 32 41.083     184.2
220
 2013 04 20 13 52 39.291     2013 04 20 13 56 25.404     226.1
 2013 04 20 20 32 46.353     2013 04 20 20 33 22.555      36.2
221
 2013 04 20 10 37 37.929     2013 04 20 10 40 17.570     159.6
 2013 04 20 20 37 11.112     2013 04 20 20 40 30.029     198.9
222
 2013 04 20 10 34  7.270     2013 04 20 10 36 40.634     153.4
223
 2013 04 20 12 16 47.953     2013 04 20 12 20 22.616     214.7
 2013 04 20 20 33  1.486     2013 04 20 20 36 31.889     210.4
224
225
 2013 04 20 00 08 37.530     2013 04 20 00 11 32.015     174.5
 2013 04 20 13 45 58.672     2013 04 20 13 48 51.982     173.3
226
 2013 04 20 00 12 13.386     2013 04 20 00 15 49.727     216.3
 2013 04 20 12 09 24.396     2013 04 20 12 09 55.796      31.4
227
 2013 04 20 20 40 48.700     2013 04 20 20 44 19.029     210.3
228
 2013 04 20 22 08 36.440     2013 04 20 22 12  8.054     211.6
229
 2013 04 20 13 51 42.006     2013 04 20 13 54 18.990     157.0
 2013 04 20 22 06 36.641     2013 04 20 22 09 38.304     181.7
230
 2013 04 20 20 41  6.239     2013 04 20 20 44  7.658     181.4
231
 2013 04 20 13 52 55.117     2013 04 20 13 56  5.302     190.2
 2013 04 20 20 32 15.600     2013 04 20 20 32 57.258      41.7
232
 2013 04 20 10 36 34.759     2013 04 20 10 39 18.714     164.0
 2013 04 20 20 37 13.452     2013 04 20 20 39 51.569     158.1
233
 2013 04 20 10 30 26.235     2013 04 20 10 33 47.633     201.4
 2013 04 20 22 17 37.060     2013 04 20 22 20 14.143     157.1
234
 2013 04 20 12 16 16.601     2013 04 20 12 19 14.432     177.8
 2013 04 20 20 31 50.826     2013 04 20 20 34 27.657     156.8
235
 2013 04 20 15 30 16.937     2013 04 20 15 34  4.495     227.6
 2013 04 20 20 26 26.475     2013 04 20 20 30 19.712     233.2
236
 2013 04 20 10 33 27.230     2013 04 20 10 36 24.891     177.7
237
 2013 04 20 10 34 30.416     2013 04 20 10 37 20.525     170.1
238
 2013 04 20 12 19 39.772     2013 04 20 12 21 20.372     100.6
 2013 04 20 18 55 42.762     2013 04 20 18 58 22.512     159.7
239
 2013 04 20 13 54 57.763     2013 04 20 13 55 23.229      25.5
 2013 04 20 20 30  6.815     2013 04 20 20 33 35.035     208.2
240
 2013 04 20 12 08  1.075     2013 04 20 12 10 39.827     158.8
241
 2013 04 20 10 38 28.127     2013 04 20 10 41 43.897     195.8
 2013 04 20 20 35  9.321     2013 04 20 20 35 42.808      33.5
242
 2013 04 20 22 09 10.109     2013 04 20 22 12 27.132     197.0
243
 2013 04 20 12 16 15.304     2013 04 20 12 19 20.729     185.4
 2013 04 20 20 33 14.058     2013 04 20 20 35 53.630     159.6
244
 2013 04 20 00 09  4.056     2013 04 20 00 11 50.188     166.1
 2013 04 20 13 45 31.709     2013 04 20 13 48 43.111     191.4
245
 2013 04 20 12 18 41.484     2013 04 20 12 21 23.227     161.7
 2013 04 20 18 53 24.653     2013 04 20 18 57  4.977     220.3
246
 2013 04 20 12 10 58.741     2013 04 20 12 13 39.936     161.2
 2013 04 20 22 12 39.650     2013 04 20 22 15 14.822     155.2
247
 2013 04 20 12 20 34.667     2013 04 20 12 24 22.000     227.3
 2013 04 20 18 55 19.032     2013 04 20 18 58 50.750     211.7
248
 2013 04 20 12 14 38.442     2013 04 20 12 14 51.473      13.0
 2013 04 20 22 10 36.033     2013 04 20 22 13 21.803     165.8
249
 2013 04 20 12 12 50.518     2013 04 20 12 15 26.261     155.7
 2013 04 20 22 10 48.289     2013 04 20 22 12 46.472     118.2
250
 2013 04 20 22 14 37.110     2013 04 20 22 17 11.472     154.4
251
 2013 04 20 00 10 53.767     2013 04 20 00 14  8.429     194.7
252
 2013 04 20 12 17 22.582     2013 04 20 12 18  4.132      41.5
 2013 04 20 20 30 13.778     2013 04 20 20 31 31.628      77.9
253
 2013 04 20 10 32 27.341     2013 04 20 10 36 10.906     223.6
254
255
 2013 04 20 10 31 23.349     2013 04 20 10 33 57.002     153.7
 2013 04 20 22 17 49.551     2013 04 20 22 21 34.154     224.6
256
 2013 04 20 12 12  2.494     2013 04 20 12 15  2.799     180.3
 2013 04 20 22 12   .534     2013 04 20 22 15 34.463     213.9
257
 2013 04 20 15 29 45.710     2013 04 20 15 33 21.016     215.3
 2013 04 20 22 04 21.111     2013 04 20 22 07 49.318     208.2
258
 2013 04 20 13 54 28.160     2013 04 20 13 58  3.742     215.6
 2013 04 20 20 30  4.110     2013 04 20 20 32 46.746     162.6
259
 2013 04 20 12 19 58.717     2013 04 20 12 22 59.063     180.3
 2013 04 20 18 55  4.187     2013 04 20 18 57 42.873     158.7
260
 2013 04 20 15 29 46.899     2013 04 20 15 30 10.806      23.9
 2013 04 20 22 04 31.723     2013 04 20 22 08 23.249     231.5
261
 2013 04 20 13 46 49.812     2013 04 20 13 47  9.695      19.9
262
 2013 04 20 12 12  1.040     2013 04 20 12 15 36.963     215.9
 2013 04 20 22 10 26.275     2013 04 20 22 13 20.698     174.4
263
 2013 04 20 10 35 48.689     2013 04 20 10 39 17.460     208.8
 2013 04 20 20 36 29.671     2013 04 20 20 39 40.092     190.4
264
 2013 04 20 10 32  2.144     2013 04 20 10 35  3.617     181.5
265
 2013 04 20 22 14  9.693     2013 04 20 22 16 48.597     158.9
266
 2013 04 20 10 33 55.740     2013 04 20 10 37  7.786     192.0
267
 2013 04 20 12 09 22.654     2013 04 20 12 12 35.718     193.1
 2013 04 20 22 13 18.330     2013 04 20 22 16 42.839     204.5
268
 2013 04 20 20 30 35.505     2013 04 20 20 33 41.887     186.4
269
 2013 04 20 10 37 14.999     2013 04 20 10 40 34.349     199.4
 2013 04 20 20 36 16.557     2013 04 20 20 38 59.941     163.4
270
 2013 04 20 10 33 23.714     2013 04 20 10 37  8.514     224.8
271
 2013 04 20 00 10 23.097     2013 04 20 00 13 37.674     194.6
272
 2013 04 20 13 55 39.086     2013 04 20 13 58 30.963     171.9
 2013 04 20 15 33  5.743     2013 04 20 15 33 33.017      27.3
 2013 04 20 18 50 20.798     2013 04 20 18 53 44.552     203.8
 2013 04 20 20 27 56.590     2013 04 20 20 29 21.798      85.2
273
 2013 04 20 12 16 19.224     2013 04 20 12 19 30.968     191.7
 2013 04 20 20 31 37.163     2013 04 20 20 34 14.202     157.0
274
 2013 04 20 10 30 38.771     2013 04 20 10 33 26.553     167.8
 2013 04 20 22 18  2.486     2013 04 20 22 20 45.688     163.2
275
 2013 04 20 12 15  6.388     2013 04 20 12 18 23.372     197.0
 2013 04 20 20 33 22.667     2013 04 20 20 36 26.744     184.1
276
 2013 04 20 22 09 10.382     2013 04 20 22 10 13.210      62.8
277
 2013 04 20 00 07 59.936     2013 04 20 00 11  8.593     188.7
 2013 04 20 13 46 30.884     2013 04 20 13 49  8.509     157.6
278
279
 2013 04 20 12 09 53.193     2013 04 20 12 12 30.006     156.8
 2013 04 20 22 11 54.111     2013 04 20 22 12 11.384      17.3
280
 2013 04 20 13 55  2.662     2013 04 20 13 57 41.428     158.8
 2013 04 20 20 28 42.826     2013 04 20 20 31 37.767     174.9
281
 2013 04 20 22 09 29.293     2013 04 20 22 12  8.589     159.3
282
 2013 04 20 10 39 59.828     2013 04 20 10 42 35.698     155.9
283
 2013 04 20 12 17 52.800     2013 04 20 12 21 31.646     218.8
284
 2013 04 20 12 17 23.989     2013 04 20 12 20 49.194     205.2
285
 2013 04 20 13 54 18.560     2013 04 20 13 57 46.558     208.0
 2013 04 20 20 29 59.824     2013 04 20 20 32 37.665     157.8
286
287
288
 2013 04 20 22 16 22.012     2013 04 20 22 18 57.001     155.0
289
 2013 04 20 00 09 22.877     2013 04 20 00 11 57.948     155.1
 2013 04 20 13 45  3.519     2013 04 20 13 48 18.032     194.5
290
 2013 04 20 13 48 35.860     2013 04 20 13 51 16.478     160.6
291
 2013 04 20 00 11  4.650     2013 04 20 00 14 24.232     199.6
292
 2013 04 20 20 42  5.697     2013 04 20 20 44 43.838     158.1
293
 2013 04 20 00 08 43.460     2013 04 20 00 11 38.585     175.1
 2013 04 20 13 45 53.715     2013 04 20 13 48 53.061     179.3
294
 2013 04 20 13 57  8.362     2013 04 20 14 00  4.662     176.3
 2013 04 20 18 52 23.345     2013 04 20 18 55  1.732     158.4
295
 2013 04 20 10 34 26.418     2013 04 20 10 37 51.108     204.7
 2013 04 20 20 38 50.949     2013 04 20 20 42 31.456     220.5
296
 2013 04 20 22 05  5.425     2013 04 20 22 07 45.107     159.7
297
 2013 04 20 10 31 55.977     2013 04 20 10 35 36.156     220.2
 2013 04 20 22 15 50.978     2013 04 20 22 16 14.717      23.7
298
 2013 04 20 12 20 14.524     2013 04 20 12 22 54.752     160.2
 2013 04 20 18 54  7.999     2013 04 20 18 56 52.810     164.8
299
 2013 04 20 12 07 45.621     2013 04 20 12 10 23.601     158.0
300
 2013 04 20 20 39 28.907     2013 04 20 20 40 42.969      74.1
301
 2013 04 20 15 30 16.232     2013 04 20 15 33 50.139     213.9
 2013 04 20 20 26 12.993     2013 04 20 20 26 57.310      44.3
302
303
 2013 04 20 10 30 53.671     2013 04 20 10 33 26.509     152.8
 2013 04 20 22 18 17.821     2013 04 20 22 21 22.478     184.7
304
 2013 04 20 10 41 48.978     2013 04 20 10 45  8.984     200.0
 2013 04 20 18 56 54.576     2013 04 20 18 59 33.168     158.6
305
 2013 04 20 20 40 51.672     2013 04 20 20 43 30.879     159.2
306
 2013 04 20 12 21 45.604     2013 04 20 12 24 43.554     178.0
 2013 04 20 17 17 12.294     2013 04 20 17 20 24.542     192.2
307
 2013 04 20 13 55 45.105     2013 04 20 13 56 15.082      30.0
 2013 04 20 20 26 36.446     2013 04 20 20 26 38.002       1.6
308
 2013 04 20 13 54 42.382     2013 04 20 13 58 10.833     208.5
 2013 04 20 15 32 33.264     2013 04 20 15 36 13.624     220.4
 2013 04 20 18 49 20.888     2013 04 20 18 53 16.398     235.5
 2013 04 20 20 27 45.850     2013 04 20 20 30 53.035     187.2
309
 2013 04 20 12 17 15.018     2013 04 20 12 20 21.034     186.0
 2013 04 20 20 32 31.755     2013 04 20 20 36 15.459     223.7
310
 2013 04 20 13 48 45.494     2013 04 20 13 51 32.382     166.9
311
312
313
314
 2013 04 20 13 53 12.616     2013 04 20 13 56 18.576     186.0
 2013 04 20 20 29  3.886     2013 04 20 20 32 42.571     218.7
315
 2013 04 20 12 10 57.041     2013 04 20 12 13 50.245     173.2
 2013 04 20 22 11 37.392     2013 04 20 22 14 21.625     164.2
316
 2013 04 20 20 35 40.297     2013 04 20 20 38 19.268     159.0
317
 2013 04 20 15 28 30.577     2013 04 20 15 32 18.397     227.8
 2013 04 20 22 04 44.912     2013 04 20 22 07 22.973     158.1
318
 2013 04 20 10 34  8.872     2013 04 20 10 36 59.654     170.8
319
 2013 04 20 12 08 17.218     2013 04 20 12 11 15.234     178.0
320
 2013 04 20 13 48 16.597     2013 04 20 13 49 21.497      64.9
321
 2013 04 20 20 40 50.080     2013 04 20 20 43 26.524     156.4
322
 2013 04 20 15 30 17.431     2013 04 20 15 33   .177     162.7
 2013 04 20 20 25  1.172     2013 04 20 20 28 33.956     212.8
 2013 04 20 22 02 44.799     2013 04 20 22 06 38.279     233.5
323
 2013 04 20 20 39 13.384     2013 04 20 20 39 39.662      26.3
324
 2013 04 20 10 37 13.907     2013 04 20 10 39  5.749     111.8
 2013 04 20 20 37 36.930     2013 04 20 20 37 49.943      13.0
325
 2013 04 20 00 12 34.534     2013 04 20 00 15 30.750     176.2
326
 2013 04 20 00 12 13.813     2013 04 20 00 14 50.237     156.4
327
 2013 04 20 22 13 28.728     2013 04 20 22 16 31.514     182.8
328
 2013 04 20 12 19 41.463     2013 04 20 12 22 37.570     176.1
 2013 04 20 18 53 46.623     2013 04 20 18 56 24.280     157.7
329
 2013 04 20 20 40 52.060     2013 04 20 20 43 34.268     162.2
330
 2013 04 20 00 09 46.342     2013 04 20 00 12 21.822     155.5
 2013 04 20 13 44 39.918     2013 04 20 13 48 26.624     226.7
331
 2013 04 20 20 34 13.002     2013 04 20 20 34 44.084      31.1
332
 2013 04 20 10 31   .351     2013 04 20 10 33 44.092     163.7
 2013 04 20 22 17 48.671     2013 04 20 22 20 49.131     180.5
333
 2013 04 20 15 29 22.703     2013 04 20 15 30 27.135      64.4
 2013 04 20 22 04 42.964     2013 04 20 22 07 53.879     190.9
334
 2013 04 20 12 18 21.075     2013 04 20 12 20 57.663     156.6
335
336
 2013 04 20 10 33 26.350     2013 04 20 10 36 18.330     172.0
337
 2013 04 20 10 32 23.212     2013 04 20 10 34 57.924     154.7
338
 2013 04 20 10 39 33.966     2013 04 20 10 43 16.944     223.0
 2013 04 20 19 02  5.679     2013 04 20 19 02 48.601      42.9
339
 2013 04 20 10 35 36.343     2013 04 20 10 38 14.610     158.3
 2013 04 20 20 37 21.153     2013 04 20 20 40 50.188     209.0
340
 2013 04 20 10 31 54.397     2013 04 20 10 35 23.541     209.1
341
 2013 04 20 13 49 43.682     2013 04 20 13 51 14.586      90.9
 2013 04 20 22 08 28.043     2013 04 20 22 11  9.691     161.6
342
 2013 04 20 12 13 28.266     2013 04 20 12 17 15.633     227.4
343
 2013 04 20 10 36  1.890     2013 04 20 10 38 51.083     169.2
 2013 04 20 20 37  7.862     2013 04 20 20 40  9.335     181.5
344
 2013 04 20 22 15 16.262     2013 04 20 22 15 25.840       9.6
345
 2013 04 20 13 52 22.706     2013 04 20 13 55 27.129     184.4
 2013 04 20 22 05 16.251     2013 04 20 22 05 37.838      21.6
346
 2013 04 20 13 55 22.869     2013 04 20 13 58 19.604     176.7
 2013 04 20 20 29 19.314     2013 04 20 20 32 41.670     202.4
347
 2013 04 20 13 47 52.518     2013 04 20 13 51  3.660     191.1
348
 2013 04 20 12 18  2.358     2013 04 20 12 21 15.288     192.9
 2013 04 20 18 56 31.817     2013 04 20 18 56 45.488      13.7
349
 2013 04 20 08 59 49.243     2013 04 20 09 00 33.255      44.0
 2013 04 20 20 41 53.377     2013 04 20 20 45  4.223     190.8
350
 2013 04 20 13 48 17.567     2013 04 20 13 51 17.943     180.4
351
 2013 04 20 12 13 48.832     2013 04 20 12 14 54.434      65.6
 2013 04 20 22 10 43.750     2013 04 20 22 13 22.142     158.4
352
353
 2013 04 20 00 12 31.354     2013 04 20 00 15 36.920     185.6
354
355
 2013 04 20 13 48 42.033     2013 04 20 13 51 19.546     157.5
356
 2013 04 20 10 45 52.781     2013 04 20 10 46 43.321      50.5
 2013 04 20 18 55 38.478     2013 04 20 18 59 30.387     231.9
357
 2013 04 20 12 18 26.120     2013 04 20 12 21 26.707     180.6
 2013 04 20 18 52 59.277     2013 04 20 18 56 44.280     225.0
358
 2013 04 20 12 08  8.645     2013 04 20 12 11 43.992     215.3
359
 2013 04 20 10 34 49.469     2013 04 20 10 37 55.329     185.9
360
 2013 04 20 15 30 18.591     2013 04 20 15 32 56.850     158.3
 2013 04 20 20 25  5.748     2013 04 20 20 28 48.030     222.3
 2013 04 20 22 02 57.834     2013 04 20 22 06 47.222     229.4
361
 2013 04 20 12 12  2.279     2013 04 20 12 15 44.237     222.0
362
363
 2013 04 20 10 37  2.284     2013 04 20 10 40 15.108     192.8
 2013 04 20 20 37 53.597     2013 04 20 20 41  8.659     195.1
364
365
 2013 04 20 13 53 14.813     2013 04 20 13 56 20.566     185.8
 2013 04 20 20 27 44.215     2013 04 20 20 31  3.038     198.8
366
 2013 04 20 12 18 50.358     2013 04 20 12 21 32.797     162.4
 2013 04 20 18 53 31.728     2013 04 20 18 56 57.926     206.2
367
 2013 04 20 13 53 16.273     2013 04 20 13 53 52.101      35.8
 2013 04 20 20 30  5.932     2013 04 20 20 33  6.211     180.3
368
 2013 04 20 12 11  6.093     2013 04 20 12 13 41.698     155.6
 2013 04 20 22 12 26.534     2013 04 20 22 15  1.888     155.4
369
 2013 04 20 10 38 52.135     2013 04 20 10 41 29.659     157.5
370
 2013 04 20 10 38  6.916     2013 04 20 10 41  7.479     180.6
371
 2013 04 20 13 54 39.342     2013 04 20 13 54 44.342       5.0
 2013 04 20 22 05 29.652     2013 04 20 22 08  7.028     157.4
372
 2013 04 20 10 33  2.376     2013 04 20 10 33 11.185       8.8
373
 2013 04 20 12 14 59.135     2013 04 20 12 17 54.416     175.3
 2013 04 20 20 31 28.432     2013 04 20 20 32  9.353      40.9
374
 2013 04 20 13 56 18.124     2013 04 20 13 59 16.052     177.9
 2013 04 20 18 51 44.661     2013 04 20 18 54 58.950     194.3
375
 2013 04 20 22 16 18.938     2013 04 20 22 19 31.088     192.1
376
 2013 04 20 10 30 39.228     2013 04 20 10 33 20.260     161.0
 2013 04 20 22 18 11.159     2013 04 20 22 20 55.732     164.6
377
 2013 04 20 12 22 10.189     2013 04 20 12 24 58.301     168.1
 2013 04 20 17 17 23.360     2013 04 20 17 20 11.935     168.6
378
 2013 04 20 12 15 41.600     2013 04 20 12 18 21.101     159.5
 2013 04 20 20 32  9.713     2013 04 20 20 35 10.917     181.2
379
 2013 04 20 10 40 10.813     2013 04 20 10 42 54.622     163.8
 2013 04 20 19 01 31.822     2013 04 20 19 02   .377      28.6
380
 2013 04 20 00 14  1.597     2013 04 20 00 14  5.363       3.8
 2013 04 20 12 05 50.199     2013 04 20 12 08 34.401     164.2
381
 2013 04 20 13 55  4.452     2013 04 20 13 58 28.655     204.2
 2013 04 20 20 29 45.736     2013 04 20 20 32 58.082     192.3
382
 2013 04 20 22 13 30.934     2013 04 20 22 16 45.319     194.4
383
 2013 04 20 12 13 10.908     2013 04 20 12 16  3.243     172.3
 2013 04 20 22 09 59.315     2013 04 20 22 10  4.439       5.1
384
 2013 04 20 12 15 46.450     2013 04 20 12 18 22.120     155.7
 2013 04 20 20 32 25.493     2013 04 20 20 35 21.067     175.6
385
386
 2013 04 20 22 15 17.143     2013 04 20 22 18 38.637     201.5
387
 2013 04 20 12 17   .559     2013 04 20 12 19 40.247     159.7
 2013 04 20 20 31 59.457     2013 04 20 20 34 53.794     174.3
388
389
 2013 04 20 10 32 52.579     2013 04 20 10 35 58.597     186.0
390
 2013 04 20 20 41 20.407     2013 04 20 20 44 50.729     210.3
391
392
393
 2013 04 20 13 54 37.793     2013 04 20 13 57 44.246     186.5
 2013 04 20 20 29 43.182     2013 04 20 20 32 24.695     161.5
394
 2013 04 20 12 20 18.897     2013 04 20 12 23   .291     161.4
 2013 04 20 18 54  4.341     2013 04 20 18 56 52.902     168.6
395
 2013 04 20 10 40 30.938     2013 04 20 10 43 37.141     186.2
 2013 04 20 18 56 49.976     2013 04 20 19 00 29.050     219.1
396
 2013 04 20 10 42 17.258     2013 04 20 10 45 11.656     174.4
 2013 04 20 18 57  7.842     2013 04 20 18 59 57.454     169.6
397
 2013 04 20 20 41  9.718     2013 04 20 20 43 46.538     156.8
398
 2013 04 20 10 32 44.009     2013 04 20 10 36  9.971     206.0
399
 2013 04 20 10 40 18.500     2013 04 20 10 43 44.151     205.7
 2013 04 20 18 56 31.677     2013 04 20 19 00 19.006     227.3
400
 2013 04 20 12 17 20.125     2013 04 20 12 20 42.986     202.9
 2013 04 20 20 32 29.515     2013 04 20 20 32 51.223      21.7
401
 2013 04 20 00 08 52.018     2013 04 20 00 09 28.333      36.3
402
 2013 04 20 10 39 39.156     2013 04 20 10 42 20.126     161.0
403
 2013 04 20 10 40 28.670     2013 04 20 10 43 16.677     168.0
 2013 04 20 18 57  3.348     2013 04 20 19 00 55.101     231.8
404
 2013 04 20 15 31 52.367     2013 04 20 15 34 58.058     185.7
 2013 04 20 20 27 11.709     2013 04 20 20 29 49.907     158.2
405
 2013 04 20 20 39  2.376     2013 04 20 20 40  7.494      65.1
406
 2013 04 20 13 51 21.336     2013 04 20 13 54 43.683     202.3
 2013 04 20 22 05 48.867     2013 04 20 22 08 43.348     174.5
407
 2013 04 20 20 41 54.288     2013 04 20 20 45  1.376     187.1
408
 2013 04 20 22 17   .158     2013 04 20 22 19 47.565     167.4
409
 2013 04 20 12 08 52.654     2013 04 20 12 11 59.937     187.3
410
 2013 04 20 13 52 54.559     2013 04 20 13 56 23.132     208.6
 2013 04 20 20 29 12.670     2013 04 20 20 33  5.475     232.8
411
 2013 04 20 12 12 31.114     2013 04 20 12 15  5.768     154.7
 2013 04 20 22 11 18.220     2013 04 20 22 14 49.261     211.0
412
 2013 04 20 12 11 20.494     2013 04 20 12 14 17.292     176.8
 2013 04 20 22 11 28.303     2013 04 20 22 14  3.716     155.4
413
414
 2013 04 20 18 56  2.468     2013 04 20 18 59  1.017     178.5
415
 2013 04 20 20 37 34.289     2013 04 20 20 38 31.577      57.3
416
417
418
 2013 04 20 12 14 58.774     2013 04 20 12 17 34.148     155.4
 2013 04 20 20 35  3.655     2013 04 20 20 36  2.402      58.7
419
 2013 04 20 12 16 31.874     2013 04 20 12 19 58.529     206.7
 2013 04 20 20 33 13.139     2013 04 20 20 36 16.550     183.4
420
 2013 04 20 13 49 23.439     2013 04 20 13 52 58.380     214.9
 2013 04 20 22 05 33.604     2013 04 20 22 09 20.806     227.2
421
 2013 04 20 15 30 12.700     2013 04 20 15 33 26.061     193.4
 2013 04 20 20 29 33.586     2013 04 20 20 29 57.800      24.2
 2013 04 20 22 03 54.050     2013 04 20 22 05 20.465      86.4
422
 2013 04 20 13 51 21.820     2013 04 20 13 51 51.502      29.7
 2013 04 20 22 05 18.103     2013 04 20 22 08 26.206     188.1
423
424
 2013 04 20 09 01 10.649     2013 04 20 09 01 26.530      15.9
 2013 04 20 20 40 55.895     2013 04 20 20 41 20.370      24.5
425
 2013 04 20 20 39 38.192     2013 04 20 20 42 17.537     159.3
426
 2013 04 20 10 42 11.138     2013 04 20 10 45 36.164     205.0
 2013 04 20 18 56 39.093     2013 04 20 18 59 32.802     173.7
427
 2013 04 20 15 30  9.368     2013 04 20 15 32 46.713     157.3
 2013 04 20 20 24 57.146     2013 04 20 20 25 26.174      29.0
 2013 04 20 22 03 10.724     2013 04 20 22 06 43.859     213.1
428
429
 2013 04 20 00 07 21.073     2013 04 20 00 09 37.334     136.3
 2013 04 20 13 47  5.817     2013 04 20 13 49 41.721     155.9
430
431
 2013 04 20 12 15 29.081     2013 04 20 12 18 36.306     187.2
 2013 04 20 20 31 35.406     2013 04 20 20 34 41.683     186.3
432
 2013 04 20 00 13  9.458     2013 04 20 00 15 53.120     163.7
 2013 04 20 12 08 15.563     2013 04 20 12 08 58.242      42.7
433
 2013 04 20 15 29  2.103     2013 04 20 15 32  8.720     186.6
 2013 04 20 22 04 17.986     2013 04 20 22 06 56.035     158.0
434
435
 2013 04 20 13 56 41.932     2013 04 20 13 59 24.049     162.1
 2013 04 20 18 51 46.597     2013 04 20 18 54 35.839     169.2
436
 2013 04 20 12 08 23.474     2013 04 20 12 10 56.920     153.4
437
 2013 04 20 12 11 56.084     2013 04 20 12 15  8.700     192.6
 2013 04 20 22 12  7.345     2013 04 20 22 15 47.170     219.8
438
 2013 04 20 12 12 23.129     2013 04 20 12 15 19.046     175.9
 2013 04 20 22 11 37.597     2013 04 20 22 12 42.443      64.8
439
 2013 04 20 10 32 56.971     2013 04 20 10 33 12.246      15.3
440
441
 2013 04 20 12 13 23.850     2013 04 20 12 16  7.838     164.0
442
 2013 04 20 10 34  9.701     2013 04 20 10 35  9.978      60.3
 2013 04 20 22 16 24.277     2013 04 20 22 19 41.590     197.3
443
 2013 04 20 13 53  1.261     2013 04 20 13 53 21.639      20.4
 2013 04 20 20 29 58.817     2013 04 20 20 33 15.048     196.2
444
 2013 04 20 10 39   .873     2013 04 20 10 39 14.223      13.3
 2013 04 20 20 38 37.510     2013 04 20 20 39 48.454      70.9
445
 2013 04 20 12 20  7.818     2013 04 20 12 23 43.462     215.6
 2013 04 20 18 55 26.675     2013 04 20 18 58 19.611     172.9
446
 2013 04 20 22 15  5.211     2013 04 20 22 17 45.889     160.7
447
 2013 04 20 12 09  2.356     2013 04 20 12 09 54.975      52.6
 2013 04 20 22 13 54.954     2013 04 20 22 17   .627     185.7
448
 2013 04 20 15 31 33.383     2013 04 20 15 34 57.667     204.3
 2013 04 20 20 27 18.983     2013 04 20 20 29 58.788     159.8
449
 2013 04 20 13 54 39.241     2013 04 20 13 58 18.921     219.7
 2013 04 20 20 30  3.775     2013 04 20 20 32 55.707     171.9
450
 2013 04 20 10 41 37.754     2013 04 20 10 44 16.094     158.3
 2013 04 20 18 57 44.294     2013 04 20 19 00 23.113     158.8
451
 2013 04 20 22 04 55.492     2013 04 20 22 08 40.119     224.6
452
 2013 04 20 10 39 57.868     2013 04 20 10 43  6.477     188.6
453
 2013 04 20 13 48 35.553     2013 04 20 13 51 57.865     202.3
454
455
 2013 04 20 20 41 43.478     2013 04 20 20 44 26.020     162.5
456
 2013 04 20 12 11 14.043     2013 04 20 12 11 25.007      11.0
 2013 04 20 22 12 45.368     2013 04 20 22 16 31.528     226.2
457
 2013 04 20 00 10 21.460     2013 04 20 00 12 56.966     155.5
458
 2013 04 20 00 11 10.456     2013 04 20 00 13 47.935     157.5
459
 2013 04 20 10 34 34.482     2013 04 20 10 34 39.227       4.7
 2013 04 20 22 16 53.305     2013 04 20 22 19 33.234     159.9
460
 2013 04 20 13 52 57.673     2013 04 20 13 55 34.241     156.6
461
 2013 04 20 13 51  8.664     2013 04 20 13 54 21.041     192.4
 2013 04 20 22 06  5.475     2013 04 20 22 08 47.768     162.3
462
 2013 04 20 10 42  7.873     2013 04 20 10 45 30.601     202.7
 2013 04 20 18 56 43.281     2013 04 20 18 59 33.409     170.1
463
 2013 04 20 20 41 22.461     2013 04 20 20 43 59.750     157.3
464
 2013 04 20 13 49 14.487     2013 04 20 13 51 53.453     159.0
465
 2013 04 20 00 09 42.858     2013 04 20 00 12 57.710     194.9
466
 2013 04 20 10 38 45.743     2013 04 20 10 42  5.112     199.4
467
 2013 04 20 10 32  1.779     2013 04 20 10 32 14.389      12.6
468
 2013 04 20 00 14 19.730     2013 04 20 00 15 19.632      59.9
469
 2013 04 20 12 07 59.154     2013 04 20 12 11  2.228     183.1
470
 2013 04 20 12 08 14.922     2013 04 20 12 10 58.384     163.5
471
472
 2013 04 20 12 16 20.612     2013 04 20 12 19  1.310     160.7
 2013 04 20 20 32 49.076     2013 04 20 20 35 25.603     156.5
473
 2013 04 20 13 57  9.490     2013 04 20 14 00 30.243     200.8
 2013 04 20 18 52 47.456     2013 04 20 18 55 25.416     158.0
474
 2013 04 20 00 08 12.750     2013 04 20 00 11 40.194     207.4
 2013 04 20 13 46 25.335     2013 04 20 13 49 22.371     177.0
475
 2013 04 20 10 39 52.325     2013 04 20 10 43 40.659     228.3
 2013 04 20 18 59  1.020     2013 04 20 19 02 30.946     209.9
476
 2013 04 20 00 13 35.591     2013 04 20 00 16 34.922     179.3
 2013 04 20 12 05 24.245     2013 04 20 12 08 30.056     185.8
477
 2013 04 20 00 10 16.442     2013 04 20 00 12 53.084     156.6
478
479
 2013 04 20 10 38 23.013     2013 04 20 10 39 34.034      71.0
480
 2013 04 20 20 34 30.680     2013 04 20 20 37 24.397     173.7
481
 2013 04 20 20 41 52.393     2013 04 20 20 44 36.610     164.2
482
 2013 04 20 12 14 58.998     2013 04 20 12 18 17.751     198.8
 2013 04 20 20 31 13.177     2013 04 20 20 34 54.675     221.5
483
 2013 04 20 10 38 55.387     2013 04 20 10 42  6.413     191.0
484
 2013 04 20 13 54 11.517     2013 04 20 13 57  1.113     169.6
 2013 04 20 20 28 26.245     2013 04 20 20 31  4.998     158.8
485
 2013 04 20 10 40 40.176     2013 04 20 10 43 15.716     155.5
 2013 04 20 18 57 44.353     2013 04 20 19 01 18.353     214.0
486
 2013 04 20 10 40 20.389     2013 04 20 10 42 55.724     155.3
 2013 04 20 19 01  2.749     2013 04 20 19 01 32.411      29.7
487
 2013 04 20 12 10 32.139     2013 04 20 12 13 48.381     196.2
 2013 04 20 22 11 14.895     2013 04 20 22 14 17.723     182.8
488
489
 2013 04 20 22 15 24.314     2013 04 20 22 17 58.543     154.2
490
 2013 04 20 12 13 13.382     2013 04 20 12 16  6.848     173.5
491
 2013 04 20 22 15 11.068     2013 04 20 22 17 46.423     155.4
492
 2013 04 20 00 11 29.394     2013 04 20 00 14  5.814     156.4
493
 2013 04 20 18 55 27.769     2013 04 20 18 58 55.213     207.4
494
 2013 04 20 20 39 44.775     2013 04 20 20 43 10.290     205.5
495
 2013 04 20 13 52 12.533     2013 04 20 13 54 49.029     156.5
 2013 04 20 22 06 21.888     2013 04 20 22 10  6.942     225.1
496
 2013 04 20 22 15 36.628     2013 04 20 22 18 21.000     164.4
497
 2013 04 20 12 08 28.408     2013 04 20 12 11 33.177     184.8
498
 2013 04 20 13 53 51.295     2013 04 20 13 56 49.732     178.4
 2013 04 20 20 28 11.515     2013 04 20 20 30 57.114     165.6
499
 2013 04 20 12 08 24.525     2013 04 20 12 11 11.393     166.9
500
 2013 04 20 10 36 22.689     2013 04 20 10 39   .251     157.6
 2013 04 20 20 38   .076     2013 04 20 20 40 36.655     156.6
501
 2013 04 20 12 15 59.322     2013 04 20 12 19  4.081     184.8
 2013 04 20 20 31 44.838     2013 04 20 20 34 26.126     161.3
502
 2013 04 20 13 56 14.882     2013 04 20 13 59 28.665     193.8
 2013 04 20 18 51 57.437     2013 04 20 18 55 14.079     196.6
503
 2013 04 20 12 15 23.809     2013 04 20 12 18 39.511     195.7
 2013 04 20 20 31 27.632     2013 04 20 20 34 36.549     188.9
504
505
 2013 04 20 12 18 12.773     2013 04 20 12 21 15.644     182.9
 2013 04 20 18 56  9.425     2013 04 20 18 56 50.643      41.2
506
 2013 04 20 13 47 53.370     2013 04 20 13 51 35.454     222.1
507
 2013 04 20 00 09  2.332     2013 04 20 00 10 49.415     107.1
508
 2013 04 20 10 39 57.455     2013 04 20 10 43  7.991     190.5
509
 2013 04 20 10 37 22.645     2013 04 20 10 38  6.781      44.1
510
 2013 04 20 13 50 51.846     2013 04 20 13 53 35.507     163.7
 2013 04 20 22 06 42.155     2013 04 20 22 09 19.304     157.1
511
 2013 04 20 12 11 53.390     2013 04 20 12 13 45.445     112.1
512
 2013 04 20 08 55 59.752     2013 04 20 08 56  6.058       6.3
 2013 04 20 20 42 33.193     2013 04 20 20 45 15.135     161.9
513
 2013 04 20 13 53  6.807     2013 04 20 13 56 28.529     201.7
 2013 04 20 20 29 16.561     2013 04 20 20 32 54.250     217.7
514
 2013 04 20 22 08 57.615     2013 04 20 22 12  5.561     187.9
515
 2013 04 20 20 35 19.570     2013 04 20 20 37 57.842     158.3
516
 2013 04 20 09 01 26.508     2013 04 20 09 01 43.859      17.4
517
 2013 04 20 12 09 50.004     2013 04 20 12 12 41.576     171.6
 2013 04 20 22 14 34.871     2013 04 20 22 15 28.375      53.5
518
 2013 04 20 13 54 14.378     2013 04 20 13 57 37.878     203.5
 2013 04 20 20 29 56.238     2013 04 20 20 32 33.500     157.3
519
 2013 04 20 13 51  8.743     2013 04 20 13 54 12.572     183.8
 2013 04 20 22 07 37.548     2013 04 20 22 10 29.098     171.5
520
 2013 04 20 13 56 18.380     2013 04 20 13 59 34.024     195.6
 2013 04 20 18 52  2.880     2013 04 20 18 55 15.076     192.2
521
 2013 04 20 10 35 28.941     2013 04 20 10 39  6.881     217.9
 2013 04 20 20 36 19.029     2013 04 20 20 39 51.334     212.3
522
 2013 04 20 13 50 52.473     2013 04 20 13 53 34.718     162.2
 2013 04 20 22 07 26.317     2013 04 20 22 10  2.755     156.4
523
 2013 04 20 22 16 53.777     2013 04 20 22 19 27.763     154.0
524
 2013 04 20 12 12 58.853     2013 04 20 12 16  1.635     182.8
525
 2013 04 20 10 32 20.024     2013 04 20 10 35 32.861     192.8
526
 2013 04 20 12 11 39.411     2013 04 20 12 12 10.667      31.3
527
 2013 04 20 20 34 27.259     2013 04 20 20 38 14.095     226.8
528
 2013 04 20 10 42 24.673     2013 04 20 10 42 45.788      21.1
529
 2013 04 20 13 49 53.148     2013 04 20 13 52 28.526     155.4
 2013 04 20 22 06 51.263     2013 04 20 22 10 19.694     208.4
530
 2013 04 20 09 00 39.469     2013 04 20 09 01  5.044      25.6
 2013 04 20 20 41 20.083     2013 04 20 20 45  2.445     222.4
531
 2013 04 20 10 37 37.796     2013 04 20 10 40 12.096     154.3
 2013 04 20 20 37   .750     2013 04 20 20 40  6.685     185.9
532
 2013 04 20 12 17 30.832     2013 04 20 12 20  7.136     156.3
 2013 04 20 20 31 48.550     2013 04 20 20 35 20.310     211.8
533
 2013 04 20 00 07 35.931     2013 04 20 00 10 45.833     189.9
 2013 04 20 13 46 42.839     2013 04 20 13 49 17.500     154.7
534
 2013 04 20 12 10 22.275     2013 04 20 12 12 11.162     108.9
 2013 04 20 22 13 32.306     2013 04 20 22 16 10.666     158.4
535
 2013 04 20 13 50 48.760     2013 04 20 13 53 42.739     174.0
 2013 04 20 22 07 40.263     2013 04 20 22 10 17.243     157.0
536
537
 2013 04 20 12 09 45.049     2013 04 20 12 12 26.747     161.7
 2013 04 20 22 15 17.352     2013 04 20 22 15 47.082      29.7
538
 2013 04 20 13 52 41.941     2013 04 20 13 55 25.540     163.6
539
 2013 04 20 12 19 27.728     2013 04 20 12 23 20.330     232.6
 2013 04 20 13 57 31.849     2013 04 20 14 01  4.196     212.3
 2013 04 20 18 53  4.458     2013 04 20 18 55 48.155     163.7
540
 2013 04 20 12 15 15.867     2013 04 20 12 17 56.797     160.9
 2013 04 20 20 32 38.436     2013 04 20 20 36  2.145     203.7
541
 2013 04 20 13 50 43.007     2013 04 20 13 53 26.594     163.6
 2013 04 20 22 06 42.474     2013 04 20 22 09 22.269     159.8
542
 2013 04 20 22 14 57.899     2013 04 20 22 16 18.190      80.3
543
 2013 04 20 08 55 22.963     2013 04 20 08 58 36.783     193.8
 2013 04 20 20 43 25.167     2013 04 20 20 46   .361     155.2
544
 2013 04 20 12 07 28.283     2013 04 20 12 11  5.672     217.4
545
546
 2013 04 20 13 56  9.490     2013 04 20 13 58 56.883     167.4
 2013 04 20 18 51 23.109     2013 04 20 18 54 47.491     204.4
547
 2013 04 20 13 47 16.704     2013 04 20 13 50 47.617     210.9
548
 2013 04 20 00 12  3.630     2013 04 20 00 12 30.914      27.3
 2013 04 20 12 06 17.807     2013 04 20 12 09 59.138     221.3
549
 2013 04 20 10 32 54.416     2013 04 20 10 36 32.854     218.4
550
 2013 04 20 12 06  1.953     2013 04 20 12 09  3.814     181.9
551
552
 2013 04 20 15 30  3.643     2013 04 20 15 32 41.228     157.6
 2013 04 20 20 28 30.540     2013 04 20 20 28 56.933      26.4
 2013 04 20 22 03 10.886     2013 04 20 22 06 36.416     205.5
553
554
 2013 04 20 13 52 17.265     2013 04 20 13 52 44.131      26.9
 2013 04 20 20 26 44.638     2013 04 20 20 27  5.153      20.5
555
 2013 04 20 13 53 14.508     2013 04 20 13 56 58.611     224.1
 2013 04 20 15 31  1.539     2013 04 20 15 31 21.515      20.0
 2013 04 20 20 27 32.546     2013 04 20 20 30 25.586     173.0
556
557
 2013 04 20 12 16  8.139     2013 04 20 12 18 48.222     160.1
 2013 04 20 20 32 49.726     2013 04 20 20 35 27.527     157.8
558
 2013 04 20 13 54 37.125     2013 04 20 13 57 36.219     179.1
 2013 04 20 20 29 36.989     2013 04 20 20 32 16.956     160.0
559
 2013 04 20 20 40 59.085     2013 04 20 20 44 31.987     212.9
560
 2013 04 20 13 52 16.224     2013 04 20 13 55 56.090     219.9
561
 2013 04 20 15 28  6.248     2013 04 20 15 31 24.175     197.9
 2013 04 20 22 04  7.036     2013 04 20 22 07 12.184     185.1
562
563
 2013 04 20 10 42  5.354     2013 04 20 10 45 28.103     202.7
 2013 04 20 18 56 44.704     2013 04 20 18 59 32.839     168.1
564
 2013 04 20 00 14 11.652     2013 04 20 00 15 16.550      64.9
565
 2013 04 20 10 37 13.242     2013 04 20 10 39 54.617     161.4
 2013 04 20 20 37   .684     2013 04 20 20 39 41.668     161.0
566
567
 2013 04 20 20 41 16.066     2013 04 20 20 44 51.419     215.4
568
 2013 04 20 13 50 54.656     2013 04 20 13 54  8.863     194.2
 2013 04 20 22 07 50.408     2013 04 20 22 10 36.116     165.7
569
570
 2013 04 20 12 07 30.477     2013 04 20 12 10 10.873     160.4
571
 2013 04 20 12 18 18.655     2013 04 20 12 21  5.883     167.2
 2013 04 20 18 56 55.577     2013 04 20 18 57 10.074      14.5
572
573
 2013 04 20 10 32 36.005     2013 04 20 10 35 55.517     199.5
574
 2013 04 20 12 17 41.227     2013 04 20 12 20 35.176     173.9
 2013 04 20 20 31  2.839     2013 04 20 20 34 54.807     232.0
575
 2013 04 20 12 17  5.722     2013 04 20 12 20 40.405     214.7
 2013 04 20 20 30 48.581     2013 04 20 20 34  9.684     201.1
576
 2013 04 20 13 50 39.246     2013 04 20 13 51 26.975      47.7
 2013 04 20 22 08 13.751     2013 04 20 22 11 11.486     177.7
577
 2013 04 20 22 05 18.940     2013 04 20 22 08  2.295     163.4
578
 2013 04 20 10 37 55.566     2013 04 20 10 40 45.877     170.3
 2013 04 20 20 36 12.684     2013 04 20 20 39 30.391     197.7
579
 2013 04 20 12 09 15.814     2013 04 20 12 11 51.005     155.2
580
 2013 04 20 10 38  5.776     2013 04 20 10 40 43.709     157.9
 2013 04 20 20 36 20.475     2013 04 20 20 39 53.644     213.2
581
 2013 04 20 12 12 49.447     2013 04 20 12 15 28.101     158.7
 2013 04 20 22 10 43.048     2013 04 20 22 14 28.873     225.8
582
 2013 04 20 22 14 23.924     2013 04 20 22 17 55.649     211.7
583
 2013 04 20 12 19  7.260     2013 04 20 12 19 11.507       4.2
 2013 04 20 20 30 47.606     2013 04 20 20 34  1.243     193.6
584
585
 2013 04 20 10 31 13.896     2013 04 20 10 34 39.355     205.5
586
 2013 04 20 13 47 50.042     2013 04 20 13 50 50.280     180.2
587
 2013 04 20 13 51 42.018     2013 04 20 13 55 16.741     214.7
 2013 04 20 22 05 20.946     2013 04 20 22 08 44.873     203.9
588
589
 2013 04 20 15 31 36.659     2013 04 20 15 35  3.176     206.5
 2013 04 20 20 27 22.815     2013 04 20 20 30  1.655     158.8
590
 2013 04 20 20 30 33.208     2013 04 20 20 33 26.386     173.2
591
 2013 04 20 12 07 24.197     2013 04 20 12 08 30.997      66.8
592
 2013 04 20 12 17 11.781     2013 04 20 12 20 21.249     189.5
 2013 04 20 20 31 10.075     2013 04 20 20 34 26.892     196.8
593
 2013 04 20 22 14 40.620     2013 04 20 22 18  7.191     206.6
594
 2013 04 20 22 08 38.687     2013 04 20 22 11 47.470     188.8
595
 2013 04 20 20 41   .420     2013 04 20 20 43 43.787     163.4
596
 2013 04 20 10 40 59.245     2013 04 20 10 44 38.056     218.8
 2013 04 20 18 56 43.093     2013 04 20 18 59 33.365     170.3
597
598
 2013 04 20 10 37 41.273     2013 04 20 10 40 24.284     163.0
 2013 04 20 20 36 36.092     2013 04 20 20 39 38.574     182.5
599
 2013 04 20 13 52 31.398     2013 04 20 13 56 10.426     219.0
600
 2013 04 20 13 48 37.713     2013 04 20 13 52 14.474     216.8
601
 2013 04 20 13 48 26.881     2013 04 20 13 51  1.748     154.9
602
 2013 04 20 00 10  1.513     2013 04 20 00 12 46.983     165.5
 2013 04 20 13 43 55.301     2013 04 20 13 45 26.991      91.7
603
 2013 04 20 12 20  1.156     2013 04 20 12 22 38.205     157.0
 2013 04 20 18 54 24.736     2013 04 20 18 57  2.641     157.9
604
 2013 04 20 10 35 52.791     2013 04 20 10 38 27.381     154.6
 2013 04 20 20 37 53.765     2013 04 20 20 40 52.925     179.2
605
 2013 04 20 13 52  9.949     2013 04 20 13 55  1.617     171.7
 2013 04 20 22 06 41.202     2013 04 20 22 07 32.965      51.8
606
 2013 04 20 13 52 28.053     2013 04 20 13 55  6.317     158.3
 2013 04 20 22 06 11.722     2013 04 20 22 06 20.015       8.3
607
 2013 04 20 12 14 20.298     2013 04 20 12 17   .115     159.8
608
 2013 04 20 13 55 34.482     2013 04 20 13 58 12.403     157.9
 2013 04 20 18 54  9.088     2013 04 20 18 54 34.615      25.5
 2013 04 20 20 28 45.266     2013 04 20 20 32 16.307     211.0
609
 2013 04 20 10 36 29.060     2013 04 20 10 40  4.651     215.6
 2013 04 20 20 36 23.775     2013 04 20 20 39  2.078     158.3
610
 2013 04 20 12 21 59.336     2013 04 20 12 24 59.095     179.8
 2013 04 20 17 17 27.579     2013 04 20 17 20 25.345     177.8
611
 2013 04 20 20 30  2.766     2013 04 20 20 33 24.857     202.1
612
 2013 04 20 10 33 39.821     2013 04 20 10 37  7.609     207.8
613
 2013 04 20 12 21 33.385     2013 04 20 12 24 12.707     159.3
 2013 04 20 17 16 34.281     2013 04 20 17 19 56.805     202.5
614
 2013 04 20 10 36 57.870     2013 04 20 10 40 36.030     218.2
 2013 04 20 20 37 56.844     2013 04 20 20 41 32.339     215.5
615
 2013 04 20 13 53 36.383     2013 04 20 13 56 13.146     156.8
 2013 04 20 20 28 28.939     2013 04 20 20 31 45.842     196.9
616
 2013 04 20 00 14  6.656     2013 04 20 00 17 38.308     211.7
 2013 04 20 12 05 39.833     2013 04 20 12 08 12.742     152.9
617
 2013 04 20 12 19 58.723     2013 04 20 12 19 59.685       1.0
 2013 04 20 20 30 56.534     2013 04 20 20 33 34.026     157.5
618
 2013 04 20 20 41 26.307     2013 04 20 20 44   .443     154.1
619
620
 2013 04 20 20 35 30.127     2013 04 20 20 38 11.134     161.0
621
 2013 04 20 00 12 18.983     2013 04 20 00 15 12.763     173.8
622
 2013 04 20 13 46 58.828     2013 04 20 13 50 19.151     200.3
623
624
 2013 04 20 22 13 10.641     2013 04 20 22 13 19.697       9.1
625
 2013 04 20 13 47 35.848     2013 04 20 13 48  6.083      30.2
626
 2013 04 20 10 33 41.469     2013 04 20 10 37  9.480     208.0
627
 2013 04 20 00 10   .703     2013 04 20 00 10  3.640       2.9
628
 2013 04 20 22 08 54.090     2013 04 20 22 08 58.495       4.4
629
 2013 04 20 10 31 45.969     2013 04 20 10 34 57.734     191.8
630
 2013 04 20 12 18  6.217     2013 04 20 12 18 20.861      14.6
 2013 04 20 13 55 59.293     2013 04 20 13 56 16.848      17.6
 2013 04 20 18 52 31.460     2013 04 20 18 55 54.400     202.9
631
 2013 04 20 20 39 10.030     2013 04 20 20 42 12.351     182.3
632
 2013 04 20 13 56 10.992     2013 04 20 13 59 52.745     221.8
 2013 04 20 18 52 19.229     2013 04 20 18 55 35.034     195.8
633
 2013 04 20 15 27 41.071     2013 04 20 15 28 18.384      37.3
 2013 04 20 22 04 33.072     2013 04 20 22 07 44.635     191.6
634
 2013 04 20 15 29 27.452     2013 04 20 15 32 18.646     171.2
 2013 04 20 22 04   .834     2013 04 20 22 06 48.479     167.6
635
 2013 04 20 00 07 46.313     2013 04 20 00 09 58.217     131.9
 2013 04 20 13 46 48.896     2013 04 20 13 49 38.065     169.2
636
 2013 04 20 13 53  1.808     2013 04 20 13 54 10.014      68.2
 2013 04 20 20 29 49.149     2013 04 20 20 33 11.119     202.0
637
 2013 04 20 13 50 12.685     2013 04 20 13 53 47.651     215.0
 2013 04 20 22 08 15.411     2013 04 20 22 10 51.638     156.2
638
639
 2013 04 20 10 31 26.023     2013 04 20 10 34 34.306     188.3
 2013 04 20 22 16 55.458     2013 04 20 22 20 20.929     205.5
640
 2013 04 20 22 16 39.790     2013 04 20 22 20 10.213     210.4
641
 2013 04 20 13 54 18.025     2013 04 20 13 57 28.026     190.0
 2013 04 20 20 29 45.869     2013 04 20 20 32 23.218     157.3
642
 2013 04 20 00 10 35.050     2013 04 20 00 14 13.658     218.6
643
 2013 04 20 20 34 17.544     2013 04 20 20 37 52.974     215.4
644
 2013 04 20 10 39  5.831     2013 04 20 10 41 41.424     155.6
645
 2013 04 20 13 56 35.037     2013 04 20 13 59 39.275     184.2
 2013 04 20 18 52  7.729     2013 04 20 18 55  3.927     176.2
646
 2013 04 20 12 19 17.736     2013 04 20 12 22 26.625     188.9
 2013 04 20 18 55  1.783     2013 04 20 18 57 50.767     169.0
647
648
 2013 04 20 10 33 40.811     2013 04 20 10 36 14.279     153.5
649
 2013 04 20 20 39 45.977     2013 04 20 20 43 15.571     209.6
650
651
 2013 04 20 12 07 56.945     2013 04 20 12 11   .616     183.7
652
 2013 04 20 12 09 22.516     2013 04 20 12 11 59.213     156.7
653
 2013 04 20 20 35 52.287     2013 04 20 20 39  6.901     194.6
654
 2013 04 20 12 12 59.588     2013 04 20 12 16  1.109     181.5
 2013 04 20 22 10  1.788     2013 04 20 22 11  1.471      59.7
655
 2013 04 20 10 42 35.286     2013 04 20 10 43 23.201      47.9
 2013 04 20 18 55 52.900     2013 04 20 18 59 29.196     216.3
656
657
 2013 04 20 12 19 20.453     2013 04 20 12 22 34.916     194.5
 2013 04 20 18 55  8.603     2013 04 20 18 57 53.883     165.3
658
 2013 04 20 13 55 35.694     2013 04 20 13 58 15.111     159.4
 2013 04 20 18 50 20.006     2013 04 20 18 54 11.258     231.3
 2013 04 20 20 28 24.577     2013 04 20 20 32  1.989     217.4
659
 2013 04 20 20 30 25.335     2013 04 20 20 33 28.924     183.6
660
 2013 04 20 22 08 49.802     2013 04 20 22 11 36.994     167.2
661
 2013 04 20 20 42 36.647     2013 04 20 20 45 14.172     157.5
662
 2013 04 20 10 33 41.534     2013 04 20 10 36 58.671     197.1
663
 2013 04 20 22 14 18.925     2013 04 20 22 16 53.678     154.8
664
 2013 04 20 12 13 32.330     2013 04 20 12 17 12.387     220.1
665
 2013 04 20 10 32 19.825     2013 04 20 10 35 15.902     176.1
666
 2013 04 20 10 35 51.900     2013 04 20 10 39 11.495     199.6
 2013 04 20 20 38 45.952     2013 04 20 20 41 20.654     154.7
667
 2013 04 20 13 52 30.414     2013 04 20 13 55  7.393     157.0
 2013 04 20 22 06  5.918     2013 04 20 22 06 10.333       4.4
668
 2013 04 20 13 53 15.508     2013 04 20 13 56 40.026     204.5
 2013 04 20 20 27 38.840     2013 04 20 20 30 42.665     183.8
669
 2013 04 20 10 34 15.229     2013 04 20 10 37 22.576     187.3
670
 2013 04 20 10 37  4.024     2013 04 20 10 39 48.647     164.6
 2013 04 20 20 37 45.382     2013 04 20 20 40 36.029     170.6
671
 2013 04 20 22 16  6.077     2013 04 20 22 19 18.842     192.8
672
 2013 04 20 00 08 58.097     2013 04 20 00 11 44.511     166.4
 2013 04 20 13 45 37.507     2013 04 20 13 48 42.711     185.2
673
 2013 04 20 00 09  4.264     2013 04 20 00 12 44.765     220.5
674
 2013 04 20 15 31 12.895     2013 04 20 15 34  5.006     172.1
 2013 04 20 20 26 31.865     2013 04 20 20 29 25.164     173.3
675
 2013 04 20 12 10 38.548     2013 04 20 12 13 12.514     154.0
 2013 04 20 22 12 23.018     2013 04 20 22 15 14.086     171.1
676
 2013 04 20 12 10 32.248     2013 04 20 12 14 11.473     219.2
 2013 04 20 22 13 23.852     2013 04 20 22 16  3.104     159.3
677
 2013 04 20 12 13 55.635     2013 04 20 12 15  9.680      74.0
 2013 04 20 22 10 39.645     2013 04 20 22 13 15.030     155.4
678
679
 2013 04 20 12 17 52.279     2013 04 20 12 21 28.728     216.4
 2013 04 20 18 55 46.149     2013 04 20 18 56 25.774      39.6
680
 2013 04 20 12 06 32.306     2013 04 20 12 09 32.330     180.0
681
 2013 04 20 00 11 13.023     2013 04 20 00 12 39.880      86.9
682
 2013 04 20 13 52 56.941     2013 04 20 13 53 58.573      61.6
 2013 04 20 20 29 46.131     2013 04 20 20 33 14.397     208.3
683
 2013 04 20 15 29 20.819     2013 04 20 15 31 58.263     157.4
 2013 04 20 22 03 36.632     2013 04 20 22 06 18.041     161.4
684
 2013 04 20 10 32 47.700     2013 04 20 10 33 23.440      35.7
 2013 04 20 22 17 28.711     2013 04 20 22 20 19.139     170.4
685
686
 2013 04 20 20 30 27.121     2013 04 20 20 34 16.278     229.2
687
 2013 04 20 12 06 30.560     2013 04 20 12 09 18.837     168.3
688
 2013 04 20 22 13 23.771     2013 04 20 22 17  5.093     221.3
689
 2013 04 20 13 52 38.110     2013 04 20 13 55 17.384     159.3
690
 2013 04 20 12 21  1.122     2013 04 20 12 21 12.236      11.1
 2013 04 20 20 30 17.177     2013 04 20 20 33 51.095     213.9
691
 2013 04 20 20 34 37.086     2013 04 20 20 38 21.018     223.9
692
 2013 04 20 12 11 23.652     2013 04 20 12 11 45.525      21.9
693
694
695
 2013 04 20 13 47 59.837     2013 04 20 13 51 47.713     227.9
696
 2013 04 20 12 07 32.705     2013 04 20 12 10 35.495     182.8
697
 2013 04 20 20 41 30.092     2013 04 20 20 44 34.664     184.6
698
 2013 04 20 10 35 39.246     2013 04 20 10 38 16.616     157.4
 2013 04 20 20 37 24.051     2013 04 20 20 40 48.842     204.8
699
 2013 04 20 10 32 33.413     2013 04 20 10 35 19.464     166.1
700
 2013 04 20 00 10 46.959     2013 04 20 00 13 47.846     180.9
701
 2013 04 20 10 37 44.082     2013 04 20 10 40 46.823     182.7
 2013 04 20 20 36  9.445     2013 04 20 20 39 15.101     185.7
702
 2013 04 20 10 36 25.102     2013 04 20 10 39 50.415     205.3
 2013 04 20 20 36 32.756     2013 04 20 20 39 13.588     160.8
703
 2013 04 20 15 29 47.112     2013 04 20 15 32 24.672     157.6
 2013 04 20 22 03 18.865     2013 04 20 22 06 23.207     184.3
704
705
 2013 04 20 12 20 12.118     2013 04 20 12 22 59.992     167.9
 2013 04 20 18 53 54.662     2013 04 20 18 56 41.590     166.9
706
 2013 04 20 10 42 23.319     2013 04 20 10 45 46.324     203.0
 2013 04 20 18 56 32.694     2013 04 20 18 59 38.126     185.4
707
 2013 04 20 00 11 50.238     2013 04 20 00 15   .981     190.7
708
 2013 04 20 12 11  6.267     2013 04 20 12 13 53.155     166.9
 2013 04 20 22 12 42.451     2013 04 20 22 15 18.083     155.6
709
 2013 04 20 12 14 29.567     2013 04 20 12 17  5.057     155.5
710
 2013 04 20 00 13 19.119     2013 04 20 00 15 57.414     158.3
 2013 04 20 12 07 53.909     2013 04 20 12 08 45.644      51.7
711
 2013 04 20 12 14 55.704     2013 04 20 12 18 15.776     200.1
 2013 04 20 20 33 21.434     2013 04 20 20 36 35.953     194.5
712
713
 2013 04 20 13 47 21.995     2013 04 20 13 48 36.058      74.1
714
 2013 04 20 12 19  9.332     2013 04 20 12 21 53.822     164.5
 2013 04 20 18 53 44.057     2013 04 20 18 56 44.380     180.3
715
 2013 04 20 12 21 34.827     2013 04 20 12 24 16.176     161.3
 2013 04 20 17 16 39.722     2013 04 20 17 20  2.264     202.5
716
 2013 04 20 10 37 40.753     2013 04 20 10 40 17.449     156.7
 2013 04 20 20 37  5.444     2013 04 20 20 40 22.492     197.0
717
 2013 04 20 10 42 23.812     2013 04 20 10 43 20.169      56.4
718
 2013 04 20 12 13 18.031     2013 04 20 12 15 59.478     161.4
719
 2013 04 20 13 57  1.448     2013 04 20 13 59 47.500     166.1
 2013 04 20 18 52  6.610     2013 04 20 18 54 46.394     159.8
720
 2013 04 20 12 11  4.036     2013 04 20 12 14 38.521     214.5
 2013 04 20 22 10 58.674     2013 04 20 22 13 36.743     158.1
721
 2013 04 20 10 36 19.361     2013 04 20 10 39 36.130     196.8
 2013 04 20 20 38 30.271     2013 04 20 20 41 11.006     160.7
722
 2013 04 20 13 50 26.910     2013 04 20 13 53  5.083     158.2
 2013 04 20 22 07 18.515     2013 04 20 22 10  5.119     166.6
723
 2013 04 20 13 54 55.172     2013 04 20 13 58 25.403     210.2
 2013 04 20 20 29 53.069     2013 04 20 20 32 57.222     184.2
724
 2013 04 20 13 49 57.702     2013 04 20 13 52 39.066     161.4
 2013 04 20 22 07 17.119     2013 04 20 22 10 30.322     193.2
725
 2013 04 20 10 36 14.035     2013 04 20 10 39 14.679     180.6
 2013 04 20 20 36 55.619     2013 04 20 20 39 45.807     170.2
726
 2013 04 20 12 11  2.662     2013 04 20 12 14 23.522     200.9
 2013 04 20 22 12 58.679     2013 04 20 22 15 47.427     168.7
727
 2013 04 20 12 06 26.535     2013 04 20 12 09 17.255     170.7
728
 2013 04 20 15 28 28.646     2013 04 20 15 29  5.097      36.5
 2013 04 20 22 04 56.221     2013 04 20 22 07 33.432     157.2
729
 2013 04 20 12 10 27.327     2013 04 20 12 13  7.063     159.7
 2013 04 20 22 12 42.755     2013 04 20 22 15 33.968     171.2
730
 2013 04 20 22 09 51.435     2013 04 20 22 12 57.116     185.7
731
 2013 04 20 22 13 55.479     2013 04 20 22 16 36.552     161.1
732
 2013 04 20 20 34 13.020     2013 04 20 20 36 49.020     156.0
733
 2013 04 20 20 39 43.615     2013 04 20 20 42 36.161     172.5
734
 2013 04 20 12 15 17.072     2013 04 20 12 17 59.759     162.7
 2013 04 20 20 31 52.645     2013 04 20 20 35 24.577     211.9
735
 2013 04 20 12 15  2.210     2013 04 20 12 16 13.297      71.1
 2013 04 20 22 09 53.131     2013 04 20 22 13  9.330     196.2
736
 2013 04 20 00 13 57.750     2013 04 20 00 16 33.423     155.7
 2013 04 20 12 04 45.494     2013 04 20 12 08   .542     195.0
737
 2013 04 20 08 56 39.331     2013 04 20 08 59 44.396     185.1
 2013 04 20 20 42 37.682     2013 04 20 20 45 49.151     191.5
738
 2013 04 20 13 50 19.857     2013 04 20 13 54 10.104     230.2
 2013 04 20 22 08 20.940     2013 04 20 22 10 59.770     158.8
739
 2013 04 20 10 33 25.022     2013 04 20 10 33 36.880      11.9
 2013 04 20 20 43 31.618     2013 04 20 20 43 32.690       1.1
740
 2013 04 20 00 06 52.422     2013 04 20 00 10 18.398     206.0
 2013 04 20 13 47  1.692     2013 04 20 13 49 50.168     168.5
 2013 04 20 23 45 25.680     2013 04 20 23 48 40.793     195.1
741
 2013 04 20 15 29 52.331     2013 04 20 15 32 36.782     164.5
 2013 04 20 20 24 30.783     2013 04 20 20 24 36.803       6.0
 2013 04 20 22 02 56.371     2013 04 20 22 06 14.176     197.8
742
 2013 04 20 15 29 48.544     2013 04 20 15 32 34.724     166.2
 2013 04 20 22 03 47.491     2013 04 20 22 06 54.111     186.6
743
744
 2013 04 20 12 07 51.904     2013 04 20 12 11  7.461     195.6
745
746
 2013 04 20 13 52 27.075     2013 04 20 13 55 23.184     176.1
747
 2013 04 20 22 17  3.497     2013 04 20 22 20 16.431     192.9
748
749
 2013 04 20 10 39 52.781     2013 04 20 10 42 49.794     177.0
750
 2013 04 20 20 41  2.438     2013 04 20 20 43 50.697     168.3
751
 2013 04 20 12 07 55.351     2013 04 20 12 11 26.422     211.1
752
 2013 04 20 10 40 53.193     2013 04 20 10 44 29.217     216.0
 2013 04 20 18 56 42.989     2013 04 20 18 59 39.714     176.7
753
 2013 04 20 20 34 25.734     2013 04 20 20 37 11.091     165.4
754
 2013 04 20 13 57  1.795     2013 04 20 13 57  9.639       7.8
 2013 04 20 15 31  6.029     2013 04 20 15 34 49.246     223.2
 2013 04 20 20 27 14.780     2013 04 20 20 30  8.693     173.9
755
756
 2013 04 20 10 37 11.350     2013 04 20 10 40  1.460     170.1
 2013 04 20 20 36 49.645     2013 04 20 20 39 29.386     159.7
757
 2013 04 20 15 28 35.101     2013 04 20 15 31 45.878     190.8
 2013 04 20 22 04 16.057     2013 04 20 22 06 58.485     162.4
758
 2013 04 20 12 16 43.552     2013 04 20 12 19 43.345     179.8
 2013 04 20 20 31 39.965     2013 04 20 20 34 25.085     165.1
759
 2013 04 20 22 16 10.009     2013 04 20 22 19 25.852     195.8
760
 2013 04 20 13 54 39.568     2013 04 20 13 58 10.793     211.2
 2013 04 20 20 29 59.182     2013 04 20 20 32 48.412     169.2
761
 2013 04 20 15 30 15.600     2013 04 20 15 33  4.207     168.6
 2013 04 20 20 25 25.777     2013 04 20 20 25 31.144       5.4
 2013 04 20 22 03 34.858     2013 04 20 22 07 20.569     225.7
762
 2013 04 20 22 14  7.516     2013 04 20 22 15 39.911      92.4
763
 2013 04 20 12 21 34.363     2013 04 20 12 24 23.386     169.0
 2013 04 20 17 16 50.023     2013 04 20 17 20 15.833     205.8
764
 2013 04 20 10 40  9.341     2013 04 20 10 43 26.781     197.4
 2013 04 20 18 58 38.458     2013 04 20 19 02 12.024     213.6
765
766
 2013 04 20 12 18 54.170     2013 04 20 12 21 54.897     180.7
 2013 04 20 18 53 22.505     2013 04 20 18 56 28.052     185.5
767
 2013 04 20 12 20 35.502     2013 04 20 12 23 21.602     166.1
 2013 04 20 18 53 49.270     2013 04 20 18 56 57.838     188.6
768
 2013 04 20 12 15 47.127     2013 04 20 12 19  4.406     197.3
 2013 04 20 20 31 33.675     2013 04 20 20 34 19.640     166.0
769
 2013 04 20 00 10 53.932     2013 04 20 00 14 13.831     199.9
770
 2013 04 20 10 33 19.013     2013 04 20 10 36 12.861     173.8
771
 2013 04 20 13 53 49.962     2013 04 20 13 56 32.104     162.1
 2013 04 20 20 28 25.058     2013 04 20 20 31 20.573     175.5
772
 2013 04 20 12 10 50.255     2013 04 20 12 13 25.031     154.8
 2013 04 20 22 12 10.922     2013 04 20 22 14 56.631     165.7
773
 2013 04 20 13 49  1.762     2013 04 20 13 51 37.923     156.2
774
 2013 04 20 12 06 47.453     2013 04 20 12 09 46.324     178.9
775
 2013 04 20 10 31  5.663     2013 04 20 10 34   .649     175.0
 2013 04 20 22 17 30.264     2013 04 20 22 20 34.055     183.8
776
 2013 04 20 10 32 59.769     2013 04 20 10 33 12.604      12.8
777
 2013 04 20 12 08 56.385     2013 04 20 12 11 29.913     153.5
778
 2013 04 20 13 50  8.178     2013 04 20 13 53 43.863     215.7
 2013 04 20 22 08 16.382     2013 04 20 22 10 53.143     156.8
779
780
 2013 04 20 22 16  9.548     2013 04 20 22 18 48.376     158.8
781
 2013 04 20 15 31 33.201     2013 04 20 15 34 33.843     180.6
 2013 04 20 20 26 56.671     2013 04 20 20 29 37.507     160.8
782
 2013 04 20 12 10  1.336     2013 04 20 12 12 49.292     168.0
 2013 04 20 22 12 54.798     2013 04 20 22 16  1.560     186.8
783
 2013 04 20 13 51 14.266     2013 04 20 13 53 54.837     160.6
 2013 04 20 22 06 42.286     2013 04 20 22 09 22.387     160.1
784
 2013 04 20 00 10  3.925     2013 04 20 00 12 38.410     154.5
 2013 04 20 13 44 13.789     2013 04 20 13 44 45.239      31.4
785
 2013 04 20 13 55 35.034     2013 04 20 13 56 25.496      50.5
 2013 04 20 18 51 56.225     2013 04 20 18 52 23.719      27.5
786
 2013 04 20 12 11 54.423     2013 04 20 12 15 16.483     202.1
 2013 04 20 22 10 44.364     2013 04 20 22 13 31.493     167.1
787
 2013 04 20 10 41 53.705     2013 04 20 10 44 44.929     171.2
 2013 04 20 18 57 21.788     2013 04 20 18 59 58.975     157.2
788
 2013 04 20 10 31  6.702     2013 04 20 10 33 54.348     167.6
 2013 04 20 22 18 13.802     2013 04 20 22 19 40.928      87.1
789
 2013 04 20 12 10 51.601     2013 04 20 12 11 31.933      40.3
790
 2013 04 20 20 40 19.294     2013 04 20 20 43 14.520     175.2
791
 2013 04 20 10 31 42.550     2013 04 20 10 34 23.420     160.9
 2013 04 20 22 17  7.264     2013 04 20 22 18 44.479      97.2
792
 2013 04 20 10 36 59.859     2013 04 20 10 40 14.616     194.8
 2013 04 20 20 37 56.040     2013 04 20 20 41 10.187     194.1
793
 2013 04 20 13 55  8.158     2013 04 20 13 57 47.354     159.2
 2013 04 20 20 29  3.591     2013 04 20 20 32  1.378     177.8
794
 2013 04 20 15 27 23.586     2013 04 20 15 27 32.641       9.1
 2013 04 20 22 04 26.542     2013 04 20 22 07 57.313     210.8
795
 2013 04 20 13 49 20.816     2013 04 20 13 51 57.009     156.2
796
 2013 04 20 13 50  2.729     2013 04 20 13 52 48.003     165.3
 2013 04 20 22 06 29.121     2013 04 20 22 09 44.522     195.4
797
 2013 04 20 22 08 20.896     2013 04 20 22 12 11.324     230.4
798
 2013 04 20 00 11 13.005     2013 04 20 00 14 39.110     206.1
799
 2013 04 20 20 41 23.018     2013 04 20 20 43 57.405     154.4
800
 2013 04 20 12 16 17.242     2013 04 20 12 16 52.555      35.3
 2013 04 20 20 31  3.363     2013 04 20 20 33 44.948     161.6
801
 2013 04 20 12 07  3.741     2013 04 20 12 10  6.525     182.8
802
 2013 04 20 13 55 56.671     2013 04 20 13 58 34.181     157.5
 2013 04 20 18 50 50.546     2013 04 20 18 54 23.062     212.5
 2013 04 20 20 28 26.347     2013 04 20 20 28 55.906      29.6
803
 2013 04 20 12 09 28.727     2013 04 20 12 12  9.348     160.6
 2013 04 20 22 15 40.039     2013 04 20 22 16 33.832      53.8
804
 2013 04 20 12 14 36.011     2013 04 20 12 17 58.053     202.0
 2013 04 20 20 33 13.512     2013 04 20 20 36 53.869     220.4
805
 2013 04 20 10 41 24.852     2013 04 20 10 44 34.859     190.0
 2013 04 20 18 57  6.312     2013 04 20 18 59 46.863     160.6
806
 2013 04 20 12 15 32.916     2013 04 20 12 18 38.738     185.8
 2013 04 20 20 31 37.899     2013 04 20 20 34 40.405     182.5
807
 2013 04 20 00 11  8.916     2013 04 20 00 14 22.391     193.5
808
809
 2013 04 20 12 15 15.197     2013 04 20 12 17 55.898     160.7
 2013 04 20 20 32 37.584     2013 04 20 20 36  2.487     204.9
810
 2013 04 20 15 27 47.526     2013 04 20 15 31 37.115     229.6
 2013 04 20 22 04 24.069     2013 04 20 22 07 35.744     191.7
811
 2013 04 20 12 07 14.829     2013 04 20 12 07 19.975       5.1
812
 2013 04 20 22 14 43.856     2013 04 20 22 17 18.200     154.3
813
814
 2013 04 20 12 08 23.490     2013 04 20 12 11  7.544     164.1
815
816
 2013 04 20 12 07 57.460     2013 04 20 12 10 32.784     155.3
817
 2013 04 20 12 16 21.968     2013 04 20 12 19  3.946     162.0
 2013 04 20 20 32 50.806     2013 04 20 20 35 27.615     156.8
818
 2013 04 20 13 55 59.666     2013 04 20 13 59 40.651     221.0
 2013 04 20 18 52  6.189     2013 04 20 18 55 36.758     210.6
819
 2013 04 20 13 54 54.736     2013 04 20 13 57 43.525     168.8
 2013 04 20 20 28 25.086     2013 04 20 20 31 19.494     174.4
820
 2013 04 20 00 14 19.893     2013 04 20 00 17 24.694     184.8
 2013 04 20 12 05 21.289     2013 04 20 12 07 55.152     153.9
821
 2013 04 20 20 35 24.815     2013 04 20 20 38  4.746     159.9
822
823
 2013 04 20 12 21 47.192     2013 04 20 12 25  2.488     195.3
 2013 04 20 17 17 31.481     2013 04 20 17 20 40.236     188.8
824
 2013 04 20 22 05  9.825     2013 04 20 22 08 10.930     181.1
825
 2013 04 20 22 08 48.048     2013 04 20 22 11 59.875     191.8
826
 2013 04 20 12 14  7.919     2013 04 20 12 17 16.565     188.6
827
 2013 04 20 15 31 12.547     2013 04 20 15 34  4.834     172.3
 2013 04 20 20 26 31.772     2013 04 20 20 29 25.369     173.6
828
 2013 04 20 12 21 42.045     2013 04 20 12 24 20.349     158.3
 2013 04 20 17 16 32.024     2013 04 20 17 19 34.805     182.8
829
 2013 04 20 15 30 33.466     2013 04 20 15 33 17.320     163.9
 2013 04 20 20 25 18.045     2013 04 20 20 28 28.865     190.8
830
 2013 04 20 13 56 16.580     2013 04 20 13 59 11.416     174.8
 2013 04 20 18 51 39.628     2013 04 20 18 54 55.796     196.2
831
 2013 04 20 13 52 20.899     2013 04 20 13 55 45.600     204.7
832
 2013 04 20 22 14  5.080     2013 04 20 22 17 38.644     213.6
833
 2013 04 20 15 29 32.870     2013 04 20 15 32 11.130     158.3
 2013 04 20 22 03 37.984     2013 04 20 22 06 27.070     169.1
834
 2013 04 20 13 52 32.437     2013 04 20 13 52 48.126      15.7
 2013 04 20 20 29 34.735     2013 04 20 20 29 48.932      14.2
835
 2013 04 20 12 18 23.450     2013 04 20 12 19  8.075      44.6
 2013 04 20 13 56 16.682     2013 04 20 13 56 53.476      36.8
 2013 04 20 18 52 45.172     2013 04 20 18 55 49.071     183.9
836
 2013 04 20 10 38 22.339     2013 04 20 10 41 23.350     181.0
 2013 04 20 20 35 31.674     2013 04 20 20 36 57.469      85.8
837
838
 2013 04 20 22 04 46.550     2013 04 20 22 08 20.181     213.6
839
 2013 04 20 13 49 20.571     2013 04 20 13 52 32.178     191.6
 2013 04 20 22 07 41.711     2013 04 20 22 11 16.688     215.0
840
 2013 04 20 15 31  8.271     2013 04 20 15 34 10.526     182.3
 2013 04 20 20 26 38.932     2013 04 20 20 29 36.162     177.2
841
 2013 04 20 10 39 44.838     2013 04 20 10 42 54.822     190.0
842
 2013 04 20 20 40 18.554     2013 04 20 20 42 53.732     155.2
843
 2013 04 20 10 36 31.602     2013 04 20 10 39  5.965     154.4
 2013 04 20 20 37 47.439     2013 04 20 20 40 23.454     156.0
844
845
 2013 04 20 13 50 56.642     2013 04 20 13 53 37.383     160.7
 2013 04 20 22 06 46.662     2013 04 20 22 09 23.304     156.6
846
 2013 04 20 12 17 24.716     2013 04 20 12 20 12.437     167.7
 2013 04 20 20 32 15.577     2013 04 20 20 35 55.065     219.5
847
 2013 04 20 00 09 13.498     2013 04 20 00 12 27.301     193.8
 2013 04 20 13 45 23.471     2013 04 20 13 46 17.547      54.1
848
 2013 04 20 12 07  6.393     2013 04 20 12 09 46.647     160.3
849
 2013 04 20 13 55 12.269     2013 04 20 13 56 17.894      65.6
 2013 04 20 20 29 55.194     2013 04 20 20 33 39.942     224.7
850
 2013 04 20 22 05 28.096     2013 04 20 22 08  5.089     157.0
851
 2013 04 20 22 12 52.352     2013 04 20 22 14 16.873      84.5
852
853
 2013 04 20 13 47 47.914     2013 04 20 13 50 32.776     164.9
854
 2013 04 20 12 10 10.175     2013 04 20 12 10 14.879       4.7
 2013 04 20 22 13 44.273     2013 04 20 22 16 25.772     161.5
855
 2013 04 20 10 33 52.428     2013 04 20 10 36 26.353     153.9
856
 2013 04 20 20 40 15.528     2013 04 20 20 43 27.931     192.4
857
 2013 04 20 20 34   .008     2013 04 20 20 37  5.819     185.8
858
 2013 04 20 13 53  2.680     2013 04 20 13 55 42.180     159.5
 2013 04 20 20 31 11.965     2013 04 20 20 31 53.978      42.0
859
 2013 04 20 12 19 58.320     2013 04 20 12 23 32.837     214.5
 2013 04 20 13 57 52.693     2013 04 20 14 01 30.570     217.9
 2013 04 20 17 14 36.545     2013 04 20 17 15  5.061      28.5
 2013 04 20 18 53 10.282     2013 04 20 18 56 10.485     180.2
860
 2013 04 20 13 54  5.681     2013 04 20 13 57 19.015     193.3
 2013 04 20 20 29 45.946     2013 04 20 20 32 25.666     159.7
861
862
 2013 04 20 12 14 49.207     2013 04 20 12 17 55.899     186.7
 2013 04 20 20 34 35.434     2013 04 20 20 35 18.155      42.7
863
 2013 04 20 13 48 35.798     2013 04 20 13 51 19.444     163.6
864
 2013 04 20 12 18 27.272     2013 04 20 12 21  4.019     156.7
 2013 04 20 18 57 16.047     2013 04 20 18 57 32.894      16.8
865
866
867
 2013 04 20 18 56   .430     2013 04 20 18 59 35.337     214.9
868
 2013 04 20 10 37 54.058     2013 04 20 10 40 29.576     155.5
 2013 04 20 20 36 38.277     2013 04 20 20 39 58.871     200.6
869
 2013 04 20 10 36 25.256     2013 04 20 10 37 35.382      70.1
 2013 04 20 20 38 28.562     2013 04 20 20 41 40.008     191.4
870
 2013 04 20 12 20 26.059     2013 04 20 12 21 26.935      60.9
 2013 04 20 18 55 28.638     2013 04 20 18 58 55.758     207.1
871
 2013 04 20 20 39 47.033     2013 04 20 20 39 53.657       6.6
872
 2013 04 20 12 14   .400     2013 04 20 12 17  9.436     189.0
873
874
875
 2013 04 20 20 42 39.874     2013 04 20 20 45 51.060     191.2
876
 2013 04 20 00 11 38.969     2013 04 20 00 14 23.842     164.9
877
 2013 04 20 10 38 37.898     2013 04 20 10 41 13.782     155.9
878
 2013 04 20 15 29 49.687     2013 04 20 15 32 33.403     163.7
 2013 04 20 22 03 43.584     2013 04 20 22 06 50.661     187.1
879
 2013 04 20 13 55 15.199     2013 04 20 13 57 54.515     159.3
 2013 04 20 20 29   .919     2013 04 20 20 32  6.416     185.5
880
 2013 04 20 12 20  8.390     2013 04 20 12 23 16.860     188.5
 2013 04 20 13 57 40.192     2013 04 20 13 57 56.759      16.6
 2013 04 20 18 53 31.435     2013 04 20 18 56 26.120     174.7
881
 2013 04 20 22 09 32.446     2013 04 20 22 12 51.622     199.2
882
 2013 04 20 00 10 33.501     2013 04 20 00 13 11.489     158.0
883
884
 2013 04 20 15 28 36.446     2013 04 20 15 30 38.074     121.6
 2013 04 20 22 04 49.979     2013 04 20 22 07 27.164     157.2
885
 2013 04 20 13 49 59.361     2013 04 20 13 52 58.813     179.5
 2013 04 20 22 07 44.563     2013 04 20 22 10 41.042     176.5
886
 2013 04 20 20 35 18.845     2013 04 20 20 38   .980     162.1
887
 2013 04 20 12 10 55.606     2013 04 20 12 13 29.688     154.1
 2013 04 20 22 12 15.258     2013 04 20 22 14 56.677     161.4
888
889
 2013 04 20 10 42 37.370     2013 04 20 10 46 27.086     229.7
 2013 04 20 18 55 54.316     2013 04 20 18 59 31.754     217.4
890
891
 2013 04 20 12 19 44.066     2013 04 20 12 22 21.380     157.3
 2013 04 20 18 54 15.967     2013 04 20 18 56 55.331     159.4
892
 2013 04 20 00 09 51.492     2013 04 20 00 11 34.906     103.4
893
 2013 04 20 13 47 37.411     2013 04 20 13 50 16.983     159.6
 2013 04 20 23 45   .196     2013 04 20 23 45 32.880      32.7
894
895
 2013 04 20 10 40 30.524     2013 04 20 10 43 11.462     160.9
 2013 04 20 18 57 13.842     2013 04 20 19 01  5.291     231.4
896
 2013 04 20 13 50  5.766     2013 04 20 13 52 44.424     158.7
 2013 04 20 22 07 13.956     2013 04 20 22 10 20.294     186.3
897
 2013 04 20 15 30 19.665     2013 04 20 15 33  6.679     167.0
 2013 04 20 20 25 28.801     2013 04 20 20 26 13.113      44.3
 2013 04 20 22 03 30.393     2013 04 20 22 07 21.796     231.4
898
 2013 04 20 10 40 23.638     2013 04 20 10 43 48.758     205.1
 2013 04 20 18 58 53.238     2013 04 20 19 02  1.187     187.9
899
 2013 04 20 12 07 19.278     2013 04 20 12 09 52.825     153.5
