0 39.3872 104.4097 8 29 5
2  45.0 45.0 0.00
1 34.0261 103.9775 1 21 7
2  45.0 45.0 0.00
2 43.9375 125.8303 8 20 8
2  45.0 45.0 0.00
3 20.9085 89.5190 6 28 6
2  45.0 45.0 0.00
4 35.1433 98.6874 7 21 5
2  45.0 45.0 0.00
5 41.1839 130.0222 9 25 7
2  45.0 45.0 0.00
6 5.1614 132.4376 5 16 5
2  45.0 45.0 0.00
7 26.8882 95.0171 7 28 9
2  45.0 45.0 0.00
8 50.0111 90.6047 3 18 5
2  45.0 45.0 0.00
9 18.3450 81.7905 6 21 5
2  45.0 45.0 0.00
10 30.4773 108.8297 6 21 5
2  45.0 45.0 0.00
11 17.9811 80.1790 1 29 6
2  45.0 45.0 0.00
12 36.5076 121.9663 3 28 5
2  45.0 45.0 0.00
13 44.4062 120.3313 7 20 5
2  45.0 45.0 0.00
14 52.5608 96.8255 1 28 5
2  45.0 45.0 0.00
15 20.4727 83.5273 8 19 7
2  45.0 45.0 0.00
16 33.8584 103.3013 6 24 9
2  45.0 45.0 0.00
17 25.3033 105.3205 9 16 9
2  45.0 45.0 0.00
18 20.9057 98.7697 4 24 8
2  45.0 45.0 0.00
19 9.2059 96.3556 7 17 7
2  45.0 45.0 0.00
20 28.9022 120.5393 8 20 5
2  45.0 45.0 0.00
21 10.6228 113.1804 6 20 6
2  45.0 45.0 0.00
22 9.2083 122.2772 8 22 8
2  45.0 45.0 0.00
23 11.2564 82.1610 7 28 5
2  45.0 45.0 0.00
24 17.4725 115.1333 3 21 8
2  45.0 45.0 0.00
25 31.0861 118.8361 7 18 7
2  45.0 45.0 0.00
26 51.0097 132.4357 6 27 8
2  45.0 45.0 0.00
27 44.2424 83.2451 1 24 7
2  45.0 45.0 0.00
28 41.8196 82.2747 8 27 6
2  45.0 45.0 0.00
29 29.8413 130.6786 3 28 5
2  45.0 45.0 0.00
30 51.5716 101.8044 5 29 6
2  45.0 45.0 0.00
31 43.7911 95.4760 5 23 6
2  45.0 45.0 0.00
32 22.4260 99.1760 10 28 8
2  45.0 45.0 0.00
33 9.6786 130.8150 8 25 8
2  45.0 45.0 0.00
34 52.7189 102.6705 9 21 7
2  45.0 45.0 0.00
35 9.7436 126.8571 5 18 7
2  45.0 45.0 0.00
36 33.0206 124.3846 2 17 5
2  45.0 45.0 0.00
37 27.0060 132.5287 7 24 6
2  45.0 45.0 0.00
38 25.5123 107.6405 2 19 7
2  45.0 45.0 0.00
39 20.0063 86.4843 4 16 7
2  45.0 45.0 0.00
40 31.6621 87.8557 2 17 6
2  45.0 45.0 0.00
41 26.8462 75.1063 5 23 8
2  45.0 45.0 0.00
42 48.9103 83.3626 3 16 5
2  45.0 45.0 0.00
43 29.6055 89.0437 4 28 5
2  45.0 45.0 0.00
44 10.0714 92.6669 3 20 7
2  45.0 45.0 0.00
45 23.8518 83.0901 4 29 5
2  45.0 45.0 0.00
46 48.5067 119.5701 2 26 6
2  45.0 45.0 0.00
47 20.6408 113.3874 6 28 7
2  45.0 45.0 0.00
48 25.2507 100.0696 2 27 5
2  45.0 45.0 0.00
49 16.8768 101.7249 3 16 5
2  45.0 45.0 0.00
50 6.6366 91.0410 9 15 5
2  45.0 45.0 0.00
51 15.2730 124.7802 10 24 9
2  45.0 45.0 0.00
52 18.4378 78.1196 1 21 8
2  45.0 45.0 0.00
53 10.1018 98.5724 4 25 8
2  45.0 45.0 0.00
54 45.9494 94.5020 1 20 9
2  45.0 45.0 0.00
55 37.5134 101.2911 9 20 6
2  45.0 45.0 0.00
56 49.9143 75.2247 1 27 6
2  45.0 45.0 0.00
57 33.4725 115.6261 1 23 7
2  45.0 45.0 0.00
58 27.4907 74.7103 4 15 7
2  45.0 45.0 0.00
59 20.9844 74.6331 9 17 8
2  45.0 45.0 0.00
60 45.5665 118.7496 2 22 5
2  45.0 45.0 0.00
61 38.7182 128.6993 10 17 6
2  45.0 45.0 0.00
62 41.6971 104.0234 3 20 9
2  45.0 45.0 0.00
63 16.5839 88.7274 1 16 8
2  45.0 45.0 0.00
64 24.5801 124.2861 8 19 6
2  45.0 45.0 0.00
65 44.5241 94.2839 6 27 5
2  45.0 45.0 0.00
66 36.1525 90.5532 5 25 5
2  45.0 45.0 0.00
67 11.7896 105.2741 3 25 6
2  45.0 45.0 0.00
68 37.0565 105.9940 4 18 5
2  45.0 45.0 0.00
69 51.6378 112.3114 6 17 7
2  45.0 45.0 0.00
70 7.8782 127.7204 6 22 9
2  45.0 45.0 0.00
71 52.8281 100.4518 7 17 7
2  45.0 45.0 0.00
72 20.9817 77.2358 2 16 9
2  45.0 45.0 0.00
73 27.0695 122.7647 7 18 8
2  45.0 45.0 0.00
74 39.6889 105.9816 10 26 6
2  45.0 45.0 0.00
75 47.0851 110.3853 1 17 8
2  45.0 45.0 0.00
76 11.7646 83.7748 6 21 7
2  45.0 45.0 0.00
77 40.5522 118.6829 4 27 7
2  45.0 45.0 0.00
78 38.9131 94.1652 3 16 6
2  45.0 45.0 0.00
79 33.5267 100.1683 10 20 7
2  45.0 45.0 0.00
80 10.1673 98.6710 1 23 7
2  45.0 45.0 0.00
81 30.3935 82.3721 9 17 8
2  45.0 45.0 0.00
82 21.6737 89.9845 9 21 5
2  45.0 45.0 0.00
83 12.0026 110.7242 10 24 7
2  45.0 45.0 0.00
84 39.0004 74.7506 9 26 6
2  45.0 45.0 0.00
85 22.0512 98.3231 3 22 6
2  45.0 45.0 0.00
86 24.4449 88.3328 5 24 8
2  45.0 45.0 0.00
87 40.3721 109.4399 5 29 8
2  45.0 45.0 0.00
88 32.7421 106.7714 9 15 8
2  45.0 45.0 0.00
89 24.7594 129.2621 9 16 6
2  45.0 45.0 0.00
90 52.0899 123.9441 8 28 8
2  45.0 45.0 0.00
91 8.7084 112.1655 4 17 6
2  45.0 45.0 0.00
92 9.2910 111.4576 5 27 6
2  45.0 45.0 0.00
93 8.8964 110.2839 4 25 8
2  45.0 45.0 0.00
94 31.6361 113.7858 2 29 8
2  45.0 45.0 0.00
95 10.8576 74.5953 3 17 7
2  45.0 45.0 0.00
96 25.1661 92.5580 8 18 8
2  45.0 45.0 0.00
97 31.9915 95.4452 5 15 6
2  45.0 45.0 0.00
98 7.7342 97.5379 3 24 6
2  45.0 45.0 0.00
99 50.6942 117.4884 8 25 6
2  45.0 45.0 0.00
100 43.6895 86.8117 8 22 5
2  45.0 45.0 0.00
101 18.1017 127.1433 3 18 6
2  45.0 45.0 0.00
102 7.3790 104.0735 2 25 7
2  45.0 45.0 0.00
103 42.9927 98.3638 1 18 9
2  45.0 45.0 0.00
104 40.1921 109.3489 9 20 6
2  45.0 45.0 0.00
105 11.1878 74.1379 2 26 9
2  45.0 45.0 0.00
106 23.7839 93.5451 4 28 8
2  45.0 45.0 0.00
107 13.6563 124.0933 10 16 6
2  45.0 45.0 0.00
108 36.8721 81.9116 2 24 5
2  45.0 45.0 0.00
109 31.8396 116.7364 3 17 5
2  45.0 45.0 0.00
110 29.5576 104.3063 10 27 7
2  45.0 45.0 0.00
111 13.3987 126.2618 10 17 9
2  45.0 45.0 0.00
112 17.1534 82.4490 1 19 5
2  45.0 45.0 0.00
113 40.2581 111.4074 8 28 7
2  45.0 45.0 0.00
114 50.4149 91.3245 8 27 8
2  45.0 45.0 0.00
115 32.7657 130.8686 2 17 5
2  45.0 45.0 0.00
116 24.7408 125.6086 6 23 5
2  45.0 45.0 0.00
117 47.6953 101.7539 8 21 8
2  45.0 45.0 0.00
118 19.2715 115.1862 8 16 6
2  45.0 45.0 0.00
119 28.9979 125.4700 10 23 7
2  45.0 45.0 0.00
120 49.8334 122.7784 5 23 6
2  45.0 45.0 0.00
121 14.2872 115.0611 10 18 6
2  45.0 45.0 0.00
122 15.1749 116.4891 4 15 7
2  45.0 45.0 0.00
123 23.3129 109.1436 7 18 6
2  45.0 45.0 0.00
124 16.2965 85.9695 9 16 9
2  45.0 45.0 0.00
125 15.2598 84.2539 5 21 8
2  45.0 45.0 0.00
126 39.0408 95.7656 7 26 8
2  45.0 45.0 0.00
127 33.2588 90.8538 6 17 5
2  45.0 45.0 0.00
128 12.6444 87.4978 6 16 6
2  45.0 45.0 0.00
129 33.0306 113.3484 6 24 8
2  45.0 45.0 0.00
130 48.8783 111.8496 6 19 7
2  45.0 45.0 0.00
131 39.0255 116.0375 2 26 9
2  45.0 45.0 0.00
132 4.9090 87.4141 8 22 8
2  45.0 45.0 0.00
133 46.2036 131.3110 7 20 9
2  45.0 45.0 0.00
134 8.4347 99.2971 10 17 8
2  45.0 45.0 0.00
135 4.2150 80.2085 7 25 6
2  45.0 45.0 0.00
136 31.6361 105.6743 9 25 6
2  45.0 45.0 0.00
137 6.6661 76.8311 7 18 7
2  45.0 45.0 0.00
138 47.3942 105.0078 9 18 6
2  45.0 45.0 0.00
139 50.6326 116.0370 6 20 8
2  45.0 45.0 0.00
140 34.4381 90.8017 7 26 8
2  45.0 45.0 0.00
141 26.9640 103.6776 4 24 9
2  45.0 45.0 0.00
142 33.0184 132.6061 2 21 5
2  45.0 45.0 0.00
143 27.6803 105.1154 2 19 5
2  45.0 45.0 0.00
144 43.0110 118.1793 7 28 5
2  45.0 45.0 0.00
145 31.7616 84.5054 2 26 5
2  45.0 45.0 0.00
146 18.3509 117.7706 8 15 8
2  45.0 45.0 0.00
147 16.8014 120.3078 3 29 9
2  45.0 45.0 0.00
148 31.1015 100.4015 3 20 6
2  45.0 45.0 0.00
149 47.7224 77.8144 3 18 6
2  45.0 45.0 0.00
150 23.8698 97.0071 1 20 5
2  45.0 45.0 0.00
151 46.7887 95.7235 9 26 8
2  45.0 45.0 0.00
152 17.3762 118.2929 9 21 5
2  45.0 45.0 0.00
153 45.7095 131.8257 9 26 9
2  45.0 45.0 0.00
154 38.2572 108.2256 9 22 9
2  45.0 45.0 0.00
155 20.1764 96.1191 1 24 8
2  45.0 45.0 0.00
156 27.7496 132.4009 3 22 5
2  45.0 45.0 0.00
157 48.3449 97.3560 4 28 9
2  45.0 45.0 0.00
158 47.8652 76.1071 4 19 9
2  45.0 45.0 0.00
159 43.3574 75.1036 10 18 7
2  45.0 45.0 0.00
160 48.7010 90.8622 5 21 6
2  45.0 45.0 0.00
161 44.5151 126.5655 4 22 5
2  45.0 45.0 0.00
162 27.5228 117.7494 5 29 7
2  45.0 45.0 0.00
163 17.8754 87.3977 4 18 9
2  45.0 45.0 0.00
164 25.4128 77.4369 10 29 7
2  45.0 45.0 0.00
165 35.6679 90.0786 10 22 9
2  45.0 45.0 0.00
166 18.4233 81.3146 3 18 6
2  45.0 45.0 0.00
167 12.8644 108.3419 4 17 9
2  45.0 45.0 0.00
168 3.7070 126.4217 5 27 6
2  45.0 45.0 0.00
169 10.5740 77.0470 9 28 8
2  45.0 45.0 0.00
170 31.3592 119.1809 7 21 7
2  45.0 45.0 0.00
171 45.0035 93.7526 10 29 7
2  45.0 45.0 0.00
172 30.2830 95.3835 7 24 9
2  45.0 45.0 0.00
173 20.5940 104.9359 2 24 5
2  45.0 45.0 0.00
174 38.4238 79.2559 2 21 6
2  45.0 45.0 0.00
175 30.8947 86.9023 10 24 7
2  45.0 45.0 0.00
176 32.2954 97.6748 9 27 6
2  45.0 45.0 0.00
177 29.9393 114.9937 7 26 6
2  45.0 45.0 0.00
178 45.5706 110.2331 5 25 5
2  45.0 45.0 0.00
179 35.0540 89.6760 10 15 5
2  45.0 45.0 0.00
180 33.9608 98.3536 6 26 7
2  45.0 45.0 0.00
181 26.1460 93.1851 10 16 7
2  45.0 45.0 0.00
182 33.4183 116.6988 5 21 8
2  45.0 45.0 0.00
183 9.7206 103.8319 1 19 5
2  45.0 45.0 0.00
184 35.5993 119.7535 7 19 8
2  45.0 45.0 0.00
185 7.3962 95.9695 3 19 6
2  45.0 45.0 0.00
186 16.9981 86.1131 4 22 5
2  45.0 45.0 0.00
187 11.1674 112.8560 2 19 6
2  45.0 45.0 0.00
188 13.1184 108.2027 3 18 9
2  45.0 45.0 0.00
189 9.1549 85.4064 9 16 5
2  45.0 45.0 0.00
190 9.3608 129.6779 9 27 7
2  45.0 45.0 0.00
191 44.9995 82.1484 9 16 6
2  45.0 45.0 0.00
192 7.0047 76.8697 9 25 6
2  45.0 45.0 0.00
193 22.4907 88.4220 2 20 7
2  45.0 45.0 0.00
194 26.5073 84.1187 10 29 9
2  45.0 45.0 0.00
195 6.2637 105.5211 5 19 9
2  45.0 45.0 0.00
196 47.0576 88.7294 2 17 7
2  45.0 45.0 0.00
197 19.7665 94.9917 2 29 5
2  45.0 45.0 0.00
198 3.5438 107.8681 4 16 7
2  45.0 45.0 0.00
199 9.8936 124.7271 2 15 9
2  45.0 45.0 0.00
200 46.3033 122.3068 5 25 5
2  45.0 45.0 0.00
201 50.0953 131.4948 4 28 5
2  45.0 45.0 0.00
202 17.8986 124.0266 9 19 5
2  45.0 45.0 0.00
203 43.8968 125.1426 10 17 5
2  45.0 45.0 0.00
204 4.1643 89.9705 8 18 5
2  45.0 45.0 0.00
205 47.4505 79.5368 10 21 9
2  45.0 45.0 0.00
206 13.1578 104.0222 4 21 6
2  45.0 45.0 0.00
207 5.9686 105.8794 3 15 6
2  45.0 45.0 0.00
208 21.0207 101.2358 3 28 6
2  45.0 45.0 0.00
209 11.0216 91.4592 1 29 7
2  45.0 45.0 0.00
210 16.4414 116.4174 4 29 5
2  45.0 45.0 0.00
211 32.1612 108.4982 5 24 6
2  45.0 45.0 0.00
212 44.6479 105.4696 5 15 8
2  45.0 45.0 0.00
213 42.0468 96.3812 7 28 9
2  45.0 45.0 0.00
214 16.4973 122.7125 9 28 9
2  45.0 45.0 0.00
215 30.6345 94.5346 5 28 9
2  45.0 45.0 0.00
216 32.0678 80.7651 8 27 7
2  45.0 45.0 0.00
217 26.9766 104.6737 1 21 9
2  45.0 45.0 0.00
218 26.3868 126.1627 8 26 9
2  45.0 45.0 0.00
219 43.9627 97.3484 5 17 8
2  45.0 45.0 0.00
220 41.5373 95.7658 3 17 8
2  45.0 45.0 0.00
221 25.0144 123.3328 1 17 8
2  45.0 45.0 0.00
222 14.2157 115.4612 9 24 7
2  45.0 45.0 0.00
223 38.1770 114.8143 9 23 8
2  45.0 45.0 0.00
224 15.6521 131.7246 2 15 5
2  45.0 45.0 0.00
225 22.1951 74.9407 5 16 6
2  45.0 45.0 0.00
226 10.3442 83.5770 7 17 8
2  45.0 45.0 0.00
227 13.0963 130.4463 10 17 7
2  45.0 45.0 0.00
228 35.0327 93.4064 6 26 5
2  45.0 45.0 0.00
229 41.0024 86.2009 5 19 9
2  45.0 45.0 0.00
230 9.1175 124.9090 7 22 8
2  45.0 45.0 0.00
231 42.6001 94.3222 1 16 6
2  45.0 45.0 0.00
232 23.3971 118.8728 7 26 5
2  45.0 45.0 0.00
233 5.4015 106.8656 8 29 7
2  45.0 45.0 0.00
234 40.3051 106.3030 7 15 5
2  45.0 45.0 0.00
235 48.6467 84.1945 5 15 8
2  45.0 45.0 0.00
236 11.1943 116.8143 7 16 8
2  45.0 45.0 0.00
237 17.0867 114.6903 5 22 8
2  45.0 45.0 0.00
238 45.3278 126.2165 2 27 9
2  45.0 45.0 0.00
239 46.8054 106.1290 2 26 6
2  45.0 45.0 0.00
240 12.7811 89.4717 5 26 6
2  45.0 45.0 0.00
241 31.3650 121.6936 10 20 5
2  45.0 45.0 0.00
242 33.2713 93.8236 2 21 8
2  45.0 45.0 0.00
243 36.8852 111.3185 5 16 7
2  45.0 45.0 0.00
244 20.6596 75.1532 5 18 6
2  45.0 45.0 0.00
245 45.9580 114.7741 9 18 9
2  45.0 45.0 0.00
246 21.0393 97.0836 7 26 5
2  45.0 45.0 0.00
247 47.4679 129.5653 5 27 8
2  45.0 45.0 0.00
248 26.5087 91.8840 10 20 7
2  45.0 45.0 0.00
249 27.9748 99.1707 6 18 6
2  45.0 45.0 0.00
250 14.8733 100.9622 6 19 9
2  45.0 45.0 0.00
251 10.9867 74.6354 1 21 7
2  45.0 45.0 0.00
252 46.5533 108.5126 1 22 7
2  45.0 45.0 0.00
253 13.2016 109.7785 8 18 5
2  45.0 45.0 0.00
254 39.7474 121.0666 6 20 7
2  45.0 45.0 0.00
255 4.9230 111.2052 10 24 8
2  45.0 45.0 0.00
256 24.1491 100.6690 4 28 6
2  45.0 45.0 0.00
257 47.7374 81.0256 4 28 5
2  45.0 45.0 0.00
258 46.1050 101.9457 4 20 8
2  45.0 45.0 0.00
259 46.9148 123.6444 1 28 9
2  45.0 45.0 0.00
260 47.3260 83.2858 4 16 8
2  45.0 45.0 0.00
261 24.8177 80.7931 8 25 9
2  45.0 45.0 0.00
262 29.1491 95.1284 1 25 5
2  45.0 45.0 0.00
263 23.4957 116.0093 7 16 5
2  45.0 45.0 0.00
264 6.5136 114.5993 9 17 9
2  45.0 45.0 0.00
265 15.6260 99.3071 8 25 7
2  45.0 45.0 0.00
266 12.7193 118.4689 2 27 6
2  45.0 45.0 0.00
267 15.5776 96.1663 5 16 8
2  45.0 45.0 0.00
268 41.2432 100.6924 10 16 5
2  45.0 45.0 0.00
269 27.6647 119.0330 8 18 9
2  45.0 45.0 0.00
270 11.0737 119.1200 7 25 9
2  45.0 45.0 0.00
271 12.6600 73.7300 4 18 5
2  45.0 45.0 0.00
272 52.8951 100.0582 6 16 8
2  45.0 45.0 0.00
273 41.2583 106.0340 9 20 8
2  45.0 45.0 0.00
274 4.1905 108.1886 5 21 6
2  45.0 45.0 0.00
275 33.4366 108.9088 1 16 5
2  45.0 45.0 0.00
276 27.2652 87.1997 3 25 9
2  45.0 45.0 0.00
277 24.2860 74.6398 10 27 5
2  45.0 45.0 0.00
278 14.9693 83.0288 3 16 5
2  45.0 45.0 0.00
279 18.6947 93.0197 10 20 6
2  45.0 45.0 0.00
280 50.1364 98.1466 1 22 7
2  45.0 45.0 0.00
281 31.7498 91.5562 7 22 9
2  45.0 45.0 0.00
282 32.7360 127.9793 7 17 8
2  45.0 45.0 0.00
283 41.0620 118.5730 1 18 8
2  45.0 45.0 0.00
284 39.8918 116.1207 5 19 7
2  45.0 45.0 0.00
285 45.8332 100.7813 2 20 6
2  45.0 45.0 0.00
286 16.7535 86.0276 8 28 5
2  45.0 45.0 0.00
287 6.3097 119.0952 4 16 6
2  45.0 45.0 0.00
288 8.8225 103.5947 4 29 6
2  45.0 45.0 0.00
289 19.1532 74.3979 7 20 5
2  45.0 45.0 0.00
290 30.7172 79.5381 2 24 8
2  45.0 45.0 0.00
291 14.2025 80.8225 3 29 6
2  45.0 45.0 0.00
292 8.5988 129.3496 8 18 5
2  45.0 45.0 0.00
293 21.8796 75.1727 5 16 7
2  45.0 45.0 0.00
294 52.6494 111.2461 10 29 6
2  45.0 45.0 0.00
295 14.3963 120.0487 4 28 9
2  45.0 45.0 0.00
296 44.6682 79.1159 9 19 5
2  45.0 45.0 0.00
297 11.3051 108.9648 3 16 8
2  45.0 45.0 0.00
298 49.7910 120.9366 1 25 7
2  45.0 45.0 0.00
299 11.8644 89.0843 3 27 9
2  45.0 45.0 0.00
300 17.3426 129.3255 3 28 5
2  45.0 45.0 0.00
301 48.8454 83.2067 2 18 7
2  45.0 45.0 0.00
302 24.9952 85.1202 1 16 7
2  45.0 45.0 0.00
303 3.5022 110.0150 10 17 9
2  45.0 45.0 0.00
304 41.9089 129.9925 3 19 6
2  45.0 45.0 0.00
305 12.7022 127.3492 1 21 5
2  45.0 45.0 0.00
306 50.9927 131.3118 2 29 7
2  45.0 45.0 0.00
307 47.7303 85.0845 6 18 9
2  45.0 45.0 0.00
308 52.7995 95.2292 4 23 8
2  45.0 45.0 0.00
309 39.6908 114.3498 7 17 7
2  45.0 45.0 0.00
310 31.0185 80.5340 3 28 8
2  45.0 45.0 0.00
311 19.8488 111.1334 5 22 5
2  45.0 45.0 0.00
312 3.5545 118.3845 10 16 6
2  45.0 45.0 0.00
313 26.4020 85.6038 1 22 9
2  45.0 45.0 0.00
314 43.4318 95.0388 1 18 7
2  45.0 45.0 0.00
315 23.3845 94.1078 3 23 8
2  45.0 45.0 0.00
316 28.2440 115.5377 4 27 9
2  45.0 45.0 0.00
317 44.7144 76.6647 6 19 5
2  45.0 45.0 0.00
318 15.9525 114.0223 3 18 9
2  45.0 45.0 0.00
319 14.9791 89.0481 3 18 8
2  45.0 45.0 0.00
320 29.1876 83.6164 2 18 7
2  45.0 45.0 0.00
321 12.6529 126.9483 5 19 7
2  45.0 45.0 0.00
322 52.2590 76.8189 1 26 8
2  45.0 45.0 0.00
323 18.1064 129.4322 5 18 8
2  45.0 45.0 0.00
324 23.3481 126.8030 3 20 8
2  45.0 45.0 0.00
325 9.2465 82.0566 8 19 6
2  45.0 45.0 0.00
326 10.0111 79.8251 1 28 7
2  45.0 45.0 0.00
327 19.3970 101.6783 8 18 7
2  45.0 45.0 0.00
328 49.7575 117.8763 4 28 5
2  45.0 45.0 0.00
329 12.7701 127.6587 3 22 7
2  45.0 45.0 0.00
330 17.9523 75.2516 10 21 6
2  45.0 45.0 0.00
331 34.3518 119.7085 8 22 8
2  45.0 45.0 0.00
332 5.1057 108.9744 4 15 6
2  45.0 45.0 0.00
333 46.5714 80.9706 10 17 9
2  45.0 45.0 0.00
334 44.2078 114.3870 2 27 7
2  45.0 45.0 0.00
335 35.9512 73.0072 4 20 7
2  45.0 45.0 0.00
336 13.6976 112.7327 6 27 6
2  45.0 45.0 0.00
337 8.1348 113.0731 8 23 9
2  45.0 45.0 0.00
338 30.4732 131.8561 2 21 5
2  45.0 45.0 0.00
339 19.7788 117.3810 4 22 5
2  45.0 45.0 0.00
340 6.1279 115.8054 4 23 6
2  45.0 45.0 0.00
341 33.4631 87.1878 2 15 5
2  45.0 45.0 0.00
342 34.3458 98.0599 2 15 6
2  45.0 45.0 0.00
343 21.9951 117.5523 2 25 8
2  45.0 45.0 0.00
344 13.1772 108.2346 9 20 8
2  45.0 45.0 0.00
345 45.1611 86.8290 7 25 5
2  45.0 45.0 0.00
346 48.9670 102.8807 10 18 5
2  45.0 45.0 0.00
347 28.0265 80.1570 6 23 5
2  45.0 45.0 0.00
348 46.3116 111.3640 2 22 8
2  45.0 45.0 0.00
349 9.5900 131.2670 6 18 5
2  45.0 45.0 0.00
350 32.6520 75.7410 10 27 6
2  45.0 45.0 0.00
351 26.7658 92.6920 2 26 8
2  45.0 45.0 0.00
352 21.9390 105.7007 4 29 5
2  45.0 45.0 0.00
353 9.4452 82.5174 2 28 8
2  45.0 45.0 0.00
354 16.0309 83.2983 7 23 7
2  45.0 45.0 0.00
355 31.2072 79.3657 10 25 6
2  45.0 45.0 0.00
356 46.6053 132.0622 5 25 5
2  45.0 45.0 0.00
357 46.6829 113.0304 4 29 9
2  45.0 45.0 0.00
358 11.6166 95.0412 1 28 9
2  45.0 45.0 0.00
359 19.0611 114.7367 8 21 7
2  45.0 45.0 0.00
360 51.6589 77.3926 4 23 6
2  45.0 45.0 0.00
361 24.0700 102.9677 7 19 6
2  45.0 45.0 0.00
362 21.4610 112.0895 7 22 6
2  45.0 45.0 0.00
363 22.7205 124.4715 5 27 8
2  45.0 45.0 0.00
364 26.0865 83.0896 4 29 8
2  45.0 45.0 0.00
365 47.6633 89.7968 5 25 9
2  45.0 45.0 0.00
366 46.4266 115.2536 7 17 9
2  45.0 45.0 0.00
367 42.9447 99.1443 6 19 7
2  45.0 45.0 0.00
368 21.7098 96.6190 10 25 6
2  45.0 45.0 0.00
369 29.0420 125.7120 7 25 6
2  45.0 45.0 0.00
370 26.1681 126.0245 4 25 6
2  45.0 45.0 0.00
371 43.2509 79.9273 10 28 9
2  45.0 45.0 0.00
372 10.0727 119.6660 8 21 8
2  45.0 45.0 0.00
373 36.2497 102.9293 8 24 8
2  45.0 45.0 0.00
374 50.9336 107.2133 7 20 8
2  45.0 45.0 0.00
375 6.4040 101.7593 10 24 9
2  45.0 45.0 0.00
376 3.7366 108.5400 10 20 7
2  45.0 45.0 0.00
377 52.2395 132.3702 2 29 9
2  45.0 45.0 0.00
378 37.1720 105.6519 7 19 8
2  45.0 45.0 0.00
379 32.8215 129.5358 9 15 7
2  45.0 45.0 0.00
380 4.1009 88.2307 1 29 8
2  45.0 45.0 0.00
381 47.6570 103.6976 4 29 6
2  45.0 45.0 0.00
382 19.2847 102.4139 9 28 5
2  45.0 45.0 0.00
383 30.4561 98.7670 8 29 7
2  45.0 45.0 0.00
384 36.7745 106.5624 8 25 5
2  45.0 45.0 0.00
385 23.7236 87.9789 10 25 9
2  45.0 45.0 0.00
386 9.2909 99.7824 4 15 9
2  45.0 45.0 0.00
387 41.0444 109.4109 9 24 5
2  45.0 45.0 0.00
388 26.6582 132.4715 3 24 5
2  45.0 45.0 0.00
389 12.6604 111.3148 4 18 9
2  45.0 45.0 0.00
390 11.3490 131.3349 3 23 9
2  45.0 45.0 0.00
391 26.1323 106.3619 4 29 8
2  45.0 45.0 0.00
392 35.1746 119.8221 10 16 9
2  45.0 45.0 0.00
393 46.9661 100.5075 8 28 5
2  45.0 45.0 0.00
394 50.1137 121.1355 1 28 5
2  45.0 45.0 0.00
395 37.2149 126.7914 3 24 8
2  45.0 45.0 0.00
396 41.7946 132.0717 8 28 8
2  45.0 45.0 0.00
397 10.6784 126.2163 2 17 8
2  45.0 45.0 0.00
398 13.2428 110.5935 5 28 5
2  45.0 45.0 0.00
399 37.6397 125.8008 7 25 6
2  45.0 45.0 0.00
400 39.7375 115.7625 5 16 9
2  45.0 45.0 0.00
401 21.2361 79.0906 4 20 7
2  45.0 45.0 0.00
402 31.3062 127.9554 7 20 9
2  45.0 45.0 0.00
403 35.9482 127.3483 2 22 8
2  45.0 45.0 0.00
404 52.6192 88.9502 6 19 8
2  45.0 45.0 0.00
405 18.7858 128.6429 9 26 7
2  45.0 45.0 0.00
406 43.2143 83.2048 6 19 5
2  45.0 45.0 0.00
407 6.1592 126.1160 1 15 6
2  45.0 45.0 0.00
408 5.6030 103.7073 9 24 5
2  45.0 45.0 0.00
409 17.4467 89.8134 9 28 9
2  45.0 45.0 0.00
410 42.3495 95.5486 10 29 8
2  45.0 45.0 0.00
411 26.4457 99.1538 5 20 5
2  45.0 45.0 0.00
412 24.8671 94.7454 1 27 9
2  45.0 45.0 0.00
413 22.8022 108.4099 9 18 9
2  45.0 45.0 0.00
414 41.6848 124.8795 2 18 9
2  45.0 45.0 0.00
415 27.0297 110.8742 6 19 9
2  45.0 45.0 0.00
416 4.7746 74.7527 6 26 7
2  45.0 45.0 0.00
417 24.4238 85.4100 9 24 8
2  45.0 45.0 0.00
418 34.3643 104.4951 6 15 6
2  45.0 45.0 0.00
419 37.4818 113.5108 4 24 5
2  45.0 45.0 0.00
420 37.9384 77.5557 5 29 9
2  45.0 45.0 0.00
421 49.1166 81.4419 3 15 5
2  45.0 45.0 0.00
422 44.8838 82.7054 1 22 7
2  45.0 45.0 0.00
423 23.4065 106.7954 10 19 5
2  45.0 45.0 0.00
424 12.4604 132.3384 5 23 6
2  45.0 45.0 0.00
425 15.4389 123.3104 6 29 7
2  45.0 45.0 0.00
426 43.2707 130.9794 9 16 7
2  45.0 45.0 0.00
427 50.9782 77.0137 9 29 6
2  45.0 45.0 0.00
428 17.3889 84.8978 9 21 8
2  45.0 45.0 0.00
429 26.2765 75.5595 8 23 6
2  45.0 45.0 0.00
430 9.3190 96.4203 10 22 8
2  45.0 45.0 0.00
431 38.4897 103.8484 3 23 6
2  45.0 45.0 0.00
432 7.1913 82.1508 10 21 6
2  45.0 45.0 0.00
433 46.5676 75.8912 3 16 8
2  45.0 45.0 0.00
434 20.0618 107.5279 1 29 6
2  45.0 45.0 0.00
435 52.5456 107.4772 2 29 8
2  45.0 45.0 0.00
436 13.3060 90.8718 1 25 8
2  45.0 45.0 0.00
437 23.7538 101.1850 8 20 5
2  45.0 45.0 0.00
438 25.2712 101.1092 2 25 6
2  45.0 45.0 0.00
439 9.7632 119.3992 8 16 7
2  45.0 45.0 0.00
440 23.8672 131.4224 9 28 6
2  45.0 45.0 0.00
441 30.5457 99.6508 7 18 8
2  45.0 45.0 0.00
442 9.7587 107.5553 3 29 6
2  45.0 45.0 0.00
443 42.2981 98.4746 8 27 8
2  45.0 45.0 0.00
444 23.0801 113.8935 8 28 7
2  45.0 45.0 0.00
445 46.6374 126.8672 6 23 7
2  45.0 45.0 0.00
446 13.8796 102.9411 10 22 8
2  45.0 45.0 0.00
447 14.6207 97.7206 7 22 9
2  45.0 45.0 0.00
448 51.5448 88.7501 2 26 9
2  45.0 45.0 0.00
449 46.4751 102.9835 10 21 8
2  45.0 45.0 0.00
450 38.5344 131.1332 1 21 8
2  45.0 45.0 0.00
451 39.7892 75.5495 5 20 8
2  45.0 45.0 0.00
452 35.6564 125.3443 8 25 8
2  45.0 45.0 0.00
453 34.8078 75.8648 1 18 8
2  45.0 45.0 0.00
454 21.6975 128.7868 6 27 7
2  45.0 45.0 0.00
455 9.9551 129.1615 9 16 7
2  45.0 45.0 0.00
456 21.6511 102.6693 8 29 7
2  45.0 45.0 0.00
457 15.4353 75.4275 3 28 6
2  45.0 45.0 0.00
458 12.4961 76.6013 9 27 6
2  45.0 45.0 0.00
459 7.9245 105.9632 6 16 8
2  45.0 45.0 0.00
460 44.0878 90.8617 4 26 5
2  45.0 45.0 0.00
461 42.0454 82.7929 7 15 8
2  45.0 45.0 0.00
462 42.9880 130.8612 4 27 9
2  45.0 45.0 0.00
463 10.9320 128.0099 4 18 6
2  45.0 45.0 0.00
464 32.7849 80.8701 9 28 8
2  45.0 45.0 0.00
465 18.6965 78.1862 4 23 9
2  45.0 45.0 0.00
466 32.4857 122.2601 8 19 5
2  45.0 45.0 0.00
467 6.7664 117.8310 9 27 9
2  45.0 45.0 0.00
468 7.2745 74.6887 5 16 9
2  45.0 45.0 0.00
469 14.2784 88.3689 1 28 9
2  45.0 45.0 0.00
470 12.0830 92.2707 4 26 9
2  45.0 45.0 0.00
471 37.5294 97.0651 8 29 8
2  45.0 45.0 0.00
472 37.7236 109.4363 4 16 5
2  45.0 45.0 0.00
473 51.9378 113.3336 8 24 5
2  45.0 45.0 0.00
474 23.5728 76.1014 4 20 9
2  45.0 45.0 0.00
475 31.3777 132.9180 8 28 8
2  45.0 45.0 0.00
476 5.8891 83.9414 2 25 7
2  45.0 45.0 0.00
477 16.4268 76.3955 6 19 7
2  45.0 45.0 0.00
478 36.7122 119.3963 2 16 7
2  45.0 45.0 0.00
479 26.9109 129.6647 9 16 6
2  45.0 45.0 0.00
480 30.6670 112.0477 2 27 7
2  45.0 45.0 0.00
481 9.4984 129.5560 10 28 6
2  45.0 45.0 0.00
482 37.5978 102.2611 2 19 8
2  45.0 45.0 0.00
483 28.6057 128.5026 3 22 7
2  45.0 45.0 0.00
484 49.1082 93.8650 5 17 9
2  45.0 45.0 0.00
485 34.9093 129.4683 7 27 5
2  45.0 45.0 0.00
486 34.1571 128.2648 3 24 7
2  45.0 45.0 0.00
487 23.3493 92.6268 6 16 8
2  45.0 45.0 0.00
488 19.2968 81.6284 5 16 6
2  45.0 45.0 0.00
489 12.3279 102.3944 6 21 6
2  45.0 45.0 0.00
490 30.6588 98.8141 3 23 8
2  45.0 45.0 0.00
491 13.2796 102.4042 2 15 9
2  45.0 45.0 0.00
492 12.4416 78.5381 4 27 9
2  45.0 45.0 0.00
493 41.5437 122.5001 6 25 5
2  45.0 45.0 0.00
494 12.2500 121.9508 9 28 5
2  45.0 45.0 0.00
495 41.9179 88.4830 2 28 6
2  45.0 45.0 0.00
496 10.4140 101.4936 5 23 8
2  45.0 45.0 0.00
497 12.6454 94.0664 8 28 7
2  45.0 45.0 0.00
498 48.8459 92.2519 4 17 6
2  45.0 45.0 0.00
499 14.6817 89.6876 3 16 8
2  45.0 45.0 0.00
500 21.0779 120.5802 8 20 7
2  45.0 45.0 0.00
501 39.8665 105.2826 2 22 8
2  45.0 45.0 0.00
502 50.3771 108.2578 5 24 7
2  45.0 45.0 0.00
503 38.6969 103.4030 2 16 6
2  45.0 45.0 0.00
504 23.9884 129.9443 4 19 8
2  45.0 45.0 0.00
505 46.2068 112.1946 10 23 9
2  45.0 45.0 0.00
506 28.0115 81.9087 10 18 8
2  45.0 45.0 0.00
507 20.7638 78.7613 1 17 8
2  45.0 45.0 0.00
508 35.7432 125.2766 10 18 5
2  45.0 45.0 0.00
509 19.4643 112.3435 5 24 5
2  45.0 45.0 0.00
510 39.3458 83.0290 6 27 6
2  45.0 45.0 0.00
511 23.6243 103.0384 4 24 7
2  45.0 45.0 0.00
512 7.2043 130.5074 3 24 8
2  45.0 45.0 0.00
513 42.9531 95.8168 10 15 7
2  45.0 45.0 0.00
514 33.8958 92.7560 9 21 6
2  45.0 45.0 0.00
515 30.4246 116.3123 8 19 6
2  45.0 45.0 0.00
516 13.4205 132.8412 7 21 6
2  45.0 45.0 0.00
517 19.6540 92.0534 2 28 6
2  45.0 45.0 0.00
518 45.7318 100.1906 7 25 7
2  45.0 45.0 0.00
519 37.8204 88.1794 9 22 5
2  45.0 45.0 0.00
520 50.4504 108.6809 7 18 6
2  45.0 45.0 0.00
521 22.8825 115.2083 9 22 8
2  45.0 45.0 0.00
522 37.5308 85.5551 8 19 9
2  45.0 45.0 0.00
523 7.3366 104.8222 1 19 7
2  45.0 45.0 0.00
524 27.0753 102.8637 6 26 8
2  45.0 45.0 0.00
525 11.2370 110.2171 10 15 7
2  45.0 45.0 0.00
526 17.7751 87.3406 1 17 8
2  45.0 45.0 0.00
527 33.6865 119.1913 7 16 7
2  45.0 45.0 0.00
528 34.4805 121.0684 8 19 7
2  45.0 45.0 0.00
529 35.2693 81.5531 10 27 6
2  45.0 45.0 0.00
530 11.3019 131.8948 8 28 7
2  45.0 45.0 0.00
531 25.5639 122.2295 2 21 6
2  45.0 45.0 0.00
532 41.8683 111.6295 8 16 7
2  45.0 45.0 0.00
533 25.5803 73.9303 5 23 5
2  45.0 45.0 0.00
534 18.8439 99.8773 5 27 8
2  45.0 45.0 0.00
535 37.0183 86.4731 10 18 8
2  45.0 45.0 0.00
536 4.1094 119.1640 4 25 8
2  45.0 45.0 0.00
537 18.6960 92.3807 9 24 8
2  45.0 45.0 0.00
538 42.6619 91.2945 3 25 8
2  45.0 45.0 0.00
539 52.2892 116.1501 1 25 5
2  45.0 45.0 0.00
540 34.4940 106.5645 6 24 9
2  45.0 45.0 0.00
541 38.9042 82.6179 5 16 7
2  45.0 45.0 0.00
542 14.3364 106.8643 5 25 5
2  45.0 45.0 0.00
543 3.3983 130.2011 8 21 8
2  45.0 45.0 0.00
544 9.4297 93.9488 2 29 9
2  45.0 45.0 0.00
545 3.5984 118.6012 7 16 8
2  45.0 45.0 0.00
546 51.0598 105.5037 10 18 6
2  45.0 45.0 0.00
547 26.1390 79.9143 7 26 5
2  45.0 45.0 0.00
548 10.6811 84.6432 2 16 5
2  45.0 45.0 0.00
549 14.4416 110.6379 10 23 5
2  45.0 45.0 0.00
550 4.6216 89.6989 10 29 9
2  45.0 45.0 0.00
551 17.0367 107.8305 4 25 6
2  45.0 45.0 0.00
552 50.9032 76.4280 5 20 8
2  45.0 45.0 0.00
553 37.2499 94.1903 5 21 7
2  45.0 45.0 0.00
554 47.6364 85.6556 3 19 8
2  45.0 45.0 0.00
555 49.7271 89.1720 1 27 5
2  45.0 45.0 0.00
556 22.2336 82.6455 4 16 8
2  45.0 45.0 0.00
557 37.1441 108.7768 10 19 9
2  45.0 45.0 0.00
558 47.1136 99.8627 4 21 8
2  45.0 45.0 0.00
559 7.8245 123.9806 2 21 8
2  45.0 45.0 0.00
560 46.7830 85.8043 3 17 8
2  45.0 45.0 0.00
561 44.0753 73.1277 2 20 9
2  45.0 45.0 0.00
562 3.5601 118.7788 5 24 9
2  45.0 45.0 0.00
563 42.8652 130.7358 1 23 8
2  45.0 45.0 0.00
564 7.4359 74.6477 8 23 5
2  45.0 45.0 0.00
565 25.2508 120.3194 4 23 7
2  45.0 45.0 0.00
566 7.2433 122.3084 10 17 8
2  45.0 45.0 0.00
567 11.5633 131.4548 6 20 8
2  45.0 45.0 0.00
568 37.0376 88.1984 2 21 7
2  45.0 45.0 0.00
569 8.9646 120.0074 4 22 8
2  45.0 45.0 0.00
570 9.7113 90.7234 4 26 9
2  45.0 45.0 0.00
571 45.4099 113.0928 3 17 6
2  45.0 45.0 0.00
572 4.6425 98.5678 7 28 9
2  45.0 45.0 0.00
573 12.4697 110.5090 4 29 6
2  45.0 45.0 0.00
574 44.1529 110.7188 10 27 8
2  45.0 45.0 0.00
575 44.7706 107.8942 2 17 8
2  45.0 45.0 0.00
576 36.0780 90.2492 3 29 5
2  45.0 45.0 0.00
577 42.4738 78.0125 8 18 7
2  45.0 45.0 0.00
578 28.1526 121.3176 7 29 5
2  45.0 45.0 0.00
579 15.7312 93.1586 1 22 5
2  45.0 45.0 0.00
580 27.7071 122.4463 2 16 8
2  45.0 45.0 0.00
581 28.2789 98.7657 6 16 8
2  45.0 45.0 0.00
582 16.3315 104.8744 4 23 5
2  45.0 45.0 0.00
583 40.2681 101.2305 10 28 5
2  45.0 45.0 0.00
584 8.2927 95.0936 6 21 8
2  45.0 45.0 0.00
585 3.8882 114.4908 5 27 7
2  45.0 45.0 0.00
586 27.9717 79.3767 9 16 7
2  45.0 45.0 0.00
587 44.8727 84.0410 8 18 7
2  45.0 45.0 0.00
588 21.0024 130.2290 3 22 5
2  45.0 45.0 0.00
589 51.5906 89.1945 5 26 5
2  45.0 45.0 0.00
590 42.2058 100.8854 4 19 7
2  45.0 45.0 0.00
591 9.2957 94.6008 1 20 6
2  45.0 45.0 0.00
592 43.7033 108.7025 6 23 9
2  45.0 45.0 0.00
593 11.0175 98.6126 9 16 6
2  45.0 45.0 0.00
594 31.0673 86.6032 2 20 9
2  45.0 45.0 0.00
595 10.6018 125.4502 3 20 6
2  45.0 45.0 0.00
596 40.3928 127.3231 5 26 6
2  45.0 45.0 0.00
597 4.7339 122.5958 1 24 6
2  45.0 45.0 0.00
598 26.8720 121.1830 7 29 9
2  45.0 45.0 0.00
599 41.2503 94.8737 5 23 6
2  45.0 45.0 0.00
600 30.2468 83.4098 3 20 9
2  45.0 45.0 0.00
601 30.8698 77.9906 8 20 6
2  45.0 45.0 0.00
602 15.5873 74.0166 10 16 9
2  45.0 45.0 0.00
603 48.4340 120.8223 8 20 9
2  45.0 45.0 0.00
604 19.6877 119.1389 9 26 8
2  45.0 45.0 0.00
605 40.9148 90.3564 7 21 7
2  45.0 45.0 0.00
606 42.3737 89.7736 5 16 5
2  45.0 45.0 0.00
607 31.7179 104.1355 9 28 7
2  45.0 45.0 0.00
608 50.5751 101.3868 6 21 7
2  45.0 45.0 0.00
609 26.0248 117.1610 4 15 5
2  45.0 45.0 0.00
610 51.3984 132.5842 6 26 7
2  45.0 45.0 0.00
611 41.7977 98.6390 10 24 5
2  45.0 45.0 0.00
612 16.4061 112.1516 1 28 8
2  45.0 45.0 0.00
613 51.6093 128.2058 2 15 9
2  45.0 45.0 0.00
614 22.4878 125.6609 3 28 6
2  45.0 45.0 0.00
615 46.0320 92.8880 9 19 7
2  45.0 45.0 0.00
616 4.1140 86.4694 3 19 9
2  45.0 45.0 0.00
617 42.7203 103.3059 5 25 5
2  45.0 45.0 0.00
618 10.3521 127.4027 2 25 7
2  45.0 45.0 0.00
619 17.9487 108.4290 3 25 6
2  45.0 45.0 0.00
620 30.0200 117.0818 5 16 9
2  45.0 45.0 0.00
621 7.5143 77.6786 2 22 7
2  45.0 45.0 0.00
622 25.2244 78.6800 1 18 9
2  45.0 45.0 0.00
623 5.1816 95.9173 10 29 6
2  45.0 45.0 0.00
624 26.3543 86.7608 4 27 9
2  45.0 45.0 0.00
625 27.1522 82.4005 1 21 5
2  45.0 45.0 0.00
626 16.5079 112.1947 6 16 9
2  45.0 45.0 0.00
627 17.3791 81.6176 7 19 8
2  45.0 45.0 0.00
628 38.8214 74.7327 5 17 5
2  45.0 45.0 0.00
629 5.6188 114.7042 7 26 7
2  45.0 45.0 0.00
630 48.8510 110.9223 3 21 9
2  45.0 45.0 0.00
631 18.5526 126.0777 10 18 9
2  45.0 45.0 0.00
632 49.6806 109.9730 7 21 9
2  45.0 45.0 0.00
633 42.5622 74.5788 8 18 6
2  45.0 45.0 0.00
634 48.0003 76.2979 7 17 9
2  45.0 45.0 0.00
635 24.9104 76.3645 7 26 6
2  45.0 45.0 0.00
636 42.3987 97.8530 1 29 9
2  45.0 45.0 0.00
637 34.9060 87.4720 7 17 5
2  45.0 45.0 0.00
638 23.1477 129.0336 4 21 5
2  45.0 45.0 0.00
639 8.0106 108.8267 5 18 6
2  45.0 45.0 0.00
640 4.3031 101.9505 9 21 8
2  45.0 45.0 0.00
641 46.1028 99.4523 4 23 6
2  45.0 45.0 0.00
642 15.7489 80.9191 5 15 9
2  45.0 45.0 0.00
643 28.9698 110.6202 9 23 6
2  45.0 45.0 0.00
644 30.5022 125.0460 2 17 9
2  45.0 45.0 0.00
645 51.3056 109.1262 3 16 6
2  45.0 45.0 0.00
646 45.0548 121.6378 6 21 6
2  45.0 45.0 0.00
647 18.2733 131.2542 10 18 7
2  45.0 45.0 0.00
648 12.8624 114.5501 9 28 7
2  45.0 45.0 0.00
649 16.5484 128.6195 2 23 6
2  45.0 45.0 0.00
650 26.6604 132.9789 10 29 5
2  45.0 45.0 0.00
651 10.9315 93.0773 4 22 7
2  45.0 45.0 0.00
652 15.9976 93.5870 4 17 8
2  45.0 45.0 0.00
653 25.2174 114.5862 7 25 9
2  45.0 45.0 0.00
654 30.4246 98.0278 6 16 7
2  45.0 45.0 0.00
655 45.8771 131.7778 10 23 9
2  45.0 45.0 0.00
656 4.9559 73.3778 1 28 7
2  45.0 45.0 0.00
657 45.0723 122.2231 1 19 9
2  45.0 45.0 0.00
658 51.5422 100.5032 9 25 5
2  45.0 45.0 0.00
659 45.7066 105.2757 6 17 9
2  45.0 45.0 0.00
660 31.8932 87.7519 7 25 8
2  45.0 45.0 0.00
661 5.8039 128.5804 5 23 6
2  45.0 45.0 0.00
662 11.9500 118.3129 5 25 7
2  45.0 45.0 0.00
663 15.6827 100.1729 4 25 8
2  45.0 45.0 0.00
664 34.1982 98.3461 9 25 5
2  45.0 45.0 0.00
665 7.5052 114.7808 7 28 9
2  45.0 45.0 0.00
666 18.9807 122.4832 1 24 5
2  45.0 45.0 0.00
667 42.6627 89.5917 5 18 5
2  45.0 45.0 0.00
668 48.7554 89.4859 1 15 7
2  45.0 45.0 0.00
669 13.7814 118.7978 7 18 9
2  45.0 45.0 0.00
670 23.0625 122.6594 3 22 5
2  45.0 45.0 0.00
671 10.7715 106.8100 1 25 5
2  45.0 45.0 0.00
672 20.9866 74.9887 4 24 5
2  45.0 45.0 0.00
673 20.7139 78.3511 2 23 5
2  45.0 45.0 0.00
674 51.8564 84.3846 6 25 8
2  45.0 45.0 0.00
675 20.4600 95.3008 9 17 6
2  45.0 45.0 0.00
676 19.3404 99.7221 4 15 7
2  45.0 45.0 0.00
677 27.5978 93.2636 7 23 5
2  45.0 45.0 0.00
678 14.4877 107.8248 3 18 8
2  45.0 45.0 0.00
679 47.0981 110.3890 7 28 6
2  45.0 45.0 0.00
680 9.3221 85.9967 3 18 6
2  45.0 45.0 0.00
681 13.5753 82.6212 4 27 6
2  45.0 45.0 0.00
682 42.1875 97.6255 7 19 8
2  45.0 45.0 0.00
683 48.7181 73.9090 10 15 7
2  45.0 45.0 0.00
684 3.8276 104.3728 7 21 8
2  45.0 45.0 0.00
685 22.8357 129.6472 3 29 5
2  45.0 45.0 0.00
686 39.3024 99.8003 1 26 5
2  45.0 45.0 0.00
687 8.5098 86.3668 3 24 6
2  45.0 45.0 0.00
688 19.5802 103.5848 5 20 7
2  45.0 45.0 0.00
689 43.9664 88.8741 6 24 8
2  45.0 45.0 0.00
690 46.3406 107.1144 8 22 8
2  45.0 45.0 0.00
691 33.1781 119.3963 3 22 5
2  45.0 45.0 0.00
692 16.3692 86.4874 10 27 5
2  45.0 45.0 0.00
693 19.8540 111.2072 10 18 6
2  45.0 45.0 0.00
694 37.5792 94.6412 9 26 9
2  45.0 45.0 0.00
695 28.3403 82.4651 4 15 6
2  45.0 45.0 0.00
696 9.6073 92.3236 5 17 6
2  45.0 45.0 0.00
697 10.8738 130.2694 2 15 8
2  45.0 45.0 0.00
698 19.8462 117.5553 7 23 6
2  45.0 45.0 0.00
699 8.3407 114.4970 3 17 7
2  45.0 45.0 0.00
700 12.1271 74.7932 2 18 9
2  45.0 45.0 0.00
701 28.3063 120.4715 1 23 6
2  45.0 45.0 0.00
702 25.2905 117.2453 8 18 8
2  45.0 45.0 0.00
703 50.2662 75.1928 8 23 5
2  45.0 45.0 0.00
704 22.1295 108.0809 9 21 8
2  45.0 45.0 0.00
705 50.4497 120.2708 6 21 8
2  45.0 45.0 0.00
706 43.7594 131.6330 3 23 5
2  45.0 45.0 0.00
707 8.1129 76.3630 3 19 6
2  45.0 45.0 0.00
708 21.3142 97.8234 7 24 5
2  45.0 45.0 0.00
709 32.9752 103.1536 3 29 7
2  45.0 45.0 0.00
710 6.5133 81.9117 3 17 8
2  45.0 45.0 0.00
711 32.8930 108.6289 8 23 6
2  45.0 45.0 0.00
712 38.9140 95.0729 1 27 5
2  45.0 45.0 0.00
713 26.4297 81.3550 10 17 6
2  45.0 45.0 0.00
714 47.4637 116.2840 7 19 6
2  45.0 45.0 0.00
715 51.4433 128.6690 5 21 7
2  45.0 45.0 0.00
716 25.3217 123.0428 10 27 7
2  45.0 45.0 0.00
717 36.3330 122.8900 2 29 6
2  45.0 45.0 0.00
718 28.4222 101.9287 7 29 5
2  45.0 45.0 0.00
719 52.9201 109.6206 10 22 5
2  45.0 45.0 0.00
720 26.0127 93.2521 8 24 9
2  45.0 45.0 0.00
721 20.4433 123.2357 4 26 5
2  45.0 45.0 0.00
722 36.5022 83.8363 9 16 6
2  45.0 45.0 0.00
723 47.2116 103.4596 7 20 5
2  45.0 45.0 0.00
724 34.8547 82.9854 3 28 8
2  45.0 45.0 0.00
725 23.3564 117.5231 2 17 7
2  45.0 45.0 0.00
726 20.9262 99.8025 5 20 8
2  45.0 45.0 0.00
727 8.4450 86.1548 5 29 5
2  45.0 45.0 0.00
728 44.4699 77.6173 9 26 7
2  45.0 45.0 0.00
729 19.3919 95.9324 1 23 7
2  45.0 45.0 0.00
730 27.5371 89.5386 1 21 8
2  45.0 45.0 0.00
731 17.6915 100.8966 2 29 8
2  45.0 45.0 0.00
732 33.3407 112.8151 10 19 8
2  45.0 45.0 0.00
733 14.1668 122.7817 5 20 9
2  45.0 45.0 0.00
734 36.2493 104.3084 6 18 6
2  45.0 45.0 0.00
735 31.0070 95.3736 5 20 8
2  45.0 45.0 0.00
736 4.2461 82.6423 9 25 7
2  45.0 45.0 0.00
737 7.1440 132.5283 10 23 8
2  45.0 45.0 0.00
738 35.1978 88.6761 2 19 5
2  45.0 45.0 0.00
739 11.2907 120.2927 2 15 5
2  45.0 45.0 0.00
740 27.9072 73.4015 8 24 9
2  45.0 45.0 0.00
741 51.4468 74.8118 4 18 6
2  45.0 45.0 0.00
742 49.0468 77.2650 6 19 9
2  45.0 45.0 0.00
743 25.3055 131.7825 10 27 8
2  45.0 45.0 0.00
744 14.5599 87.8313 4 26 8
2  45.0 45.0 0.00
745 23.1859 86.8024 9 16 5
2  45.0 45.0 0.00
746 41.5964 91.6606 3 20 9
2  45.0 45.0 0.00
747 3.9115 102.9892 4 25 5
2  45.0 45.0 0.00
748 5.6342 118.8254 10 19 5
2  45.0 45.0 0.00
749 31.6436 129.8785 3 21 5
2  45.0 45.0 0.00
750 12.3053 128.4481 8 19 8
2  45.0 45.0 0.00
751 15.5478 87.5889 6 28 5
2  45.0 45.0 0.00
752 39.9448 127.1021 10 17 5
2  45.0 45.0 0.00
753 33.4963 115.0465 8 21 7
2  45.0 45.0 0.00
754 50.3145 87.8040 10 27 8
2  45.0 45.0 0.00
755 26.3721 131.1149 4 25 7
2  45.0 45.0 0.00
756 25.7871 119.7953 4 29 6
2  45.0 45.0 0.00
757 45.3896 74.4321 2 25 6
2  45.0 45.0 0.00
758 41.7541 107.5413 2 25 5
2  45.0 45.0 0.00
759 10.5491 107.0817 3 19 6
2  45.0 45.0 0.00
760 46.6048 102.4340 7 29 6
2  45.0 45.0 0.00
761 49.9687 79.5146 9 22 6
2  45.0 45.0 0.00
762 17.1187 105.3560 1 21 8
2  45.0 45.0 0.00
763 50.9487 129.5668 6 28 9
2  45.0 45.0 0.00
764 32.3029 131.9031 10 17 6
2  45.0 45.0 0.00
765 21.5300 107.1832 2 26 7
2  45.0 45.0 0.00
766 47.9706 114.7113 2 21 9
2  45.0 45.0 0.00
767 51.2588 122.0293 5 25 7
2  45.0 45.0 0.00
768 39.9608 104.4096 2 20 6
2  45.0 45.0 0.00
769 14.7908 80.5322 9 29 7
2  45.0 45.0 0.00
770 13.4101 112.4518 3 20 6
2  45.0 45.0 0.00
771 47.5188 92.8863 1 23 5
2  45.0 45.0 0.00
772 21.4826 95.1462 5 29 5
2  45.0 45.0 0.00
773 32.3593 79.8799 2 24 6
2  45.0 45.0 0.00
774 10.0910 86.4570 6 21 8
2  45.0 45.0 0.00
775 6.1283 108.6579 2 29 7
2  45.0 45.0 0.00
776 15.2532 110.5961 10 17 6
2  45.0 45.0 0.00
777 15.0941 91.8656 10 16 8
2  45.0 45.0 0.00
778 34.6869 87.3040 6 24 5
2  45.0 45.0 0.00
779 21.5056 106.6488 9 18 5
2  45.0 45.0 0.00
780 9.0576 102.7910 3 24 5
2  45.0 45.0 0.00
781 52.1959 86.8674 2 24 5
2  45.0 45.0 0.00
782 17.8039 95.8257 1 15 5
2  45.0 45.0 0.00
783 40.1525 84.3415 2 25 6
2  45.0 45.0 0.00
784 16.6380 75.2052 10 28 8
2  45.0 45.0 0.00
785 48.1710 108.5287 10 20 9
2  45.0 45.0 0.00
786 28.0876 95.1927 9 29 6
2  45.0 45.0 0.00
787 40.4274 131.0443 8 17 5
2  45.0 45.0 0.00
788 3.5380 112.1854 10 28 8
2  45.0 45.0 0.00
789 15.6655 86.3613 3 21 9
2  45.0 45.0 0.00
790 12.0543 123.7436 1 15 5
2  45.0 45.0 0.00
791 7.2199 110.3105 10 29 5
2  45.0 45.0 0.00
792 22.5886 124.4965 3 26 6
2  45.0 45.0 0.00
793 49.3100 99.8074 6 25 6
2  45.0 45.0 0.00
794 41.7822 74.0098 5 24 6
2  45.0 45.0 0.00
795 33.9835 79.7294 10 16 7
2  45.0 45.0 0.00
796 37.0366 80.6869 7 22 9
2  45.0 45.0 0.00
797 35.8013 93.8816 7 27 6
2  45.0 45.0 0.00
798 9.3354 74.9520 8 16 9
2  45.0 45.0 0.00
799 10.6243 127.4572 6 23 6
2  45.0 45.0 0.00
800 43.3260 105.1746 4 16 7
2  45.0 45.0 0.00
801 11.2128 86.7972 3 26 5
2  45.0 45.0 0.00
802 51.6121 102.8373 4 22 7
2  45.0 45.0 0.00
803 16.1828 94.2109 6 28 8
2  45.0 45.0 0.00
804 31.9087 107.8992 9 19 8
2  45.0 45.0 0.00
805 40.1556 129.0846 4 26 8
2  45.0 45.0 0.00
806 38.6025 104.0569 8 28 5
2  45.0 45.0 0.00
807 10.2245 75.1057 9 16 7
2  45.0 45.0 0.00
808 24.3036 106.1339 5 26 5
2  45.0 45.0 0.00
809 34.4710 106.5082 8 24 6
2  45.0 45.0 0.00
810 42.9485 74.0509 4 28 7
2  45.0 45.0 0.00
811 14.2433 86.0826 8 21 5
2  45.0 45.0 0.00
812 14.4756 101.1182 6 17 6
2  45.0 45.0 0.00
813 25.7314 110.2232 7 20 7
2  45.0 45.0 0.00
814 14.4281 89.7953 5 19 6
2  45.0 45.0 0.00
815 4.2971 123.8148 5 19 9
2  45.0 45.0 0.00
816 12.2321 89.6979 7 22 6
2  45.0 45.0 0.00
817 37.7267 109.6572 10 22 6
2  45.0 45.0 0.00
818 49.3223 109.0229 7 29 5
2  45.0 45.0 0.00
819 50.8717 96.8648 3 20 6
2  45.0 45.0 0.00
820 3.4516 85.4738 3 16 9
2  45.0 45.0 0.00
821 28.9524 114.8747 1 25 9
2  45.0 45.0 0.00
822 21.8976 128.6042 8 22 7
2  45.0 45.0 0.00
823 50.5607 132.8588 4 27 6
2  45.0 45.0 0.00
824 45.1837 81.6816 10 29 9
2  45.0 45.0 0.00
825 34.4090 92.6370 5 19 9
2  45.0 45.0 0.00
826 34.4097 100.4169 5 28 8
2  45.0 45.0 0.00
827 51.8372 84.3730 7 24 6
2  45.0 45.0 0.00
828 52.8311 127.8552 5 22 8
2  45.0 45.0 0.00
829 52.9855 78.0112 3 22 8
2  45.0 45.0 0.00
830 50.9894 106.8094 3 15 7
2  45.0 45.0 0.00
831 46.2169 86.3003 5 17 6
2  45.0 45.0 0.00
832 12.5883 97.4237 5 26 7
2  45.0 45.0 0.00
833 49.0502 74.9817 2 28 8
2  45.0 45.0 0.00
834 41.0832 96.8409 4 24 9
2  45.0 45.0 0.00
835 49.4711 111.9901 10 20 8
2  45.0 45.0 0.00
836 30.2330 121.8882 5 24 8
2  45.0 45.0 0.00
837 6.2352 98.5064 6 21 5
2  45.0 45.0 0.00
838 40.7537 75.1252 9 18 8
2  45.0 45.0 0.00
839 32.4781 83.7465 3 29 7
2  45.0 45.0 0.00
840 51.3341 84.9205 4 26 6
2  45.0 45.0 0.00
841 31.1220 130.4162 6 17 7
2  45.0 45.0 0.00
842 13.7252 124.9956 6 22 9
2  45.0 45.0 0.00
843 21.8482 120.2714 10 16 5
2  45.0 45.0 0.00
844 27.7949 109.1289 1 25 9
2  45.0 45.0 0.00
845 39.3123 83.4729 7 27 8
2  45.0 45.0 0.00
846 40.5157 113.3722 4 27 6
2  45.0 45.0 0.00
847 20.2993 77.2431 6 19 5
2  45.0 45.0 0.00
848 8.3884 90.0272 10 28 8
2  45.0 45.0 0.00
849 47.4240 106.6469 6 20 9
2  45.0 45.0 0.00
850 43.0853 79.4997 9 29 7
2  45.0 45.0 0.00
851 21.2266 103.2214 9 26 8
2  45.0 45.0 0.00
852 22.3946 79.8246 9 22 5
2  45.0 45.0 0.00
853 30.0816 75.2592 8 16 6
2  45.0 45.0 0.00
854 18.3122 100.5959 6 29 5
2  45.0 45.0 0.00
855 13.6056 114.7574 10 15 6
2  45.0 45.0 0.00
856 11.2732 123.1459 8 29 8
2  45.0 45.0 0.00
857 35.0992 115.6392 6 20 7
2  45.0 45.0 0.00
858 45.1147 90.2564 2 24 6
2  45.0 45.0 0.00
859 52.7012 118.4291 6 25 9
2  45.0 45.0 0.00
860 45.5414 98.8908 1 29 6
2  45.0 45.0 0.00
861 20.0886 82.9834 6 28 7
2  45.0 45.0 0.00
862 36.4288 102.1498 7 21 9
2  45.0 45.0 0.00
863 30.6064 79.8534 7 27 8
2  45.0 45.0 0.00
864 44.5490 114.6731 2 24 5
2  45.0 45.0 0.00
865 3.9319 120.8800 8 24 7
2  45.0 45.0 0.00
866 25.7481 130.9522 10 16 6
2  45.0 45.0 0.00
867 39.6976 124.2519 9 25 5
2  45.0 45.0 0.00
868 26.7797 122.3482 3 26 9
2  45.0 45.0 0.00
869 20.8232 125.3526 5 25 8
2  45.0 45.0 0.00
870 46.9900 129.7797 1 16 8
2  45.0 45.0 0.00
871 10.8138 121.5636 3 26 7
2  45.0 45.0 0.00
872 30.1886 105.6406 6 20 8
2  45.0 45.0 0.00
873 38.1353 95.9603 2 16 5
2  45.0 45.0 0.00
874 37.8965 96.0807 10 25 7
2  45.0 45.0 0.00
875 3.4255 127.2852 7 26 8
2  45.0 45.0 0.00
876 10.3048 76.9152 4 29 7
2  45.0 45.0 0.00
877 28.4317 124.9009 1 19 5
2  45.0 45.0 0.00
878 49.2279 77.0547 8 17 7
2  45.0 45.0 0.00
879 49.5793 100.3302 7 17 8
2  45.0 45.0 0.00
880 51.6897 119.4545 8 25 8
2  45.0 45.0 0.00
881 27.7561 88.5213 4 25 5
2  45.0 45.0 0.00
882 15.5761 77.0985 3 16 5
2  45.0 45.0 0.00
883 26.9260 108.8424 5 27 7
2  45.0 45.0 0.00
884 44.8845 77.4266 7 15 6
2  45.0 45.0 0.00
885 34.5175 84.6222 10 17 8
2  45.0 45.0 0.00
886 30.6503 116.7848 8 15 9
2  45.0 45.0 0.00
887 21.5926 95.5424 5 17 6
2  45.0 45.0 0.00
888 15.4972 84.2971 6 17 9
2  45.0 45.0 0.00
889 45.8125 131.9330 5 15 5
2  45.0 45.0 0.00
890 19.7106 109.5439 2 24 5
2  45.0 45.0 0.00
891 48.0008 119.3437 10 20 8
2  45.0 45.0 0.00
892 18.0710 80.2146 7 28 7
2  45.0 45.0 0.00
893 29.0887 75.2268 7 17 8
2  45.0 45.0 0.00
894 8.1407 97.9969 1 24 9
2  45.0 45.0 0.00
895 35.4703 127.8579 5 16 9
2  45.0 45.0 0.00
896 35.4067 82.9815 2 15 7
2  45.0 45.0 0.00
897 50.1971 79.6495 4 29 9
2  45.0 45.0 0.00
898 32.9729 132.9794 6 21 7
2  45.0 45.0 0.00
899 9.4851 89.4611 3 25 6
2  45.0 45.0 0.00
