s4
0
 2013 04 20 01 16 23.888     2013 04 20 01 20   .188     216.3
 2013 04 20 18 22 12.386     2013 04 20 18 25 23.899     191.5
1
 2013 04 20 04 05 27.417     2013 04 20 04 08 17.688     170.3
2
 2013 04 20 00 02 31.144     2013 04 20 00 03  6.982      35.8
 2013 04 20 11 47 18.125     2013 04 20 11 49 57.252     159.1
 2013 04 20 23 43 33.387     2013 04 20 23 44  8.480      35.1
3
4
 2013 04 20 03 08 40.837     2013 04 20 03 11 56.961     196.1
 2013 04 20 14 57 21.974     2013 04 20 15 00  2.783     160.8
5
 2013 04 20 02 37  4.581     2013 04 20 02 40 13.230     188.6
 2013 04 20 04 14 52.254     2013 04 20 04 18 47.111     234.9
 2013 04 20 07 32 14.979     2013 04 20 07 35 54.248     219.3
 2013 04 20 09 10 26.168     2013 04 20 09 13 56.184     210.0
6
 2013 04 20 04 46  8.457     2013 04 20 04 48 44.340     155.9
7
 2013 04 20 03 50 35.729     2013 04 20 03 53  1.877     146.1
8
 2013 04 20 07 51 59.330     2013 04 20 07 54 34.390     155.1
 2013 04 20 19 43  5.533     2013 04 20 19 45 46.353     160.8
9
 2013 04 20 10 13 39.352     2013 04 20 10 16 59.850     200.5
 2013 04 20 22 06  4.129     2013 04 20 22 08 39.765     155.6
10
11
 2013 04 20 01 37 27.911     2013 04 20 01 40 59.866     212.0
12
 2013 04 20 19 45 17.484     2013 04 20 19 47 18.878     121.4
13
 2013 04 20 18 21 18.099     2013 04 20 18 25  1.712     223.6
14
15
 2013 04 20 11 17 50.783     2013 04 20 11 20 43.937     173.2
 2013 04 20 17 52 57.623     2013 04 20 17 55 54.637     177.0
16
 2013 04 20 17 58   .668     2013 04 20 18 01 30.641     210.0
17
 2013 04 20 07 47 45.240     2013 04 20 07 47 47.952       2.7
18
19
 2013 04 20 14 26 26.384     2013 04 20 14 27 37.073      70.7
 2013 04 20 21 03 23.713     2013 04 20 21 06  6.267     162.6
20
 2013 04 20 02 54 51.153     2013 04 20 02 57 27.799     156.6
 2013 04 20 18 19 43.469     2013 04 20 18 23 33.672     230.2
21
 2013 04 20 04 31 22.480     2013 04 20 04 32  7.906      45.4
 2013 04 20 19 55 20.814     2013 04 20 19 56 11.424      50.6
22
 2013 04 20 13 39 43.323     2013 04 20 13 42 39.476     176.2
 2013 04 20 20 15 15.031     2013 04 20 20 17 56.603     161.6
23
 2013 04 20 04 55 35.688     2013 04 20 04 58 57.175     201.5
 2013 04 20 13 12  4.487     2013 04 20 13 15 53.881     229.4
24
 2013 04 20 08 40 36.315     2013 04 20 08 43 53.805     197.5
 2013 04 20 20 29 45.892     2013 04 20 20 30 32.965      47.1
25
 2013 04 20 00 11 40.104     2013 04 20 00 14 23.061     163.0
 2013 04 20 08 27 19.189     2013 04 20 08 30 53.654     214.5
26
 2013 04 20 14 01  3.337     2013 04 20 14 04 18.447     195.1
27
 2013 04 20 06 13 53.123     2013 04 20 06 15 14.293      81.2
 2013 04 20 19 47 51.082     2013 04 20 19 50 41.421     170.3
28
 2013 04 20 16 23 18.186     2013 04 20 16 26 20.179     182.0
29
30
 2013 04 20 14 55 37.205     2013 04 20 14 59 22.277     225.1
31
 2013 04 20 14 29 17.520     2013 04 20 14 32 13.581     176.1
 2013 04 20 19 25  4.711     2013 04 20 19 27 50.049     165.3
32
 2013 04 20 09 42 32.625     2013 04 20 09 45 19.045     166.4
 2013 04 20 16 17 27.990     2013 04 20 16 20  9.777     161.8
33
34
 2013 04 20 06 11 44.365     2013 04 20 06 14 51.946     187.6
 2013 04 20 19 49 17.831     2013 04 20 19 50 11.796      54.0
35
 2013 04 20 09 43  7.596     2013 04 20 09 45 48.443     160.8
 2013 04 20 16 17 43.019     2013 04 20 16 20 38.827     175.8
36
 2013 04 20 18 03 15.938     2013 04 20 18 06 11.911     176.0
37
 2013 04 20 11 11 20.951     2013 04 20 11 14 11.974     171.0
38
 2013 04 20 12 40 58.459     2013 04 20 12 43 35.580     157.1
39
 2013 04 20 23 01 16.512     2013 04 20 23 03 55.584     159.1
40
 2013 04 20 00 16 55.383     2013 04 20 00 17 16.066      20.7
 2013 04 20 05 13 43.500     2013 04 20 05 16 26.888     163.4
 2013 04 20 22 20 11.014     2013 04 20 22 23 33.206     202.2
41
 2013 04 20 02 38 25.125     2013 04 20 02 41 17.671     172.5
 2013 04 20 07 34 15.413     2013 04 20 07 37 13.897     178.5
42
 2013 04 20 23 37 40.915     2013 04 20 23 40 22.783     161.9
43
 2013 04 20 09 23 42.206     2013 04 20 09 27  1.154     198.9
44
 2013 04 20 16 34 53.550     2013 04 20 16 38   .534     187.0
45
 2013 04 20 21 15 23.560     2013 04 20 21 18 37.282     193.7
46
47
 2013 04 20 18 05 45.082     2013 04 20 18 08 35.830     170.7
48
 2013 04 20 01 19 25.226     2013 04 20 01 22  1.968     156.7
49
50
51
 2013 04 20 10 12  2.208     2013 04 20 10 15 35.864     213.7
52
 2013 04 20 09 21 38.194     2013 04 20 09 24 22.757     164.6
 2013 04 20 22 57 43.509     2013 04 20 23 01 17.622     214.1
53
 2013 04 20 09 26 33.686     2013 04 20 09 30  5.285     211.6
 2013 04 20 21 16 28.635     2013 04 20 21 19 23.537     174.9
54
 2013 04 20 04 55 14.934     2013 04 20 04 58  7.061     172.1
 2013 04 20 13 11 14.630     2013 04 20 13 14  4.185     169.6
55
 2013 04 20 12 04 54.139     2013 04 20 12 07 57.252     183.1
 2013 04 20 18 40 37.966     2013 04 20 18 43 18.351     160.4
56
 2013 04 20 04 35 42.709     2013 04 20 04 38 27.064     164.4
 2013 04 20 18 14 39.070     2013 04 20 18 17 23.906     164.8
57
 2013 04 20 03 51 44.128     2013 04 20 03 52 17.160      33.0
 2013 04 20 17 26   .924     2013 04 20 17 28 47.663     166.7
58
 2013 04 20 04 38 24.162     2013 04 20 04 39 12.549      48.4
59
 2013 04 20 19 45 57.322     2013 04 20 19 48 37.075     159.8
60
 2013 04 20 00 04 13.773     2013 04 20 00 07 35.160     201.4
 2013 04 20 10 06 30.778     2013 04 20 10 10 13.949     223.2
61
 2013 04 20 10 24 27.712     2013 04 20 10 27 48.928     201.2
62
 2013 04 20 04 39 45.864     2013 04 20 04 43  5.717     199.9
63
64
 2013 04 20 11 47 21.904     2013 04 20 11 50  1.690     159.8
65
 2013 04 20 14 09  3.202     2013 04 20 14 11 38.796     155.6
66
 2013 04 20 07 51 57.160     2013 04 20 07 55  3.286     186.1
 2013 04 20 19 43 39.791     2013 04 20 19 46 20.902     161.1
67
 2013 04 20 01 02 56.196     2013 04 20 01 03 15.628      19.4
 2013 04 20 09 12 31.792     2013 04 20 09 12 58.505      26.7
68
69
 2013 04 20 05 17 28.993     2013 04 20 05 21  4.810     215.8
 2013 04 20 20 43 19.502     2013 04 20 20 45 59.505     160.0
70
71
 2013 04 20 03 06 21.132     2013 04 20 03 07 18.947      57.8
 2013 04 20 15 00 30.385     2013 04 20 15 03  9.516     159.1
72
73
 2013 04 20 05 19  5.034     2013 04 20 05 22 16.639     191.6
 2013 04 20 20 40 51.073     2013 04 20 20 44 10.420     199.3
74
 2013 04 20 02 33 45.060     2013 04 20 02 37 13.740     208.7
 2013 04 20 10 49 48.438     2013 04 20 10 49 56.181       7.7
75
 2013 04 20 04 31 23.334     2013 04 20 04 34 32.438     189.1
 2013 04 20 19 55 13.801     2013 04 20 19 58 30.597     196.8
76
 2013 04 20 21 21 12.622     2013 04 20 21 23 53.877     161.3
77
 2013 04 20 07 47 34.350     2013 04 20 07 51 16.780     222.4
78
 2013 04 20 09 32 51.162     2013 04 20 09 33 25.318      34.2
 2013 04 20 19 37 29.797     2013 04 20 19 40 13.802     164.0
79
 2013 04 20 04 58 26.114     2013 04 20 05 01 38.226     192.1
 2013 04 20 11 34 23.698     2013 04 20 11 37  7.293     163.6
80
 2013 04 20 08 05 40.811     2013 04 20 08 05 53.076      12.3
81
82
 2013 04 20 06 32 32.959     2013 04 20 06 35 24.279     171.3
 2013 04 20 13 08 35.033     2013 04 20 13 11 32.501     177.5
83
 2013 04 20 19 37 59.936     2013 04 20 19 41 43.173     223.2
84
 2013 04 20 04 05 44.888     2013 04 20 04 08 28.966     164.1
85
86
 2013 04 20 10 05  2.255     2013 04 20 10 07 58.272     176.0
87
 2013 04 20 03 44 57.414     2013 04 20 03 46 28.909      91.5
88
 2013 04 20 01 39  1.741     2013 04 20 01 42 43.003     221.3
 2013 04 20 11 43 45.537     2013 04 20 11 46 24.485     158.9
89
 2013 04 20 02 29  9.501     2013 04 20 02 31 56.403     166.9
 2013 04 20 12 28 38.581     2013 04 20 12 28 43.331       4.7
90
 2013 04 20 09 20 37.817     2013 04 20 09 24 20.315     222.5
 2013 04 20 22 57 36.861     2013 04 20 23 00 19.512     162.7
91
 2013 04 20 16 03 37.293     2013 04 20 16 07 13.194     215.9
 2013 04 20 21 00  9.089     2013 04 20 21 03  7.096     178.0
92
 2013 04 20 12 50 57.044     2013 04 20 12 51 36.762      39.7
 2013 04 20 14 29  8.879     2013 04 20 14 32 59.641     230.8
 2013 04 20 19 25 49.809     2013 04 20 19 28 35.814     166.0
93
 2013 04 20 07 57 57.569     2013 04 20 08 01  8.630     191.1
 2013 04 20 18 00 20.760     2013 04 20 18 04  1.542     220.8
94
95
 2013 04 20 03 22 21.182     2013 04 20 03 25 12.490     171.3
 2013 04 20 09 58 32.989     2013 04 20 10 02 28.400     235.4
96
 2013 04 20 00 05 25.766     2013 04 20 00 08  4.030     158.3
 2013 04 20 10 07 47.584     2013 04 20 10 10 26.338     158.8
97
 2013 04 20 00 59 11.692     2013 04 20 01 01 50.872     159.2
 2013 04 20 09 14 17.173     2013 04 20 09 17 47.789     210.6
98
 2013 04 20 02 51 40.514     2013 04 20 02 54 46.816     186.3
 2013 04 20 19 57 28.328     2013 04 20 20 00 23.642     175.3
99
 2013 04 20 00 29 40.962     2013 04 20 00 32 32.030     171.1
 2013 04 20 17 35 36.919     2013 04 20 17 38 37.709     180.8
100
 2013 04 20 12 44 34.961     2013 04 20 12 44 51.251      16.3
101
 2013 04 20 06 17 39.832     2013 04 20 06 20 27.298     167.5
 2013 04 20 18 08 28.781     2013 04 20 18 11 12.852     164.1
102
 2013 04 20 11 07 51.104     2013 04 20 11 10 42.753     171.6
 2013 04 20 21 11 29.219     2013 04 20 21 14 14.919     165.7
103
 2013 04 20 09 34 10.612     2013 04 20 09 37 47.351     216.7
 2013 04 20 19 34 35.786     2013 04 20 19 37 16.928     161.1
104
 2013 04 20 06 33 46.529     2013 04 20 06 36 41.073     174.5
 2013 04 20 11 28 55.086     2013 04 20 11 29   .594       5.5
 2013 04 20 13 07 38.235     2013 04 20 13 10 52.772     194.5
105
 2013 04 20 09 17 27.376     2013 04 20 09 20 31.665     184.3
106
 2013 04 20 01 01 23.898     2013 04 20 01 04 53.445     209.5
 2013 04 20 02 39 19.645     2013 04 20 02 41 19.675     120.0
 2013 04 20 07 35 44.204     2013 04 20 07 38 27.362     163.2
107
 2013 04 20 11 14 24.410     2013 04 20 11 18 20.709     236.3
 2013 04 20 19 28 54.609     2013 04 20 19 32 21.819     207.2
108
 2013 04 20 15 48 31.626     2013 04 20 15 51 12.881     161.3
109
 2013 04 20 14 06 30.713     2013 04 20 14 09 16.976     166.3
110
111
 2013 04 20 20 20 58.927     2013 04 20 20 21 14.181      15.3
112
 2013 04 20 04 53  2.061     2013 04 20 04 56 52.452     230.4
 2013 04 20 13 13  3.408     2013 04 20 13 16 25.529     202.1
113
 2013 04 20 02 04 36.764     2013 04 20 02 04 54.991      18.2
 2013 04 20 03 39 21.686     2013 04 20 03 42 37.405     195.7
 2013 04 20 20 46 28.394     2013 04 20 20 49 16.761     168.4
114
 2013 04 20 05 43 22.959     2013 04 20 05 46  4.506     161.5
 2013 04 20 13 58 23.642     2013 04 20 14 01 52.838     209.2
115
 2013 04 20 13 37 45.268     2013 04 20 13 40 35.936     170.7
116
 2013 04 20 00 52 15.148     2013 04 20 00 55  1.623     166.5
 2013 04 20 10 55 33.942     2013 04 20 10 58 15.531     161.6
117
118
 2013 04 20 11 40 27.314     2013 04 20 11 43 24.485     177.2
119
 2013 04 20 10 52 20.730     2013 04 20 10 55 26.444     185.7
120
 2013 04 20 03 03 26.837     2013 04 20 03 06 13.664     166.8
121
 2013 04 20 21 19 59.841     2013 04 20 21 22 44.136     164.3
122
 2013 04 20 04 25 57.423     2013 04 20 04 28 37.498     160.1
 2013 04 20 21 32  9.082     2013 04 20 21 36  3.822     234.7
 2013 04 20 23 10 17.868     2013 04 20 23 14  8.405     230.5
123
 2013 04 20 04 25 35.877     2013 04 20 04 29  2.945     207.1
 2013 04 20 21 31 28.386     2013 04 20 21 35 10.550     222.2
124
 2013 04 20 07 43 52.129     2013 04 20 07 47 32.988     220.9
 2013 04 20 21 25 59.005     2013 04 20 21 28 47.177     168.2
125
 2013 04 20 05 19 59.255     2013 04 20 05 22 55.113     175.9
126
 2013 04 20 23 33 54.636     2013 04 20 23 37 16.904     202.3
127
 2013 04 20 03 21 32.396     2013 04 20 03 24 16.102     163.7
 2013 04 20 11 35 57.082     2013 04 20 11 37 22.597      85.5
128
 2013 04 20 11 14 54.592     2013 04 20 11 17 44.024     169.4
 2013 04 20 19 29 44.010     2013 04 20 19 33 20.364     216.4
129
 2013 04 20 10 25   .711     2013 04 20 10 27 38.222     157.5
 2013 04 20 18 46 26.744     2013 04 20 18 47  5.402      38.7
130
 2013 04 20 03 50 24.314     2013 04 20 03 54  2.825     218.5
 2013 04 20 17 24 49.273     2013 04 20 17 25 24.911      35.6
131
 2013 04 20 13 14 50.775     2013 04 20 13 15 28.195      37.4
132
 2013 04 20 01 29 13.565     2013 04 20 01 31 48.418     154.9
133
 2013 04 20 08 00 17.013     2013 04 20 08 02 55.603     158.6
 2013 04 20 18 00 20.903     2013 04 20 18 03 39.084     198.2
134
 2013 04 20 11 40 35.257     2013 04 20 11 43 59.774     204.5
135
 2013 04 20 03 53 10.526     2013 04 20 03 56 22.814     192.3
 2013 04 20 15 47 13.962     2013 04 20 15 51  1.254     227.3
136
 2013 04 20 02 15 43.484     2013 04 20 02 19 36.434     232.9
137
 2013 04 20 18 51 12.206     2013 04 20 18 54 45.361     213.2
138
 2013 04 20 03 54 37.849     2013 04 20 03 57 20.537     162.7
 2013 04 20 15 46 36.815     2013 04 20 15 49 27.733     170.9
139
 2013 04 20 03 10 25.773     2013 04 20 03 13 53.554     207.8
140
 2013 04 20 20 34 11.809     2013 04 20 20 36 49.748     157.9
141
 2013 04 20 13 30 10.025     2013 04 20 13 33 41.323     211.3
 2013 04 20 23 33 55.397     2013 04 20 23 36 34.395     159.0
142
 2013 04 20 08 30   .884     2013 04 20 08 33 11.094     190.2
143
 2013 04 20 22 54 23.796     2013 04 20 22 54 39.450      15.7
144
 2013 04 20 00 06 12.353     2013 04 20 00 07  4.041      51.7
 2013 04 20 23 47 14.696     2013 04 20 23 48  5.541      50.8
145
 2013 04 20 08 02 51.887     2013 04 20 08 06 22.650     210.8
 2013 04 20 16 22 22.457     2013 04 20 16 25 33.073     190.6
146
 2013 04 20 06 08  2.001     2013 04 20 06 10 42.776     160.8
147
148
 2013 04 20 06 03 53.935     2013 04 20 06 06 57.973     184.0
 2013 04 20 21 29 59.062     2013 04 20 21 31  5.365      66.3
149
 2013 04 20 10 18 52.293     2013 04 20 10 21 43.976     171.7
150
 2013 04 20 02 08 13.531     2013 04 20 02 08 20.375       6.8
 2013 04 20 17 31 17.827     2013 04 20 17 33 56.866     159.0
151
 2013 04 20 03 04 15.911     2013 04 20 03 06 54.279     158.4
152
 2013 04 20 03 18  3.375     2013 04 20 03 20 52.299     168.9
153
 2013 04 20 03 01  4.353     2013 04 20 03 01 41.917      37.6
154
 2013 04 20 02 05 43.843     2013 04 20 02 08 29.707     165.9
 2013 04 20 19 11 14.088     2013 04 20 19 14 10.293     176.2
155
 2013 04 20 01 00 14.186     2013 04 20 01 03 17.755     183.6
 2013 04 20 07 36 43.847     2013 04 20 07 40 34.242     230.4
156
 2013 04 20 03 13  3.383     2013 04 20 03 15 49.299     165.9
 2013 04 20 13 20 45.169     2013 04 20 13 21 37.810      52.6
157
 2013 04 20 02 27 47.363     2013 04 20 02 30 25.416     158.1
 2013 04 20 12 29 31.576     2013 04 20 12 32  6.874     155.3
158
 2013 04 20 08 51 42.592     2013 04 20 08 54 58.658     196.1
 2013 04 20 17 09 30.758     2013 04 20 17 12 17.168     166.4
159
 2013 04 20 00 06 53.302     2013 04 20 00 09 38.534     165.2
 2013 04 20 10 06 39.954     2013 04 20 10 07 39.067      59.1
160
 2013 04 20 04 57 29.076     2013 04 20 05 00 38.937     189.9
 2013 04 20 11 34  1.314     2013 04 20 11 37 12.259     190.9
161
 2013 04 20 06 52 49.204     2013 04 20 06 56 32.009     222.8
 2013 04 20 22 17 53.142     2013 04 20 22 20 48.996     175.9
162
 2013 04 20 00 40  2.133     2013 04 20 00 42 43.983     161.9
 2013 04 20 14 17 42.715     2013 04 20 14 20 54.987     192.3
163
 2013 04 20 15 00 55.292     2013 04 20 15 01 23.350      28.1
164
165
 2013 04 20 09 38 52.716     2013 04 20 09 42 44.365     231.6
 2013 04 20 17 54 44.526     2013 04 20 17 57 27.507     163.0
166
 2013 04 20 08 05 22.968     2013 04 20 08 08 14.685     171.7
 2013 04 20 16 21  5.591     2013 04 20 16 24 53.727     228.1
167
168
 2013 04 20 13 35  8.044     2013 04 20 13 35 24.686      16.6
 2013 04 20 21 54 26.445     2013 04 20 21 57  6.336     159.9
169
170
 2013 04 20 00 49 57.792     2013 04 20 00 52 50.098     172.3
171
 2013 04 20 06 21 10.624     2013 04 20 06 24 11.257     180.6
172
173
 2013 04 20 23 29 23.958     2013 04 20 23 32   .242     156.3
174
 2013 04 20 00 10 16.731     2013 04 20 00 13 19.091     182.4
 2013 04 20 08 28 25.040     2013 04 20 08 31  5.441     160.4
175
 2013 04 20 02 31 56.517     2013 04 20 02 34 43.079     166.6
 2013 04 20 10 50 10.978     2013 04 20 10 53 11.139     180.2
176
 2013 04 20 12 48 43.365     2013 04 20 12 52 36.177     232.8
 2013 04 20 21 06 18.499     2013 04 20 21 09 48.341     209.8
177
 2013 04 20 10 27 20.160     2013 04 20 10 29 59.272     159.1
 2013 04 20 18 43 11.333     2013 04 20 18 46 24.880     193.5
178
 2013 04 20 13 14 47.673     2013 04 20 13 17 27.671     160.0
179
180
 2013 04 20 02 49 13.257     2013 04 20 02 50 12.725      59.5
 2013 04 20 04 27 20.475     2013 04 20 04 28 38.252      77.8
 2013 04 20 21 34 28.407     2013 04 20 21 37 20.337     171.9
181
 2013 04 20 08 49 49.858     2013 04 20 08 53  2.500     192.6
 2013 04 20 17 12 28.050     2013 04 20 17 13 14.354      46.3
182
 2013 04 20 12 47 35.192     2013 04 20 12 50 15.871     160.7
 2013 04 20 21 05 13.291     2013 04 20 21 08 34.735     201.4
183
 2013 04 20 10 11 56.328     2013 04 20 10 14 34.228     157.9
184
 2013 04 20 12 04 10.746     2013 04 20 12 07  4.026     173.3
 2013 04 20 18 40 16.606     2013 04 20 18 43  8.768     172.2
185
186
 2013 04 20 16 00 57.982     2013 04 20 16 04 11.787     193.8
 2013 04 20 22 35 51.788     2013 04 20 22 38 35.806     164.0
187
188
 2013 04 20 04 10 54.156     2013 04 20 04 13 40.164     166.0
 2013 04 20 10 46 35.948     2013 04 20 10 49 14.751     158.8
189
 2013 04 20 04 28 14.387     2013 04 20 04 28 45.535      31.1
 2013 04 20 21 34  1.313     2013 04 20 21 34 21.935      20.6
190
 2013 04 20 06 18 15.121     2013 04 20 06 18 29.989      14.9
191
 2013 04 20 00 33 26.089     2013 04 20 00 36  9.608     163.5
 2013 04 20 15 57 42.830     2013 04 20 16 00 40.128     177.3
192
 2013 04 20 00 50   .552     2013 04 20 00 50 23.371      22.8
 2013 04 20 12 34 42.553     2013 04 20 12 37 17.395     154.8
193
 2013 04 20 08 57   .360     2013 04 20 08 59 38.905     158.5
 2013 04 20 13 52 26.495     2013 04 20 13 55 39.438     192.9
194
 2013 04 20 02 24  2.181     2013 04 20 02 26 48.002     165.8
195
 2013 04 20 02 29 12.398     2013 04 20 02 29 29.672      17.3
196
 2013 04 20 06 34  2.405     2013 04 20 06 38  1.677     239.3
 2013 04 20 13 09  8.821     2013 04 20 13 10 20.820      72.0
197
 2013 04 20 09 24 55.638     2013 04 20 09 28 23.073     207.4
198
 2013 04 20 07 53 16.136     2013 04 20 07 53 26.969      10.8
199
 2013 04 20 11 56 59.804     2013 04 20 11 59 37.219     157.4
 2013 04 20 21 57 31.168     2013 04 20 22 00 40.581     189.4
200
 2013 04 20 10 30  5.056     2013 04 20 10 32 47.836     162.8
 2013 04 20 17 05 29.519     2013 04 20 17 08  6.765     157.2
201
202
 2013 04 20 04 30 16.262     2013 04 20 04 30 22.945       6.7
 2013 04 20 21 31 38.612     2013 04 20 21 34 18.514     159.9
203
 2013 04 20 04 28  7.003     2013 04 20 04 31 13.672     186.7
 2013 04 20 21 33 42.305     2013 04 20 21 37  3.873     201.6
204
 2013 04 20 03 02  2.602     2013 04 20 03 05 11.346     188.7
 2013 04 20 16 38 56.345     2013 04 20 16 41 48.904     172.6
205
 2013 04 20 11 10 51.522     2013 04 20 11 13 29.405     157.9
206
 2013 04 20 16 51 13.077     2013 04 20 16 51 17.860       4.8
 2013 04 20 18 25 18.295     2013 04 20 18 29 13.296     235.0
 2013 04 20 23 22  8.399     2013 04 20 23 25 28.207     199.8
207
 2013 04 20 04 53 32.963     2013 04 20 04 57 14.321     221.4
 2013 04 20 13 10 30.672     2013 04 20 13 13 55.494     204.8
208
 2013 04 20 12 41 56.891     2013 04 20 12 44 35.741     158.8
 2013 04 20 22 45 12.875     2013 04 20 22 45 45.285      32.4
209
 2013 04 20 04 56  4.075     2013 04 20 04 58 59.526     175.5
 2013 04 20 13 11 30.126     2013 04 20 13 12 27.801      57.7
210
 2013 04 20 06 25 11.171     2013 04 20 06 26 51.435     100.3
211
 2013 04 20 08 35 10.376     2013 04 20 08 38  3.172     172.8
212
 2013 04 20 01 50 59.465     2013 04 20 01 53 41.467     162.0
 2013 04 20 06 46 29.183     2013 04 20 06 49 26.871     177.7
213
 2013 04 20 22 09 58.884     2013 04 20 22 13 36.682     217.8
214
 2013 04 20 08 34  9.946     2013 04 20 08 37 25.876     195.9
 2013 04 20 22 09 53.163     2013 04 20 22 13 19.197     206.0
215
216
 2013 04 20 07 08 12.623     2013 04 20 07 10 56.462     163.8
217
 2013 04 20 07 53 11.733     2013 04 20 07 56 51.850     220.1
 2013 04 20 19 40 58.068     2013 04 20 19 43 50.208     172.1
218
 2013 04 20 19 02 52.387     2013 04 20 19 04  2.706      70.3
219
220
 2013 04 20 02 14  9.005     2013 04 20 02 17 45.405     216.4
 2013 04 20 15 53 12.433     2013 04 20 15 56 42.342     209.9
221
 2013 04 20 08 37 20.980     2013 04 20 08 39 59.958     159.0
222
 2013 04 20 07 05 35.688     2013 04 20 07 08 26.168     170.5
 2013 04 20 18 54 38.234     2013 04 20 18 57 18.292     160.1
223
 2013 04 20 14 25 19.116     2013 04 20 14 29  1.924     222.8
 2013 04 20 21 00 26.666     2013 04 20 21 03 41.812     195.1
224
 2013 04 20 23 06  1.698     2013 04 20 23 08 57.061     175.4
225
226
 2013 04 20 09 29  8.544     2013 04 20 09 29 55.435      46.9
227
 2013 04 20 01 34  9.447     2013 04 20 01 36 50.009     160.6
 2013 04 20 13 23  9.425     2013 04 20 13 25 58.959     169.5
228
 2013 04 20 00 48 27.702     2013 04 20 00 52  3.969     216.3
229
230
 2013 04 20 03 13 36.667     2013 04 20 03 16 56.968     200.3
 2013 04 20 13 15 58.105     2013 04 20 13 19 49.080     231.0
231
 2013 04 20 04 11 23.076     2013 04 20 04 11 48.427      25.4
 2013 04 20 12 22 47.385     2013 04 20 12 25 41.289     173.9
232
 2013 04 20 18 04 30.005     2013 04 20 18 07 48.630     198.6
233
 2013 04 20 00 09 52.849     2013 04 20 00 12 32.507     159.7
 2013 04 20 08 27 46.350     2013 04 20 08 30 51.557     185.2
234
 2013 04 20 16 28 41.865     2013 04 20 16 31 24.279     162.4
235
 2013 04 20 07 47 23.166     2013 04 20 07 50 26.887     183.7
236
 2013 04 20 13 34 45.218     2013 04 20 13 38   .361     195.1
 2013 04 20 21 53 48.412     2013 04 20 21 56 48.671     180.3
237
 2013 04 20 07 15 34.969     2013 04 20 07 19 20.203     225.2
 2013 04 20 15 35 15.111     2013 04 20 15 38 10.002     174.9
238
 2013 04 20 07 57 59.264     2013 04 20 07 59  9.382      70.1
 2013 04 20 18 02 48.391     2013 04 20 18 05 27.369     159.0
239
 2013 04 20 01 46 26.124     2013 04 20 01 49  7.080     161.0
 2013 04 20 10 01 57.855     2013 04 20 10 05 32.125     214.3
240
241
 2013 04 20 02 59 13.885     2013 04 20 03 01 53.037     159.2
242
 2013 04 20 09 26 32.066     2013 04 20 09 29 31.412     179.3
 2013 04 20 21 18 26.554     2013 04 20 21 21  3.722     157.2
243
 2013 04 20 16 37 57.791     2013 04 20 16 41 12.893     195.1
244
 2013 04 20 08 04 33.185     2013 04 20 08 08 15.545     222.4
 2013 04 20 16 22  3.317     2013 04 20 16 25 27.335     204.0
245
 2013 04 20 07 19  9.804     2013 04 20 07 22 20.765     191.0
 2013 04 20 13 55 48.501     2013 04 20 13 59 35.125     226.6
246
 2013 04 20 20 16 20.534     2013 04 20 20 19   .230     159.7
247
248
 2013 04 20 17 29 25.546     2013 04 20 17 32 19.854     174.3
249
 2013 04 20 13 41  2.799     2013 04 20 13 43 45.114     162.3
 2013 04 20 18 36 38.096     2013 04 20 18 40 10.244     212.1
250
 2013 04 20 01 31 39.170     2013 04 20 01 34 14.987     155.8
 2013 04 20 13 27 38.412     2013 04 20 13 28  5.694      27.3
251
 2013 04 20 02 04 54.311     2013 04 20 02 07 38.262     164.0
 2013 04 20 19 11  8.542     2013 04 20 19 13 53.440     164.9
252
 2013 04 20 02 59 16.808     2013 04 20 03 02 42.443     205.6
253
 2013 04 20 18 49 44.315     2013 04 20 18 50 19.106      34.8
254
255
 2013 04 20 04 56 49.106     2013 04 20 04 59 28.995     159.9
256
 2013 04 20 08 07 39.079     2013 04 20 08 07 40.470       1.4
 2013 04 20 16 19 45.473     2013 04 20 16 22 35.600     170.1
257
 2013 04 20 01 42 15.074     2013 04 20 01 45 33.531     198.5
258
 2013 04 20 03 56 35.882     2013 04 20 03 59 32.736     176.9
 2013 04 20 15 45 22.799     2013 04 20 15 47 27.287     124.5
259
 2013 04 20 12 30 53.595     2013 04 20 12 31  2.088       8.5
260
 2013 04 20 17 54   .015     2013 04 20 17 56 49.744     169.7
261
 2013 04 20 05 34 51.351     2013 04 20 05 37 28.697     157.3
262
 2013 04 20 16 31 25.152     2013 04 20 16 32 47.961      82.8
263
 2013 04 20 00 39  1.439     2013 04 20 00 41 48.166     166.7
 2013 04 20 14 18 32.037     2013 04 20 14 21  9.286     157.2
264
 2013 04 20 16 51 57.178     2013 04 20 16 55  9.663     192.5
 2013 04 20 21 47 46.801     2013 04 20 21 50 27.148     160.3
265
266
 2013 04 20 08 51 36.373     2013 04 20 08 54 40.600     184.2
 2013 04 20 17 08  1.643     2013 04 20 17 10 38.231     156.6
267
 2013 04 20 07 12 17.649     2013 04 20 07 15 29.442     191.8
 2013 04 20 17 14  3.167     2013 04 20 17 17 22.627     199.5
268
 2013 04 20 00 36 39.782     2013 04 20 00 39 41.988     182.2
269
 2013 04 20 16 03   .829     2013 04 20 16 05 42.058     161.2
 2013 04 20 20 58 24.998     2013 04 20 21 01 57.248     212.3
 2013 04 20 22 36  7.386     2013 04 20 22 36 40.411      33.0
270
 2013 04 20 10 13 49.992     2013 04 20 10 16 51.658     181.7
 2013 04 20 22 04 19.320     2013 04 20 22 07 19.780     180.5
271
 2013 04 20 03 54 44.901     2013 04 20 03 54 45.506        .6
 2013 04 20 17 24  9.953     2013 04 20 17 24 17.326       7.4
272
 2013 04 20 00 11 46.840     2013 04 20 00 15 16.787     209.9
 2013 04 20 08 25 44.333     2013 04 20 08 29 42.717     238.4
273
 2013 04 20 02 19 56.741     2013 04 20 02 23 35.868     219.1
 2013 04 20 14 12 30.044     2013 04 20 14 15  9.744     159.7
274
 2013 04 20 04 49 46.600     2013 04 20 04 52 23.484     156.9
 2013 04 20 14 51 49.858     2013 04 20 14 54 28.878     159.0
275
 2013 04 20 08 50 44.813     2013 04 20 08 53 34.205     169.4
 2013 04 20 17 09  9.186     2013 04 20 17 12 15.905     186.7
276
 2013 04 20 04 50 16.590     2013 04 20 04 52 55.356     158.8
 2013 04 20 14 51 36.613     2013 04 20 14 54 32.329     175.7
277
 2013 04 20 03 22 49.200     2013 04 20 03 25 48.087     178.9
 2013 04 20 09 59  7.153     2013 04 20 10 02 18.230     191.1
278
 2013 04 20 20 24 56.611     2013 04 20 20 28 37.862     221.3
279
 2013 04 20 10 11  1.983     2013 04 20 10 13 41.825     159.8
280
 2013 04 20 15 10  6.111     2013 04 20 15 12 52.572     166.5
 2013 04 20 23 27 15.231     2013 04 20 23 30  8.171     172.9
281
 2013 04 20 13 38 55.133     2013 04 20 13 42 47.503     232.4
 2013 04 20 20 15 55.367     2013 04 20 20 18 33.142     157.8
282
 2013 04 20 13 22  7.692     2013 04 20 13 24 57.703     170.0
283
 2013 04 20 03 55 19.411     2013 04 20 03 58  7.359     167.9
 2013 04 20 15 46 30.047     2013 04 20 15 49  5.861     155.8
284
 2013 04 20 23 30  3.331     2013 04 20 23 33 37.280     213.9
285
 2013 04 20 07 55  1.894     2013 04 20 07 57 41.128     159.2
286
 2013 04 20 08 06 43.581     2013 04 20 08 10 29.491     225.9
 2013 04 20 09 44 41.097     2013 04 20 09 45 20.198      39.1
 2013 04 20 14 41 42.644     2013 04 20 14 44 34.933     172.3
287
 2013 04 20 03 58 23.560     2013 04 20 04 01 16.333     172.8
288
289
 2013 04 20 03 25 40.828     2013 04 20 03 28 23.541     162.7
 2013 04 20 08 21 13.264     2013 04 20 08 24 14.393     181.1
290
 2013 04 20 04 49 18.897     2013 04 20 04 52 14.527     175.6
 2013 04 20 14 52 29.758     2013 04 20 14 55  8.360     158.6
291
 2013 04 20 01 44 41.453     2013 04 20 01 48 10.456     209.0
 2013 04 20 10 03 31.201     2013 04 20 10 06 11.661     160.5
292
 2013 04 20 04 43 18.261     2013 04 20 04 46 33.018     194.8
 2013 04 20 16 33 27.309     2013 04 20 16 36 56.882     209.6
293
 2013 04 20 07 20 22.781     2013 04 20 07 23 10.326     167.5
 2013 04 20 13 55 17.958     2013 04 20 13 57 55.451     157.5
294
 2013 04 20 03 11  3.646     2013 04 20 03 13 46.387     162.7
295
 2013 04 20 13 57  7.398     2013 04 20 14 00 24.512     197.1
296
297
 2013 04 20 01 35 16.378     2013 04 20 01 35 38.018      21.6
298
 2013 04 20 01 22  2.771     2013 04 20 01 24 45.211     162.4
 2013 04 20 16 45 25.000     2013 04 20 16 48 28.805     183.8
299
300
 2013 04 20 15 14 42.563     2013 04 20 15 17 20.903     158.3
 2013 04 20 21 49 23.007     2013 04 20 21 52 11.521     168.5
301
 2013 04 20 11 55 27.462     2013 04 20 11 58 25.930     178.5
 2013 04 20 21 58 54.408     2013 04 20 22 01 30.222     155.8
302
 2013 04 20 08 05 44.586     2013 04 20 08 09 30.195     225.6
303
 2013 04 20 01 47 36.223     2013 04 20 01 50 26.907     170.7
 2013 04 20 08 23 47.065     2013 04 20 08 27 44.146     237.1
304
 2013 04 20 03 46 38.137     2013 04 20 03 50  4.264     206.1
305
 2013 04 20 18 46 10.581     2013 04 20 18 48 49.681     159.1
306
307
 2013 04 20 07 21 28.993     2013 04 20 07 24 19.403     170.4
 2013 04 20 13 55 57.555     2013 04 20 13 59 18.697     201.1
308
 2013 04 20 10 20  2.261     2013 04 20 10 21 20.708      78.4
 2013 04 20 20 24 56.306     2013 04 20 20 27 31.288     155.0
309
 2013 04 20 00 39 49.016     2013 04 20 00 43 26.288     217.3
 2013 04 20 14 16 29.333     2013 04 20 14 19 18.350     169.0
310
 2013 04 20 13 40 52.163     2013 04 20 13 44 39.728     227.6
 2013 04 20 18 37 33.931     2013 04 20 18 41 14.698     220.8
311
 2013 04 20 23 25 23.445     2013 04 20 23 28 51.310     207.9
312
 2013 04 20 05 40  6.368     2013 04 20 05 43 15.695     189.3
313
 2013 04 20 05 31 49.828     2013 04 20 05 34 59.053     189.2
314
 2013 04 20 03 23 23.199     2013 04 20 03 26 32.693     189.5
 2013 04 20 09 58  5.576     2013 04 20 10 00 47.681     162.1
315
316
 2013 04 20 21 21  6.459     2013 04 20 21 23 45.475     159.0
317
318
 2013 04 20 02 13  1.217     2013 04 20 02 16 25.211     204.0
 2013 04 20 15 51 50.830     2013 04 20 15 55  4.000     193.2
319
 2013 04 20 23 35 17.028     2013 04 20 23 36 17.378      60.4
320
 2013 04 20 01 39 17.255     2013 04 20 01 41 53.759     156.5
 2013 04 20 11 42 29.684     2013 04 20 11 45 41.607     191.9
321
 2013 04 20 05 21 48.094     2013 04 20 05 24 47.136     179.0
 2013 04 20 19 05 21.103     2013 04 20 19 05 43.438      22.3
322
 2013 04 20 11 13 28.552     2013 04 20 11 13 39.971      11.4
 2013 04 20 19 32  2.204     2013 04 20 19 35 12.683     190.5
323
 2013 04 20 10 12 23.329     2013 04 20 10 15 42.574     199.2
 2013 04 20 22 06 19.484     2013 04 20 22 09 38.526     199.0
324
 2013 04 20 10 19 54.440     2013 04 20 10 20 33.295      38.9
 2013 04 20 20 25  2.814     2013 04 20 20 27 37.776     155.0
325
 2013 04 20 04 29  4.059     2013 04 20 04 32 51.410     227.4
 2013 04 20 19 55 59.117     2013 04 20 19 59 21.837     202.7
326
 2013 04 20 02 26 53.142     2013 04 20 02 29 30.621     157.5
 2013 04 20 12 29 43.501     2013 04 20 12 32 44.549     181.0
327
 2013 04 20 04 28 42.724     2013 04 20 04 31 43.145     180.4
328
329
 2013 04 20 07 38 25.026     2013 04 20 07 39 13.639      48.6
 2013 04 20 23 05 37.049     2013 04 20 23 08 57.641     200.6
330
 2013 04 20 12 26 26.411     2013 04 20 12 29 38.000     191.6
331
 2013 04 20 07 53 39.200     2013 04 20 07 54  4.321      25.1
332
 2013 04 20 18 17 16.610     2013 04 20 18 19 54.860     158.2
333
 2013 04 20 07 23 19.248     2013 04 20 07 23 45.086      25.8
 2013 04 20 08 57 57.481     2013 04 20 09 01 29.302     211.8
 2013 04 20 13 54 15.711     2013 04 20 13 56 53.298     157.6
334
 2013 04 20 01 02 34.967     2013 04 20 01 05 14.855     159.9
 2013 04 20 07 36 42.912     2013 04 20 07 40  3.098     200.2
335
 2013 04 20 00 42  3.150     2013 04 20 00 44 41.259     158.1
336
 2013 04 20 16 36  5.452     2013 04 20 16 39 50.660     225.2
337
 2013 04 20 15 46 41.137     2013 04 20 15 47 15.329      34.2
338
 2013 04 20 04 42 51.227     2013 04 20 04 46 23.432     212.2
 2013 04 20 16 32  9.155     2013 04 20 16 34 48.236     159.1
339
 2013 04 20 06 54 44.549     2013 04 20 06 58 13.855     209.3
340
 2013 04 20 04 09 34.526     2013 04 20 04 12 56.284     201.8
 2013 04 20 10 46 25.875     2013 04 20 10 50 17.021     231.1
341
342
 2013 04 20 05 22 58.967     2013 04 20 05 25 41.583     162.6
 2013 04 20 19 02 42.739     2013 04 20 19 05 22.684     159.9
343
 2013 04 20 10 04 59.046     2013 04 20 10 07 40.137     161.1
344
 2013 04 20 01 17 42.358     2013 04 20 01 20 50.631     188.3
 2013 04 20 18 22 55.903     2013 04 20 18 25 36.440     160.5
345
 2013 04 20 12 38 49.652     2013 04 20 12 41 35.663     166.0
346
347
 2013 04 20 00 01 43.602     2013 04 20 00 04 20.334     156.7
 2013 04 20 23 42 44.903     2013 04 20 23 45 21.723     156.8
348
 2013 04 20 16 34 20.498     2013 04 20 16 35 29.879      69.4
349
 2013 04 20 02 20  8.343     2013 04 20 02 22 50.109     161.8
 2013 04 20 14 11  8.895     2013 04 20 14 14  6.099     177.2
350
 2013 04 20 22 49 29.663     2013 04 20 22 52  7.841     158.2
351
352
 2013 04 20 22 42   .513     2013 04 20 22 45 51.521     231.0
353
 2013 04 20 13 20 25.217     2013 04 20 13 24   .244     215.0
354
355
 2013 04 20 03 13  9.413     2013 04 20 03 13 41.110      31.7
 2013 04 20 14 55 48.442     2013 04 20 14 59 16.916     208.5
356
 2013 04 20 03 49  8.826     2013 04 20 03 52 58.836     230.0
 2013 04 20 17 27 37.326     2013 04 20 17 28 17.893      40.6
357
 2013 04 20 09 35 59.668     2013 04 20 09 38 59.050     179.4
358
 2013 04 20 09 17 22.539     2013 04 20 09 19 58.524     156.0
359
 2013 04 20 08 00  1.355     2013 04 20 08 01 43.774     102.4
360
 2013 04 20 21 54 23.390     2013 04 20 21 54 25.557       2.2
361
 2013 04 20 08 40 48.040     2013 04 20 08 44 19.159     211.1
 2013 04 20 20 28 17.207     2013 04 20 20 31 15.686     178.5
362
 2013 04 20 05 37 15.805     2013 04 20 05 39 54.678     158.9
 2013 04 20 15 38 56.669     2013 04 20 15 41 31.984     155.3
363
364
 2013 04 20 12 52 14.459     2013 04 20 12 54 55.156     160.7
 2013 04 20 19 27 17.427     2013 04 20 19 30   .462     163.0
365
 2013 04 20 09 37 48.218     2013 04 20 09 40 45.426     177.2
 2013 04 20 17 55 11.783     2013 04 20 17 58 54.703     222.9
366
 2013 04 20 10 30  6.638     2013 04 20 10 33 35.216     208.6
 2013 04 20 17 06 12.611     2013 04 20 17 08 56.682     164.1
367
 2013 04 20 11 01 18.574     2013 04 20 11 03 55.406     156.8
 2013 04 20 22 52 44.421     2013 04 20 22 55 26.529     162.1
368
 2013 04 20 08 34 25.102     2013 04 20 08 37  7.845     162.7
 2013 04 20 22 10 38.470     2013 04 20 22 11  3.665      25.2
369
 2013 04 20 13 34 20.928     2013 04 20 13 34 31.387      10.5
 2013 04 20 23 31 11.900     2013 04 20 23 33 55.519     163.6
370
 2013 04 20 05 20 19.389     2013 04 20 05 23 40.760     201.4
371
 2013 04 20 08 40 31.456     2013 04 20 08 44  3.174     211.7
 2013 04 20 20 29 48.356     2013 04 20 20 29 59.469      11.1
372
 2013 04 20 03 19 20.435     2013 04 20 03 22 28.305     187.9
 2013 04 20 11 37 58.740     2013 04 20 11 40 46.183     167.4
373
 2013 04 20 07 42 49.872     2013 04 20 07 45 25.821     155.9
374
 2013 04 20 07 38 17.720     2013 04 20 07 41 25.668     187.9
375
 2013 04 20 21 07 27.610     2013 04 20 21 10 11.110     163.5
376
 2013 04 20 04 43  4.369     2013 04 20 04 46 40.541     216.2
 2013 04 20 16 32   .141     2013 04 20 16 34 37.433     157.3
377
 2013 04 20 15 15 27.403     2013 04 20 15 18  5.948     158.5
 2013 04 20 20 10 47.394     2013 04 20 20 14 36.770     229.4
 2013 04 20 21 48 56.619     2013 04 20 21 52 41.379     224.8
378
 2013 04 20 01 28 32.286     2013 04 20 01 31 41.789     189.5
379
 2013 04 20 04 38  6.992     2013 04 20 04 40 41.763     154.8
380
 2013 04 20 07 00 53.939     2013 04 20 07 03 48.994     175.1
381
 2013 04 20 02 54 18.822     2013 04 20 02 56 58.629     159.8
382
 2013 04 20 11 11 11.658     2013 04 20 11 14 50.610     219.0
383
 2013 04 20 18 50 40.688     2013 04 20 18 53 36.976     176.3
384
 2013 04 20 04 57 48.272     2013 04 20 05 00 36.226     168.0
 2013 04 20 11 33 45.138     2013 04 20 11 36 44.293     179.2
385
 2013 04 20 03 17 58.813     2013 04 20 03 18 54.244      55.4
 2013 04 20 13 15 28.655     2013 04 20 13 18  8.188     159.5
386
387
 2013 04 20 00 47   .770     2013 04 20 00 49 40.296     159.5
 2013 04 20 12 35 41.474     2013 04 20 12 38 39.302     177.8
388
389
390
 2013 04 20 20 24 34.997     2013 04 20 20 25  2.898      27.9
391
392
393
 2013 04 20 00 17 12.185     2013 04 20 00 18  6.135      53.9
 2013 04 20 05 13 42.374     2013 04 20 05 16 32.434     170.1
 2013 04 20 22 20 25.225     2013 04 20 22 23 46.821     201.6
394
 2013 04 20 09 31  1.756     2013 04 20 09 32  8.987      67.2
 2013 04 20 21 15 12.536     2013 04 20 21 18 19.359     186.8
395
 2013 04 20 11 10 24.282     2013 04 20 11 10 55.522      31.2
 2013 04 20 21 13  8.770     2013 04 20 21 13 17.220       8.5
396
 2013 04 20 09 23 34.442     2013 04 20 09 27 18.127     223.7
397
 2013 04 20 10 26 12.547     2013 04 20 10 27  6.855      54.3
 2013 04 20 18 44 37.134     2013 04 20 18 47 37.457     180.3
398
 2013 04 20 08 42 19.963     2013 04 20 08 44 57.703     157.7
399
 2013 04 20 05 32 16.874     2013 04 20 05 35 19.991     183.1
 2013 04 20 17 18 14.879     2013 04 20 17 18 54.383      39.5
400
 2013 04 20 03 12 13.957     2013 04 20 03 15 30.976     197.0
401
 2013 04 20 15 48 28.641     2013 04 20 15 51 55.725     207.1
402
 2013 04 20 18 57 14.887     2013 04 20 19 00 29.788     194.9
403
 2013 04 20 05 46 32.096     2013 04 20 05 50 19.410     227.3
 2013 04 20 12 21 52.769     2013 04 20 12 25 28.275     215.5
404
 2013 04 20 11 14 49.127     2013 04 20 11 17 43.889     174.8
 2013 04 20 19 30 37.158     2013 04 20 19 34 25.562     228.4
405
 2013 04 20 09 25 49.802     2013 04 20 09 28 34.899     165.1
 2013 04 20 21 17 16.378     2013 04 20 21 20 56.060     219.7
406
 2013 04 20 09 33 36.295     2013 04 20 09 36 38.368     182.1
 2013 04 20 19 35 18.905     2013 04 20 19 38  5.538     166.6
407
 2013 04 20 05 44 54.073     2013 04 20 05 47 34.827     160.8
 2013 04 20 12 20 44.001     2013 04 20 12 24  4.341     200.3
408
 2013 04 20 14 02 28.228     2013 04 20 14 05 16.137     167.9
409
 2013 04 20 10 57  6.992     2013 04 20 11 00 16.321     189.3
410
 2013 04 20 05 28 44.488     2013 04 20 05 32 27.751     223.3
 2013 04 20 17 22 20.695     2013 04 20 17 24 58.312     157.6
411
 2013 04 20 05 13 54.979     2013 04 20 05 16 42.012     167.0
 2013 04 20 22 20 29.006     2013 04 20 22 23 36.174     187.2
412
 2013 04 20 00 14 51.508     2013 04 20 00 16 41.878     110.4
 2013 04 20 06 50 22.538     2013 04 20 06 54  5.458     222.9
413
 2013 04 20 01 48 21.285     2013 04 20 01 48 45.767      24.5
 2013 04 20 08 25 36.449     2013 04 20 08 28 17.766     161.3
414
 2013 04 20 07 15 42.822     2013 04 20 07 18 40.472     177.7
 2013 04 20 15 33  3.742     2013 04 20 15 36 46.637     222.9
415
 2013 04 20 03 36 31.505     2013 04 20 03 40 22.004     230.5
 2013 04 20 05 14 29.621     2013 04 20 05 15 34.100      64.5
 2013 04 20 22 21 52.450     2013 04 20 22 24 40.567     168.1
416
 2013 04 20 04 49 10.161     2013 04 20 04 52 23.726     193.6
 2013 04 20 14 50 56.302     2013 04 20 14 53 51.778     175.5
417
 2013 04 20 03 16 14.423     2013 04 20 03 17  7.996      53.6
418
 2013 04 20 09 43 32.105     2013 04 20 09 46 13.773     161.7
 2013 04 20 14 42 40.500     2013 04 20 14 43  4.604      24.1
 2013 04 20 16 17 26.702     2013 04 20 16 20 51.303     204.6
419
 2013 04 20 12 02 24.392     2013 04 20 12 05 16.184     171.8
 2013 04 20 20 17 50.118     2013 04 20 20 18 55.823      65.7
420
 2013 04 20 07 15 33.182     2013 04 20 07 18 13.569     160.4
 2013 04 20 15 36 47.205     2013 04 20 15 37 24.942      37.7
421
 2013 04 20 00 00 29.295     2013 04 20 00 01 15.006      45.7
 2013 04 20 23 41 30.752     2013 04 20 23 42 17.641      46.9
422
 2013 04 20 00 31 50.264     2013 04 20 00 34 36.463     166.2
 2013 04 20 17 35 23.146     2013 04 20 17 35 53.351      30.2
423
 2013 04 20 21 15 38.335     2013 04 20 21 15 55.907      17.6
424
 2013 04 20 02 17 24.486     2013 04 20 02 20 22.849     178.4
425
 2013 04 20 11 44 18.384     2013 04 20 11 48  4.317     225.9
426
 2013 04 20 17 58 26.750     2013 04 20 18 01 26.062     179.3
427
 2013 04 20 02 15 39.337     2013 04 20 02 15 59.642      20.3
428
429
 2013 04 20 00 59 38.179     2013 04 20 01 02 24.661     166.5
430
431
432
 2013 04 20 11 56 58.937     2013 04 20 11 59 41.479     162.5
 2013 04 20 21 57 39.697     2013 04 20 22 00 58.980     199.3
433
 2013 04 20 00 52 57.434     2013 04 20 00 53 26.727      29.3
434
 2013 04 20 06 21 10.765     2013 04 20 06 21 20.737      10.0
 2013 04 20 16 31 53.845     2013 04 20 16 32 27.365      33.5
435
 2013 04 20 11 17 48.437     2013 04 20 11 20 48.805     180.4
 2013 04 20 17 53  5.469     2013 04 20 17 56  2.715     177.2
436
 2013 04 20 16 00  4.848     2013 04 20 16 03  7.176     182.3
 2013 04 20 22 36 32.752     2013 04 20 22 37 11.550      38.8
437
 2013 04 20 00 32 30.880     2013 04 20 00 36 25.606     234.7
 2013 04 20 15 56 23.475     2013 04 20 15 59 58.802     215.3
438
 2013 04 20 05 23  2.785     2013 04 20 05 23 55.095      52.3
 2013 04 20 19 00 55.203     2013 04 20 19 03 36.285     161.1
439
 2013 04 20 13 32 44.228     2013 04 20 13 32 58.930      14.7
440
 2013 04 20 01 29 56.539     2013 04 20 01 30   .007       3.5
 2013 04 20 15 03 53.509     2013 04 20 15 06 50.561     177.1
441
 2013 04 20 06 32 43.968     2013 04 20 06 35 29.528     165.6
 2013 04 20 13 07 55.455     2013 04 20 13 10 42.814     167.4
442
 2013 04 20 19 00 22.680     2013 04 20 19 03 56.044     213.4
443
 2013 04 20 20 27 55.160     2013 04 20 20 30 37.539     162.4
444
445
446
 2013 04 20 06 59 47.397     2013 04 20 07 02 45.867     178.5
 2013 04 20 20 35  4.698     2013 04 20 20 36 57.251     112.6
447
 2013 04 20 03 54 30.990     2013 04 20 03 57 18.887     167.9
 2013 04 20 15 46 46.472     2013 04 20 15 49 36.983     170.5
448
449
 2013 04 20 09 31  9.416     2013 04 20 09 33 53.377     164.0
450
 2013 04 20 07 41 33.436     2013 04 20 07 44 58.689     205.3
451
452
453
 2013 04 20 03 51 32.706     2013 04 20 03 54 33.992     181.3
454
 2013 04 20 03 55  5.200     2013 04 20 03 57 42.569     157.4
 2013 04 20 15 46 13.376     2013 04 20 15 48 55.252     161.9
455
 2013 04 20 00 56 40.572     2013 04 20 00 59 26.482     165.9
 2013 04 20 09 15 10.859     2013 04 20 09 18 53.721     222.9
456
 2013 04 20 12 51  1.902     2013 04 20 12 53 44.808     162.9
 2013 04 20 19 26 31.413     2013 04 20 19 30   .494     209.1
457
 2013 04 20 01 16 58.650     2013 04 20 01 20   .410     181.8
 2013 04 20 18 24  4.429     2013 04 20 18 27 11.189     186.8
 2013 04 20 20 01 45.390     2013 04 20 20 02  4.425      19.0
 2013 04 20 23 23 19.626     2013 04 20 23 23 23.830       4.2
458
459
 2013 04 20 16 48 19.455     2013 04 20 16 52  7.822     228.4
 2013 04 20 18 26 27.010     2013 04 20 18 30 12.979     226.0
 2013 04 20 23 22 53.456     2013 04 20 23 25 31.428     158.0
460
461
 2013 04 20 04 34 19.846     2013 04 20 04 36 55.231     155.4
 2013 04 20 18 18 43.844     2013 04 20 18 19  5.112      21.3
462
 2013 04 20 08 07  4.037     2013 04 20 08 10 25.232     201.2
 2013 04 20 14 42  2.376     2013 04 20 14 44 50.693     168.3
463
 2013 04 20 09 35 41.137     2013 04 20 09 38 20.218     159.1
464
 2013 04 20 06 07   .158     2013 04 20 06 09 38.919     158.8
 2013 04 20 21 28 29.131     2013 04 20 21 30 35.771     126.6
465
 2013 04 20 10 17 36.922     2013 04 20 10 21 21.644     224.7
466
 2013 04 20 21 07 16.922     2013 04 20 21 09 56.858     159.9
467
 2013 04 20 01 15 10.337     2013 04 20 01 18 15.184     184.8
 2013 04 20 20 00 23.225     2013 04 20 20 03 13.633     170.4
468
469
 2013 04 20 22 38 35.130     2013 04 20 22 41 17.795     162.7
470
 2013 04 20 08 42 40.507     2013 04 20 08 45 19.522     159.0
471
 2013 04 20 04 29   .672     2013 04 20 04 32  4.918     184.2
472
 2013 04 20 16 48  7.466     2013 04 20 16 50 51.972     164.5
 2013 04 20 23 23 27.193     2013 04 20 23 26 33.593     186.4
473
 2013 04 20 09 19 25.631     2013 04 20 09 22  5.337     159.7
 2013 04 20 22 59 40.691     2013 04 20 23 02 33.712     173.0
474
 2013 04 20 23 33 34.134     2013 04 20 23 34 56.694      82.6
475
 2013 04 20 10 14 52.421     2013 04 20 10 17 30.924     158.5
 2013 04 20 22 04 35.159     2013 04 20 22 07 13.342     158.2
476
477
 2013 04 20 03 15   .628     2013 04 20 03 17 54.271     173.6
 2013 04 20 13 17 29.490     2013 04 20 13 20 15.713     166.2
478
 2013 04 20 00 45 30.482     2013 04 20 00 45 43.987      13.5
 2013 04 20 12 35  7.298     2013 04 20 12 38   .100     172.8
479
 2013 04 20 02 56 35.050     2013 04 20 02 59 13.463     158.4
 2013 04 20 18 20 10.751     2013 04 20 18 22 59.972     169.2
480
 2013 04 20 00 54 56.023     2013 04 20 00 57 35.697     159.7
481
482
 2013 04 20 04 57 49.263     2013 04 20 05 01 15.370     206.1
 2013 04 20 11 34 28.916     2013 04 20 11 37 15.869     167.0
483
 2013 04 20 11 15 32.622     2013 04 20 11 18 14.463     161.8
484
 2013 04 20 00 31 57.490     2013 04 20 00 34 43.213     165.7
485
 2013 04 20 07 04 59.858     2013 04 20 07 07 39.824     160.0
 2013 04 20 18 55 41.561     2013 04 20 18 58 17.360     155.8
486
 2013 04 20 08 55 12.473     2013 04 20 08 57 59.583     167.1
 2013 04 20 15 30  3.390     2013 04 20 15 32 40.740     157.3
487
 2013 04 20 22 42 21.907     2013 04 20 22 45 55.152     213.2
488
 2013 04 20 21 11 54.470     2013 04 20 21 12 25.052      30.6
489
 2013 04 20 00 58  5.880     2013 04 20 01 00 55.390     169.5
 2013 04 20 09 14 35.936     2013 04 20 09 17 12.341     156.4
490
 2013 04 20 05 30 15.561     2013 04 20 05 33 48.031     212.5
 2013 04 20 17 21 13.730     2013 04 20 17 24 27.835     194.1
491
 2013 04 20 07 12 10.193     2013 04 20 07 12 23.198      13.0
492
 2013 04 20 07 18 26.565     2013 04 20 07 21 19.710     173.1
 2013 04 20 15 32 29.232     2013 04 20 15 33 10.553      41.3
493
 2013 04 20 03 42  8.644     2013 04 20 03 44 49.857     161.2
 2013 04 20 19 07   .682     2013 04 20 19 08 21.383      80.7
494
 2013 04 20 00 57 47.631     2013 04 20 01 00 25.367     157.7
 2013 04 20 09 15  6.375     2013 04 20 09 17 46.389     160.0
495
 2013 04 20 00 53  4.399     2013 04 20 00 56 43.054     218.7
 2013 04 20 10 53 35.402     2013 04 20 10 56 11.180     155.8
496
 2013 04 20 08 01 36.630     2013 04 20 08 04 20.753     164.1
497
 2013 04 20 02 36  2.223     2013 04 20 02 38 42.471     160.2
 2013 04 20 09 11 37.235     2013 04 20 09 14 20.488     163.3
498
 2013 04 20 20 39  8.462     2013 04 20 20 39 10.273       1.8
499
500
 2013 04 20 19 55 58.168     2013 04 20 19 59 31.265     213.1
501
 2013 04 20 02 11 49.276     2013 04 20 02 14  4.294     135.0
 2013 04 20 15 54 29.550     2013 04 20 15 57 34.380     184.8
502
 2013 04 20 11 46 37.786     2013 04 20 11 49 21.334     163.5
503
504
 2013 04 20 04 06 47.361     2013 04 20 04 09 42.558     175.2
 2013 04 20 12 23 53.406     2013 04 20 12 26 54.047     180.6
505
 2013 04 20 19 56 33.328     2013 04 20 19 59 12.601     159.3
506
 2013 04 20 10 13 20.265     2013 04 20 10 16 24.708     184.4
 2013 04 20 22 04 14.918     2013 04 20 22 07 47.518     212.6
507
508
 2013 04 20 12 00 25.141     2013 04 20 12 01 50.583      85.4
 2013 04 20 20 19 35.842     2013 04 20 20 22 12.723     156.9
509
 2013 04 20 05 32 40.253     2013 04 20 05 32 45.091       4.8
510
511
 2013 04 20 13 31 18.877     2013 04 20 13 34 10.762     171.9
 2013 04 20 23 32  2.030     2013 04 20 23 34 43.004     161.0
512
 2013 04 20 13 31 29.769     2013 04 20 13 34 22.386     172.6
 2013 04 20 23 32 41.401     2013 04 20 23 35 58.498     197.1
513
 2013 04 20 05 34   .253     2013 04 20 05 36 38.722     158.5
514
 2013 04 20 04 26 14.166     2013 04 20 04 28 52.912     158.7
 2013 04 20 21 32 27.101     2013 04 20 21 35 57.533     210.4
 2013 04 20 23 10 17.110     2013 04 20 23 10 30.303      13.2
515
 2013 04 20 02 02 20.125     2013 04 20 02 06 18.045     237.9
 2013 04 20 03 40 15.489     2013 04 20 03 40 27.080      11.6
 2013 04 20 20 47  2.350     2013 04 20 20 50 27.256     204.9
516
 2013 04 20 15 32 13.616     2013 04 20 15 34 56.229     162.6
517
 2013 04 20 09 43 53.609     2013 04 20 09 46 37.915     164.3
 2013 04 20 14 39 11.710     2013 04 20 14 42 47.938     216.2
 2013 04 20 16 17  3.989     2013 04 20 16 19  5.852     121.9
518
 2013 04 20 00 15  6.885     2013 04 20 00 17 58.554     171.7
 2013 04 20 05 10 19.364     2013 04 20 05 14 12.968     233.6
 2013 04 20 06 48 37.681     2013 04 20 06 52 12.070     214.4
519
 2013 04 20 00 12 15.565     2013 04 20 00 15 18.465     182.9
520
 2013 04 20 16 30 59.241     2013 04 20 16 34 51.074     231.8
521
 2013 04 20 08 31 52.266     2013 04 20 08 35   .064     187.8
 2013 04 20 22 11   .231     2013 04 20 22 14 22.134     201.9
522
523
524
 2013 04 20 14 21 32.104     2013 04 20 14 24 54.455     202.4
 2013 04 20 22 42 33.391     2013 04 20 22 43  4.305      30.9
525
 2013 04 20 06 29 45.408     2013 04 20 06 32 31.274     165.9
 2013 04 20 14 46 13.994     2013 04 20 14 48 56.143     162.1
526
 2013 04 20 22 14 47.233     2013 04 20 22 17 26.896     159.7
527
 2013 04 20 13 20 43.284     2013 04 20 13 24   .140     196.9
528
 2013 04 20 02 08 31.281     2013 04 20 02 12 16.649     225.4
 2013 04 20 17 31 28.672     2013 04 20 17 34  7.418     158.7
529
530
 2013 04 20 22 18 32.521     2013 04 20 22 18 41.302       8.8
531
 2013 04 20 06 25  6.885     2013 04 20 06 25 39.461      32.6
532
 2013 04 20 04 03 33.426     2013 04 20 04 06 47.831     194.4
533
 2013 04 20 10 27 19.738     2013 04 20 10 30 55.652     215.9
 2013 04 20 18 43 35.165     2013 04 20 18 43 48.705      13.5
534
 2013 04 20 04 58 11.904     2013 04 20 05 00 52.965     161.1
 2013 04 20 11 33 38.984     2013 04 20 11 36 23.152     164.2
535
 2013 04 20 09 39 31.775     2013 04 20 09 43  8.454     216.7
 2013 04 20 17 54 36.242     2013 04 20 17 57 43.708     187.5
536
537
 2013 04 20 13 19 23.379     2013 04 20 13 22 58.661     215.3
538
 2013 04 20 04 09 16.205     2013 04 20 04 09 41.270      25.1
 2013 04 20 12 26 22.356     2013 04 20 12 26 42.190      19.8
539
 2013 04 20 14 25  8.342     2013 04 20 14 28 46.715     218.4
 2013 04 20 21 00 18.849     2013 04 20 21 03 52.077     213.2
540
 2013 04 20 21 20 29.916     2013 04 20 21 23 57.706     207.8
541
 2013 04 20 07 52 14.313     2013 04 20 07 53 40.201      85.9
 2013 04 20 19 43 24.020     2013 04 20 19 46 57.320     213.3
542
543
 2013 04 20 03 50  8.239     2013 04 20 03 53 41.002     212.8
544
 2013 04 20 03 45 52.642     2013 04 20 03 48 33.934     161.3
545
 2013 04 20 16 48  6.962     2013 04 20 16 50 45.589     158.6
 2013 04 20 23 23 48.701     2013 04 20 23 27  3.519     194.8
546
 2013 04 20 08 52 23.848     2013 04 20 08 52 56.747      32.9
547
 2013 04 20 08 54 53.580     2013 04 20 08 55  2.567       9.0
 2013 04 20 15 31 58.479     2013 04 20 15 34 37.865     159.4
548
 2013 04 20 16 48 39.577     2013 04 20 16 49 50.541      71.0
 2013 04 20 23 25 30.251     2013 04 20 23 28  9.306     159.1
549
 2013 04 20 23 29 28.387     2013 04 20 23 32  5.889     157.5
550
 2013 04 20 02 39 18.175     2013 04 20 02 39 19.808       1.6
 2013 04 20 04 13 27.092     2013 04 20 04 17  1.109     214.0
 2013 04 20 09 09 54.551     2013 04 20 09 12 36.873     162.3
551
 2013 04 20 07 49 16.481     2013 04 20 07 51 52.403     155.9
552
 2013 04 20 02 33 40.509     2013 04 20 02 37  4.404     203.9
 2013 04 20 10 49 52.588     2013 04 20 10 50 43.404      50.8
553
 2013 04 20 00 59 22.208     2013 04 20 01 02   .186     158.0
 2013 04 20 09 14 15.443     2013 04 20 09 18  3.371     227.9
554
555
 2013 04 20 14 09 13.585     2013 04 20 14 12 20.701     187.1
556
 2013 04 20 21 08 45.596     2013 04 20 21 11 32.612     167.0
557
 2013 04 20 09 22 31.644     2013 04 20 09 25  6.660     155.0
558
 2013 04 20 04 40 53.244     2013 04 20 04 44 24.616     211.4
559
560
 2013 04 20 03 07 13.361     2013 04 20 03 09 48.799     155.4
 2013 04 20 14 58 46.554     2013 04 20 15 01 55.518     189.0
561
 2013 04 20 07 59 38.337     2013 04 20 08 03  7.435     209.1
 2013 04 20 17 59 51.330     2013 04 20 18 02 36.707     165.4
562
563
 2013 04 20 00 47 55.944     2013 04 20 00 50 52.275     176.3
 2013 04 20 12 34 19.978     2013 04 20 12 35 50.320      90.3
564
 2013 04 20 20 28 48.679     2013 04 20 20 30 13.337      84.7
565
 2013 04 20 04 04 34.498     2013 04 20 04 07 39.604     185.1
566
 2013 04 20 04 34 49.784     2013 04 20 04 38  4.940     195.2
 2013 04 20 18 14   .811     2013 04 20 18 17 36.624     215.8
567
 2013 04 20 15 05 11.541     2013 04 20 15 05 24.144      12.6
568
 2013 04 20 17 57 53.259     2013 04 20 18 00 44.213     171.0
569
570
571
572
 2013 04 20 15 59  8.694     2013 04 20 16 02 35.374     206.7
573
 2013 04 20 04 27 37.117     2013 04 20 04 31 10.659     213.5
 2013 04 20 21 34 11.328     2013 04 20 21 37  9.832     178.5
574
 2013 04 20 02 36 40.348     2013 04 20 02 39 18.750     158.4
 2013 04 20 09 11 32.941     2013 04 20 09 14 14.992     162.1
575
 2013 04 20 22 41 14.340     2013 04 20 22 41 16.990       2.7
576
 2013 04 20 07 10 32.456     2013 04 20 07 13 26.286     173.8
 2013 04 20 17 13 14.638     2013 04 20 17 17  2.609     228.0
577
578
 2013 04 20 14 16  5.734     2013 04 20 14 18 41.882     156.1
579
 2013 04 20 00 28 55.922     2013 04 20 00 31 58.955     183.0
 2013 04 20 17 34 53.393     2013 04 20 17 38 44.060     230.7
 2013 04 20 19 12 52.109     2013 04 20 19 13 21.903      29.8
580
 2013 04 20 13 41 12.787     2013 04 20 13 41 30.639      17.9
 2013 04 20 15 15 28.508     2013 04 20 15 15 58.658      30.2
 2013 04 20 20 12 27.683     2013 04 20 20 16 13.211     225.5
581
 2013 04 20 00 37 29.181     2013 04 20 00 37 39.440      10.3
 2013 04 20 14 19 57.577     2013 04 20 14 22 35.949     158.4
582
 2013 04 20 01 34 50.526     2013 04 20 01 37 51.590     181.1
 2013 04 20 13 22  4.960     2013 04 20 13 25 28.325     203.4
583
 2013 04 20 05 17 59.765     2013 04 20 05 21  5.576     185.8
 2013 04 20 20 41 28.651     2013 04 20 20 44  8.846     160.2
584
 2013 04 20 03 57 12.344     2013 04 20 03 58 14.312      62.0
585
 2013 04 20 13 33 27.401     2013 04 20 13 36  5.383     158.0
586
 2013 04 20 04 58 18.831     2013 04 20 05 01 38.355     199.5
 2013 04 20 11 34 29.630     2013 04 20 11 37 11.968     162.3
587
 2013 04 20 01 18 34.608     2013 04 20 01 21 11.880     157.3
 2013 04 20 18 23 39.585     2013 04 20 18 26 44.091     184.5
588
 2013 04 20 09 39 31.340     2013 04 20 09 43 21.014     229.7
 2013 04 20 17 54 24.194     2013 04 20 17 57 36.799     192.6
589
 2013 04 20 17 15 26.275     2013 04 20 17 15 30.158       3.9
590
 2013 04 20 01 48 57.064     2013 04 20 01 49  7.639      10.6
 2013 04 20 10 00 50.911     2013 04 20 10 03 32.056     161.1
591
 2013 04 20 07 16 48.078     2013 04 20 07 19 26.082     158.0
 2013 04 20 15 34  7.370     2013 04 20 15 36 45.442     158.1
592
 2013 04 20 06 19 35.279     2013 04 20 06 19 56.530      21.3
 2013 04 20 18 10 45.000     2013 04 20 18 10 46.243       1.2
593
 2013 04 20 04 32  9.082     2013 04 20 04 32 37.775      28.7
594
 2013 04 20 18 55 19.558     2013 04 20 18 55 46.858      27.3
595
596
 2013 04 20 19 52 33.344     2013 04 20 19 55 18.027     164.7
597
 2013 04 20 00 04 19.647     2013 04 20 00 07 30.703     191.1
 2013 04 20 10 08 41.917     2013 04 20 10 11 30.330     168.4
598
 2013 04 20 08 53 19.588     2013 04 20 08 56 23.576     184.0
599
 2013 04 20 03 59 34.712     2013 04 20 04 03 14.150     219.4
 2013 04 20 14 09 39.407     2013 04 20 14 09 54.307      14.9
