s1
0
 2013 04 20 01 41 49.288     2013 04 20 01 44 31.238     161.9
 2013 04 20 18 44 20.980     2013 04 20 18 46 56.949     156.0
1
 2013 04 20 04 29 50.177     2013 04 20 04 32 45.717     175.5
 2013 04 20 12 47  8.346     2013 04 20 12 50 28.781     200.4
2
 2013 04 20 00 25  1.965     2013 04 20 00 27 32.063     150.1
3
 2013 04 20 00 21 22.707     2013 04 20 00 24 22.231     179.5
4
 2013 04 20 03 33 35.225     2013 04 20 03 36 21.965     166.7
5
 2013 04 20 03 01 56.828     2013 04 20 03 04 33.970     157.1
 2013 04 20 07 56 25.947     2013 04 20 07 59 26.929     181.0
6
 2013 04 20 05 09 53.758     2013 04 20 05 10 48.187      54.4
7
 2013 04 20 16 15  4.336     2013 04 20 16 15  8.195       3.9
8
 2013 04 20 08 15  3.538     2013 04 20 08 15  8.493       5.0
 2013 04 20 20 04 24.649     2013 04 20 20 07 50.187     205.5
9
 2013 04 20 22 26 44.034     2013 04 20 22 27 27.225      43.2
10
 2013 04 20 00 15 21.017     2013 04 20 00 18 41.126     200.1
 2013 04 20 13 51 33.118     2013 04 20 13 54 46.400     193.3
11
 2013 04 20 02 02 50.269     2013 04 20 02 05 26.430     156.2
 2013 04 20 12 04 54.157     2013 04 20 12 08 32.278     218.1
12
 2013 04 20 06 39 47.157     2013 04 20 06 40 59.255      72.1
13
 2013 04 20 01 43 23.497     2013 04 20 01 46 54.808     211.3
14
 2013 04 20 09 00  2.841     2013 04 20 09 03 32.730     209.9
15
 2013 04 20 11 40 42.256     2013 04 20 11 44 15.238     213.0
 2013 04 20 18 14 24.352     2013 04 20 18 16 17.199     112.8
16
 2013 04 20 08 24 44.850     2013 04 20 08 27 55.870     191.0
17
 2013 04 20 08 08 14.379     2013 04 20 08 10 49.404     155.0
 2013 04 20 21 44 45.025     2013 04 20 21 47 28.938     163.9
18
 2013 04 20 21 42 18.665     2013 04 20 21 45 23.182     184.5
19
 2013 04 20 13 11 21.442     2013 04 20 13 14 59.068     217.6
 2013 04 20 21 24 27.451     2013 04 20 21 27 46.364     198.9
20
 2013 04 20 03 19  8.966     2013 04 20 03 22 23.699     194.7
 2013 04 20 18 42  7.594     2013 04 20 18 44 50.933     163.3
21
22
 2013 04 20 14 02  5.315     2013 04 20 14 05 49.951     224.6
 2013 04 20 20 36 25.305     2013 04 20 20 39 49.897     204.6
23
24
25
 2013 04 20 00 36 21.616     2013 04 20 00 40  1.124     219.5
26
 2013 04 20 14 24  7.254     2013 04 20 14 26 41.580     154.3
27
 2013 04 20 06 36 10.009     2013 04 20 06 38 40.360     150.4
28
 2013 04 20 16 45 42.240     2013 04 20 16 48 26.379     164.1
29
 2013 04 20 12 25   .039     2013 04 20 12 25 37.594      37.6
 2013 04 20 20 40 16.365     2013 04 20 20 41  4.087      47.7
30
 2013 04 20 03 32 26.039     2013 04 20 03 35 56.814     210.8
 2013 04 20 15 18 45.189     2013 04 20 15 21 19.239     154.0
31
 2013 04 20 13 17 10.405     2013 04 20 13 17 37.882      27.5
 2013 04 20 14 51 41.685     2013 04 20 14 55  3.029     201.3
 2013 04 20 19 46 47.430     2013 04 20 19 49 27.931     160.5
32
 2013 04 20 10 06   .139     2013 04 20 10 08 41.077     160.9
 2013 04 20 16 39 30.222     2013 04 20 16 42 32.265     182.0
33
 2013 04 20 10 47 22.977     2013 04 20 10 51  8.797     225.8
 2013 04 20 19 02 55.084     2013 04 20 19 06 37.487     222.4
34
35
 2013 04 20 10 06 26.773     2013 04 20 10 09 20.799     174.0
 2013 04 20 15 05 15.021     2013 04 20 15 05 32.027      17.0
 2013 04 20 16 39 28.436     2013 04 20 16 43 14.050     225.6
36
37
 2013 04 20 11 34 33.039     2013 04 20 11 37 23.732     170.7
 2013 04 20 19 55  5.425     2013 04 20 19 55 54.727      49.3
38
 2013 04 20 13 03 14.608     2013 04 20 13 03 28.962      14.4
 2013 04 20 23 07 34.078     2013 04 20 23 10 40.984     186.9
39
 2013 04 20 23 21 51.506     2013 04 20 23 25 34.597     223.1
40
 2013 04 20 05 37 37.025     2013 04 20 05 40 50.076     193.1
 2013 04 20 22 41 40.944     2013 04 20 22 44 20.472     159.5
41
 2013 04 20 01 28 41.865     2013 04 20 01 28 52.388      10.5
 2013 04 20 03 02 49.769     2013 04 20 03 06 17.636     207.9
 2013 04 20 07 58 16.378     2013 04 20 08 00 51.038     154.7
42
 2013 04 20 00 21 27.913     2013 04 20 00 25   .499     212.6
 2013 04 20 12 12 54.159     2013 04 20 12 15 34.783     160.6
43
 2013 04 20 09 47 34.858     2013 04 20 09 50 15.795     160.9
44
45
 2013 04 20 09 50 40.910     2013 04 20 09 53 27.582     166.7
 2013 04 20 21 37  3.908     2013 04 20 21 39 47.010     163.1
46
47
 2013 04 20 06 42 14.048     2013 04 20 06 45  6.259     172.2
 2013 04 20 18 27 35.500     2013 04 20 18 30 42.119     186.6
48
 2013 04 20 01 43 57.585     2013 04 20 01 47 15.714     198.1
 2013 04 20 17 07 27.456     2013 04 20 17 10 55.491     208.0
49
 2013 04 20 12 15 28.357     2013 04 20 12 18  5.883     157.5
50
 2013 04 20 20 01 32.782     2013 04 20 20 04 26.401     173.6
51
 2013 04 20 10 35 52.318     2013 04 20 10 38 30.663     158.3
 2013 04 20 22 25 57.866     2013 04 20 22 29  4.080     186.2
52
 2013 04 20 09 44 57.210     2013 04 20 09 48  9.677     192.5
53
 2013 04 20 09 50 34.663     2013 04 20 09 53 10.270     155.6
 2013 04 20 21 37 51.339     2013 04 20 21 40 50.438     179.1
54
 2013 04 20 05 19 35.685     2013 04 20 05 22 19.650     164.0
 2013 04 20 13 33 25.887     2013 04 20 13 34 28.228      62.3
55
 2013 04 20 12 27 30.887     2013 04 20 12 28 38.400      67.5
 2013 04 20 19 02  5.484     2013 04 20 19 05 28.072     202.6
56
 2013 04 20 04 59 51.686     2013 04 20 05 03  3.764     192.1
 2013 04 20 18 36 25.030     2013 04 20 18 39 31.201     186.2
57
 2013 04 20 04 13 24.766     2013 04 20 04 15 59.172     154.4
 2013 04 20 17 48   .367     2013 04 20 17 51  3.467     183.1
58
 2013 04 20 16 58 26.736     2013 04 20 17 01 50.226     203.5
59
 2013 04 20 20 07 15.590     2013 04 20 20 10 41.125     205.5
60
 2013 04 20 00 29 44.943     2013 04 20 00 32 25.001     160.1
 2013 04 20 10 30 28.732     2013 04 20 10 33  2.854     154.1
61
 2013 04 20 10 48  7.352     2013 04 20 10 50 42.612     155.3
 2013 04 20 19 04 31.612     2013 04 20 19 07 39.994     188.4
62
 2013 04 20 16 57 52.678     2013 04 20 17 00 34.979     162.3
63
 2013 04 20 02 31 17.622     2013 04 20 02 31 20.291       2.7
 2013 04 20 17 52 17.399     2013 04 20 17 55 42.961     205.6
64
 2013 04 20 00 24 38.635     2013 04 20 00 27  8.732     150.1
 2013 04 20 12 09 58.104     2013 04 20 12 13 36.066     218.0
65
 2013 04 20 02 46 46.826     2013 04 20 02 49 23.868     157.0
 2013 04 20 14 31  1.148     2013 04 20 14 31  9.961       8.8
66
67
 2013 04 20 01 24 34.437     2013 04 20 01 27 29.391     175.0
 2013 04 20 07 58 40.098     2013 04 20 08 01 57.626     197.5
68
 2013 04 20 03 31 53.395     2013 04 20 03 35 14.862     201.5
 2013 04 20 15 19  7.152     2013 04 20 15 21 45.720     158.6
69
 2013 04 20 21 04 40.132     2013 04 20 21 07 39.856     179.7
70
 2013 04 20 19 14   .334     2013 04 20 19 17  1.093     180.8
71
 2013 04 20 15 22 34.408     2013 04 20 15 26  8.932     214.5
72
73
 2013 04 20 05 43 33.111     2013 04 20 05 46 13.594     160.5
74
 2013 04 20 09 39 15.569     2013 04 20 09 39 19.611       4.0
75
76
 2013 04 20 21 42 18.187     2013 04 20 21 45 36.766     198.6
77
 2013 04 20 08 12   .550     2013 04 20 08 14 32.480     151.9
78
79
 2013 04 20 05 22 17.589     2013 04 20 05 22 19.534       1.9
 2013 04 20 11 57  5.243     2013 04 20 12 00 29.143     203.9
80
 2013 04 20 08 26  4.899     2013 04 20 08 28 47.710     162.8
 2013 04 20 16 42  2.245     2013 04 20 16 45 42.573     220.3
81
 2013 04 20 11 28 25.123     2013 04 20 11 28 28.262       3.1
82
 2013 04 20 06 56 10.499     2013 04 20 06 59 51.278     220.8
 2013 04 20 13 31 32.941     2013 04 20 13 34 10.949     158.0
83
 2013 04 20 08 22 41.232     2013 04 20 08 22 46.119       4.9
84
 2013 04 20 04 29 31.306     2013 04 20 04 29 51.261      20.0
 2013 04 20 12 48 10.762     2013 04 20 12 50 59.430     168.7
85
86
 2013 04 20 00 32  1.027     2013 04 20 00 34 52.814     171.8
87
 2013 04 20 17 51 47.002     2013 04 20 17 55  8.392     201.4
88
 2013 04 20 12 06 18.965     2013 04 20 12 10   .340     221.4
89
90
 2013 04 20 09 44 47.906     2013 04 20 09 47 19.111     151.2
 2013 04 20 23 18   .267     2013 04 20 23 18  7.265       7.0
91
 2013 04 20 14 48 14.502     2013 04 20 14 51 30.035     195.5
 2013 04 20 21 21 45.198     2013 04 20 21 24 20.849     155.7
92
 2013 04 20 13 14 16.704     2013 04 20 13 17 13.321     176.6
 2013 04 20 19 47 32.472     2013 04 20 19 50 13.821     161.3
93
 2013 04 20 08 21 58.799     2013 04 20 08 24 41.491     162.7
 2013 04 20 18 22 53.978     2013 04 20 18 25 27.658     153.7
94
 2013 04 20 01 02 56.664     2013 04 20 01 06  4.669     188.0
 2013 04 20 14 39  2.285     2013 04 20 14 41 50.920     168.6
95
 2013 04 20 03 46 28.843     2013 04 20 03 48 25.573     116.7
 2013 04 20 10 22 31.372     2013 04 20 10 25 19.564     168.2
96
 2013 04 20 00 29 53.154     2013 04 20 00 29 52.526       -.6
 2013 04 20 10 30 33.072     2013 04 20 10 32 12.716      99.6
97
 2013 04 20 01 23 56.777     2013 04 20 01 27  2.664     185.9
98
 2013 04 20 03 16 36.443     2013 04 20 03 19 10.273     153.8
 2013 04 20 20 19 12.647     2013 04 20 20 21 49.017     156.4
99
 2013 04 20 00 54 46.709     2013 04 20 00 57 28.617     161.9
 2013 04 20 17 57 50.549     2013 04 20 18 00 24.707     154.2
100
 2013 04 20 13 04 24.139     2013 04 20 13 06 57.367     153.2
 2013 04 20 23 05 32.568     2013 04 20 23 09  8.757     216.2
101
102
 2013 04 20 21 32 42.302     2013 04 20 21 35 50.968     188.7
103
 2013 04 20 09 58 11.531     2013 04 20 10 00 43.191     151.7
 2013 04 20 19 55 39.757     2013 04 20 19 56 57.224      77.5
104
 2013 04 20 06 57 52.960     2013 04 20 07 00 28.094     155.1
 2013 04 20 11 52 29.097     2013 04 20 11 55 55.544     206.4
105
 2013 04 20 23 21 43.892     2013 04 20 23 24 54.219     190.3
106
 2013 04 20 01 26 40.193     2013 04 20 01 29 22.163     162.0
 2013 04 20 06 21   .689     2013 04 20 06 21 44.066      43.4
 2013 04 20 07 59  8.621     2013 04 20 08 02 32.033     203.4
107
 2013 04 20 11 38  5.940     2013 04 20 11 40 51.012     165.1
108
 2013 04 20 16 10 38.254     2013 04 20 16 13 57.472     199.2
109
 2013 04 20 14 29  3.150     2013 04 20 14 32 10.407     187.3
110
 2013 04 20 16 58 47.984     2013 04 20 16 58 55.797       7.8
111
 2013 04 20 10 43 49.318     2013 04 20 10 46 54.613     185.3
 2013 04 20 20 43 16.933     2013 04 20 20 45 50.221     153.3
112
 2013 04 20 13 36 16.084     2013 04 20 13 38 51.752     155.7
113
 2013 04 20 02 25 53.976     2013 04 20 02 29 19.404     205.4
 2013 04 20 21 08  1.373     2013 04 20 21 10 37.812     156.4
114
 2013 04 20 06 07 23.087     2013 04 20 06 10 19.704     176.6
115
 2013 04 20 14 00 33.027     2013 04 20 14 03 13.372     160.3
 2013 04 20 20 35 18.724     2013 04 20 20 38 35.210     196.5
116
 2013 04 20 11 18 33.104     2013 04 20 11 21 48.366     195.3
117
 2013 04 20 23 10 14.183     2013 04 20 23 13 21.257     187.1
118
 2013 04 20 02 05 12.021     2013 04 20 02 07 53.126     161.1
 2013 04 20 12 03 34.298     2013 04 20 12 06 27.803     173.5
119
 2013 04 20 01 19 29.441     2013 04 20 01 22 17.488     168.0
120
121
 2013 04 20 21 41  9.737     2013 04 20 21 44 22.985     193.2
122
 2013 04 20 04 50 15.159     2013 04 20 04 53   .548     165.4
 2013 04 20 21 53 52.268     2013 04 20 21 56 50.531     178.3
123
 2013 04 20 04 50 23.690     2013 04 20 04 53  3.643     160.0
 2013 04 20 21 53 11.694     2013 04 20 21 55 59.264     167.6
124
 2013 04 20 21 47 18.150     2013 04 20 21 50 12.243     174.1
125
 2013 04 20 05 44 11.826     2013 04 20 05 47  6.012     174.2
126
127
 2013 04 20 03 46  1.338     2013 04 20 03 48 54.344     173.0
 2013 04 20 10 21 11.429     2013 04 20 10 21 36.209      24.8
128
 2013 04 20 11 38  7.239     2013 04 20 11 40 50.341     163.1
129
 2013 04 20 10 47 56.807     2013 04 20 10 51 21.637     204.8
 2013 04 20 19 05 36.618     2013 04 20 19 08 19.623     163.0
130
 2013 04 20 04 15 24.678     2013 04 20 04 18  2.449     157.8
131
 2013 04 20 03 38 49.349     2013 04 20 03 41 37.385     168.0
 2013 04 20 13 38 22.754     2013 04 20 13 40 57.594     154.8
132
 2013 04 20 01 53 28.207     2013 04 20 01 53 56.615      28.4
133
 2013 04 20 08 23 41.301     2013 04 20 08 27  6.493     205.2
134
 2013 04 20 02 04 45.320     2013 04 20 02 07 19.650     154.3
 2013 04 20 12 04  5.099     2013 04 20 12 06 42.343     157.2
135
 2013 04 20 16 10 17.570     2013 04 20 16 12 47.947     150.4
136
137
 2013 04 20 07 31 24.271     2013 04 20 07 34 54.858     210.6
138
 2013 04 20 16 08 56.691     2013 04 20 16 11 59.598     182.9
139
140
 2013 04 20 07 22 37.753     2013 04 20 07 26 16.383     218.6
 2013 04 20 20 55 23.748     2013 04 20 20 58 47.983     204.2
141
142
 2013 04 20 22 34 31.862     2013 04 20 22 37 41.862     190.0
143
 2013 04 20 11 24 14.310     2013 04 20 11 26 48.219     153.9
 2013 04 20 23 12 21.593     2013 04 20 23 14 57.980     156.4
144
 2013 04 20 00 28 57.642     2013 04 20 00 31 28.226     150.6
 2013 04 20 10 30  8.926     2013 04 20 10 33 17.774     188.8
145
 2013 04 20 16 44 54.200     2013 04 20 16 47 32.326     158.1
146
 2013 04 20 06 31 52.401     2013 04 20 06 35  3.001     190.6
 2013 04 20 20 14 17.351     2013 04 20 20 15 23.026      65.7
147
 2013 04 20 18 26 18.799     2013 04 20 18 29 45.347     206.5
148
 2013 04 20 21 51 48.346     2013 04 20 21 54 37.416     169.1
149
 2013 04 20 20 46 23.757     2013 04 20 20 49 11.097     167.3
150
 2013 04 20 02 33 44.867     2013 04 20 02 36 24.303     159.4
 2013 04 20 17 53  7.018     2013 04 20 17 56 18.950     191.9
151
 2013 04 20 03 28 27.000     2013 04 20 03 32  3.038     216.0
152
 2013 04 20 12 00 58.209     2013 04 20 12 04  1.073     182.9
153
 2013 04 20 03 23  5.062     2013 04 20 03 25 38.827     153.8
154
 2013 04 20 02 30   .597     2013 04 20 02 33 35.458     214.9
 2013 04 20 19 32 41.607     2013 04 20 19 36 18.840     217.2
155
 2013 04 20 08 01  8.866     2013 04 20 08 03 52.981     164.1
156
 2013 04 20 13 41  7.772     2013 04 20 13 43 41.978     154.2
157
 2013 04 20 02 52  1.789     2013 04 20 02 55 40.673     218.9
 2013 04 20 12 51 53.259     2013 04 20 12 53  5.289      72.0
158
 2013 04 20 17 30 57.877     2013 04 20 17 31 15.254      17.4
159
160
 2013 04 20 11 57 24.828     2013 04 20 12 00   .250     155.4
161
 2013 04 20 22 38 39.230     2013 04 20 22 39 28.690      49.5
162
163
 2013 04 20 01 54  6.154     2013 04 20 01 57 41.888     215.7
164
 2013 04 20 00 20  3.352     2013 04 20 00 22 34.132     150.8
165
 2013 04 20 10 02 52.199     2013 04 20 10 05 32.019     159.8
 2013 04 20 18 16 17.119     2013 04 20 18 19 45.351     208.2
166
 2013 04 20 08 28 37.358     2013 04 20 08 29 24.715      47.4
167
168
 2013 04 20 22 15  9.666     2013 04 20 22 16 50.385     100.7
169
 2013 04 20 07 33  2.900     2013 04 20 07 35 43.123     160.2
170
 2013 04 20 11 19 42.619     2013 04 20 11 22 51.727     189.1
171
 2013 04 20 06 45 18.469     2013 04 20 06 48 13.826     175.4
172
 2013 04 20 03 26 31.727     2013 04 20 03 27  6.157      34.4
173
 2013 04 20 00 12 57.567     2013 04 20 00 14 23.752      86.2
174
 2013 04 20 08 51 38.623     2013 04 20 08 55  4.806     206.2
175
 2013 04 20 02 56   .319     2013 04 20 02 56 17.085      16.8
 2013 04 20 11 13 37.511     2013 04 20 11 16 16.835     159.3
176
177
 2013 04 20 10 50 15.343     2013 04 20 10 53 42.701     207.4
178
 2013 04 20 03 40 23.083     2013 04 20 03 43 18.494     175.4
 2013 04 20 13 37  2.136     2013 04 20 13 40 46.414     224.3
179
180
 2013 04 20 03 14 22.603     2013 04 20 03 17 26.126     183.5
 2013 04 20 21 55 32.701     2013 04 20 21 58 59.238     206.5
181
 2013 04 20 17 32  5.117     2013 04 20 17 34 44.287     159.2
182
 2013 04 20 13 10 18.179     2013 04 20 13 13 23.438     185.3
 2013 04 20 21 27  2.553     2013 04 20 21 29 37.158     154.6
183
 2013 04 20 10 34 41.297     2013 04 20 10 36   .949      79.7
 2013 04 20 22 27 13.042     2013 04 20 22 30 16.147     183.1
184
 2013 04 20 12 26 47.068     2013 04 20 12 30 34.026     227.0
 2013 04 20 19 02 16.404     2013 04 20 19 04 52.423     156.0
185
186
 2013 04 20 16 23 33.287     2013 04 20 16 26  8.600     155.3
 2013 04 20 22 56 57.803     2013 04 20 22 59 43.077     165.3
187
 2013 04 20 10 41 45.041     2013 04 20 10 45  6.376     201.3
188
 2013 04 20 04 34 56.594     2013 04 20 04 38 29.818     213.2
 2013 04 20 11 09 42.810     2013 04 20 11 12 35.220     172.4
189
 2013 04 20 03 15 13.857     2013 04 20 03 18 28.490     194.6
 2013 04 20 20 17 56.042     2013 04 20 20 21  5.115     189.1
190
191
 2013 04 20 00 58 13.816     2013 04 20 01 01 22.682     188.9
 2013 04 20 16 20 11.915     2013 04 20 16 22 50.495     158.6
192
 2013 04 20 01 12  2.238     2013 04 20 01 14 35.450     153.2
 2013 04 20 12 57  3.171     2013 04 20 12 57 50.805      47.6
193
 2013 04 20 09 20 26.238     2013 04 20 09 23 19.306     173.1
 2013 04 20 14 15 25.785     2013 04 20 14 18  6.762     161.0
194
 2013 04 20 02 48 27.881     2013 04 20 02 51 52.990     205.1
195
 2013 04 20 11 14 41.385     2013 04 20 11 18 23.870     222.5
196
 2013 04 20 05 20 30.636     2013 04 20 05 23 42.607     192.0
 2013 04 20 11 54 30.147     2013 04 20 11 57 50.467     200.3
197
 2013 04 20 09 48 54.232     2013 04 20 09 51 31.427     157.2
 2013 04 20 21 38 46.202     2013 04 20 21 41 39.032     172.8
198
 2013 04 20 08 13 55.666     2013 04 20 08 16 25.983     150.3
 2013 04 20 20 03 40.789     2013 04 20 20 03 40.161       -.6
199
 2013 04 20 12 19 29.670     2013 04 20 12 23 16.350     226.7
200
 2013 04 20 10 53  4.421     2013 04 20 10 56 25.440     201.0
 2013 04 20 17 27 21.745     2013 04 20 17 30 26.586     184.8
201
 2013 04 20 13 05 41.865     2013 04 20 13 06 34.186      52.3
202
 2013 04 20 04 51 11.890     2013 04 20 04 54 12.833     180.9
 2013 04 20 21 52 52.916     2013 04 20 21 55 44.413     171.5
203
 2013 04 20 03 17 42.278     2013 04 20 03 18  7.954      25.7
 2013 04 20 20 20 56.708     2013 04 20 20 21   .632       3.9
204
 2013 04 20 03 26 53.656     2013 04 20 03 29 41.455     167.8
205
 2013 04 20 11 33 36.145     2013 04 20 11 37 12.989     216.8
206
 2013 04 20 00 06 42.252     2013 04 20 00 09 19.802     157.5
 2013 04 20 17 09 40.739     2013 04 20 17 12 47.971     187.2
 2013 04 20 23 43 30.924     2013 04 20 23 46 12.324     161.4
207
 2013 04 20 05 18 22.113     2013 04 20 05 20 55.603     153.5
 2013 04 20 13 33 45.282     2013 04 20 13 36 20.222     154.9
208
 2013 04 20 13 04 31.997     2013 04 20 13 07 57.411     205.4
 2013 04 20 23 07  3.609     2013 04 20 23 09 38.160     154.6
209
 2013 04 20 05 19 50.071     2013 04 20 05 20  6.604      16.5
 2013 04 20 12 00 23.620     2013 04 20 12 00 31.432       7.8
210
211
 2013 04 20 08 58 40.992     2013 04 20 09 01 50.224     189.2
212
 2013 04 20 02 15 41.189     2013 04 20 02 18 37.653     176.5
 2013 04 20 07 10 35.443     2013 04 20 07 13 11.282     155.8
213
 2013 04 20 08 55 58.946     2013 04 20 08 58 38.101     159.2
 2013 04 20 22 31 48.419     2013 04 20 22 34 19.210     150.8
214
 2013 04 20 08 58  4.360     2013 04 20 09 00 50.191     165.8
215
 2013 04 20 08 59 17.640     2013 04 20 09 02 33.731     196.1
216
217
 2013 04 20 08 17 34.400     2013 04 20 08 20  7.440     153.0
218
219
 2013 04 20 05 53 19.300     2013 04 20 05 56 38.054     198.8
 2013 04 20 17 40 58.614     2013 04 20 17 43 43.034     164.4
220
221
 2013 04 20 09 00 26.658     2013 04 20 09 04 11.726     225.1
 2013 04 20 20 52 39.978     2013 04 20 20 55 35.888     175.9
222
 2013 04 20 07 29 18.320     2013 04 20 07 32 34.377     196.1
223
 2013 04 20 14 48 20.337     2013 04 20 14 51  4.501     164.2
 2013 04 20 21 22 11.204     2013 04 20 21 24 49.271     158.1
224
 2013 04 20 06 26 13.914     2013 04 20 06 29 35.368     201.5
 2013 04 20 23 26 38.766     2013 04 20 23 28  2.609      83.8
225
 2013 04 20 17 46 23.520     2013 04 20 17 49  1.386     157.9
226
227
 2013 04 20 01 58 39.146     2013 04 20 02 02 13.978     214.8
228
229
 2013 04 20 05 10 23.512     2013 04 20 05 13 55.491     212.0
230
 2013 04 20 03 38 34.215     2013 04 20 03 41 13.584     159.4
 2013 04 20 13 39 26.946     2013 04 20 13 42   .653     153.7
231
 2013 04 20 04 32 37.427     2013 04 20 04 35 28.439     171.0
 2013 04 20 12 45  6.018     2013 04 20 12 45 19.386      13.4
232
 2013 04 20 18 26 47.434     2013 04 20 18 29 28.755     161.3
233
 2013 04 20 00 34 32.999     2013 04 20 00 38 13.349     220.3
 2013 04 20 08 51 37.087     2013 04 20 08 54 18.362     161.3
234
 2013 04 20 16 50 36.721     2013 04 20 16 53 59.033     202.3
235
236
 2013 04 20 22 15 19.190     2013 04 20 22 17 56.324     157.1
237
 2013 04 20 15 57 46.795     2013 04 20 16 00 29.949     163.2
238
 2013 04 20 18 24  6.752     2013 04 20 18 25   .079      53.3
239
 2013 04 20 02 10 54.173     2013 04 20 02 14 24.230     210.1
240
 2013 04 20 11 22 22.087     2013 04 20 11 25 36.323     194.2
241
 2013 04 20 17 03 25.454     2013 04 20 17 06 14.364     168.9
242
 2013 04 20 21 39 12.693     2013 04 20 21 40 16.413      63.7
243
 2013 04 20 03 25 48.411     2013 04 20 03 28 46.246     177.8
 2013 04 20 17 00 27.938     2013 04 20 17 03  9.085     161.1
244
245
 2013 04 20 14 19  4.739     2013 04 20 14 21 48.514     163.8
246
 2013 04 20 12 23 54.285     2013 04 20 12 27 11.261     197.0
 2013 04 20 20 37 48.671     2013 04 20 20 40 40.029     171.4
247
 2013 04 20 14 30  7.924     2013 04 20 14 33 13.397     185.5
248
249
 2013 04 20 14 03 33.903     2013 04 20 14 06 42.349     188.4
 2013 04 20 18 58 52.310     2013 04 20 19 01 44.391     172.1
250
 2013 04 20 01 55 57.729     2013 04 20 01 56 46.158      48.4
 2013 04 20 13 47 31.137     2013 04 20 13 50  4.938     153.8
251
 2013 04 20 02 29 17.065     2013 04 20 02 32 38.620     201.6
 2013 04 20 19 32 55.261     2013 04 20 19 35 35.864     160.6
252
 2013 04 20 03 24 23.245     2013 04 20 03 26 58.052     154.8
 2013 04 20 17 01 58.690     2013 04 20 17 04 52.120     173.4
253
 2013 04 20 09 09 14.862     2013 04 20 09 12 17.316     182.5
 2013 04 20 19 08 53.233     2013 04 20 19 11 29.104     155.9
254
 2013 04 20 19 13 48.723     2013 04 20 19 16 58.364     189.6
255
 2013 04 20 05 20 53.223     2013 04 20 05 23 59.978     186.8
 2013 04 20 11 56 17.054     2013 04 20 11 59 27.997     190.9
256
 2013 04 20 08 27 43.631     2013 04 20 08 30 35.214     171.6
 2013 04 20 16 42  1.700     2013 04 20 16 44 47.691     166.0
257
 2013 04 20 10 29 55.178     2013 04 20 10 30 42.336      47.2
258
259
260
 2013 04 20 10 01 56.074     2013 04 20 10 05 25.525     209.5
 2013 04 20 18 15 59.949     2013 04 20 18 18 44.600     164.7
261
 2013 04 20 05 58 19.274     2013 04 20 05 58 43.206      23.9
 2013 04 20 16 02 31.454     2013 04 20 16 05 24.685     173.2
262
 2013 04 20 16 51 47.972     2013 04 20 16 54 21.195     153.2
263
 2013 04 20 14 40 40.285     2013 04 20 14 42 45.813     125.5
264
 2013 04 20 15 36 14.096     2013 04 20 15 39 35.146     201.0
 2013 04 20 17 13 54.224     2013 04 20 17 17 37.695     223.5
 2013 04 20 20 30 32.202     2013 04 20 20 31 44.400      72.2
 2013 04 20 22 08 48.925     2013 04 20 22 11 55.173     186.2
265
266
 2013 04 20 09 15 22.527     2013 04 20 09 18   .482     158.0
 2013 04 20 17 29 51.702     2013 04 20 17 33  1.917     190.2
267
268
 2013 04 20 14 42 11.424     2013 04 20 14 45  3.621     172.2
269
 2013 04 20 16 25 15.664     2013 04 20 16 28  3.563     167.9
 2013 04 20 21 20 12.125     2013 04 20 21 23  4.816     172.7
270
 2013 04 20 10 37 13.056     2013 04 20 10 40 12.599     179.5
 2013 04 20 22 25 44.565     2013 04 20 22 28 32.722     168.2
271
 2013 04 20 04 15 46.970     2013 04 20 04 18 21.635     154.7
272
 2013 04 20 00 37 18.181     2013 04 20 00 39 52.744     154.6
 2013 04 20 07 11 39.425     2013 04 20 07 15 19.533     220.1
273
274
 2013 04 20 05 13 31.185     2013 04 20 05 14 27.966      56.8
 2013 04 20 15 13 44.580     2013 04 20 15 15 13.883      89.3
275
 2013 04 20 09 13 41.864     2013 04 20 09 13 50.749       8.9
 2013 04 20 17 31 34.636     2013 04 20 17 34  9.670     155.0
276
 2013 04 20 05 13 56.507     2013 04 20 05 14 12.092      15.6
277
 2013 04 20 03 46 56.068     2013 04 20 03 47 37.380      41.3
 2013 04 20 10 22 47.433     2013 04 20 10 25 22.854     155.4
278
279
 2013 04 20 22 30 49.058     2013 04 20 22 31 23.904      34.8
280
 2013 04 20 00 11 29.597     2013 04 20 00 14 16.156     166.6
 2013 04 20 15 32 31.755     2013 04 20 15 35 22.191     170.4
281
 2013 04 20 12 23 44.239     2013 04 20 12 23 59.588      15.3
 2013 04 20 20 37 19.744     2013 04 20 20 40 15.784     176.0
282
 2013 04 20 01 58 46.695     2013 04 20 02 01 17.400     150.7
 2013 04 20 13 44 45.350     2013 04 20 13 47 57.288     191.9
283
 2013 04 20 16 08 12.220     2013 04 20 16 08 24.561      12.3
284
 2013 04 20 00 14 47.343     2013 04 20 00 17 20.172     152.8
 2013 04 20 13 52 48.520     2013 04 20 13 56 32.974     224.5
285
286
 2013 04 20 08 30 51.837     2013 04 20 08 33 37.442     165.6
 2013 04 20 15 04 21.109     2013 04 20 15 06 58.775     157.7
287
 2013 04 20 04 22 42.204     2013 04 20 04 25 54.560     192.4
288
289
 2013 04 20 03 50  4.818     2013 04 20 03 53  4.580     179.8
 2013 04 20 08 45  4.740     2013 04 20 08 47 40.820     156.1
290
 2013 04 20 15 14 25.148     2013 04 20 15 16  3.234      98.1
291
 2013 04 20 10 26 29.326     2013 04 20 10 29 53.411     204.1
292
293
 2013 04 20 07 44 15.236     2013 04 20 07 46 55.469     160.2
 2013 04 20 14 17 48.746     2013 04 20 14 20 44.127     175.4
294
 2013 04 20 03 35 21.622     2013 04 20 03 38 47.487     205.9
295
 2013 04 20 06 05 23.758     2013 04 20 06 08 40.860     197.1
 2013 04 20 14 20 12.813     2013 04 20 14 22 45.935     153.1
296
 2013 04 20 20 11 48.370     2013 04 20 20 12  2.683      14.3
297
298
 2013 04 20 01 46 13.878     2013 04 20 01 46 24.670      10.8
299
 2013 04 20 06 34 21.271     2013 04 20 06 35 36.699      75.4
300
 2013 04 20 15 37   .036     2013 04 20 15 39 57.132     177.1
 2013 04 20 22 10 13.644     2013 04 20 22 13 49.602     216.0
301
 2013 04 20 22 19 47.550     2013 04 20 22 23 14.272     206.7
302
 2013 04 20 15 06 22.375     2013 04 20 15 09 38.638     196.3
303
 2013 04 20 02 12   .484     2013 04 20 02 14 15.863     135.4
 2013 04 20 08 48  2.918     2013 04 20 08 50 51.531     168.6
304
 2013 04 20 04 11 31.821     2013 04 20 04 14 10.364     158.5
 2013 04 20 17 49 14.762     2013 04 20 17 52  7.056     172.3
305
 2013 04 20 09 10 30.346     2013 04 20 09 13 53.260     202.9
 2013 04 20 19 07 47.945     2013 04 20 19 10 55.504     187.6
306
307
 2013 04 20 07 45   .697     2013 04 20 07 48 32.519     211.8
 2013 04 20 12 40 39.255     2013 04 20 12 44 16.395     217.1
308
 2013 04 20 20 45 57.809     2013 04 20 20 47 55.862     118.1
309
 2013 04 20 01 05 22.091     2013 04 20 01 08   .467     158.4
310
 2013 04 20 12 25 57.533     2013 04 20 12 29 14.148     196.6
 2013 04 20 18 59 52.511     2013 04 20 19 02 45.126     172.6
311
 2013 04 20 15 34  9.900     2013 04 20 15 37 18.730     188.8
 2013 04 20 22 11 40.874     2013 04 20 22 12 14.677      33.8
312
 2013 04 20 14 23  5.643     2013 04 20 14 25 57.541     171.9
313
314
 2013 04 20 03 48 10.440     2013 04 20 03 50 44.702     154.3
 2013 04 20 10 21 13.397     2013 04 20 10 24 17.599     184.2
315
 2013 04 20 10 33 43.939     2013 04 20 10 36 24.014     160.1
316
 2013 04 20 08 13 55.838     2013 04 20 08 14 17.643      21.8
 2013 04 20 21 41 48.238     2013 04 20 21 42 13.575      25.3
317
 2013 04 20 09 07 16.942     2013 04 20 09 10 15.287     178.3
318
 2013 04 20 02 38  9.048     2013 04 20 02 40 50.492     161.4
 2013 04 20 16 14 31.482     2013 04 20 16 17  9.575     158.1
319
 2013 04 20 00 20  8.289     2013 04 20 00 22 40.850     152.6
320
 2013 04 20 02 03 32.506     2013 04 20 02 04  3.806      31.3
 2013 04 20 12 05 48.740     2013 04 20 12 08 34.154     165.4
321
 2013 04 20 05 46  1.812     2013 04 20 05 48 57.635     175.8
 2013 04 20 19 24  6.537     2013 04 20 19 26 43.711     157.2
322
323
 2013 04 20 22 27 59.375     2013 04 20 22 30 35.335     156.0
324
 2013 04 20 20 46  4.627     2013 04 20 20 48 11.128     126.5
325
 2013 04 20 03 15 34.306     2013 04 20 03 19 19.825     225.5
 2013 04 20 20 17 56.015     2013 04 20 20 20 33.218     157.2
326
 2013 04 20 02 51  3.730     2013 04 20 02 54 50.573     226.8
 2013 04 20 12 52 50.231     2013 04 20 12 55 37.754     167.5
327
 2013 04 20 04 53 17.508     2013 04 20 04 55 53.700     156.2
 2013 04 20 20 15 35.470     2013 04 20 20 19 11.386     215.9
328
 2013 04 20 09 42 25.033     2013 04 20 09 45 28.303     183.3
 2013 04 20 23 18 36.819     2013 04 20 23 21 35.487     178.7
329
 2013 04 20 06 24 36.895     2013 04 20 06 28 10.379     213.5
 2013 04 20 23 26 59.478     2013 04 20 23 29 36.794     157.3
330
 2013 04 20 12 49 44.338     2013 04 20 12 52 20.309     156.0
331
332
 2013 04 20 18 38 42.081     2013 04 20 18 42 23.542     221.5
333
 2013 04 20 07 43 52.413     2013 04 20 07 46 56.658     184.2
 2013 04 20 09 21 15.511     2013 04 20 09 21 17.812       2.3
 2013 04 20 14 16 47.576     2013 04 20 14 19 40.410     172.8
334
 2013 04 20 01 27 18.642     2013 04 20 01 30 27.047     188.4
 2013 04 20 06 22 36.288     2013 04 20 06 26  4.852     208.6
335
 2013 04 20 01 06 19.011     2013 04 20 01 06 30.326      11.3
336
 2013 04 20 03 28 14.938     2013 04 20 03 31 46.549     211.6
337
 2013 04 20 04 19 22.890     2013 04 20 04 22 39.543     196.7
 2013 04 20 16 06 24.106     2013 04 20 16 08 54.544     150.4
338
 2013 04 20 05 07 41.872     2013 04 20 05 10 18.869     157.0
 2013 04 20 16 53 55.794     2013 04 20 16 57 31.699     215.9
339
 2013 04 20 21 00 16.673     2013 04 20 21 03 46.778     210.1
340
 2013 04 20 11 10 17.668     2013 04 20 11 13  2.111     164.4
341
 2013 04 20 04 17 16.514     2013 04 20 04 20  6.163     169.6
342
 2013 04 20 19 24 16.494     2013 04 20 19 27 29.721     193.2
343
 2013 04 20 00 31 30.437     2013 04 20 00 34 44.116     193.7
 2013 04 20 10 27 43.037     2013 04 20 10 29  5.412      82.4
344
 2013 04 20 01 42 56.251     2013 04 20 01 45 29.853     153.6
 2013 04 20 18 44 32.696     2013 04 20 18 47 49.260     196.6
345
346
 2013 04 20 09 00 13.032     2013 04 20 09 03 57.309     224.3
347
 2013 04 20 00 26 20.265     2013 04 20 00 27 21.095      60.8
348
 2013 04 20 05 06 37.024     2013 04 20 05 09  9.174     152.1
 2013 04 20 16 54 28.425     2013 04 20 16 57  1.461     153.0
349
 2013 04 20 02 44 24.939     2013 04 20 02 48  5.273     220.3
 2013 04 20 14 33 51.994     2013 04 20 14 36 48.514     176.5
350
 2013 04 20 11 26  3.269     2013 04 20 11 29 18.841     195.6
 2013 04 20 23 10  8.559     2013 04 20 23 13 44.780     216.2
351
 2013 04 20 03 35 58.755     2013 04 20 03 36 20.729      22.0
352
 2013 04 20 23 03 47.844     2013 04 20 23 06 24.271     156.4
353
 2013 04 20 13 43 43.650     2013 04 20 13 46 20.283     156.6
354
 2013 04 20 09 00  3.959     2013 04 20 09 03 12.825     188.9
355
 2013 04 20 03 35  1.293     2013 04 20 03 37 31.206     149.9
356
357
 2013 04 20 09 59 35.649     2013 04 20 10 02 20.199     164.5
358
 2013 04 20 09 40 28.263     2013 04 20 09 43 55.214     207.0
 2013 04 20 23 24 11.617     2013 04 20 23 24 39.555      27.9
359
360
 2013 04 20 12 21 28.255     2013 04 20 12 24 33.439     185.2
361
 2013 04 20 09 04 52.025     2013 04 20 09 07 31.556     159.5
362
 2013 04 20 06 01   .594     2013 04 20 06 04 32.113     211.5
 2013 04 20 16 00 46.945     2013 04 20 16 02 28.928     102.0
363
 2013 04 20 17 52 11.898     2013 04 20 17 55 10.078     178.2
364
 2013 04 20 13 14 58.813     2013 04 20 13 17 56.435     177.6
 2013 04 20 19 48 41.126     2013 04 20 19 51 53.660     192.5
365
 2013 04 20 10 01 23.044     2013 04 20 10 04  5.327     162.3
 2013 04 20 18 17 44.732     2013 04 20 18 20 22.151     157.4
366
 2013 04 20 09 19   .887     2013 04 20 09 19 21.285      20.4
 2013 04 20 17 27 51.662     2013 04 20 17 31 27.462     215.8
367
 2013 04 20 23 13 33.872     2013 04 20 23 16 53.018     199.1
368
369
 2013 04 20 00 15  8.412     2013 04 20 00 18 21.698     193.3
 2013 04 20 13 53 47.259     2013 04 20 13 56 27.310     160.1
370
 2013 04 20 05 44 53.835     2013 04 20 05 47 32.260     158.4
371
372
 2013 04 20 12 00 57.121     2013 04 20 12 03 56.258     179.1
373
 2013 04 20 08 06  3.216     2013 04 20 08 08  1.130     117.9
 2013 04 20 21 46 25.009     2013 04 20 21 50  5.348     220.3
374
 2013 04 20 08 02 24.503     2013 04 20 08 04 58.372     153.9
 2013 04 20 23 24 28.879     2013 04 20 23 27 52.372     203.5
375
 2013 04 20 21 28 16.803     2013 04 20 21 30   .034     103.2
376
 2013 04 20 05 07 57.710     2013 04 20 05 10 33.067     155.4
 2013 04 20 16 53 37.043     2013 04 20 16 54 45.807      68.8
377
 2013 04 20 15 37 47.990     2013 04 20 15 40 37.640     169.6
 2013 04 20 20 32 46.922     2013 04 20 20 35 53.920     187.0
378
 2013 04 20 01 53 39.351     2013 04 20 01 56 29.450     170.1
379
 2013 04 20 05 01 47.386     2013 04 20 05 02 12.977      25.6
380
 2013 04 20 07 24 43.105     2013 04 20 07 27 51.095     188.0
381
 2013 04 20 03 18 47.229     2013 04 20 03 21 45.284     178.1
 2013 04 20 18 41 43.212     2013 04 20 18 44 59.594     196.4
382
 2013 04 20 19 53 57.978     2013 04 20 19 57   .747     182.8
383
 2013 04 20 19 12 36.141     2013 04 20 19 15 27.414     171.3
384
 2013 04 20 05 21 43.704     2013 04 20 05 25 18.151     214.4
 2013 04 20 11 57   .968     2013 04 20 11 59 38.436     157.5
385
 2013 04 20 03 40 11.568     2013 04 20 03 42 43.662     152.1
 2013 04 20 13 37 48.779     2013 04 20 13 41 22.342     213.6
386
 2013 04 20 01 14 31.967     2013 04 20 01 17 45.124     193.2
387
 2013 04 20 01 11 28.916     2013 04 20 01 13 11.819     102.9
388
 2013 04 20 10 34 17.240     2013 04 20 10 37 58.545     221.3
389
390
 2013 04 20 10 43 40.081     2013 04 20 10 46 45.450     185.4
 2013 04 20 20 43 18.682     2013 04 20 20 45 55.759     157.1
391
 2013 04 20 07 37  7.064     2013 04 20 07 38 19.736      72.7
 2013 04 20 17 33 46.100     2013 04 20 17 36 28.820     162.7
392
 2013 04 20 07 22  9.760     2013 04 20 07 22 53.255      43.5
393
 2013 04 20 03 59 27.415     2013 04 20 04 03 18.963     231.5
 2013 04 20 05 37 28.442     2013 04 20 05 41   .955     212.5
 2013 04 20 22 41 54.514     2013 04 20 22 44 34.420     159.9
394
 2013 04 20 09 52 27.099     2013 04 20 09 54 57.113     150.0
395
 2013 04 20 11 30 47.230     2013 04 20 11 33 19.911     152.7
 2013 04 20 21 31 12.620     2013 04 20 21 33 55.133     162.5
396
 2013 04 20 09 47 44.394     2013 04 20 09 50 16.055     151.7
397
398
 2013 04 20 09 05 23.913     2013 04 20 09 07 20.300     116.4
399
 2013 04 20 05 56 30.251     2013 04 20 05 59 29.967     179.7
400
 2013 04 20 13 41 47.151     2013 04 20 13 44 28.256     161.1
401
 2013 04 20 16 11 19.651     2013 04 20 16 13 54.182     154.5
402
403
 2013 04 20 04 32 56.127     2013 04 20 04 36 23.132     207.0
 2013 04 20 11 06 57.408     2013 04 20 11 10 36.741     219.3
404
 2013 04 20 11 37 29.686     2013 04 20 11 38   .133      30.4
405
 2013 04 20 09 49  6.959     2013 04 20 09 52 24.061     197.1
 2013 04 20 21 39 13.872     2013 04 20 21 41 47.807     153.9
406
 2013 04 20 09 57 13.765     2013 04 20 10 00   .979     167.2
 2013 04 20 19 56 50.722     2013 04 20 19 59 55.986     185.3
407
 2013 04 20 06 08 41.520     2013 04 20 06 12  5.215     203.7
 2013 04 20 12 44  6.744     2013 04 20 12 46 42.180     155.4
408
 2013 04 20 04 26 59.233     2013 04 20 04 29 48.593     169.4
 2013 04 20 14 25  6.738     2013 04 20 14 28  2.551     175.8
409
 2013 04 20 11 20 36.037     2013 04 20 11 23 21.075     165.0
410
 2013 04 20 17 44  3.748     2013 04 20 17 47 33.608     209.9
411
 2013 04 20 04 03 10.234     2013 04 20 04 03 34.906      24.7
 2013 04 20 05 37 42.846     2013 04 20 05 41  9.503     206.7
 2013 04 20 22 41 54.340     2013 04 20 22 44 29.413     155.1
412
 2013 04 20 05 36 28.165     2013 04 20 05 40  5.630     217.5
 2013 04 20 22 39 12.549     2013 04 20 22 42 36.678     204.1
413
 2013 04 20 00 35 40.129     2013 04 20 00 39  4.442     204.3
 2013 04 20 08 48 55.193     2013 04 20 08 52 10.622     195.4
414
 2013 04 20 07 39 40.333     2013 04 20 07 42 24.786     164.5
 2013 04 20 15 56  5.122     2013 04 20 15 58 40.921     155.8
415
 2013 04 20 04 01 29.571     2013 04 20 04 04 28.345     178.8
 2013 04 20 22 42 53.165     2013 04 20 22 46  5.978     192.8
416
 2013 04 20 05 13 46.268     2013 04 20 05 16 27.600     161.3
 2013 04 20 15 13 27.969     2013 04 20 15 16 23.580     175.6
417
418
 2013 04 20 10 06 54.317     2013 04 20 10 09 41.663     167.3
 2013 04 20 15 01 50.128     2013 04 20 15 05 15.857     205.7
419
 2013 04 20 12 24 55.136     2013 04 20 12 25 54.034      58.9
420
 2013 04 20 07 39 10.851     2013 04 20 07 42 20.971     190.1
 2013 04 20 15 56 29.713     2013 04 20 15 59 12.349     162.6
421
422
 2013 04 20 00 56 46.091     2013 04 20 00 59 41.808     175.7
 2013 04 20 16 19 46.105     2013 04 20 16 23 28.391     222.3
423
 2013 04 20 09 50  3.532     2013 04 20 09 52 38.565     155.0
 2013 04 20 21 37 44.571     2013 04 20 21 40 17.579     153.0
424
 2013 04 20 02 42  5.435     2013 04 20 02 45 13.815     188.4
425
 2013 04 20 12 08   .614     2013 04 20 12 10 34.838     154.2
426
 2013 04 20 08 24 17.424     2013 04 20 08 27 27.521     190.1
427
 2013 04 20 02 37 21.010     2013 04 20 02 39 57.420     156.4
 2013 04 20 16 14 12.429     2013 04 20 16 17  2.951     170.5
428
429
 2013 04 20 01 24  6.786     2013 04 20 01 27 57.385     230.6
 2013 04 20 08 00 21.572     2013 04 20 08 03 59.860     218.3
430
 2013 04 20 16 05 30.788     2013 04 20 16 08  8.871     158.1
431
 2013 04 20 07 34 12.097     2013 04 20 07 36 56.405     164.3
 2013 04 20 17 34 46.620     2013 04 20 17 37 50.581     184.0
432
 2013 04 20 12 19 19.492     2013 04 20 12 19 28.254       8.8
433
 2013 04 20 01 15  5.070     2013 04 20 01 17 38.682     153.6
434
 2013 04 20 16 51 20.968     2013 04 20 16 53 55.671     154.7
435
 2013 04 20 11 40 37.926     2013 04 20 11 44 23.302     225.4
 2013 04 20 18 14 31.610     2013 04 20 18 16  5.334      93.7
436
 2013 04 20 16 21 57.994     2013 04 20 16 22 23.998      26.0
 2013 04 20 22 58 17.742     2013 04 20 23 01 14.030     176.3
437
 2013 04 20 00 58 13.877     2013 04 20 01 00 52.228     158.4
 2013 04 20 16 19 13.287     2013 04 20 16 21 46.628     153.3
438
 2013 04 20 05 47 57.500     2013 04 20 05 50 31.177     153.7
 2013 04 20 19 22 30.230     2013 04 20 19 25 43.451     193.2
439
 2013 04 20 00 16  7.727     2013 04 20 00 18 45.473     157.7
 2013 04 20 13 52 17.942     2013 04 20 13 54 55.322     157.4
440
 2013 04 20 01 51 34.895     2013 04 20 01 54  6.917     152.0
 2013 04 20 15 26 24.943     2013 04 20 15 29 19.427     174.5
441
 2013 04 20 06 56 43.676     2013 04 20 06 59 26.977     163.3
 2013 04 20 13 30 44.485     2013 04 20 13 33 28.246     163.8
442
 2013 04 20 05 47  9.722     2013 04 20 05 49 52.536     162.8
 2013 04 20 19 22 43.313     2013 04 20 19 25 14.766     151.5
443
 2013 04 20 09 04  2.157     2013 04 20 09 06 53.035     170.9
 2013 04 20 20 49 16.070     2013 04 20 20 52 28.545     192.5
444
 2013 04 20 08 16 41.080     2013 04 20 08 16 49.601       8.5
445
 2013 04 20 16 51 37.571     2013 04 20 16 54 47.533     190.0
446
 2013 04 20 07 23 41.195     2013 04 20 07 26 43.390     182.2
447
 2013 04 20 16 09  5.858     2013 04 20 16 12  9.274     183.4
448
 2013 04 20 00 20 11.803     2013 04 20 00 22 56.410     164.6
449
 2013 04 20 09 54 25.340     2013 04 20 09 57 41.524     196.2
 2013 04 20 19 57 56.932     2013 04 20 19 58 43.721      46.8
450
451
 2013 04 20 20 58 37.926     2013 04 20 20 59 38.024      60.1
452
 2013 04 20 03 30 39.796     2013 04 20 03 33 10.749     151.0
 2013 04 20 15 20 14.109     2013 04 20 15 23 55.701     221.6
453
 2013 04 20 04 16  1.041     2013 04 20 04 19  4.144     183.1
454
 2013 04 20 04 18 47.545     2013 04 20 04 18 57.372       9.8
 2013 04 20 16 08 20.978     2013 04 20 16 11 39.727     198.7
455
 2013 04 20 01 20 59.246     2013 04 20 01 21  5.812       6.6
 2013 04 20 09 39 20.508     2013 04 20 09 41 53.497     153.0
456
 2013 04 20 13 13 51.760     2013 04 20 13 16 40.212     168.5
 2013 04 20 19 48 38.908     2013 04 20 19 51 19.572     160.7
457
 2013 04 20 00 03 49.696     2013 04 20 00 07 16.409     206.7
 2013 04 20 01 41 17.137     2013 04 20 01 41 35.911      18.8
 2013 04 20 18 46  9.135     2013 04 20 18 48 46.361     157.2
 2013 04 20 23 40 36.156     2013 04 20 23 44  9.996     213.8
458
 2013 04 20 20 47 59.228     2013 04 20 20 50 40.015     160.8
459
 2013 04 20 00 06 46.863     2013 04 20 00 09 53.254     186.4
 2013 04 20 17 10 51.484     2013 04 20 17 13 45.762     174.3
 2013 04 20 23 43 42.356     2013 04 20 23 46 40.580     178.2
460
 2013 04 20 16 12 29.838     2013 04 20 16 16  5.964     216.1
461
 2013 04 20 04 58  8.896     2013 04 20 05 01 49.258     220.4
 2013 04 20 18 37 32.223     2013 04 20 18 40 13.053     160.8
462
 2013 04 20 08 31  5.824     2013 04 20 08 33 41.896     156.1
 2013 04 20 15 04 36.808     2013 04 20 15 07 17.645     160.8
463
 2013 04 20 09 58 36.165     2013 04 20 09 59 38.180      62.0
464
 2013 04 20 06 30 48.224     2013 04 20 06 34   .477     192.3
465
 2013 04 20 10 41 32.390     2013 04 20 10 44  6.747     154.4
466
 2013 04 20 21 28 16.439     2013 04 20 21 31 43.296     206.9
467
 2013 04 20 01 40 21.457     2013 04 20 01 42 56.851     155.4
 2013 04 20 20 21 46.305     2013 04 20 20 25  6.361     200.1
468
469
 2013 04 20 14 46  4.869     2013 04 20 14 49  5.997     181.1
 2013 04 20 22 59 20.965     2013 04 20 23 02 42.511     201.5
470
 2013 04 20 09 05 48.937     2013 04 20 09 09 28.417     219.5
471
 2013 04 20 04 53 38.098     2013 04 20 04 56 13.368     155.3
 2013 04 20 20 15 43.265     2013 04 20 20 18 52.275     189.0
472
 2013 04 20 00 07 55.279     2013 04 20 00 10 29.121     153.8
 2013 04 20 17 10 17.576     2013 04 20 17 13   .324     162.7
 2013 04 20 23 44 45.707     2013 04 20 23 47 20.191     154.5
473
 2013 04 20 23 20 47.752     2013 04 20 23 23 37.872     170.1
474
475
 2013 04 20 10 37 41.614     2013 04 20 10 41 25.942     224.3
476
 2013 04 20 09 00 23.681     2013 04 20 09 03  1.857     158.2
477
478
 2013 04 20 01 11 13.252     2013 04 20 01 13 48.223     155.0
 2013 04 20 12 58  2.130     2013 04 20 13 01  4.743     182.6
479
 2013 04 20 03 20 36.148     2013 04 20 03 21 56.588      80.4
 2013 04 20 18 41 33.763     2013 04 20 18 42 35.320      61.6
480
 2013 04 20 01 19 34.418     2013 04 20 01 22 58.480     204.1
481
 2013 04 20 07 38 36.861     2013 04 20 07 42 18.123     221.3
 2013 04 20 15 54  6.953     2013 04 20 15 57 37.101     210.1
482
 2013 04 20 11 57 31.946     2013 04 20 12 00 20.528     168.6
483
 2013 04 20 11 38 23.745     2013 04 20 11 41 46.708     203.0
 2013 04 20 18 14  8.956     2013 04 20 18 17 40.323     211.4
484
 2013 04 20 00 56 52.310     2013 04 20 00 59 49.451     177.1
 2013 04 20 16 19 51.649     2013 04 20 16 23 23.061     211.4
485
 2013 04 20 19 16 51.721     2013 04 20 19 17 12.537      20.8
486
 2013 04 20 09 18 48.094     2013 04 20 09 21 28.123     160.0
 2013 04 20 15 52 14.396     2013 04 20 15 55 15.078     180.7
487
 2013 04 20 13 08 10.343     2013 04 20 13 11 11.255     180.9
488
489
 2013 04 20 01 23  3.294     2013 04 20 01 25 53.370     170.1
 2013 04 20 09 37 42.519     2013 04 20 09 41  5.760     203.2
490
491
 2013 04 20 07 32 50.983     2013 04 20 07 35 25.798     154.8
492
 2013 04 20 07 42 22.191     2013 04 20 07 45  3.056     160.9
 2013 04 20 14 17 11.347     2013 04 20 14 20 56.365     225.0
493
 2013 04 20 04 06 17.147     2013 04 20 04 09 33.711     196.6
 2013 04 20 19 29 20.360     2013 04 20 19 32  3.866     163.5
494
 2013 04 20 01 22 23.463     2013 04 20 01 25 49.284     205.8
 2013 04 20 09 38 26.698     2013 04 20 09 41 28.531     181.8
495
 2013 04 20 01 18 34.671     2013 04 20 01 21  9.889     155.2
 2013 04 20 11 16 13.326     2013 04 20 11 17 25.188      71.9
496
 2013 04 20 08 24 43.312     2013 04 20 08 24 49.141       5.8
 2013 04 20 16 47 38.604     2013 04 20 16 47 59.322      20.7
497
 2013 04 20 03 00 25.015     2013 04 20 03 03 43.684     198.7
 2013 04 20 09 35  7.877     2013 04 20 09 37 51.845     164.0
498
 2013 04 20 05 44 22.683     2013 04 20 05 47 17.316     174.6
499
500
 2013 04 20 03 17 36.146     2013 04 20 03 21 22.812     226.7
501
 2013 04 20 16 17  4.004     2013 04 20 16 19 43.255     159.3
502
 2013 04 20 00 25 25.598     2013 04 20 00 28  3.276     157.7
503
 2013 04 20 03 34 50.481     2013 04 20 03 35 42.147      51.7
 2013 04 20 15 18 43.507     2013 04 20 15 21 21.779     158.3
504
 2013 04 20 04 31 16.183     2013 04 20 04 34  2.146     166.0
 2013 04 20 12 47  4.597     2013 04 20 12 49 41.558     157.0
505
 2013 04 20 03 16 31.247     2013 04 20 03 20   .652     209.4
 2013 04 20 20 18  2.498     2013 04 20 20 20 57.676     175.2
506
 2013 04 20 10 36 46.152     2013 04 20 10 39 42.975     176.8
 2013 04 20 22 26  4.409     2013 04 20 22 28 36.196     151.8
507
 2013 04 20 04 58  5.978     2013 04 20 05 01 31.879     205.9
 2013 04 20 18 38 19.573     2013 04 20 18 38 46.820      27.2
508
 2013 04 20 20 40 40.913     2013 04 20 20 44 14.640     213.7
509
 2013 04 20 05 53 30.464     2013 04 20 05 56  4.264     153.8
 2013 04 20 17 41 57.596     2013 04 20 17 44 30.951     153.4
510
 2013 04 20 05 01  3.234     2013 04 20 05 01 48.688      45.5
 2013 04 20 18 38 31.405     2013 04 20 18 38 33.132       1.7
511
 2013 04 20 13 54  2.832     2013 04 20 13 56 59.143     176.3
512
513
 2013 04 20 16 05 18.792     2013 04 20 16 06 20.492      61.7
514
 2013 04 20 04 50 28.842     2013 04 20 04 53 18.459     169.6
 2013 04 20 21 54  5.907     2013 04 20 21 56 50.558     164.7
515
 2013 04 20 02 27 38.418     2013 04 20 02 30 38.073     179.7
 2013 04 20 19 30 30.297     2013 04 20 19 31 19.730      49.4
 2013 04 20 21 08 13.389     2013 04 20 21 08 21.080       7.7
516
 2013 04 20 07 41 12.860     2013 04 20 07 44 14.542     181.7
 2013 04 20 15 54  7.737     2013 04 20 15 57 45.926     218.2
517
 2013 04 20 10 07 19.679     2013 04 20 10 10   .141     160.5
 2013 04 20 15 02  6.779     2013 04 20 15 05  1.954     175.2
518
 2013 04 20 00 40 18.147     2013 04 20 00 42 54.609     156.5
 2013 04 20 05 34 58.526     2013 04 20 05 38  5.625     187.1
519
 2013 04 20 07 13 29.832     2013 04 20 07 16 54.100     204.3
520
 2013 04 20 05 06 49.571     2013 04 20 05 09 40.125     170.6
 2013 04 20 16 53 54.177     2013 04 20 16 56 27.323     153.1
521
 2013 04 20 08 55 41.340     2013 04 20 08 58 29.193     167.9
 2013 04 20 22 32 40.501     2013 04 20 22 35 13.371     152.9
522
 2013 04 20 04 58 30.027     2013 04 20 05 01  7.440     157.4
 2013 04 20 18 35 39.089     2013 04 20 18 39 14.448     215.4
523
 2013 04 20 07 34 22.647     2013 04 20 07 37 37.988     195.3
 2013 04 20 17 34 15.021     2013 04 20 17 37  6.346     171.3
524
 2013 04 20 14 44 33.238     2013 04 20 14 47  5.784     152.5
 2013 04 20 23 00 41.610     2013 04 20 23 03 34.735     173.1
525
 2013 04 20 06 53 43.084     2013 04 20 06 56 35.072     172.0
 2013 04 20 15 08 17.363     2013 04 20 15 11 50.495     213.1
526
 2013 04 20 07 17 14.731     2013 04 20 07 20 31.851     197.1
 2013 04 20 22 35 35.833     2013 04 20 22 39 11.670     215.8
527
 2013 04 20 02 00 34.378     2013 04 20 02 03 13.708     159.3
528
 2013 04 20 02 33 53.935     2013 04 20 02 36 29.035     155.1
 2013 04 20 17 53 11.728     2013 04 20 17 56 36.538     204.8
529
 2013 04 20 09 05 18.376     2013 04 20 09 05 40.875      22.5
 2013 04 20 20 49 18.084     2013 04 20 20 52 35.927     197.8
530
 2013 04 20 07 15 25.365     2013 04 20 07 18 44.733     199.4
 2013 04 20 22 36 18.386     2013 04 20 22 39  8.197     169.8
531
532
533
534
 2013 04 20 05 22 15.158     2013 04 20 05 25 23.995     188.8
 2013 04 20 11 56 38.997     2013 04 20 11 59 29.935     170.9
535
 2013 04 20 10 03 25.741     2013 04 20 10 06  1.856     156.1
536
 2013 04 20 08 24 49.657     2013 04 20 08 24 56.454       6.8
 2013 04 20 18 20 41.552     2013 04 20 18 24 16.220     214.7
537
 2013 04 20 02 00 49.005     2013 04 20 02 01  8.792      19.8
538
 2013 04 20 04 30 35.593     2013 04 20 04 33 19.172     163.6
 2013 04 20 12 46 15.257     2013 04 20 12 49  3.713     168.5
539
 2013 04 20 14 48  9.140     2013 04 20 14 50 50.500     161.4
 2013 04 20 21 22  9.623     2013 04 20 21 24 55.217     165.6
540
 2013 04 20 21 42 19.303     2013 04 20 21 44 55.185     155.9
541
542
 2013 04 20 06 04 10.743     2013 04 20 06 07 57.284     226.5
 2013 04 20 14 19 37.711     2013 04 20 14 23  2.259     204.5
543
544
 2013 04 20 04 09 40.908     2013 04 20 04 10 36.225      55.3
 2013 04 20 17 50 22.463     2013 04 20 17 54  2.622     220.2
545
 2013 04 20 00 08 21.584     2013 04 20 00 10 55.335     153.8
 2013 04 20 17 10  3.017     2013 04 20 17 13 11.795     188.8
 2013 04 20 23 45 11.317     2013 04 20 23 47 46.930     155.6
546
 2013 04 20 15 57 32.700     2013 04 20 15 57 34.402       1.7
547
 2013 04 20 07 40 56.749     2013 04 20 07 44 20.684     203.9
 2013 04 20 15 53 57.303     2013 04 20 15 57 23.564     206.3
548
 2013 04 20 00 09 10.799     2013 04 20 00 12 43.955     213.2
 2013 04 20 15 33  5.016     2013 04 20 15 36 46.659     221.6
549
 2013 04 20 00 12 57.876     2013 04 20 00 13 37.450      39.6
550
 2013 04 20 03 00 12.101     2013 04 20 03 03 18.316     186.2
 2013 04 20 09 33 26.209     2013 04 20 09 36  6.676     160.5
551
 2013 04 20 08 12 32.285     2013 04 20 08 14  9.502      97.2
 2013 04 20 20 05 23.229     2013 04 20 20 09  7.951     224.7
552
553
 2013 04 20 01 24  2.161     2013 04 20 01 27 18.206     196.0
554
 2013 04 20 00 27 28.522     2013 04 20 00 30 45.074     196.6
555
 2013 04 20 02 45 40.996     2013 04 20 02 48 21.118     160.1
 2013 04 20 14 32  6.758     2013 04 20 14 34 53.796     167.0
556
 2013 04 20 11 32  7.561     2013 04 20 11 34 58.186     170.6
 2013 04 20 21 30  3.035     2013 04 20 21 33  3.750     180.7
557
 2013 04 20 09 45 27.931     2013 04 20 09 46 40.933      73.0
558
 2013 04 20 05 05 43.965     2013 04 20 05 08 21.280     157.3
 2013 04 20 16 55 21.007     2013 04 20 16 58  3.939     162.9
559
 2013 04 20 10 42 55.700     2013 04 20 10 45 37.733     162.0
 2013 04 20 20 43 43.669     2013 04 20 20 47  1.741     198.1
560
 2013 04 20 03 31 14.115     2013 04 20 03 31 55.391      41.3
 2013 04 20 15 21 27.830     2013 04 20 15 24 17.446     169.6
561
 2013 04 20 08 23 51.633     2013 04 20 08 26 24.619     153.0
 2013 04 20 18 21  5.344     2013 04 20 18 21 17.382      12.0
562
 2013 04 20 02 45 48.535     2013 04 20 02 45 54.317       5.8
563
 2013 04 20 01 12 50.602     2013 04 20 01 16  2.011     191.4
564
 2013 04 20 20 48 38.198     2013 04 20 20 51  8.334     150.1
565
 2013 04 20 04 29  9.857     2013 04 20 04 31 54.295     164.4
566
 2013 04 20 04 59 31.442     2013 04 20 05 02 11.185     159.7
 2013 04 20 18 36 26.905     2013 04 20 18 39   .894     154.0
567
 2013 04 20 15 24 28.067     2013 04 20 15 27  3.930     155.9
568
 2013 04 20 18 19 49.874     2013 04 20 18 22 43.160     173.3
569
 2013 04 20 02 41 52.612     2013 04 20 02 44 31.972     159.4
570
 2013 04 20 06 40 20.376     2013 04 20 06 43 50.157     209.8
 2013 04 20 18 28   .353     2013 04 20 18 30 58.469     178.1
571
 2013 04 20 23 17 38.686     2013 04 20 23 20 38.929     180.2
572
 2013 04 20 23 01 16.811     2013 04 20 23 02  3.637      46.8
573
 2013 04 20 03 14 13.525     2013 04 20 03 17 37.924     204.4
 2013 04 20 21 55 13.367     2013 04 20 21 58 52.224     218.9
574
 2013 04 20 03 01  9.218     2013 04 20 03 04 11.607     182.4
 2013 04 20 09 34 38.282     2013 04 20 09 38  6.043     207.8
575
 2013 04 20 13 08 36.806     2013 04 20 13 12 14.942     218.1
576
 2013 04 20 07 34 21.953     2013 04 20 07 37 24.640     182.7
 2013 04 20 17 36  4.211     2013 04 20 17 38 35.029     150.8
577
 2013 04 20 08 21 31.971     2013 04 20 08 25  5.769     213.8
 2013 04 20 18 21 10.041     2013 04 20 18 24  4.960     174.9
578
 2013 04 20 01 05  6.461     2013 04 20 01 07 46.513     160.1
 2013 04 20 14 38 13.189     2013 04 20 14 39 43.645      90.5
579
 2013 04 20 00 54 11.813     2013 04 20 00 56 47.775     156.0
 2013 04 20 17 57 21.817     2013 04 20 18 00 11.710     169.9
580
 2013 04 20 14 00 32.199     2013 04 20 14 03 33.828     181.6
 2013 04 20 20 34 30.880     2013 04 20 20 37 25.964     175.1
581
 2013 04 20 14 42 16.518     2013 04 20 14 45 37.533     201.0
582
 2013 04 20 01 59 47.052     2013 04 20 02 02 47.726     180.7
583
 2013 04 20 05 42 24.218     2013 04 20 05 45  5.468     161.2
 2013 04 20 21 02 49.046     2013 04 20 21 05 51.377     182.3
584
585
 2013 04 20 13 55 52.450     2013 04 20 13 59 13.260     200.8
 2013 04 20 22 17 50.693     2013 04 20 22 18  5.408      14.7
586
 2013 04 20 11 57 13.543     2013 04 20 12 00 32.049     198.5
587
 2013 04 20 01 43  7.353     2013 04 20 01 46 24.420     197.1
 2013 04 20 18 45  9.807     2013 04 20 18 46 13.263      63.5
588
 2013 04 20 10 03 28.764     2013 04 20 10 06  9.681     160.9
589
 2013 04 20 06 00 49.040     2013 04 20 06 01 27.078      38.0
590
 2013 04 20 02 10 20.157     2013 04 20 02 13  9.271     169.1
 2013 04 20 10 23 53.292     2013 04 20 10 27  8.229     194.9
591
 2013 04 20 07 40 16.043     2013 04 20 07 43 44.179     208.1
 2013 04 20 15 56 18.293     2013 04 20 15 59 22.952     184.7
592
 2013 04 20 06 40 43.589     2013 04 20 06 43 13.385     149.8
 2013 04 20 18 29 15.623     2013 04 20 18 31 52.083     156.5
593
 2013 04 20 04 57 14.619     2013 04 20 04 59 46.972     152.4
594
 2013 04 20 19 14 20.929     2013 04 20 19 16 52.353     151.4
595
 2013 04 20 07 14 26.521     2013 04 20 07 18  9.212     222.7
 2013 04 20 22 38 54.279     2013 04 20 22 39 34.892      40.6
596
 2013 04 20 04 55 48.060     2013 04 20 04 59  7.925     199.9
 2013 04 20 20 13 36.243     2013 04 20 20 14 21.529      45.3
597
 2013 04 20 10 31 51.477     2013 04 20 10 35  4.386     192.9
598
 2013 04 20 09 17  5.389     2013 04 20 09 19 41.507     156.1
 2013 04 20 15 51 39.868     2013 04 20 15 55  2.624     202.8
599
 2013 04 20 14 29 16.746     2013 04 20 14 31 48.854     152.1
