s2
0
 2013 04 20 01 33 38.295     2013 04 20 01 36 36.248     178.0
 2013 04 20 18 37 25.527     2013 04 20 18 40  7.515     162.0
1
 2013 04 20 04 22  5.975     2013 04 20 04 24 45.574     159.6
 2013 04 20 12 39 33.526     2013 04 20 12 40  7.948      34.4
2
 2013 04 20 00 16 48.354     2013 04 20 00 19 31.319     163.0
 2013 04 20 12 02 36.847     2013 04 20 12 06  9.235     212.4
3
 2013 04 20 00 12 52.161     2013 04 20 00 16 36.557     224.4
4
 2013 04 20 03 25 47.242     2013 04 20 03 28 21.272     154.0
 2013 04 20 15 12 18.073     2013 04 20 15 15 56.376     218.3
5
 2013 04 20 02 53 56.822     2013 04 20 02 56 40.572     163.8
 2013 04 20 07 48 41.413     2013 04 20 07 51 56.062     194.6
6
 2013 04 20 05 02 24.933     2013 04 20 05 05 38.333     193.4
7
8
 2013 04 20 08 07 48.906     2013 04 20 08 11 14.435     205.5
 2013 04 20 19 57 52.741     2013 04 20 20 00 46.888     174.1
9
 2013 04 20 22 20 24.329     2013 04 20 22 23 44.665     200.3
10
 2013 04 20 00 10 19.752     2013 04 20 00 10 54.050      34.3
 2013 04 20 13 44  2.529     2013 04 20 13 44 24.416      21.9
11
 2013 04 20 01 54 50.966     2013 04 20 01 57 25.642     154.7
12
13
 2013 04 20 01 38 21.841     2013 04 20 01 39  7.006      45.2
14
 2013 04 20 08 56 21.028     2013 04 20 08 56 21.663        .6
15
 2013 04 20 11 33 29.642     2013 04 20 11 36 47.941     198.3
 2013 04 20 18 07 44.511     2013 04 20 18 11 13.113     208.6
16
 2013 04 20 08 16 55.768     2013 04 20 08 20 40.961     225.2
17
 2013 04 20 08 00 26.235     2013 04 20 08 03 24.879     178.6
 2013 04 20 21 37 53.633     2013 04 20 21 40 59.512     185.9
18
 2013 04 20 21 35 22.007     2013 04 20 21 38 58.704     216.7
19
 2013 04 20 13 07 39.106     2013 04 20 13 08  2.392      23.3
 2013 04 20 21 17 58.223     2013 04 20 21 20 58.420     180.2
20
 2013 04 20 03 11 23.877     2013 04 20 03 14 19.504     175.6
 2013 04 20 18 35  7.656     2013 04 20 18 38  6.037     178.4
21
22
 2013 04 20 13 55   .089     2013 04 20 13 58 28.190     208.1
 2013 04 20 20 29 49.782     2013 04 20 20 32 58.700     188.9
23
24
25
 2013 04 20 00 28 27.584     2013 04 20 00 31 43.331     195.7
26
 2013 04 20 14 16 56.046     2013 04 20 14 19 32.602     156.6
27
 2013 04 20 06 28 21.446     2013 04 20 06 31  4.270     162.8
 2013 04 20 20 02 12.336     2013 04 20 20 03 15.440      63.1
28
 2013 04 20 16 38 47.834     2013 04 20 16 41 22.127     154.3
29
30
 2013 04 20 15 11 36.732     2013 04 20 15 14 13.975     157.2
31
 2013 04 20 14 44 39.653     2013 04 20 14 47 51.918     192.3
 2013 04 20 19 40  3.946     2013 04 20 19 42 40.803     156.9
32
 2013 04 20 09 58 36.503     2013 04 20 10 01 13.930     157.4
 2013 04 20 16 32 38.881     2013 04 20 16 35 27.706     168.8
33
 2013 04 20 18 59 46.285     2013 04 20 19 00   .088      13.8
34
35
 2013 04 20 09 59  5.193     2013 04 20 10 01 50.987     165.8
 2013 04 20 16 32 41.525     2013 04 20 16 36  6.231     204.7
36
 2013 04 20 18 17 44.874     2013 04 20 18 18  5.246      20.4
37
 2013 04 20 11 27 18.829     2013 04 20 11 29 57.345     158.5
38
 2013 04 20 12 56 17.711     2013 04 20 12 59 44.454     206.7
 2013 04 20 23 00 43.498     2013 04 20 23 04 22.245     218.7
39
 2013 04 20 23 15 30.434     2013 04 20 23 18 45.698     195.3
40
 2013 04 20 05 30  2.201     2013 04 20 05 32 59.116     176.9
 2013 04 20 22 35  3.298     2013 04 20 22 37 52.604     169.3
41
 2013 04 20 02 54 57.141     2013 04 20 02 58 13.317     196.2
 2013 04 20 07 50 36.520     2013 04 20 07 53 17.702     161.2
42
 2013 04 20 00 13 37.999     2013 04 20 00 16 35.045     177.0
 2013 04 20 12 05 21.690     2013 04 20 12 08 27.504     185.8
43
 2013 04 20 09 40  9.496     2013 04 20 09 42 43.382     153.9
44
45
 2013 04 20 09 42 54.515     2013 04 20 09 46 17.085     202.6
 2013 04 20 21 30 28.236     2013 04 20 21 33   .936     152.7
46
47
 2013 04 20 06 34 13.071     2013 04 20 06 37 44.665     211.6
 2013 04 20 18 20 54.220     2013 04 20 18 23 35.791     161.6
48
 2013 04 20 01 36  6.136     2013 04 20 01 39  5.097     179.0
 2013 04 20 17 00 16.380     2013 04 20 17 00 49.327      32.9
49
 2013 04 20 12 07 58.235     2013 04 20 12 10 56.613     178.4
50
 2013 04 20 19 54 30.122     2013 04 20 19 57 53.951     203.8
51
 2013 04 20 10 28 28.290     2013 04 20 10 31  2.006     153.7
 2013 04 20 22 19  2.136     2013 04 20 22 22 46.541     224.4
52
 2013 04 20 09 37 40.851     2013 04 20 09 40 28.243     167.4
53
 2013 04 20 09 43  6.754     2013 04 20 09 45 41.204     154.5
 2013 04 20 21 31 20.950     2013 04 20 21 33 58.933     158.0
54
 2013 04 20 05 11 53.757     2013 04 20 05 14 30.609     156.9
 2013 04 20 13 26 29.420     2013 04 20 13 29 57.014     207.6
55
 2013 04 20 12 20 19.671     2013 04 20 12 23 58.445     218.8
 2013 04 20 18 55 23.529     2013 04 20 18 58 30.333     186.8
56
 2013 04 20 04 52 15.686     2013 04 20 04 55  3.035     167.3
 2013 04 20 18 29 41.873     2013 04 20 18 32 26.043     164.2
57
 2013 04 20 04 05 25.109     2013 04 20 04 08 14.555     169.4
 2013 04 20 17 41 14.883     2013 04 20 17 43 58.308     163.4
58
 2013 04 20 16 54 34.490     2013 04 20 16 55  9.506      35.0
59
 2013 04 20 20 00 42.991     2013 04 20 20 03 38.110     175.1
60
 2013 04 20 00 21 41.620     2013 04 20 00 24 15.749     154.1
 2013 04 20 10 23   .465     2013 04 20 10 25 39.272     158.8
61
 2013 04 20 10 40 40.311     2013 04 20 10 43 18.453     158.1
 2013 04 20 18 57 25.477     2013 04 20 19 01  2.219     216.7
62
 2013 04 20 16 50 40.079     2013 04 20 16 53 47.039     187.0
63
 2013 04 20 17 48  6.662     2013 04 20 17 49  6.197      59.5
64
 2013 04 20 00 16 21.673     2013 04 20 00 19 11.202     169.5
 2013 04 20 12 02 56.660     2013 04 20 12 05 57.778     181.1
65
 2013 04 20 02 38 36.236     2013 04 20 02 41 36.863     180.6
 2013 04 20 14 24 11.049     2013 04 20 14 27 37.985     206.9
66
 2013 04 20 19 58  5.530     2013 04 20 20 01 43.185     217.7
67
 2013 04 20 01 16 21.486     2013 04 20 01 19 36.443     195.0
 2013 04 20 07 50 51.228     2013 04 20 07 54 30.661     219.4
68
 2013 04 20 03 27 32.898     2013 04 20 03 27 44.909      12.0
 2013 04 20 15 11 49.010     2013 04 20 15 14 49.935     180.9
69
 2013 04 20 20 58  5.223     2013 04 20 21 00 52.936     167.7
70
 2013 04 20 19 06 51.073     2013 04 20 19 10 29.584     218.5
71
 2013 04 20 15 15 44.436     2013 04 20 15 18 44.336     179.9
72
73
 2013 04 20 05 35 51.570     2013 04 20 05 38 25.844     154.3
74
75
 2013 04 20 20 09 40.020     2013 04 20 20 09 54.772      14.8
76
 2013 04 20 21 35 50.748     2013 04 20 21 38 41.623     170.9
77
 2013 04 20 08 04 22.053     2013 04 20 08 06 59.769     157.7
78
 2013 04 20 19 51 56.618     2013 04 20 19 55 34.581     218.0
79
 2013 04 20 05 14 40.900     2013 04 20 05 18 30.658     229.8
 2013 04 20 11 49 58.183     2013 04 20 11 53  1.788     183.6
80
 2013 04 20 08 18 21.408     2013 04 20 08 21 27.071     185.7
 2013 04 20 16 38 42.812     2013 04 20 16 38 56.408      13.6
81
82
 2013 04 20 06 48 40.136     2013 04 20 06 52  2.272     202.1
 2013 04 20 13 24 22.537     2013 04 20 13 26 58.021     155.5
83
84
 2013 04 20 04 21 55.181     2013 04 20 04 25 29.128     213.9
 2013 04 20 12 40 39.870     2013 04 20 12 43 55.339     195.5
85
86
 2013 04 20 00 23 40.236     2013 04 20 00 27  4.079     203.8
 2013 04 20 10 20 26.618     2013 04 20 10 21 26.186      59.6
87
 2013 04 20 17 44 37.779     2013 04 20 17 44 49.620      11.8
88
 2013 04 20 11 59 17.816     2013 04 20 12 02 23.110     185.3
89
 2013 04 20 02 45 24.897     2013 04 20 02 49 13.373     228.5
90
 2013 04 20 09 37 14.525     2013 04 20 09 39 53.836     159.3
 2013 04 20 23 11 43.372     2013 04 20 23 15 19.156     215.8
91
 2013 04 20 14 40 59.699     2013 04 20 14 44 35.947     216.2
 2013 04 20 16 18 45.720     2013 04 20 16 19 25.058      39.3
 2013 04 20 21 15  5.043     2013 04 20 21 17 42.475     157.4
92
 2013 04 20 13 06 56.997     2013 04 20 13 10 10.703     193.7
 2013 04 20 19 40 49.377     2013 04 20 19 43 26.198     156.8
93
 2013 04 20 08 14 29.093     2013 04 20 08 17  3.376     154.3
 2013 04 20 18 15 57.681     2013 04 20 18 18 36.957     159.3
94
 2013 04 20 00 54 32.186     2013 04 20 00 58 17.808     225.6
 2013 04 20 14 31 39.044     2013 04 20 14 34 59.085     200.0
95
 2013 04 20 03 38 46.815     2013 04 20 03 42 13.736     206.9
 2013 04 20 10 14 57.970     2013 04 20 10 18  1.831     183.9
96
 2013 04 20 00 22  5.727     2013 04 20 00 25 35.755     210.0
 2013 04 20 10 23 26.315     2013 04 20 10 26 38.597     192.3
97
 2013 04 20 01 16   .189     2013 04 20 01 18 49.187     169.0
98
 2013 04 20 03 08 36.962     2013 04 20 03 11 17.927     161.0
 2013 04 20 20 12 25.992     2013 04 20 20 15  3.303     157.3
99
 2013 04 20 00 46 46.400     2013 04 20 00 49 22.646     156.2
 2013 04 20 17 50 56.167     2013 04 20 17 53 33.684     157.5
100
 2013 04 20 12 56 59.446     2013 04 20 12 59 53.490     174.0
 2013 04 20 23 02 45.582     2013 04 20 23 02 51.757       6.2
101
 2013 04 20 06 33 24.644     2013 04 20 06 33 43.905      19.3
 2013 04 20 18 23  1.627     2013 04 20 18 24 52.190     110.6
102
 2013 04 20 11 23 10.623     2013 04 20 11 23 51.082      40.5
 2013 04 20 21 26 14.081     2013 04 20 21 28 58.663     164.6
103
 2013 04 20 09 50 41.023     2013 04 20 09 53 20.239     159.2
 2013 04 20 19 49 10.320     2013 04 20 19 52 29.812     199.5
104
 2013 04 20 06 50 14.339     2013 04 20 06 52 50.972     156.6
 2013 04 20 11 45  2.769     2013 04 20 11 48 42.845     220.1
 2013 04 20 13 22 52.706     2013 04 20 13 26 43.293     230.6
105
 2013 04 20 23 14 56.845     2013 04 20 23 18 34.818     218.0
106
 2013 04 20 01 18 31.511     2013 04 20 01 21 24.848     173.3
 2013 04 20 06 17  3.742     2013 04 20 06 17 18.265      14.5
 2013 04 20 07 51 40.982     2013 04 20 07 54 49.675     188.7
107
 2013 04 20 11 30 38.882     2013 04 20 11 33 41.510     182.6
108
 2013 04 20 16 03 49.442     2013 04 20 16 06 41.590     172.1
109
 2013 04 20 14 22  4.917     2013 04 20 14 24 49.737     164.8
110
111
 2013 04 20 10 36  7.094     2013 04 20 10 39 45.872     218.8
 2013 04 20 20 36 23.750     2013 04 20 20 39 14.598     170.8
112
 2013 04 20 13 29  3.415     2013 04 20 13 31 39.489     156.1
113
 2013 04 20 02 17 47.891     2013 04 20 02 21 28.525     220.6
 2013 04 20 03 55 35.102     2013 04 20 03 56 42.958      67.9
 2013 04 20 21 01 21.622     2013 04 20 21 03 58.064     156.4
114
 2013 04 20 05 59 44.298     2013 04 20 06 02 27.763     163.5
115
 2013 04 20 13 53 22.368     2013 04 20 13 55 59.169     156.8
 2013 04 20 20 28 21.989     2013 04 20 20 32   .190     218.2
116
 2013 04 20 01 08 37.567     2013 04 20 01 09 45.181      67.6
 2013 04 20 11 11 23.323     2013 04 20 11 14 13.311     170.0
117
 2013 04 20 23 03 22.803     2013 04 20 23 07  3.353     220.6
118
 2013 04 20 01 56 58.892     2013 04 20 02 00  8.485     189.6
 2013 04 20 11 56 23.873     2013 04 20 11 59   .468     156.6
119
 2013 04 20 01 11 12.135     2013 04 20 01 14 26.540     194.4
120
 2013 04 20 03 19 32.029     2013 04 20 03 20  1.654      29.6
121
 2013 04 20 21 34 41.766     2013 04 20 21 37 28.523     166.8
122
 2013 04 20 04 42 28.800     2013 04 20 04 45  9.441     160.6
 2013 04 20 21 47  6.077     2013 04 20 21 50 19.367     193.3
123
 2013 04 20 04 42 26.843     2013 04 20 04 45 20.618     173.8
 2013 04 20 21 46 25.957     2013 04 20 21 49 26.929     181.0
124
 2013 04 20 21 40 44.680     2013 04 20 21 43 23.861     159.2
125
 2013 04 20 05 36 35.796     2013 04 20 05 39 13.026     157.2
126
127
 2013 04 20 03 38 14.874     2013 04 20 03 40 56.778     161.9
128
 2013 04 20 11 30 50.763     2013 04 20 11 33 27.979     157.2
129
 2013 04 20 10 40 42.484     2013 04 20 10 43 42.687     180.2
 2013 04 20 18 58 34.220     2013 04 20 19 01 39.178     185.0
130
 2013 04 20 04 07 34.143     2013 04 20 04 10  8.759     154.6
131
 2013 04 20 03 30 40.195     2013 04 20 03 34  1.423     201.2
 2013 04 20 13 31  3.478     2013 04 20 13 33 50.873     167.4
132
 2013 04 20 01 45 47.266     2013 04 20 01 49  5.152     197.9
133
 2013 04 20 08 16 20.683     2013 04 20 08 19 18.982     178.3
134
 2013 04 20 01 56 34.710     2013 04 20 01 59 31.917     177.2
 2013 04 20 11 56 47.206     2013 04 20 11 59 21.808     154.6
135
 2013 04 20 16 03 10.676     2013 04 20 16 05 50.538     159.9
136
137
 2013 04 20 07 27 36.533     2013 04 20 07 27 37.858       1.3
138
 2013 04 20 04 10 40.251     2013 04 20 04 12   .622      80.4
 2013 04 20 16 02  4.779     2013 04 20 16 04 46.505     161.7
139
140
 2013 04 20 20 48 54.435     2013 04 20 20 51 51.869     177.4
141
 2013 04 20 00 09 25.974     2013 04 20 00 13 10.565     224.6
142
 2013 04 20 22 27 42.742     2013 04 20 22 31 23.108     220.4
143
 2013 04 20 11 16 39.208     2013 04 20 11 19 38.966     179.8
 2013 04 20 23 05 38.241     2013 04 20 23 08 32.400     174.2
144
 2013 04 20 00 20 44.443     2013 04 20 00 23 29.022     164.6
 2013 04 20 10 22 24.706     2013 04 20 10 26  8.686     224.0
145
 2013 04 20 16 37 56.754     2013 04 20 16 40 31.092     154.3
146
 2013 04 20 06 24 21.415     2013 04 20 06 27 10.239     168.8
147
 2013 04 20 18 22 49.875     2013 04 20 18 23 10.867      21.0
148
 2013 04 20 06 19 45.955     2013 04 20 06 20 49.458      63.5
 2013 04 20 21 45  1.180     2013 04 20 21 48  6.136     185.0
149
 2013 04 20 10 34 11.204     2013 04 20 10 34 38.212      27.0
 2013 04 20 20 39 23.961     2013 04 20 20 42 42.442     198.5
150
 2013 04 20 02 25 38.144     2013 04 20 02 28 34.615     176.5
 2013 04 20 17 46 21.814     2013 04 20 17 49 15.131     173.3
151
 2013 04 20 03 20 49.766     2013 04 20 03 23 50.795     181.0
152
 2013 04 20 03 34 20.443     2013 04 20 03 38  5.344     224.9
 2013 04 20 11 53 24.646     2013 04 20 11 56 54.975     210.3
153
 2013 04 20 03 14 58.928     2013 04 20 03 17 53.138     174.2
154
 2013 04 20 02 22 16.505     2013 04 20 02 25 27.997     191.5
 2013 04 20 19 26  1.293     2013 04 20 19 29 23.971     202.7
155
 2013 04 20 01 16 46.196     2013 04 20 01 20 37.151     231.0
 2013 04 20 07 53 22.286     2013 04 20 07 56 25.438     183.2
156
 2013 04 20 03 29 13.116     2013 04 20 03 30  5.830      52.7
 2013 04 20 13 33 47.631     2013 04 20 13 36 35.616     168.0
157
 2013 04 20 02 44 19.683     2013 04 20 02 47 23.870     184.2
 2013 04 20 12 44 53.841     2013 04 20 12 48  9.806     196.0
158
 2013 04 20 17 24 15.865     2013 04 20 17 27 51.564     215.7
159
 2013 04 20 00 23 28.823     2013 04 20 00 27 14.904     226.1
160
 2013 04 20 05 13 41.651     2013 04 20 05 15 34.699     113.0
 2013 04 20 11 50  5.097     2013 04 20 11 52 43.140     158.0
161
 2013 04 20 22 32 14.664     2013 04 20 22 35 49.614     215.0
162
 2013 04 20 00 56 30.019     2013 04 20 01 00  9.586     219.6
163
164
 2013 04 20 00 11 44.316     2013 04 20 00 14 36.864     172.5
165
 2013 04 20 09 55 18.819     2013 04 20 09 58 15.247     176.4
 2013 04 20 18 09 36.680     2013 04 20 18 12 42.661     186.0
166
 2013 04 20 08 21 15.819     2013 04 20 08 24 48.230     212.4
167
168
 2013 04 20 22 08 45.572     2013 04 20 22 12  6.583     201.0
169
 2013 04 20 07 25 11.762     2013 04 20 07 28 16.232     184.5
170
 2013 04 20 01 06 14.702     2013 04 20 01 06 19.623       4.9
 2013 04 20 11 11 58.280     2013 04 20 11 12  9.667      11.4
171
 2013 04 20 06 37 46.528     2013 04 20 06 40 23.877     157.3
172
173
 2013 04 20 00 05  6.098     2013 04 20 00 08 22.048     196.0
 2013 04 20 23 43 38.582     2013 04 20 23 46 45.392     186.8
174
 2013 04 20 00 26 53.038     2013 04 20 00 27 40.563      47.5
 2013 04 20 08 44 21.173     2013 04 20 08 47 20.464     179.3
175
 2013 04 20 02 48 16.964     2013 04 20 02 51 53.426     216.5
 2013 04 20 11 06 16.195     2013 04 20 11 08 52.238     156.0
176
177
 2013 04 20 10 42 59.467     2013 04 20 10 46  5.608     186.1
 2013 04 20 18 57 39.303     2013 04 20 18 57 46.980       7.7
178
 2013 04 20 03 32 14.390     2013 04 20 03 35 43.306     208.9
 2013 04 20 13 30  6.549     2013 04 20 13 33 18.342     191.8
179
180
 2013 04 20 03 06 16.459     2013 04 20 03 09 37.944     201.5
 2013 04 20 21 48 57.726     2013 04 20 21 52 12.884     195.2
181
 2013 04 20 17 24 56.718     2013 04 20 17 27 57.185     180.5
182
 2013 04 20 13 03 12.806     2013 04 20 13 06  1.215     168.4
 2013 04 20 21 20 20.645     2013 04 20 21 22 59.204     158.6
183
 2013 04 20 10 27 35.224     2013 04 20 10 30 46.630     191.4
 2013 04 20 22 20 18.290     2013 04 20 22 23 58.340     220.0
184
 2013 04 20 12 19 36.471     2013 04 20 12 23  4.429     208.0
 2013 04 20 18 55 24.954     2013 04 20 18 58  2.217     157.3
185
186
 2013 04 20 16 16 30.619     2013 04 20 16 19 13.512     162.9
 2013 04 20 22 50 28.775     2013 04 20 22 53  7.366     158.6
187
 2013 04 20 10 37 20.153     2013 04 20 10 38   .423      40.3
188
 2013 04 20 04 27 13.173     2013 04 20 04 30 28.641     195.5
 2013 04 20 11 02 24.505     2013 04 20 11 05  8.166     163.7
189
 2013 04 20 03 07  5.432     2013 04 20 03 10 42.212     216.8
 2013 04 20 20 11   .993     2013 04 20 20 14 29.808     208.8
190
191
 2013 04 20 00 50 21.426     2013 04 20 00 53  8.648     167.2
 2013 04 20 16 13 13.304     2013 04 20 16 15 48.873     155.6
192
 2013 04 20 01 03 50.823     2013 04 20 01 06 36.141     165.3
 2013 04 20 12 50  5.806     2013 04 20 12 53 21.881     196.1
193
 2013 04 20 09 12 57.671     2013 04 20 09 15 44.182     166.5
 2013 04 20 14 08  9.415     2013 04 20 14 11   .829     171.4
194
 2013 04 20 02 40 45.651     2013 04 20 02 43 36.639     171.0
195
196
 2013 04 20 05 12 34.955     2013 04 20 05 16 11.395     216.4
 2013 04 20 11 47  1.684     2013 04 20 11 50 39.840     218.2
197
 2013 04 20 09 41 27.049     2013 04 20 09 44  1.129     154.1
 2013 04 20 21 31 50.421     2013 04 20 21 35 12.907     202.5
198
 2013 04 20 08 06 10.664     2013 04 20 08 09   .166     169.5
199
 2013 04 20 12 12 25.586     2013 04 20 12 15 39.348     193.8
200
 2013 04 20 10 45 45.664     2013 04 20 10 48 51.964     186.3
 2013 04 20 17 20 31.054     2013 04 20 17 23 24.117     173.1
201
202
 2013 04 20 04 43  9.890     2013 04 20 04 46 33.837     203.9
 2013 04 20 21 46 17.080     2013 04 20 21 48 59.569     162.5
203
 2013 04 20 04 44 10.605     2013 04 20 04 45 22.204      71.6
 2013 04 20 21 48  6.813     2013 04 20 21 49 28.199      81.4
204
 2013 04 20 03 19  4.925     2013 04 20 03 21 40.146     155.2
 2013 04 20 16 53 36.790     2013 04 20 16 54 19.995      43.2
205
 2013 04 20 11 26 28.869     2013 04 20 11 29 38.179     189.3
206
 2013 04 20 00 00   .000     2013 04 20 00 01 16.559      76.6
 2013 04 20 17 02 33.326     2013 04 20 17 05 59.371     206.0
 2013 04 20 23 36 52.800     2013 04 20 23 39 45.988     173.2
207
 2013 04 20 05 10 30.730     2013 04 20 05 13 16.918     166.2
 2013 04 20 13 26 30.265     2013 04 20 13 29 10.668     160.4
208
 2013 04 20 12 57 31.079     2013 04 20 13 00 28.339     177.3
 2013 04 20 23 00 23.319     2013 04 20 23 03 10.028     166.7
209
 2013 04 20 05 12 16.032     2013 04 20 05 15 55.277     219.2
210
211
 2013 04 20 08 51 22.129     2013 04 20 08 54  4.148     162.0
212
 2013 04 20 02 07 46.949     2013 04 20 02 10 35.975     169.0
 2013 04 20 07 02 56.919     2013 04 20 07 05 34.877     158.0
213
 2013 04 20 08 48 15.615     2013 04 20 08 51 15.962     180.3
 2013 04 20 22 25  8.491     2013 04 20 22 27 48.419     159.9
214
 2013 04 20 08 50 38.227     2013 04 20 08 53 11.369     153.1
215
 2013 04 20 08 54 28.913     2013 04 20 08 55 20.999      52.1
216
 2013 04 20 07 23 54.922     2013 04 20 07 25 19.145      84.2
217
 2013 04 20 08 09 58.199     2013 04 20 08 12 34.223     156.0
 2013 04 20 19 55 16.849     2013 04 20 19 55 47.408      30.6
218
219
 2013 04 20 05 48 41.019     2013 04 20 05 49 13.924      32.9
 2013 04 20 17 33 46.027     2013 04 20 17 37  2.644     196.6
220
221
 2013 04 20 08 53 13.577     2013 04 20 08 56 19.267     185.7
 2013 04 20 20 45 39.447     2013 04 20 20 49 10.809     211.4
222
 2013 04 20 07 21 54.144     2013 04 20 07 24 39.363     165.2
 2013 04 20 19 09 10.056     2013 04 20 19 12 52.399     222.3
223
 2013 04 20 14 41  8.081     2013 04 20 14 44  6.554     178.5
 2013 04 20 21 15 28.289     2013 04 20 21 18 12.964     164.7
224
 2013 04 20 06 18 15.482     2013 04 20 06 22  5.100     229.6
 2013 04 20 23 20 14.250     2013 04 20 23 23 47.880     213.6
225
 2013 04 20 17 39 15.447     2013 04 20 17 42 19.201     183.8
226
227
 2013 04 20 01 50 56.052     2013 04 20 01 53 54.999     178.9
 2013 04 20 13 38  8.216     2013 04 20 13 38 40.776      32.6
228
229
230
 2013 04 20 03 30 43.559     2013 04 20 03 33 17.596     154.0
 2013 04 20 13 32  9.485     2013 04 20 13 34 52.050     162.6
231
 2013 04 20 04 24 37.237     2013 04 20 04 27 48.065     190.8
 2013 04 20 12 38  3.259     2013 04 20 12 41 43.704     220.4
232
 2013 04 20 18 19 57.994     2013 04 20 18 22 30.691     152.7
233
 2013 04 20 00 26 40.470     2013 04 20 00 29 53.477     193.0
 2013 04 20 08 44  8.980     2013 04 20 08 46 43.429     154.4
234
 2013 04 20 16 43 51.971     2013 04 20 16 46 43.938     172.0
235
236
 2013 04 20 22 08 42.114     2013 04 20 22 11 18.101     156.0
237
 2013 04 20 15 50 46.624     2013 04 20 15 53 23.301     156.7
238
 2013 04 20 18 17 32.208     2013 04 20 18 20 52.033     199.8
239
 2013 04 20 02 03  5.822     2013 04 20 02 06 14.049     188.2
240
 2013 04 20 11 17 43.966     2013 04 20 11 18 35.857      51.9
241
 2013 04 20 03 15 29.767     2013 04 20 03 19  3.176     213.4
 2013 04 20 16 56 14.134     2013 04 20 16 59 26.738     192.6
242
 2013 04 20 21 32 50.121     2013 04 20 21 36  7.466     197.3
243
 2013 04 20 03 17 32.430     2013 04 20 03 21 10.100     217.7
 2013 04 20 16 53 31.311     2013 04 20 16 56  4.865     153.6
244
245
 2013 04 20 07 35   .693     2013 04 20 07 36  7.252      66.6
 2013 04 20 14 11 44.642     2013 04 20 14 14 46.401     181.8
246
 2013 04 20 12 16 23.579     2013 04 20 12 20  6.586     223.0
 2013 04 20 20 31  9.092     2013 04 20 20 33 51.836     162.7
247
 2013 04 20 14 22 37.555     2013 04 20 14 26 23.724     226.2
248
 2013 04 20 17 44  9.114     2013 04 20 17 45 33.606      84.5
249
 2013 04 20 13 56 25.899     2013 04 20 13 59 24.813     178.9
 2013 04 20 18 51 53.582     2013 04 20 18 54 59.064     185.5
250
 2013 04 20 01 48 16.703     2013 04 20 01 51 28.872     192.2
 2013 04 20 13 40 10.396     2013 04 20 13 42 58.879     168.5
251
 2013 04 20 02 21 30.968     2013 04 20 02 24 33.110     182.1
 2013 04 20 19 26 10.232     2013 04 20 19 28 47.877     157.6
252
 2013 04 20 03 16 27.147     2013 04 20 03 19  3.408     156.3
 2013 04 20 16 54 45.395     2013 04 20 16 58  6.119     200.7
253
 2013 04 20 09 01 26.181     2013 04 20 09 05  1.958     215.8
 2013 04 20 19 01 51.665     2013 04 20 19 04 48.742     177.1
254
 2013 04 20 19 06 38.233     2013 04 20 19 06 55.879      17.6
255
 2013 04 20 05 13 14.908     2013 04 20 05 16  6.823     171.9
 2013 04 20 11 48 47.364     2013 04 20 11 52 18.637     211.3
256
 2013 04 20 08 20   .556     2013 04 20 08 23 15.468     194.9
 2013 04 20 16 35  7.689     2013 04 20 16 37 44.348     156.7
257
258
259
260
 2013 04 20 09 57 26.672     2013 04 20 09 58 16.332      49.7
 2013 04 20 18 09 11.888     2013 04 20 18 11 48.369     156.5
261
 2013 04 20 05 50 53.734     2013 04 20 05 54 17.874     204.1
 2013 04 20 15 55 10.209     2013 04 20 15 58 38.217     208.0
262
 2013 04 20 16 44 42.327     2013 04 20 16 47 26.170     163.8
263
 2013 04 20 00 55 25.959     2013 04 20 00 56 54.226      88.3
 2013 04 20 14 33 47.025     2013 04 20 14 37   .527     193.5
264
 2013 04 20 15 29   .749     2013 04 20 15 32 40.460     219.7
 2013 04 20 17 06 58.407     2013 04 20 17 10 33.066     214.7
 2013 04 20 20 23 39.041     2013 04 20 20 23 54.850      15.8
 2013 04 20 22 02 16.249     2013 04 20 22 05 13.478     177.2
265
266
 2013 04 20 09 07 51.368     2013 04 20 09 10 27.639     156.3
 2013 04 20 17 23  3.321     2013 04 20 17 25 57.257     173.9
267
268
 2013 04 20 00 53   .322     2013 04 20 00 53  5.180       4.9
 2013 04 20 14 34 50.756     2013 04 20 14 38 11.239     200.5
269
 2013 04 20 16 18 18.719     2013 04 20 16 21  1.504     162.8
 2013 04 20 21 13 27.339     2013 04 20 21 16 29.748     182.4
270
 2013 04 20 10 29 57.933     2013 04 20 10 32 34.807     156.9
 2013 04 20 22 19 14.115     2013 04 20 22 21 49.855     155.7
271
 2013 04 20 04 07 45.630     2013 04 20 04 10 38.310     172.7
272
 2013 04 20 00 29  9.045     2013 04 20 00 31 54.106     165.1
 2013 04 20 07 07 14.719     2013 04 20 07 07 51.423      36.7
273
 2013 04 20 14 27 32.449     2013 04 20 14 31 15.360     222.9
274
 2013 04 20 05 06  1.168     2013 04 20 05 09 18.424     197.3
 2013 04 20 15 06 56.646     2013 04 20 15 10 11.508     194.9
275
 2013 04 20 09 06 23.949     2013 04 20 09 10  4.100     220.2
 2013 04 20 17 24 36.710     2013 04 20 17 27 13.244     156.5
276
 2013 04 20 05 06 27.105     2013 04 20 05 09 54.616     207.5
 2013 04 20 15 06 27.855     2013 04 20 15 07  3.312      35.5
277
 2013 04 20 03 39 13.861     2013 04 20 03 42 50.744     216.9
 2013 04 20 10 15 21.177     2013 04 20 10 17 59.361     158.2
278
279
 2013 04 20 10 26 30.586     2013 04 20 10 30  4.262     213.7
280
 2013 04 20 00 03 25.843     2013 04 20 00 06  3.641     157.8
 2013 04 20 15 25 30.871     2013 04 20 15 28 10.015     159.1
 2013 04 20 23 41 54.216     2013 04 20 23 44 30.789     156.6
281
 2013 04 20 20 30 40.918     2013 04 20 20 33 27.005     166.1
282
 2013 04 20 01 50 34.841     2013 04 20 01 53 27.604     172.8
 2013 04 20 13 37 46.052     2013 04 20 13 40 29.846     163.8
283
 2013 04 20 04 11 17.540     2013 04 20 04 11 42.086      24.5
 2013 04 20 16 01 28.439     2013 04 20 16 04 54.638     206.2
284
 2013 04 20 00 06 35.981     2013 04 20 00 09 14.588     158.6
 2013 04 20 23 45  1.315     2013 04 20 23 47 44.254     162.9
285
 2013 04 20 08 10 45.085     2013 04 20 08 14 28.141     223.1
286
 2013 04 20 08 23 13.548     2013 04 20 08 26 14.103     180.6
 2013 04 20 14 57 17.026     2013 04 20 14 59 52.878     155.9
287
 2013 04 20 04 15  4.049     2013 04 20 04 17 47.342     163.3
288
289
 2013 04 20 03 42 17.293     2013 04 20 03 45  8.977     171.7
 2013 04 20 08 37 31.982     2013 04 20 08 40 11.387     159.4
290
 2013 04 20 05 05 16.709     2013 04 20 05 05 26.999      10.3
 2013 04 20 15 07 37.248     2013 04 20 15 10 50.450     193.2
291
 2013 04 20 10 19 18.087     2013 04 20 10 22 15.615     177.5
292
293
 2013 04 20 07 36 38.513     2013 04 20 07 39 15.981     157.5
 2013 04 20 14 10 43.386     2013 04 20 14 13 30.099     166.7
294
 2013 04 20 03 27 43.375     2013 04 20 03 30 37.194     173.8
295
 2013 04 20 05 57 25.593     2013 04 20 06 01 11.707     226.1
 2013 04 20 14 12 57.748     2013 04 20 14 15 39.924     162.2
296
297
298
 2013 04 20 01 38 29.476     2013 04 20 01 42  2.708     213.2
 2013 04 20 17 00 12.338     2013 04 20 17 01 29.744      77.4
299
300
 2013 04 20 15 29 58.315     2013 04 20 15 32 46.521     168.2
 2013 04 20 22 03 44.924     2013 04 20 22 07  4.828     199.9
301
 2013 04 20 12 10 36.054     2013 04 20 12 10 45.150       9.1
 2013 04 20 22 13 23.633     2013 04 20 22 16 24.218     180.6
302
 2013 04 20 14 59  4.070     2013 04 20 15 02 43.478     219.4
303
 2013 04 20 02 04 12.101     2013 04 20 02 07 38.379     206.3
 2013 04 20 08 40 22.791     2013 04 20 08 43 27.494     184.7
304
 2013 04 20 04 03 42.268     2013 04 20 04 06 16.739     154.5
 2013 04 20 17 42  5.514     2013 04 20 17 45 28.022     202.5
305
 2013 04 20 09 05 48.501     2013 04 20 09 06 39.805      51.3
 2013 04 20 19 01  7.203     2013 04 20 19 03 56.051     168.8
306
307
 2013 04 20 07 37 28.734     2013 04 20 07 40 46.107     197.4
 2013 04 20 12 33 10.587     2013 04 20 12 34 11.764      61.2
 2013 04 20 14 10 59.987     2013 04 20 14 11 16.031      16.0
308
 2013 04 20 20 39 29.718     2013 04 20 20 42 41.652     191.9
309
 2013 04 20 00 57 19.026     2013 04 20 00 59 53.570     154.5
 2013 04 20 14 31 29.268     2013 04 20 14 32 27.559      58.3
310
 2013 04 20 12 18 29.418     2013 04 20 12 22  7.730     218.3
 2013 04 20 18 52 52.791     2013 04 20 18 56   .872     188.1
311
 2013 04 20 15 26 54.564     2013 04 20 15 30 24.798     210.2
312
 2013 04 20 14 15 40.420     2013 04 20 14 19   .742     200.3
313
314
 2013 04 20 03 40 16.843     2013 04 20 03 42 56.928     160.1
 2013 04 20 10 13 56.627     2013 04 20 10 16 46.980     170.4
315
 2013 04 20 10 26  5.314     2013 04 20 10 29  9.769     184.5
316
 2013 04 20 21 35 25.581     2013 04 20 21 38 53.239     207.7
317
 2013 04 20 08 59 27.493     2013 04 20 09 02 59.942     212.4
318
 2013 04 20 02 30 14.769     2013 04 20 02 32 48.388     153.6
 2013 04 20 16 07 32.056     2013 04 20 16 10  6.280     154.2
319
 2013 04 20 00 11 57.718     2013 04 20 00 14 35.429     157.7
320
 2013 04 20 01 55 50.936     2013 04 20 01 59 11.145     200.2
 2013 04 20 11 58 35.413     2013 04 20 12 01  8.817     153.4
321
 2013 04 20 05 38 26.460     2013 04 20 05 41  3.296     156.8
 2013 04 20 19 17  8.031     2013 04 20 19 20  6.685     178.7
322
 2013 04 20 19 46 25.374     2013 04 20 19 46 37.907      12.5
323
 2013 04 20 22 21 24.101     2013 04 20 22 23 58.053     154.0
324
 2013 04 20 20 39 36.515     2013 04 20 20 42 47.919     191.4
325
 2013 04 20 03 11 23.364     2013 04 20 03 11 35.597      12.2
 2013 04 20 20 11  5.704     2013 04 20 20 13 51.556     165.9
326
 2013 04 20 02 43 23.022     2013 04 20 02 46 32.198     189.2
 2013 04 20 12 45 39.791     2013 04 20 12 48 15.867     156.1
327
 2013 04 20 04 45 28.075     2013 04 20 04 48  5.049     157.0
 2013 04 20 20 12  1.633     2013 04 20 20 12 39.867      38.2
328
 2013 04 20 09 34 35.811     2013 04 20 09 38 16.877     221.1
 2013 04 20 23 11 48.768     2013 04 20 23 15 15.807     207.0
329
 2013 04 20 06 16 39.481     2013 04 20 06 17  7.796      28.3
 2013 04 20 23 20 22.302     2013 04 20 23 23  7.889     165.6
330
 2013 04 20 12 42 27.875     2013 04 20 12 45  3.735     155.9
331
332
 2013 04 20 18 32  1.861     2013 04 20 18 35 14.874     193.0
333
 2013 04 20 07 36  6.810     2013 04 20 07 39 29.035     202.2
 2013 04 20 09 13 48.035     2013 04 20 09 14 54.742      66.7
 2013 04 20 14 09 41.211     2013 04 20 14 12 27.257     166.0
334
 2013 04 20 01 19 19.810     2013 04 20 01 22 16.465     176.7
 2013 04 20 06 14 42.024     2013 04 20 06 18 29.725     227.7
 2013 04 20 07 52 25.839     2013 04 20 07 52 43.699      17.9
335
 2013 04 20 00 58 37.281     2013 04 20 01 02  1.388     204.1
336
337
 2013 04 20 04 14 29.119     2013 04 20 04 15  9.020      39.9
 2013 04 20 15 59 12.382     2013 04 20 16 02   .421     168.0
338
 2013 04 20 04 59 55.453     2013 04 20 05 02 29.541     154.1
 2013 04 20 16 47 12.877     2013 04 20 16 50 13.703     180.8
339
 2013 04 20 20 56 48.966     2013 04 20 20 57 23.361      34.4
340
 2013 04 20 04 25 43.949     2013 04 20 04 25 48.781       4.8
 2013 04 20 11 02 44.023     2013 04 20 11 05 47.578     183.6
341
 2013 04 20 04 09  7.098     2013 04 20 04 12 30.541     203.4
342
 2013 04 20 05 38 58.433     2013 04 20 05 42 33.713     215.3
 2013 04 20 19 17 38.797     2013 04 20 19 20 30.204     171.4
343
 2013 04 20 00 23  6.301     2013 04 20 00 23 18.270      12.0
 2013 04 20 10 20 35.573     2013 04 20 10 23 53.674     198.1
344
 2013 04 20 01 34 50.638     2013 04 20 01 37 30.831     160.2
 2013 04 20 18 37 46.308     2013 04 20 18 40 48.275     182.0
345
 2013 04 20 12 53 57.755     2013 04 20 12 54 49.403      51.6
346
347
 2013 04 20 00 18 32.561     2013 04 20 00 21 43.400     190.8
348
 2013 04 20 04 58 36.460     2013 04 20 05 01 33.580     177.1
 2013 04 20 16 47 22.674     2013 04 20 16 50  6.360     163.7
349
 2013 04 20 02 36 45.998     2013 04 20 02 39 46.180     180.2
 2013 04 20 14 26 52.051     2013 04 20 14 29 30.328     158.3
350
 2013 04 20 11 21 32.684     2013 04 20 11 22 19.286      46.6
 2013 04 20 23 03 50.854     2013 04 20 23 06 54.005     183.2
351
352
 2013 04 20 22 57  7.702     2013 04 20 22 59 56.533     168.8
353
 2013 04 20 13 36 31.447     2013 04 20 13 39  5.881     154.4
354
 2013 04 20 08 52 11.065     2013 04 20 08 52 21.507      10.4
355
 2013 04 20 03 26 59.853     2013 04 20 03 29 44.768     164.9
356
357
 2013 04 20 09 52 13.275     2013 04 20 09 54 49.032     155.8
358
 2013 04 20 09 33 12.411     2013 04 20 09 36 13.554     181.1
359
360
 2013 04 20 12 13 55.747     2013 04 20 12 17 29.175     213.4
361
 2013 04 20 08 57 22.040     2013 04 20 08 59 55.630     153.6
362
 2013 04 20 05 53 30.257     2013 04 20 05 56 29.704     179.4
 2013 04 20 15 53 59.587     2013 04 20 15 57 13.268     193.7
363
 2013 04 20 17 45  5.055     2013 04 20 17 48 30.592     205.5
364
 2013 04 20 13 07 50.602     2013 04 20 13 10 38.873     168.3
 2013 04 20 19 42  4.068     2013 04 20 19 45   .938     176.9
365
 2013 04 20 09 53 59.930     2013 04 20 09 56 35.769     155.8
 2013 04 20 18 10 45.887     2013 04 20 18 13 34.767     168.9
366
 2013 04 20 10 45 39.876     2013 04 20 10 45 53.487      13.6
 2013 04 20 17 21  4.857     2013 04 20 17 24 21.984     197.1
367
 2013 04 20 11 16 43.394     2013 04 20 11 20 19.186     215.8
 2013 04 20 23 07 13.584     2013 04 20 23 10  4.065     170.5
368
 2013 04 20 08 50  1.802     2013 04 20 08 53 42.268     220.5
369
 2013 04 20 00 07 13.076     2013 04 20 00 10  1.447     168.4
 2013 04 20 13 46 24.673     2013 04 20 13 49 24.487     179.8
 2013 04 20 23 45 43.681     2013 04 20 23 48 26.225     162.5
370
 2013 04 20 05 37 10.859     2013 04 20 05 39 45.382     154.5
371
372
 2013 04 20 03 35 34.720     2013 04 20 03 35 49.519      14.8
 2013 04 20 11 53 47.802     2013 04 20 11 56 28.950     161.1
373
 2013 04 20 07 58 43.231     2013 04 20 08 01 57.313     194.1
 2013 04 20 21 43 39.435     2013 04 20 21 43 42.707       3.3
374
 2013 04 20 07 54 46.019     2013 04 20 07 57 24.372     158.4
 2013 04 20 23 17 43.696     2013 04 20 23 21 32.514     228.8
375
 2013 04 20 21 21 52.615     2013 04 20 21 25 12.572     200.0
376
 2013 04 20 05 00 10.225     2013 04 20 05 02 44.907     154.7
 2013 04 20 16 46 56.042     2013 04 20 16 50 10.707     194.7
377
 2013 04 20 15 30 45.033     2013 04 20 15 33 28.801     163.8
 2013 04 20 20 25 53.727     2013 04 20 20 29 15.352     201.6
378
 2013 04 20 01 45 45.298     2013 04 20 01 48 20.654     155.4
379
 2013 04 20 04 54 18.817     2013 04 20 04 57 38.931     200.1
380
 2013 04 20 07 17 17.599     2013 04 20 07 19 58.527     160.9
381
 2013 04 20 03 10 58.866     2013 04 20 03 13 43.818     165.0
 2013 04 20 18 34 39.120     2013 04 20 18 38 19.966     220.8
382
 2013 04 20 19 46 57.458     2013 04 20 19 50 26.530     209.1
383
 2013 04 20 19 05 53.061     2013 04 20 19 08 30.384     157.3
384
 2013 04 20 05 14  6.718     2013 04 20 05 17 22.990     196.3
 2013 04 20 11 49 43.711     2013 04 20 11 52 19.369     155.7
385
 2013 04 20 03 32 10.594     2013 04 20 03 34 59.614     169.0
 2013 04 20 13 30 52.264     2013 04 20 13 33 54.721     182.5
386
 2013 04 20 01 08 56.433     2013 04 20 01 10  1.244      64.8
387
 2013 04 20 01 03 44.398     2013 04 20 01 06 50.595     186.2
388
389
390
 2013 04 20 10 35 57.722     2013 04 20 10 39 36.788     219.1
 2013 04 20 20 36 23.218     2013 04 20 20 39 22.206     179.0
391
 2013 04 20 17 26 35.480     2013 04 20 17 29 44.092     188.6
392
393
 2013 04 20 03 55 13.574     2013 04 20 03 55 33.973      20.4
 2013 04 20 05 29 55.563     2013 04 20 05 33  8.698     193.1
 2013 04 20 22 35 16.998     2013 04 20 22 38  6.526     169.5
394
 2013 04 20 09 44 52.796     2013 04 20 09 47 35.238     162.4
395
 2013 04 20 11 23 17.061     2013 04 20 11 26  8.986     171.9
 2013 04 20 21 24 21.609     2013 04 20 21 27 24.596     183.0
396
 2013 04 20 09 40 12.430     2013 04 20 09 42 50.128     157.7
397
 2013 04 20 18 59  6.079     2013 04 20 18 59 57.975      51.9
398
 2013 04 20 08 58 10.072     2013 04 20 09 01 18.417     188.3
399
 2013 04 20 05 48 55.557     2013 04 20 05 51 32.501     156.9
400
 2013 04 20 13 34 21.776     2013 04 20 13 37 26.761     185.0
401
 2013 04 20 16 04 17.574     2013 04 20 16 06 52.278     154.7
402
403
 2013 04 20 04 24 53.515     2013 04 20 04 25 47.945      54.4
 2013 04 20 10 59 20.932     2013 04 20 10 59 38.680      17.7
404
 2013 04 20 11 30 20.972     2013 04 20 11 33 57.717     216.7
405
 2013 04 20 09 41 52.394     2013 04 20 09 44 41.269     168.9
 2013 04 20 21 32 31.539     2013 04 20 21 35  8.233     156.7
406
 2013 04 20 09 49 52.226     2013 04 20 09 52 27.890     155.7
 2013 04 20 19 50 15.320     2013 04 20 19 52 58.359     163.0
407
 2013 04 20 06 01  4.692     2013 04 20 06 04 10.602     185.9
 2013 04 20 12 36 43.698     2013 04 20 12 39 30.677     167.0
408
 2013 04 20 04 18 53.718     2013 04 20 04 22 11.302     197.6
 2013 04 20 14 18  4.610     2013 04 20 14 20 45.358     160.7
409
 2013 04 20 11 13 18.714     2013 04 20 11 15 53.367     154.7
410
 2013 04 20 17 37 22.758     2013 04 20 17 40 22.574     179.8
411
 2013 04 20 05 30  9.613     2013 04 20 05 33 17.338     187.7
 2013 04 20 22 35 18.273     2013 04 20 22 37 59.549     161.3
412
 2013 04 20 05 28 32.006     2013 04 20 05 28 52.062      20.1
 2013 04 20 22 32 28.627     2013 04 20 22 36 15.836     227.2
413
 2013 04 20 00 27 21.646     2013 04 20 00 27 40.484      18.8
 2013 04 20 08 41 34.876     2013 04 20 08 44 30.126     175.3
414
 2013 04 20 07 32  5.622     2013 04 20 07 34 41.766     156.1
 2013 04 20 15 48 52.715     2013 04 20 15 51 44.877     172.2
415
 2013 04 20 03 53 31.264     2013 04 20 03 56 43.689     192.4
 2013 04 20 22 36 23.768     2013 04 20 22 39 27.154     183.4
416
 2013 04 20 05 06  3.146     2013 04 20 05 08 37.321     154.2
 2013 04 20 15 06 31.079     2013 04 20 15 09  8.357     157.3
417
418
 2013 04 20 09 59 31.727     2013 04 20 10 02 13.336     161.6
 2013 04 20 14 54 36.495     2013 04 20 14 58 16.419     219.9
 2013 04 20 16 32 18.328     2013 04 20 16 32 43.946      25.6
419
 2013 04 20 12 17 46.926     2013 04 20 12 21 20.628     213.7
420
 2013 04 20 07 31 41.944     2013 04 20 07 34 31.075     169.1
 2013 04 20 15 49 14.238     2013 04 20 15 52 18.998     184.8
421
422
 2013 04 20 00 48 50.366     2013 04 20 00 51 31.297     160.9
 2013 04 20 16 16 37.892     2013 04 20 16 16 44.920       7.0
423
 2013 04 20 09 42 21.131     2013 04 20 09 45 23.763     182.6
 2013 04 20 21 30 58.922     2013 04 20 21 33 41.359     162.4
424
 2013 04 20 02 34 20.883     2013 04 20 02 37  1.110     160.2
425
 2013 04 20 12 00 39.175     2013 04 20 12 03 16.812     157.6
426
 2013 04 20 08 16 27.821     2013 04 20 08 20 12.799     225.0
 2013 04 20 18 13  1.178     2013 04 20 18 13 56.842      55.7
427
 2013 04 20 02 29 13.440     2013 04 20 02 32  7.884     174.4
 2013 04 20 16 06 56.209     2013 04 20 16 10 17.536     201.3
428
429
 2013 04 20 01 16 13.477     2013 04 20 01 19 39.206     205.7
 2013 04 20 07 56  6.185     2013 04 20 07 56 36.393      30.2
430
 2013 04 20 15 58 13.453     2013 04 20 16 01 19.874     186.4
431
 2013 04 20 07 26 20.083     2013 04 20 07 29 30.814     190.7
 2013 04 20 17 27 31.121     2013 04 20 17 31 10.422     219.3
432
 2013 04 20 12 12 17.138     2013 04 20 12 15 52.172     215.0
433
 2013 04 20 01 06 53.407     2013 04 20 01 09 40.041     166.6
434
 2013 04 20 16 44 12.843     2013 04 20 16 47  3.079     170.2
435
 2013 04 20 11 33 25.718     2013 04 20 11 36 55.212     209.5
 2013 04 20 18 07 51.965     2013 04 20 18 11 21.560     209.6
436
 2013 04 20 16 15  7.279     2013 04 20 16 18 48.671     221.4
 2013 04 20 22 51 35.720     2013 04 20 22 54 48.375     192.7
437
 2013 04 20 00 50  2.125     2013 04 20 00 52 54.966     172.8
 2013 04 20 16 12  7.713     2013 04 20 16 14 52.507     164.8
438
 2013 04 20 05 40  7.998     2013 04 20 05 42 49.600     161.6
 2013 04 20 19 15 52.858     2013 04 20 19 18 43.025     170.2
439
 2013 04 20 00 07 44.493     2013 04 20 00 10 50.990     186.5
 2013 04 20 13 44 55.749     2013 04 20 13 47 51.596     175.8
440
 2013 04 20 01 43 21.889     2013 04 20 01 46 15.741     173.9
 2013 04 20 15 19 26.663     2013 04 20 15 22  3.580     156.9
441
 2013 04 20 06 49  7.760     2013 04 20 06 51 45.913     158.2
 2013 04 20 13 23 36.496     2013 04 20 13 26 13.582     157.1
442
 2013 04 20 05 39 11.212     2013 04 20 05 42 19.434     188.2
 2013 04 20 19 15 51.791     2013 04 20 19 18 29.483     157.7
443
 2013 04 20 08 56 12.866     2013 04 20 08 59 36.644     203.8
 2013 04 20 20 42 44.718     2013 04 20 20 45 33.222     168.5
444
445
 2013 04 20 16 44 18.714     2013 04 20 16 44 49.344      30.6
446
 2013 04 20 07 16 14.227     2013 04 20 07 18 52.581     158.4
447
 2013 04 20 04 10 29.311     2013 04 20 04 10 55.162      25.9
 2013 04 20 16 02 14.072     2013 04 20 16 04 56.089     162.0
448
 2013 04 20 00 11 44.668     2013 04 20 00 15  6.935     202.3
449
 2013 04 20 09 47 10.654     2013 04 20 09 50   .062     169.4
450
451
452
 2013 04 20 03 22 33.584     2013 04 20 03 25 27.212     173.6
453
 2013 04 20 04 08 21.521     2013 04 20 04 10 59.541     158.0
454
 2013 04 20 04 11 18.117     2013 04 20 04 14 42.874     204.8
 2013 04 20 16 01 32.064     2013 04 20 16 04 23.440     171.4
455
 2013 04 20 01 13 10.333     2013 04 20 01 16 48.353     218.0
 2013 04 20 09 31 43.039     2013 04 20 09 34 31.012     168.0
456
 2013 04 20 13 06 42.693     2013 04 20 13 09 23.567     160.9
 2013 04 20 19 41 47.754     2013 04 20 19 44 38.097     170.3
457
 2013 04 20 01 33 27.567     2013 04 20 01 37 10.087     222.5
 2013 04 20 18 39 13.934     2013 04 20 18 41 57.372     163.4
 2013 04 20 23 33 55.584     2013 04 20 23 37 43.740     228.2
458
 2013 04 20 20 41  1.088     2013 04 20 20 44 10.395     189.3
459
 2013 04 20 00 00   .000     2013 04 20 00 01 39.607      99.6
 2013 04 20 17 03 46.261     2013 04 20 17 06 54.835     188.6
 2013 04 20 18 41 17.006     2013 04 20 18 41 24.327       7.3
 2013 04 20 23 37 15.300     2013 04 20 23 40  5.892     170.6
460
461
 2013 04 20 04 50 36.540     2013 04 20 04 53 45.390     188.9
 2013 04 20 18 30 29.548     2013 04 20 18 33 29.355     179.8
462
 2013 04 20 08 23 30.013     2013 04 20 08 26 15.374     165.4
 2013 04 20 14 57 34.201     2013 04 20 15 00 10.517     156.3
463
 2013 04 20 09 51 24.047     2013 04 20 09 54 44.733     200.7
464
 2013 04 20 06 23 17.020     2013 04 20 06 26  8.021     171.0
465
 2013 04 20 10 34  4.258     2013 04 20 10 36 42.265     158.0
466
 2013 04 20 21 21 49.950     2013 04 20 21 24 51.197     181.2
467
 2013 04 20 01 32 14.622     2013 04 20 01 34 58.417     163.8
 2013 04 20 20 15  4.104     2013 04 20 20 18 14.601     190.5
468
469
 2013 04 20 14 38 47.929     2013 04 20 14 42 12.435     204.5
 2013 04 20 22 52 58.587     2013 04 20 22 56   .535     181.9
470
 2013 04 20 08 58 34.064     2013 04 20 09 01 36.520     182.5
471
 2013 04 20 04 45 48.044     2013 04 20 04 48 25.258     157.2
 2013 04 20 20 08 45.817     2013 04 20 20 12 18.521     212.7
472
 2013 04 20 00 00   .000     2013 04 20 00 02 23.549     143.5
 2013 04 20 17 03 20.459     2013 04 20 17 05 58.532     158.1
 2013 04 20 23 38  9.781     2013 04 20 23 40 52.444     162.7
473
 2013 04 20 09 34 59.903     2013 04 20 09 38 36.100     216.2
 2013 04 20 23 14 19.929     2013 04 20 23 16 56.792     156.9
474
475
 2013 04 20 10 30 34.349     2013 04 20 10 33 39.866     185.5
 2013 04 20 22 18 49.581     2013 04 20 22 22 23.932     214.4
476
 2013 04 20 08 52 39.061     2013 04 20 08 55 40.584     181.5
477
 2013 04 20 03 31  9.743     2013 04 20 03 31 32.066      22.3
 2013 04 20 13 32 35.142     2013 04 20 13 36 19.307     224.2
478
 2013 04 20 01 03  6.400     2013 04 20 01 05 44.275     157.9
 2013 04 20 12 50 57.194     2013 04 20 12 53 38.253     161.1
479
 2013 04 20 03 12 56.402     2013 04 20 03 16 16.316     199.9
 2013 04 20 18 34 52.043     2013 04 20 18 38 23.878     211.8
480
 2013 04 20 01 11 43.005     2013 04 20 01 14 38.472     175.5
481
 2013 04 20 07 34 57.184     2013 04 20 07 34 58.134       1.0
 2013 04 20 15 46 46.624     2013 04 20 15 46 52.209       5.6
482
 2013 04 20 05 14  1.121     2013 04 20 05 14 10.837       9.7
 2013 04 20 11 50 19.182     2013 04 20 11 52 57.564     158.4
483
 2013 04 20 11 31 12.496     2013 04 20 11 34 17.728     185.2
 2013 04 20 18 07  3.950     2013 04 20 18 07 42.095      38.1
484
 2013 04 20 00 48 56.957     2013 04 20 00 51 38.582     161.6
 2013 04 20 16 15 50.263     2013 04 20 16 16 38.901      48.6
485
 2013 04 20 07 20 45.652     2013 04 20 07 24 26.292     220.6
 2013 04 20 19 10 20.136     2013 04 20 19 13 44.848     204.7
486
 2013 04 20 09 11 17.773     2013 04 20 09 13 55.213     157.4
 2013 04 20 15 45 16.298     2013 04 20 15 48  6.939     170.6
487
 2013 04 20 13 00 42.364     2013 04 20 13 04 13.766     211.4
488
489
 2013 04 20 01 15  4.209     2013 04 20 01 17 42.854     158.6
 2013 04 20 09 30 24.443     2013 04 20 09 33 26.460     182.0
490
491
 2013 04 20 07 25  3.440     2013 04 20 07 27 55.073     171.6
492
 2013 04 20 07 34 45.863     2013 04 20 07 37 22.595     156.7
 2013 04 20 14 13 38.071     2013 04 20 14 13 56.991      18.9
493
 2013 04 20 03 58 38.367     2013 04 20 04 01 32.584     174.2
 2013 04 20 19 22 25.346     2013 04 20 19 25 26.374     181.0
494
 2013 04 20 01 14 30.227     2013 04 20 01 17 31.472     181.2
 2013 04 20 09 31  5.543     2013 04 20 09 33 51.686     166.1
495
 2013 04 20 01 10 28.127     2013 04 20 01 13  6.629     158.5
 2013 04 20 11 09  7.097     2013 04 20 11 12 24.227     197.1
496
 2013 04 20 08 17 25.467     2013 04 20 08 21   .285     214.8
497
 2013 04 20 02 52 34.498     2013 04 20 02 55 37.094     182.6
 2013 04 20 09 27 40.914     2013 04 20 09 30 20.080     159.2
498
 2013 04 20 05 36 22.695     2013 04 20 05 39 45.719     203.0
499
500
501
 2013 04 20 16 10  5.418     2013 04 20 16 12 40.200     154.8
502
 2013 04 20 00 17  2.482     2013 04 20 00 20 12.397     189.9
 2013 04 20 12 01 51.354     2013 04 20 12 03 42.491     111.1
503
 2013 04 20 15 11 25.578     2013 04 20 15 14 25.788     180.2
504
 2013 04 20 04 23 28.987     2013 04 20 04 26  5.738     156.8
 2013 04 20 12 39 48.273     2013 04 20 12 42 24.691     156.4
505
 2013 04 20 03 08 19.712     2013 04 20 03 08 53.677      34.0
 2013 04 20 20 11 20.979     2013 04 20 20 14  5.330     164.4
506
 2013 04 20 10 29 30.279     2013 04 20 10 32  6.017     155.7
 2013 04 20 22 19 25.593     2013 04 20 22 22  1.795     156.2
507
 2013 04 20 04 53 42.166     2013 04 20 04 54  3.347      21.2
508
 2013 04 20 20 34  9.303     2013 04 20 20 37 19.520     190.2
509
 2013 04 20 05 45 36.386     2013 04 20 05 48 26.557     170.2
 2013 04 20 17 34 49.703     2013 04 20 17 37 46.372     176.7
510
511
 2013 04 20 00 07 32.625     2013 04 20 00 11 17.552     224.9
 2013 04 20 13 46 58.089     2013 04 20 13 49 36.930     158.8
512
 2013 04 20 13 46 32.315     2013 04 20 13 47 34.834      62.5
513
 2013 04 20 05 49 59.000     2013 04 20 05 53 32.050     213.0
514
 2013 04 20 04 42 43.626     2013 04 20 04 45 26.461     162.8
 2013 04 20 21 47 21.351     2013 04 20 21 50 17.150     175.8
515
 2013 04 20 02 19 32.671     2013 04 20 02 22 47.707     195.0
 2013 04 20 19 27 46.215     2013 04 20 19 27 46.906        .7
 2013 04 20 21 01 38.835     2013 04 20 21 03 24.455     105.6
516
 2013 04 20 07 33 24.233     2013 04 20 07 36 48.793     204.6
 2013 04 20 15 47 15.448     2013 04 20 15 50 33.014     197.6
517
 2013 04 20 09 59 55.822     2013 04 20 10 02 33.672     157.9
 2013 04 20 14 54 55.630     2013 04 20 14 58  1.250     185.6
518
 2013 04 20 00 32 14.313     2013 04 20 00 34 50.799     156.5
 2013 04 20 05 27  7.014     2013 04 20 05 30 26.919     199.9
519
 2013 04 20 00 28 56.709     2013 04 20 00 32 47.074     230.4
 2013 04 20 07 05 37.953     2013 04 20 07 09 27.339     229.4
520
 2013 04 20 04 58 41.743     2013 04 20 05 02 11.867     210.1
 2013 04 20 16 46 50.404     2013 04 20 16 49 30.285     159.9
521
 2013 04 20 08 48 16.129     2013 04 20 08 50 50.206     154.1
 2013 04 20 22 26  3.804     2013 04 20 22 28 39.572     155.8
522
 2013 04 20 04 50 27.623     2013 04 20 04 53 30.921     183.3
 2013 04 20 18 32 33.123     2013 04 20 18 32 40.014       6.9
523
 2013 04 20 07 28 59.594     2013 04 20 07 30 18.380      78.8
 2013 04 20 17 27  1.983     2013 04 20 17 30 23.880     201.9
524
 2013 04 20 14 37 23.580     2013 04 20 14 40  2.318     158.7
 2013 04 20 22 53 58.020     2013 04 20 22 57 10.297     192.3
525
 2013 04 20 06 46  9.563     2013 04 20 06 48 50.072     160.5
 2013 04 20 15 01 25.344     2013 04 20 15 04 33.182     187.8
526
 2013 04 20 07 09 19.239     2013 04 20 07 10 12.840      53.6
 2013 04 20 22 29 12.213     2013 04 20 22 32 24.376     192.2
527
 2013 04 20 01 52 17.705     2013 04 20 01 55 29.768     192.1
528
 2013 04 20 02 25 50.994     2013 04 20 02 28 36.036     165.0
 2013 04 20 17 46 27.804     2013 04 20 17 49 31.156     183.4
529
 2013 04 20 20 45 22.353     2013 04 20 20 46 12.925      50.6
530
 2013 04 20 07 07 31.634     2013 04 20 07 11 19.637     228.0
 2013 04 20 22 29 33.413     2013 04 20 22 32 45.771     192.4
531
532
533
534
 2013 04 20 05 14 36.223     2013 04 20 05 17 31.797     175.6
 2013 04 20 11 49 26.600     2013 04 20 11 52  7.006     160.4
535
 2013 04 20 09 55 54.272     2013 04 20 09 58 43.119     168.8
 2013 04 20 18 09 15.892     2013 04 20 18 10 40.064      84.2
536
 2013 04 20 18 17 28.318     2013 04 20 18 17 39.550      11.2
537
538
 2013 04 20 04 22 34.891     2013 04 20 04 25 38.144     183.3
 2013 04 20 12 38 45.975     2013 04 20 12 41 57.739     191.8
539
 2013 04 20 14 40 57.186     2013 04 20 14 43 51.996     174.8
 2013 04 20 21 15 24.410     2013 04 20 21 18 20.627     176.2
540
 2013 04 20 21 35 38.947     2013 04 20 21 38 13.676     154.7
541
542
 2013 04 20 14 12 11.194     2013 04 20 14 13  5.893      54.7
543
544
 2013 04 20 04 02  8.800     2013 04 20 04 05 29.613     200.8
545
 2013 04 20 00 00  8.141     2013 04 20 00 02 50.929     162.8
 2013 04 20 17 03  9.682     2013 04 20 17 06  5.018     175.3
 2013 04 20 23 38 34.219     2013 04 20 23 41 20.195     166.0
546
547
 2013 04 20 07 33  6.282     2013 04 20 07 36 57.459     231.2
 2013 04 20 15 47  3.684     2013 04 20 15 50 11.698     188.0
548
 2013 04 20 00 01 14.662     2013 04 20 00 04 25.579     190.9
 2013 04 20 15 29 36.911     2013 04 20 15 29 56.026      19.1
 2013 04 20 23 39 46.114     2013 04 20 23 42 50.389     184.3
549
 2013 04 20 00 05  7.347     2013 04 20 00 08 30.560     203.2
 2013 04 20 23 43 40.184     2013 04 20 23 46 53.595     193.4
550
 2013 04 20 02 52  6.258     2013 04 20 02 55 32.189     205.9
 2013 04 20 04 29 47.058     2013 04 20 04 30 24.461      37.4
 2013 04 20 09 25 57.603     2013 04 20 09 28 36.248     158.6
551
 2013 04 20 08 05 15.009     2013 04 20 08 08 22.829     187.8
552
553
 2013 04 20 01 16  6.670     2013 04 20 01 19  3.279     176.6
554
 2013 04 20 00 22 26.888     2013 04 20 00 23  2.141      35.3
555
 2013 04 20 02 37 28.357     2013 04 20 02 40 36.035     187.7
 2013 04 20 14 25  3.551     2013 04 20 14 27 38.449     154.9
556
 2013 04 20 11 24 32.515     2013 04 20 11 27 53.556     201.0
 2013 04 20 21 23 32.846     2013 04 20 21 26 14.255     161.4
557
 2013 04 20 09 38 16.937     2013 04 20 09 41 29.093     192.2
558
 2013 04 20 04 57 57.390     2013 04 20 05 00 31.498     154.1
 2013 04 20 16 48  7.659     2013 04 20 16 51 16.413     188.8
559
 2013 04 20 10 35 17.731     2013 04 20 10 38 23.921     186.2
 2013 04 20 20 39 20.090     2013 04 20 20 40 35.535      75.4
560
 2013 04 20 03 23 39.621     2013 04 20 03 26 53.583     194.0
 2013 04 20 15 14 28.739     2013 04 20 15 17  2.532     153.8
561
 2013 04 20 08 16 16.477     2013 04 20 08 18 53.250     156.8
 2013 04 20 18 14 30.967     2013 04 20 18 18  4.506     213.5
562
563
 2013 04 20 01 04 59.732     2013 04 20 01 07 41.572     161.8
564
 2013 04 20 20 41 47.420     2013 04 20 20 44 31.853     164.4
565
 2013 04 20 04 21 22.412     2013 04 20 04 23 57.708     155.3
566
 2013 04 20 04 51 45.167     2013 04 20 04 54 20.000     154.8
 2013 04 20 18 29 30.813     2013 04 20 18 32  9.739     158.9
567
 2013 04 20 15 17 12.441     2013 04 20 15 20  6.093     173.7
568
 2013 04 20 18 13  4.905     2013 04 20 18 15 42.837     157.9
569
 2013 04 20 02 33 40.640     2013 04 20 02 36 46.075     185.4
570
 2013 04 20 18 20 49.913     2013 04 20 18 24 20.807     210.9
571
 2013 04 20 23 10 49.840     2013 04 20 23 14 19.788     209.9
572
573
 2013 04 20 03 06  5.579     2013 04 20 03 09 50.691     225.1
 2013 04 20 21 48 39.015     2013 04 20 21 52  4.838     205.8
574
 2013 04 20 02 53 16.796     2013 04 20 02 56  7.726     170.9
 2013 04 20 09 27 18.345     2013 04 20 09 30 28.969     190.6
575
 2013 04 20 13 05 16.765     2013 04 20 13 05 20.575       3.8
576
 2013 04 20 07 26 53.643     2013 04 20 07 29 33.740     160.1
 2013 04 20 17 29   .300     2013 04 20 17 31 44.750     164.5
577
 2013 04 20 18 14  2.949     2013 04 20 18 17 24.282     201.3
578
 2013 04 20 00 56 48.315     2013 04 20 00 59 53.935     185.6
 2013 04 20 14 31 20.947     2013 04 20 14 34 33.739     192.8
579
 2013 04 20 00 46  7.542     2013 04 20 00 48 45.103     157.6
 2013 04 20 17 50 22.074     2013 04 20 17 53 27.453     185.4
580
 2013 04 20 13 53 11.715     2013 04 20 13 56 32.163     200.4
 2013 04 20 20 27 37.248     2013 04 20 20 30 48.503     191.3
581
 2013 04 20 14 35 20.409     2013 04 20 14 38 17.771     177.4
582
 2013 04 20 01 51 57.303     2013 04 20 01 54 35.898     158.6
583
 2013 04 20 05 34 43.146     2013 04 20 05 37 17.690     154.5
 2013 04 20 20 56 15.079     2013 04 20 20 59  2.794     167.7
584
585
 2013 04 20 13 48 51.013     2013 04 20 13 51 47.344     176.3
586
 2013 04 20 05 14 32.575     2013 04 20 05 15 25.500      52.9
 2013 04 20 11 50  5.947     2013 04 20 11 53  5.035     179.1
587
 2013 04 20 01 35 15.118     2013 04 20 01 38 14.631     179.5
 2013 04 20 18 38 24.307     2013 04 20 18 42  4.155     219.8
588
 2013 04 20 09 55 55.791     2013 04 20 09 58 52.860     177.1
 2013 04 20 18 09  2.940     2013 04 20 18 09 49.756      46.8
589
590
 2013 04 20 02 02 11.565     2013 04 20 02 05 23.481     191.9
 2013 04 20 10 16 39.532     2013 04 20 10 19 33.911     174.4
591
 2013 04 20 07 32 48.388     2013 04 20 07 35 52.687     184.3
 2013 04 20 15 49 23.123     2013 04 20 15 52 11.966     168.8
592
 2013 04 20 06 32 53.535     2013 04 20 06 35 40.141     166.6
 2013 04 20 18 22 12.091     2013 04 20 18 25  7.734     175.6
593
 2013 04 20 04 49 16.931     2013 04 20 04 52  5.963     169.0
594
 2013 04 20 19 07 21.126     2013 04 20 19 10 11.905     170.8
595
 2013 04 20 07 10 40.663     2013 04 20 07 10 44.605       3.9
596
 2013 04 20 04 50 26.958     2013 04 20 04 51 36.371      69.4
 2013 04 20 20 07  3.103     2013 04 20 20 10 33.701     210.6
597
 2013 04 20 10 24 39.688     2013 04 20 10 27 24.709     165.0
598
 2013 04 20 09 09 32.948     2013 04 20 09 12 10.731     157.8
 2013 04 20 15 44 22.924     2013 04 20 15 48  8.598     225.7
599
 2013 04 20 14 21 56.407     2013 04 20 14 24 49.401     173.0
