s3
0
 2013 04 20 01 26 23.191     2013 04 20 01 29 36.837     193.6
 2013 04 20 18 32  7.493     2013 04 20 18 34 56.777     169.3
1
 2013 04 20 04 15 21.523     2013 04 20 04 17 57.296     155.8
2
 2013 04 20 00 09 16.900     2013 04 20 00 12 30.386     193.5
 2013 04 20 11 56 54.162     2013 04 20 11 59 58.667     184.5
3
4
 2013 04 20 03 18 46.743     2013 04 20 03 21 29.755     163.0
 2013 04 20 15 06 55.634     2013 04 20 15 10  6.090     190.5
5
 2013 04 20 02 46 57.824     2013 04 20 02 49 49.232     171.4
 2013 04 20 04 24 33.602     2013 04 20 04 24 54.232      20.6
 2013 04 20 07 42  9.442     2013 04 20 07 45 34.434     205.0
 2013 04 20 09 19 55.734     2013 04 20 09 21 26.010      90.3
6
 2013 04 20 04 55 50.488     2013 04 20 04 58 41.408     170.9
7
8
 2013 04 20 08 01 36.387     2013 04 20 08 04 35.226     178.8
 2013 04 20 19 52 53.765     2013 04 20 19 55 34.182     160.4
9
 2013 04 20 10 23   .791     2013 04 20 10 23  8.387       7.6
 2013 04 20 22 15 39.544     2013 04 20 22 18 40.582     181.0
10
11
 2013 04 20 01 47 36.700     2013 04 20 01 50 29.499     172.8
12
13
14
15
 2013 04 20 11 27 31.298     2013 04 20 11 30 42.317     191.0
 2013 04 20 18 02 34.094     2013 04 20 18 05 51.324     197.2
16
 2013 04 20 08 14 26.402     2013 04 20 08 14 36.387      10.0
 2013 04 20 18 07 25.348     2013 04 20 18 07 43.949      18.6
17
 2013 04 20 07 53 44.888     2013 04 20 07 57 12.383     207.5
 2013 04 20 21 32 47.157     2013 04 20 21 36 16.345     209.2
18
 2013 04 20 21 33 51.215     2013 04 20 21 34 18.606      27.4
19
 2013 04 20 21 13  5.506     2013 04 20 21 15 58.753     173.2
20
 2013 04 20 03 04 34.044     2013 04 20 03 07 17.645     163.6
 2013 04 20 18 29 45.800     2013 04 20 18 32 59.367     193.6
21
22
 2013 04 20 13 49 20.623     2013 04 20 13 52 35.331     194.7
 2013 04 20 20 24 51.083     2013 04 20 20 27 48.784     177.7
23
 2013 04 20 05 05  8.611     2013 04 20 05 09  6.169     237.6
24
 2013 04 20 08 49 58.465     2013 04 20 08 50 15.498      17.0
25
 2013 04 20 00 21 20.946     2013 04 20 00 24 22.455     181.5
 2013 04 20 08 36 46.612     2013 04 20 08 37  9.897      23.3
26
 2013 04 20 14 11  4.935     2013 04 20 14 13 51.832     166.9
27
 2013 04 20 06 21 32.411     2013 04 20 06 24 39.866     187.5
 2013 04 20 19 57 19.887     2013 04 20 20 00 48.336     208.4
28
 2013 04 20 16 33 18.403     2013 04 20 16 35 58.016     159.6
29
30
 2013 04 20 15 05 50.989     2013 04 20 15 08 46.684     175.7
31
 2013 04 20 14 38 59.974     2013 04 20 14 42  9.413     189.4
 2013 04 20 19 34 54.605     2013 04 20 19 37 35.723     161.1
32
 2013 04 20 09 52 22.914     2013 04 20 09 55  4.842     161.9
 2013 04 20 16 27 13.478     2013 04 20 16 29 59.466     166.0
33
34
 2013 04 20 06 21  6.382     2013 04 20 06 22 23.279      76.9
35
 2013 04 20 09 52 53.889     2013 04 20 09 55 39.274     165.4
 2013 04 20 16 27 20.509     2013 04 20 16 30 34.713     194.2
36
 2013 04 20 18 12 43.224     2013 04 20 18 16 20.568     217.3
37
 2013 04 20 11 21 14.886     2013 04 20 11 23 54.927     160.0
38
 2013 04 20 12 50 34.323     2013 04 20 12 53 38.117     183.8
 2013 04 20 22 59 23.687     2013 04 20 22 59 51.050      27.4
39
 2013 04 20 23 10 53.495     2013 04 20 23 13 51.905     178.4
40
 2013 04 20 05 23 27.847     2013 04 20 05 26 18.716     170.9
 2013 04 20 22 30  6.877     2013 04 20 22 33  9.295     182.4
41
 2013 04 20 02 48  5.711     2013 04 20 02 51 10.962     185.3
 2013 04 20 07 44  7.329     2013 04 20 07 46 54.715     167.4
42
 2013 04 20 00 06 29.856     2013 04 20 00 09  9.864     160.0
 2013 04 20 11 59  9.075     2013 04 20 12 02 47.181     218.1
43
 2013 04 20 09 33 48.251     2013 04 20 09 36 32.591     164.3
44
 2013 04 20 16 44 17.077     2013 04 20 16 45 23.413      66.3
45
 2013 04 20 09 39 15.064     2013 04 20 09 40 21.099      66.0
 2013 04 20 21 25 29.303     2013 04 20 21 28  8.219     158.9
46
47
 2013 04 20 06 31  7.906     2013 04 20 06 31 30.317      22.4
 2013 04 20 18 15 41.213     2013 04 20 18 18 16.627     155.4
48
 2013 04 20 01 29  6.836     2013 04 20 01 31 52.778     165.9
49
 2013 04 20 12 01 47.886     2013 04 20 12 05 14.881     207.0
50
 2013 04 20 19 51 44.984     2013 04 20 19 53  3.412      78.4
51
 2013 04 20 10 22 14.018     2013 04 20 10 25  2.571     168.6
 2013 04 20 22 17 56.859     2013 04 20 22 18  9.014      12.2
52
 2013 04 20 09 31 29.578     2013 04 20 09 34  7.552     158.0
53
 2013 04 20 09 36 43.059     2013 04 20 09 39 33.681     170.6
 2013 04 20 21 26 26.802     2013 04 20 21 29  1.597     154.8
54
 2013 04 20 05 05  8.808     2013 04 20 05 07 50.259     161.5
 2013 04 20 13 20 51.219     2013 04 20 13 24  2.569     191.4
55
 2013 04 20 12 14 30.646     2013 04 20 12 17 54.576     203.9
 2013 04 20 18 50 14.707     2013 04 20 18 53 10.267     175.6
56
 2013 04 20 04 45 34.107     2013 04 20 04 48 11.883     157.8
 2013 04 20 18 24 30.363     2013 04 20 18 27  6.399     156.0
57
 2013 04 20 03 58 22.164     2013 04 20 04 01 41.261     199.1
 2013 04 20 17 35 53.022     2013 04 20 17 38 32.322     159.3
58
59
 2013 04 20 19 55 44.336     2013 04 20 19 58 25.309     161.0
60
 2013 04 20 00 14 19.673     2013 04 20 00 17  7.756     168.1
 2013 04 20 10 16 43.069     2013 04 20 10 19 41.816     178.7
61
 2013 04 20 10 34 29.499     2013 04 20 10 37 18.515     169.0
 2013 04 20 18 51 57.369     2013 04 20 18 52  5.977       8.6
62
 2013 04 20 04 49  5.280     2013 04 20 04 49 14.174       8.9
 2013 04 20 16 44 59.804     2013 04 20 16 48 35.764     216.0
63
64
 2013 04 20 00 08 48.031     2013 04 20 00 12 12.262     204.2
 2013 04 20 11 57  9.152     2013 04 20 11 59 52.045     162.9
65
 2013 04 20 02 31 21.078     2013 04 20 02 34 57.619     216.5
 2013 04 20 14 18 37.965     2013 04 20 14 21 40.275     182.3
66
 2013 04 20 08 01 18.878     2013 04 20 08 02 27.467      68.6
 2013 04 20 19 53 12.440     2013 04 20 19 56 24.388     191.9
67
 2013 04 20 01 09  6.126     2013 04 20 01 12 42.127     216.0
 2013 04 20 07 44 14.826     2013 04 20 07 45 10.268      55.4
68
 2013 04 20 15 05 57.519     2013 04 20 15 09 28.238     210.7
69
 2013 04 20 05 26 56.940     2013 04 20 05 27 18.936      22.0
 2013 04 20 20 53  4.699     2013 04 20 20 55 50.240     165.5
70
 2013 04 20 19 05  7.027     2013 04 20 19 05 31.426      24.4
71
 2013 04 20 15 10 16.871     2013 04 20 15 12 59.417     162.5
72
73
 2013 04 20 05 29  8.563     2013 04 20 05 31 53.160     164.6
 2013 04 20 20 50 19.879     2013 04 20 20 51 57.111      97.2
74
 2013 04 20 02 43 16.576     2013 04 20 02 44  2.452      45.9
75
 2013 04 20 04 40 49.356     2013 04 20 04 44 37.488     228.1
 2013 04 20 20 04 44.155     2013 04 20 20 08 34.754     230.6
76
 2013 04 20 21 31  1.141     2013 04 20 21 33 40.151     159.0
77
 2013 04 20 07 57 45.475     2013 04 20 08 00 43.589     178.1
78
 2013 04 20 19 47  2.516     2013 04 20 19 50 16.963     194.4
79
 2013 04 20 05 08  4.280     2013 04 20 05 11 41.169     216.9
 2013 04 20 11 44  5.862     2013 04 20 11 47   .550     174.7
80
 2013 04 20 08 11 44.930     2013 04 20 08 15 18.787     213.9
81
82
 2013 04 20 06 42 12.756     2013 04 20 06 45 24.163     191.4
 2013 04 20 13 18 31.195     2013 04 20 13 21 14.261     163.1
83
84
 2013 04 20 04 15 20.744     2013 04 20 04 18 29.072     188.3
 2013 04 20 12 34 30.248     2013 04 20 12 38 11.466     221.2
85
86
 2013 04 20 00 16  7.798     2013 04 20 00 16 14.080       6.3
 2013 04 20 10 14 33.482     2013 04 20 10 18  2.951     209.5
87
 2013 04 20 17 43 24.359     2013 04 20 17 43 25.434       1.1
88
 2013 04 20 11 53 30.349     2013 04 20 11 56 17.321     167.0
89
 2013 04 20 02 38 42.901     2013 04 20 02 42   .132     197.2
90
 2013 04 20 09 30 48.080     2013 04 20 09 33 47.499     179.4
 2013 04 20 23 07  9.117     2013 04 20 23 10 22.177     193.1
91
 2013 04 20 14 35  8.884     2013 04 20 14 39  6.934     238.0
 2013 04 20 16 13 17.200     2013 04 20 16 17 13.602     236.4
 2013 04 20 21 10  3.445     2013 04 20 21 12 49.375     165.9
92
 2013 04 20 13 00 57.030     2013 04 20 13 04 30.365     213.3
 2013 04 20 14 38 49.292     2013 04 20 14 39 35.620      46.3
 2013 04 20 19 35 40.264     2013 04 20 19 38 21.104     160.8
93
 2013 04 20 08 08   .223     2013 04 20 08 10 43.465     163.2
 2013 04 20 18 10 32.121     2013 04 20 18 13 29.106     177.0
94
 2013 04 20 14 25 38.612     2013 04 20 14 29 32.204     233.6
95
 2013 04 20 03 32   .296     2013 04 20 03 35 13.676     193.4
 2013 04 20 10 08 38.923     2013 04 20 10 12  3.590     204.7
96
 2013 04 20 00 15  3.382     2013 04 20 00 18  6.931     183.5
 2013 04 20 10 17 29.770     2013 04 20 10 20 21.738     172.0
97
 2013 04 20 01 08 58.438     2013 04 20 01 11 37.673     159.2
 2013 04 20 09 23 41.352     2013 04 20 09 24  4.336      23.0
98
 2013 04 20 03 01 35.801     2013 04 20 03 04 25.843     170.0
 2013 04 20 20 07 19.995     2013 04 20 20 10   .353     160.4
99
 2013 04 20 00 39 35.303     2013 04 20 00 42 16.891     161.6
 2013 04 20 17 45 30.688     2013 04 20 17 48 17.872     167.2
100
 2013 04 20 12 50 51.229     2013 04 20 12 54 13.691     202.5
101
 2013 04 20 06 27  6.764     2013 04 20 06 30 38.855     212.1
 2013 04 20 18 17 59.536     2013 04 20 18 21 18.547     199.0
102
 2013 04 20 11 17 19.992     2013 04 20 11 20 53.467     213.5
 2013 04 20 21 21 21.466     2013 04 20 21 23 59.360     157.9
103
 2013 04 20 09 44 17.624     2013 04 20 09 47 16.592     179.0
 2013 04 20 19 44 13.239     2013 04 20 19 47 15.073     181.8
104
 2013 04 20 06 43 39.056     2013 04 20 06 46 24.192     165.1
 2013 04 20 11 38 55.136     2013 04 20 11 42 51.155     236.0
 2013 04 20 13 17 13.153     2013 04 20 13 20 50.507     217.4
105
 2013 04 20 09 26 52.215     2013 04 20 09 30 38.629     226.4
 2013 04 20 23 13 17.590     2013 04 20 23 14  2.601      45.0
106
 2013 04 20 01 11 20.243     2013 04 20 01 14 26.051     185.8
 2013 04 20 02 48 59.630     2013 04 20 02 49  4.413       4.8
 2013 04 20 07 45 22.010     2013 04 20 07 48 18.871     176.9
107
 2013 04 20 11 24 27.060     2013 04 20 11 27 51.233     204.2
 2013 04 20 19 38 24.130     2013 04 20 19 39 51.462      87.3
108
 2013 04 20 15 58 20.095     2013 04 20 16 01  1.535     161.4
109
 2013 04 20 14 16 22.911     2013 04 20 14 19   .568     157.7
110
111
 2013 04 20 10 33 47.713     2013 04 20 10 33 57.491       9.8
 2013 04 20 20 31  8.227     2013 04 20 20 34 18.824     190.6
112
 2013 04 20 13 23  9.233     2013 04 20 13 25 59.049     169.8
113
 2013 04 20 02 10 38.264     2013 04 20 02 14 37.092     238.8
 2013 04 20 03 48 56.933     2013 04 20 03 52 36.160     219.2
 2013 04 20 20 56 18.276     2013 04 20 20 59   .943     162.7
114
 2013 04 20 05 53 11.311     2013 04 20 05 55 48.577     157.3
 2013 04 20 14 07 47.781     2013 04 20 14 08 17.823      30.0
115
 2013 04 20 13 47 36.764     2013 04 20 13 50 14.528     157.8
 2013 04 20 20 23  7.668     2013 04 20 20 27  2.263     234.6
116
 2013 04 20 01 01 47.492     2013 04 20 01 05  7.370     199.9
 2013 04 20 11 05 22.942     2013 04 20 11 08  2.036     159.1
117
 2013 04 20 23 02 16.827     2013 04 20 23 02 33.076      16.2
118
 2013 04 20 01 49 36.697     2013 04 20 01 53 22.726     226.0
 2013 04 20 11 50 26.367     2013 04 20 11 53  3.995     157.6
119
 2013 04 20 01 03 50.571     2013 04 20 01 07 36.561     226.0
 2013 04 20 11 01 45.038     2013 04 20 11 05 33.783     228.7
120
 2013 04 20 03 12 54.242     2013 04 20 03 16 22.704     208.5
121
 2013 04 20 21 29 51.104     2013 04 20 21 32 28.031     156.9
122
 2013 04 20 04 35 44.100     2013 04 20 04 38 22.603     158.5
 2013 04 20 21 42  6.403     2013 04 20 21 45 31.803     205.4
 2013 04 20 23 19 55.323     2013 04 20 23 20 14.349      19.0
123
 2013 04 20 04 35 33.408     2013 04 20 04 38 40.368     187.0
 2013 04 20 21 41 26.303     2013 04 20 21 44 38.905     192.6
124
 2013 04 20 21 35 51.527     2013 04 20 21 38 26.833     155.3
125
 2013 04 20 05 29 57.699     2013 04 20 05 32 36.018     158.3
126
 2013 04 20 00 02 13.291     2013 04 20 00 02 20.870       7.6
 2013 04 20 23 43 13.057     2013 04 20 23 43 21.802       8.7
127
 2013 04 20 03 31 22.335     2013 04 20 03 34  3.974     161.6
128
 2013 04 20 11 24 46.687     2013 04 20 11 27 28.077     161.4
 2013 04 20 19 39 11.336     2013 04 20 19 39 34.646      23.3
129
 2013 04 20 10 34 43.778     2013 04 20 10 37 28.944     165.2
 2013 04 20 18 53  8.044     2013 04 20 18 56 33.355     205.3
130
 2013 04 20 04 00 37.337     2013 04 20 04 03 30.195     172.9
131
 2013 04 20 03 23 26.588     2013 04 20 03 23 29.542       3.0
 2013 04 20 13 25  4.485     2013 04 20 13 28 15.093     190.6
132
 2013 04 20 01 38 53.896     2013 04 20 01 41 45.489     171.6
133
 2013 04 20 08 10  2.602     2013 04 20 08 12 48.534     165.9
 2013 04 20 18 09 45.157     2013 04 20 18 10 32.600      47.4
134
 2013 04 20 01 49 13.688     2013 04 20 01 52 44.385     210.7
 2013 04 20 11 50 43.171     2013 04 20 11 53 31.382     168.2
135
 2013 04 20 04 02 33.992     2013 04 20 04 03 16.724      42.7
 2013 04 20 15 57 25.535     2013 04 20 16 00 26.366     180.8
136
137
138
 2013 04 20 04 04 10.797     2013 04 20 04 07 26.161     195.4
 2013 04 20 15 56 31.882     2013 04 20 15 59  9.496     157.6
139
140
 2013 04 20 20 43 56.211     2013 04 20 20 46 42.002     165.8
141
 2013 04 20 00 02 26.386     2013 04 20 00 05 37.235     190.8
 2013 04 20 23 43 26.081     2013 04 20 23 46 36.648     190.6
142
 2013 04 20 08 39 29.007     2013 04 20 08 43 18.576     229.6
 2013 04 20 22 25 56.410     2013 04 20 22 26 45.483      49.1
143
 2013 04 20 11 10 17.115     2013 04 20 11 13 49.681     212.6
 2013 04 20 23 00 40.781     2013 04 20 23 03 58.450     197.7
144
 2013 04 20 00 13 14.625     2013 04 20 00 16 28.822     194.2
145
 2013 04 20 08 12 20.487     2013 04 20 08 12 48.791      28.3
 2013 04 20 16 32 25.003     2013 04 20 16 35  8.937     163.9
146
 2013 04 20 06 17 50.264     2013 04 20 06 20 29.204     158.9
147
148
 2013 04 20 06 13 23.214     2013 04 20 06 16 58.278     215.1
 2013 04 20 21 40   .152     2013 04 20 21 43 19.347     199.2
149
 2013 04 20 10 28 21.073     2013 04 20 10 31 52.465     211.4
 2013 04 20 20 34  3.584     2013 04 20 20 37 51.554     228.0
150
 2013 04 20 02 18 25.709     2013 04 20 02 21 49.285     203.6
 2013 04 20 17 41  2.416     2013 04 20 17 43 49.150     166.7
151
 2013 04 20 03 14  2.691     2013 04 20 03 16 44.997     162.3
152
 2013 04 20 03 27 37.811     2013 04 20 03 30 58.600     200.8
 2013 04 20 11 47 10.909     2013 04 20 11 47 18.636       7.7
153
 2013 04 20 03 07 48.162     2013 04 20 03 11  9.193     201.0
154
 2013 04 20 02 15 25.441     2013 04 20 02 18 24.584     179.1
 2013 04 20 19 20 53.150     2013 04 20 19 24  9.221     196.1
155
 2013 04 20 01 09 49.578     2013 04 20 01 13 18.441     208.9
 2013 04 20 07 46 46.258     2013 04 20 07 50  7.684     201.4
156
 2013 04 20 03 22 33.893     2013 04 20 03 25 59.187     205.3
 2013 04 20 13 27 47.912     2013 04 20 13 31  1.113     193.2
157
 2013 04 20 02 37 32.818     2013 04 20 02 40 16.372     163.6
 2013 04 20 12 39  8.831     2013 04 20 12 42  3.820     175.0
158
 2013 04 20 09 01 13.344     2013 04 20 09 05  4.157     230.8
 2013 04 20 17 19  1.346     2013 04 20 17 22 16.805     195.5
159
 2013 04 20 00 16 27.527     2013 04 20 00 19 45.382     197.9
160
 2013 04 20 05 07  5.942     2013 04 20 05 10 43.205     217.3
 2013 04 20 11 44  1.230     2013 04 20 11 46 51.294     170.1
161
 2013 04 20 22 27 28.238     2013 04 20 22 30 51.898     203.7
162
 2013 04 20 00 49 38.496     2013 04 20 00 52 46.354     187.9
 2013 04 20 14 27  7.550     2013 04 20 14 28 22.347      74.8
163
164
 2013 04 20 00 04  9.693     2013 04 20 00 07 37.007     207.3
 2013 04 20 23 45  9.037     2013 04 20 23 48 36.756     207.7
165
 2013 04 20 09 48 56.302     2013 04 20 09 52 14.701     198.4
 2013 04 20 18 04 25.324     2013 04 20 18 07 21.479     176.2
166
 2013 04 20 08 15   .128     2013 04 20 08 18 17.353     197.2
167
168
 2013 04 20 22 03 59.472     2013 04 20 22 07  3.686     184.2
169
 2013 04 20 07 18 29.508     2013 04 20 07 22  6.022     216.5
170
 2013 04 20 00 59 26.895     2013 04 20 01 02 59.831     212.9
171
 2013 04 20 06 31 10.590     2013 04 20 06 33 49.487     158.9
172
173
 2013 04 20 00 00   .000     2013 04 20 00 00 54.675      54.7
 2013 04 20 23 39   .799     2013 04 20 23 41 54.140     173.3
174
 2013 04 20 00 19 50.522     2013 04 20 00 23 27.154     216.6
 2013 04 20 08 38 10.279     2013 04 20 08 40 57.476     167.2
175
 2013 04 20 02 41 32.213     2013 04 20 02 44 43.388     191.2
 2013 04 20 11 00  7.686     2013 04 20 11 02 48.734     161.0
176
 2013 04 20 21 15 44.253     2013 04 20 21 16 13.965      29.7
177
 2013 04 20 10 37   .601     2013 04 20 10 39 52.083     171.5
 2013 04 20 18 52 36.507     2013 04 20 18 56 27.980     231.5
178
 2013 04 20 03 28 15.187     2013 04 20 03 29  8.978      53.8
 2013 04 20 13 24 28.614     2013 04 20 13 27 23.371     174.8
179
180
 2013 04 20 02 59 11.470     2013 04 20 03 02 48.052     216.6
 2013 04 20 21 44  6.907     2013 04 20 21 47 13.136     186.2
181
 2013 04 20 08 59 18.802     2013 04 20 09 01 18.996     120.2
 2013 04 20 17 19 20.002     2013 04 20 17 22 41.704     201.7
182
 2013 04 20 12 57 22.328     2013 04 20 13 00  5.976     163.6
 2013 04 20 21 15 17.221     2013 04 20 21 18  8.953     171.7
183
 2013 04 20 10 21 39.685     2013 04 20 10 24 28.672     169.0
 2013 04 20 22 18 54.834     2013 04 20 22 19 20.846      26.0
184
 2013 04 20 12 13 47.708     2013 04 20 12 17   .563     192.9
 2013 04 20 18 50  8.049     2013 04 20 18 52 48.729     160.7
185
186
 2013 04 20 16 10 53.764     2013 04 20 16 13 49.407     175.6
 2013 04 20 22 45 40.828     2013 04 20 22 48 21.838     161.0
187
188
 2013 04 20 04 20 33.644     2013 04 20 04 23 34.593     180.9
 2013 04 20 10 56 21.375     2013 04 20 10 59   .554     159.2
189
 2013 04 20 02 59 58.169     2013 04 20 03 01 30.763      92.6
 2013 04 20 20 05 49.140     2013 04 20 20 09 34.358     225.2
190
191
 2013 04 20 00 43 16.861     2013 04 20 00 45 57.713     160.9
 2013 04 20 16 07 37.820     2013 04 20 16 10 20.441     162.6
192
 2013 04 20 00 56 28.391     2013 04 20 00 59 43.760     195.4
 2013 04 20 12 44 21.395     2013 04 20 12 47 15.235     173.8
193
 2013 04 20 09 06 44.507     2013 04 20 09 09 25.878     161.4
 2013 04 20 14 02 19.523     2013 04 20 14 05 18.972     179.4
194
 2013 04 20 02 33 55.742     2013 04 20 02 36 32.026     156.3
195
196
 2013 04 20 05 05 40.651     2013 04 20 05 06 10.964      30.3
 2013 04 20 11 40 52.323     2013 04 20 11 44 50.547     238.2
197
 2013 04 20 09 35  4.036     2013 04 20 09 37 52.386     168.3
 2013 04 20 21 26 39.572     2013 04 20 21 26 42.541       3.0
198
 2013 04 20 07 59 29.392     2013 04 20 08 02 48.994     199.6
199
 2013 04 20 12 06 39.615     2013 04 20 12 09 32.516     172.9
 2013 04 20 22 06 52.568     2013 04 20 22 08 13.227      80.7
200
 2013 04 20 10 39 45.276     2013 04 20 10 42 40.162     174.9
 2013 04 20 17 15 10.231     2013 04 20 17 17 55.500     165.3
201
202
 2013 04 20 04 36 12.056     2013 04 20 04 39 56.718     224.7
 2013 04 20 21 41 24.484     2013 04 20 21 44  2.558     158.1
203
 2013 04 20 04 37 37.227     2013 04 20 04 41 12.573     215.3
 2013 04 20 21 43 17.408     2013 04 20 21 47  1.999     224.6
204
 2013 04 20 03 12  5.350     2013 04 20 03 14 46.273     160.9
 2013 04 20 16 48 24.940     2013 04 20 16 51 56.459     211.5
205
 2013 04 20 11 20 32.377     2013 04 20 11 23 27.001     174.6
206
 2013 04 20 16 57  1.521     2013 04 20 17 00 43.618     222.1
 2013 04 20 23 32  3.213     2013 04 20 23 35  5.154     181.9
207
 2013 04 20 05 03 37.435     2013 04 20 05 06 45.320     187.9
 2013 04 20 13 20 34.956     2013 04 20 13 23 30.664     175.7
208
 2013 04 20 12 51 42.908     2013 04 20 12 54 27.588     164.7
 2013 04 20 22 55 26.937     2013 04 20 22 58 33.828     186.9
209
 2013 04 20 05 05 40.846     2013 04 20 05 09  3.273     202.4
210
211
 2013 04 20 08 45  8.231     2013 04 20 08 47 44.015     155.8
212
 2013 04 20 02 00 45.630     2013 04 20 02 03 33.847     168.2
 2013 04 20 06 56 23.728     2013 04 20 06 59 10.970     167.2
213
 2013 04 20 08 41 42.327     2013 04 20 08 45 13.463     211.1
 2013 04 20 22 20  6.586     2013 04 20 22 23  3.984     177.4
214
 2013 04 20 08 44 16.949     2013 04 20 08 46 58.248     161.3
 2013 04 20 22 19 14.223     2013 04 20 22 19 18.946       4.7
215
216
 2013 04 20 07 17 44.648     2013 04 20 07 21  2.159     197.5
217
 2013 04 20 08 03 22.767     2013 04 20 08 06 18.749     176.0
 2013 04 20 19 50 25.372     2013 04 20 19 53 59.103     213.7
218
219
 2013 04 20 17 28  4.189     2013 04 20 17 31 53.752     229.6
220
 2013 04 20 16 02 35.998     2013 04 20 16 02 41.241       5.2
221
 2013 04 20 08 47  7.073     2013 04 20 08 49 51.968     164.9
 2013 04 20 20 43 28.212     2013 04 20 20 44 23.134      54.9
222
 2013 04 20 07 15 32.245     2013 04 20 07 18  7.385     155.1
 2013 04 20 19 04  7.935     2013 04 20 19 07 24.692     196.8
223
 2013 04 20 14 35 18.663     2013 04 20 14 38 35.017     196.4
 2013 04 20 21 10 24.761     2013 04 20 21 13 21.419     176.7
224
 2013 04 20 06 15 24.967     2013 04 20 06 15 39.721      14.8
 2013 04 20 23 15 36.130     2013 04 20 23 18 55.175     199.0
225
 2013 04 20 17 33 36.652     2013 04 20 17 37 10.009     213.4
226
227
 2013 04 20 01 43 58.553     2013 04 20 01 46 39.964     161.4
 2013 04 20 13 32 38.017     2013 04 20 13 36  7.594     209.6
228
229
230
 2013 04 20 03 23 42.135     2013 04 20 03 26 29.543     167.4
 2013 04 20 13 26 11.524     2013 04 20 13 29 15.589     184.1
231
 2013 04 20 04 17 41.788     2013 04 20 04 21 13.829     212.0
 2013 04 20 12 32 18.444     2013 04 20 12 35 39.346     200.9
232
 2013 04 20 18 14 37.427     2013 04 20 18 17 18.806     161.4
233
 2013 04 20 00 19 34.290     2013 04 20 00 22 31.182     176.9
 2013 04 20 08 37 47.311     2013 04 20 08 40 29.894     162.6
234
 2013 04 20 16 38 31.687     2013 04 20 16 41 11.671     160.0
235
 2013 04 20 07 56 45.510     2013 04 20 07 58 31.469     106.0
236
 2013 04 20 13 44 14.340     2013 04 20 13 46   .304     106.0
 2013 04 20 22 03 44.563     2013 04 20 22 06 25.368     160.8
237
 2013 04 20 15 45  9.979     2013 04 20 15 47 48.789     158.8
238
 2013 04 20 18 12 26.476     2013 04 20 18 15 25.684     179.2
239
 2013 04 20 01 56  8.288     2013 04 20 01 59  4.590     176.3
 2013 04 20 10 11 25.295     2013 04 20 10 11 50.423      25.1
240
241
 2013 04 20 03 08 47.533     2013 04 20 03 11 53.548     186.0
 2013 04 20 16 50 37.054     2013 04 20 16 54 14.208     217.2
242
 2013 04 20 09 35 55.075     2013 04 20 09 39 46.289     231.2
 2013 04 20 21 28  4.801     2013 04 20 21 31  1.295     176.5
243
 2013 04 20 03 14 26.394     2013 04 20 03 14 33.173       6.8
 2013 04 20 16 48  2.276     2013 04 20 16 50 42.643     160.4
244
 2013 04 20 08 14  3.799     2013 04 20 08 14  9.638       5.8
 2013 04 20 16 31 30.271     2013 04 20 16 32 28.797      58.5
245
 2013 04 20 07 28 43.938     2013 04 20 07 32 22.096     218.2
 2013 04 20 14 05 50.196     2013 04 20 14 09  8.237     198.0
246
 2013 04 20 12 13 56.872     2013 04 20 12 14 24.342      27.5
 2013 04 20 20 26  6.142     2013 04 20 20 28 45.125     159.0
247
248
 2013 04 20 17 38 55.996     2013 04 20 17 42 28.341     212.3
249
 2013 04 20 13 50 44.107     2013 04 20 13 53 35.252     171.1
 2013 04 20 18 46 32.969     2013 04 20 18 49 48.184     195.2
250
 2013 04 20 01 41 22.381     2013 04 20 01 44 10.194     167.8
 2013 04 20 13 34 11.284     2013 04 20 13 37 25.390     194.1
251
 2013 04 20 02 14 37.929     2013 04 20 02 17 31.282     173.4
 2013 04 20 19 20 57.442     2013 04 20 19 23 39.357     161.9
252
 2013 04 20 03 09 22.692     2013 04 20 03 12 13.973     171.3
 2013 04 20 16 49  6.548     2013 04 20 16 52 54.969     228.4
253
 2013 04 20 08 58 47.635     2013 04 20 08 59  3.776      16.1
 2013 04 20 18 56 24.528     2013 04 20 18 59 44.150     199.6
254
255
 2013 04 20 05 06 34.778     2013 04 20 05 09 21.640     166.9
 2013 04 20 11 42 36.906     2013 04 20 11 46 31.115     234.2
256
 2013 04 20 08 13 25.416     2013 04 20 08 17  7.421     222.0
 2013 04 20 16 29 39.322     2013 04 20 16 32 18.817     159.5
257
 2013 04 20 01 51 42.899     2013 04 20 01 52 49.375      66.5
258
 2013 04 20 04 06  2.665     2013 04 20 04 09 44.633     222.0
259
260
 2013 04 20 18 03 53.381     2013 04 20 18 06 33.105     159.7
261
 2013 04 20 05 44 30.488     2013 04 20 05 47 26.777     176.3
 2013 04 20 15 52 13.146     2013 04 20 15 53 18.718      65.6
262
 2013 04 20 16 39  4.563     2013 04 20 16 42 10.782     186.2
263
 2013 04 20 00 48 35.173     2013 04 20 00 51 52.760     197.6
 2013 04 20 14 28 11.308     2013 04 20 14 31  8.155     176.8
264
 2013 04 20 15 23 19.453     2013 04 20 15 24  9.431      50.0
 2013 04 20 17 01 36.553     2013 04 20 17 05  3.018     206.5
 2013 04 20 20 22 34.359     2013 04 20 20 22 42.108       7.7
 2013 04 20 21 57 25.493     2013 04 20 22 00 15.871     170.4
265
266
 2013 04 20 09 01 33.174     2013 04 20 09 04 14.902     161.7
 2013 04 20 17 17 43.181     2013 04 20 17 20 27.534     164.4
267
 2013 04 20 07 21 44.113     2013 04 20 07 22 55.255      71.1
 2013 04 20 17 23 22.859     2013 04 20 17 23 45.044      22.2
268
 2013 04 20 00 46  9.963     2013 04 20 00 49 48.956     219.0
 2013 04 20 14 28 53.153     2013 04 20 14 32 43.881     230.7
269
 2013 04 20 16 12 47.139     2013 04 20 16 15 31.698     164.6
 2013 04 20 21 08 22.747     2013 04 20 21 11 38.038     195.3
270
 2013 04 20 10 23 52.005     2013 04 20 10 26 27.343     155.3
 2013 04 20 22 14 18.415     2013 04 20 22 16 56.455     158.0
271
 2013 04 20 04 00 41.508     2013 04 20 04 04  6.671     205.2
272
 2013 04 20 00 21 47.643     2013 04 20 00 24 51.659     184.0
273
 2013 04 20 14 22   .994     2013 04 20 14 25 16.401     195.4
274
 2013 04 20 04 59 26.712     2013 04 20 05 02 22.885     176.2
 2013 04 20 15 01 30.034     2013 04 20 15 04 25.489     175.5
275
 2013 04 20 09 00 19.005     2013 04 20 09 03 35.322     196.3
 2013 04 20 17 19  7.378     2013 04 20 17 21 51.400     164.0
276
 2013 04 20 04 59 53.839     2013 04 20 05 02 57.925     184.1
 2013 04 20 15 01  5.624     2013 04 20 15 04 39.224     213.6
277
 2013 04 20 03 32 27.562     2013 04 20 03 35 50.469     202.9
 2013 04 20 10 09  7.059     2013 04 20 10 11 57.487     170.4
278
279
 2013 04 20 10 20 37.973     2013 04 20 10 23 43.450     185.5
280
 2013 04 20 15 19 57.094     2013 04 20 15 22 33.077     156.0
 2013 04 20 23 37  8.023     2013 04 20 23 39 47.143     159.1
281
 2013 04 20 20 25 38.871     2013 04 20 20 28 19.608     160.7
282
 2013 04 20 01 43 10.860     2013 04 20 01 46 39.113     208.3
 2013 04 20 13 32  3.685     2013 04 20 13 34 39.234     155.5
283
 2013 04 20 04 04 49.327     2013 04 20 04 08 16.036     206.7
 2013 04 20 15 56  5.086     2013 04 20 15 59  7.822     182.7
284
 2013 04 20 00 00   .000     2013 04 20 00 02  6.591     126.6
 2013 04 20 23 40  8.773     2013 04 20 23 43  6.255     177.5
285
 2013 04 20 08 04 34.370     2013 04 20 08 07 47.589     193.2
286
 2013 04 20 08 16 43.286     2013 04 20 08 20  3.085     199.8
 2013 04 20 14 51 36.108     2013 04 20 14 54 18.618     162.5
287
 2013 04 20 04 08 21.258     2013 04 20 04 10 55.992     154.7
288
289
 2013 04 20 03 35 26.340     2013 04 20 03 38 16.550     170.2
 2013 04 20 08 31  8.419     2013 04 20 08 33 57.914     169.5
290
 2013 04 20 04 58 47.505     2013 04 20 05 02 26.687     219.2
 2013 04 20 15 02 10.644     2013 04 20 15 05  4.399     173.8
291
 2013 04 20 01 54 11.822     2013 04 20 01 54 56.447      44.6
 2013 04 20 10 13 16.982     2013 04 20 10 16  3.051     166.1
292
 2013 04 20 04 52 38.977     2013 04 20 04 53  5.347      26.4
293
 2013 04 20 07 30 12.809     2013 04 20 07 32 50.732     157.9
 2013 04 20 14 05  1.103     2013 04 20 14 07 42.371     161.3
294
 2013 04 20 03 20 54.395     2013 04 20 03 23 34.660     160.3
295
 2013 04 20 05 54 46.138     2013 04 20 05 54 51.290       5.2
 2013 04 20 14 07  6.184     2013 04 20 14 09 59.577     173.4
296
297
298
 2013 04 20 01 31 36.361     2013 04 20 01 34 44.407     188.0
 2013 04 20 16 54 56.660     2013 04 20 16 58 31.685     215.0
299
300
 2013 04 20 15 24 26.020     2013 04 20 15 27  8.119     162.1
 2013 04 20 21 58 56.874     2013 04 20 22 02  4.816     187.9
301
 2013 04 20 12 04 55.265     2013 04 20 12 08 35.005     219.7
 2013 04 20 22 08 35.651     2013 04 20 22 11 22.531     166.9
302
 2013 04 20 08 15 17.129     2013 04 20 08 15 24.230       7.1
 2013 04 20 14 53 13.051     2013 04 20 14 53 28.043      15.0
303
 2013 04 20 01 57 15.603     2013 04 20 02 00 28.028     192.4
 2013 04 20 08 33 53.276     2013 04 20 08 37 19.384     206.1
304
 2013 04 20 03 56 46.855     2013 04 20 03 59 36.295     169.4
 2013 04 20 17 36 27.094     2013 04 20 17 40 20.575     233.5
305
 2013 04 20 18 55 56.357     2013 04 20 18 58 36.683     160.3
306
307
 2013 04 20 07 31  8.366     2013 04 20 07 34 13.420     185.1
 2013 04 20 12 30 59.457     2013 04 20 12 31 17.786      18.3
 2013 04 20 14 05 25.844     2013 04 20 14 09 17.271     231.4
308
 2013 04 20 20 34 33.735     2013 04 20 20 37 27.804     174.1
309
 2013 04 20 00 50  1.700     2013 04 20 00 52 54.755     173.1
 2013 04 20 14 25 58.140     2013 04 20 14 29 28.459     210.3
310
 2013 04 20 12 12 25.897     2013 04 20 12 12 47.439      21.5
 2013 04 20 13 50 28.504     2013 04 20 13 50 45.732      17.2
 2013 04 20 18 47 31.067     2013 04 20 18 50 50.915     199.8
311
 2013 04 20 15 21 11.162     2013 04 20 15 25   .325     229.2
 2013 04 20 23 34 48.878     2013 04 20 23 35 43.536      54.7
312
 2013 04 20 05 49 35.688     2013 04 20 05 53 23.515     227.8
 2013 04 20 14 09 40.462     2013 04 20 14 13 27.416     227.0
313
 2013 04 20 05 41 13.733     2013 04 20 05 42  7.660      53.9
314
 2013 04 20 03 33 19.116     2013 04 20 03 36 12.196     173.1
 2013 04 20 10 07 51.219     2013 04 20 10 10 37.951     166.7
315
 2013 04 20 10 19 41.427     2013 04 20 10 23 18.966     217.5
316
 2013 04 20 21 30 41.206     2013 04 20 21 33 46.125     184.9
317
 2013 04 20 08 56 42.012     2013 04 20 08 57  2.305      20.3
318
 2013 04 20 02 23 10.120     2013 04 20 02 25 57.130     167.0
 2013 04 20 16 01 53.338     2013 04 20 16 04 37.707     164.4
319
 2013 04 20 00 04 28.738     2013 04 20 00 07 30.273     181.5
 2013 04 20 23 45 28.127     2013 04 20 23 48 29.980     181.9
320
 2013 04 20 01 48 57.370     2013 04 20 01 51 53.631     176.3
 2013 04 20 11 52 34.897     2013 04 20 11 55 15.365     160.5
321
 2013 04 20 05 31 48.494     2013 04 20 05 34 26.283     157.8
 2013 04 20 19 11 42.480     2013 04 20 19 15  6.513     204.0
322
 2013 04 20 19 41 30.599     2013 04 20 19 45 17.840     227.2
323
 2013 04 20 10 21 45.088     2013 04 20 10 21 58.788      13.7
 2013 04 20 22 16 24.583     2013 04 20 22 19  9.247     164.7
324
 2013 04 20 20 34 40.469     2013 04 20 20 37 34.129     173.7
325
 2013 04 20 20 05 56.664     2013 04 20 20 08 52.100     175.4
326
 2013 04 20 02 36 37.313     2013 04 20 02 39 23.337     166.0
 2013 04 20 12 39 42.559     2013 04 20 12 42 21.311     158.8
327
 2013 04 20 04 38 38.379     2013 04 20 04 41 21.878     163.5
328
 2013 04 20 09 32  7.301     2013 04 20 09 32 17.944      10.6
 2013 04 20 23 06 50.907     2013 04 20 23 06 55.175       4.3
329
 2013 04 20 23 15 33.929     2013 04 20 23 18 28.154     174.2
330
 2013 04 20 12 36 27.300     2013 04 20 12 39 12.236     164.9
331
332
 2013 04 20 18 26 54.975     2013 04 20 18 29 50.243     175.3
333
 2013 04 20 07 29 34.292     2013 04 20 07 33 13.160     218.9
 2013 04 20 09 07 36.529     2013 04 20 09 11 25.176     228.6
 2013 04 20 14 03 58.621     2013 04 20 14 06 39.988     161.4
334
 2013 04 20 01 12 17.922     2013 04 20 01 15  5.059     167.1
 2013 04 20 06 07 56.915     2013 04 20 06 08 19.434      22.5
 2013 04 20 07 46 12.180     2013 04 20 07 50  1.476     229.3
335
 2013 04 20 00 51 44.304     2013 04 20 00 54 39.290     175.0
336
337
 2013 04 20 15 53 24.179     2013 04 20 15 56 37.718     193.5
338
 2013 04 20 04 53  1.074     2013 04 20 04 55 52.057     171.0
 2013 04 20 16 41 55.222     2013 04 20 16 44 38.989     163.8
339
 2013 04 20 07 04 10.241     2013 04 20 07 04 32.562      22.3
340
 2013 04 20 04 19  7.890     2013 04 20 04 22 59.389     231.5
 2013 04 20 10 56 28.467     2013 04 20 10 59 49.888     201.4
341
 2013 04 20 04 05 25.012     2013 04 20 04 06  3.478      38.5
342
 2013 04 20 05 32 35.246     2013 04 20 05 35 43.039     187.8
 2013 04 20 19 12 29.221     2013 04 20 19 15 12.953     163.7
343
 2013 04 20 10 14 38.614     2013 04 20 10 17 37.395     178.8
344
 2013 04 20 01 27 38.888     2013 04 20 01 30 28.983     170.1
 2013 04 20 18 32 35.994     2013 04 20 18 35 27.795     171.8
345
 2013 04 20 12 48 17.698     2013 04 20 12 51 45.985     208.3
346
347
 2013 04 20 00 11 27.865     2013 04 20 00 14 15.821     168.0
348
 2013 04 20 04 51 32.498     2013 04 20 04 55  5.122     212.6
 2013 04 20 16 41 45.239     2013 04 20 16 44 51.269     186.0
349
 2013 04 20 02 29 58.627     2013 04 20 02 32 38.655     160.0
 2013 04 20 14 21  7.199     2013 04 20 14 23 44.797     157.6
350
 2013 04 20 22 59 12.998     2013 04 20 23 02   .543     167.5
351
352
 2013 04 20 22 52 11.478     2013 04 20 22 55 19.436     188.0
353
 2013 04 20 13 30 37.088     2013 04 20 13 33 26.863     169.8
354
355
 2013 04 20 03 19 49.153     2013 04 20 03 23  4.218     195.1
356
357
 2013 04 20 09 45 57.136     2013 04 20 09 48 38.446     161.3
358
 2013 04 20 09 27  4.462     2013 04 20 09 29 50.159     165.7
359
360
 2013 04 20 12 10 59.444     2013 04 20 12 11 48.252      48.8
361
 2013 04 20 08 50 58.675     2013 04 20 08 53 45.703     167.0
 2013 04 20 20 37 39.466     2013 04 20 20 41 28.888     229.4
362
 2013 04 20 05 47  2.360     2013 04 20 05 49 43.930     161.6
 2013 04 20 15 48 33.970     2013 04 20 15 51 28.385     174.4
363
 2013 04 20 17 39 29.302     2013 04 20 17 43 22.746     233.4
364
 2013 04 20 13 01 59.795     2013 04 20 13 04 46.760     167.0
 2013 04 20 19 37   .141     2013 04 20 19 39 51.981     171.8
365
 2013 04 20 09 47 44.141     2013 04 20 09 50 26.004     161.9
 2013 04 20 18 05 19.285     2013 04 20 18 08 26.638     187.4
366
 2013 04 20 10 39 41.531     2013 04 20 10 41 43.006     121.5
 2013 04 20 17 15 47.304     2013 04 20 17 18 50.641     183.3
367
 2013 04 20 11 10 51.788     2013 04 20 11 13 59.584     187.8
 2013 04 20 23 02 33.729     2013 04 20 23 05 12.821     159.1
368
 2013 04 20 08 43 59.575     2013 04 20 08 47 10.961     191.4
369
 2013 04 20 00 00  1.550     2013 04 20 00 02 39.582     158.0
 2013 04 20 13 40 27.289     2013 04 20 13 43 51.346     204.1
 2013 04 20 23 41  1.114     2013 04 20 23 43 39.118     158.0
370
 2013 04 20 05 30 26.232     2013 04 20 05 33 14.327     168.1
371
372
 2013 04 20 03 28 52.608     2013 04 20 03 32 37.797     225.2
 2013 04 20 11 47 52.019     2013 04 20 11 50 30.729     158.7
373
 2013 04 20 07 52 27.720     2013 04 20 07 55 21.473     173.8
374
 2013 04 20 07 48 15.124     2013 04 20 07 51  2.622     167.5
 2013 04 20 23 16 39.725     2013 04 20 23 16 59.148      19.4
375
 2013 04 20 21 17  4.492     2013 04 20 21 20  9.060     184.6
376
 2013 04 20 04 53 15.016     2013 04 20 04 56  8.359     173.3
 2013 04 20 16 41 40.669     2013 04 20 16 44 33.690     173.0
377
 2013 04 20 15 25 11.879     2013 04 20 15 27 51.557     159.7
 2013 04 20 20 20 42.824     2013 04 20 20 24 14.628     211.8
 2013 04 20 21 58 22.952     2013 04 20 21 58 26.780       3.8
378
 2013 04 20 01 38 35.784     2013 04 20 01 41 16.550     160.8
379
 2013 04 20 04 47 45.523     2013 04 20 04 50 39.796     174.3
380
 2013 04 20 07 10 53.134     2013 04 20 07 13 28.709     155.6
381
 2013 04 20 03 04  5.913     2013 04 20 03 06 44.700     158.8
 2013 04 20 18 32 30.632     2013 04 20 18 33 16.634      46.0
382
 2013 04 20 19 41 36.191     2013 04 20 19 42  7.773      31.6
383
 2013 04 20 19 00 37.792     2013 04 20 19 03 15.193     157.4
384
 2013 04 20 05 07 28.998     2013 04 20 05 10 35.122     186.1
 2013 04 20 11 43 41.857     2013 04 20 11 46 25.814     164.0
385
 2013 04 20 03 25  2.500     2013 04 20 03 28 19.928     197.4
 2013 04 20 13 25 13.108     2013 04 20 13 28   .824     167.7
386
387
 2013 04 20 00 56 48.631     2013 04 20 00 59 31.176     162.5
 2013 04 20 12 45  4.581     2013 04 20 12 48 53.458     228.9
388
389
390
 2013 04 20 10 33 40.071     2013 04 20 10 33 48.498       8.4
 2013 04 20 20 31  6.312     2013 04 20 20 34 27.642     201.3
391
 2013 04 20 17 20 56.621     2013 04 20 17 24 30.631     214.0
392
393
 2013 04 20 05 23 23.340     2013 04 20 05 26 26.762     183.4
 2013 04 20 22 30 20.755     2013 04 20 22 33 23.192     182.4
394
 2013 04 20 09 38 24.788     2013 04 20 09 41 32.860     188.1
 2013 04 20 21 24 35.844     2013 04 20 21 25 49.829      74.0
395
 2013 04 20 11 16 59.313     2013 04 20 11 20 19.006     199.7
 2013 04 20 21 19 12.385     2013 04 20 21 22 40.331     207.9
396
 2013 04 20 09 33 46.042     2013 04 20 09 36 44.344     178.3
397
 2013 04 20 18 54  3.256     2013 04 20 18 57 40.983     217.7
398
 2013 04 20 08 52  4.388     2013 04 20 08 54 50.427     166.0
399
 2013 04 20 05 42 19.290     2013 04 20 05 44 54.920     155.6
400
 2013 04 20 03 21 36.694     2013 04 20 03 22  6.622      29.9
 2013 04 20 13 28 19.037     2013 04 20 13 31 55.152     216.1
401
 2013 04 20 15 58 35.922     2013 04 20 16 01 25.049     169.1
402
 2013 04 20 19 06 35.209     2013 04 20 19 07  5.414      30.2
403
 2013 04 20 05 56  7.853     2013 04 20 05 56 18.784      10.9
 2013 04 20 12 31 18.667     2013 04 20 12 31 41.519      22.9
404
 2013 04 20 11 24 25.344     2013 04 20 11 27 47.226     201.9
405
 2013 04 20 09 35 41.853     2013 04 20 09 38 20.296     158.4
 2013 04 20 21 27 28.313     2013 04 20 21 30 20.155     171.8
406
 2013 04 20 09 43 35.655     2013 04 20 09 46 16.300     160.6
 2013 04 20 19 45 11.779     2013 04 20 19 47 49.577     157.8
407
 2013 04 20 05 54 34.897     2013 04 20 05 57 27.378     172.5
 2013 04 20 12 30 41.751     2013 04 20 12 33 40.389     178.6
408
 2013 04 20 04 11 51.410     2013 04 20 04 12 28.264      36.9
 2013 04 20 14 12 20.665     2013 04 20 14 14 58.019     157.4
409
 2013 04 20 11 07  9.729     2013 04 20 11 09 50.416     160.7
410
 2013 04 20 17 32  5.165     2013 04 20 17 34 50.692     165.5
411
 2013 04 20 05 23 36.930     2013 04 20 05 26 35.700     178.8
 2013 04 20 22 30 22.910     2013 04 20 22 33 14.928     172.0
412
 2013 04 20 05 25 57.298     2013 04 20 05 26  1.390       4.1
 2013 04 20 06 59 52.106     2013 04 20 07 00  7.207      15.1
 2013 04 20 22 30 45.295     2013 04 20 22 31 36.917      51.6
413
 2013 04 20 08 35 21.688     2013 04 20 08 38  9.144     167.5
414
 2013 04 20 07 25 38.925     2013 04 20 07 28 16.746     157.8
 2013 04 20 15 43  8.018     2013 04 20 15 46 17.374     189.4
415
 2013 04 20 03 46 32.607     2013 04 20 03 50  2.826     210.2
 2013 04 20 22 31 34.205     2013 04 20 22 34 35.442     181.2
416
 2013 04 20 04 59 13.433     2013 04 20 05 01 58.204     164.8
 2013 04 20 15 00 54.630     2013 04 20 15 03 31.491     156.9
417
418
 2013 04 20 09 53 19.628     2013 04 20 09 56  2.937     163.3
 2013 04 20 14 48 49.093     2013 04 20 14 52 45.230     236.1
 2013 04 20 16 26 59.560     2013 04 20 16 30 50.246     230.7
419
 2013 04 20 12 11 59.808     2013 04 20 12 15 14.880     195.1
420
 2013 04 20 07 25 20.990     2013 04 20 07 27 59.428     158.4
 2013 04 20 15 43 27.317     2013 04 20 15 46 53.326     206.0
421
422
 2013 04 20 00 41 42.867     2013 04 20 00 44 22.822     160.0
423
 2013 04 20 09 35 48.049     2013 04 20 09 39 25.303     217.3
 2013 04 20 21 25 53.295     2013 04 20 21 28 55.320     182.0
424
 2013 04 20 02 27 25.665     2013 04 20 02 30  1.241     155.6
425
 2013 04 20 11 54 32.316     2013 04 20 11 57 29.680     177.4
426
 2013 04 20 08 13 59.873     2013 04 20 08 14  8.390       8.5
 2013 04 20 18 07 56.674     2013 04 20 18 11 30.690     214.0
427
 2013 04 20 02 21 59.406     2013 04 20 02 25 24.900     205.5
 2013 04 20 16 01  6.826     2013 04 20 16 05   .379     233.6
428
429
 2013 04 20 01 09 16.158     2013 04 20 01 12 21.910     185.8
430
 2013 04 20 15 52 22.134     2013 04 20 15 55 59.843     217.7
431
 2013 04 20 07 19 37.973     2013 04 20 07 23 20.979     223.0
 2013 04 20 17 25 30.370     2013 04 20 17 25 59.922      29.6
432
 2013 04 20 12 06 33.333     2013 04 20 12 09 42.764     189.4
 2013 04 20 22 06 59.414     2013 04 20 22 07 25.367      26.0
433
 2013 04 20 00 59 32.280     2013 04 20 01 02 47.386     195.1
434
 2013 04 20 16 38 33.577     2013 04 20 16 41 48.989     195.4
435
 2013 04 20 11 27 27.890     2013 04 20 11 30 48.766     200.9
 2013 04 20 18 02 41.729     2013 04 20 18 05 59.628     197.9
436
 2013 04 20 16 09 40.932     2013 04 20 16 13 10.244     209.3
 2013 04 20 22 46 38.824     2013 04 20 22 50 10.039     211.2
437
 2013 04 20 00 42 40.671     2013 04 20 00 45 58.305     197.6
 2013 04 20 16 06 26.738     2013 04 20 16 09 29.698     183.0
438
 2013 04 20 05 33 17.905     2013 04 20 05 36 24.012     186.1
 2013 04 20 19 10 43.027     2013 04 20 19 13 25.209     162.2
439
 2013 04 20 00 00  8.934     2013 04 20 00 03 50.984     222.0
 2013 04 20 13 38 57.808     2013 04 20 13 42 18.468     200.7
 2013 04 20 23 41  8.278     2013 04 20 23 44 50.717     222.4
440
 2013 04 20 01 35 58.666     2013 04 20 01 39 24.142     205.5
 2013 04 20 15 13 51.778     2013 04 20 15 16 26.792     155.0
441
 2013 04 20 06 42 34.274     2013 04 20 06 45 15.956     161.7
 2013 04 20 13 17 47.359     2013 04 20 13 20 27.899     160.5
442
 2013 04 20 05 32 15.625     2013 04 20 05 35 58.493     222.9
 2013 04 20 19 10 29.914     2013 04 20 19 13 24.375     174.5
443
 2013 04 20 08 52 52.842     2013 04 20 08 53 38.889      46.0
 2013 04 20 20 37 44.286     2013 04 20 20 40 23.908     159.6
444
445
446
 2013 04 20 07 09 48.136     2013 04 20 07 12 24.260     156.1
447
 2013 04 20 04 04  1.033     2013 04 20 04 07 27.427     206.4
 2013 04 20 15 56 41.311     2013 04 20 15 59 18.991     157.7
448
 2013 04 20 00 07 25.957     2013 04 20 00 08 11.586      45.6
 2013 04 20 23 48 27.199     2013 04 20 23 49 11.370      44.2
449
 2013 04 20 09 41   .444     2013 04 20 09 43 40.405     160.0
450
 2013 04 20 07 50 56.143     2013 04 20 07 51 22.236      26.1
451
452
 2013 04 20 03 15 19.634     2013 04 20 03 18 47.836     208.2
453
 2013 04 20 04 01 35.035     2013 04 20 04 04 11.150     156.1
454
 2013 04 20 04 04 45.519     2013 04 20 04 07 40.781     175.3
 2013 04 20 15 56  2.471     2013 04 20 15 58 42.952     160.5
455
 2013 04 20 01 06 16.200     2013 04 20 01 09 27.304     191.1
 2013 04 20 09 25 16.793     2013 04 20 09 28 24.005     187.2
456
 2013 04 20 13 00 50.401     2013 04 20 13 03 32.628     162.2
 2013 04 20 19 36 32.735     2013 04 20 19 39 37.796     185.1
457
 2013 04 20 01 26 32.102     2013 04 20 01 29 56.015     203.9
 2013 04 20 18 33 56.730     2013 04 20 18 36 46.080     169.4
 2013 04 20 23 29  5.145     2013 04 20 23 30 17.928      72.8
458
 2013 04 20 20 35 41.320     2013 04 20 20 39 19.414     218.1
459
 2013 04 20 16 58 16.228     2013 04 20 17 01 37.059     200.8
 2013 04 20 18 36  5.415     2013 04 20 18 36 49.479      44.1
 2013 04 20 23 32 33.777     2013 04 20 23 35 18.944     165.2
460
461
 2013 04 20 04 44   .555     2013 04 20 04 46 49.268     168.7
 2013 04 20 18 25  3.888     2013 04 20 18 28 25.328     201.4
462
 2013 04 20 08 17  1.475     2013 04 20 08 20  2.074     180.6
 2013 04 20 14 51 54.439     2013 04 20 14 54 35.421     161.0
463
 2013 04 20 09 45 19.208     2013 04 20 09 48 21.175     182.0
464
 2013 04 20 06 16 46.453     2013 04 20 06 19 26.636     160.2
465
 2013 04 20 10 27 48.884     2013 04 20 10 30 45.260     176.4
466
 2013 04 20 21 16 59.417     2013 04 20 21 19 49.783     170.4
467
 2013 04 20 01 25  3.784     2013 04 20 01 27 55.837     172.1
 2013 04 20 20 10  2.702     2013 04 20 20 13  5.321     182.6
468
469
 2013 04 20 14 32 54.580     2013 04 20 14 36 43.963     229.4
 2013 04 20 22 48 16.288     2013 04 20 22 51 10.751     174.5
470
 2013 04 20 08 52 27.207     2013 04 20 08 55  9.796     162.6
471
 2013 04 20 04 38 57.563     2013 04 20 04 41 42.723     165.2
 2013 04 20 20 03 31.677     2013 04 20 20 04  8.771      37.1
472
 2013 04 20 16 57 56.107     2013 04 20 17 00 32.999     156.9
 2013 04 20 23 33 21.175     2013 04 20 23 36 10.950     169.8
473
 2013 04 20 09 28 57.639     2013 04 20 09 32  7.224     189.6
 2013 04 20 23 09 35.805     2013 04 20 23 12 10.935     155.1
474
475
 2013 04 20 10 24 38.058     2013 04 20 10 27 22.713     164.7
 2013 04 20 22 14  6.271     2013 04 20 22 17 18.050     191.8
476
 2013 04 20 08 46  5.021     2013 04 20 08 49 39.972     215.0
477
 2013 04 20 03 24 30.306     2013 04 20 03 28  5.574     215.3
 2013 04 20 13 27  2.116     2013 04 20 13 30 19.672     197.6
478
 2013 04 20 00 55 46.746     2013 04 20 00 58 48.890     182.1
 2013 04 20 12 45  3.626     2013 04 20 12 47 40.810     157.2
479
 2013 04 20 03 06 11.404     2013 04 20 03 09  9.892     178.5
 2013 04 20 18 29 45.208     2013 04 20 18 32 58.998     193.8
480
 2013 04 20 01 04 43.815     2013 04 20 01 07 23.492     159.7
481
482
 2013 04 20 05 07 25.563     2013 04 20 05 11 20.949     235.4
 2013 04 20 11 44 21.053     2013 04 20 11 47  1.049     160.0
483
 2013 04 20 11 25 14.186     2013 04 20 11 28 11.107     176.9
 2013 04 20 18 05 32.964     2013 04 20 18 05 50.393      17.4
484
 2013 04 20 00 41 49.799     2013 04 20 00 44 29.826     160.0
485
 2013 04 20 07 14 34.684     2013 04 20 07 17 43.044     188.4
 2013 04 20 19 05 16.252     2013 04 20 19 08 19.098     182.8
486
 2013 04 20 09 05  2.220     2013 04 20 09 07 40.036     157.8
 2013 04 20 15 39 44.876     2013 04 20 15 42 28.747     163.9
487
 2013 04 20 12 54 34.152     2013 04 20 12 54 36.871       2.7
 2013 04 20 22 51 45.687     2013 04 20 22 51 52.536       6.8
488
489
 2013 04 20 01 07 58.919     2013 04 20 01 10 35.406     156.5
 2013 04 20 09 24 16.017     2013 04 20 09 27  4.110     168.1
490
 2013 04 20 17 30 33.696     2013 04 20 17 31  4.178      30.5
491
 2013 04 20 07 18 23.137     2013 04 20 07 21 42.712     199.6
492
 2013 04 20 07 28 19.460     2013 04 20 07 30 57.841     158.4
493
 2013 04 20 03 51 55.396     2013 04 20 03 54 40.775     165.4
 2013 04 20 19 17  4.213     2013 04 20 19 20 25.505     201.3
494
 2013 04 20 01 07 31.331     2013 04 20 01 10 16.390     165.1
 2013 04 20 09 24 53.403     2013 04 20 09 27 32.400     159.0
495
 2013 04 20 01 03 12.792     2013 04 20 01 06  9.093     176.3
 2013 04 20 11 03 12.146     2013 04 20 11 06  8.127     176.0
496
 2013 04 20 08 11 11.903     2013 04 20 08 14 25.210     193.3
497
 2013 04 20 02 45 44.013     2013 04 20 02 48 34.202     170.2
 2013 04 20 09 21 25.712     2013 04 20 09 24  3.985     158.3
498
 2013 04 20 05 29 26.684     2013 04 20 05 29 48.427      21.7
499
500
 2013 04 20 20 05 28.376     2013 04 20 20 05 55.820      27.4
501
 2013 04 20 16 04 28.433     2013 04 20 16 07 11.332     162.9
502
 2013 04 20 00 09 25.409     2013 04 20 00 13 17.380     232.0
 2013 04 20 11 56 10.020     2013 04 20 11 59 26.476     196.5
503
 2013 04 20 15 05 34.137     2013 04 20 15 09  3.933     209.8
504
 2013 04 20 04 16 42.574     2013 04 20 04 19 19.990     157.4
 2013 04 20 12 33 49.530     2013 04 20 12 36 31.676     162.1
505
 2013 04 20 20 06 18.786     2013 04 20 20 08 57.552     158.8
506
 2013 04 20 10 23 23.450     2013 04 20 10 25 59.392     155.9
 2013 04 20 22 14 23.543     2013 04 20 22 17 14.797     171.3
507
508
 2013 04 20 20 29 12.090     2013 04 20 20 32  7.360     175.3
509
 2013 04 20 05 38 43.675     2013 04 20 05 42  4.753     201.1
 2013 04 20 17 29 10.421     2013 04 20 17 32 35.401     205.0
510
511
 2013 04 20 00 00 32.536     2013 04 20 00 03 45.136     192.6
 2013 04 20 13 41 14.144     2013 04 20 13 43 49.223     155.1
 2013 04 20 23 41 32.229     2013 04 20 23 44 44.553     192.3
512
 2013 04 20 00 01  1.413     2013 04 20 00 01 33.043      31.6
 2013 04 20 13 40 59.867     2013 04 20 13 44 28.353     208.5
 2013 04 20 23 42  1.170     2013 04 20 23 42 34.223      33.1
513
 2013 04 20 05 43 37.035     2013 04 20 05 46 39.520     182.5
514
 2013 04 20 04 35 59.813     2013 04 20 04 38 38.884     159.1
 2013 04 20 21 42 22.731     2013 04 20 21 45 28.061     185.3
515
 2013 04 20 02 12 22.925     2013 04 20 02 15 57.713     214.8
 2013 04 20 20 56 40.770     2013 04 20 21 00 28.044     227.3
516
 2013 04 20 07 26 48.397     2013 04 20 07 30 35.589     227.2
 2013 04 20 15 41 48.353     2013 04 20 15 44 50.858     182.5
517
 2013 04 20 09 53 42.712     2013 04 20 09 56 24.891     162.2
 2013 04 20 14 49  9.904     2013 04 20 14 52 29.417     199.5
518
 2013 04 20 00 24 59.097     2013 04 20 00 27 43.135     164.0
 2013 04 20 05 20 19.007     2013 04 20 05 23 55.156     216.1
 2013 04 20 06 58 10.706     2013 04 20 06 59 41.427      90.7
519
 2013 04 20 00 21 52.067     2013 04 20 00 25 23.610     211.5
 2013 04 20 07 02 55.839     2013 04 20 07 03 11.551      15.7
520
 2013 04 20 04 55 24.215     2013 04 20 04 55 47.544      23.3
 2013 04 20 16 41 14.078     2013 04 20 16 44 13.987     179.9
521
 2013 04 20 08 41 55.979     2013 04 20 08 44 35.764     159.8
 2013 04 20 22 21  4.264     2013 04 20 22 23 53.137     168.9
522
 2013 04 20 04 43 24.952     2013 04 20 04 46 58.962     214.0
523
 2013 04 20 17 21 21.463     2013 04 20 17 25 11.884     230.4
524
 2013 04 20 14 31 33.766     2013 04 20 14 34 27.701     173.9
 2013 04 20 22 49   .015     2013 04 20 22 52 33.713     213.7
525
 2013 04 20 06 39 36.581     2013 04 20 06 42 17.472     160.9
 2013 04 20 14 55 54.969     2013 04 20 14 58 50.712     175.7
526
 2013 04 20 22 24 25.273     2013 04 20 22 27 25.925     180.7
527
 2013 04 20 01 44 51.343     2013 04 20 01 45 33.326      42.0
 2013 04 20 13 30  5.507     2013 04 20 13 30 31.021      25.5
528
 2013 04 20 02 18 41.061     2013 04 20 02 21 48.713     187.7
 2013 04 20 17 41  9.896     2013 04 20 17 44  3.523     173.6
529
530
 2013 04 20 07 04 58.283     2013 04 20 07 05  6.015       7.7
 2013 04 20 22 24 30.422     2013 04 20 22 28  6.017     215.6
531
532
 2013 04 20 04 13   .399     2013 04 20 04 14  2.527      62.1
533
 2013 04 20 10 36 50.133     2013 04 20 10 37  4.713      14.6
534
 2013 04 20 05 07 56.355     2013 04 20 05 10 47.033     170.7
 2013 04 20 11 43 29.054     2013 04 20 11 46  9.911     160.9
535
 2013 04 20 09 49 33.286     2013 04 20 09 52 41.148     187.9
 2013 04 20 18 04  8.429     2013 04 20 18 07 44.546     216.1
536
537
538
 2013 04 20 04 15 37.776     2013 04 20 04 19  4.704     206.9
 2013 04 20 12 32 38.448     2013 04 20 12 36 11.925     213.5
539
 2013 04 20 14 35  7.839     2013 04 20 14 38 20.117     192.3
 2013 04 20 21 10 19.402     2013 04 20 21 13 30.113     190.7
540
 2013 04 20 21 30 38.051     2013 04 20 21 33 23.908     165.9
541
542
 2013 04 20 14 10 25.637     2013 04 20 14 10 30.357       4.7
543
544
 2013 04 20 03 55 32.661     2013 04 20 03 58 31.642     179.0
545
 2013 04 20 16 57 48.763     2013 04 20 17 00 35.096     166.3
 2013 04 20 23 33 44.622     2013 04 20 23 36 39.478     174.9
546
547
 2013 04 20 15 41 35.417     2013 04 20 15 44 30.535     175.1
548
 2013 04 20 23 35  7.027     2013 04 20 23 38   .984     174.0
549
 2013 04 20 00 00   .000     2013 04 20 00 01  2.166      62.2
 2013 04 20 23 39  3.220     2013 04 20 23 42  1.620     178.4
550
 2013 04 20 02 45  2.313     2013 04 20 02 48 47.321     225.0
 2013 04 20 04 23  5.948     2013 04 20 04 26 58.052     232.1
 2013 04 20 09 19 42.095     2013 04 20 09 22 20.650     158.6
551
 2013 04 20 07 58 59.393     2013 04 20 08 01 46.465     167.1
552
 2013 04 20 02 43 12.236     2013 04 20 02 44 25.888      73.7
553
 2013 04 20 01 09  6.353     2013 04 20 01 11 49.996     163.6
554
555
 2013 04 20 02 30 11.658     2013 04 20 02 33 57.912     226.3
 2013 04 20 14 19 15.756     2013 04 20 14 21 55.363     159.6
556
 2013 04 20 11 18 12.692     2013 04 20 11 22  7.123     234.4
 2013 04 20 21 18 38.431     2013 04 20 21 21 16.427     158.0
557
 2013 04 20 09 32 11.930     2013 04 20 09 35  2.402     170.5
558
 2013 04 20 04 51  2.948     2013 04 20 04 53 53.386     170.4
 2013 04 20 16 42 26.183     2013 04 20 16 46  5.505     219.3
559
 2013 04 20 10 28 57.067     2013 04 20 10 32 33.015     215.9
560
 2013 04 20 03 16 55.595     2013 04 20 03 19 44.989     169.4
 2013 04 20 15 08 50.918     2013 04 20 15 11 27.921     157.0
561
 2013 04 20 08 09 44.070     2013 04 20 08 12 38.331     174.3
 2013 04 20 18 09 25.479     2013 04 20 18 12 38.083     192.6
562
563
 2013 04 20 00 57 55.876     2013 04 20 01 00 30.581     154.7
564
 2013 04 20 20 36 31.736     2013 04 20 20 39 37.210     185.5
565
 2013 04 20 04 14 34.166     2013 04 20 04 17 13.496     159.3
566
 2013 04 20 04 44 53.457     2013 04 20 04 47 38.324     164.9
 2013 04 20 18 24  8.569     2013 04 20 18 27  1.582     173.0
567
 2013 04 20 15 11 23.960     2013 04 20 15 14 43.022     199.1
568
 2013 04 20 18 07 48.432     2013 04 20 18 10 26.274     157.8
569
 2013 04 20 02 26 23.573     2013 04 20 02 30  7.025     223.5
570
 2013 04 20 18 18 43.363     2013 04 20 18 19 21.271      37.9
571
 2013 04 20 23 08 46.875     2013 04 20 23 09 48.714      61.8
572
 2013 04 20 16 08 41.110     2013 04 20 16 10 20.605      99.5
573
 2013 04 20 02 58 59.178     2013 04 20 02 59 22.774      23.6
 2013 04 20 04 37  4.608     2013 04 20 04 37 42.438      37.8
 2013 04 20 21 43 48.700     2013 04 20 21 47  4.310     195.6
574
 2013 04 20 02 46 24.559     2013 04 20 02 49  7.180     162.6
 2013 04 20 09 21 10.061     2013 04 20 09 24  7.462     177.4
575
576
 2013 04 20 07 20 29.712     2013 04 20 07 23  4.594     154.9
 2013 04 20 17 23 24.605     2013 04 20 17 26 28.856     184.3
577
 2013 04 20 18 08 31.090     2013 04 20 18 12 21.436     230.3
578
 2013 04 20 00 49 20.930     2013 04 20 00 53  4.210     223.3
 2013 04 20 14 25 45.546     2013 04 20 14 28 40.023     174.5
579
 2013 04 20 00 38 53.245     2013 04 20 00 41 41.685     168.4
 2013 04 20 17 44 52.978     2013 04 20 17 48 16.261     203.3
580
 2013 04 20 13 47 19.181     2013 04 20 13 50 56.611     217.4
 2013 04 20 20 22 25.427     2013 04 20 20 25 48.815     203.4
581
 2013 04 20 14 29 41.959     2013 04 20 14 32 29.170     167.2
582
 2013 04 20 01 44 51.369     2013 04 20 01 47 29.746     158.4
 2013 04 20 13 31 25.861     2013 04 20 13 31 25.230       -.6
583
 2013 04 20 05 28   .949     2013 04 20 05 30 44.142     163.2
 2013 04 20 20 51 14.613     2013 04 20 20 53 58.967     164.4
584
585
 2013 04 20 13 43 11.885     2013 04 20 13 45 54.537     162.7
586
 2013 04 20 05 07 56.315     2013 04 20 05 11 42.374     226.1
 2013 04 20 11 44 13.024     2013 04 20 11 47  4.268     171.2
587
 2013 04 20 01 28 15.658     2013 04 20 01 31  2.717     167.1
 2013 04 20 18 33 15.258     2013 04 20 18 36 41.446     206.2
588
 2013 04 20 09 49 33.907     2013 04 20 09 52 52.159     198.3
 2013 04 20 18 03 55.691     2013 04 20 18 07 38.040     222.3
589
590
 2013 04 20 01 54 55.644     2013 04 20 01 58 35.776     220.1
 2013 04 20 10 10 36.438     2013 04 20 10 13 23.078     166.6
591
 2013 04 20 07 26 29.843     2013 04 20 07 29 18.255     168.4
 2013 04 20 15 43 51.945     2013 04 20 15 46 32.749     160.8
592
 2013 04 20 06 26  2.524     2013 04 20 06 29 18.919     196.4
 2013 04 20 18 16 42.788     2013 04 20 18 20  4.834     202.0
593
 2013 04 20 04 42 18.111     2013 04 20 04 45 30.564     192.5
594
 2013 04 20 19 01 53.431     2013 04 20 19 05  8.960     195.5
595
596
 2013 04 20 20 02  7.325     2013 04 20 20 05 17.954     190.6
597
 2013 04 20 00 13 44.902     2013 04 20 00 14 57.802      72.9
 2013 04 20 10 18 36.875     2013 04 20 10 21 13.761     156.9
598
 2013 04 20 09 03 14.717     2013 04 20 09 05 58.509     163.8
 2013 04 20 15 38 37.260     2013 04 20 15 38 45.797       8.5
599
 2013 04 20 14 15 56.929     2013 04 20 14 19 16.861     199.9
