s5
0
 2013 04 20 01 07 20.570     2013 04 20 01 07 42.873      22.3
 2013 04 20 18 07 30.159     2013 04 20 18 08  7.789      37.6
1
 2013 04 20 03 52 15.396     2013 04 20 03 55 48.014     212.6
2
 2013 04 20 11 33 27.481     2013 04 20 11 36 21.808     174.3
3
4
 2013 04 20 14 43 13.393     2013 04 20 14 46  4.253     170.9
5
 2013 04 20 02 24 11.811     2013 04 20 02 27 48.871     217.1
 2013 04 20 04 02  8.362     2013 04 20 04 05 43.289     214.9
 2013 04 20 07 18 51.165     2013 04 20 07 19 48.435      57.3
 2013 04 20 08 57 21.014     2013 04 20 09 00 23.199     182.2
6
 2013 04 20 04 32 59.093     2013 04 20 04 36  6.870     187.8
7
 2013 04 20 03 38 16.421     2013 04 20 03 41  7.381     171.0
8
 2013 04 20 07 38 32.653     2013 04 20 07 41 33.141     180.5
 2013 04 20 19 28  4.751     2013 04 20 19 31 38.164     213.4
9
 2013 04 20 10 00 29.372     2013 04 20 10 03  3.849     154.5
 2013 04 20 21 51  3.777     2013 04 20 21 54  8.360     184.6
10
11
12
 2013 04 20 19 31 16.426     2013 04 20 19 34   .753     164.3
13
 2013 04 20 02 43 46.261     2013 04 20 02 45 18.287      92.0
 2013 04 20 18 07 15.150     2013 04 20 18 10 13.501     178.4
14
 2013 04 20 21 52 15.131     2013 04 20 21 53   .496      45.4
15
 2013 04 20 11 04 24.492     2013 04 20 11 07   .780     156.3
 2013 04 20 17 38 50.171     2013 04 20 17 41 26.745     156.6
16
 2013 04 20 17 44  5.060     2013 04 20 17 46 46.887     161.8
17
18
 2013 04 20 09 09 36.537     2013 04 20 09 13  2.941     206.4
19
 2013 04 20 14 12 51.065     2013 04 20 14 16 11.243     200.2
 2013 04 20 20 48 44.495     2013 04 20 20 51 26.439     161.9
20
 2013 04 20 02 42  2.328     2013 04 20 02 44 53.090     170.8
21
 2013 04 20 04 18 58.302     2013 04 20 04 22  9.217     190.9
 2013 04 20 19 41 11.324     2013 04 20 19 44 22.145     190.8
22
 2013 04 20 13 25 58.762     2013 04 20 13 28 37.507     158.7
 2013 04 20 20 00 43.826     2013 04 20 20 03 22.469     158.6
23
 2013 04 20 04 42 59.394     2013 04 20 04 45 43.857     164.5
 2013 04 20 12 58 42.831     2013 04 20 13 01 39.926     177.1
24
 2013 04 20 08 27 34.749     2013 04 20 08 30  8.969     154.2
 2013 04 20 20 15 46.789     2013 04 20 20 18 35.555     168.8
25
 2013 04 20 00 00   .000     2013 04 20 00 01 57.866     117.9
 2013 04 20 08 14 24.074     2013 04 20 08 17 14.391     170.3
 2013 04 20 23 37 46.839     2013 04 20 23 40 28.122     161.3
26
 2013 04 20 05 27 19.851     2013 04 20 05 31  5.404     225.6
 2013 04 20 13 50 53.175     2013 04 20 13 50 52.546       -.6
27
 2013 04 20 19 33 21.763     2013 04 20 19 36  1.215     159.5
28
 2013 04 20 07 49 22.820     2013 04 20 07 51 15.466     112.6
 2013 04 20 16 08 39.978     2013 04 20 16 08 56.250      16.3
29
 2013 04 20 13 23  5.319     2013 04 20 13 26 43.751     218.4
 2013 04 20 21 39  9.978     2013 04 20 21 42 50.642     220.7
30
31
 2013 04 20 14 15 30.628     2013 04 20 14 18  9.541     158.9
 2013 04 20 19 10 32.255     2013 04 20 19 13 25.064     172.8
32
 2013 04 20 09 29  1.212     2013 04 20 09 32  5.577     184.4
 2013 04 20 16 03 18.645     2013 04 20 16 06  2.240     163.6
33
 2013 04 20 11 48 32.668     2013 04 20 11 52 24.333     231.7
 2013 04 20 20 04 35.010     2013 04 20 20 05 49.756      74.7
34
 2013 04 20 05 58 58.397     2013 04 20 06 01 32.850     154.5
 2013 04 20 19 35 16.233     2013 04 20 19 38 10.876     174.6
35
 2013 04 20 09 29 42.023     2013 04 20 09 32 27.590     165.6
 2013 04 20 16 03 45.261     2013 04 20 16 06 22.007     156.7
36
 2013 04 20 07 44 57.589     2013 04 20 07 46  1.679      64.1
 2013 04 20 17 49  3.054     2013 04 20 17 51 39.240     156.2
37
 2013 04 20 10 57 25.642     2013 04 20 11 01  1.569     215.9
 2013 04 20 20 53 41.877     2013 04 20 20 53 48.401       6.5
38
 2013 04 20 12 27  5.131     2013 04 20 12 29 59.904     174.8
39
 2013 04 20 09 05 41.074     2013 04 20 09 09 20.807     219.7
 2013 04 20 22 46 15.838     2013 04 20 22 49  7.453     171.6
40
 2013 04 20 00 04 43.356     2013 04 20 00 08 30.240     226.9
 2013 04 20 05 00 49.683     2013 04 20 05 03 27.703     158.0
 2013 04 20 22 05  9.907     2013 04 20 22 05  9.277       -.6
 2013 04 20 23 43 13.939     2013 04 20 23 46 55.956     222.0
41
 2013 04 20 02 25 49.631     2013 04 20 02 28 29.865     160.2
 2013 04 20 07 20 52.336     2013 04 20 07 24 10.898     198.6
42
 2013 04 20 23 22 13.597     2013 04 20 23 25 57.263     223.7
43
44
 2013 04 20 04 29 28.707     2013 04 20 04 32 50.396     201.7
 2013 04 20 16 20 55.903     2013 04 20 16 23 29.590     153.7
45
46
 2013 04 20 15 25 59.368     2013 04 20 15 26 14.934      15.6
47
 2013 04 20 17 53 35.600     2013 04 20 17 54 43.357      67.8
48
 2013 04 20 01 06 49.576     2013 04 20 01 09 35.101     165.5
 2013 04 20 18 09   .394     2013 04 20 18 12 36.240     215.8
49
 2013 04 20 23 21 20.904     2013 04 20 23 24 34.045     193.1
50
51
52
 2013 04 20 09 07 47.301     2013 04 20 09 11 24.778     217.5
 2013 04 20 22 43 15.468     2013 04 20 22 45 53.699     158.2
53
 2013 04 20 21 04 48.575     2013 04 20 21 05 14.083      25.5
54
 2013 04 20 04 42  6.727     2013 04 20 04 45 31.709     205.0
 2013 04 20 12 57 32.440     2013 04 20 13 00  8.795     156.4
55
 2013 04 20 11 51 21.591     2013 04 20 11 54  3.072     161.5
 2013 04 20 18 26 15.841     2013 04 20 18 28 55.238     159.4
56
 2013 04 20 04 22 25.707     2013 04 20 04 25 56.788     211.1
 2013 04 20 17 59 49.302     2013 04 20 18 03 26.757     217.5
57
 2013 04 20 17 11 17.887     2013 04 20 17 15  1.645     223.8
58
 2013 04 20 04 26  3.955     2013 04 20 04 29   .335     176.4
59
 2013 04 20 19 30 58.228     2013 04 20 19 34 27.487     209.3
60
61
62
 2013 04 20 04 27 14.923     2013 04 20 04 29 50.752     155.8
63
 2013 04 20 03 32  4.084     2013 04 20 03 35 49.186     225.1
64
 2013 04 20 11 33 16.936     2013 04 20 11 36 40.118     203.2
65
 2013 04 20 13 54 57.002     2013 04 20 13 57 55.520     178.5
66
 2013 04 20 07 38 59.788     2013 04 20 07 41 32.826     153.0
 2013 04 20 19 29   .113     2013 04 20 19 31 51.662     171.5
67
 2013 04 20 02 24 42.053     2013 04 20 02 28 28.867     226.8
 2013 04 20 08 59 34.896     2013 04 20 09 02 58.075     203.2
68
69
 2013 04 20 05 04 53.958     2013 04 20 05 07 46.656     172.7
 2013 04 20 20 28 36.476     2013 04 20 20 31 33.990     177.5
70
 2013 04 20 08 28 53.423     2013 04 20 08 29 14.328      20.9
71
 2013 04 20 02 54 10.660     2013 04 20 02 57  4.273     173.6
 2013 04 20 14 46  3.735     2013 04 20 14 49 28.508     204.8
72
 2013 04 20 07 33 19.576     2013 04 20 07 33 33.553      14.0
73
 2013 04 20 05 08 39.413     2013 04 20 05 09 38.784      59.4
 2013 04 20 20 26 35.135     2013 04 20 20 29 13.132     158.0
74
 2013 04 20 02 21 20.340     2013 04 20 02 24 12.134     171.8
 2013 04 20 10 36 45.827     2013 04 20 10 40  4.457     198.6
75
 2013 04 20 04 18 47.402     2013 04 20 04 21 27.035     159.6
 2013 04 20 19 40 56.642     2013 04 20 19 43 37.630     161.0
76
 2013 04 20 21 06  1.495     2013 04 20 21 09 36.056     214.6
77
 2013 04 20 21 07  7.809     2013 04 20 21 10 22.984     195.2
78
 2013 04 20 09 19 59.582     2013 04 20 09 22 59.564     180.0
 2013 04 20 19 22 55.892     2013 04 20 19 25 41.632     165.7
79
 2013 04 20 04 45 45.264     2013 04 20 04 48 29.568     164.3
 2013 04 20 11 20 47.948     2013 04 20 11 23 27.073     159.1
80
 2013 04 20 17 43 23.857     2013 04 20 17 43 29.004       5.1
81
 2013 04 20 22 32 38.440     2013 04 20 22 36  2.353     203.9
82
 2013 04 20 06 19 36.817     2013 04 20 06 22 12.367     155.5
 2013 04 20 12 54 32.559     2013 04 20 12 57 55.089     202.5
83
 2013 04 20 19 23 58.375     2013 04 20 19 26 39.462     161.1
84
 2013 04 20 03 52 55.124     2013 04 20 03 55 34.306     159.2
85
 2013 04 20 10 49 27.489     2013 04 20 10 53  9.495     222.0
86
 2013 04 20 09 51 43.008     2013 04 20 09 54 17.976     155.0
87
 2013 04 20 03 32 38.081     2013 04 20 03 35 42.669     184.6
88
 2013 04 20 01 26 55.051     2013 04 20 01 29 41.200     166.1
 2013 04 20 11 29 47.191     2013 04 20 11 32 57.889     190.7
89
 2013 04 20 02 16 31.722     2013 04 20 02 19  9.528     157.8
 2013 04 20 12 15 30.031     2013 04 20 12 18 38.152     188.1
90
 2013 04 20 22 42 39.203     2013 04 20 22 45 27.147     167.9
91
 2013 04 20 15 49 45.418     2013 04 20 15 52 50.615     185.2
 2013 04 20 20 45 19.972     2013 04 20 20 48 36.103     196.1
92
 2013 04 20 14 15 27.081     2013 04 20 14 18 46.306     199.2
 2013 04 20 19 11 15.249     2013 04 20 19 14 12.064     176.8
93
94
95
 2013 04 20 03 09 45.516     2013 04 20 03 12 20.873     155.4
96
 2013 04 20 09 54  5.142     2013 04 20 09 57  5.317     180.2
 2013 04 20 23 31 22.897     2013 04 20 23 34 18.122     175.2
97
 2013 04 20 00 46 31.956     2013 04 20 00 49 29.614     177.7
 2013 04 20 09 01 16.206     2013 04 20 09 04  8.128     171.9
98
 2013 04 20 02 38 43.349     2013 04 20 02 42 18.010     214.7
 2013 04 20 19 42 39.453     2013 04 20 19 46 10.341     210.9
99
 2013 04 20 00 17  6.396     2013 04 20 00 20 11.565     185.2
 2013 04 20 17 21  8.571     2013 04 20 17 24 41.096     212.5
100
101
 2013 04 20 06 04 41.021     2013 04 20 06 07 18.660     157.6
 2013 04 20 17 54  3.459     2013 04 20 17 56 49.751     166.3
102
 2013 04 20 10 54 24.368     2013 04 20 10 57   .246     155.9
 2013 04 20 20 56 19.399     2013 04 20 20 59 56.721     217.3
103
 2013 04 20 19 19 59.542     2013 04 20 19 22 48.977     169.4
104
 2013 04 20 06 20 34.709     2013 04 20 06 23 49.527     194.8
 2013 04 20 07 58 11.004     2013 04 20 07 58 40.019      29.0
 2013 04 20 12 54  6.412     2013 04 20 12 56 52.707     166.3
105
 2013 04 20 09 04 19.609     2013 04 20 09 06 55.613     156.0
106
 2013 04 20 00 52  7.325     2013 04 20 00 52 43.286      36.0
 2013 04 20 02 26 47.650     2013 04 20 02 30 20.786     213.1
 2013 04 20 07 22 36.305     2013 04 20 07 25 13.864     157.6
107
 2013 04 20 12 38 42.473     2013 04 20 12 38 43.433       1.0
 2013 04 20 19 14 46.989     2013 04 20 19 17 34.279     167.3
108
 2013 04 20 03 40 37.929     2013 04 20 03 44 12.615     214.7
 2013 04 20 15 33 59.741     2013 04 20 15 37 35.035     215.3
109
 2013 04 20 03 47 49.020     2013 04 20 03 51  7.839     198.8
 2013 04 20 13 52  6.225     2013 04 20 13 55 51.052     224.8
110
 2013 04 20 04 25 18.646     2013 04 20 04 28 40.260     201.6
111
112
 2013 04 20 04 40 33.256     2013 04 20 04 43 30.647     177.4
113
 2013 04 20 03 26 50.532     2013 04 20 03 29 38.547     168.0
 2013 04 20 20 31 45.368     2013 04 20 20 34 52.957     187.6
114
 2013 04 20 05 30  9.955     2013 04 20 05 33 16.041     186.1
 2013 04 20 13 44 52.235     2013 04 20 13 47 42.538     170.3
115
 2013 04 20 13 23 37.489     2013 04 20 13 27  1.947     204.5
 2013 04 20 21 36 54.962     2013 04 20 21 40 38.008     223.0
116
 2013 04 20 00 39 46.925     2013 04 20 00 42 25.319     158.4
 2013 04 20 10 41 35.249     2013 04 20 10 45  5.226     210.0
117
118
 2013 04 20 11 26 19.911     2013 04 20 11 30  7.239     227.3
119
 2013 04 20 10 39  3.459     2013 04 20 10 41 39.478     156.0
120
 2013 04 20 02 50 49.153     2013 04 20 02 53 26.019     156.9
 2013 04 20 16 24 52.844     2013 04 20 16 25 58.784      65.9
121
 2013 04 20 09 11 45.566     2013 04 20 09 15  5.901     200.3
 2013 04 20 21 04 45.474     2013 04 20 21 08 29.317     223.8
122
 2013 04 20 04 12 59.420     2013 04 20 04 15 52.129     172.7
 2013 04 20 22 55 36.265     2013 04 20 22 58 57.407     201.1
123
 2013 04 20 04 12 26.860     2013 04 20 04 13 11.870      45.0
 2013 04 20 22 54 38.118     2013 04 20 22 58 31.326     233.2
124
 2013 04 20 07 31  6.310     2013 04 20 07 33 55.705     169.4
 2013 04 20 21 10 49.069     2013 04 20 21 14 30.578     221.5
125
 2013 04 20 05 06 37.934     2013 04 20 05 10 14.709     216.8
 2013 04 20 20 26 14.723     2013 04 20 20 29 41.187     206.5
126
 2013 04 20 13 16 55.168     2013 04 20 13 20 11.310     196.1
 2013 04 20 23 19 23.233     2013 04 20 23 21 58.925     155.7
127
 2013 04 20 03 08 40.080     2013 04 20 03 11 44.409     184.3
 2013 04 20 11 22 46.573     2013 04 20 11 25 57.190     190.6
128
 2013 04 20 11 01  6.998     2013 04 20 11 04 26.654     199.7
 2013 04 20 19 15 39.001     2013 04 20 19 18 29.598     170.6
129
 2013 04 20 10 11 18.422     2013 04 20 10 14 16.057     177.6
130
 2013 04 20 17 11  9.210     2013 04 20 17 14  3.517     174.3
131
132
 2013 04 20 01 16 26.549     2013 04 20 01 19 29.450     182.9
 2013 04 20 14 49 31.231     2013 04 20 14 49 46.331      15.1
133
 2013 04 20 07 46 48.405     2013 04 20 07 49 57.703     189.3
 2013 04 20 17 46 21.093     2013 04 20 17 48 56.574     155.5
134
135
 2013 04 20 03 40 38.025     2013 04 20 03 43 11.920     153.9
136
 2013 04 20 02 03 33.968     2013 04 20 02 06 25.257     171.3
137
 2013 04 20 18 37 15.140     2013 04 20 18 39 53.520     158.4
138
 2013 04 20 03 41 44.873     2013 04 20 03 44 29.247     164.4
 2013 04 20 15 35  6.180     2013 04 20 15 35 56.165      50.0
139
 2013 04 20 02 58  6.914     2013 04 20 03 00 44.743     157.8
140
 2013 04 20 20 19 13.195     2013 04 20 20 22 37.712     204.5
141
 2013 04 20 13 16 41.070     2013 04 20 13 19 20.846     159.8
 2013 04 20 23 18 54.541     2013 04 20 23 21 44.334     169.8
142
 2013 04 20 08 16 58.883     2013 04 20 08 19 34.829     155.9
143
144
145
 2013 04 20 07 49 59.385     2013 04 20 07 52 44.560     165.2
 2013 04 20 16 11  7.080     2013 04 20 16 11 46.315      39.2
146
 2013 04 20 05 54 40.313     2013 04 20 05 57 57.706     197.4
147
 2013 04 20 07 41 44.545     2013 04 20 07 45 18.811     214.3
148
 2013 04 20 05 51  5.406     2013 04 20 05 53 45.875     160.5
149
 2013 04 20 10 05 25.970     2013 04 20 10 08  3.190     157.2
150
 2013 04 20 17 16 51.406     2013 04 20 17 19 55.032     183.6
151
 2013 04 20 02 51 11.168     2013 04 20 02 54 32.161     201.0
152
 2013 04 20 03 05 26.583     2013 04 20 03 08  2.054     155.5
153
 2013 04 20 18 03 20.757     2013 04 20 18 06 58.805     218.0
154
 2013 04 20 01 53 11.793     2013 04 20 01 55 48.592     156.8
 2013 04 20 18 56 58.178     2013 04 20 18 59 34.646     156.5
155
 2013 04 20 00 47 53.474     2013 04 20 00 50 34.077     160.6
156
 2013 04 20 03 00 23.920     2013 04 20 03 03  1.748     157.8
157
 2013 04 20 02 14 50.766     2013 04 20 02 17 58.481     187.7
 2013 04 20 12 15 36.536     2013 04 20 12 18 33.872     177.3
158
 2013 04 20 08 38 36.061     2013 04 20 08 41 17.831     161.8
 2013 04 20 16 55 22.262     2013 04 20 16 57 59.719     157.5
159
 2013 04 20 09 53 43.016     2013 04 20 09 56 42.678     179.7
 2013 04 20 23 33   .349     2013 04 20 23 35 42.282     161.9
160
 2013 04 20 04 44 48.696     2013 04 20 04 47 30.142     161.4
 2013 04 20 11 20  5.051     2013 04 20 11 23 47.732     222.7
161
 2013 04 20 06 40  5.927     2013 04 20 06 43  1.267     175.3
 2013 04 20 22 03 17.468     2013 04 20 22 05 52.580     155.1
162
 2013 04 20 00 27 30.544     2013 04 20 00 30 14.705     164.2
 2013 04 20 14 04  6.376     2013 04 20 14 06 40.364     154.0
163
 2013 04 20 14 47 28.151     2013 04 20 14 50 24.275     176.1
164
 2013 04 20 13 13 42.240     2013 04 20 13 17  8.889     206.6
165
 2013 04 20 17 40 25.832     2013 04 20 17 43  7.274     161.4
166
 2013 04 20 07 52 17.092     2013 04 20 07 54 52.207     155.1
 2013 04 20 16 07 23.519     2013 04 20 16 10 20.057     176.5
167
 2013 04 20 07 33  5.617     2013 04 20 07 33 24.122      18.5
 2013 04 20 21 10 25.241     2013 04 20 21 10 45.108      19.9
168
 2013 04 20 13 21 41.362     2013 04 20 13 24 57.647     196.3
 2013 04 20 21 39 40.391     2013 04 20 21 42 24.120     163.7
169
170
 2013 04 20 00 37 33.693     2013 04 20 00 40  9.492     155.8
171
 2013 04 20 06 11 15.831     2013 04 20 06 11 40.178      24.3
172
 2013 04 20 18 01 39.432     2013 04 20 18 01 49.896      10.5
173
 2013 04 20 14 55 56.076     2013 04 20 14 59 23.869     207.8
 2013 04 20 23 14 20.603     2013 04 20 23 17 13.987     173.4
174
 2013 04 20 00 00   .000     2013 04 20 00 00 42.214      42.2
 2013 04 20 08 14 58.500     2013 04 20 08 17 52.431     173.9
 2013 04 20 23 36 35.362     2013 04 20 23 39 10.179     154.8
175
 2013 04 20 02 19 19.117     2013 04 20 02 21 56.404     157.3
 2013 04 20 10 36 12.372     2013 04 20 10 40   .590     228.2
176
 2013 04 20 12 35 22.373     2013 04 20 12 38 23.916     181.5
 2013 04 20 20 52  2.560     2013 04 20 20 54 45.584     163.0
177
 2013 04 20 10 13 45.334     2013 04 20 10 16 29.708     164.4
 2013 04 20 18 29  5.792     2013 04 20 18 31 46.504     160.7
178
 2013 04 20 13 00 50.467     2013 04 20 13 03 42.665     172.2
179
 2013 04 20 09 54 44.650     2013 04 20 09 58 11.530     206.9
 2013 04 20 23 32 35.805     2013 04 20 23 35 45.250     189.4
180
 2013 04 20 04 14 50.601     2013 04 20 04 18 10.458     199.9
 2013 04 20 21 19 51.369     2013 04 20 21 22 29.605     158.2
181
 2013 04 20 08 36 43.448     2013 04 20 08 39 21.510     158.1
182
 2013 04 20 12 33 38.493     2013 04 20 12 36 45.804     187.3
 2013 04 20 20 54 14.958     2013 04 20 20 54 17.798       2.8
183
 2013 04 20 09 58  6.978     2013 04 20 10 01 17.847     190.9
184
 2013 04 20 11 50 35.668     2013 04 20 11 53 13.071     157.4
 2013 04 20 18 25 36.093     2013 04 20 18 28 59.854     203.8
185
 2013 04 20 00 35   .656     2013 04 20 00 35 34.740      34.1
186
 2013 04 20 15 46 38.495     2013 04 20 15 50 27.586     229.1
 2013 04 20 17 24 29.554     2013 04 20 17 25  1.210      31.7
 2013 04 20 22 20 56.982     2013 04 20 22 23 51.397     174.4
187
 2013 04 20 21 45  7.974     2013 04 20 21 45 36.963      29.0
188
 2013 04 20 03 58  6.844     2013 04 20 04 00 44.125     157.3
 2013 04 20 10 32 54.873     2013 04 20 10 35 50.451     175.6
189
 2013 04 20 04 15 46.950     2013 04 20 04 19 10.866     203.9
 2013 04 20 21 19 34.062     2013 04 20 21 23  6.597     212.5
190
 2013 04 20 06 05 46.959     2013 04 20 06 08 47.354     180.4
 2013 04 20 17 54  2.406     2013 04 20 17 57 29.117     206.7
191
 2013 04 20 00 20 48.537     2013 04 20 00 23 49.899     181.4
 2013 04 20 15 43 18.452     2013 04 20 15 46 58.881     220.4
192
 2013 04 20 12 20 41.352     2013 04 20 12 23 49.349     188.0
193
 2013 04 20 08 43 37.037     2013 04 20 08 46 20.012     163.0
 2013 04 20 13 38 21.170     2013 04 20 13 41 55.975     214.8
 2013 04 20 15 16  7.814     2013 04 20 15 19 58.408     230.6
194
 2013 04 20 02 10 55.335     2013 04 20 02 14 30.775     215.4
195
 2013 04 20 02 16 59.096     2013 04 20 02 20 12.282     193.2
196
 2013 04 20 06 21 14.215     2013 04 20 06 24 36.819     202.6
 2013 04 20 12 55 47.126     2013 04 20 12 59  4.357     197.2
197
198
199
 2013 04 20 11 43  7.307     2013 04 20 11 46  3.649     176.3
 2013 04 20 21 43  4.367     2013 04 20 21 45 39.180     154.8
200
 2013 04 20 10 16 35.237     2013 04 20 10 19 13.373     158.1
 2013 04 20 16 51 12.704     2013 04 20 16 53 57.840     165.1
201
 2013 04 20 00 28 44.252     2013 04 20 00 32  9.166     204.9
202
 2013 04 20 05 51 21.766     2013 04 20 05 51 51.946      30.2
 2013 04 20 21 16 44.661     2013 04 20 21 19 47.645     183.0
203
 2013 04 20 04 15 28.822     2013 04 20 04 18 12.313     163.5
 2013 04 20 21 19 12.101     2013 04 20 21 22  3.714     171.6
204
 2013 04 20 02 52 53.157     2013 04 20 02 52 59.493       6.3
 2013 04 20 16 24 49.494     2013 04 20 16 27 26.943     157.4
205
 2013 04 20 10 57  9.483     2013 04 20 11 00  3.836     174.4
 2013 04 20 20 54 43.476     2013 04 20 20 58 23.222     219.7
206
 2013 04 20 18 11  8.832     2013 04 20 18 14 31.196     202.4
 2013 04 20 23 06 56.133     2013 04 20 23 10 48.084     232.0
207
 2013 04 20 13 00 12.473     2013 04 20 13 00 26.360      13.9
208
 2013 04 20 12 27 52.007     2013 04 20 12 31 12.389     200.4
209
 2013 04 20 04 43 20.225     2013 04 20 04 45 55.438     155.2
 2013 04 20 12 58 11.094     2013 04 20 13 01 22.031     190.9
210
 2013 04 20 06 12 35.892     2013 04 20 06 15 31.510     175.6
 2013 04 20 16 12 44.279     2013 04 20 16 16  4.829     200.5
211
 2013 04 20 08 21 19.526     2013 04 20 08 21 40.814      21.3
 2013 04 20 21 55  5.889     2013 04 20 21 58 30.061     204.2
212
 2013 04 20 01 38 28.417     2013 04 20 01 41  6.772     158.4
 2013 04 20 06 33 15.799     2013 04 20 06 36 24.733     188.9
213
214
 2013 04 20 21 55 31.880     2013 04 20 21 58  7.169     155.3
215
 2013 04 20 21 53 17.164     2013 04 20 21 56 19.494     182.3
216
 2013 04 20 06 55   .052     2013 04 20 06 57 43.076     163.0
217
 2013 04 20 19 26 30.650     2013 04 20 19 29  9.708     159.1
218
 2013 04 20 05 10 55.267     2013 04 20 05 14 11.558     196.3
 2013 04 20 18 48 58.497     2013 04 20 18 51 52.458     174.0
219
220
 2013 04 20 02 01 55.570     2013 04 20 02 04 39.556     164.0
 2013 04 20 15 39 31.820     2013 04 20 15 42 10.811     159.0
221
 2013 04 20 08 23 39.147     2013 04 20 08 26 56.301     197.2
222
 2013 04 20 06 51 53.660     2013 04 20 06 52  8.246      14.6
 2013 04 20 18 40  8.323     2013 04 20 18 42 57.445     169.1
223
 2013 04 20 15 49 19.534     2013 04 20 15 53  9.062     229.5
 2013 04 20 20 45 32.495     2013 04 20 20 49 13.925     221.4
224
 2013 04 20 07 26 49.326     2013 04 20 07 28 16.636      87.3
 2013 04 20 22 51 16.458     2013 04 20 22 53 53.105     156.6
225
 2013 04 20 05 13 21.951     2013 04 20 05 17  7.946     226.0
226
 2013 04 20 09 16 18.358     2013 04 20 09 19 11.763     173.4
227
 2013 04 20 01 21 12.897     2013 04 20 01 24 40.216     207.3
 2013 04 20 13 09 20.928     2013 04 20 13 12   .652     159.7
228
 2013 04 20 00 36 22.218     2013 04 20 00 39  4.165     161.9
229
 2013 04 20 16 14 44.284     2013 04 20 16 17 53.001     188.7
230
231
 2013 04 20 05 32 45.537     2013 04 20 05 32 57.611      12.1
 2013 04 20 12 09 14.410     2013 04 20 12 11 51.494     157.1
232
233
 2013 04 20 00 00   .000     2013 04 20 00 00 12.141      12.1
 2013 04 20 08 14  4.399     2013 04 20 08 17 51.413     227.0
 2013 04 20 23 35 53.938     2013 04 20 23 38 43.600     169.7
234
 2013 04 20 06 09 47.547     2013 04 20 06 13 11.895     204.3
 2013 04 20 16 14  4.770     2013 04 20 16 17 34.278     209.5
235
 2013 04 20 07 34 25.111     2013 04 20 07 36 58.918     153.8
 2013 04 20 21 08 54.207     2013 04 20 21 10  7.225      73.0
236
 2013 04 20 13 21  8.916     2013 04 20 13 23 47.992     159.1
 2013 04 20 21 38 34.691     2013 04 20 21 38 53.574      18.9
237
 2013 04 20 07 02 45.497     2013 04 20 07 05 41.231     175.7
 2013 04 20 15 20 44.814     2013 04 20 15 24 29.917     225.1
238
 2013 04 20 07 45 16.243     2013 04 20 07 48 10.828     174.6
 2013 04 20 17 48 16.052     2013 04 20 17 51 13.524     177.5
239
 2013 04 20 01 33 53.319     2013 04 20 01 36 34.342     161.0
 2013 04 20 09 48 52.668     2013 04 20 09 51 42.718     170.0
240
241
 2013 04 20 02 46 30.481     2013 04 20 02 49 12.297     161.8
242
 2013 04 20 09 13 20.792     2013 04 20 09 15 54.509     153.7
 2013 04 20 21 03 27.039     2013 04 20 21 06 33.876     186.8
243
244
 2013 04 20 07 51 40.813     2013 04 20 07 54 36.455     175.6
 2013 04 20 16 08 15.761     2013 04 20 16 10 57.118     161.4
245
 2013 04 20 07 06 10.494     2013 04 20 07 08 53.739     163.2
246
 2013 04 20 13 24 55.978     2013 04 20 13 28 47.885     231.9
 2013 04 20 20 01 33.697     2013 04 20 20 04 38.397     184.7
247
 2013 04 20 03 45 38.768     2013 04 20 03 49  6.527     207.8
248
 2013 04 20 03 35  1.914     2013 04 20 03 37 14.264     132.3
 2013 04 20 17 15 19.591     2013 04 20 17 17 54.889     155.3
249
 2013 04 20 13 27 12.608     2013 04 20 13 29 50.718     158.1
 2013 04 20 18 21 59.044     2013 04 20 18 22 45.474      46.4
 2013 04 20 20 00 10.931     2013 04 20 20 03 43.881     213.0
250
 2013 04 20 01 18 48.010     2013 04 20 01 21 59.776     191.8
251
 2013 04 20 01 52 21.049     2013 04 20 01 54 58.756     157.7
 2013 04 20 18 56 36.175     2013 04 20 18 59 38.784     182.6
252
253
254
 2013 04 20 08 28 58.088     2013 04 20 08 30 22.103      84.0
255
 2013 04 20 04 43 52.149     2013 04 20 04 46 40.584     168.4
 2013 04 20 12 57  7.503     2013 04 20 12 58  4.063      56.6
256
 2013 04 20 16 05 20.990     2013 04 20 16 08 38.670     197.7
257
 2013 04 20 01 30   .928     2013 04 20 01 32 39.465     158.5
258
 2013 04 20 03 43 54.429     2013 04 20 03 46 29.214     154.8
 2013 04 20 15 31 50.543     2013 04 20 15 34 34.533     164.0
259
 2013 04 20 12 17 45.974     2013 04 20 12 20 49.074     183.1
260
 2013 04 20 11 03  2.209     2013 04 20 11 06 38.860     216.7
 2013 04 20 17 39 26.540     2013 04 20 17 42 41.905     195.4
261
 2013 04 20 05 21 39.004     2013 04 20 05 24 35.894     176.9
262
 2013 04 20 06 08 18.657     2013 04 20 06 11 58.292     219.6
263
 2013 04 20 00 26 35.742     2013 04 20 00 29 14.043     158.3
 2013 04 20 14 04 27.559     2013 04 20 14 07 24.984     177.4
264
 2013 04 20 16 37 52.678     2013 04 20 16 40 45.869     173.2
 2013 04 20 21 33  5.192     2013 04 20 21 35 43.772     158.6
265
 2013 04 20 04 31 39.827     2013 04 20 04 35  9.186     209.4
266
 2013 04 20 08 37 52.957     2013 04 20 08 41 43.249     230.3
 2013 04 20 16 53 38.799     2013 04 20 16 56 33.672     174.9
267
 2013 04 20 06 59 22.124     2013 04 20 07 01 57.870     155.7
 2013 04 20 17 00 11.098     2013 04 20 17 02 47.521     156.4
268
 2013 04 20 00 24 24.915     2013 04 20 00 26 59.805     154.9
269
 2013 04 20 15 48 55.011     2013 04 20 15 51 40.055     165.0
 2013 04 20 20 43 34.256     2013 04 20 20 47 26.242     232.0
 2013 04 20 22 21 45.269     2013 04 20 22 25 12.137     206.9
270
 2013 04 20 10 03 39.011     2013 04 20 10 03 52.574      13.6
271
 2013 04 20 17 10 32.007     2013 04 20 17 13 31.790     179.8
272
 2013 04 20 00 03  9.779     2013 04 20 00 03 17.224       7.4
 2013 04 20 08 12 52.334     2013 04 20 08 16  3.077     190.7
273
 2013 04 20 02 07 43.197     2013 04 20 02 10 25.361     162.2
 2013 04 20 13 58 30.812     2013 04 20 14 01 19.287     168.5
274
 2013 04 20 04 36 44.205     2013 04 20 04 39 39.419     175.2
 2013 04 20 14 37 38.462     2013 04 20 14 40 35.807     177.3
275
 2013 04 20 08 37 28.225     2013 04 20 08 40  4.954     156.7
 2013 04 20 16 57 34.308     2013 04 20 16 58 27.244      52.9
276
 2013 04 20 04 37 19.141     2013 04 20 04 40  6.086     166.9
 2013 04 20 14 37 45.219     2013 04 20 14 40 20.753     155.5
277
 2013 04 20 03 10 16.107     2013 04 20 03 12 53.176     157.1
 2013 04 20 09 45 21.782     2013 04 20 09 49  3.375     221.6
278
 2013 04 20 20 10 51.952     2013 04 20 20 13 33.936     162.0
279
 2013 04 20 09 57 23.589     2013 04 20 10 00 15.260     171.7
280
 2013 04 20 14 55 44.685     2013 04 20 14 59 10.342     205.7
 2013 04 20 23 11 56.444     2013 04 20 23 15 34.999     218.6
281
 2013 04 20 13 25 20.023     2013 04 20 13 28 32.339     192.3
 2013 04 20 20 01 11.968     2013 04 20 20 04  8.621     176.7
282
 2013 04 20 13 07 43.682     2013 04 20 13 07 44.457        .8
283
 2013 04 20 03 42 31.638     2013 04 20 03 45 10.644     159.0
 2013 04 20 15 32 12.901     2013 04 20 15 35 12.940     180.0
284
285
 2013 04 20 07 41 43.974     2013 04 20 07 44 31.052     167.1
 2013 04 20 19 26 29.070     2013 04 20 19 26 51.424      22.4
286
 2013 04 20 09 31 30.411     2013 04 20 09 35  8.002     217.6
 2013 04 20 14 27 35.696     2013 04 20 14 30 43.641     187.9
287
 2013 04 20 03 45  2.536     2013 04 20 03 45 10.186       7.7
 2013 04 20 15 29 20.477     2013 04 20 15 31   .170      99.7
288
 2013 04 20 08 20 16.930     2013 04 20 08 23 49.233     212.3
 2013 04 20 21 57 54.732     2013 04 20 22 01 17.167     202.4
289
 2013 04 20 03 13   .314     2013 04 20 03 15 37.728     157.4
 2013 04 20 08 07 48.723     2013 04 20 08 11  2.641     193.9
290
 2013 04 20 04 36 35.846     2013 04 20 04 39  9.752     153.9
 2013 04 20 14 38 16.181     2013 04 20 14 41 16.918     180.7
291
 2013 04 20 01 32 27.985     2013 04 20 01 35 14.895     166.9
 2013 04 20 09 49 52.629     2013 04 20 09 52 49.837     177.2
292
 2013 04 20 04 30 45.049     2013 04 20 04 33 18.919     153.9
 2013 04 20 16 19 40.131     2013 04 20 16 22 15.822     155.7
293
 2013 04 20 07 07   .564     2013 04 20 07 10 12.382     191.8
 2013 04 20 13 41 20.090     2013 04 20 13 44  8.082     168.0
294
 2013 04 20 02 57 56.145     2013 04 20 03 01 27.582     211.4
 2013 04 20 14 42  7.825     2013 04 20 14 42 54.634      46.8
295
 2013 04 20 07 05 55.162     2013 04 20 07 06 45.769      50.6
 2013 04 20 13 46  4.702     2013 04 20 13 46 52.040      47.3
296
 2013 04 20 07 33 59.347     2013 04 20 07 37 37.725     218.4
297
 2013 04 20 01 23 17.025     2013 04 20 01 26 18.453     181.4
298
 2013 04 20 01 09 33.938     2013 04 20 01 12 11.683     157.7
 2013 04 20 16 31 24.184     2013 04 20 16 34  1.023     156.8
299
 2013 04 20 21 11 14.245     2013 04 20 21 14 57.969     223.7
300
 2013 04 20 15 00 36.913     2013 04 20 15 03 22.707     165.8
 2013 04 20 21 34 46.342     2013 04 20 21 37 23.706     157.4
301
 2013 04 20 11 41 55.306     2013 04 20 11 44 30.279     155.0
 2013 04 20 21 43 48.725     2013 04 20 21 47  4.429     195.7
302
 2013 04 20 07 52 50.948     2013 04 20 07 55 51.953     181.0
303
 2013 04 20 01 35 10.435     2013 04 20 01 37 45.828     155.4
304
305
 2013 04 20 18 31 25.759     2013 04 20 18 34 44.363     198.6
306
307
 2013 04 20 07 08 22.967     2013 04 20 07 11  1.102     158.1
 2013 04 20 13 42 22.147     2013 04 20 13 45 13.666     171.5
308
 2013 04 20 10 07   .091     2013 04 20 10 09 53.716     173.6
 2013 04 20 20 10  5.467     2013 04 20 20 13 11.304     185.8
309
 2013 04 20 14 02 39.837     2013 04 20 14 05 17.855     158.0
310
 2013 04 20 13 27 12.988     2013 04 20 13 30 29.004     196.0
 2013 04 20 18 27   .163     2013 04 20 18 27  5.239       5.1
 2013 04 20 20 01  2.176     2013 04 20 20 04 53.687     231.5
311
 2013 04 20 16 35 25.763     2013 04 20 16 39  4.730     219.0
 2013 04 20 23 10 50.365     2013 04 20 23 13 41.545     171.2
312
 2013 04 20 05 27 19.203     2013 04 20 05 29 56.428     157.2
313
 2013 04 20 05 19  4.770     2013 04 20 05 21 38.423     153.7
 2013 04 20 17 05 57.611     2013 04 20 17 09 20.615     203.0
314
 2013 04 20 03 10 28.023     2013 04 20 03 14  6.221     218.2
 2013 04 20 04 48 14.024     2013 04 20 04 48 41.591      27.6
 2013 04 20 09 44 38.573     2013 04 20 09 47 19.888     161.3
315
 2013 04 20 23 28 33.459     2013 04 20 23 31 36.158     182.7
316
 2013 04 20 21 06 13.218     2013 04 20 21 09  9.215     176.0
317
 2013 04 20 20 10 57.120     2013 04 20 20 11 32.454      35.3
318
319
 2013 04 20 13 13 47.382     2013 04 20 13 15 37.783     110.4
320
 2013 04 20 01 26 34.610     2013 04 20 01 29 30.558     175.9
321
 2013 04 20 05 08 21.966     2013 04 20 05 12 10.115     228.1
322
 2013 04 20 11 00 20.721     2013 04 20 11 03 40.753     200.0
 2013 04 20 19 17 49.673     2013 04 20 19 20 25.573     155.9
323
 2013 04 20 09 59 13.181     2013 04 20 10 01 47.524     154.3
324
 2013 04 20 10 06 53.969     2013 04 20 10 09 53.233     179.3
 2013 04 20 20 10 11.546     2013 04 20 20 13 18.171     186.6
325
 2013 04 20 04 16 35.113     2013 04 20 04 19 42.109     187.0
 2013 04 20 19 45 10.853     2013 04 20 19 45 17.052       6.2
326
 2013 04 20 02 13 57.095     2013 04 20 02 17  2.808     185.7
 2013 04 20 12 19  3.095     2013 04 20 12 19 31.589      28.5
327
 2013 04 20 04 15 31.450     2013 04 20 04 19  7.783     216.3
 2013 04 20 21 17 23.243     2013 04 20 21 21  4.435     221.2
328
329
 2013 04 20 07 25 38.177     2013 04 20 07 28 55.329     197.2
 2013 04 20 22 54 20.254     2013 04 20 22 54 32.528      12.3
330
 2013 04 20 03 52 42.248     2013 04 20 03 54   .740      78.5
 2013 04 20 12 16  8.443     2013 04 20 12 16 22.501      14.1
331
 2013 04 20 07 41   .352     2013 04 20 07 43 58.008     177.7
332
 2013 04 20 04 21 43.342     2013 04 20 04 22 41.949      58.6
 2013 04 20 18 02 45.828     2013 04 20 18 05 38.255     172.4
333
 2013 04 20 08 44 45.226     2013 04 20 08 47 53.917     188.7
 2013 04 20 13 40 19.879     2013 04 20 13 43  4.512     164.6
334
 2013 04 20 00 50  4.461     2013 04 20 00 52 43.932     159.5
 2013 04 20 07 23 47.153     2013 04 20 07 26 39.915     172.8
335
 2013 04 20 00 29 22.192     2013 04 20 00 32 19.759     177.6
336
 2013 04 20 16 22 22.233     2013 04 20 16 25  4.127     161.9
337
338
 2013 04 20 16 17 32.788     2013 04 20 16 20 56.665     203.9
339
 2013 04 20 06 41 58.894     2013 04 20 06 44 42.844     164.0
340
 2013 04 20 03 56 57.491     2013 04 20 03 59 47.100     169.6
341
342
 2013 04 20 05 09 57.930     2013 04 20 05 12 41.546     163.6
 2013 04 20 18 47 57.278     2013 04 20 18 51 18.998     201.7
343
 2013 04 20 09 51 25.730     2013 04 20 09 54 12.654     166.9
344
 2013 04 20 01 04 53.517     2013 04 20 01 08 33.538     220.0
 2013 04 20 18 08 32.695     2013 04 20 18 11 13.763     161.1
345
 2013 04 20 00 32  6.849     2013 04 20 00 32 55.300      48.5
 2013 04 20 12 25  7.806     2013 04 20 12 27 48.085     160.3
346
347
 2013 04 20 23 27 25.804     2013 04 20 23 30 49.016     203.2
348
349
 2013 04 20 02 07  4.299     2013 04 20 02 10 29.880     205.6
 2013 04 20 14 00 29.748     2013 04 20 14 00 46.591      16.8
350
 2013 04 20 22 34 14.646     2013 04 20 22 37 33.659     199.0
351
 2013 04 20 14 39 56.680     2013 04 20 14 43  9.975     193.3
352
 2013 04 20 14 07   .271     2013 04 20 14 08 52.880     112.6
353
354
 2013 04 20 21 52 34.300     2013 04 20 21 53 23.997      49.7
355
 2013 04 20 14 42 11.750     2013 04 20 14 44 47.707     156.0
356
 2013 04 20 03 36 48.710     2013 04 20 03 39 39.178     170.5
 2013 04 20 17 13 54.983     2013 04 20 17 16 52.858     177.9
357
 2013 04 20 09 22 11.192     2013 04 20 09 22 27.882      16.7
 2013 04 20 19 19 37.593     2013 04 20 19 22 57.996     200.4
358
 2013 04 20 09 03 46.711     2013 04 20 09 06 47.668     181.0
359
 2013 04 20 07 47 16.017     2013 04 20 07 50 11.205     175.2
 2013 04 20 17 47 12.415     2013 04 20 17 50 39.811     207.4
360
 2013 04 20 21 40 13.526     2013 04 20 21 43 25.454     191.9
361
 2013 04 20 20 13 53.500     2013 04 20 20 16 28.660     155.2
362
 2013 04 20 05 23 56.750     2013 04 20 05 27  9.603     192.9
 2013 04 20 15 24 40.314     2013 04 20 15 27 39.434     179.1
363
 2013 04 20 03 32 38.887     2013 04 20 03 36  7.881     209.0
364
 2013 04 20 12 38 28.761     2013 04 20 12 41 13.522     164.8
 2013 04 20 19 12 50.424     2013 04 20 19 15 30.244     159.8
365
 2013 04 20 09 24  3.859     2013 04 20 09 27 45.190     221.3
366
 2013 04 20 10 16 48.364     2013 04 20 10 19 45.462     177.1
 2013 04 20 16 52  3.647     2013 04 20 16 54 41.211     157.6
367
 2013 04 20 10 47 36.101     2013 04 20 10 50 29.183     173.1
 2013 04 20 22 37 20.925     2013 04 20 22 41   .107     219.2
368
 2013 04 20 08 21  2.405     2013 04 20 08 23 47.246     164.8
 2013 04 20 21 56 28.135     2013 04 20 21 59 25.006     176.9
369
 2013 04 20 23 15 49.974     2013 04 20 23 19 25.093     215.1
370
 2013 04 20 20 25 23.695     2013 04 20 20 25 40.807      17.1
371
 2013 04 20 08 27 35.123     2013 04 20 08 30 12.957     157.8
 2013 04 20 20 15 51.740     2013 04 20 20 18 47.188     175.4
372
 2013 04 20 03 06 51.860     2013 04 20 03 09 28.596     156.7
 2013 04 20 11 24  1.634     2013 04 20 11 27 21.368     199.7
373
 2013 04 20 07 29 29.591     2013 04 20 07 32 20.375     170.8
374
 2013 04 20 00 47 44.450     2013 04 20 00 48 14.426      30.0
 2013 04 20 07 24 43.394     2013 04 20 07 28 31.894     228.5
375
 2013 04 20 12 34  2.413     2013 04 20 12 36  8.973     126.6
 2013 04 20 20 52 46.177     2013 04 20 20 55 29.869     163.7
376
 2013 04 20 16 17 30.535     2013 04 20 16 20 39.323     188.8
377
 2013 04 20 15 01 21.323     2013 04 20 15 04  8.766     167.4
 2013 04 20 21 34 34.717     2013 04 20 21 37 42.945     188.2
378
 2013 04 20 14 49 27.995     2013 04 20 14 52 34.903     186.9
379
 2013 04 20 04 25  1.211     2013 04 20 04 28   .962     179.8
 2013 04 20 17 59 21.060     2013 04 20 18 02 43.884     202.8
380
 2013 04 20 06 49 47.388     2013 04 20 06 51  5.293      77.9
 2013 04 20 20 19 57.929     2013 04 20 20 20 33.341      35.4
381
 2013 04 20 02 41 26.117     2013 04 20 02 44 27.131     181.0
 2013 04 20 19 43  9.356     2013 04 20 19 44 52.152     102.8
382
 2013 04 20 10 58  1.798     2013 04 20 11 00 48.868     167.1
383
 2013 04 20 08 31 21.879     2013 04 20 08 34 35.002     193.1
 2013 04 20 18 39 19.775     2013 04 20 18 39 45.780      26.0
384
 2013 04 20 04 45   .765     2013 04 20 04 47 36.421     155.7
 2013 04 20 11 19 52.794     2013 04 20 11 23 17.123     204.3
385
 2013 04 20 13 01 25.336     2013 04 20 13 04 28.223     182.9
386
 2013 04 20 12 18 19.946     2013 04 20 12 21 46.962     207.0
387
 2013 04 20 00 34  9.401     2013 04 20 00 37 27.693     198.3
 2013 04 20 12 22  8.719     2013 04 20 12 24 43.084     154.4
388
 2013 04 20 23 26 54.362     2013 04 20 23 30 37.858     223.5
389
390
391
392
 2013 04 20 21 58 30.419     2013 04 20 22 02  8.302     217.9
393
 2013 04 20 00 04 59.499     2013 04 20 00 08 40.421     220.9
 2013 04 20 05 00 53.218     2013 04 20 05 03 29.714     156.5
 2013 04 20 22 05 24.800     2013 04 20 22 05 36.199      11.4
 2013 04 20 23 43 29.949     2013 04 20 23 47  6.342     216.4
394
 2013 04 20 21 00 45.041     2013 04 20 21 03 18.889     153.8
395
396
397
 2013 04 20 10 13  3.891     2013 04 20 10 16 14.843     191.0
 2013 04 20 18 30 26.549     2013 04 20 18 33  2.459     155.9
398
 2013 04 20 08 28 38.714     2013 04 20 08 31 52.980     194.3
 2013 04 20 20 13 43.984     2013 04 20 20 17 20.635     216.7
399
 2013 04 20 05 22 33.159     2013 04 20 05 22 50.518      17.4
 2013 04 20 17 04 36.188     2013 04 20 17 07 27.883     171.7
400
 2013 04 20 02 59 51.053     2013 04 20 03 02 26.005     155.0
401
 2013 04 20 03 39 51.915     2013 04 20 03 43 18.748     206.8
402
 2013 04 20 06 50 58.252     2013 04 20 06 52  6.582      68.3
 2013 04 20 18 43  9.986     2013 04 20 18 45 43.193     153.2
403
 2013 04 20 05 33 44.364     2013 04 20 05 36 59.349     195.0
 2013 04 20 12 08 30.968     2013 04 20 12 11 30.272     179.3
404
 2013 04 20 11 01 24.289     2013 04 20 11 03 59.382     155.1
 2013 04 20 19 16 35.279     2013 04 20 19 19 30.979     175.7
405
 2013 04 20 09 11 56.475     2013 04 20 09 15 39.412     222.9
406
 2013 04 20 09 23 12.858     2013 04 20 09 23 45.648      32.8
 2013 04 20 19 20 21.638     2013 04 20 19 23 56.022     214.4
407
 2013 04 20 05 31 52.938     2013 04 20 05 34 32.869     159.9
 2013 04 20 12 06 40.020     2013 04 20 12 07  7.752      27.7
408
 2013 04 20 13 48  7.982     2013 04 20 13 51 46.466     218.5
409
 2013 04 20 00 38  9.401     2013 04 20 00 41 35.437     206.0
410
 2013 04 20 05 16 12.275     2013 04 20 05 18 55.547     163.3
 2013 04 20 17 07 41.408     2013 04 20 17 11  7.208     205.8
411
 2013 04 20 00 04 49.362     2013 04 20 00 05 32.440      43.1
 2013 04 20 05 01  4.074     2013 04 20 05 03 40.451     156.4
 2013 04 20 22 05 30.127     2013 04 20 22 09  9.795     219.7
412
 2013 04 20 00 02 43.904     2013 04 20 00 06  8.564     204.7
 2013 04 20 06 37 37.556     2013 04 20 06 40 39.350     181.8
 2013 04 20 23 41 15.107     2013 04 20 23 44 33.832     198.7
413
 2013 04 20 01 36  6.681     2013 04 20 01 39 38.432     211.8
 2013 04 20 08 12 15.912     2013 04 20 08 15  1.588     165.7
414
 2013 04 20 07 02  8.984     2013 04 20 07 05 52.831     223.8
415
 2013 04 20 03 27 35.844     2013 04 20 03 27 43.048       7.2
 2013 04 20 05 01 56.584     2013 04 20 05 05 20.798     204.2
 2013 04 20 22 07 12.708     2013 04 20 22 09 48.846     156.1
416
 2013 04 20 14 36 26.343     2013 04 20 14 37   .490      34.1
417
 2013 04 20 03 03 59.662     2013 04 20 03 07  3.028     183.4
418
 2013 04 20 09 30  5.504     2013 04 20 09 32 54.356     168.9
 2013 04 20 16 03 37.248     2013 04 20 16 06 28.456     171.2
419
 2013 04 20 11 48 48.895     2013 04 20 11 51 25.392     156.5
 2013 04 20 20 03 45.189     2013 04 20 20 06 50.834     185.6
420
 2013 04 20 07 02  6.609     2013 04 20 07 05 17.133     190.5
421
 2013 04 20 23 27 11.246     2013 04 20 23 29 59.491     168.2
422
 2013 04 20 00 19 13.772     2013 04 20 00 22 16.685     182.9
 2013 04 20 17 21 29.409     2013 04 20 17 24 53.792     204.4
423
424
 2013 04 20 02 07 11.415     2013 04 20 02 08  9.963      58.5
425
 2013 04 20 01 25  7.046     2013 04 20 01 28 23.828     196.8
426
 2013 04 20 17 44 18.510     2013 04 20 17 46 53.243     154.7
427
428
 2013 04 20 09 14 43.830     2013 04 20 09 17 50.017     186.2
 2013 04 20 21 03 22.892     2013 04 20 21 06 42.776     199.9
429
 2013 04 20 00 47 11.350     2013 04 20 00 49 48.330     157.0
 2013 04 20 09 01 23.825     2013 04 20 09 04 58.216     214.4
430
431
432
 2013 04 20 11 43 15.137     2013 04 20 11 45 58.521     163.4
 2013 04 20 21 43 17.176     2013 04 20 21 45 53.496     156.3
433
434
 2013 04 20 06 08 41.691     2013 04 20 06 11 45.438     183.7
435
 2013 04 20 11 04 24.316     2013 04 20 11 07  2.776     158.5
 2013 04 20 17 38 58.097     2013 04 20 17 41 34.623     156.5
436
 2013 04 20 15 46 12.037     2013 04 20 15 48 48.786     156.7
437
438
 2013 04 20 18 46  5.614     2013 04 20 18 49 36.246     210.6
439
440
 2013 04 20 14 52 38.150     2013 04 20 14 53 19.695      41.5
441
 2013 04 20 06 19 32.972     2013 04 20 06 22 36.169     183.2
 2013 04 20 12 53 59.070     2013 04 20 12 57  1.203     182.1
442
443
 2013 04 20 20 12 48.978     2013 04 20 20 16 31.774     222.8
444
 2013 04 20 21 04 29.397     2013 04 20 21 05 20.912      51.5
445
 2013 04 20 06 07 40.672     2013 04 20 06 10 56.332     195.7
446
 2013 04 20 06 49  2.602     2013 04 20 06 50  2.435      59.8
 2013 04 20 20 21  1.311     2013 04 20 20 23 47.319     166.0
447
 2013 04 20 03 41 43.330     2013 04 20 03 44 22.365     159.0
 2013 04 20 15 35 11.886     2013 04 20 15 36  5.218      53.3
448
 2013 04 20 13 13 11.153     2013 04 20 13 16 39.914     208.8
449
 2013 04 20 09 17 19.706     2013 04 20 09 20 55.532     215.8
450
 2013 04 20 07 28 42.514     2013 04 20 07 31 27.727     165.2
 2013 04 20 22 49 38.067     2013 04 20 22 53 13.560     215.5
451
452
453
 2013 04 20 03 41 32.154     2013 04 20 03 42 11.881      39.7
 2013 04 20 17 10 34.000     2013 04 20 17 10 35.832       1.8
454
 2013 04 20 03 42  1.135     2013 04 20 03 45  2.119     181.0
 2013 04 20 15 31 39.657     2013 04 20 15 35 18.697     219.0
455
 2013 04 20 00 44 12.861     2013 04 20 00 46 50.391     157.5
456
 2013 04 20 12 37  9.962     2013 04 20 12 40 10.627     180.7
 2013 04 20 19 15  9.311     2013 04 20 19 15 45.897      36.6
457
 2013 04 20 01 04 38.229     2013 04 20 01 07 22.448     164.2
 2013 04 20 18 09 27.388     2013 04 20 18 13  7.951     220.6
 2013 04 20 19 47 21.820     2013 04 20 19 51  6.621     224.8
458
 2013 04 20 10 04 23.624     2013 04 20 10 07 54.133     210.5
459
 2013 04 20 18 12 14.689     2013 04 20 18 15 34.307     199.6
 2013 04 20 23 07 58.319     2013 04 20 23 10 40.205     161.9
460
461
 2013 04 20 04 21 15.609     2013 04 20 04 24 13.813     178.2
462
 2013 04 20 07 53 35.420     2013 04 20 07 53 51.380      16.0
 2013 04 20 09 31 30.967     2013 04 20 09 32 16.747      45.8
 2013 04 20 14 27 56.489     2013 04 20 14 30 58.613     182.1
463
 2013 04 20 09 22 12.938     2013 04 20 09 25   .746     167.8
 2013 04 20 19 20 40.404     2013 04 20 19 23 51.772     191.4
464
 2013 04 20 05 53 42.039     2013 04 20 05 56 50.921     188.9
 2013 04 20 21 14 10.878     2013 04 20 21 17  8.926     178.0
465
 2013 04 20 21 46 26.352     2013 04 20 21 46 39.323      13.0
466
 2013 04 20 12 34  2.790     2013 04 20 12 37 28.816     206.0
 2013 04 20 20 52 27.170     2013 04 20 20 55 23.131     176.0
467
 2013 04 20 01 02 27.692     2013 04 20 01 05 52.856     205.2
 2013 04 20 19 45 55.654     2013 04 20 19 48 34.110     158.5
468
 2013 04 20 10 49 22.170     2013 04 20 10 52 53.631     211.5
 2013 04 20 22 37 48.363     2013 04 20 22 38 53.299      64.9
469
 2013 04 20 15 47  6.357     2013 04 20 15 47 44.358      38.0
 2013 04 20 22 23 45.314     2013 04 20 22 26 27.744     162.4
470
 2013 04 20 08 28 56.931     2013 04 20 08 32 17.211     200.3
 2013 04 20 20 13 17.075     2013 04 20 20 13 56.871      39.8
471
 2013 04 20 04 15 47.802     2013 04 20 04 19 30.777     223.0
 2013 04 20 21 17  4.092     2013 04 20 21 17  8.798       4.7
472
 2013 04 20 16 33 42.878     2013 04 20 16 36 53.843     191.0
 2013 04 20 23 08 13.881     2013 04 20 23 11 55.154     221.3
473
 2013 04 20 09 06   .757     2013 04 20 09 08 43.983     163.2
 2013 04 20 22 46 54.305     2013 04 20 22 48 10.772      76.5
474
 2013 04 20 13 17 13.431     2013 04 20 13 20 36.326     202.9
 2013 04 20 23 19 12.770     2013 04 20 23 22   .956     168.2
475
 2013 04 20 10 00 58.958     2013 04 20 10 04 18.004     199.0
 2013 04 20 21 49 41.286     2013 04 20 21 52 35.501     174.2
476
477
 2013 04 20 03 02 26.653     2013 04 20 03 05   .882     154.2
 2013 04 20 13 03 40.219     2013 04 20 13 06 21.442     161.2
478
 2013 04 20 12 24  4.170     2013 04 20 12 24 48.579      44.4
479
 2013 04 20 02 43 51.905     2013 04 20 02 46 33.448     161.5
 2013 04 20 18 05 52.888     2013 04 20 18 08 29.979     157.1
480
 2013 04 20 00 42  9.691     2013 04 20 00 45 19.650     190.0
 2013 04 20 10 40  2.470     2013 04 20 10 43 23.820     201.4
481
 2013 04 20 08 39 30.496     2013 04 20 08 41 22.251     111.8
 2013 04 20 16 55 20.336     2013 04 20 16 55 42.681      22.3
482
 2013 04 20 04 45 11.212     2013 04 20 04 48  3.127     171.9
 2013 04 20 11 20 40.232     2013 04 20 11 23 45.852     185.6
483
 2013 04 20 11 01 59.374     2013 04 20 11 04 39.970     160.6
 2013 04 20 19 15 47.334     2013 04 20 19 19 27.088     219.8
484
 2013 04 20 00 19 21.085     2013 04 20 00 22 23.312     182.2
 2013 04 20 17 21 25.592     2013 04 20 17 25   .308     214.7
485
 2013 04 20 06 51 42.118     2013 04 20 06 54 32.184     170.1
 2013 04 20 18 41  3.361     2013 04 20 18 44  4.650     181.3
486
 2013 04 20 08 41 40.182     2013 04 20 08 44 51.373     191.2
 2013 04 20 15 15 57.240     2013 04 20 15 18 41.753     164.5
487
 2013 04 20 22 27 57.172     2013 04 20 22 30 39.287     162.1
488
 2013 04 20 20 57 50.034     2013 04 20 21 00 46.581     176.5
489
 2013 04 20 00 45 18.617     2013 04 20 00 48 42.505     203.9
 2013 04 20 09 01  7.224     2013 04 20 09 03 56.010     168.8
490
 2013 04 20 05 17 39.827     2013 04 20 05 20 18.491     158.7
 2013 04 20 17 07 18.818     2013 04 20 17 09 52.041     153.2
491
492
 2013 04 20 07 04 59.113     2013 04 20 07 08 26.743     207.6
 2013 04 20 15 18 53.538     2013 04 20 15 22  8.233     194.7
493
 2013 04 20 03 29 16.124     2013 04 20 03 32  5.816     169.7
494
 2013 04 20 00 45  9.552     2013 04 20 00 48  1.403     171.9
 2013 04 20 09 01 28.471     2013 04 20 09 04 37.658     189.2
495
 2013 04 20 10 39 53.432     2013 04 20 10 42 46.128     172.7
496
 2013 04 20 07 48 25.190     2013 04 20 07 51  4.382     159.2
497
 2013 04 20 02 23 21.334     2013 04 20 02 26  1.200     159.9
 2013 04 20 08 58  3.587     2013 04 20 09 01  8.429     184.8
498
 2013 04 20 20 25  5.764     2013 04 20 20 28 16.473     190.7
499
 2013 04 20 12 30  6.345     2013 04 20 12 30 58.058      51.7
 2013 04 20 22 31 46.280     2013 04 20 22 35 13.288     207.0
500
 2013 04 20 04 18 22.897     2013 04 20 04 21 59.770     216.9
 2013 04 20 19 41 43.739     2013 04 20 19 44 34.709     171.0
501
 2013 04 20 01 59 39.767     2013 04 20 02 02 38.477     178.7
 2013 04 20 15 43 32.565     2013 04 20 15 44   .875      28.3
502
 2013 04 20 11 32 54.134     2013 04 20 11 35 39.344     165.2
503
504
 2013 04 20 03 53 36.149     2013 04 20 03 57 13.066     216.9
 2013 04 20 12 09 46.268     2013 04 20 12 13 31.822     225.6
505
 2013 04 20 04 17  9.177     2013 04 20 04 20 42.128     213.0
 2013 04 20 19 41 49.820     2013 04 20 19 44 51.358     181.5
506
 2013 04 20 10 03 22.995     2013 04 20 10 03 26.267       3.3
507
508
 2013 04 20 11 47  6.714     2013 04 20 11 50 11.461     184.7
 2013 04 20 20 04 55.255     2013 04 20 20 07 44.934     169.7
509
510
511
 2013 04 20 13 16 58.789     2013 04 20 13 20 45.820     227.0
 2013 04 20 23 17  4.991     2013 04 20 23 19 50.078     165.1
512
 2013 04 20 13 17 43.846     2013 04 20 13 20 20.440     156.6
 2013 04 20 23 18  7.855     2013 04 20 23 20 43.347     155.5
513
 2013 04 20 05 20 50.714     2013 04 20 05 23 42.940     172.2
514
 2013 04 20 04 13 16.935     2013 04 20 04 16  7.000     170.1
 2013 04 20 21 21 38.469     2013 04 20 21 21 40.259       1.8
 2013 04 20 22 55 35.924     2013 04 20 22 59 17.213     221.3
515
 2013 04 20 03 27 54.465     2013 04 20 03 31 28.550     214.1
 2013 04 20 20 32 40.840     2013 04 20 20 35 34.159     173.3
516
 2013 04 20 08 41 44.156     2013 04 20 08 42 46.088      61.9
 2013 04 20 15 18 13.490     2013 04 20 15 20 51.722     158.2
517
 2013 04 20 09 30 25.524     2013 04 20 09 33 20.625     175.1
 2013 04 20 14 25  2.774     2013 04 20 14 26 22.978      80.2
 2013 04 20 16 03 19.882     2013 04 20 16 06 38.575     198.7
518
 2013 04 20 00 02 37.525     2013 04 20 00 05 45.386     187.9
 2013 04 20 01 40 11.310     2013 04 20 01 40 42.855      31.5
 2013 04 20 05 01 13.173     2013 04 20 05 01 21.974       8.8
 2013 04 20 06 35 49.742     2013 04 20 06 38 50.561     180.8
 2013 04 20 23 41  3.922     2013 04 20 23 44 17.220     193.3
519
 2013 04 20 00 00  4.454     2013 04 20 00 02 42.131     157.7
 2013 04 20 08 14 11.145     2013 04 20 08 15 28.836      77.7
 2013 04 20 23 38 33.808     2013 04 20 23 41  9.829     156.0
520
521
 2013 04 20 08 21 38.749     2013 04 20 08 22  6.520      27.8
522
523
524
525
 2013 04 20 06 16 28.750     2013 04 20 06 19 43.438     194.7
 2013 04 20 14 32 13.725     2013 04 20 14 34 57.154     163.4
526
 2013 04 20 21 59 57.026     2013 04 20 22 02 46.577     169.6
527
 2013 04 20 13 07 12.116     2013 04 20 13 09 46.031     153.9
528
 2013 04 20 17 17  7.219     2013 04 20 17 20   .024     172.8
529
530
531
 2013 04 20 06 12 33.635     2013 04 20 06 15 38.425     184.8
 2013 04 20 16 12 47.255     2013 04 20 16 16 15.442     208.2
532
 2013 04 20 03 50 58.799     2013 04 20 03 53 36.063     157.3
 2013 04 20 13 50 29.568     2013 04 20 13 53 42.757     193.2
533
 2013 04 20 10 14  6.170     2013 04 20 10 17   .517     174.3
 2013 04 20 18 29 42.927     2013 04 20 18 32 57.053     194.1
534
 2013 04 20 04 45 19.053     2013 04 20 04 47 59.774     160.7
 2013 04 20 11 19 54.372     2013 04 20 11 22 50.389     176.0
535
 2013 04 20 17 40 32.866     2013 04 20 17 43 10.693     157.8
536
537
 2013 04 20 13 05 59.393     2013 04 20 13 08 38.580     159.2
538
539
 2013 04 20 15 49  2.645     2013 04 20 15 49 51.397      48.8
 2013 04 20 20 48 51.657     2013 04 20 20 49 25.651      34.0
540
 2013 04 20 09 10 25.493     2013 04 20 09 11 31.057      65.6
541
 2013 04 20 07 39 32.839     2013 04 20 07 42 21.370     168.5
 2013 04 20 19 29 17.870     2013 04 20 19 31 54.113     156.2
542
 2013 04 20 07 05  3.268     2013 04 20 07 08 49.830     226.6
 2013 04 20 15 20 38.859     2013 04 20 15 20 47.672       8.8
543
 2013 04 20 03 37 43.748     2013 04 20 03 40 24.597     160.8
 2013 04 20 17 12 55.389     2013 04 20 17 14 14.172      78.8
544
 2013 04 20 03 33  1.239     2013 04 20 03 35 46.297     165.1
545
 2013 04 20 16 33 51.266     2013 04 20 16 36 36.308     165.0
 2013 04 20 23 08 32.602     2013 04 20 23 09 46.497      73.9
546
 2013 04 20 08 39 24.051     2013 04 20 08 42 42.830     198.8
 2013 04 20 16 55 23.172     2013 04 20 16 58 48.149     205.0
547
 2013 04 20 08 41 49.304     2013 04 20 08 45 23.426     214.1
 2013 04 20 15 17 55.323     2013 04 20 15 20 35.968     160.6
548
 2013 04 20 16 34 44.480     2013 04 20 16 38  3.717     199.2
 2013 04 20 23 10 35.326     2013 04 20 23 13 17.176     161.8
549
 2013 04 20 14 55 55.537     2013 04 20 14 59 32.336     216.8
 2013 04 20 23 14 28.065     2013 04 20 23 17 16.932     168.9
550
 2013 04 20 04 00 45.700     2013 04 20 04 03 55.929     190.2
 2013 04 20 08 56 24.596     2013 04 20 08 59 21.944     177.3
551
 2013 04 20 07 35 43.089     2013 04 20 07 38 57.788     194.7
552
 2013 04 20 02 21 15.073     2013 04 20 02 24  3.750     168.7
 2013 04 20 10 36 48.163     2013 04 20 10 39 57.322     189.2
553
 2013 04 20 00 46 45.784     2013 04 20 00 49 35.078     169.3
 2013 04 20 09 01 17.838     2013 04 20 09 04 21.025     183.2
554
 2013 04 20 11 30 44.874     2013 04 20 11 34 24.481     219.6
555
556
 2013 04 20 20 53 40.085     2013 04 20 20 57 11.719     211.6
557
 2013 04 20 09 08 51.440     2013 04 20 09 11 58.786     187.3
 2013 04 20 22 42 47.573     2013 04 20 22 46 21.013     213.4
558
559
560
 2013 04 20 02 54 12.482     2013 04 20 02 57 22.915     190.4
561
 2013 04 20 17 45 31.383     2013 04 20 17 48 13.348     162.0
562
 2013 04 20 15 33 53.093     2013 04 20 15 37 19.620     206.5
563
 2013 04 20 00 37 43.411     2013 04 20 00 38 49.772      66.4
 2013 04 20 12 21  8.614     2013 04 20 12 23 55.763     167.1
564
565
 2013 04 20 03 54 15.797     2013 04 20 03 55 15.603      59.8
 2013 04 20 13 48 25.401     2013 04 20 13 51 57.097     211.7
566
567
 2013 04 20 02 51 54.006     2013 04 20 02 55 26.638     212.6
568
 2013 04 20 09 24 21.130     2013 04 20 09 27 52.687     211.6
 2013 04 20 17 43  9.582     2013 04 20 17 46 43.041     213.5
569
 2013 04 20 15 35 14.136     2013 04 20 15 38 47.103     213.0
570
571
572
 2013 04 20 00 21 51.355     2013 04 20 00 25 28.485     217.1
 2013 04 20 15 45 22.597     2013 04 20 15 48  8.705     166.1
573
 2013 04 20 04 15  4.250     2013 04 20 04 18  5.673     181.4
 2013 04 20 21 19 36.313     2013 04 20 21 22 16.362     160.0
574
 2013 04 20 02 23 56.843     2013 04 20 02 26 41.017     164.2
 2013 04 20 08 58 13.926     2013 04 20 09 00 51.631     157.7
575
 2013 04 20 14 09 48.761     2013 04 20 14 10 14.755      26.0
 2013 04 20 22 26 59.611     2013 04 20 22 30 15.067     195.5
576
 2013 04 20 06 56 51.869     2013 04 20 06 57  6.679      14.8
577
578
 2013 04 20 14 01 56.609     2013 04 20 14 05  1.888     185.3
579
 2013 04 20 00 16 19.385     2013 04 20 00 19 39.874     200.5
 2013 04 20 18 58 41.799     2013 04 20 19 02 18.254     216.5
580
 2013 04 20 15 01 40.328     2013 04 20 15 05 13.822     213.5
 2013 04 20 21 35 48.561     2013 04 20 21 39 40.485     231.9
581
 2013 04 20 00 25 33.526     2013 04 20 00 28 49.188     195.7
 2013 04 20 14 05 49.034     2013 04 20 14 08 56.538     187.5
582
 2013 04 20 01 25 26.464     2013 04 20 01 25 50.610      24.1
 2013 04 20 13 08 36.143     2013 04 20 13 11 10.922     154.8
583
 2013 04 20 05 04 39.489     2013 04 20 05 08 24.860     225.4
 2013 04 20 20 26 40.802     2013 04 20 20 29 48.143     187.3
584
 2013 04 20 03 44 53.094     2013 04 20 03 47 47.629     174.5
585
 2013 04 20 13 19 20.646     2013 04 20 13 22 26.815     186.2
 2013 04 20 23 15 59.690     2013 04 20 23 16  9.007       9.3
586
 2013 04 20 04 45 39.272     2013 04 20 04 48 27.929     168.7
 2013 04 20 11 20 51.914     2013 04 20 11 23 33.269     161.4
587
 2013 04 20 01 06  1.018     2013 04 20 01 08 43.530     162.5
 2013 04 20 18 09 27.064     2013 04 20 18 12  8.216     161.2
588
 2013 04 20 17 40 22.584     2013 04 20 17 43  2.550     160.0
589
 2013 04 20 17 01 49.514     2013 04 20 17 04 51.508     182.0
590
 2013 04 20 09 47 18.442     2013 04 20 09 50  6.820     168.4
591
 2013 04 20 07 03 30.584     2013 04 20 07 06 19.921     169.3
 2013 04 20 15 19 49.738     2013 04 20 15 22 55.074     185.3
592
593
 2013 04 20 19 38 17.336     2013 04 20 19 41 32.160     194.8
594
595
 2013 04 20 00 00   .000     2013 04 20 00 00 51.738      51.7
 2013 04 20 08 15 19.476     2013 04 20 08 16 37.273      77.8
 2013 04 20 23 37 47.649     2013 04 20 23 41 30.503     222.9
596
 2013 04 20 19 38   .867     2013 04 20 19 40 42.079     161.2
597
 2013 04 20 09 54 44.315     2013 04 20 09 58 22.679     218.4
 2013 04 20 23 30 43.143     2013 04 20 23 33 16.571     153.4
598
 2013 04 20 08 39 39.898     2013 04 20 08 43 23.422     223.5
 2013 04 20 16 53  6.206     2013 04 20 16 56 37.957     211.8
599
 2013 04 20 03 47  9.273     2013 04 20 03 49 52.896     163.6
