0 47.2001 20.5729 9 18 7
2  45.0 45.0 0.00
1 33.6069 -134.6237 4 18 9
2  45.0 45.0 0.00
2 -6.6378 85.6040 5 25 5
2  45.0 45.0 0.00
3 2.9842 77.4266 6 25 7
2  45.0 45.0 0.00
4 -4.7964 38.8571 8 28 7
2  45.0 45.0 0.00
5 52.8510 -90.5573 7 25 5
2  45.0 45.0 0.00
6 -10.9713 21.4208 1 17 7
2  45.0 45.0 0.00
7 -16.9375 -154.9711 4 28 7
2  45.0 45.0 0.00
8 1.3198 -32.2137 2 18 9
2  45.0 45.0 0.00
9 -3.4957 114.3224 4 27 9
2  45.0 45.0 0.00
10 21.5298 66.0193 6 18 7
2  45.0 45.0 0.00
11 -17.2411 68.4341 4 25 9
2  45.0 45.0 0.00
12 7.2710 -22.7687 4 17 9
2  45.0 45.0 0.00
13 40.0550 25.4059 1 19 9
2  45.0 45.0 0.00
14 -4.3854 123.7165 3 17 6
2  45.0 45.0 0.00
15 -48.3112 -39.6358 3 28 5
2  45.0 45.0 0.00
16 -33.8106 -22.3269 2 27 7
2  45.0 45.0 0.00
17 22.5897 -50.9732 4 25 5
2  45.0 45.0 0.00
18 15.9125 -56.2337 1 15 5
2  45.0 45.0 0.00
19 -44.9761 -86.0072 7 19 9
2  45.0 45.0 0.00
20 42.0237 12.1066 5 29 8
2  45.0 45.0 0.00
21 38.1021 0.4082 2 28 6
2  45.0 45.0 0.00
22 47.4294 103.6610 4 23 8
2  45.0 45.0 0.00
23 -39.1550 46.6348 2 25 7
2  45.0 45.0 0.00
24 2.0637 140.9442 3 18 8
2  45.0 45.0 0.00
25 -40.8277 116.2430 6 15 8
2  45.0 45.0 0.00
26 30.0131 -149.3182 2 29 8
2  45.0 45.0 0.00
27 15.6246 -21.5855 3 17 6
2  45.0 45.0 0.00
28 -30.5305 -4.5344 6 21 8
2  45.0 45.0 0.00
29 38.3901 98.5492 1 20 9
2  45.0 45.0 0.00
30 -5.7075 32.3540 5 26 8
2  45.0 45.0 0.00
31 -52.4765 -78.2115 10 18 5
2  45.0 45.0 0.00
32 -49.1250 -21.0291 1 17 5
2  45.0 45.0 0.00
33 38.3953 123.3724 6 28 6
2  45.0 45.0 0.00
34 20.2007 -14.8428 6 19 5
2  45.0 45.0 0.00
35 -49.6011 -17.7436 1 23 8
2  45.0 45.0 0.00
36 -16.8450 -13.9571 8 16 6
2  45.0 45.0 0.00
37 -32.5134 -63.4537 8 19 8
2  45.0 45.0 0.00
38 -14.3464 -95.8394 3 16 6
2  45.0 45.0 0.00
39 28.6614 -62.8548 5 20 5
2  45.0 45.0 0.00
40 -50.9362 144.9647 3 29 7
2  45.0 45.0 0.00
41 51.6629 -80.4265 8 25 7
2  45.0 45.0 0.00
42 5.7480 83.8709 10 22 6
2  45.0 45.0 0.00
43 7.9846 -63.7294 7 29 6
2  45.0 45.0 0.00
44 4.0789 21.4065 4 16 5
2  45.0 45.0 0.00
45 -4.5799 -61.5890 2 29 7
2  45.0 45.0 0.00
46 21.9061 -153.3691 4 20 7
2  45.0 45.0 0.00
47 -6.5291 -13.1249 8 25 7
2  45.0 45.0 0.00
48 44.1678 34.0978 8 25 9
2  45.0 45.0 0.00
49 13.9583 88.4862 8 27 8
2  45.0 45.0 0.00
50 -5.5738 -42.5056 9 15 8
2  45.0 45.0 0.00
51 -4.2393 105.6089 7 28 6
2  45.0 45.0 0.00
52 16.7975 -66.3054 4 17 6
2  45.0 45.0 0.00
53 -2.0933 -59.2120 2 29 7
2  45.0 45.0 0.00
54 -41.1508 39.9355 3 22 7
2  45.0 45.0 0.00
55 47.0390 127.9131 5 18 6
2  45.0 45.0 0.00
56 22.3658 2.3904 6 19 8
2  45.0 45.0 0.00
57 -18.5784 -168.0279 9 24 9
2  45.0 45.0 0.00
58 15.3750 14.2763 3 22 5
2  45.0 45.0 0.00
59 10.6910 -27.3632 1 21 8
2  45.0 45.0 0.00
60 -21.6071 95.3651 3 18 7
2  45.0 45.0 0.00
61 35.6674 128.5485 8 21 6
2  45.0 45.0 0.00
62 11.0975 14.6211 8 23 8
2  45.0 45.0 0.00
63 -36.9064 -164.4490 7 22 7
2  45.0 45.0 0.00
64 -5.6185 84.5516 9 17 6
2  45.0 45.0 0.00
65 7.6456 -131.1299 6 21 7
2  45.0 45.0 0.00
66 2.0959 -29.6177 9 23 5
2  45.0 45.0 0.00
67 47.2861 -79.9013 3 27 9
2  45.0 45.0 0.00
68 -3.4288 31.6435 1 18 5
2  45.0 45.0 0.00
69 -41.9301 163.3045 7 26 7
2  45.0 45.0 0.00
70 6.1121 148.5814 10 15 8
2  45.0 45.0 0.00
71 6.4972 42.6241 9 28 9
2  45.0 45.0 0.00
72 21.2778 -33.2116 3 28 7
2  45.0 45.0 0.00
73 -33.1818 160.5387 3 22 7
2  45.0 45.0 0.00
74 39.6201 -96.1975 7 24 6
2  45.0 45.0 0.00
75 38.0643 -2.8230 5 15 8
2  45.0 45.0 0.00
76 12.5615 -50.6154 5 15 7
2  45.0 45.0 0.00
77 11.3469 -42.6256 3 27 6
2  45.0 45.0 0.00
78 -18.2643 -39.8585 7 28 8
2  45.0 45.0 0.00
79 -46.6498 56.0565 4 25 9
2  45.0 45.0 0.00
80 -36.1998 -18.0917 5 19 8
2  45.0 45.0 0.00
81 -18.5630 -81.4077 1 24 6
2  45.0 45.0 0.00
82 -45.6716 27.8449 10 17 7
2  45.0 45.0 0.00
83 -16.8187 -35.3456 6 20 6
2  45.0 45.0 0.00
84 32.3691 -131.1969 7 18 8
2  45.0 45.0 0.00
85 -1.6438 -70.6742 4 29 5
2  45.0 45.0 0.00
86 -31.4413 96.9886 4 17 6
2  45.0 45.0 0.00
87 -35.1115 -165.5937 4 18 7
2  45.0 45.0 0.00
88 -17.6830 78.5840 10 21 6
2  45.0 45.0 0.00
89 26.5369 -111.1858 7 22 5
2  45.0 45.0 0.00
90 16.7575 -69.7200 10 22 6
2  45.0 45.0 0.00
91 -50.5696 -101.0452 7 23 6
2  45.0 45.0 0.00
92 -50.7534 -74.7034 6 24 5
2  45.0 45.0 0.00
93 -21.2294 -24.2727 8 29 5
2  45.0 45.0 0.00
94 -21.0606 -124.8186 5 27 6
2  45.0 45.0 0.00
95 -43.7695 73.2105 3 28 5
2  45.0 45.0 0.00
96 -21.9057 100.5935 7 28 5
2  45.0 45.0 0.00
97 42.0874 -76.9308 7 27 7
2  45.0 45.0 0.00
98 47.6407 -1.0714 3 27 9
2  45.0 45.0 0.00
99 -48.6870 -144.0299 10 21 7
2  45.0 45.0 0.00
100 -19.3161 -100.2810 4 21 8
2  45.0 45.0 0.00
101 0.5097 -6.0582 7 17 5
2  45.0 45.0 0.00
102 -19.1261 -67.4141 6 20 8
2  45.0 45.0 0.00
103 -27.3726 -46.0170 3 23 6
2  45.0 45.0 0.00
104 -51.5775 29.5081 9 20 8
2  45.0 45.0 0.00
105 32.2549 -70.6259 5 28 6
2  45.0 45.0 0.00
106 51.6393 -70.8758 3 19 9
2  45.0 45.0 0.00
107 -45.3786 -56.8649 3 19 6
2  45.0 45.0 0.00
108 -9.1288 -148.5426 2 27 5
2  45.0 45.0 0.00
109 14.4904 -137.1665 10 15 8
2  45.0 45.0 0.00
110 17.8624 14.3715 7 15 8
2  45.0 45.0 0.00
111 24.9954 116.3913 3 24 5
2  45.0 45.0 0.00
112 -31.6949 41.0870 9 27 8
2  45.0 45.0 0.00
113 -51.2571 174.1619 6 22 7
2  45.0 45.0 0.00
114 42.3709 -149.3062 3 17 5
2  45.0 45.0 0.00
115 45.1600 92.3682 5 20 9
2  45.0 45.0 0.00
116 19.6428 -91.6370 9 17 8
2  45.0 45.0 0.00
117 -5.5923 -91.1803 6 24 7
2  45.0 45.0 0.00
118 -26.6494 70.7345 6 16 7
2  45.0 45.0 0.00
119 31.7734 -94.1786 10 15 7
2  45.0 45.0 0.00
120 16.2094 33.9036 10 23 7
2  45.0 45.0 0.00
121 8.8248 -52.8996 8 28 6
2  45.0 45.0 0.00
122 50.7981 -26.2848 4 27 6
2  45.0 45.0 0.00
123 48.2871 -28.6362 2 17 6
2  45.0 45.0 0.00
124 28.5905 -42.0185 2 29 9
2  45.0 45.0 0.00
125 -31.4565 163.2700 10 25 5
2  45.0 45.0 0.00
126 19.8904 82.1368 7 29 9
2  45.0 45.0 0.00
127 -43.3399 67.6763 2 25 9
2  45.0 45.0 0.00
128 -43.0163 -53.6967 10 19 5
2  45.0 45.0 0.00
129 34.0901 132.2190 6 27 6
2  45.0 45.0 0.00
130 -12.7949 -163.1339 1 26 6
2  45.0 45.0 0.00
131 -24.4184 44.7522 2 24 7
2  45.0 45.0 0.00
132 13.7508 57.0137 6 25 8
2  45.0 45.0 0.00
133 -26.3867 -18.0465 7 29 5
2  45.0 45.0 0.00
134 -24.6398 70.3048 2 19 6
2  45.0 45.0 0.00
135 -8.5989 -152.6600 1 26 6
2  45.0 45.0 0.00
136 -17.3876 -131.2347 2 20 5
2  45.0 45.0 0.00
137 14.9243 157.3075 3 25 8
2  45.0 45.0 0.00
138 -3.5170 -152.2678 10 18 6
2  45.0 45.0 0.00
139 -6.8037 47.9386 4 24 7
2  45.0 45.0 0.00
140 -13.5962 142.3352 4 25 5
2  45.0 45.0 0.00
141 19.5043 79.1972 8 22 6
2  45.0 45.0 0.00
142 -32.4685 121.3666 8 18 6
2  45.0 45.0 0.00
143 -0.6078 -86.3202 3 23 7
2  45.0 45.0 0.00
144 -19.7050 92.3763 1 19 6
2  45.0 45.0 0.00
145 -32.8054 -7.0651 7 15 9
2  45.0 45.0 0.00
146 30.2859 -26.5576 7 19 5
2  45.0 45.0 0.00
147 -6.2974 -20.7154 8 18 6
2  45.0 45.0 0.00
148 44.6051 -33.6549 6 21 9
2  45.0 45.0 0.00
149 13.7473 121.4706 8 27 5
2  45.0 45.0 0.00
150 -34.3872 -155.9175 9 18 7
2  45.0 45.0 0.00
151 12.2041 32.9295 1 22 7
2  45.0 45.0 0.00
152 -31.4154 60.5876 6 24 8
2  45.0 45.0 0.00
153 28.3512 17.2862 10 17 8
2  45.0 45.0 0.00
154 -47.5083 -160.5250 9 17 9
2  45.0 45.0 0.00
155 43.2045 -69.8396 2 21 7
2  45.0 45.0 0.00
156 -15.5718 50.0570 1 15 5
2  45.0 45.0 0.00
157 23.1950 -115.9605 5 27 5
2  45.0 45.0 0.00
158 37.0067 164.0019 2 24 9
2  45.0 45.0 0.00
159 -26.2346 104.4153 4 27 9
2  45.0 45.0 0.00
160 -44.3425 52.2164 10 18 6
2  45.0 45.0 0.00
161 -40.1215 141.4098 9 21 6
2  45.0 45.0 0.00
162 -20.2320 -113.3552 2 15 7
2  45.0 45.0 0.00
163 6.8456 49.7579 3 23 6
2  45.0 45.0 0.00
164 9.4951 76.7365 3 17 7
2  45.0 45.0 0.00
165 -42.7977 -35.1692 10 20 7
2  45.0 45.0 0.00
166 -40.5400 -2.6240 9 22 7
2  45.0 45.0 0.00
167 22.0534 -33.7022 10 27 6
2  45.0 45.0 0.00
168 34.5576 93.1229 4 22 9
2  45.0 45.0 0.00
169 17.3835 161.8210 9 16 8
2  45.0 45.0 0.00
170 12.1144 -95.3806 9 24 8
2  45.0 45.0 0.00
171 -13.9372 -3.6284 4 26 6
2  45.0 45.0 0.00
172 23.2339 15.1804 8 29 7
2  45.0 45.0 0.00
173 33.5406 68.9813 10 22 8
2  45.0 45.0 0.00
174 -36.2310 114.0413 6 19 9
2  45.0 45.0 0.00
175 35.0756 -104.5680 5 18 8
2  45.0 45.0 0.00
176 -37.4450 -73.1320 3 26 8
2  45.0 45.0 0.00
177 40.5443 139.3063 3 27 5
2  45.0 45.0 0.00
178 -29.8782 47.7320 6 23 7
2  45.0 45.0 0.00
179 -22.9121 107.9906 6 15 9
2  45.0 45.0 0.00
180 50.0723 -12.0671 1 22 5
2  45.0 45.0 0.00
181 31.5356 158.7101 7 25 6
2  45.0 45.0 0.00
182 -36.1477 -82.9293 6 17 9
2  45.0 45.0 0.00
183 -8.2328 107.7689 6 19 6
2  45.0 45.0 0.00
184 45.5226 124.2151 2 19 5
2  45.0 45.0 0.00
185 2.7146 -93.5460 3 26 6
2  45.0 45.0 0.00
186 -49.7216 -120.0114 2 19 7
2  45.0 45.0 0.00
187 19.1081 112.1101 4 24 5
2  45.0 45.0 0.00
188 46.8130 -115.0272 5 24 8
2  45.0 45.0 0.00
189 47.5398 -8.2785 4 24 9
2  45.0 45.0 0.00
190 -1.6441 -0.8105 2 27 9
2  45.0 45.0 0.00
191 -39.5021 -130.2242 1 21 9
2  45.0 45.0 0.00
192 6.0797 -106.9112 2 20 5
2  45.0 45.0 0.00
193 52.1890 179.7653 6 23 8
2  45.0 45.0 0.00
194 11.7570 -123.5518 9 19 8
2  45.0 45.0 0.00
195 26.3917 -106.0127 2 25 8
2  45.0 45.0 0.00
196 -47.8479 39.0506 4 26 5
2  45.0 45.0 0.00
197 3.5170 -61.8347 7 21 7
2  45.0 45.0 0.00
198 4.4519 -40.2535 3 27 9
2  45.0 45.0 0.00
199 25.2924 102.3046 10 23 5
2  45.0 45.0 0.00
200 47.6089 149.5399 5 15 5
2  45.0 45.0 0.00
201 -18.2649 -105.7823 6 16 8
2  45.0 45.0 0.00
202 44.7127 -26.0869 4 26 7
2  45.0 45.0 0.00
203 47.5815 -13.0144 1 18 6
2  45.0 45.0 0.00
204 17.3958 27.6044 10 15 7
2  45.0 45.0 0.00
205 -29.3906 -62.9821 4 21 9
2  45.0 45.0 0.00
206 49.2687 42.1247 5 23 6
2  45.0 45.0 0.00
207 -38.8791 33.9429 4 24 7
2  45.0 45.0 0.00
208 -18.3359 -95.1764 4 26 5
2  45.0 45.0 0.00
209 -40.8670 46.2010 3 20 9
2  45.0 45.0 0.00
210 -23.8756 11.2703 10 18 5
2  45.0 45.0 0.00
211 -13.5190 127.0656 8 23 8
2  45.0 45.0 0.00
212 -52.7202 109.7929 4 18 6
2  45.0 45.0 0.00
213 -20.6907 118.0420 4 22 5
2  45.0 45.0 0.00
214 -15.4128 124.5255 10 24 5
2  45.0 45.0 0.00
215 -7.5800 122.7245 7 28 5
2  45.0 45.0 0.00
216 10.0058 166.7336 3 23 9
2  45.0 45.0 0.00
217 -7.0498 -33.1299 2 21 7
2  45.0 45.0 0.00
218 -23.2928 179.0843 1 27 6
2  45.0 45.0 0.00
219 2.3361 175.4728 4 22 8
2  45.0 45.0 0.00
220 -22.6238 -134.8573 10 19 9
2  45.0 45.0 0.00
221 -7.5414 131.7679 6 17 7
2  45.0 45.0 0.00
222 3.3454 159.8094 4 21 7
2  45.0 45.0 0.00
223 -48.8140 -99.8696 8 20 5
2  45.0 45.0 0.00
224 42.0643 -48.1953 10 29 5
2  45.0 45.0 0.00
225 -15.1432 -175.0466 7 21 8
2  45.0 45.0 0.00
226 -6.2470 -46.8391 2 17 5
2  45.0 45.0 0.00
227 -3.2862 64.5415 10 25 6
2  45.0 45.0 0.00
228 7.1519 -95.5655 8 29 6
2  45.0 45.0 0.00
229 -17.3479 14.2829 5 19 7
2  45.0 45.0 0.00
230 -21.2578 47.2197 4 20 9
2  45.0 45.0 0.00
231 44.5670 -130.6787 1 18 6
2  45.0 45.0 0.00
232 -8.9999 -16.1218 3 22 6
2  45.0 45.0 0.00
233 -35.8631 110.6099 9 19 8
2  45.0 45.0 0.00
234 -14.8178 7.4033 3 15 6
2  45.0 45.0 0.00
235 17.2030 -37.4299 4 26 7
2  45.0 45.0 0.00
236 33.6513 88.7202 4 28 6
2  45.0 45.0 0.00
237 32.8494 -174.1379 9 19 5
2  45.0 45.0 0.00
238 -17.8086 -16.5259 1 22 5
2  45.0 45.0 0.00
239 -41.1011 91.9793 4 24 6
2  45.0 45.0 0.00
240 3.0837 -90.9232 4 24 6
2  45.0 45.0 0.00
241 29.5623 24.8259 10 29 7
2  45.0 45.0 0.00
242 2.5880 -54.2572 5 24 9
2  45.0 45.0 0.00
243 17.8769 21.6640 5 16 7
2  45.0 45.0 0.00
244 -37.5891 -1.6369 1 18 8
2  45.0 45.0 0.00
245 43.0481 -165.3231 10 15 5
2  45.0 45.0 0.00
246 43.1202 105.6413 3 21 6
2  45.0 45.0 0.00
247 7.4231 -140.5583 8 24 7
2  45.0 45.0 0.00
248 -27.4604 -157.8361 1 28 8
2  45.0 45.0 0.00
249 51.1671 107.9260 5 23 8
2  45.0 45.0 0.00
250 5.5201 60.8825 7 15 6
2  45.0 45.0 0.00
251 -49.4344 -164.1364 2 15 6
2  45.0 45.0 0.00
252 25.2408 21.6231 1 27 5
2  45.0 45.0 0.00
253 24.4825 140.1972 6 21 5
2  45.0 45.0 0.00
254 6.2635 148.0275 9 24 7
2  45.0 45.0 0.00
255 -44.1151 46.2543 9 22 5
2  45.0 45.0 0.00
256 -41.7301 -13.9005 10 20 7
2  45.0 45.0 0.00
257 -27.8063 84.1250 8 17 5
2  45.0 45.0 0.00
258 2.7522 -147.9071 8 20 7
2  45.0 45.0 0.00
259 19.1728 -107.1635 4 25 5
2  45.0 45.0 0.00
260 -43.1132 -39.5077 8 22 8
2  45.0 45.0 0.00
261 14.9342 -167.8027 1 23 7
2  45.0 45.0 0.00
262 -10.0537 5.4665 1 28 6
2  45.0 45.0 0.00
263 -23.6663 -114.7697 10 20 7
2  45.0 45.0 0.00
264 52.7124 70.0386 3 20 6
2  45.0 45.0 0.00
265 -3.1861 25.3886 4 18 5
2  45.0 45.0 0.00
266 40.4386 157.8806 2 20 6
2  45.0 45.0 0.00
267 22.9027 176.2920 9 24 6
2  45.0 45.0 0.00
268 -31.3977 -118.4719 1 26 9
2  45.0 45.0 0.00
269 -51.8574 -109.5613 4 29 7
2  45.0 45.0 0.00
270 -0.0339 109.3639 1 18 9
2  45.0 45.0 0.00
271 -10.7356 -163.8926 8 16 7
2  45.0 45.0 0.00
272 -45.5413 113.1783 7 20 6
2  45.0 45.0 0.00
273 -3.5408 -124.8457 3 22 7
2  45.0 45.0 0.00
274 -22.5745 28.4774 3 15 6
2  45.0 45.0 0.00
275 34.5958 159.3595 1 20 9
2  45.0 45.0 0.00
276 -23.9264 29.9424 4 25 5
2  45.0 45.0 0.00
277 -44.7630 75.5862 7 21 8
2  45.0 45.0 0.00
278 18.1600 131.9851 5 17 8
2  45.0 45.0 0.00
279 -11.7224 107.0813 1 21 8
2  45.0 45.0 0.00
280 37.9027 61.3922 9 22 6
2  45.0 45.0 0.00
281 44.5811 104.5025 8 27 9
2  45.0 45.0 0.00
282 -4.6582 59.8803 10 16 5
2  45.0 45.0 0.00
283 -1.3577 -150.6452 4 18 8
2  45.0 45.0 0.00
284 27.2033 67.7598 2 28 5
2  45.0 45.0 0.00
285 -8.4368 -26.4591 6 18 6
2  45.0 45.0 0.00
286 -49.9337 -2.6327 7 24 5
2  45.0 45.0 0.00
287 10.9971 -148.5378 5 21 7
2  45.0 45.0 0.00
288 -22.5332 132.4353 8 24 8
2  45.0 45.0 0.00
289 -52.4714 85.7650 1 15 7
2  45.0 45.0 0.00
290 -20.3658 29.6390 6 26 8
2  45.0 45.0 0.00
291 -35.0488 90.8896 2 22 8
2  45.0 45.0 0.00
292 -0.6282 20.1880 4 21 5
2  45.0 45.0 0.00
293 49.1170 -165.7412 10 15 8
2  45.0 45.0 0.00
294 -10.6216 44.0395 8 27 9
2  45.0 45.0 0.00
295 41.2085 -160.5184 9 18 5
2  45.0 45.0 0.00
296 19.3102 -33.5220 6 26 9
2  45.0 45.0 0.00
297 -5.6607 73.1543 4 15 9
2  45.0 45.0 0.00
298 37.2351 43.2603 3 25 5
2  45.0 45.0 0.00
299 24.5225 -33.1767 3 22 8
2  45.0 45.0 0.00
300 49.3301 78.1925 1 20 8
2  45.0 45.0 0.00
301 19.6670 101.3876 2 27 8
2  45.0 45.0 0.00
302 -40.7850 2.3626 3 21 5
2  45.0 45.0 0.00
303 -43.7578 97.0969 7 23 8
2  45.0 45.0 0.00
304 -25.4229 -170.3351 5 15 6
2  45.0 45.0 0.00
305 29.6406 142.2200 9 25 8
2  45.0 45.0 0.00
306 -2.0229 26.7063 2 22 9
2  45.0 45.0 0.00
307 49.2869 -157.9279 6 15 8
2  45.0 45.0 0.00
308 17.4862 127.2203 7 18 8
2  45.0 45.0 0.00
309 -16.4605 -117.1708 2 22 7
2  45.0 45.0 0.00
310 48.9329 112.5346 2 25 6
2  45.0 45.0 0.00
311 46.4844 62.2172 8 29 9
2  45.0 45.0 0.00
312 30.7911 -154.1396 4 17 8
2  45.0 45.0 0.00
313 4.3514 -170.3436 8 22 8
2  45.0 45.0 0.00
314 -50.2568 73.2540 7 27 5
2  45.0 45.0 0.00
315 -9.8821 99.9931 8 19 6
2  45.0 45.0 0.00
316 11.1409 -49.3205 6 18 7
2  45.0 45.0 0.00
317 17.8419 136.6537 2 17 5
2  45.0 45.0 0.00
318 -22.0327 -143.9271 7 18 7
2  45.0 45.0 0.00
319 9.8718 77.9315 9 24 9
2  45.0 45.0 0.00
320 -19.3038 74.4736 7 28 8
2  45.0 45.0 0.00
321 -25.6364 167.2803 2 23 7
2  45.0 45.0 0.00
322 -35.9581 -49.2583 4 26 6
2  45.0 45.0 0.00
323 -7.6867 112.1723 8 23 7
2  45.0 45.0 0.00
324 17.1145 127.3913 1 19 9
2  45.0 45.0 0.00
325 45.1217 -6.8568 4 21 6
2  45.0 45.0 0.00
326 20.1714 -117.5783 3 20 7
2  45.0 45.0 0.00
327 42.2126 -16.2629 3 22 7
2  45.0 45.0 0.00
328 21.5872 -76.6629 9 24 9
2  45.0 45.0 0.00
329 45.4712 -54.2851 5 28 8
2  45.0 45.0 0.00
330 29.8433 -124.9572 5 16 9
2  45.0 45.0 0.00
331 -3.8135 -23.8434 10 28 6
2  45.0 45.0 0.00
332 29.3826 9.4376 2 20 6
2  45.0 45.0 0.00
333 51.6622 -170.2013 7 17 5
2  45.0 45.0 0.00
334 50.1018 -63.1722 9 16 7
2  45.0 45.0 0.00
335 -13.3125 -110.4254 4 21 7
2  45.0 45.0 0.00
336 8.1057 25.3445 5 26 8
2  45.0 45.0 0.00
337 3.9643 -159.6839 5 21 8
2  45.0 45.0 0.00
338 -3.7668 13.5835 8 16 6
2  45.0 45.0 0.00
339 -34.1916 145.3433 2 20 5
2  45.0 45.0 0.00
340 42.5860 -116.9890 5 27 9
2  45.0 45.0 0.00
341 -4.5560 -162.3744 5 22 7
2  45.0 45.0 0.00
342 -24.2993 172.2793 6 20 9
2  45.0 45.0 0.00
343 -31.0800 95.2210 7 24 9
2  45.0 45.0 0.00
344 45.6803 26.0159 2 23 6
2  45.0 45.0 0.00
345 -6.8978 -98.4966 4 27 7
2  45.0 45.0 0.00
346 -3.1081 123.7407 3 19 5
2  45.0 45.0 0.00
347 -10.4476 92.8777 6 28 6
2  45.0 45.0 0.00
348 -1.2255 9.9750 10 29 5
2  45.0 45.0 0.00
349 -1.4935 -129.7120 5 17 8
2  45.0 45.0 0.00
350 -9.2289 -84.8468 10 21 9
2  45.0 45.0 0.00
351 -18.0742 38.0991 6 21 7
2  45.0 45.0 0.00
352 -28.5542 -102.0052 1 15 6
2  45.0 45.0 0.00
353 -7.7341 55.7493 2 20 6
2  45.0 45.0 0.00
354 -5.4273 124.2088 3 20 9
2  45.0 45.0 0.00
355 -10.2568 39.3364 7 23 9
2  45.0 45.0 0.00
356 -21.7048 -157.6942 9 17 7
2  45.0 45.0 0.00
357 -31.1254 -41.2217 8 20 7
2  45.0 45.0 0.00
358 31.3343 -74.1886 3 21 5
2  45.0 45.0 0.00
359 -24.1906 -12.5130 8 25 9
2  45.0 45.0 0.00
360 35.0914 99.3761 1 26 7
2  45.0 45.0 0.00
361 7.1985 135.4048 5 22 6
2  45.0 45.0 0.00
362 23.3434 -164.0956 2 23 7
2  45.0 45.0 0.00
363 -35.1221 -164.0061 8 22 7
2  45.0 45.0 0.00
364 -48.5966 -67.0621 10 28 5
2  45.0 45.0 0.00
365 -36.5829 -36.8141 5 17 5
2  45.0 45.0 0.00
366 46.4276 153.5803 4 25 9
2  45.0 45.0 0.00
367 2.0344 -80.0262 1 25 5
2  45.0 45.0 0.00
368 -17.9946 128.1032 3 15 6
2  45.0 45.0 0.00
369 26.6514 71.6880 6 27 7
2  45.0 45.0 0.00
370 -28.8999 163.3859 6 18 9
2  45.0 45.0 0.00
371 1.8375 141.5140 1 24 5
2  45.0 45.0 0.00
372 -34.9618 65.3093 4 19 9
2  45.0 45.0 0.00
373 31.1225 -49.2035 3 26 7
2  45.0 45.0 0.00
374 41.4412 -64.0159 3 21 6
2  45.0 45.0 0.00
375 -33.3159 -73.9458 6 23 8
2  45.0 45.0 0.00
376 -4.6910 13.8655 7 26 8
2  45.0 45.0 0.00
377 51.3195 81.2246 2 25 9
2  45.0 45.0 0.00
378 13.3664 53.8618 6 25 8
2  45.0 45.0 0.00
379 15.7754 8.1542 1 16 5
2  45.0 45.0 0.00
380 -11.8609 151.7835 8 19 5
2  45.0 45.0 0.00
381 42.9492 9.7736 7 29 6
2  45.0 45.0 0.00
382 -29.3896 -57.4664 9 29 6
2  45.0 45.0 0.00
383 13.9556 150.3638 9 25 8
2  45.0 45.0 0.00
384 -45.7936 51.4362 3 29 9
2  45.0 45.0 0.00
385 -27.4181 48.7452 7 24 5
2  45.0 45.0 0.00
386 17.2832 -104.8492 10 21 9
2  45.0 45.0 0.00
387 3.6172 -102.8613 3 23 9
2  45.0 45.0 0.00
388 -4.5583 99.1935 3 20 9
2  45.0 45.0 0.00
389 -22.7129 62.6035 4 19 9
2  45.0 45.0 0.00
390 24.5017 116.0878 5 19 9
2  45.0 45.0 0.00
391 25.9940 162.3286 7 19 7
2  45.0 45.0 0.00
392 -24.4036 134.5080 5 26 7
2  45.0 45.0 0.00
393 -51.5173 145.9451 2 15 5
2  45.0 45.0 0.00
394 -8.7575 -57.0254 4 26 7
2  45.0 45.0 0.00
395 -22.0006 -74.6295 8 29 8
2  45.0 45.0 0.00
396 7.1486 -64.4288 4 26 8
2  45.0 45.0 0.00
397 36.1018 142.1294 3 23 6
2  45.0 45.0 0.00
398 8.8204 140.1376 6 15 7
2  45.0 45.0 0.00
399 8.8366 -174.3267 10 28 9
2  45.0 45.0 0.00
400 -12.6856 50.5322 3 18 7
2  45.0 45.0 0.00
401 -11.7075 -150.1957 1 26 5
2  45.0 45.0 0.00
402 -5.0318 166.4061 4 24 6
2  45.0 45.0 0.00
403 47.5671 -130.4844 9 29 6
2  45.0 45.0 0.00
404 -40.3665 -50.4486 4 26 7
2  45.0 45.0 0.00
405 2.9798 -59.0566 8 18 7
2  45.0 45.0 0.00
406 -23.6710 -46.2766 2 17 6
2  45.0 45.0 0.00
407 45.2697 -142.5264 10 17 8
2  45.0 45.0 0.00
408 27.3261 -145.2431 9 21 9
2  45.0 45.0 0.00
409 12.8231 -89.8196 1 26 8
2  45.0 45.0 0.00
410 -5.7430 -173.7535 1 25 7
2  45.0 45.0 0.00
411 -50.8313 146.4553 2 24 9
2  45.0 45.0 0.00
412 -47.3187 134.0858 5 19 9
2  45.0 45.0 0.00
413 -44.4059 105.7960 1 18 6
2  45.0 45.0 0.00
414 36.5332 179.0074 10 18 6
2  45.0 45.0 0.00
415 -50.6005 155.6743 6 26 7
2  45.0 45.0 0.00
416 -23.5733 24.9339 2 23 7
2  45.0 45.0 0.00
417 -25.5103 60.8322 8 25 6
2  45.0 45.0 0.00
418 -50.8532 -16.2545 10 19 6
2  45.0 45.0 0.00
419 40.8452 117.9201 8 22 9
2  45.0 45.0 0.00
420 34.6720 179.6212 10 22 8
2  45.0 45.0 0.00
421 -5.4507 96.7532 2 19 9
2  45.0 45.0 0.00
422 -43.6688 -135.5384 2 17 8
2  45.0 45.0 0.00
423 -1.6603 -62.0069 3 26 5
2  45.0 45.0 0.00
424 -9.3176 -135.1114 9 15 6
2  45.0 45.0 0.00
425 -11.6807 77.1508 10 29 8
2  45.0 45.0 0.00
426 -32.3214 -23.3531 7 28 7
2  45.0 45.0 0.00
427 -23.4618 -147.4739 3 27 6
2  45.0 45.0 0.00
428 -0.9988 -48.7274 3 26 5
2  45.0 45.0 0.00
429 42.0553 -73.4089 9 23 5
2  45.0 45.0 0.00
430 6.1028 -161.9455 3 19 5
2  45.0 45.0 0.00
431 21.4548 163.7200 6 16 9
2  45.0 45.0 0.00
432 24.8326 103.1536 9 25 6
2  45.0 45.0 0.00
433 16.2074 -101.7526 10 24 7
2  45.0 45.0 0.00
434 -11.2374 4.3329 10 22 9
2  45.0 45.0 0.00
435 -47.9701 -39.1206 4 29 7
2  45.0 45.0 0.00
436 -43.0658 -118.3369 1 28 6
2  45.0 45.0 0.00
437 -37.6375 -134.7027 2 27 9
2  45.0 45.0 0.00
438 -18.6682 168.6658 6 15 7
2  45.0 45.0 0.00
439 21.6282 68.9156 6 22 5
2  45.0 45.0 0.00
440 19.0158 47.4020 2 16 5
2  45.0 45.0 0.00
441 -48.1730 25.6709 9 21 8
2  45.0 45.0 0.00
442 -20.0263 165.8862 6 24 8
2  45.0 45.0 0.00
443 6.6763 131.3473 8 19 5
2  45.0 45.0 0.00
444 2.8699 -45.1295 9 26 9
2  45.0 45.0 0.00
445 -7.9001 3.2031 7 29 6
2  45.0 45.0 0.00
446 -15.2619 149.6836 7 28 6
2  45.0 45.0 0.00
447 -4.0231 -151.9842 4 26 7
2  45.0 45.0 0.00
448 7.8039 75.9420 1 16 6
2  45.0 45.0 0.00
449 -14.5125 -50.0108 3 18 8
2  45.0 45.0 0.00
450 35.9537 -48.0067 10 20 6
2  45.0 45.0 0.00
451 -20.6961 135.9253 7 18 7
2  45.0 45.0 0.00
452 3.8839 31.6096 5 16 5
2  45.0 45.0 0.00
453 -11.0998 -160.2416 2 19 7
2  45.0 45.0 0.00
454 -1.5728 -152.4472 3 27 5
2  45.0 45.0 0.00
455 33.5092 -82.0034 3 20 7
2  45.0 45.0 0.00
456 -46.1747 -72.4693 3 17 6
2  45.0 45.0 0.00
457 51.8734 27.9431 8 24 8
2  45.0 45.0 0.00
458 8.9545 124.5458 1 18 9
2  45.0 45.0 0.00
459 51.4966 47.2346 6 29 5
2  45.0 45.0 0.00
460 -20.3302 -151.8231 9 26 7
2  45.0 45.0 0.00
461 27.8410 0.5732 6 19 5
2  45.0 45.0 0.00
462 -49.5506 -1.0093 9 24 6
2  45.0 45.0 0.00
463 -27.7779 -39.5504 4 26 6
2  45.0 45.0 0.00
464 33.6725 -28.8500 2 24 7
2  45.0 45.0 0.00
465 14.7554 114.5868 7 28 7
2  45.0 45.0 0.00
466 -33.3988 -75.2545 3 17 8
2  45.0 45.0 0.00
467 51.5288 14.8250 10 24 9
2  45.0 45.0 0.00
468 -1.2954 -71.3066 1 24 9
2  45.0 45.0 0.00
469 -43.7483 -108.4238 1 29 7
2  45.0 45.0 0.00
470 10.1420 140.5029 4 24 5
2  45.0 45.0 0.00
471 41.1645 -15.3439 1 20 9
2  45.0 45.0 0.00
472 47.1015 47.8919 9 26 8
2  45.0 45.0 0.00
473 25.6076 -68.4048 7 29 6
2  45.0 45.0 0.00
474 20.8569 83.1067 5 28 6
2  45.0 45.0 0.00
475 1.6683 112.3781 8 27 7
2  45.0 45.0 0.00
476 -6.3198 125.9784 6 19 6
2  45.0 45.0 0.00
477 -21.7691 54.3444 7 17 8
2  45.0 45.0 0.00
478 3.0467 -107.6935 1 26 9
2  45.0 45.0 0.00
479 37.6031 18.1608 1 27 5
2  45.0 45.0 0.00
480 29.3931 -88.2676 3 24 5
2  45.0 45.0 0.00
481 38.6717 171.7331 7 19 6
2  45.0 45.0 0.00
482 -44.9246 54.6587 6 28 6
2  45.0 45.0 0.00
483 -42.9921 -49.6336 5 22 5
2  45.0 45.0 0.00
484 -43.3938 -135.0902 4 19 6
2  45.0 45.0 0.00
485 -0.4333 160.9077 9 29 6
2  45.0 45.0 0.00
486 49.3210 170.6539 9 24 5
2  45.0 45.0 0.00
487 -33.3299 -93.7892 8 16 8
2  45.0 45.0 0.00
488 -19.3349 -59.4254 8 28 5
2  45.0 45.0 0.00
489 39.9527 -81.0896 10 22 7
2  45.0 45.0 0.00
490 -0.7825 -171.7688 10 25 8
2  45.0 45.0 0.00
491 16.1696 161.9994 2 19 6
2  45.0 45.0 0.00
492 44.2933 -172.9761 2 15 7
2  45.0 45.0 0.00
493 -42.1727 179.9871 6 26 7
2  45.0 45.0 0.00
494 37.6236 -80.5832 3 28 6
2  45.0 45.0 0.00
495 27.1037 -94.2941 1 18 6
2  45.0 45.0 0.00
496 -29.5569 -13.3993 1 21 6
2  45.0 45.0 0.00
497 46.8974 -92.3667 4 27 9
2  45.0 45.0 0.00
498 -28.0297 159.5710 2 26 7
2  45.0 45.0 0.00
499 -21.4031 -82.8154 9 21 7
2  45.0 45.0 0.00
500 39.9565 0.5415 9 29 6
2  45.0 45.0 0.00
501 -30.0552 -138.3744 2 21 8
2  45.0 45.0 0.00
502 -9.0660 85.0281 5 29 6
2  45.0 45.0 0.00
503 -4.7613 31.0105 9 26 5
2  45.0 45.0 0.00
504 38.0242 -131.4896 7 26 6
2  45.0 45.0 0.00
505 43.6388 -3.1895 1 20 7
2  45.0 45.0 0.00
506 -1.5118 108.4637 8 25 7
2  45.0 45.0 0.00
507 23.2836 -7.2414 2 17 5
2  45.0 45.0 0.00
508 34.6409 116.3103 2 16 7
2  45.0 45.0 0.00
509 -0.0658 177.7719 8 22 8
2  45.0 45.0 0.00
510 22.4660 -8.0877 5 20 9
2  45.0 45.0 0.00
511 25.6729 75.7293 1 24 6
2  45.0 45.0 0.00
512 23.8839 79.5932 3 29 9
2  45.0 45.0 0.00
513 11.9975 -169.0251 10 22 5
2  45.0 45.0 0.00
514 50.3709 -24.8677 2 24 9
2  45.0 45.0 0.00
515 -49.2228 -177.5675 9 18 8
2  45.0 45.0 0.00
516 44.2948 -179.9964 6 26 5
2  45.0 45.0 0.00
517 -52.1304 -14.9941 1 27 7
2  45.0 45.0 0.00
518 -52.0144 126.8705 4 28 9
2  45.0 45.0 0.00
519 -41.7948 120.1088 5 17 8
2  45.0 45.0 0.00
520 -3.2973 9.2984 2 19 7
2  45.0 45.0 0.00
521 -23.2118 120.2734 5 20 5
2  45.0 45.0 0.00
522 24.9567 -4.9462 10 15 8
2  45.0 45.0 0.00
523 23.8828 163.0014 3 29 9
2  45.0 45.0 0.00
524 -36.5876 -110.7302 10 29 8
2  45.0 45.0 0.00
525 -39.9854 15.6330 2 25 7
2  45.0 45.0 0.00
526 -31.5881 131.2671 8 23 7
2  45.0 45.0 0.00
527 -11.4430 62.1535 1 19 7
2  45.0 45.0 0.00
528 -34.5442 -154.9194 8 26 7
2  45.0 45.0 0.00
529 2.4419 125.6351 7 16 8
2  45.0 45.0 0.00
530 -36.7897 126.2824 7 17 8
2  45.0 45.0 0.00
531 -23.6934 11.7739 10 23 6
2  45.0 45.0 0.00
532 25.1852 -134.0092 4 27 6
2  45.0 45.0 0.00
533 39.3058 143.9607 8 22 8
2  45.0 45.0 0.00
534 -47.4179 51.7939 10 21 5
2  45.0 45.0 0.00
535 -43.9724 -33.0084 8 22 5
2  45.0 45.0 0.00
536 -23.9780 -31.4668 7 15 9
2  45.0 45.0 0.00
537 -15.7713 60.8281 6 28 7
2  45.0 45.0 0.00
538 38.0902 -136.3915 8 15 6
2  45.0 45.0 0.00
539 -48.0859 -100.4489 1 21 8
2  45.0 45.0 0.00
540 13.0535 -53.5028 8 21 8
2  45.0 45.0 0.00
541 0.9599 -26.8444 7 15 9
2  45.0 45.0 0.00
542 39.0258 -164.3495 9 21 8
2  45.0 45.0 0.00
543 -18.5496 -156.7772 1 29 8
2  45.0 45.0 0.00
544 -31.6047 -169.1509 5 29 9
2  45.0 45.0 0.00
545 45.7418 49.2615 1 17 5
2  45.0 45.0 0.00
546 38.6042 169.2743 8 26 6
2  45.0 45.0 0.00
547 44.7756 178.6552 1 19 6
2  45.0 45.0 0.00
548 45.1329 58.0967 1 28 8
2  45.0 45.0 0.00
549 33.4820 69.4756 9 20 5
2  45.0 45.0 0.00
550 51.0762 -99.6080 7 24 6
2  45.0 45.0 0.00
551 9.8590 -37.3580 6 22 8
2  45.0 45.0 0.00
552 39.4551 -96.7466 8 27 6
2  45.0 45.0 0.00
553 42.1839 -75.9004 1 16 8
2  45.0 45.0 0.00
554 -18.1536 87.2646 2 26 8
2  45.0 45.0 0.00
555 4.2891 -133.2018 5 19 5
2  45.0 45.0 0.00
556 -27.7149 -73.0115 3 15 7
2  45.0 45.0 0.00
557 14.9332 -63.6944 8 21 8
2  45.0 45.0 0.00
558 2.7755 10.3529 5 24 7
2  45.0 45.0 0.00
559 20.6194 115.5888 2 24 8
2  45.0 45.0 0.00
560 2.8304 38.3532 10 25 5
2  45.0 45.0 0.00
561 -27.6183 -21.4642 4 28 9
2  45.0 45.0 0.00
562 -3.9204 -142.0857 1 21 7
2  45.0 45.0 0.00
563 7.9529 -102.3338 5 20 7
2  45.0 45.0 0.00
564 7.9383 126.7300 4 19 6
2  45.0 45.0 0.00
565 31.7980 -137.2259 7 19 7
2  45.0 45.0 0.00
566 23.2546 -0.4234 8 24 5
2  45.0 45.0 0.00
567 13.9922 40.8918 8 29 5
2  45.0 45.0 0.00
568 -31.7468 -28.4667 5 24 8
2  45.0 45.0 0.00
569 -8.3882 -139.4790 10 17 5
2  45.0 45.0 0.00
570 -2.2490 -17.1786 6 16 6
2  45.0 45.0 0.00
571 18.5155 -78.4968 5 21 7
2  45.0 45.0 0.00
572 -40.2129 -119.7354 6 19 5
2  45.0 45.0 0.00
573 49.2042 -12.7325 4 20 8
2  45.0 45.0 0.00
574 48.9125 -90.4477 9 18 5
2  45.0 45.0 0.00
575 -36.6798 -93.5681 2 24 6
2  45.0 45.0 0.00
576 19.8668 168.1219 2 18 9
2  45.0 45.0 0.00
577 -24.6872 -29.5808 4 20 8
2  45.0 45.0 0.00
578 -15.8949 -119.6281 1 22 7
2  45.0 45.0 0.00
579 -49.4914 -147.5966 4 23 7
2  45.0 45.0 0.00
580 48.3608 89.3197 10 20 6
2  45.0 45.0 0.00
581 -28.6172 -112.3421 7 15 5
2  45.0 45.0 0.00
582 -6.9339 64.7540 3 17 6
2  45.0 45.0 0.00
583 -36.7155 157.7344 9 20 8
2  45.0 45.0 0.00
584 4.9141 -143.6286 1 26 8
2  45.0 45.0 0.00
585 31.1364 81.4965 5 25 8
2  45.0 45.0 0.00
586 -46.2208 56.1238 2 17 6
2  45.0 45.0 0.00
587 46.5671 31.2914 3 15 6
2  45.0 45.0 0.00
588 -44.6087 -33.2371 1 18 6
2  45.0 45.0 0.00
589 18.0387 -178.4858 6 18 8
2  45.0 45.0 0.00
590 -42.9354 83.3722 3 28 6
2  45.0 45.0 0.00
591 37.6515 -176.1301 5 24 8
2  45.0 45.0 0.00
592 0.3866 -14.0451 9 19 9
2  45.0 45.0 0.00
593 29.5408 -7.0881 3 28 5
2  45.0 45.0 0.00
594 7.0709 150.6219 10 15 8
2  45.0 45.0 0.00
595 -38.2994 123.0766 10 20 5
2  45.0 45.0 0.00
596 30.6905 -12.4050 9 16 7
2  45.0 45.0 0.00
597 -17.7693 101.0862 1 27 9
2  45.0 45.0 0.00
598 45.4277 163.1486 4 19 7
2  45.0 45.0 0.00
599 12.5268 -140.5277 6 19 5
2  45.0 45.0 0.00
